0.0 0.001 0.0 3.379 262.518 
0.014 0.006 0.019 162.885 2.448 
0.0 0.0 0.07 139.617 0.597 
0.0 0.017 0.059 154.162 0.443 
34.803 3.658 277.321 1.241 11.237 
0.005 0.0 0.567 2.597 255.158 
16.111 138.971 1.486 38.857 6.858 
0.001 0.0 0.0 4.498 349.444 
0.406 10.051 17.843 0.034 269.616 
211.086 0.053 12.309 53.512 9.471 
117.589 94.753 12.379 53.817 0.999 
20.256 58.039 27.302 4.922 10.031 
121.699 0.391 125.631 0.974 27.362 
0.406 10.051 17.843 0.034 269.616 
0.85 20.299 191.11 12.923 8.653 
0.001 0.0 0.0 4.498 349.444 
0.005 0.0 0.007 48.414 125.992 
0.014 0.033 2.817 16.741 58.324 
211.086 0.053 12.309 53.512 9.471 
157.892 0.196 51.876 97.214 9.382 
175.1 0.563 10.241 46.137 7.935 
157.892 0.196 51.876 97.214 9.382 
128.696 47.854 6.914 13.693 6.742 
0.661 0.453 196.819 56.949 1.593 
5.153 0.001 235.636 22.615 9.243 
99.933 0.025 102.857 50.334 24.785 
128.696 47.854 6.914 13.693 6.742 
2.929 0.009 58.335 110.957 15.633 
81.265 108.837 1.821 24.459 2.336 
33.806 34.07 115.81 0.722 3.862 
0.0 0.0 0.03 129.723 4.986 
34.803 3.658 277.321 1.241 11.237 
97.081 11.342 60.017 80.392 2.687 
4.424 1.042 249.887 23.982 9.802 
2.929 0.009 58.335 110.957 15.633 
63.182 26.564 87.599 0.697 2.676 
117.589 94.753 12.379 53.817 0.999 
7.621 5.929 6.572 0.079 192.223 
8.288 101.751 6.415 90.457 7.076 
9.875 137.655 0.869 18.912 54.334 
8.528 104.696 39.482 27.552 5.798 
175.1 0.563 10.241 46.137 7.935 
0.233 0.001 0.284 2.348 157.914 
54.126 17.141 73.334 6.676 20.201 
0.937 110.464 63.372 41.855 0.777 
83.921 0.016 240.542 1.275 5.032 
33.806 34.07 115.81 0.722 3.862 
0.0 0.0 0.07 139.617 0.597 
7.621 5.929 6.572 0.079 192.223 
63.182 26.564 87.599 0.697 2.676 
9.501 132.187 8.26 32.322 5.68 
38.867 50.332 78.555 1.485 3.544 
54.126 17.141 73.334 6.676 20.201 
20.256 58.039 27.302 4.922 10.031 
0.001 0.0 0.001 2.815 218.78 
0.833 19.887 50.2 83.156 0.812 
0.147 5.004 102.261 25.642 31.013 
9.724 119.381 7.527 17.413 5.268 
22.872 125.362 8.642 37.569 0.698 
0.005 0.0 0.007 48.414 125.992 
5.52 7.149 11.158 0.211 228.734 
6.463 24.001 34.96 8.338 12.951 
29.166 0.036 119.044 68.638 2.691 
0.0 0.0 3.212 3.788 34.842 
6.463 24.001 34.96 8.338 12.951 
0.475 1.763 89.387 11.677 33.547 
29.745 0.605 59.271 74.372 5.755 
13.118 2.904 9.3 0.1 241.904 
0.0 0.0 0.03 129.723 4.986 
8.288 101.751 6.415 90.457 7.076 
0.007 0.0 0.469 2.16 145.258 
44.07 5.149 27.245 36.494 19.833 
13.118 2.904 9.3 0.1 241.904 
9.724 119.381 7.527 17.413 5.268 
22.872 125.362 8.642 37.569 0.698 
0.833 19.887 50.2 83.156 0.812 
0.0 0.017 0.059 154.162 0.443 
0.014 0.006 0.019 162.885 2.448 
4.424 1.042 249.887 23.982 9.802 
121.699 0.391 125.631 0.974 27.362 
0.021 0.016 0.002 67.222 17.797 
0.014 0.0 0.0 60.023 156.203 
9.501 132.187 8.26 32.322 5.68 
97.081 11.342 60.017 80.392 2.687 
0.014 0.0 0.0 60.023 156.203 
2.467 21.279 68.052 43.813 1.464 
9.875 137.655 0.869 18.912 54.334 
42.834 29.122 77.745 33.649 5.6 
6.057 12.256 8.883 0.107 259.801 
47.724 9.799 0.76 14.465 6.603 
2.467 21.279 68.052 43.813 1.464 
47.724 9.799 0.76 14.465 6.603 
38.867 50.332 78.555 1.485 3.544 
0.937 110.464 63.372 41.855 0.777 
29.745 0.605 59.271 74.372 5.755 
0.661 0.453 196.819 56.949 1.593 
21.928 103.731 71.484 47.212 0.877 
99.933 0.025 102.857 50.334 24.785 
0.475 1.763 89.387 11.677 33.547 
25.696 2.575 53.759 68.073 5.267 
