0.012 0.002 0.424 0.028 0.426 2.224 1.084 37.687 5.62 14.372 46.682 26.711 37.739 69.273 19.639 
0.0 0.0 0.001 0.001 0.005 0.005 0.002 0.017 0.006 0.072 0.046 0.158 0.05 2.637 255.308 
0.0 0.0 0.0 0.0 0.0 0.0 0.0 0.0 0.0 0.0 0.002 0.0 0.204 0.234 382.347 
0.0 0.0 0.0 0.0 0.0 0.0 0.0 0.003 0.049 1.736 119.215 151.68 26.836 35.757 51.246 
0.03 0.01 0.068 0.193 0.031 0.297 0.059 0.131 94.726 140.744 22.012 68.127 45.098 31.611 1.825 
0.0 0.0 0.0 0.0 0.0 0.0 0.0 0.0 0.0 0.0 0.005 0.0 0.432 0.115 478.311 
0.352 0.14 15.051 1.008 6.77 0.308 8.221 6.057 19.716 17.432 56.622 32.398 8.938 69.273 19.639 
0.498 0.172 0.754 2.531 8.548 26.494 3.672 4.462 13.026 3.097 3.832 17.694 21.543 164.647 3.049 
0.0 0.0 0.0 0.0 0.001 0.007 0.045 0.031 0.016 0.978 0.003 6.751 233.08 63.171 44.245 
2.487 0.935 5.795 4.177 0.172 5.324 1.779 0.377 1.425 21.928 67.294 62.4 23.828 32.323 77.666 
0.0 0.0 0.0 0.0 0.0 0.0 0.0 0.0 0.036 0.061 1.092 5.759 133.374 10.731 129.264 
0.0 0.0 0.0 0.02 1.047 1.77 4.733 22.193 34.658 35.231 6.006 168.78 87.454 5.269 81.613 
0.098 0.034 0.056 0.333 1.124 7.242 2.092 3.109 10.485 38.05 4.917 17.814 27.199 174.292 0.035 
0.905 1.639 1.089 4.49 8.695 3.829 1.944 2.481 38.948 99.13 2.006 21.206 51.992 28.051 59.587 
0.0 0.0 0.0 0.0 0.0 0.0 0.0 0.0 0.0 0.0 0.001 0.0 0.213 0.244 397.545 
0.0 0.0 0.0 0.0 0.0 0.0 0.0 0.001 0.001 0.004 0.0 0.001 25.083 182.499 133.623 
0.073 0.036 3.336 0.005 15.27 6.723 30.416 7.05 1.093 19.362 59.501 19.332 108.043 20.666 56.847 
0.005 0.025 0.049 9.194 3.421 0.941 0.8 8.413 0.421 36.03 1.475 0.584 31.086 17.089 163.355 
0.469 0.021 14.981 0.893 17.006 11.984 13.368 4.817 1.104 19.556 60.096 19.525 175.439 25.944 39.412 
0.003 0.004 0.017 0.001 0.029 0.285 1.737 0.719 0.096 28.098 11.904 267.883 28.546 53.178 11.685 
0.0 0.0 0.0 0.0 0.0 0.0 0.0 0.0 0.0 0.0 0.003 0.0 0.255 0.293 478.311 
0.0 0.0 0.0 0.0 0.0 0.0 0.0 0.0 0.0 0.001 0.006 0.001 26.072 232.435 166.403 
0.008 0.003 0.011 0.008 0.457 2.143 1.311 0.77 1.402 8.458 163.672 61.421 19.101 104.2 34.616 
2.487 0.935 5.795 4.177 0.172 5.324 1.779 0.377 1.425 21.928 67.294 62.4 23.828 32.323 77.666 
0.073 0.036 3.336 0.005 15.27 6.723 30.416 7.05 1.093 19.362 59.501 19.332 108.043 20.666 56.847 
0.498 0.172 0.754 2.531 8.548 26.494 3.672 4.462 13.026 3.097 3.832 17.694 21.543 164.647 3.049 
0.905 1.639 1.089 4.49 8.695 3.829 1.944 2.481 38.948 99.13 2.006 21.206 51.992 28.051 59.587 
0.101 0.017 3.6 0.241 1.619 13.903 6.778 4.994 16.255 14.372 46.682 26.711 37.739 69.273 19.639 
0.031 0.005 0.284 0.05 0.35 0.258 15.793 1.754 25.891 11.069 3.361 18.308 133.945 16.143 2.797 
0.747 0.258 0.818 3.238 10.936 3.55 10.605 31.065 21.255 1.84 5.107 23.584 1.836 81.857 76.538 
0.335 0.055 11.907 0.71 13.517 9.525 10.625 3.829 0.878 11.55 44.915 14.593 212.559 25.618 38.917 
0.469 0.021 14.981 0.893 17.006 11.984 13.368 4.817 1.104 19.556 60.096 19.525 175.439 25.944 39.412 
0.144 0.058 6.172 0.002 2.608 0.119 3.167 2.333 7.595 6.715 21.813 12.481 109.731 69.347 19.639 
0.001 0.023 0.042 0.119 0.019 0.182 0.033 0.079 57.61 89.976 121.109 70.999 16.413 30.342 1.752 
0.335 0.055 11.907 0.71 13.517 9.525 10.625 3.829 0.878 11.55 44.915 14.593 212.559 25.618 38.917 
1.646 0.619 3.835 2.764 2.975 4.646 1.552 0.329 1.243 19.137 57.176 53.59 20.463 27.76 66.7 
0.0 0.0 0.0 0.02 1.047 1.77 4.733 22.193 34.658 35.231 6.006 168.78 87.454 5.269 81.613 
1.852 0.035 0.216 0.531 4.654 2.203 6.174 9.129 13.631 46.275 0.082 156.703 9.469 65.804 9.43 
0.23 0.1 10.102 0.015 10.858 7.652 8.535 4.732 0.734 12.996 39.937 12.975 188.997 22.778 62.657 
0.008 0.003 0.011 0.008 0.457 2.143 1.311 0.77 1.402 8.458 163.672 61.421 19.101 104.2 34.616 
0.256 0.042 9.095 0.014 9.776 6.889 7.684 2.769 0.635 11.241 34.545 11.223 163.48 19.703 54.198 
0.215 0.035 3.978 0.678 10.601 5.569 7.333 29.604 0.199 14.507 1.809 5.762 139.387 16.799 2.91 
1.421 0.491 2.33 5.242 10.153 4.471 2.27 2.897 4.282 3.743 98.097 17.385 42.624 31.913 24.532 
0.001 0.023 0.042 0.119 0.019 0.182 0.033 0.079 57.61 89.976 121.109 70.999 16.413 30.342 1.752 
1.421 0.491 2.33 5.242 10.153 4.471 2.27 2.897 4.282 3.743 98.097 17.385 42.624 31.913 24.532 
0.002 0.001 0.024 6.378 0.407 3.265 5.091 11.105 23.21 53.247 1.773 36.011 67.779 15.624 115.856 
0.005 0.025 0.049 9.194 3.421 0.941 0.8 8.413 0.421 36.03 1.475 0.584 31.086 17.089 163.355 
1.382 0.477 0.796 4.717 15.929 5.17 0.344 29.688 20.313 1.758 4.881 22.539 1.755 78.23 73.146 
0.003 0.004 0.017 0.001 0.029 0.285 1.737 0.719 0.096 28.098 11.904 267.883 28.546 53.178 11.685 
0.0 0.008 0.009 0.017 0.261 0.221 0.257 1.603 0.707 1.842 14.237 213.131 10.261 67.322 33.441 
0.466 0.161 0.269 2.185 6.657 3.497 1.246 1.514 5.554 32.567 3.278 15.138 20.235 143.653 0.476 
0.031 0.01 0.067 0.268 0.076 0.958 0.133 0.899 73.33 111.615 4.662 1.845 98.234 104.659 51.53 
1.526 0.573 3.554 2.562 0.105 3.265 1.091 0.232 0.874 13.45 79.323 59.531 22.732 30.837 74.094 
0.747 0.258 0.818 3.238 10.936 3.55 10.605 31.065 21.255 1.84 5.107 23.584 1.836 81.857 76.538 
0.23 0.1 10.102 0.015 10.858 7.652 8.535 4.732 0.734 12.996 39.937 12.975 188.997 22.778 62.657 
0.024 0.0 0.04 7.481 1.534 4.556 0.8 8.413 0.421 36.03 1.475 0.584 31.086 17.089 163.355 
0.716 0.044 0.08 1.491 5.035 0.201 0.712 8.53 5.836 10.063 1.981 9.149 17.766 24.335 115.618 
0.256 0.042 9.095 0.014 9.776 6.889 7.684 2.769 0.635 11.241 34.545 11.223 163.48 19.703 54.198 
0.03 0.01 0.068 0.193 0.031 0.297 0.059 0.131 94.726 140.744 22.012 68.127 45.098 31.611 1.825 
1.646 0.619 3.835 2.764 2.975 4.646 1.552 0.329 1.243 19.137 57.176 53.59 20.463 27.76 66.7 
1.382 0.477 0.796 4.717 15.929 5.17 0.344 29.688 20.313 1.758 4.881 22.539 1.755 78.23 73.146 
0.0 0.0 0.0 0.031 0.004 0.293 0.028 0.208 39.189 61.554 48.223 1.436 76.485 21.219 212.799 
1.134 0.185 0.565 2.329 4.51 1.986 7.571 2.008 2.968 36.011 4.653 8.207 20.122 142.853 25.372 
0.008 0.003 0.018 0.051 0.008 0.079 0.457 0.119 85.978 127.746 12.926 59.975 84.158 31.611 1.825 
0.012 0.002 0.424 0.028 0.426 2.224 1.084 37.687 5.62 14.372 46.682 26.711 37.739 69.273 19.639 
0.039 0.012 0.083 0.334 0.095 1.195 0.151 0.21 63.698 102.361 4.184 1.656 88.165 93.931 46.249 
0.093 0.015 3.304 0.008 3.554 2.504 2.793 2.576 0.258 4.569 14.042 84.284 204.854 24.689 37.506 
1.852 0.035 0.216 0.531 4.654 2.203 6.174 9.129 13.631 46.275 0.082 156.703 9.469 65.804 9.43 
0.002 0.026 0.047 0.132 0.021 0.202 0.04 0.228 80.598 125.88 3.427 55.546 84.812 29.862 1.724 
0.031 0.01 0.067 0.268 0.076 0.958 0.133 0.899 73.33 111.615 4.662 1.845 98.234 104.659 51.53 
0.002 0.001 0.024 6.415 0.409 3.284 5.121 11.169 5.484 34.336 20.398 29.857 56.195 51.223 115.856 
0.041 0.029 0.088 0.081 0.422 3.524 0.043 2.464 1.764 15.372 98.951 189.127 12.23 84.994 12.18 
1.013 0.35 0.583 2.405 4.658 2.052 1.042 7.053 2.802 29.681 4.054 7.151 17.533 124.47 20.88 
0.606 0.42 1.282 0.427 4.833 7.303 0.154 12.04 7.134 62.18 5.838 157.455 10.182 55.63 9.69 
0.0 0.0 0.0 0.114 0.013 0.008 0.28 0.242 45.697 68.282 2.852 1.129 27.229 26.96 147.879 
1.134 0.185 0.565 2.329 4.51 1.986 7.571 2.008 2.968 36.011 4.653 8.207 20.122 142.853 25.372 
0.005 0.0 0.016 0.009 0.001 0.499 9.15 13.883 12.954 43.977 1.561 57.123 31.32 193.933 10.85 
0.0 0.002 0.004 0.35 0.072 2.283 0.009 2.242 47.537 54.122 76.129 1.755 93.478 51.387 30.498 
0.352 0.14 15.051 1.008 6.77 0.308 8.221 6.057 19.716 17.432 56.622 32.398 8.938 69.273 19.639 
0.417 0.008 1.326 0.442 3.877 1.835 5.143 7.604 11.354 38.546 1.369 132.933 46.1 65.804 9.43 
0.026 0.004 4.318 0.282 1.894 0.086 2.3 16.605 0.65 7.916 25.711 29.329 154.719 18.647 72.414 
0.0 0.0 0.0 0.0 0.0 0.0 0.0 0.0 0.0 0.0 0.001 0.0 0.213 0.244 397.545 
0.716 0.044 0.08 1.491 5.035 0.201 0.712 8.53 5.836 10.063 1.981 9.149 17.766 24.335 115.618 
1.526 0.573 3.554 2.562 0.105 3.265 1.091 0.232 0.874 13.45 79.323 59.531 22.732 30.837 74.094 
0.06 0.01 2.149 0.073 0.51 10.366 0.782 3.951 2.567 0.675 0.667 2.183 41.653 225.939 3.715 
0.402 0.068 0.143 0.314 1.64 13.702 0.108 9.544 6.833 59.554 5.592 150.806 9.752 67.772 9.712 
0.072 0.05 0.38 0.189 1.22 10.197 0.081 7.103 5.085 44.323 1.333 107.88 35.33 55.916 8.013 
0.0 0.0 0.016 3.301 0.738 2.035 0.358 0.456 10.059 26.266 1.075 0.161 22.528 12.384 67.927 
1.013 0.35 0.583 2.405 4.658 2.052 1.042 7.053 2.802 29.681 4.054 7.151 17.533 124.47 20.88 
0.606 0.42 1.282 0.427 4.833 7.303 0.154 12.04 7.134 62.18 5.838 157.455 10.182 55.63 9.69 
0.06 0.021 2.503 0.403 0.664 4.763 0.5 2.525 3.404 1.107 1.681 64.528 142.634 49.544 29.606 
0.076 0.012 1.412 0.241 3.763 9.129 5.092 20.555 0.138 10.073 24.035 5.762 139.387 16.799 2.91 
0.06 0.01 2.149 0.073 0.51 10.366 0.782 3.951 2.567 0.675 0.667 2.183 41.653 225.939 3.715 
0.039 0.012 0.083 0.334 0.095 1.195 0.151 0.21 63.698 102.361 4.184 1.656 88.165 93.931 46.249 
0.0 0.0 0.0 0.162 0.676 1.391 3.721 7.453 15.609 8.777 30.237 108.67 24.412 7.26 46.317 
0.002 0.003 0.011 0.001 0.012 0.144 0.88 0.613 0.321 19.297 8.176 183.973 19.604 159.466 11.685 
0.024 0.0 0.04 7.481 1.534 4.556 0.8 8.413 0.421 36.03 1.475 0.584 31.086 17.089 163.355 
0.026 0.004 4.318 0.282 1.894 0.086 2.3 16.605 0.65 7.916 25.711 29.329 154.719 18.647 72.414 
0.024 0.004 0.22 0.039 0.271 0.2 12.247 18.8 0.109 7.954 18.978 18.308 133.945 16.143 2.797 
0.076 0.012 1.412 0.241 3.763 9.129 5.092 20.555 0.138 10.073 24.035 5.762 139.387 16.799 2.91 
