0.603 2.586 215.441 0.374 34.34 
18.807 45.475 15.351 7.479 3.52 
0.041 0.0 0.444 188.283 0.933 
0.261 0.157 123.669 1.989 0.733 
0.033 0.176 0.006 83.728 0.415 
0.0 0.0 0.004 0.003 140.967 
90.06 58.172 4.535 7.472 0.792 
8.877 40.976 7.6 5.396 16.616 
0.095 0.001 0.028 48.349 1.658 
20.925 4.028 0.005 20.884 12.129 
0.001 0.0 0.0 0.0 217.289 
0.007 0.041 10.649 66.621 0.068 
0.169 0.021 42.278 9.951 43.238 
0.46 17.945 9.852 7.013 32.896 
0.388 0.001 86.819 30.014 20.824 
52.952 0.17 10.344 2.311 17.39 
0.291 0.003 84.562 3.913 1.739 
1.002 8.108 33.056 10.465 16.432 
69.938 0.225 0.015 103.809 0.055 
0.0 0.001 0.0 0.001 63.426 
9.943 9.268 3.741 1.76 12.232 
0.151 0.098 55.509 13.066 2.781 
0.023 0.0 66.095 55.324 7.639 
0.0 0.0 0.0 0.008 176.438 
21.983 101.468 18.821 17.968 0.792 
15.525 23.413 1.191 3.769 11.606 
6.958 15.165 0.005 18.516 18.746 
0.001 0.002 0.739 288.207 0.254 
48.219 34.262 0.3 17.256 0.088 
0.608 0.46 238.322 0.608 1.878 
0.0 0.0 0.0 0.018 385.936 
2.485 0.478 81.29 3.885 15.676 
0.314 49.144 0.181 0.278 0.979 
44.145 0.407 8.527 13.173 4.121 
0.603 2.586 215.441 0.374 34.34 
0.004 0.028 7.212 45.121 26.565 
18.807 45.475 15.351 7.479 3.52 
0.041 0.0 0.444 188.283 0.933 
0.261 0.157 123.669 1.989 0.733 
7.821 10.072 0.004 26.474 0.015 
0.033 0.176 0.006 83.728 0.415 
0.001 0.001 0.314 122.361 4.957 
0.0 0.0 0.004 0.003 140.967 
90.06 58.172 4.535 7.472 0.792 
8.877 40.976 7.6 5.396 16.616 
0.095 0.001 0.028 48.349 1.658 
0.0 0.0 0.0 0.019 100.684 
20.925 4.028 0.005 20.884 12.129 
0.001 0.0 0.0 0.0 217.289 
0.001 0.043 0.001 164.361 0.144 
0.007 0.041 10.649 66.621 0.068 
0.169 0.021 42.278 9.951 43.238 
0.0 0.0 0.0 0.013 274.666 
64.396 38.695 0.003 28.808 0.652 
3.887 8.858 9.243 1.492 24.106 
0.46 17.945 9.852 7.013 32.896 
9.982 0.032 0.002 110.901 0.106 
0.388 0.001 86.819 30.014 20.824 
52.952 0.17 10.344 2.311 17.39 
0.331 0.214 2.612 19.656 0.02 
40.283 0.371 7.78 12.02 10.752 
0.291 0.003 84.562 3.913 1.739 
0.278 0.001 62.354 14.677 45.895 
0.002 0.001 0.0 0.0 120.455 
3.017 6.874 0.036 4.778 26.277 
1.002 8.108 33.056 10.465 16.432 
69.938 0.225 0.015 103.809 0.055 
0.0 0.001 0.0 0.001 63.426 
0.4 0.004 0.012 161.672 0.801 
9.943 9.268 3.741 1.76 12.232 
0.151 0.098 55.509 13.066 2.781 
0.023 0.0 66.095 55.324 7.639 
0.455 0.273 162.517 1.965 11.602 
0.0 0.0 0.002 0.003 107.999 
0.0 0.0 0.0 0.008 176.438 
1.482 61.629 0.23 0.16 1.245 
1.655 0.301 1.418 18.899 25.549 
21.983 101.468 18.821 17.968 0.792 
15.525 23.413 1.191 3.769 11.606 
0.621 0.002 2.988 22.489 0.023 
0.0 0.0 0.001 0.146 94.06 
6.958 15.165 0.005 18.516 18.746 
0.001 0.002 0.739 288.207 0.254 
0.005 0.0 0.0 0.0 276.449 
0.001 0.03 0.001 116.601 3.988 
48.219 34.262 0.3 17.256 0.088 
0.02 0.013 7.212 45.121 26.565 
0.127 0.17 66.259 15.596 48.77 
0.0 0.0 0.0 0.012 266.538 
64.396 38.695 0.003 28.808 0.652 
0.608 0.46 238.322 0.608 1.878 
4.22 4.416 6.263 0.083 32.605 
0.613 1.398 0.007 28.894 35.46 
37.272 0.12 6.966 4.166 12.829 
0.0 0.0 0.0 0.018 385.936 
0.843 0.786 0.118 21.646 20.266 
2.485 0.478 81.29 3.885 15.676 
0.175 0.121 0.009 118.443 0.587 
0.455 0.273 162.517 1.965 11.602 
0.796 0.742 0.3 22.78 21.327 
