36.446 163.653 0.638 17.733 34.328 
1.506 4.857 81.529 10.985 21.244 
0.277 0.375 8.021 258.808 15.847 
0.228 14.459 9.004 12.163 32.292 
12.012 27.49 0.117 183.879 0.315 
48.185 20.723 26.899 6.947 16.145 
6.664 1.486 143.589 10.504 34.859 
11.315 46.741 0.729 1.286 34.74 
4.097 9.421 131.931 13.358 0.224 
0.157 0.062 0.008 5.885 81.397 
0.168 0.207 4.801 207.793 45.758 
0.343 8.281 2.814 226.085 20.286 
2.049 4.688 60.194 95.557 0.229 
3.243 1.739 24.449 32.36 13.873 
1.166 7.439 105.985 94.803 1.146 
0.329 0.446 1.304 62.058 31.179 
11.294 1.226 4.175 54.938 17.946 
96.168 2.806 12.145 24.777 29.685 
65.466 11.029 4.71 35.218 36.061 
25.559 0.966 0.034 49.542 26.157 
0.001 0.002 0.002 0.03 94.179 
0.899 0.02 14.683 51.721 12.707 
1.009 0.124 0.088 254.797 6.436 
0.005 0.009 0.486 0.003 174.212 
2.705 0.768 0.255 82.112 9.759 
1.384 5.716 44.913 1.138 47.869 
7.241 94.598 4.51 58.5 28.425 
0.8 10.929 30.626 259.522 0.426 
0.462 0.001 5.694 183.726 11.249 
0.144 10.593 58.161 20.125 30.468 
1.321 3.022 32.153 169.381 0.291 
6.038 2.597 152.133 11.657 27.093 
60.586 13.511 28.925 7.132 23.668 
0.0 0.001 0.01 21.097 151.221 
37.28 15.314 0.661 1.165 49.013 
34.254 78.771 79.433 17.675 0.297 
0.021 0.026 5.684 230.05 50.659 
0.332 7.231 2.468 198.289 24.119 
1.246 0.433 4.957 224.389 0.326 
0.073 0.463 6.593 212.736 13.026 
12.394 0.362 127.805 41.058 6.099 
13.349 30.696 0.056 82.264 43.433 
7.328 124.963 4.843 24.96 25.47 
0.001 0.005 0.602 0.004 212.084 
57.712 132.714 2.393 17.708 0.297 
13.538 44.999 2.592 33.626 16.339 
36.446 163.653 0.638 17.733 34.328 
0.299 11.403 57.423 28.964 22.023 
1.506 4.857 81.529 10.985 21.244 
0.277 0.375 8.021 258.808 15.847 
0.228 14.459 9.004 12.163 32.292 
12.012 27.49 0.117 183.879 0.315 
0.034 0.029 0.465 3.148 48.962 
48.185 20.723 26.899 6.947 16.145 
6.664 1.486 143.589 10.504 34.859 
11.315 46.741 0.729 1.286 34.74 
4.097 9.421 131.931 13.358 0.224 
0.157 0.062 0.008 5.885 81.397 
0.168 0.207 4.801 207.793 45.758 
0.343 8.281 2.814 226.085 20.286 
2.049 4.688 60.194 95.557 0.229 
3.243 1.739 24.449 32.36 13.873 
1.166 7.439 105.985 94.803 1.146 
0.329 0.446 1.304 62.058 31.179 
11.294 1.226 4.175 54.938 17.946 
96.168 2.806 12.145 24.777 29.685 
65.466 11.029 4.71 35.218 36.061 
25.559 0.966 0.034 49.542 26.157 
0.001 0.002 0.002 0.03 94.179 
0.899 0.02 14.683 51.721 12.707 
1.009 0.124 0.088 254.797 6.436 
0.005 0.009 0.486 0.003 174.212 
2.705 0.768 0.255 82.112 9.759 
1.384 5.716 44.913 1.138 47.869 
0.035 0.226 3.349 144.957 31.921 
7.241 94.598 4.51 58.5 28.425 
0.291 11.072 55.76 34.353 22.783 
0.8 10.929 30.626 259.522 0.426 
0.462 0.001 5.694 183.726 11.249 
0.144 10.593 58.161 20.125 30.468 
1.321 3.022 32.153 169.381 0.291 
0.161 0.14 0.124 3.155 47.677 
6.038 2.597 152.133 11.657 27.093 
60.586 13.511 28.925 7.132 23.668 
0.0 0.001 0.01 21.097 151.221 
37.28 15.314 0.661 1.165 49.013 
34.254 78.771 79.433 17.675 0.297 
0.021 0.026 5.684 230.05 50.659 
0.332 7.231 2.468 198.289 24.119 
1.246 0.433 4.957 224.389 0.326 
0.073 0.463 6.593 212.736 13.026 
12.394 0.362 127.805 41.058 6.099 
0.017 0.005 0.25 0.002 54.826 
13.349 30.696 0.056 82.264 43.433 
7.328 124.963 4.843 24.96 25.47 
0.602 0.074 0.052 152.092 33.382 
0.0 0.0 0.001 1.166 166.277 
0.001 0.005 0.602 0.004 212.084 
57.712 132.714 2.393 17.708 0.297 
13.538 44.999 2.592 33.626 16.339 
