0.0 0.0 0.0 0.0 0.0 0.001 0.001 0.004 0.001 0.032 171.912 32.06 197.921 18.493 9.119 
0.008 0.365 0.831 0.514 6.823 10.257 23.967 5.747 35.298 58.243 6.6 50.095 1.093 110.657 29.069 
0.041 0.015 2.134 1.266 0.873 0.271 1.956 0.196 38.216 83.7 110.336 47.087 4.66 2.516 1.68 
0.0 0.0 0.0 0.005 0.002 0.006 0.647 0.089 1.004 22.012 71.077 85.601 40.719 1.155 6.448 
0.001 0.041 0.473 0.013 0.003 1.018 35.715 1.659 63.319 125.499 10.581 21.692 1.43 56.668 0.949 
0.0 0.0 0.0 0.004 0.002 0.018 0.004 0.45 1.244 76.416 0.834 19.739 32.427 172.206 4.08 
0.0 0.0 0.0 0.0 0.001 0.0 0.03 1.132 0.342 0.168 7.985 210.365 2.609 112.151 7.028 
0.0 0.007 0.02 0.002 0.693 0.367 26.796 1.485 1.155 12.37 73.29 89.725 24.447 70.637 1.763 
0.0 0.0 0.0 0.001 0.0 0.004 0.058 0.543 0.992 0.358 38.937 110.595 0.489 133.686 26.744 
0.025 0.144 0.029 0.079 1.074 0.287 1.477 38.14 10.486 81.343 16.262 67.631 1.193 33.86 7.503 
0.0 0.0 0.0 0.0 0.0 0.0 0.0 0.0 0.0 0.0 0.93 35.873 116.044 178.958 9.726 
0.0 0.0 0.0 0.008 0.302 12.825 5.893 5.496 1.836 25.723 241.258 94.116 9.176 3.432 2.292 
0.0 0.0 0.0 0.0 0.0 0.001 0.001 0.004 0.001 0.032 171.912 32.06 197.921 18.493 9.119 
0.0 0.0 0.0 0.0 0.0 0.0 0.0 0.0 0.0 0.0 0.002 0.52 279.135 6.728 45.709 
0.008 0.365 0.831 0.514 6.823 10.257 23.967 5.747 35.298 58.243 6.6 50.095 1.093 110.657 29.069 
0.0 0.0 0.0 0.0 0.0 0.0 0.0 0.0 0.0 0.0 0.132 0.518 348.073 2.708 1.154 
0.0 0.003 0.04 0.004 0.018 0.177 2.942 9.683 0.963 1.439 67.924 53.203 132.325 12.364 4.742 
0.023 0.023 0.071 0.023 0.002 0.002 0.626 1.228 4.132 4.393 236.207 13.477 1.243 0.265 16.532 
0.0 0.0 0.103 0.046 0.129 0.381 1.011 0.464 0.431 55.741 12.715 5.477 250.498 4.091 8.69 
0.0 0.002 0.0 0.001 0.14 5.94 2.729 0.099 0.667 9.347 162.276 58.137 5.668 2.12 5.188 
0.0 0.0 0.0 0.028 1.117 0.129 2.012 4.52 36.02 81.57 26.042 4.771 176.181 2.876 1.955 
0.408 0.882 0.026 1.292 0.009 0.69 0.348 1.029 0.351 4.913 91.449 6.914 2.565 209.358 0.585 
0.0 0.002 0.006 0.001 0.003 0.015 0.035 0.061 0.28 0.393 0.132 284.412 1.569 62.187 14.17 
0.0 0.0 0.0 0.0 0.0 0.0 0.0 0.0 0.0 0.0 0.93 35.873 116.044 178.958 9.726 
0.0 0.0 0.0 0.0 0.0 0.0 0.0 0.0 0.01 0.137 0.595 117.436 61.809 3.909 0.625 
0.0 0.0 0.0 0.003 0.122 5.169 4.342 2.783 0.929 13.026 226.143 81.018 7.899 2.954 1.973 
0.0 0.0 0.0 0.0 0.0 0.005 0.002 0.491 0.003 117.391 28.492 9.21 3.685 300.754 9.657 
0.0 0.0 0.001 0.0 0.046 0.005 0.082 0.002 48.874 91.22 1.066 4.451 164.381 2.683 0.199 
0.0 0.0 0.0 0.0 0.0 0.0 0.0 0.0 0.0 0.0 0.0 0.021 11.266 52.706 252.288 
0.0 0.0 0.0 0.0 0.0 0.0 0.0 0.002 0.0 0.012 84.254 42.129 122.625 11.458 1.22 
0.041 0.015 2.134 1.266 0.873 0.271 1.956 0.196 38.216 83.7 110.336 47.087 4.66 2.516 1.68 
0.0 0.001 0.013 0.039 0.014 2.761 4.469 54.071 2.756 1.759 13.682 16.25 108.064 44.19 5.38 
0.0 0.0 0.0 0.0 0.001 0.003 0.003 0.001 1.07 0.002 28.682 270.648 5.026 1.595 6.445 
0.176 0.048 0.005 0.225 0.17 0.001 2.517 0.884 0.301 4.224 73.324 12.113 2.226 181.675 14.475 
0.0 0.0 0.0 0.0 0.0 0.0 0.001 0.021 0.061 0.006 16.624 23.659 0.239 337.203 6.44 
0.0 0.001 0.0 0.018 0.001 0.039 0.268 0.13 0.021 1.443 111.564 21.159 18.44 33.181 1.067 
0.0 0.0 0.0 0.0 0.003 0.005 0.004 0.883 0.023 130.562 1.0 10.767 3.393 276.89 2.427 
0.0 0.0 0.0 0.0 0.0 0.0 0.0 0.0 0.001 0.05 2.12 102.783 1.415 237.378 7.216 
0.0 0.0 0.0 0.0 0.0 0.0 0.0 0.001 0.0 0.0 0.0 0.0 0.002 0.045 105.887 
0.0 0.0 0.0 0.0 0.0 0.002 0.008 0.015 0.004 1.31 11.481 13.297 0.619 313.213 3.329 
0.0 0.0 0.0 0.0 0.0 0.0 0.0 0.0 0.0 0.0 0.001 0.368 197.64 4.764 32.364 
0.0 0.0 0.0 0.0 0.0 0.0 0.003 0.031 4.064 0.14 36.346 2.178 29.103 12.961 83.281 
0.0 0.0 0.0 0.0 0.161 0.597 3.818 0.12 15.544 35.053 25.092 36.234 28.251 57.282 0.264 
0.0 0.0 0.0 0.0 0.0 0.0 0.0 0.0 0.0 0.0 0.0 0.022 40.679 176.675 20.351 
0.0 0.0 0.001 0.0 0.0 0.0 0.002 0.001 0.472 0.009 12.894 11.363 1.026 148.994 19.165 
0.0 0.0 0.0 0.005 0.002 0.006 0.647 0.089 1.004 22.012 71.077 85.601 40.719 1.155 6.448 
0.001 0.041 0.473 0.013 0.003 1.018 35.715 1.659 63.319 125.499 10.581 21.692 1.43 56.668 0.949 
0.0 0.0 0.0 0.0 0.0 0.0 0.0 0.0 0.0 0.003 0.027 0.006 0.007 0.106 306.356 
0.0 0.0 0.0 0.0 0.0 0.0 0.0 0.0 0.0 0.0 0.126 0.494 332.215 14.772 1.141 
0.0 0.0 0.0 0.004 0.002 0.018 0.004 0.45 1.244 76.416 0.834 19.739 32.427 172.206 4.08 
0.0 0.0 0.0 0.0 0.001 0.0 0.03 1.132 0.342 0.168 7.985 210.365 2.609 112.151 7.028 
0.001 0.001 0.001 0.0 0.002 0.035 0.012 0.013 0.072 0.056 8.237 63.196 1.223 65.765 12.977 
0.0 0.0 0.0 0.0 0.0 0.0 0.0 0.0 0.0 0.001 0.024 41.32 0.025 24.789 182.456 
0.0 0.0 0.0 0.0 0.006 0.029 0.016 1.731 6.195 4.736 20.804 15.108 30.237 89.7 15.781 
0.0 0.0 0.0 0.0 0.0 0.0 0.0 0.0 0.0 0.0 0.0 142.222 28.997 25.317 54.116 
0.0 0.0 0.0 0.0 0.0 0.0 0.003 0.052 0.165 3.806 6.515 15.306 0.152 235.971 37.573 
0.0 0.002 0.006 0.003 0.0 0.014 0.032 0.056 0.256 0.36 0.121 260.538 0.249 56.71 24.551 
0.0 0.007 0.02 0.002 0.693 0.367 26.796 1.485 1.155 12.37 73.29 89.725 24.447 70.637 1.763 
0.0 0.0 0.0 0.0 0.001 0.002 0.019 0.076 0.251 2.605 53.602 188.816 2.91 15.647 1.643 
0.0 0.0 0.0 0.0 0.0 0.0 0.0 0.0 0.0 0.0 0.01 0.006 0.135 0.022 149.397 
0.0 0.0 0.0 0.0 0.0 0.0 0.0 0.0 0.0 0.0 0.0 0.0 0.157 76.818 32.199 
0.0 0.0 0.0 0.001 0.0 0.004 0.058 0.543 0.992 0.358 38.937 110.595 0.489 133.686 26.744 
0.0 0.0 0.0 0.0 0.0 0.0 0.0 0.0 0.0 0.0 0.0 0.096 51.412 223.583 69.468 
0.0 0.0 0.0 0.0 0.0 0.0 0.0 0.0 0.002 2.866 0.53 2.54 0.076 14.583 56.805 
0.0 0.0 0.0 0.0 0.005 0.0 0.081 0.304 0.007 4.01 93.293 14.545 1.24 117.732 2.034 
0.0 0.0 0.0 0.0 0.0 0.0 0.0 0.0 0.59 1.385 4.339 1.527 40.334 165.808 3.918 
0.025 0.144 0.029 0.079 1.074 0.287 1.477 38.14 10.486 81.343 16.262 67.631 1.193 33.86 7.503 
0.0 0.0 0.0 0.0 0.0 0.001 0.001 0.004 0.695 1.637 8.695 52.352 2.629 43.939 0.184 
0.0 0.0 0.001 0.003 0.006 0.003 0.022 0.003 1.382 0.124 41.048 211.784 55.432 1.618 6.678 
0.0 0.0 0.001 0.002 0.005 0.004 0.139 1.267 0.229 1.102 1.442 0.298 195.638 37.654 7.079 
0.0 0.0 0.0 0.0 0.0 0.0 0.0 0.0 0.0 0.0 0.09 14.204 45.071 274.782 9.795 
0.0 0.0 0.0 0.0 0.0 0.0 0.0 0.0 2.138 3.16 2.598 12.616 9.738 232.58 0.025 
0.0 0.0 0.0 0.0 0.0 0.0 0.0 0.001 0.0 0.299 1.148 12.163 0.161 1.884 216.101 
0.0 0.0 0.0 0.0 0.001 0.0 0.33 0.301 0.179 0.969 0.357 6.962 0.093 303.003 9.295 
0.0 0.0 0.0 0.0 0.0 0.0 0.0 0.0 0.0 0.022 0.007 13.228 36.635 99.314 3.916 
0.0 0.0 0.0 0.0 0.0 0.008 0.002 0.019 0.042 0.007 0.011 1.009 84.659 8.424 8.817 
0.0 0.0 0.0 0.0 0.0 0.0 0.0 0.0 0.001 0.0 0.015 4.104 15.419 179.877 19.716 
0.0 0.0 0.0 0.0 0.0 0.0 0.0 0.001 10.193 45.257 6.158 12.237 63.043 55.123 70.006 
0.0 0.0 0.0 0.0 0.0 0.0 0.0 0.0 0.021 0.006 0.191 66.874 0.457 205.545 1.701 
0.0 0.0 0.0 0.0 0.0 0.001 0.012 0.0 0.01 0.023 0.088 9.806 175.32 90.938 6.998 
0.0 0.047 0.395 0.097 0.124 0.633 0.393 7.62 10.364 35.886 35.878 0.453 2.203 66.984 0.972 
0.0 0.0 0.001 0.0 0.002 0.0 0.0 0.003 0.006 0.059 9.287 122.026 0.461 2.864 25.403 
0.0 0.0 0.088 0.017 0.002 0.002 0.469 1.276 3.832 4.074 219.034 12.497 2.747 0.115 6.408 
0.0 0.0 0.0 0.0 0.0 0.002 0.001 0.145 0.071 0.125 0.446 1.817 0.007 147.946 13.202 
0.033 0.025 0.037 0.068 0.087 0.262 0.249 0.704 2.401 38.019 13.777 47.272 48.191 24.114 39.866 
0.0 0.0 0.0 0.0 0.0 0.0 0.0 0.0 0.0 0.012 0.013 0.062 0.001 0.05 282.746 
0.0 0.0 0.0 0.0 0.0 0.0 0.0 0.0 0.0 0.0 0.342 2.476 56.134 80.213 2.343 
0.0 0.0 0.0 0.0 0.0 0.0 0.0 0.0 0.0 0.0 0.0 0.194 7.184 8.136 310.758 
0.001 0.0 0.001 0.007 0.015 0.002 0.082 0.068 0.084 0.0 0.188 1.455 223.218 33.287 5.424 
0.0 0.0 0.0 0.0 0.0 0.0 0.0 0.0 0.001 0.002 0.041 0.025 0.499 278.29 55.587 
0.0 0.0 0.049 0.022 0.061 0.18 0.609 1.468 0.483 62.426 3.14 5.278 241.923 3.949 20.188 
0.0 0.0 0.001 0.0 0.001 0.001 0.0 0.001 0.005 0.114 0.055 0.542 0.676 3.087 147.54 
0.0 0.0 0.0 0.0 0.0 0.0 0.001 0.002 0.008 0.278 0.021 10.414 7.715 216.759 4.791 
0.0 0.0 0.0 0.0 0.0 0.0 0.0 0.008 0.241 0.025 0.259 63.452 86.736 52.215 1.736 
0.013 0.007 0.031 0.004 0.124 0.128 0.078 0.355 0.048 0.996 0.202 4.263 33.207 199.382 3.321 
0.0 0.0 0.0 0.0 0.001 0.074 0.091 0.478 0.401 11.801 78.062 20.276 2.705 98.582 3.197 
0.0 0.0 0.0 0.0 0.0 0.0 0.0 0.0 0.0 2.025 2.497 0.748 30.015 96.321 1.484 
0.0 0.0 0.0 0.0 0.0 0.007 0.022 0.192 0.007 5.333 29.887 21.011 12.426 202.638 8.084 
0.0 0.0 0.0 0.0 0.0 0.0 0.0 0.0 0.011 0.001 0.019 0.0 0.01 0.037 180.526 
0.0 0.0 0.0 0.0 0.0 0.0 0.0 0.0 0.0 0.024 1.792 0.053 45.009 56.786 0.001 
