0.003 0.001 0.0 1.494 271.614 
9.14 144.901 64.041 15.3 6.986 
275.895 2.742 16.244 19.029 2.119 
0.003 0.001 0.0 1.512 274.868 
0.776 0.595 305.921 7.632 1.789 
35.816 33.711 30.171 80.372 0.374 
0.474 0.012 0.028 331.422 2.24 
0.0 0.0 0.68 104.253 180.692 
0.075 0.018 0.466 0.039 207.945 
117.316 90.023 12.088 5.45 1.278 
275.895 2.742 16.244 19.029 2.119 
117.316 90.023 12.088 5.45 1.278 
0.776 0.595 305.921 7.632 1.789 
0.901 0.009 202.969 13.157 1.465 
0.266 0.061 0.166 191.556 7.76 
0.35 0.081 0.025 293.28 1.983 
9.14 144.901 64.041 15.3 6.986 
62.358 7.891 135.619 3.301 1.412 
7.078 112.205 37.117 2.508 56.984 
7.078 112.205 37.117 2.508 56.984 
4.154 31.514 151.831 3.006 3.711 
12.148 66.371 32.643 1.782 52.522 
0.129 0.415 0.018 0.282 110.873 
0.012 0.011 0.075 0.872 159.076 
0.901 0.009 202.969 13.157 1.465 
0.244 0.023 0.408 0.04 231.532 
41.443 5.244 90.132 52.208 1.276 
1.054 49.955 142.727 49.724 3.399 
62.358 7.891 135.619 3.301 1.412 
12.148 66.371 32.643 1.782 52.522 
0.007 0.003 0.659 112.367 87.748 
21.395 6.522 1.628 142.933 0.98 
0.474 0.012 0.028 331.422 2.24 
0.35 0.081 0.025 293.28 1.983 
0.007 0.003 0.659 112.367 87.748 
8.98 15.019 116.0 45.055 5.197 
0.202 0.115 0.044 140.174 61.837 
0.0 0.0 0.68 104.253 180.692 
32.506 30.596 27.383 72.946 1.103 
14.987 14.218 93.486 68.978 2.796 
0.055 23.01 1.19 68.221 3.736 
1.054 49.955 142.727 49.724 3.399 
7.667 23.428 40.953 2.406 32.76 
0.129 0.415 0.018 0.282 110.873 
35.816 33.711 30.171 80.372 0.374 
0.351 1.196 9.767 161.961 2.527 
0.351 1.196 9.767 161.961 2.527 
0.074 0.017 73.032 98.387 23.776 
0.047 0.142 0.041 10.325 163.634 
0.431 0.138 56.313 122.479 2.616 
12.596 2.696 125.672 36.179 2.473 
2.231 16.921 81.525 30.337 2.552 
20.333 42.982 48.691 1.796 0.647 
41.443 5.244 90.132 52.208 1.276 
0.059 0.221 0.003 181.952 31.997 
8.98 15.019 116.0 45.055 5.197 
0.009 0.005 0.069 0.07 214.999 
0.244 0.023 0.408 0.04 231.532 
0.074 0.017 73.032 98.387 23.776 
0.0 0.114 25.575 104.632 34.45 
20.333 42.982 48.691 1.796 0.647 
0.182 0.342 0.009 94.847 31.675 
0.699 0.004 27.308 137.09 2.305 
2.546 2.415 4.75 86.286 1.583 
11.559 39.406 32.465 69.235 2.227 
18.802 10.95 83.251 29.003 1.983 
2.231 16.921 81.525 30.337 2.552 
0.182 0.058 0.451 5.081 10.801 
0.431 0.138 56.313 122.479 2.616 
18.801 13.443 40.823 7.767 0.459 
0.075 3.124 51.442 101.478 51.847 
18.802 10.95 83.251 29.003 1.983 
12.596 2.696 125.672 36.179 2.473 
4.154 31.514 151.831 3.006 3.711 
0.13 6.149 91.131 25.001 9.534 
0.323 0.225 0.009 99.261 44.699 
0.266 0.061 0.166 191.556 7.76 
0.059 0.221 0.003 181.952 31.997 
0.146 0.034 144.916 83.94 31.751 
0.075 3.124 51.442 101.478 51.847 
0.103 0.003 0.139 95.171 41.984 
11.559 39.406 32.465 69.235 2.227 
2.546 2.415 4.75 86.286 1.583 
0.13 6.149 91.131 25.001 9.534 
32.506 30.596 27.383 72.946 1.103 
0.905 3.465 21.122 97.376 4.137 
10.63 32.484 28.539 10.246 3.309 
11.053 23.365 66.445 1.617 0.582 
0.202 0.115 0.044 140.174 61.837 
0.875 2.985 24.38 74.258 1.495 
14.987 14.218 93.486 68.978 2.796 
0.048 0.083 0.282 69.24 54.07 
1.227 3.524 0.245 68.826 5.611 
0.905 3.465 21.122 97.376 4.137 
0.146 0.034 144.916 83.94 31.751 
0.012 0.011 0.075 0.872 159.076 
21.395 6.522 1.628 142.933 0.98 
0.047 0.142 0.041 10.325 163.634 
0.03 0.051 0.054 35.535 57.808 
0.875 2.985 24.38 74.258 1.495 
