0.009 1.456 3.404 69.698 82.605 
4.348 180.777 7.432 36.547 9.257 
0.262 1.835 105.533 54.612 18.475 
48.288 0.599 25.231 4.55 96.661 
0.0 0.0 0.115 20.435 254.65 
1.064 44.225 59.648 24.289 5.221 
34.54 20.621 9.255 2.014 6.511 
0.328 30.924 43.765 18.618 34.621 
0.251 9.957 0.41 152.004 28.553 
78.051 9.558 0.344 11.717 53.419 
22.88 12.135 6.931 145.339 8.019 
52.974 0.657 6.852 3.713 41.972 
35.071 0.343 4.89 120.478 28.311 
1.594 1.223 71.221 61.442 50.092 
0.017 1.725 87.652 122.555 1.09 
0.435 0.003 97.775 10.44 120.365 
0.179 0.067 68.048 238.913 2.842 
28.248 0.351 14.759 59.441 101.978 
1.678 69.758 33.501 24.289 5.221 
0.999 39.634 1.631 32.879 54.899 
0.007 0.084 30.855 107.758 4.743 
0.492 0.013 1.924 0.307 198.154 
0.0 0.0 1.5 267.359 2.488 
139.13 1.727 6.929 15.709 10.285 
0.991 3.027 71.387 11.515 46.585 
0.217 8.617 0.355 131.547 58.424 
101.978 12.488 0.45 15.309 22.865 
0.387 5.748 26.075 98.292 79.996 
0.049 0.018 124.745 28.889 5.256 
3.306 30.339 6.659 120.478 28.311 
0.013 0.01 5.011 0.535 350.423 
0.202 0.111 6.212 111.126 99.71 
9.094 19.224 0.664 5.2 8.681 
0.046 0.454 0.02 79.527 137.837 
7.655 41.39 0.699 202.601 8.629 
14.519 2.22 19.36 125.701 48.495 
0.193 0.008 0.569 0.003 235.131 
30.412 6.409 9.933 20.771 33.988 
4.418 19.044 1.058 99.508 41.19 
1.127 0.008 253.255 27.041 13.747 
0.009 1.456 3.404 69.698 82.605 
4.348 180.777 7.432 36.547 9.257 
0.262 1.835 105.533 54.612 18.475 
48.288 0.599 25.231 4.55 96.661 
0.0 0.0 0.115 20.435 254.65 
1.064 44.225 59.648 24.289 5.221 
1.22 8.257 40.325 38.743 64.691 
34.54 20.621 9.255 2.014 6.511 
0.328 30.924 43.765 18.618 34.621 
0.251 9.957 0.41 152.004 28.553 
78.051 9.558 0.344 11.717 53.419 
6.091 1.84 72.452 18.066 17.489 
22.88 12.135 6.931 145.339 8.019 
52.974 0.657 6.852 3.713 41.972 
1.69 0.696 4.946 199.238 0.457 
35.071 0.343 4.89 120.478 28.311 
0.266 0.907 261.727 27.946 15.877 
1.594 1.223 71.221 61.442 50.092 
0.017 1.725 87.652 122.555 1.09 
17.14 19.689 25.386 78.311 7.159 
0.052 2.181 0.006 0.556 130.081 
0.435 0.003 97.775 10.44 120.365 
0.179 0.067 68.048 238.913 2.842 
0.501 20.832 90.772 21.277 5.389 
0.27 1.893 108.851 6.815 13.418 
28.248 0.351 14.759 59.441 101.978 
1.638 19.583 0.423 66.046 32.489 
1.678 69.758 33.501 24.289 5.221 
20.814 4.387 1.136 123.562 75.449 
0.999 39.634 1.631 32.879 54.899 
0.007 0.084 30.855 107.758 4.743 
15.975 9.537 108.557 4.192 13.551 
13.45 7.317 0.296 54.234 22.568 
0.492 0.013 1.924 0.307 198.154 
0.0 0.0 1.5 267.359 2.488 
139.13 1.727 6.929 15.709 10.285 
0.991 3.027 71.387 11.515 46.585 
0.217 8.617 0.355 131.547 58.424 
101.978 12.488 0.45 15.309 22.865 
8.354 0.602 81.82 20.401 4.76 
0.387 5.748 26.075 98.292 79.996 
0.049 0.018 124.745 28.889 5.256 
31.777 6.697 1.734 121.542 81.414 
0.011 0.422 6.899 199.238 0.457 
3.306 30.339 6.659 120.478 28.311 
0.013 0.01 5.011 0.535 350.423 
5.576 21.954 11.445 134.043 9.445 
0.427 1.455 33.334 29.224 69.556 
3.729 5.137 18.382 82.367 0.242 
0.202 0.111 6.212 111.126 99.71 
9.094 19.224 0.664 5.2 8.681 
0.046 0.454 0.02 79.527 137.837 
7.655 41.39 0.699 202.601 8.629 
14.519 2.22 19.36 125.701 48.495 
0.193 0.008 0.569 0.003 235.131 
0.0 0.018 0.035 0.013 107.844 
3.188 7.517 97.799 20.02 2.769 
30.412 6.409 9.933 20.771 33.988 
4.418 19.044 1.058 99.508 41.19 
0.002 0.01 1.077 3.082 141.392 
