0.0 0.0 0.078 12.008 272.438 
0.0 0.0 0.078 12.008 272.438 
2.325 96.663 21.276 1.292 71.392 
100.529 37.38 0.954 0.485 0.136 
111.694 2.686 21.451 3.799 6.035 
0.006 0.006 0.7 0.016 146.823 
0.081 0.506 0.001 105.87 123.768 
0.081 0.506 0.001 105.87 123.768 
25.383 1.564 300.922 1.145 11.662 
0.0 0.0 0.171 26.189 45.391 
6.078 94.243 0.961 0.433 15.86 
58.99 0.597 201.303 0.911 0.256 
3.634 56.353 2.629 0.268 9.805 
25.383 1.564 300.922 1.145 11.662 
13.517 7.392 119.214 26.428 5.904 
57.829 0.585 197.341 0.893 0.476 
0.146 0.91 0.01 10.902 218.257 
0.006 0.006 0.7 0.016 146.823 
83.913 45.888 1.244 24.716 7.101 
99.804 37.111 0.947 0.481 0.257 
45.202 22.436 2.583 36.109 3.769 
83.913 45.888 1.244 24.716 7.101 
0.01 0.009 0.148 80.311 2.853 
0.015 0.001 0.247 102.148 3.63 
2.626 1.982 74.165 50.442 5.585 
0.241 0.0 0.121 65.025 261.192 
68.449 4.141 3.83 4.932 2.035 
2.626 1.982 74.165 50.442 5.585 
50.56 27.649 17.274 6.162 4.107 
33.376 51.175 3.319 5.67 3.316 
0.465 0.067 118.671 3.334 56.982 
100.529 37.38 0.954 0.485 0.136 
9.056 16.922 4.872 15.864 2.13 
14.823 2.647 54.212 2.088 26.454 
33.376 51.175 3.319 5.67 3.316 
0.146 0.91 0.01 10.902 218.257 
0.0 0.0 0.03 4.592 252.653 
0.335 0.183 82.913 35.09 11.661 
45.202 22.436 2.583 36.109 3.769 
0.335 0.183 82.913 35.09 11.661 
11.341 42.413 67.839 0.198 0.874 
0.241 0.0 0.121 65.025 261.192 
0.002 0.0 0.475 73.092 81.5 
9.056 16.922 4.872 15.864 2.13 
2.325 96.663 21.276 1.292 71.392 
0.152 26.697 33.883 3.919 23.184 
68.449 4.141 3.83 4.932 2.035 
111.694 2.686 21.451 3.799 6.035 
0.048 0.074 7.327 0.169 101.235 
4.094 6.278 10.933 78.819 3.549 
2.54 8.303 5.259 0.366 4.154 
22.528 0.542 4.327 0.766 31.199 
50.56 27.649 17.274 6.162 4.107 
0.024 0.007 2.196 0.062 125.153 
0.033 0.055 0.293 0.019 123.304 
11.341 42.413 67.839 0.198 0.874 
0.459 21.222 22.853 6.368 4.254 
0.465 0.067 118.671 3.334 56.982 
3.634 56.353 2.629 0.268 9.805 
8.147 0.296 39.037 8.955 26.244 
0.379 0.344 43.187 0.999 38.906 
14.823 2.647 54.212 2.088 26.454 
0.002 0.0 0.475 73.092 81.5 
0.459 21.222 22.853 6.368 4.254 
0.001 0.005 17.326 11.093 48.947 
0.036 0.15 11.125 5.816 32.048 
0.037 0.057 5.646 0.821 87.186 
6.078 94.243 0.961 0.433 15.86 
0.152 26.697 33.883 3.919 23.184 
4.094 6.278 10.933 78.819 3.549 
0.001 0.07 0.01 0.232 98.617 
8.147 0.296 39.037 8.955 26.244 
0.379 0.344 43.187 0.999 38.906 
0.009 0.007 0.003 14.473 16.18 
13.517 7.392 119.214 26.428 5.904 
0.0 0.0 0.03 4.592 252.653 
22.528 0.542 4.327 0.766 31.199 
0.016 0.0 0.255 105.331 0.758 
0.015 0.001 0.247 102.148 3.63 
57.829 0.585 197.341 0.893 0.476 
0.009 0.007 0.003 14.473 16.18 
58.99 0.597 201.303 0.911 0.256 
0.02 0.03 0.053 80.268 2.849 
0.048 0.074 7.327 0.169 101.235 
0.0 0.0 0.171 26.189 45.391 
0.001 0.005 17.326 11.093 48.947 
2.54 8.303 5.259 0.366 4.154 
99.804 37.111 0.947 0.481 0.257 
0.001 0.07 0.01 0.232 98.617 
0.014 0.013 1.635 4.769 85.449 
0.014 0.013 1.635 4.769 85.449 
0.037 0.057 5.646 0.821 87.186 
0.094 0.155 0.146 0.02 83.584 
0.094 0.155 0.146 0.02 83.584 
0.024 0.007 2.196 0.062 125.153 
0.036 0.15 11.125 5.816 32.048 
0.016 0.0 0.255 105.331 0.758 
0.033 0.055 0.293 0.019 123.304 
0.02 0.03 0.053 80.268 2.849 
0.01 0.009 0.148 80.311 2.853 
