0.0 0.0 0.0 0.0 0.0 0.0 0.0 0.0 0.016 0.01 0.005 179.101 107.662 62.162 2.173 
0.009 0.01 0.179 0.016 0.074 0.018 1.376 12.463 0.635 0.503 131.046 27.283 2.963 26.109 18.976 
0.0 0.0 0.0 0.0 0.004 0.014 0.087 0.511 9.993 42.806 20.224 33.192 55.874 64.334 62.515 
0.0 0.0 0.0 0.0 0.0 0.0 0.0 0.0 0.0 0.0 0.0 0.041 22.09 96.065 227.669 
0.0 0.0 0.0 0.004 0.001 0.007 0.009 0.242 30.452 29.974 30.226 102.415 3.41 128.131 39.318 
0.0 0.0 0.0 0.001 0.004 0.203 0.093 4.775 0.38 242.051 7.433 53.995 42.682 16.178 7.721 
0.002 0.068 0.053 0.003 0.002 0.152 0.356 0.09 83.978 1.647 14.275 113.355 1.177 46.635 1.5 
0.003 0.003 0.054 0.009 0.005 0.324 1.79 19.404 40.812 2.126 25.385 51.142 32.989 25.734 19.731 
0.0 0.0 0.0 0.0 0.0 0.0 0.002 0.003 0.002 1.473 0.777 4.172 0.076 340.506 10.331 
0.0 0.0 0.0 0.0 0.0 0.0 0.0 0.0 0.0 0.001 0.0 0.387 208.099 30.827 65.895 
0.0 0.0 0.0 0.0 0.0 0.0 0.0 0.0 0.011 0.046 73.581 33.192 55.874 64.334 62.515 
0.0 0.0 0.0 0.0 0.0 0.0 0.0 0.001 0.067 0.066 0.738 267.161 53.432 39.368 2.247 
0.0 0.0 0.001 0.002 0.0 0.001 0.043 0.004 0.006 0.279 1.294 118.876 78.663 120.596 8.102 
0.012 0.005 0.161 0.022 0.013 0.94 2.799 4.219 0.367 0.291 75.694 38.098 38.532 23.828 18.269 
0.0 0.0 0.0 0.0 0.0 0.0 0.0 0.0 0.0 0.0 0.0 0.001 0.053 0.055 94.611 
0.0 0.0 0.0 0.0 0.0 0.0 0.0 0.0 0.0 0.0 0.0 0.0 0.595 291.6 65.597 
0.081 0.058 0.021 0.052 0.338 0.067 0.877 0.935 1.081 5.627 115.166 9.587 162.909 43.885 41.232 
0.0 0.0 0.0 0.0 0.0 0.0 0.0 0.0 0.013 0.014 0.006 0.034 40.311 73.738 61.369 
0.0 0.0 0.0 0.0 0.0 0.0 0.003 0.034 0.176 0.021 0.054 1.549 29.926 282.795 2.691 
0.0 0.0 0.0 0.0 0.0 0.0 0.0 0.0 0.0 0.0 0.024 0.001 0.013 0.033 162.89 
0.0 0.0 0.0 0.0 0.0 0.0 0.001 0.0 0.717 3.071 20.957 50.11 385.021 3.979 17.317 
0.0 0.0 0.0 0.0 0.0 0.0 0.0 0.0 0.016 0.01 0.005 179.101 107.662 62.162 2.173 
0.009 0.01 0.179 0.016 0.074 0.018 1.376 12.463 0.635 0.503 131.046 27.283 2.963 26.109 18.976 
0.0 0.0 0.0 0.0 0.0 0.0 0.0 0.0 0.0 0.0 0.017 0.048 0.209 0.111 335.094 
0.0 0.0 0.0 0.0 0.004 0.014 0.087 0.511 9.993 42.806 20.224 33.192 55.874 64.334 62.515 
0.0 0.0 0.0 0.0 0.0 0.0 0.0 0.0 0.0 0.0 0.0 0.041 22.09 96.065 227.669 
0.0 0.0 0.0 0.0 0.0 0.0 0.0 0.0 0.0 0.002 85.428 38.507 2.01 143.258 32.581 
0.0 0.0 0.0 0.0 0.001 0.001 0.027 0.101 0.01 1.404 32.674 54.66 8.47 100.99 3.032 
0.0 0.0 0.0 0.0 0.0 0.0 0.0 0.067 3.099 1.859 75.272 110.664 78.832 39.892 8.128 
0.0 0.0 0.0 0.004 0.001 0.007 0.009 0.242 30.452 29.974 30.226 102.415 3.41 128.131 39.318 
0.009 0.008 0.004 0.009 0.049 0.022 0.031 0.028 0.078 1.13 33.299 216.514 4.287 5.549 1.625 
0.0 0.0 0.0 0.0 0.0 0.0 0.0 0.001 0.003 0.018 28.448 12.833 21.602 216.507 76.936 
0.0 0.0 0.0 0.0 0.0 0.001 0.004 0.001 3.416 14.627 3.748 44.14 339.148 3.505 15.254 
0.0 0.0 0.0 0.001 0.004 0.203 0.093 4.775 0.38 242.051 7.433 53.995 42.682 16.178 7.721 
0.003 0.001 0.016 0.008 0.206 0.025 0.139 0.368 0.0 34.594 24.986 27.3 90.098 27.586 6.113 
0.0 0.0 0.0 0.0 0.0 0.0 0.0 0.004 0.002 1.272 0.67 3.601 0.066 211.601 52.589 
0.001 0.052 0.011 0.146 0.043 0.016 0.178 0.098 0.581 0.518 2.561 46.77 30.637 55.444 26.783 
0.002 0.068 0.053 0.003 0.002 0.152 0.356 0.09 83.978 1.647 14.275 113.355 1.177 46.635 1.5 
0.0 0.0 0.0 0.0 0.0 0.0 0.0 0.0 0.004 0.003 0.123 208.247 8.642 47.039 28.958 
0.023 0.014 0.005 0.018 0.134 0.009 0.088 3.315 1.732 0.038 29.731 219.252 4.342 10.616 32.595 
0.0 0.014 0.003 0.039 0.013 0.038 0.355 0.012 0.507 0.574 6.252 86.847 2.764 66.183 30.809 
0.0 0.0 0.0 0.0 0.0 0.004 0.033 0.32 0.058 1.015 0.751 4.032 121.493 149.522 8.254 
0.0 0.0 0.0 0.0 0.0 0.0 0.0 0.0 0.0 0.0 0.006 0.284 0.916 176.664 6.64 
0.0 0.0 0.0 0.0 0.0 0.0 0.0 0.0 0.084 0.963 23.486 43.292 63.737 152.568 2.431 
0.0 0.0 0.0 0.0 0.0 0.0 0.003 0.029 0.892 0.48 0.292 58.428 21.187 11.122 13.253 
0.0 0.0 0.0 0.0 0.04 0.04 1.342 5.044 1.899 33.479 10.697 83.929 18.854 107.793 4.033 
0.0 0.0 0.0 0.0 0.0 0.001 0.009 0.087 0.11 43.064 22.7 22.223 1.046 182.553 3.656 
0.003 0.003 0.054 0.009 0.005 0.324 1.79 19.404 40.812 2.126 25.385 51.142 32.989 25.734 19.731 
0.0 0.0 0.0 0.0 0.0 0.0 0.002 0.003 0.002 1.473 0.777 4.172 0.076 340.506 10.331 
0.0 0.0 0.0 0.0 0.0 0.0 0.0 0.0 0.0 0.001 0.0 0.387 208.099 30.827 65.895 
0.0 0.0 0.001 0.006 0.001 0.002 0.003 0.003 0.001 0.001 2.149 173.987 4.836 109.589 7.627 
0.0 0.0 0.0 0.001 0.0 0.0 0.014 0.001 0.216 0.071 0.062 165.446 4.974 98.855 7.077 
0.0 0.0 0.0 0.015 0.023 0.164 0.133 0.189 6.433 0.189 1.484 95.975 3.055 31.157 27.126 
0.035 0.039 0.696 0.061 0.06 0.055 2.556 3.409 2.004 0.304 79.055 16.459 1.788 96.163 18.976 
0.065 0.058 0.03 0.067 0.526 0.155 0.273 14.204 30.948 27.074 6.588 12.591 46.063 20.5 2.287 
0.0 0.0 0.0 0.0 0.0 0.001 0.001 0.126 0.743 0.512 20.715 30.455 224.975 6.693 7.46 
0.0 0.0 0.0 0.0 0.0 0.0 0.0 0.0 0.007 0.001 0.002 19.39 82.029 169.206 7.103 
0.0 0.0 0.0 0.0 0.0 0.0 0.0 0.0 0.001 0.002 0.036 9.783 36.757 134.505 49.861 
0.0 0.0 0.0 0.0 0.0 0.0 0.0 0.005 0.601 0.591 70.832 94.254 75.679 70.032 37.76 
0.203 0.181 0.094 0.209 1.091 0.49 0.769 0.633 1.763 25.628 3.449 215.526 4.268 5.523 1.618 
0.0 0.0 0.0 0.0 0.0 0.0 0.0 0.0 0.0 0.0 0.015 0.043 0.184 0.097 294.486 
0.0 0.0 0.0 0.0 0.0 0.0 0.0 0.0 0.011 0.046 73.581 33.192 55.874 64.334 62.515 
0.0 0.0 0.0 0.0 0.0 0.0 0.0 0.001 0.067 0.066 0.738 267.161 53.432 39.368 2.247 
0.0 0.0 0.001 0.002 0.0 0.001 0.043 0.004 0.006 0.279 1.294 118.876 78.663 120.596 8.102 
2.986 2.07 0.989 8.264 0.956 5.036 7.682 4.096 13.464 49.712 4.865 42.172 4.268 84.832 17.516 
0.0 0.0 0.0 0.0 0.0 0.001 0.002 0.004 0.213 0.298 5.019 14.648 33.428 163.215 59.703 
0.0 0.0 0.0 0.0 0.0 0.002 0.019 0.022 10.009 44.854 35.458 1.223 174.627 16.254 41.15 
0.0 0.0 0.0 0.0 0.0 0.0 0.0 0.001 0.157 0.154 7.587 102.997 15.178 82.108 1.296 
0.076 0.032 0.119 0.099 0.264 0.027 0.187 9.199 4.807 6.501 7.698 181.174 3.588 4.643 42.236 
0.0 0.0 0.0 0.0 0.0 0.001 0.015 0.004 0.036 0.267 37.532 66.804 180.515 9.69 2.523 
0.0 0.0 0.0 0.005 0.0 0.001 0.001 0.002 0.069 0.114 2.34 98.602 68.233 68.771 6.25 
0.0 0.001 0.001 0.001 0.0 0.005 0.029 0.01 0.096 0.654 17.891 21.578 0.838 125.132 6.645 
0.003 0.003 0.014 0.006 0.085 0.001 0.878 2.878 2.011 4.976 0.301 31.88 178.343 0.224 19.432 
0.0 0.0 0.002 0.0 0.107 0.588 0.339 8.769 1.588 59.617 37.251 200.102 0.835 8.643 9.463 
0.0 0.0 0.001 0.0 0.0 0.001 0.009 0.01 0.0 1.289 0.511 0.965 0.708 197.772 48.728 
0.0 0.0 0.0 0.0 0.0 0.0 0.0 0.0 0.0 0.0 0.072 0.033 0.002 0.121 301.559 
0.002 0.0 0.003 0.003 0.001 0.032 0.182 0.237 0.052 5.698 1.951 90.756 51.735 22.275 28.931 
0.0 0.0 0.0 0.0 0.0 0.002 0.01 0.002 5.428 10.13 3.234 38.084 315.54 3.222 14.024 
0.012 0.005 0.161 0.022 0.013 0.94 2.799 4.219 0.367 0.291 75.694 38.098 38.532 23.828 18.269 
0.0 0.0 0.0 0.0 0.001 0.0 0.006 0.072 0.333 3.202 3.725 53.167 195.166 13.891 4.538 
0.0 0.0 0.0 0.0 0.0 0.0 0.0 0.0 0.0 0.0 0.0 0.001 0.053 0.055 94.611 
0.0 0.0 0.001 0.004 0.003 0.001 0.058 0.328 0.158 0.951 2.439 2.38 36.987 227.986 5.695 
0.0 0.0 0.0 0.0 0.0 0.0 0.0 0.0 0.0 0.0 0.0 0.0 0.595 291.6 65.597 
0.081 0.058 0.021 0.052 0.338 0.067 0.877 0.935 1.081 5.627 115.166 9.587 162.909 43.885 41.232 
0.379 0.12 0.262 0.387 0.046 5.122 2.969 14.796 1.081 14.705 14.157 24.351 132.02 4.506 21.224 
0.0 0.0 0.0 0.0 0.003 0.003 0.013 0.004 0.054 0.897 0.205 23.598 81.139 61.092 1.429 
0.0 0.0 0.0 0.0 0.0 0.0 0.0 0.0 0.032 0.432 10.426 19.218 28.293 137.572 3.992 
0.0 0.0 0.0 0.0 0.0 0.0 0.0 0.0 0.013 0.014 0.006 0.034 40.311 73.738 61.369 
0.0 0.0 0.0 0.0 0.003 0.003 0.017 0.181 0.838 0.541 2.166 129.086 46.808 24.572 65.847 
0.007 0.006 0.003 1.876 4.539 1.774 2.487 28.074 2.901 24.352 17.305 37.859 2.068 63.538 3.921 
0.001 0.0 0.0 0.001 0.001 0.0 0.0 0.005 0.018 0.218 0.23 13.77 109.925 43.016 3.405 
0.0 0.0 0.0 0.0 0.0 0.0 0.003 0.034 0.176 0.021 0.054 1.549 29.926 282.795 2.691 
0.0 0.0 0.0 0.0 0.002 0.021 0.006 0.012 0.0 0.39 11.195 13.425 0.014 76.311 3.045 
0.0 0.0 0.0 0.0 0.001 0.004 0.009 0.002 0.007 0.018 1.534 6.153 3.067 103.514 25.103 
0.0 0.0 0.0 0.0 0.0 0.0 0.0 0.0 0.002 0.029 0.969 0.223 6.503 228.467 3.948 
0.005 0.0 0.009 0.001 0.571 0.071 1.79 7.084 0.615 4.561 1.45 0.046 67.146 0.24 23.128 
0.0 0.0 0.0 0.0 0.0 0.0 0.0 0.001 0.097 20.441 10.775 5.177 21.421 118.466 5.251 
0.0 0.0 0.0 0.0 0.0 0.002 0.03 0.283 0.061 8.771 22.552 18.789 159.198 21.382 63.624 
0.0 0.0 0.0 0.0 0.005 0.001 0.029 0.052 0.238 0.513 2.853 0.01 89.078 112.387 2.791 
0.0 0.0 0.0 0.0 0.0 0.0 0.0 0.0 0.0 0.0 0.024 0.001 0.013 0.033 162.89 
