357.772 4.842 7.609 3.96 8.642 
0.0 0.0 0.025 135.981 4.742 
0.0 0.165 0.016 356.91 8.247 
1.452 0.994 429.131 1.217 3.697 
0.0 0.023 0.0 0.004 123.168 
11.452 0.23 0.006 89.888 0.046 
0.005 0.001 2.494 0.007 365.366 
0.687 241.044 0.197 0.682 1.769 
357.772 4.842 7.609 3.96 8.642 
216.919 101.294 0.546 0.568 2.328 
0.001 0.0 0.0 115.903 146.976 
0.048 0.014 24.672 2.059 237.849 
1.452 0.994 429.131 1.217 3.697 
0.718 0.116 329.794 0.141 7.639 
160.52 1.802 0.132 12.209 104.218 
0.03 0.009 15.446 12.127 245.11 
0.0 0.0 0.0 2.139 311.881 
103.274 12.897 0.094 0.055 30.437 
0.0 0.165 0.016 356.91 8.247 
0.39 0.246 251.709 0.712 66.217 
0.0 0.001 0.621 294.682 0.989 
0.968 0.89 326.045 27.301 2.59 
0.0 0.001 0.621 294.682 0.989 
0.09 0.015 0.0 233.883 1.617 
15.201 203.015 0.177 0.616 1.871 
0.687 241.044 0.197 0.682 1.769 
200.817 58.236 29.727 0.814 1.357 
0.562 0.003 223.422 31.203 66.776 
18.606 155.831 3.66 28.551 4.773 
0.002 0.572 19.153 201.102 1.61 
0.001 1.415 0.03 160.324 0.105 
0.994 182.607 0.952 0.338 0.369 
44.287 81.945 41.861 26.947 0.686 
0.446 0.072 115.911 3.946 92.157 
0.004 0.001 2.137 0.006 313.039 
0.0 0.001 0.0 2.414 352.004 
42.814 93.371 76.543 4.782 0.141 
0.156 138.063 82.767 18.399 1.745 
200.817 58.236 29.727 0.814 1.357 
15.127 26.533 23.415 58.35 2.851 
0.994 182.607 0.952 0.338 0.369 
103.274 12.897 0.094 0.055 30.437 
15.201 203.015 0.177 0.616 1.871 
176.151 120.606 0.241 24.23 2.744 
76.654 1.603 1.642 66.194 0.095 
6.67 2.723 100.936 149.04 0.648 
11.275 46.163 0.047 42.333 26.119 
176.151 120.606 0.241 24.23 2.744 
216.919 101.294 0.546 0.568 2.328 
53.911 142.435 22.531 0.617 1.028 
21.123 48.188 119.145 0.262 2.92 
160.52 1.802 0.132 12.209 104.218 
72.475 1.458 50.681 2.456 0.082 
0.106 104.266 34.611 10.445 3.451 
1.606 0.015 123.031 0.055 124.984 
0.598 0.409 176.764 0.501 38.587 
6.67 2.723 100.936 149.04 0.648 
0.003 0.884 155.614 129.657 6.609 
0.784 0.078 151.299 126.062 6.426 
0.001 0.0 0.0 115.903 146.976 
2.355 0.121 205.234 0.586 0.297 
37.5 102.941 0.114 19.573 41.901 
0.205 122.997 40.856 0.329 0.107 
0.137 0.004 0.001 212.123 4.902 
18.606 155.831 3.66 28.551 4.773 
0.09 0.015 0.0 233.883 1.617 
37.5 102.941 0.114 19.573 41.901 
52.025 0.704 36.146 0.951 59.016 
49.828 1.042 44.264 27.527 23.968 
0.13 36.671 12.204 7.856 63.103 
11.275 46.163 0.047 42.333 26.119 
0.598 0.409 176.764 0.501 38.587 
47.219 87.371 92.262 0.64 0.148 
12.901 0.27 131.836 0.409 0.681 
0.13 36.671 12.204 7.856 63.103 
61.169 17.287 127.641 0.581 3.198 
17.254 12.362 0.024 7.889 109.856 
71.762 8.962 0.066 11.251 24.084 
0.314 0.004 241.924 29.831 4.21 
15.127 26.533 23.415 58.35 2.851 
175.231 18.019 1.497 0.549 1.453 
0.562 0.003 223.422 31.203 66.776 
37.927 31.661 0.057 5.201 37.339 
2.355 0.121 205.234 0.586 0.297 
61.169 17.287 127.641 0.581 3.198 
37.927 31.661 0.057 5.201 37.339 
42.814 93.371 76.543 4.782 0.141 
9.145 0.184 4.173 103.837 0.053 
0.446 0.072 115.911 3.946 92.157 
2.983 53.657 49.285 30.65 26.687 
2.287 0.227 83.864 102.379 1.376 
0.002 0.572 19.153 201.102 1.61 
11.452 0.23 0.006 89.888 0.046 
175.231 18.019 1.497 0.549 1.453 
0.005 0.001 2.494 0.007 365.366 
44.287 81.945 41.861 26.947 0.686 
0.0 0.001 0.0 2.414 352.004 
0.0 0.0 0.025 135.981 4.742 
2.983 53.657 49.285 30.65 26.687 
76.654 1.603 1.642 66.194 0.095 
