0.017 0.0 0.144 0.392 263.065 
0.0 0.0 0.001 356.294 45.141 
0.0 0.0 0.0 132.146 104.678 
344.324 1.108 0.907 1.123 0.292 
0.005 0.005 0.202 0.001 249.684 
8.88 277.61 3.656 0.691 0.034 
0.0 0.0 0.0 0.448 213.041 
54.83 0.131 335.302 6.257 0.333 
0.001 0.036 0.0 389.126 0.045 
4.541 0.015 164.152 120.385 0.002 
236.464 29.696 3.397 14.655 0.017 
344.324 1.108 0.907 1.123 0.292 
7.846 10.225 0.029 213.681 0.195 
0.479 243.453 0.391 23.652 0.484 
5.477 182.743 0.182 3.021 0.093 
0.0 0.029 0.0 298.206 0.251 
64.257 62.7 90.699 59.125 0.236 
0.0 0.064 5.432 0.004 150.285 
0.772 0.335 167.799 0.812 80.197 
3.214 14.674 198.947 2.024 57.908 
0.02 0.286 0.089 0.001 188.107 
54.83 0.131 335.302 6.257 0.333 
0.0 0.0 0.0 0.448 213.041 
0.479 243.453 0.391 23.652 0.484 
93.735 101.83 17.886 3.422 0.283 
0.0 0.0 0.001 356.294 45.141 
8.88 277.61 3.656 0.691 0.034 
0.283 143.92 0.379 184.242 0.006 
0.0 0.0 0.0 132.146 104.678 
0.343 0.059 119.136 54.61 35.476 
122.827 54.969 41.437 0.522 43.593 
0.0 0.0 0.0 3.032 135.163 
3.022 125.648 0.007 163.974 0.018 
1.208 40.306 151.964 1.882 0.019 
186.512 23.868 102.048 0.495 0.003 
0.139 4.349 300.379 0.726 0.035 
0.139 4.349 300.379 0.726 0.035 
0.02 0.286 0.089 0.001 188.107 
1.109 0.482 241.053 1.166 1.29 
0.343 0.059 119.136 54.61 35.476 
0.324 0.352 270.328 0.007 0.016 
93.735 101.83 17.886 3.422 0.283 
27.159 0.04 52.508 93.69 27.262 
0.324 0.352 270.328 0.007 0.016 
27.159 0.04 52.508 93.69 27.262 
0.001 0.036 0.0 389.126 0.045 
1.674 78.43 0.86 71.77 8.887 
164.049 18.653 1.962 2.961 8.48 
1.04 34.688 152.279 30.908 16.651 
63.994 1.811 73.989 134.389 0.017 
2.289 0.994 219.777 0.297 13.04 
186.512 23.868 102.048 0.495 0.003 
0.001 0.001 0.0 309.23 7.114 
5.168 161.563 2.128 10.897 0.151 
141.307 61.385 2.587 11.16 1.145 
17.055 140.673 0.008 34.2 0.161 
10.594 4.741 86.105 21.085 25.491 
213.987 24.372 10.923 57.936 0.71 
0.0 0.024 0.0 337.624 0.61 
43.159 94.471 66.76 0.487 0.009 
0.272 0.295 30.781 118.562 2.184 
2.163 12.023 45.028 37.417 73.2 
0.628 0.301 50.503 208.76 0.011 
0.165 83.91 0.221 107.419 1.014 
166.9 2.822 0.509 16.479 6.315 
0.134 0.004 0.052 0.015 97.546 
1.109 0.482 241.053 1.166 1.29 
208.074 61.441 3.439 17.614 0.009 
5.168 161.563 2.128 10.897 0.151 
122.827 54.969 41.437 0.522 43.593 
0.0 0.064 5.432 0.004 150.285 
0.089 178.335 1.917 0.585 0.088 
0.071 127.199 70.912 0.143 41.261 
43.159 94.471 66.76 0.487 0.009 
0.0 0.0 0.0 3.032 135.163 
3.022 125.648 0.007 163.974 0.018 
0.283 143.92 0.379 184.242 0.006 
0.046 1.918 106.725 17.869 39.14 
38.29 37.343 3.466 64.729 0.332 
2.877 72.092 0.46 45.4 0.041 
141.307 61.385 2.587 11.16 1.145 
6.425 37.355 77.12 101.879 0.187 
1.208 40.306 151.964 1.882 0.019 
0.034 74.168 64.41 0.03 62.414 
0.0 0.0 0.001 356.294 45.141 
114.6 0.369 55.768 0.37 2.493 
0.017 0.0 0.144 0.392 263.065 
0.005 0.005 0.202 0.001 249.684 
230.684 0.742 0.608 3.72 0.198 
0.034 74.168 64.41 0.03 62.414 
0.209 106.366 0.171 0.254 70.924 
0.0 0.024 0.0 337.624 0.61 
60.725 0.145 202.322 4.22 0.225 
10.594 4.741 86.105 21.085 25.491 
236.464 29.696 3.397 14.655 0.017 
130.873 16.748 71.606 0.475 0.009 
0.209 106.366 0.171 0.254 70.924 
105.159 142.649 1.366 0.235 0.327 
1.04 34.688 152.279 30.908 16.651 
4.541 0.015 164.152 120.385 0.002 
