0.931 36.942 87.486 0.749 0.044 
100.539 3.194 2.177 54.115 0.143 
41.01 50.312 0.006 0.228 30.405 
28.964 24.277 0.209 0.376 66.136 
0.0 0.019 48.858 128.489 0.067 
311.487 0.169 1.224 0.438 0.019 
0.052 61.137 31.722 0.232 30.933 
54.453 0.03 0.214 1.43 53.538 
1.116 50.234 0.859 137.248 0.072 
0.831 65.806 0.262 51.521 33.796 
93.75 0.051 0.368 0.235 31.351 
0.0 0.0 0.0 0.004 71.528 
0.0 0.011 29.449 77.446 18.991 
45.19 103.902 0.586 0.209 0.104 
0.03 0.007 0.0 131.262 43.605 
58.778 22.712 30.585 0.01 0.04 
0.007 37.79 0.148 27.563 58.567 
52.972 0.029 27.477 2.103 27.425 
0.001 0.0 54.738 40.628 39.562 
0.005 0.002 0.075 0.0 201.826 
6.985 0.156 65.234 0.46 0.006 
0.066 0.023 228.767 1.609 1.983 
0.893 40.226 0.688 109.906 27.473 
147.951 1.056 3.635 47.418 0.172 
0.931 36.942 87.486 0.749 0.044 
2.478 98.299 0.396 0.142 0.133 
100.539 3.194 2.177 54.115 0.143 
5.637 73.542 3.778 0.116 0.022 
41.01 50.312 0.006 0.228 30.405 
28.964 24.277 0.209 0.376 66.136 
0.0 0.019 48.858 128.489 0.067 
311.487 0.169 1.224 0.438 0.019 
1.667 28.59 5.741 0.006 34.344 
20.497 0.003 10.349 62.92 0.868 
5.473 19.559 2.894 73.412 0.872 
49.517 19.134 25.766 30.125 0.045 
151.696 4.819 0.027 1.101 0.047 
0.052 61.137 31.722 0.232 30.933 
54.453 0.03 0.214 1.43 53.538 
1.116 50.234 0.859 137.248 0.072 
147.946 1.056 3.635 47.416 0.178 
227.037 0.123 0.892 5.621 0.069 
0.831 65.806 0.262 51.521 33.796 
1.029 40.815 15.705 0.344 0.128 
110.651 13.55 2.606 16.451 0.037 
0.006 0.0 11.01 51.027 0.027 
93.75 0.051 0.368 0.235 31.351 
0.014 0.003 0.06 271.458 0.6 
0.0 0.0 0.0 0.004 71.528 
0.002 0.166 0.019 0.001 303.623 
0.0 0.011 29.449 77.446 18.991 
2.8 221.637 5.475 0.322 0.088 
45.19 103.902 0.586 0.209 0.104 
11.82 0.084 72.533 43.144 0.018 
233.187 0.127 0.916 0.584 0.086 
0.03 0.007 0.0 131.262 43.605 
0.057 0.009 53.058 40.913 0.484 
45.71 38.941 11.965 41.447 0.003 
1.364 107.943 0.429 0.655 0.03 
0.022 0.046 126.089 22.637 8.879 
0.0 0.015 27.093 30.851 4.43 
13.787 28.114 0.045 0.059 12.589 
1.864 31.97 0.133 0.005 32.406 
9.499 0.001 0.002 144.113 1.421 
0.064 12.382 0.428 147.689 0.07 
94.911 11.622 0.184 13.658 0.042 
5.473 19.559 2.894 73.412 0.872 
0.0 0.065 105.398 2.243 0.041 
58.778 22.712 30.585 0.01 0.04 
0.053 0.013 0.0 231.011 0.1 
0.075 0.001 140.032 18.177 0.141 
176.562 1.261 0.028 1.25 0.053 
0.47 0.015 0.023 133.252 0.688 
0.007 37.79 0.148 27.563 58.567 
52.972 0.029 27.477 2.103 27.425 
0.001 0.073 0.0 258.621 0.112 
17.358 0.009 2.455 3.557 14.049 
35.781 0.444 0.525 0.548 2.226 
0.052 12.252 0.289 144.46 12.005 
0.001 0.0 54.738 40.628 39.562 
0.64 0.0 92.761 0.131 18.8 
0.967 0.005 0.124 126.723 0.114 
14.589 102.321 2.742 0.715 0.027 
0.0 0.345 77.169 0.012 23.511 
0.531 0.0 36.163 15.824 17.441 
1.463 5.277 0.026 102.618 17.658 
26.475 12.236 0.113 0.826 0.088 
0.165 0.0 0.0 43.147 36.694 
0.0 0.042 0.005 165.853 0.072 
0.005 0.002 0.075 0.0 201.826 
29.905 0.016 0.702 10.352 22.749 
0.004 0.806 8.097 102.174 8.491 
0.08 0.235 0.03 49.509 61.256 
0.055 0.035 146.127 2.096 3.438 
6.985 0.156 65.234 0.46 0.006 
0.0 0.0 0.0 0.022 277.682 
4.878 211.968 0.852 3.02 0.003 
0.066 0.023 228.767 1.609 1.983 
0.893 40.226 0.688 109.906 27.473 
0.0 0.009 0.15 204.818 0.016 
