128.011 47.599 10.238 0.692 6.379 
11.827 17.152 0.987 30.174 35.123 
8.874 106.108 1.102 27.712 25.248 
194.899 8.362 98.595 1.187 5.903 
0.007 0.027 10.6 5.373 29.953 
0.0 0.0 0.014 114.994 28.598 
67.306 3.936 4.153 18.353 3.206 
1.085 0.366 17.272 110.47 1.317 
49.495 18.404 15.217 134.362 0.697 
163.587 47.357 122.407 1.31 0.826 
0.356 0.073 50.146 3.264 49.613 
0.022 0.053 0.416 88.449 25.214 
0.039 0.0 0.769 313.788 19.79 
0.0 0.015 0.076 0.328 75.992 
104.961 50.455 75.388 0.859 10.014 
43.515 2.361 95.112 34.99 7.11 
0.977 0.0 0.017 1.945 162.0 
64.829 117.367 35.476 0.856 7.746 
185.363 68.925 4.466 0.963 8.881 
0.003 0.001 0.259 23.916 52.311 
82.709 23.944 170.024 1.088 0.89 
42.041 60.967 3.507 43.957 2.931 
20.43 126.195 1.405 35.339 11.535 
0.079 0.043 27.212 41.393 12.067 
162.052 41.209 98.595 1.187 5.903 
0.0 0.0 0.0 0.003 175.833 
0.103 0.074 2.678 260.238 2.887 
0.938 0.19 0.011 204.867 36.17 
0.017 0.028 13.788 6.989 19.588 
23.558 1.451 44.093 0.006 46.43 
0.511 3.188 17.748 20.881 19.049 
77.737 140.734 96.793 1.239 3.242 
12.294 4.571 66.252 134.362 0.697 
0.682 0.14 96.119 6.256 0.255 
22.862 42.719 2.233 85.127 2.979 
0.166 11.293 8.694 1.301 40.143 
0.018 0.004 0.436 177.657 11.204 
1.196 0.001 0.011 217.428 34.688 
5.493 228.379 9.835 0.958 10.575 
0.237 0.015 0.122 0.362 133.318 
73.668 35.412 106.144 0.801 3.126 
0.0 0.0 0.0 0.001 221.786 
0.35 0.238 5.158 2.536 37.547 
0.001 0.001 0.526 94.951 33.099 
0.129 0.027 1.427 3.724 42.47 
0.0 0.0 0.057 108.414 44.64 
0.722 0.001 0.012 1.44 119.946 
128.011 47.599 10.238 0.692 6.379 
11.827 17.152 0.987 30.174 35.123 
8.874 106.108 1.102 27.712 25.248 
194.899 8.362 98.595 1.187 5.903 
0.539 0.11 0.006 225.185 39.653 
0.007 0.027 10.6 5.373 29.953 
0.001 0.002 2.163 0.042 54.894 
0.0 0.0 0.014 114.994 28.598 
67.306 3.936 4.153 18.353 3.206 
1.085 0.366 17.272 110.47 1.317 
49.495 18.404 15.217 134.362 0.697 
163.587 47.357 122.407 1.31 0.826 
0.356 0.073 50.146 3.264 49.613 
0.022 0.053 0.416 88.449 25.214 
0.039 0.0 0.769 313.788 19.79 
1.014 0.234 0.012 226.689 36.166 
0.0 0.015 0.076 0.328 75.992 
104.961 50.455 75.388 0.859 10.014 
43.515 2.361 95.112 34.99 7.11 
0.977 0.0 0.017 1.945 162.0 
64.829 117.367 35.476 0.856 7.746 
185.363 68.925 4.466 0.963 8.881 
0.003 0.001 0.259 23.916 52.311 
82.709 23.944 170.024 1.088 0.89 
42.041 60.967 3.507 43.957 2.931 
20.43 126.195 1.405 35.339 11.535 
0.079 0.043 27.212 41.393 12.067 
162.052 41.209 98.595 1.187 5.903 
0.003 0.127 39.692 54.062 4.058 
0.0 0.0 0.0 0.003 175.833 
0.103 0.074 2.678 260.238 2.887 
0.938 0.19 0.011 204.867 36.17 
0.017 0.028 13.788 6.989 19.588 
23.558 1.451 44.093 0.006 46.43 
0.511 3.188 17.748 20.881 19.049 
0.0 0.0 0.0 2.207 54.894 
77.737 140.734 96.793 1.239 3.242 
12.294 4.571 66.252 134.362 0.697 
0.682 0.14 96.119 6.256 0.255 
22.862 42.719 2.233 85.127 2.979 
0.166 11.293 8.694 1.301 40.143 
0.018 0.004 0.436 177.657 11.204 
1.196 0.001 0.011 217.428 34.688 
5.493 228.379 9.835 0.958 10.575 
0.131 0.002 40.612 55.315 1.882 
0.237 0.015 0.122 0.362 133.318 
73.668 35.412 106.144 0.801 3.126 
0.0 0.0 0.0 0.001 221.786 
0.35 0.238 5.158 2.536 37.547 
0.001 0.001 0.526 94.951 33.099 
0.129 0.027 1.427 3.724 42.47 
0.0 0.0 0.057 108.414 44.64 
0.722 0.001 0.012 1.44 119.946 
