215.357 9.347 0.208 3.217 5.698 
0.051 0.002 0.0 0.013 195.949 
0.051 0.002 0.0 0.013 195.949 
14.941 189.261 2.97 0.584 16.566 
0.0 0.0 0.0 0.034 100.042 
0.051 2.277 0.0 123.719 0.357 
0.023 0.229 0.078 87.73 0.18 
82.364 1.42 296.769 11.359 2.04 
0.0 0.0 0.0 0.034 100.042 
9.783 123.925 46.871 0.509 14.439 
14.941 189.261 2.97 0.584 16.566 
113.521 0.751 265.287 0.386 1.978 
166.678 0.429 72.025 7.138 22.98 
0.014 0.05 11.631 92.119 13.632 
0.051 2.277 0.0 123.719 0.357 
4.139 52.423 19.827 53.206 1.086 
200.22 3.452 96.423 8.958 1.609 
82.364 1.42 296.769 11.359 2.04 
2.133 37.031 216.503 17.64 1.423 
108.227 0.065 46.675 30.033 17.263 
166.678 0.429 72.025 7.138 22.98 
0.602 11.011 13.653 32.632 5.403 
0.402 70.024 163.498 0.66 7.218 
0.009 0.061 0.745 0.084 53.803 
5.762 100.053 0.318 7.323 38.162 
67.257 0.74 68.666 22.242 2.011 
0.402 70.024 163.498 0.66 7.218 
0.023 0.08 0.005 45.552 84.611 
0.033 5.722 57.033 67.131 3.998 
5.762 100.053 0.318 7.323 38.162 
1.459 39.185 235.553 0.133 22.033 
67.257 0.74 68.666 22.242 2.011 
9.783 123.925 46.871 0.509 14.439 
42.92 0.275 100.279 0.405 50.329 
113.521 0.751 265.287 0.386 1.978 
0.017 0.001 0.0 72.82 0.482 
90.256 1.581 0.276 17.852 45.414 
3.183 0.021 120.415 18.907 89.022 
200.22 3.452 96.423 8.958 1.609 
11.433 1.65 15.301 36.659 6.069 
215.357 9.347 0.208 3.217 5.698 
1.459 39.185 235.553 0.133 22.033 
1.345 6.711 129.694 13.595 7.859 
2.133 37.031 216.503 17.64 1.423 
3.707 7.214 25.354 45.332 14.86 
4.139 52.423 19.827 53.206 1.086 
0.582 2.062 144.613 7.644 14.454 
1.563 1.104 26.578 46.514 41.153 
42.92 0.275 100.279 0.405 50.329 
3.183 0.021 120.415 18.907 89.022 
1.706 8.508 164.435 17.237 5.854 
4.678 2.762 181.706 6.861 18.25 
3.734 47.305 17.892 48.012 1.809 
4.678 2.762 181.706 6.861 18.25 
3.729 6.787 105.262 3.392 6.188 
23.844 6.771 38.249 2.056 2.198 
6.971 1.1 197.139 10.653 2.328 
23.844 6.771 38.249 2.056 2.198 
0.28 4.869 125.777 6.797 12.824 
90.256 1.581 0.276 17.852 45.414 
20.417 5.798 84.776 3.313 3.542 
0.295 10.842 73.862 4.412 16.282 
0.582 2.062 144.613 7.644 14.454 
13.855 3.935 0.004 0.253 33.441 
5.233 10.184 89.35 0.05 8.358 
7.648 0.798 206.285 10.259 40.97 
7.648 0.798 206.285 10.259 40.97 
31.74 0.349 11.249 30.186 0.616 
0.002 0.008 0.247 68.521 20.265 
35.181 9.991 0.042 1.35 0.242 
0.01 0.171 0.001 48.214 19.987 
34.942 9.923 0.042 1.34 25.676 
0.014 0.05 11.631 92.119 13.632 
1.49 1.052 62.08 3.355 37.739 
1.706 8.508 164.435 17.237 5.854 
1.345 6.711 129.694 13.595 7.859 
20.417 5.798 84.776 3.313 3.542 
3.734 47.305 17.892 48.012 1.809 
1.351 4.791 21.714 35.977 18.808 
16.985 3.575 24.172 1.335 25.576 
0.023 0.229 0.078 87.73 0.18 
0.017 0.001 0.0 72.82 0.482 
31.74 0.349 11.249 30.186 0.616 
108.227 0.065 46.675 30.033 17.263 
13.855 3.935 0.004 0.253 33.441 
0.033 5.722 57.033 67.131 3.998 
28.751 4.537 11.669 10.915 0.291 
7.383 0.771 199.154 17.682 40.97 
1.49 1.052 62.08 3.355 37.739 
1.632 9.72 13.348 31.901 15.219 
0.295 10.842 73.862 4.412 16.282 
28.751 4.537 11.669 10.915 0.291 
0.28 4.869 125.777 6.797 12.824 
16.985 3.575 24.172 1.335 25.576 
0.023 0.08 0.005 45.552 84.611 
5.233 10.184 89.35 0.05 8.358 
1.351 4.791 21.714 35.977 18.808 
11.433 1.65 15.301 36.659 6.069 
0.009 0.061 0.745 0.084 53.803 
3.64 6.625 102.751 11.154 6.448 
