0.003 0.005 0.002 0.005 0.765 0.055 3.763 0.26 0.458 178.184 145.66 47.366 30.116 26.042 7.743 
0.0 0.0 0.0 0.0 0.0 0.002 0.003 0.011 0.012 0.344 2.604 1.169 345.533 37.725 46.887 
0.0 0.0 0.0 0.0 0.001 0.002 0.006 0.02 0.217 0.272 1.199 277.99 0.013 58.553 2.894 
0.003 0.003 0.005 0.006 0.911 0.036 4.347 2.109 0.699 272.159 76.921 51.401 22.724 1.359 7.743 
0.0 0.0 0.0 0.0 0.0 0.0 0.0 0.0 0.0 0.0 0.0 0.032 17.83 176.351 283.292 
0.0 0.0 0.039 0.016 0.189 0.429 6.075 0.228 14.68 90.737 74.181 2.203 85.827 57.482 2.841 
0.0 0.0 0.0 0.0 0.008 0.001 0.016 0.039 0.042 0.535 0.756 245.394 112.202 30.423 0.993 
0.0 0.003 0.007 0.002 0.119 0.002 3.187 53.603 0.017 4.983 37.883 73.824 9.659 34.256 105.917 
0.009 0.011 0.003 0.009 0.011 0.012 0.287 0.03 0.395 0.148 24.045 110.316 0.0 153.164 38.594 
0.0 0.0 0.0 0.0 0.0 0.0 0.0 0.0 0.001 0.002 0.007 0.031 0.14 210.551 109.058 
0.0 0.0 0.0 0.0 0.0 0.0 0.0 0.002 12.378 14.299 28.47 123.036 168.651 14.736 45.825 
0.003 0.005 0.002 0.005 0.765 0.055 3.763 0.26 0.458 178.184 145.66 47.366 30.116 26.042 7.743 
0.0 0.0 0.0 0.0 0.001 0.004 0.013 0.0 0.022 0.16 0.42 100.384 88.444 149.444 6.903 
0.0 0.0 0.0 0.0 0.0 0.0 0.0 0.0 0.0 0.0 0.0 0.188 98.744 20.075 263.799 
0.0 0.0 0.002 0.001 0.234 0.017 3.39 0.206 0.363 141.257 39.924 26.678 19.567 14.835 4.411 
0.0 0.0 0.0 0.0 0.0 0.002 0.003 0.011 0.012 0.344 2.604 1.169 345.533 37.725 46.887 
0.0 0.0 0.0 0.0 0.001 0.002 0.006 0.02 0.217 0.272 1.199 277.99 0.013 58.553 2.894 
0.005 0.009 0.0 0.038 0.018 0.053 0.282 0.26 0.084 0.174 0.126 1.753 233.668 0.161 92.637 
0.001 0.008 0.07 0.144 1.459 3.082 7.153 0.674 0.528 22.326 35.219 201.909 0.011 113.0 56.759 
0.014 0.098 0.026 0.07 0.734 0.241 8.926 4.588 122.024 64.578 71.482 9.359 0.201 57.292 6.078 
0.003 0.003 0.005 0.006 0.911 0.036 4.347 2.109 0.699 272.159 76.921 51.401 22.724 1.359 7.743 
0.011 0.001 0.003 0.002 1.262 0.091 1.439 0.159 1.426 3.805 109.778 86.548 8.83 4.634 26.383 
0.0 0.0 0.001 0.0 0.003 0.008 0.032 0.001 0.03 0.167 0.512 122.415 107.854 182.242 0.883 
0.0 0.005 0.045 0.04 0.213 1.337 2.464 1.863 0.064 1.194 3.527 103.369 0.005 276.684 33.695 
0.0 0.0 0.0 0.0 0.0 0.0 0.0 0.0 0.0 0.0 0.0 0.032 17.83 176.351 283.292 
0.0 0.0 0.0 0.0 0.0 0.0 0.0 0.0 0.0 0.002 0.008 0.024 1.356 60.917 89.75 
0.0 0.001 0.003 0.002 0.019 0.044 0.116 0.006 1.459 6.917 5.655 0.168 153.521 35.149 5.044 
0.0 0.0 0.0 0.0 0.0 0.0 0.0 0.0 0.0 0.0 0.0 0.144 98.789 20.075 263.799 
0.019 0.002 0.005 0.003 0.161 0.674 1.742 5.659 9.137 72.912 81.683 24.75 0.009 30.548 1.945 
0.0 0.0 0.0 0.0 0.001 0.006 0.018 0.005 0.228 0.412 1.55 55.473 50.518 55.471 28.958 
0.0 0.0 0.039 0.016 0.189 0.429 6.075 0.228 14.68 90.737 74.181 2.203 85.827 57.482 2.841 
0.0 0.0 0.0 0.0 0.008 0.001 0.016 0.039 0.042 0.535 0.756 245.394 112.202 30.423 0.993 
0.011 0.013 0.006 0.005 0.008 0.001 0.846 1.133 0.091 4.255 67.33 0.951 52.564 95.578 22.004 
0.0 0.0 0.003 0.002 0.022 0.0 0.041 0.031 0.081 0.306 0.483 61.318 25.857 213.693 13.005 
0.001 0.004 0.001 0.003 0.858 0.93 13.555 0.868 134.674 71.273 78.892 10.329 21.582 67.566 7.167 
0.0 0.0 0.0 0.0 0.0 0.0 0.0 0.0 0.0 0.0 0.0 0.169 88.715 38.045 281.358 
0.0 0.0 0.0 0.0 0.0 0.0 0.008 0.001 0.008 0.532 0.286 0.037 0.438 0.033 246.647 
0.001 0.002 0.008 0.006 0.874 0.063 4.302 0.297 0.088 189.148 53.46 35.723 9.483 18.794 5.588 
0.0 0.0 0.0 0.0 0.0 0.001 0.002 0.007 0.007 0.213 1.614 0.499 195.285 85.872 34.311 
0.056 0.004 0.014 0.064 7.261 8.727 72.696 5.024 36.542 60.349 67.731 1.398 13.153 22.35 3.163 
0.0 0.004 0.003 0.001 0.599 0.023 0.896 0.697 1.068 5.909 123.168 97.104 9.907 5.199 29.601 
0.001 0.0 0.041 0.006 0.084 0.58 1.854 0.038 1.717 6.89 25.932 0.439 32.907 153.059 4.553 
0.0 0.0 0.0 0.0 0.0 0.001 0.004 0.011 0.127 0.134 0.583 139.407 119.845 54.448 2.691 
0.0 0.0 0.0 0.0 0.011 0.001 0.025 0.008 0.097 0.279 0.377 140.216 64.111 17.384 1.904 
0.0 0.001 0.011 0.014 0.287 0.095 0.823 0.559 1.465 5.542 35.198 6.331 4.325 157.15 6.405 
0.0 0.0 0.0 0.0 0.0 0.017 0.093 0.935 1.111 0.213 0.841 5.935 0.824 200.534 3.767 
0.788 0.659 1.215 1.152 0.15 0.455 0.949 0.844 0.706 67.246 38.906 105.147 11.14 60.141 8.619 
0.0 0.0 0.0 0.0 0.0 0.0 0.0 0.0 0.0 0.001 0.003 62.695 0.002 102.918 107.97 
0.006 0.156 0.044 0.092 0.02 0.381 3.146 0.858 5.198 41.482 33.913 83.567 45.471 44.866 2.218 
0.004 0.003 0.003 0.003 0.058 0.275 0.58 0.008 0.812 15.048 10.703 1.214 154.243 48.407 4.14 
0.283 0.0 0.037 0.569 2.382 2.67 6.019 8.377 9.117 45.609 92.724 2.166 11.779 28.216 1.662 
0.0 0.003 0.007 0.002 0.119 0.002 3.187 53.603 0.017 4.983 37.883 73.824 9.659 34.256 105.917 
0.009 0.011 0.003 0.009 0.011 0.012 0.287 0.03 0.395 0.148 24.045 110.316 0.0 153.164 38.594 
0.0 0.0 0.0 0.0 0.0 0.0 0.0 0.0 0.0 0.002 0.013 0.001 8.968 31.271 294.737 
0.004 0.002 0.001 0.001 0.003 0.001 0.003 0.034 18.911 1.909 10.725 12.416 0.13 9.436 99.11 
0.0 0.0 0.0 0.0 0.0 0.0 0.0 0.0 0.045 32.924 27.425 104.795 77.901 33.403 2.366 
0.0 0.0 0.0 0.002 0.063 0.092 0.264 0.217 0.068 0.478 0.18 13.325 60.875 41.821 6.163 
0.012 0.002 0.002 0.002 0.001 0.014 0.007 0.118 0.301 4.946 0.517 16.904 184.019 8.24 5.508 
0.0 0.0 0.0 0.0 0.0 0.0 0.0 0.0 0.002 0.001 0.054 0.002 0.61 258.809 4.643 
0.0 0.0 0.0 0.0 0.001 0.001 0.106 0.12 0.253 0.098 13.723 68.397 78.275 80.335 9.646 
0.0 0.0 0.0 0.0 0.0 0.113 0.26 1.093 0.186 0.384 0.204 0.53 231.045 2.816 92.637 
0.0 0.0 0.0 0.0 0.0 0.0 0.0 0.0 0.0 0.001 0.004 0.0 0.004 0.011 304.43 
0.0 0.0 0.0 0.0 0.0 0.0 0.0 0.017 0.281 3.365 0.044 25.844 122.46 75.868 2.314 
0.0 0.005 0.042 0.088 0.889 1.877 4.356 3.294 0.442 18.709 29.513 169.199 0.009 94.694 47.564 
0.0 0.0 0.0 0.0 0.0 0.0 0.002 0.0 0.002 0.434 0.166 1.03 2.522 140.642 18.208 
0.015 0.003 0.005 0.036 0.128 0.035 0.218 0.084 0.252 0.002 67.076 139.028 9.829 61.061 0.501 
0.0 0.0 0.0 0.0 0.0 0.02 0.002 1.218 0.53 0.176 71.393 18.203 111.383 2.544 89.015 
0.003 0.001 0.005 0.004 0.001 0.004 0.008 0.005 0.235 2.588 3.875 74.84 95.554 46.444 0.713 
0.0 0.0 0.0 0.0 0.0 0.0 0.0 0.002 0.021 0.057 0.012 0.056 0.002 0.192 296.45 
0.0 0.0 0.0 0.0 0.002 0.004 0.001 0.001 0.0 0.378 0.51 2.031 2.923 5.811 223.094 
0.0 0.0 0.0 0.0 0.0 0.002 0.0 0.003 0.006 0.015 0.018 0.015 32.467 0.588 149.142 
0.0 0.0 0.0 0.0 0.0 0.0 0.0 0.002 0.045 0.051 0.112 0.719 3.0 0.605 192.935 
0.0 0.0 0.0 0.019 0.005 0.006 0.086 0.221 7.587 3.864 10.558 4.078 81.639 15.593 2.596 
0.0 0.0 0.0 0.0 0.0 0.0 0.0 0.0 0.001 0.002 0.007 0.031 0.14 210.551 109.058 
0.0 0.0 0.0 0.0 0.0 0.0 0.0 0.0 0.0 0.0 0.0 0.206 0.117 56.022 113.439 
0.0 0.0 0.0 0.0 0.0 0.0 0.0 0.0 0.003 0.005 0.044 1.177 0.135 10.545 234.577 
0.0 0.0 0.0 0.0 0.001 0.068 0.244 1.857 0.713 28.639 92.284 2.918 16.593 11.733 0.491 
0.0 0.0 0.0 0.0 0.0 0.0 0.0 0.0 0.003 0.0 0.686 0.114 14.507 26.044 225.247 
0.0 0.0 0.0 0.0 0.0 0.0 0.0 0.0 0.0 0.001 0.001 0.014 0.654 87.979 127.695 
0.0 0.004 0.001 0.003 0.145 0.028 0.205 0.043 0.589 0.222 0.004 0.597 0.669 15.639 108.153 
0.0 0.0 0.0 0.0 0.0 0.0 0.0 0.0 0.025 0.008 0.018 0.142 9.225 3.047 73.131 
0.0 0.0 0.0 0.0 0.0 0.0 0.0 0.001 0.0 0.009 0.016 0.137 88.956 30.871 93.169 
0.0 0.0 0.002 0.0 0.003 0.003 0.02 0.017 0.294 0.67 52.742 6.942 153.729 43.972 16.873 
0.003 0.006 0.014 0.039 0.1 0.071 0.022 0.148 0.897 0.672 1.471 42.869 99.863 84.312 4.695 
0.0 0.0 0.0 0.0 0.0 0.0 0.0 0.006 0.03 0.007 0.009 2.357 18.588 11.021 184.005 
0.0 0.0 0.0 0.0 0.006 0.154 1.09 1.186 0.377 2.852 3.187 0.158 97.387 76.489 70.469 
0.0 0.001 0.005 0.005 0.022 0.014 0.011 0.063 0.104 1.333 0.123 0.453 1.45 16.209 140.858 
0.0 0.0 0.0 0.0 0.0 0.0 0.001 0.0 0.002 0.0 0.155 0.455 13.384 42.026 202.351 
0.0 0.0 0.002 0.009 0.016 0.024 0.091 0.098 0.624 4.094 17.622 105.992 91.786 48.566 37.841 
0.0 0.0 0.0 0.0 0.0 0.0 0.0 0.0 0.0 0.005 0.595 2.872 28.843 302.963 13.403 
0.0 0.0 0.0 0.0 0.0 0.0 0.001 0.002 0.003 0.038 0.016 1.095 233.937 66.585 1.948 
0.0 0.0 0.0 0.0 0.0 0.0 0.0 0.076 0.022 0.143 0.019 0.552 10.134 133.318 28.861 
0.0 0.0 0.0 0.0 0.001 0.001 0.009 0.095 0.05 8.013 0.681 3.419 190.613 11.086 11.234 
0.0 0.0 0.0 0.0 0.0 0.0 0.033 0.024 0.0 0.03 0.048 81.977 65.986 81.643 29.303 
0.0 0.0 0.0 0.0 0.0 0.0 0.0 0.002 12.378 14.299 28.47 123.036 168.651 14.736 45.825 
0.0 0.0 0.0 0.0 0.002 0.0 0.006 0.004 0.01 0.696 1.077 32.842 81.223 2.774 95.251 
0.0 0.0 0.0 0.0 0.0 0.009 0.003 0.001 0.0 0.002 0.031 0.983 25.982 257.001 7.274 
0.0 0.0 0.0 0.0 0.0 0.0 0.0 0.0 0.001 0.002 0.028 0.204 0.313 6.006 311.339 
0.0 0.0 0.0 0.0 0.002 0.002 0.001 0.003 0.0 0.005 1.067 1.639 0.363 2.722 190.911 
0.0 0.001 0.0 0.008 0.003 0.003 0.0 0.006 0.003 0.025 0.228 0.015 24.401 21.731 130.36 
