0.08 0.124 0.054 0.131 0.135 0.037 2.526 0.175 0.307 154.246 125.27 111.247 31.54 27.274 8.109 
0.0 0.0 0.0 0.0 0.0 0.0 0.0 0.0 0.0 0.0 0.0 0.028 15.395 152.269 244.607 
0.0 0.003 0.007 0.002 0.112 0.002 3.005 50.541 0.004 4.697 35.711 69.591 9.105 44.765 105.917 
0.014 0.098 0.026 0.07 0.734 0.241 8.926 4.588 122.024 64.578 71.482 9.359 0.201 57.292 6.078 
0.011 0.001 0.003 0.002 1.262 0.091 1.439 0.159 1.426 3.805 109.778 86.548 8.83 4.634 26.383 
0.0 0.003 0.024 0.003 0.732 0.879 2.464 1.863 0.064 1.194 3.527 103.369 0.005 276.684 33.695 
0.0 0.0 0.039 0.016 0.192 0.437 6.185 0.232 14.946 92.38 75.524 2.243 87.38 58.523 2.893 
0.009 0.01 0.019 0.007 0.01 0.001 1.076 1.442 0.116 5.413 85.668 1.21 39.429 100.984 23.249 
0.006 0.001 0.013 0.032 0.114 0.031 0.194 0.075 0.224 0.002 59.733 123.807 8.753 54.376 0.446 
0.08 0.124 0.054 0.131 0.135 0.037 2.526 0.175 0.307 154.246 125.27 111.247 31.54 27.274 8.109 
0.0 0.0 0.0 0.0 0.0 0.002 0.003 0.011 0.012 0.352 2.666 0.438 290.488 31.715 39.417 
0.0 0.0 0.0 0.0 0.001 0.002 0.006 0.019 0.206 0.258 1.136 263.357 14.737 58.553 2.894 
0.002 0.002 0.003 0.003 1.204 0.047 5.682 0.889 0.738 287.282 81.195 54.257 0.02 1.359 7.743 
0.0 0.0 0.0 0.0 0.0 0.0 0.0 0.0 0.0 0.0 0.0 0.028 15.395 152.269 244.607 
0.0 0.0 0.0 0.0 0.007 0.0 0.014 0.033 0.036 0.461 0.652 211.622 96.76 26.236 0.856 
0.0 0.003 0.007 0.002 0.112 0.002 3.005 50.541 0.004 4.697 35.711 69.591 9.105 44.765 105.917 
0.009 0.002 0.001 0.005 0.006 0.006 0.149 0.195 0.395 0.148 24.045 110.316 0.0 153.164 38.594 
0.0 0.0 0.0 0.0 0.0 0.0 0.0 0.0 0.0 0.001 0.004 0.017 0.079 119.232 131.545 
0.0 0.0 0.0 0.0 0.0 0.0 0.0 0.0 0.261 8.752 9.618 41.566 189.556 10.611 32.998 
0.016 0.024 0.005 0.023 3.557 0.258 17.505 1.21 2.13 28.56 186.239 34.468 48.765 20.67 6.146 
0.0 0.0 0.0 0.0 0.001 0.004 0.012 0.0 0.02 0.149 0.391 93.529 82.404 139.239 6.432 
0.0 0.0 0.0 0.0 0.0 0.0 0.0 0.0 0.0 0.0 0.0 0.161 98.771 20.075 263.799 
0.0 0.001 0.003 0.002 0.288 0.009 4.012 0.244 0.43 167.179 13.229 26.678 19.567 14.835 4.411 
0.0 0.0 0.0 0.0 0.0 0.002 0.002 0.009 0.01 0.293 2.217 0.995 294.128 30.754 39.747 
0.0 0.0 0.0 0.0 0.001 0.005 0.012 0.04 0.323 0.424 0.91 277.99 0.013 58.553 2.894 
0.007 0.009 0.0 0.044 0.011 0.053 0.282 0.26 0.084 0.174 0.126 1.753 233.668 0.161 92.637 
0.0 0.007 0.059 0.121 1.23 2.597 6.028 0.208 0.429 18.175 28.67 164.368 0.009 91.989 46.206 
0.014 0.098 0.026 0.07 0.734 0.241 8.926 4.588 122.024 64.578 71.482 9.359 0.201 57.292 6.078 
0.003 0.003 0.005 0.006 0.911 0.036 4.347 2.109 0.699 272.159 76.921 51.401 22.724 1.359 7.743 
0.011 0.001 0.003 0.002 1.262 0.091 1.439 0.159 1.426 3.805 109.778 86.548 8.83 4.634 26.383 
0.0 0.0 0.0 0.0 0.002 0.011 0.032 0.001 0.03 0.167 0.512 122.415 107.854 182.242 0.883 
0.0 0.003 0.024 0.003 0.732 0.879 2.464 1.863 0.064 1.194 3.527 103.369 0.005 276.684 33.695 
0.0 0.0 0.0 0.0 0.0 0.0 0.0 0.0 0.0 0.001 0.002 0.1 0.306 59.96 86.958 
0.0 0.0 0.003 0.001 0.017 0.039 0.102 0.005 1.279 6.061 4.955 0.147 134.508 30.795 4.419 
0.0 0.0 0.0 0.0 0.0 0.0 0.0 0.0 0.0 0.0 0.0 0.144 98.789 20.075 263.799 
0.011 0.001 0.003 0.002 0.094 0.394 1.017 3.303 4.348 38.431 110.124 22.697 0.008 28.014 1.784 
0.0 0.0 0.0 0.0 0.003 0.013 0.04 0.011 0.505 0.912 1.285 69.194 63.013 28.706 28.958 
0.0 0.0 0.039 0.016 0.192 0.437 6.185 0.232 14.946 92.38 75.524 2.243 87.38 58.523 2.893 
0.009 0.01 0.019 0.007 0.01 0.001 1.076 1.442 0.116 5.413 85.668 1.21 39.429 100.984 23.249 
0.0 0.0 0.003 0.001 0.017 0.0 0.032 0.025 0.064 0.243 0.384 48.67 34.812 204.255 12.43 
0.0 0.0 0.0 0.0 0.0 0.0 0.0 0.0 0.0 0.0 0.0 0.169 88.715 38.045 281.358 
0.0 0.0 0.0 0.0 0.0 0.0 0.008 0.0 0.008 0.497 0.267 0.034 0.409 0.031 230.252 
0.002 0.0 0.008 0.005 0.372 0.569 4.314 0.284 0.088 189.148 53.46 35.723 9.483 18.794 5.588 
0.0 0.0 0.0 0.0 0.0 0.001 0.001 0.005 0.005 0.155 1.171 0.362 141.684 62.302 24.894 
0.031 0.002 0.008 0.036 4.082 4.905 40.864 44.888 36.921 60.974 68.433 1.412 13.289 22.582 0.103 
0.0 0.001 0.001 0.003 0.326 0.013 2.535 1.315 2.015 11.146 212.585 2.715 10.044 5.271 30.011 
0.0 0.0 0.023 0.004 0.048 0.333 1.064 0.022 0.985 3.954 14.883 15.638 32.359 150.509 4.478 
0.0 0.0 0.0 0.0 0.001 0.0 0.003 0.01 0.114 0.194 0.678 162.127 74.165 49.672 2.455 
0.0 0.0 0.0 0.0 0.003 0.013 0.035 0.012 0.133 0.182 0.339 126.03 87.175 18.129 1.389 
0.0 0.001 0.024 0.03 0.616 0.09 0.372 0.514 1.348 5.097 32.374 5.823 3.978 144.541 3.486 
0.0 0.0 0.0 0.0 0.0 0.01 0.056 0.563 0.668 1.044 0.831 5.864 0.814 198.13 6.29 
0.889 0.743 1.371 1.3 0.169 0.514 1.07 0.952 0.797 75.872 43.896 118.634 12.569 67.855 9.724 
0.0 0.0 0.0 0.0 0.0 0.0 0.0 0.0 0.0 0.001 0.003 62.695 0.002 102.918 107.97 
0.117 0.029 0.038 0.082 0.018 0.342 2.824 0.77 4.666 37.237 30.443 75.015 40.818 40.274 1.991 
0.005 0.004 0.003 0.003 0.064 0.306 0.646 0.009 0.905 16.757 11.919 1.352 171.765 53.906 4.61 
0.316 0.0 0.042 0.635 2.657 2.979 6.716 9.346 10.171 41.712 92.119 2.152 11.702 28.031 1.651 
0.007 0.008 0.002 0.006 0.008 0.009 0.212 0.022 0.293 0.109 17.796 81.644 0.0 113.356 28.563 
0.0 0.0 0.0 0.0 0.0 0.0 0.0 0.0 0.0 0.003 0.016 0.001 11.156 38.898 366.628 
0.002 0.001 0.0 0.0 0.001 0.0 0.01 0.034 18.911 1.909 10.725 12.416 0.13 9.436 99.11 
0.0 0.0 0.0 0.0 0.0 0.0 0.0 0.0 0.017 12.18 10.146 63.734 40.592 149.826 2.366 
0.0 0.0 0.0 0.002 0.065 0.094 0.271 0.223 0.07 0.491 0.185 13.671 62.455 42.907 3.084 
0.013 0.002 0.003 0.003 0.001 0.015 0.007 0.125 0.32 5.256 0.55 17.964 195.55 8.756 12.0 
0.0 0.0 0.0 0.0 0.0 0.0 0.0 0.0 0.001 0.002 0.045 0.002 0.505 214.433 93.442 
0.0 0.0 0.0 0.0 0.001 0.0 0.067 0.075 0.158 0.061 8.597 42.847 49.035 50.325 2.705 
0.0 0.0 0.0 0.0 0.0 0.113 0.26 1.093 0.186 0.384 0.205 0.531 231.156 2.817 92.681 
0.0 0.0 0.0 0.0 0.0 0.0 0.0 0.0 0.0 0.001 0.004 0.0 0.003 0.01 294.179 
0.0 0.0 0.0 0.0 0.0 0.0 0.0 0.017 0.281 3.365 0.044 25.844 122.46 75.868 2.314 
0.0 0.004 0.038 0.078 0.793 1.676 3.889 2.941 0.395 16.704 26.35 151.062 0.008 99.894 44.725 
0.0 0.0 0.0 0.0 0.0 0.002 0.029 0.0 0.028 0.461 0.197 1.222 2.993 166.929 21.611 
0.006 0.001 0.013 0.032 0.114 0.031 0.194 0.075 0.224 0.002 59.733 123.807 8.753 54.376 0.446 
0.0 0.0 0.0 0.0 0.0 0.028 0.002 1.741 0.758 0.252 101.997 26.007 159.129 3.635 0.937 
0.001 0.0 0.002 0.001 0.006 0.003 0.005 0.004 0.165 1.812 2.712 52.384 66.883 32.509 67.794 
0.0 0.0 0.0 0.0 0.0 0.0 0.0 0.002 0.021 0.058 0.012 0.056 0.002 0.194 300.6 
0.0 0.0 0.004 0.005 0.002 0.018 0.004 0.038 1.127 1.534 3.101 1.865 24.829 0.588 149.142 
0.0 0.0 0.0 0.0 0.0 0.0 0.0 0.0 0.0 0.0 0.0 0.001 0.538 0.083 196.849 
0.0 0.0 0.0 0.016 0.005 0.005 0.076 0.195 6.694 3.409 11.946 4.078 81.639 15.593 2.596 
0.0 0.0 0.0 0.0 0.0 0.0 0.0 0.0 0.001 0.002 0.007 0.031 0.14 210.551 109.058 
0.0 0.0 0.0 0.0 0.0 0.0 0.0 0.0 0.0 0.0 0.0 0.22 0.125 59.901 121.295 
0.0 0.0 0.0 0.0 0.0 0.0 0.0 0.0 0.002 0.003 0.028 0.745 0.085 10.479 223.388 
0.0 0.0 0.0 0.0 0.0 0.038 0.135 1.028 0.395 7.122 25.524 0.807 108.269 11.733 0.491 
0.0 0.0 0.0 0.0 0.0 0.0 0.0 0.003 0.024 0.001 5.13 0.85 0.557 22.413 157.831 
0.0 0.001 0.001 0.001 0.001 0.004 0.002 0.013 0.007 0.165 0.122 0.0 0.116 56.874 82.549 
0.0 0.0 0.0 0.0 0.009 0.002 0.012 0.003 0.036 0.013 0.0 0.036 4.44 13.596 108.153 
0.0 0.0 0.0 0.0 0.0 0.0 0.0 0.0 0.001 0.0 0.051 0.143 9.261 3.276 74.686 
0.0 0.0 0.0 0.0 0.0 0.0 0.0 0.001 0.0 0.009 0.017 0.139 90.495 29.329 93.169 
0.0 0.0 0.002 0.0 0.003 0.003 0.019 0.016 0.272 0.621 48.877 6.433 142.463 40.749 5.042 
0.001 0.003 0.006 0.018 0.046 0.032 0.01 0.067 0.408 0.475 0.796 23.191 54.023 45.61 2.54 
0.0 0.0 0.0 0.0 0.0 0.0 0.0 0.005 0.027 0.006 0.008 2.138 16.863 9.998 166.933 
0.0 0.0 0.0 0.0 0.009 0.214 1.517 1.651 0.525 0.81 2.659 0.132 81.244 63.81 58.788 
0.0 0.0 0.0 0.0 0.0 0.0 0.0 0.0 0.003 0.0 0.155 0.455 13.384 42.026 202.351 
0.0 0.0 0.002 0.009 0.005 0.014 0.055 0.059 0.379 2.485 10.698 64.344 55.72 81.638 30.311 
0.0 0.0 0.0 0.0 0.0 0.0 0.001 0.0 0.001 0.049 5.863 28.283 284.041 70.139 15.525 
0.0 0.0 0.0 0.0 0.0 0.0 0.001 0.002 0.003 0.038 0.016 1.095 233.937 66.585 1.948 
0.0 0.0 0.0 0.0 0.0 0.0 0.0 0.076 0.022 0.143 0.019 0.552 10.134 133.318 28.861 
0.0 0.0 0.0 0.002 0.037 0.019 0.291 3.099 1.637 2.594 1.621 3.593 200.308 11.65 1.591 
0.0 0.0 0.0 0.0 0.0 0.0 0.001 0.001 0.0 0.087 0.048 81.977 65.986 81.643 29.303 
0.0 0.0 0.0 0.0 0.0 0.0 0.0 0.0 1.242 1.435 2.857 101.177 171.658 11.827 36.779 
0.0 0.0 0.0 0.001 0.0 0.224 0.086 0.029 0.0 0.167 1.056 10.037 15.41 257.001 7.274 
0.0 0.0 0.0 0.0 0.0 0.0 0.0 0.0 0.0 0.0 0.0 0.009 0.236 6.309 311.339 
0.0 0.0 0.0 0.003 0.011 0.004 0.0 0.001 0.003 0.025 0.228 0.015 24.401 21.731 130.36 
