0.125 0.042 0.046 3.056 167.581 
43.522 3.217 53.76 9.439 18.613 
24.266 9.977 15.883 22.951 26.205 
0.96 0.035 15.212 180.094 23.563 
0.005 0.226 2.116 48.114 51.806 
5.758 41.267 41.122 0.947 42.879 
0.623 0.165 0.167 0.869 141.761 
0.003 0.036 0.043 292.785 3.673 
0.321 32.866 160.412 0.274 3.777 
0.0 0.02 0.369 1.587 101.319 
31.478 0.813 132.789 41.809 8.359 
0.149 1.236 2.871 25.109 3.494 
0.008 0.007 0.346 93.181 67.607 
0.036 0.045 0.014 0.068 216.028 
3.328 10.169 17.529 9.792 16.945 
0.033 0.004 0.574 93.651 106.238 
0.004 0.04 0.018 11.049 179.188 
0.686 0.311 0.0 179.405 6.395 
0.441 0.011 0.396 0.08 168.198 
4.314 3.897 104.28 1.209 54.721 
21.159 28.628 9.337 1.798 25.582 
0.522 0.359 0.008 159.873 19.865 
0.01 0.01 0.0 0.39 182.367 
19.984 4.103 64.493 12.667 42.031 
2.593 0.869 3.983 0.699 113.477 
0.433 2.699 1.445 27.006 1.276 
0.094 1.118 0.012 220.123 38.864 
11.565 0.299 150.682 15.266 7.184 
2.025 12.638 30.4 3.279 5.349 
27.814 7.349 30.75 0.708 32.064 
0.021 0.08 0.071 0.031 269.215 
28.498 12.931 200.249 0.342 4.715 
0.001 0.114 0.356 102.097 36.781 
0.001 0.062 1.013 0.9 101.319 
0.0 0.0 0.0 0.156 207.498 
0.531 0.241 271.999 0.386 63.075 
0.24 0.734 83.558 26.679 46.168 
0.013 0.047 0.064 48.018 0.788 
0.062 0.002 0.804 0.081 171.903 
15.845 36.41 45.696 1.053 41.574 
7.207 9.751 35.301 3.504 26.837 
0.032 0.022 0.038 0.056 197.031 
0.153 0.576 0.007 132.351 16.445 
32.117 6.595 103.652 20.358 15.109 
0.0 0.004 0.297 65.332 113.017 
0.002 0.033 0.072 382.185 16.524 
10.928 80.906 4.374 22.638 3.539 
7.38 46.054 258.278 0.174 1.628 
22.503 10.21 67.824 7.317 12.834 
129.447 58.734 59.026 0.349 43.977 
0.125 0.042 0.046 3.056 167.581 
43.522 3.217 53.76 9.439 18.613 
24.266 9.977 15.883 22.951 26.205 
0.96 0.035 15.212 180.094 23.563 
0.005 0.226 2.116 48.114 51.806 
5.758 41.267 41.122 0.947 42.879 
0.623 0.165 0.167 0.869 141.761 
0.003 0.036 0.043 292.785 3.673 
0.321 32.866 160.412 0.274 3.777 
0.0 0.02 0.369 1.587 101.319 
31.478 0.813 132.789 41.809 8.359 
0.149 1.236 2.871 25.109 3.494 
0.008 0.007 0.346 93.181 67.607 
0.036 0.045 0.014 0.068 216.028 
3.328 10.169 17.529 9.792 16.945 
0.033 0.004 0.574 93.651 106.238 
0.004 0.04 0.018 11.049 179.188 
0.686 0.311 0.0 179.405 6.395 
0.441 0.011 0.396 0.08 168.198 
4.314 3.897 104.28 1.209 54.721 
21.159 28.628 9.337 1.798 25.582 
0.522 0.359 0.008 159.873 19.865 
0.01 0.01 0.0 0.39 182.367 
19.984 4.103 64.493 12.667 42.031 
2.593 0.869 3.983 0.699 113.477 
0.433 2.699 1.445 27.006 1.276 
0.094 1.118 0.012 220.123 38.864 
11.565 0.299 150.682 15.266 7.184 
2.025 12.638 30.4 3.279 5.349 
27.814 7.349 30.75 0.708 32.064 
0.021 0.08 0.071 0.031 269.215 
28.498 12.931 200.249 0.342 4.715 
0.001 0.114 0.356 102.097 36.781 
0.001 0.062 1.013 0.9 101.319 
0.0 0.0 0.0 0.156 207.498 
0.531 0.241 271.999 0.386 63.075 
0.24 0.734 83.558 26.679 46.168 
0.013 0.047 0.064 48.018 0.788 
0.062 0.002 0.804 0.081 171.903 
15.845 36.41 45.696 1.053 41.574 
7.207 9.751 35.301 3.504 26.837 
0.032 0.022 0.038 0.056 197.031 
0.153 0.576 0.007 132.351 16.445 
32.117 6.595 103.652 20.358 15.109 
0.0 0.004 0.297 65.332 113.017 
0.002 0.033 0.072 382.185 16.524 
10.928 80.906 4.374 22.638 3.539 
7.38 46.054 258.278 0.174 1.628 
22.503 10.21 67.824 7.317 12.834 
129.447 58.734 59.026 0.349 43.977 
