0.0 0.0 0.0 0.0 0.0 0.0 0.0 0.0 0.0 0.0 0.0 0.0 0.0 0.0 74.385 
0.0 0.0 0.0 0.0 0.0 0.0 0.0 0.0 0.0 0.0 0.0 4.027 0.0 7.312 42.931 
0.0 0.0 0.0 0.0 0.0 0.0 0.0 0.0 0.019 0.003 0.015 1.287 3.594 4.242 32.4 
0.0 0.0 0.0 0.0 0.0 0.0 0.0 0.0 0.0 0.0 0.0 0.0 90.52 62.82 0.0 
0.0 0.0 0.0 0.0 0.0 0.0 0.0 0.0 0.0 0.0 0.0 0.002 1.612 14.157 153.008 
0.001 0.001 0.001 0.0 0.001 0.003 0.002 0.018 0.11 0.006 0.146 1.624 28.102 4.617 52.156 
0.0 0.0 0.0 0.0 0.0 0.0 0.0 0.0 0.0 0.0 0.0 0.0 32.037 18.035 134.492 
0.0 0.0 0.0 0.0 0.0 0.0 0.0 0.0 0.0 0.0 0.0 39.871 86.012 6.388 2.777 
0.0 0.0 0.0 0.0 0.0 0.0 0.0 0.0 0.0 0.0 0.0 0.0 53.477 80.587 0.0 
0.0 0.0 0.0 0.0 0.0 0.0 0.0 0.0 0.0 0.0 0.0 0.0 0.0 57.059 76.407 
0.0 0.0 0.0 0.0 0.0 0.0 0.0 0.0 0.0 0.0 0.0 0.0 0.0 0.0 95.472 
0.0 0.0 0.0 0.0 0.0 0.0 0.0 0.0 0.0 0.0 0.0 0.0 0.0 30.116 47.795 
0.0 0.0 0.0 0.0 0.0 0.0 0.0 0.0 0.0 0.0 0.0 0.0 0.0 58.739 118.369 
0.0 0.0 0.0 0.0 0.0 0.0 0.0 0.0 0.0 0.0 0.0 4.441 26.214 0.0 140.638 
0.0 0.0 0.0 0.0 0.0 0.001 0.001 0.0 0.011 0.015 0.143 0.118 0.21 3.856 85.776 
0.0 0.0 0.0 0.0 0.0 0.0 0.0 0.0 0.0 0.0 0.0 0.0 0.0 0.0 71.8 
0.0 0.0 0.0 0.0 0.0 0.0 0.0 0.0 0.0 0.0 0.0 0.0 0.0 72.624 41.222 
0.0 0.0 0.0 0.0 0.0 0.0 0.0 0.0 0.0 0.0 0.0 0.0 3.205 47.423 78.043 
0.0 0.0 0.0 0.0 0.0 0.0 0.0 0.0 0.0 0.0 0.0 0.0 0.0 0.0 166.073 
0.0 0.0 0.0 0.0 0.0 0.0 0.0 0.104 3.341 0.0 3.384 20.792 76.078 33.504 48.004 
0.0 0.0 0.0 0.0 0.0 0.0 0.0 0.0 0.022 0.086 0.183 1.305 6.734 31.826 0.0 
0.0 0.0 0.0 0.0 0.0 0.0 0.0 0.0 0.0 0.041 0.015 0.439 0.238 1.779 84.132 
0.0 0.0 0.0 0.0 0.0 0.0 0.0 0.0 0.0 0.0 0.0 0.0 0.0 72.01 58.593 
0.0 0.0 0.0 0.0 0.0 0.0 0.0 0.0 0.0 0.0 0.0 0.0 36.978 51.225 51.032 
0.0 0.0 0.0 0.0 0.0 0.0 0.0 0.0 0.0 0.0 0.0 0.0 75.667 25.996 18.083 
0.0 0.0 0.0 0.0 0.0 0.0 0.0 0.0 0.0 0.0 0.062 0.492 2.514 12.503 101.017 
0.0 0.0 0.0 0.0 0.0 0.0 0.0 0.0 0.0 0.0 0.0 0.0 0.0 0.0 80.889 
0.0 0.0 0.0 0.0 0.0 0.0 0.0 0.0 0.0 0.487 0.384 1.785 0.68 2.756 36.303 
0.0 0.0 0.0 0.0 0.0 0.0 0.0 0.0 0.0 0.0 0.0 0.03 0.899 5.41 102.983 
0.0 0.0 0.0 0.0 0.0 0.0 0.0 0.0 0.0 0.0 0.0 0.0 0.0 0.0 66.641 
0.0 0.0 0.0 0.0 0.0 0.0 0.0 0.0 0.0 0.0 0.0 0.0 0.0 0.0 224.843 
0.0 0.0 0.0 0.0 0.0 0.0 0.0 0.0 0.0 0.0 0.0 0.012 6.58 26.656 38.992 
0.0 0.0 0.0 0.0 0.0 0.0 0.0 0.0 0.0 0.0 0.0 0.0 5.744 13.638 82.587 
0.0 0.0 0.0 0.0 0.0 0.0 0.0 0.0 0.0 0.0 0.0 0.0 0.0 7.641 140.308 
0.0 0.0 0.0 0.0 0.002 0.0 0.02 0.179 0.241 0.045 0.173 0.298 4.923 0.87 148.879 
0.0 0.0 0.0 0.0 0.009 0.04 0.01 0.023 0.03 0.029 0.339 0.93 0.714 8.75 147.023 
0.0 0.0 0.0 0.0 0.0 0.0 0.0 0.0 0.0 0.0 0.0 0.0 0.0 0.0 121.447 
0.0 0.0 0.0 0.0 0.0 0.0 0.0 0.0 0.0 0.0 0.0 0.0 0.0 0.0 112.819 
0.0 0.0 0.0 0.001 0.0 0.002 0.004 0.0 0.001 0.013 0.054 0.368 20.036 71.866 0.0 
0.0 0.0 0.001 0.0 0.011 0.037 0.012 0.951 2.257 0.0 0.164 5.567 18.652 35.222 63.703 
0.0 0.0 0.0 0.0 0.0 0.0 0.0 0.003 0.104 0.316 0.503 3.57 0.964 41.679 0.0 
0.0 0.0 0.0 0.0 0.0 0.0 0.0 0.0 0.0 0.0 0.0 0.0 0.0 45.07 47.933 
0.0 0.0 0.0 0.0 0.0 0.0 0.0 0.0 0.0 0.0 0.0 0.0 9.013 62.798 54.609 
0.0 0.0 0.0 0.0 0.0 0.0 0.0 0.0 0.0 0.0 0.0 0.0 19.333 16.308 61.08 
0.0 0.0 0.0 0.0 0.0 0.0 0.0 0.0 0.0 0.0 0.0 3.311 11.947 13.078 26.592 
0.0 0.0 0.0 0.0 0.0 0.0 0.0 0.0 0.0 0.0 0.0 0.0 0.0 0.0 237.28 
0.002 0.0 0.0 0.001 0.012 0.007 0.011 0.061 0.555 0.365 0.559 16.678 12.394 9.859 25.105 
0.0 0.0 0.0 0.0 0.0 0.0 0.0 0.0 0.0 0.0 0.0 0.0 0.0 0.0 112.895 
0.0 0.0 0.0 0.0 0.0 0.0 0.0 0.0 0.0 0.0 0.0 0.0 0.0 0.0 124.693 
0.0 0.0 0.0 0.0 0.0 0.0 0.0 0.0 0.0 0.0 0.0 0.0 8.059 51.29 87.992 
0.0 0.0 0.0 0.0 0.0 0.0 0.0 0.0 0.0 0.124 0.31 0.976 0.898 0.813 104.556 
0.0 0.0 0.0 0.0 0.0 0.0 0.0 0.0 0.0 0.0 0.0 0.0 0.0 33.858 213.918 
0.0 0.0 0.0 0.0 0.0 0.0 0.0 0.0 0.0 0.0 0.0 0.0 0.0 0.0 81.264 
0.0 0.0 0.0 0.001 0.003 0.001 0.001 0.004 0.003 0.027 0.145 1.023 7.362 11.297 93.911 
0.0 0.0 0.0 0.0 0.0 0.002 0.0 0.007 0.0 0.048 0.188 0.041 1.577 2.103 86.868 
0.0 0.0 0.0 0.0 0.0 0.0 0.0 0.0 0.0 0.0 0.0 0.0 0.0 0.0 207.714 
0.0 0.005 0.0 0.015 0.031 0.005 0.021 0.082 0.764 0.793 0.0 2.296 8.469 87.027 0.0 
0.0 0.0 0.0 0.001 0.001 0.007 0.005 0.0 0.016 0.269 0.115 0.371 3.861 1.024 169.084 
0.0 0.0 0.0 0.0 0.0 0.0 0.0 0.0 0.0 8.324 1.329 2.121 60.481 15.125 15.08 
0.0 0.0 0.0 0.0 0.0 0.0 0.0 0.0 0.0 0.0 0.0 0.0 0.0 8.438 74.123 
0.0 0.0 0.0 0.0 0.0 0.0 0.0 0.0 0.0 0.0 0.0 0.944 10.574 9.175 31.165 
0.0 0.0 0.0 0.0 0.0 0.0 0.0 0.0 0.0 0.0 0.0 0.0 0.0 107.932 153.073 
0.0 0.0 0.0 0.0 0.0 0.0 0.025 0.011 0.179 0.079 0.169 0.833 6.181 25.74 91.931 
0.0 0.0 0.0 0.0 0.0 0.0 0.061 0.001 0.065 0.01 0.931 1.1 2.439 2.483 79.529 
0.0 0.0 0.0 0.0 0.0 0.0 0.0 0.0 0.0 0.0 0.0 11.823 20.525 22.338 99.184 
0.0 0.0 0.0 0.0 0.0 0.0 0.0 0.0 0.0 0.0 0.0 0.0 27.543 34.085 51.541 
0.0 0.0 0.0 0.0 0.0 0.0 0.0 0.0 0.0 0.0 0.0 0.745 0.082 14.764 162.463 
0.0 0.0 0.0 0.0 0.0 0.0 0.0 0.0 0.0 0.0 0.0 0.0 0.0 0.0 71.081 
0.0 0.0 0.0 0.0 0.0 0.0 0.0 0.0 0.0 0.0 0.0 0.0 0.0 0.0 127.677 
0.0 0.0 0.0 0.0 0.0 0.0 0.0 0.0 0.0 0.0 0.0 0.0 22.882 44.825 37.169 
0.0 0.0 0.0 0.0 0.0 0.0 0.0 0.0 0.0 0.0 5.377 6.208 5.69 19.294 32.641 
0.0 0.0 0.0 0.0 0.0 0.0 0.0 0.0 0.0 0.0 0.0 0.0 0.0 76.775 9.891 
0.0 0.0 0.0 0.0 0.0 0.0 0.0 0.0 0.0 0.001 0.002 0.002 3.588 8.465 89.544 
0.0 0.0 0.0 0.0 0.0 0.0 0.0 0.0 0.0 0.0 0.0 0.0 40.026 82.149 6.414 
0.0 0.0 0.0 0.0 0.0 0.0 0.0 0.0 0.0 0.0 0.0 0.0 9.222 3.617 109.16 
0.0 0.0 0.0 0.0 0.0 0.0 0.0 0.0 0.0 0.0 0.0 13.319 6.95 34.305 35.813 
0.0 0.0 0.0 0.0 0.0 0.0 0.002 0.001 0.001 0.001 0.079 0.052 0.604 27.878 50.796 
0.0 0.0 0.0 0.0 0.0 0.0 0.0 0.0 0.0 0.0 0.0 9.561 3.617 94.129 0.0 
0.0 0.0 0.0 0.0 0.0 0.0 0.0 0.0 0.0 0.0 0.0 0.0 0.0 0.0 191.832 
0.001 0.0 0.0 0.0 0.0 0.001 0.002 0.001 0.009 0.005 0.081 0.205 0.992 27.973 43.324 
0.0 0.0 0.0 0.0 0.0 0.0 0.0 0.0 0.0 1.825 1.258 0.31 6.861 31.555 44.619 
0.0 0.0 0.0 0.0 0.0 0.0 0.0 0.002 0.001 0.011 0.736 7.576 43.411 93.943 26.561 
0.0 0.0 0.0 0.0 0.0 0.0 0.0 0.0 0.0 0.0 0.0 0.0 65.738 12.286 9.952 
0.001 0.0 0.0 0.001 0.0 0.002 0.018 0.0 0.181 0.039 0.788 6.305 16.065 2.962 132.11 
0.0 0.0 0.0 0.0 0.0 0.0 0.0 0.0 0.0 0.0 0.0 0.0 5.614 182.607 45.57 
0.0 0.0 0.0 0.0 0.0 0.0 0.0 0.0 0.0 0.0 0.0 0.0 91.478 0.0 0.0 
0.0 0.0 0.0 0.0 0.0 0.0 0.0 0.0 0.0 0.0 0.0 17.049 29.301 0.0 138.536 
0.0 0.0 0.0 0.0 0.0 0.0 0.0 0.0 0.0 0.0 0.0 4.565 8.899 29.633 12.461 
0.003 0.0 0.018 0.002 0.044 0.0 0.0 0.004 0.078 0.609 0.002 0.456 2.988 154.212 56.966 
0.0 0.0 0.0 0.0 0.0 0.0 0.0 0.0 0.0 0.0 0.0 0.0 16.967 23.347 194.414 
0.0 0.0 0.0 0.0 0.0 0.0 0.0 0.0 0.0 0.0 0.0 0.0 0.0 0.0 166.695 
0.0 0.0 0.0 0.0 0.0 0.0 0.0 0.0 0.0 0.0 5.185 1.635 24.462 89.115 12.791 
0.0 0.0 0.0 0.0 0.0 0.0 0.0 0.0 0.0 0.0 0.0 0.0 0.0 1.299 61.701 
0.0 0.0 0.0 0.0 0.0 0.0 0.0 0.0 0.0 0.0 0.0 0.0 0.0 23.365 125.734 
0.0 0.0 0.0 0.0 0.0 0.0 0.0 0.0 0.0 0.0 0.0 0.0 6.451 34.406 55.036 
0.0 0.0 0.0 0.0 0.0 0.0 0.0 0.0 0.0 0.0 0.0 0.0 0.0 15.55 68.349 
0.0 0.0 0.0 0.0 0.0 0.0 0.0 0.0 0.0 0.0 0.0 0.0 5.63 33.123 5.393 
0.0 0.0 0.0 0.0 0.0 0.0 0.0 0.0 0.0 0.0 0.0 0.0 0.0 0.0 168.869 
0.0 0.0 0.0 0.0 0.0 0.0 0.0 0.0 0.0 0.0 0.0 0.0 0.0 0.0 52.109 
0.0 0.0 0.0 0.0 0.0 0.0 0.003 0.003 0.003 0.03 0.0 0.067 0.013 0.135 220.89 
