0.0 0.0 0.0 0.08 234.677 
0.117 2.622 3.221 50.091 0.045 
0.0 0.0 0.0 0.065 191.568 
0.002 0.035 0.202 192.151 1.002 
8.753 110.87 277.709 0.404 2.071 
1.327 295.922 15.236 0.266 7.812 
393.348 0.809 0.366 0.401 2.056 
0.013 0.006 0.074 0.0 272.182 
0.013 0.006 0.074 0.0 272.182 
215.357 9.347 0.208 3.217 5.698 
393.348 0.809 0.366 0.401 2.056 
14.968 189.602 2.976 0.211 16.566 
1.327 295.922 15.236 0.266 7.812 
2.231 0.097 0.0 123.719 0.357 
0.002 0.035 0.202 192.151 1.002 
9.825 51.567 0.012 0.873 115.402 
2.231 0.097 0.0 123.719 0.357 
0.002 0.01 0.288 79.896 0.418 
12.504 158.389 2.022 41.811 17.121 
0.114 19.804 214.007 0.66 7.218 
8.753 110.87 277.709 0.404 2.071 
0.268 4.65 240.578 16.938 1.366 
7.066 0.078 174.472 8.677 0.991 
9.825 51.567 0.012 0.873 115.402 
0.0 0.0 0.0 0.08 234.677 
5.512 95.708 0.304 3.031 43.18 
161.422 7.006 0.034 8.745 16.536 
0.314 70.112 163.498 0.66 7.218 
4.044 0.045 99.858 4.966 19.833 
12.504 158.389 2.022 41.811 17.121 
111.244 31.592 50.07 5.758 6.156 
205.047 8.9 10.966 3.217 5.698 
14.968 189.602 2.976 0.211 16.566 
136.972 38.898 0.302 0.497 14.087 
0.001 0.01 0.048 0.011 204.254 
111.244 31.592 50.07 5.758 6.156 
0.286 4.965 128.26 3.985 12.802 
0.024 0.085 0.006 48.052 89.254 
0.314 70.112 163.498 0.66 7.218 
81.614 23.177 0.021 45.134 13.992 
22.337 0.385 26.576 63.67 10.541 
136.972 38.898 0.302 0.497 14.087 
22.337 0.385 26.576 63.67 10.541 
0.117 2.622 3.221 50.091 0.045 
0.024 0.085 0.006 48.052 89.254 
48.935 0.857 0.15 7.04 23.533 
1.345 6.711 129.694 13.595 7.859 
0.572 1.114 143.634 0.07 11.593 
0.009 0.061 0.745 0.084 53.803 
38.082 10.815 17.14 28.827 2.94 
38.082 10.815 17.14 28.827 2.94 
0.268 4.65 240.578 16.938 1.366 
0.16 0.034 0.227 0.022 71.447 
0.16 0.034 0.227 0.022 71.447 
161.422 7.006 0.034 8.745 16.536 
10.356 104.572 35.499 4.49 0.316 
0.295 10.842 73.862 4.412 16.282 
70.484 0.181 0.066 2.111 6.797 
0.033 5.722 57.033 67.131 3.998 
1.687 61.905 22.292 20.851 0.556 
0.077 0.385 229.169 22.663 7.697 
81.614 23.177 0.021 45.134 13.992 
1.687 61.905 22.292 20.851 0.556 
0.572 1.114 143.634 0.07 11.593 
5.512 95.708 0.304 3.031 43.18 
7.066 0.078 174.472 8.677 0.991 
5.721 0.038 216.411 0.226 17.733 
0.077 0.385 229.169 22.663 7.697 
0.712 26.131 62.317 0.251 16.282 
0.295 10.842 73.862 4.412 16.282 
0.106 0.377 26.453 0.383 50.625 
0.002 0.01 0.287 79.571 31.924 
0.002 0.01 0.287 79.571 31.924 
10.356 104.572 35.499 4.49 0.316 
0.033 5.722 57.033 67.131 3.998 
6.586 1.65 82.448 2.707 2.894 
0.3 1.498 45.382 2.449 27.554 
0.712 26.131 62.317 0.251 16.282 
45.108 0.027 15.822 11.814 0.073 
10.137 102.362 93.479 6.148 0.408 
205.047 8.9 10.966 3.217 5.698 
6.586 1.65 82.448 2.707 2.894 
215.357 9.347 0.208 3.217 5.698 
0.003 0.0 0.015 73.153 0.149 
0.733 1.426 91.27 0.005 13.038 
0.055 0.201 46.454 34.466 10.659 
10.137 102.362 93.479 6.148 0.408 
3.503 27.05 12.664 1.29 18.381 
7.445 1.075 9.964 23.873 28.755 
70.484 0.181 0.066 2.111 6.797 
0.011 0.0 0.006 73.153 0.149 
0.001 0.01 0.048 0.011 204.254 
4.044 0.045 99.858 4.966 19.833 
0.051 0.002 0.0 0.013 195.949 
48.935 0.857 0.15 7.04 23.533 
1.418 8.442 11.592 24.959 12.479 
1.351 4.791 21.714 35.977 18.808 
0.055 0.201 46.454 34.466 10.659 
12.004 1.733 16.067 38.492 6.373 
0.25 1.733 4.606 0.677 27.446 
