0.0 0.0 0.0 0.004 0.151 6.397 2.939 2.742 0.916 12.831 222.763 79.807 7.781 2.91 7.121 
0.0 0.0 0.001 0.0 0.036 0.004 0.066 0.002 39.24 73.238 23.382 4.284 158.184 2.582 6.529 
0.0 0.0 0.0 0.003 0.003 0.001 0.079 0.736 1.27 3.345 108.194 87.75 0.65 81.354 71.561 
0.0 0.0 0.001 0.001 0.059 0.004 0.027 0.001 33.635 62.777 82.755 5.647 208.549 3.404 2.274 
0.342 0.74 0.022 1.084 0.601 0.014 1.258 1.143 0.389 5.458 94.759 7.215 2.677 218.471 7.015 
0.0 0.003 0.007 0.001 0.0 0.014 0.032 0.056 0.255 0.359 0.12 259.36 1.431 56.71 24.551 
0.0 0.0 0.0 0.0 0.0 0.0 0.0 0.0 0.0 0.0 0.285 45.137 143.227 220.877 12.005 
0.0 0.0 0.0 0.0 0.0 0.0 0.0 0.0 0.057 0.744 3.226 155.397 83.382 5.274 0.844 
0.0 0.0 0.005 0.009 0.004 0.001 0.009 0.0 10.48 19.56 25.785 1.76 64.98 231.485 2.029 
0.0 0.0 0.0 0.004 0.151 6.397 2.939 2.742 0.916 12.831 222.763 79.807 7.781 2.91 7.121 
0.0 0.0 0.0 0.0 0.0 0.006 0.003 0.571 0.043 145.994 1.115 12.006 3.783 308.765 9.914 
0.0 0.0 0.001 0.0 0.036 0.004 0.066 0.002 39.24 73.238 23.382 4.284 158.184 2.582 6.529 
0.0 0.0 0.0 0.003 0.003 0.001 0.079 0.736 1.27 3.345 108.194 87.75 0.65 81.354 71.561 
0.0 0.0 0.0 0.0 0.0 0.0 0.0 0.0 0.0 0.0 0.0 0.119 63.762 277.289 31.941 
0.0 0.0 0.0 0.0 0.0 0.0 0.001 0.005 0.0 0.023 126.608 57.081 178.234 16.654 1.773 
0.0 0.0 0.0 0.0 0.004 0.005 0.063 0.114 18.989 77.366 10.721 21.305 2.194 52.655 66.872 
0.0 0.0 0.002 0.001 0.002 0.021 0.051 0.122 1.97 65.09 16.042 6.424 293.809 4.799 38.353 
0.0 0.0 0.001 0.001 0.059 0.004 0.027 0.001 33.635 62.777 82.755 5.647 208.549 3.404 2.274 
0.018 0.039 0.57 1.251 0.495 4.538 10.92 132.134 6.735 4.298 33.435 36.252 3.757 50.815 6.187 
0.0 0.0 0.0 0.0 0.0 0.007 0.006 0.002 1.787 0.003 47.973 236.193 4.784 1.519 15.224 
0.342 0.74 0.022 1.084 0.601 0.014 1.258 1.143 0.389 5.458 94.759 7.215 2.677 218.471 7.015 
0.0 0.0 0.0 0.0 0.001 0.0 0.069 0.345 6.746 28.896 12.687 21.972 36.986 225.918 1.832 
0.0 0.0 0.0 0.005 0.001 0.02 0.007 0.004 0.099 0.009 27.246 38.777 9.062 304.15 6.467 
0.0 0.0 0.0 0.001 0.0 0.002 0.016 0.637 0.029 2.071 160.081 30.361 1.142 42.123 1.355 
0.0 0.0 0.0 0.002 0.008 0.014 0.011 2.344 0.178 113.416 0.882 9.497 2.992 244.228 2.141 
0.0 0.0 0.0 0.0 0.0 0.0 0.0 0.0 0.0 0.0 2.156 34.112 0.588 292.336 6.91 
0.0 0.0 0.0 0.0 0.0 0.0 0.0 0.006 0.0 0.0 0.0 0.001 0.003 0.129 303.986 
0.0 0.0 0.0 0.0 0.0 0.012 0.057 0.074 0.011 6.867 60.211 69.735 3.244 84.015 2.196 
0.0 0.0 0.0 0.0 0.0 0.0 0.0 0.0 0.0 0.001 0.001 0.44 236.609 5.703 5.096 
0.0 0.0 0.0 0.0 0.0 0.001 0.005 0.045 5.835 0.2 52.186 4.728 42.877 19.094 81.89 
0.0 0.0 0.0 0.0 0.038 0.14 0.894 5.249 20.911 47.158 33.757 48.746 38.007 77.063 1.494 
0.0 0.0 0.0 0.0 0.0 0.0 0.0 0.0 0.0 0.0 0.0 0.028 51.355 223.041 50.666 
0.041 1.792 4.084 2.526 0.099 10.257 23.967 5.747 35.298 58.243 6.6 50.095 1.093 110.657 29.069 
0.0 0.0 0.001 0.0 0.0 0.0 0.002 0.0 0.355 0.007 9.695 8.543 0.772 112.022 14.409 
0.0 0.0 0.0 0.0 0.0 0.0 0.0 0.0 0.001 0.017 0.054 0.065 0.002 0.001 289.707 
0.031 1.354 3.086 0.115 0.027 8.823 17.13 1.361 51.937 23.169 4.973 104.1 1.188 47.098 24.753 
0.069 0.15 2.19 0.156 0.676 0.54 17.047 154.342 7.867 5.021 1.43 35.33 42.557 57.953 1.118 
0.0 0.0 0.0 0.0 0.001 0.043 0.011 0.029 0.087 7.59 66.547 6.039 0.368 147.241 2.178 
0.0 0.0 0.0 0.0 0.0 0.0 0.0 0.0 0.006 0.048 68.807 9.267 401.847 3.728 1.588 
0.0 0.0 0.0 0.0 0.0 0.0 0.0 0.0 0.0 0.0 0.0 0.207 111.11 81.018 48.569 
0.0 0.0 0.0 0.0 0.0 0.0 0.0 0.001 0.814 36.165 0.395 9.342 15.347 269.402 4.459 
0.002 0.0 0.002 0.0 0.005 0.001 0.211 7.96 2.403 1.182 6.173 134.481 1.807 118.435 5.724 
0.0 0.0 0.0 0.0 0.002 0.021 0.007 0.008 0.043 0.033 4.901 109.255 0.439 69.954 4.847 
0.0 0.0 0.001 0.005 0.0 0.0 0.0 0.001 0.002 0.023 0.526 171.277 2.933 157.774 31.133 
0.0 0.0 0.0 0.0 0.0 0.0 0.0 0.0 0.004 0.008 0.011 39.533 0.03 23.721 174.594 
0.0 0.0 0.0 0.0 0.0 0.0 0.0 0.0 11.77 6.989 30.696 22.292 44.616 132.356 23.285 
0.0 0.0 0.0 0.0 0.0 0.0 0.0 0.0 0.0 0.0 0.0 130.279 40.939 25.317 54.116 
0.0 0.0 0.0 0.0 0.0 0.0 0.001 0.018 0.284 5.208 2.744 11.984 0.119 241.614 37.573 
0.0 0.003 0.007 0.001 0.0 0.014 0.032 0.056 0.255 0.359 0.12 259.36 1.431 56.71 24.551 
0.0 0.002 0.01 0.004 0.122 0.07 5.114 0.283 0.221 43.615 84.472 103.414 28.177 83.207 6.404 
0.0 0.0 0.0 0.0 0.0 0.0 0.0 0.001 0.004 0.002 0.131 157.523 1.87 19.537 1.115 
0.0 0.0 0.0 0.0 0.0 0.0 0.0 0.0 0.0 0.0 0.002 0.001 0.114 0.017 116.308 
0.0 0.0 0.0 0.0 0.0 0.0 0.0 0.0 0.0 0.0 0.0 0.0 0.069 33.883 75.221 
0.0 0.0 0.001 0.213 0.067 0.017 0.117 0.069 0.586 4.58 31.256 7.484 388.795 49.99 2.812 
0.0 0.0 0.0 0.002 0.0 0.002 0.045 0.418 0.72 1.897 61.381 174.344 0.77 96.474 31.462 
0.0 0.0 0.0 0.0 0.0 0.0 0.0 0.0 0.0 0.0 0.0 0.096 51.412 223.583 69.468 
0.0 0.0 0.0 0.0 0.0 0.0 0.0 0.0 0.003 4.45 0.96 4.046 0.122 23.228 90.485 
0.0 0.0 0.0 0.0 0.004 0.0 0.066 0.247 0.024 3.426 79.713 52.287 1.5 142.401 2.46 
0.0 0.0 0.001 0.0 0.0 0.064 0.796 13.68 1.088 1.626 76.762 42.378 132.325 12.364 4.742 
0.0 0.0 0.0 0.0 0.0 0.0 0.0 0.0 0.59 1.385 4.339 1.527 40.334 165.808 3.918 
0.011 0.066 0.129 0.083 1.124 0.301 1.546 7.737 0.003 7.523 28.865 21.46 107.407 27.355 6.062 
0.0 0.0 0.0 0.001 0.0 0.004 0.001 0.001 0.048 2.517 5.75 92.557 0.555 78.108 35.085 
0.002 0.001 0.001 0.001 0.0 0.005 0.012 0.042 7.426 4.378 10.166 104.55 5.25 28.575 0.268 
0.0 0.0 0.001 0.0 0.004 0.0 0.009 0.001 1.759 0.002 47.216 243.606 3.954 1.549 6.393 
0.0 0.0 0.003 0.006 0.016 0.013 0.07 0.912 0.165 0.692 0.985 0.204 133.646 25.723 4.836 
0.0 0.0 0.0 0.0 0.0 0.0 0.0 0.0 0.0 0.0 0.285 45.137 143.227 220.877 12.005 
0.0 0.0 0.0 0.0 0.0 0.0 0.0 0.0 1.161 4.647 2.848 13.826 7.922 233.747 0.026 
0.0 0.0 0.0 0.0 0.0 0.0 0.0 0.001 0.0 0.424 1.628 17.25 0.229 2.672 208.234 
0.0 0.0 0.0 0.0 0.0 0.0 0.001 0.001 0.0 0.37 0.112 1.575 0.021 315.533 9.456 
0.0 0.0 0.0 0.0 0.0 0.0 0.0 0.0 0.001 0.019 0.004 10.712 29.669 80.43 3.172 
0.0 0.0 0.0 0.002 0.006 0.119 0.025 0.273 0.608 0.38 0.201 17.942 57.065 7.526 7.878 
0.0 0.0 0.0 0.0 0.031 0.141 0.467 0.024 0.416 0.205 4.343 4.805 0.178 183.069 37.537 
0.0 0.0 0.0 0.0 0.0 0.0 0.0 0.0 0.001 0.0 0.015 4.133 15.528 181.153 19.856 
0.0 0.0 0.0 0.0 0.0 0.0 0.0 0.0 0.057 0.744 3.226 155.397 83.382 5.274 0.844 
0.0 0.0 0.0 0.0 0.0 0.0 0.006 0.174 18.496 75.357 10.443 20.752 2.137 51.288 65.136 
0.0 0.0 0.0 0.0 0.0 0.0 0.0 0.0 0.0 0.0 0.281 86.094 0.589 264.621 2.189 
0.0 0.001 0.005 0.0 0.0 0.026 0.297 0.002 0.035 0.358 1.351 151.335 3.679 77.11 5.934 
0.0 0.0 0.0 0.0 0.0 0.0 0.0 0.002 0.668 2.356 1.955 0.067 89.045 66.984 0.972 
0.0 0.0 0.0 0.0 0.0 0.0 0.0 0.0 0.02 0.129 1.687 6.66 4.315 241.809 3.138 
0.0 0.0 0.0 0.001 0.001 0.0 0.0 0.002 0.004 0.036 5.057 66.508 1.222 1.582 18.213 
0.03 0.03 0.092 0.067 0.004 0.003 0.974 0.333 3.168 2.7 166.115 9.478 2.083 0.188 4.863 
0.001 0.003 0.0 0.001 0.143 0.036 2.9 1.006 2.126 4.454 0.296 27.834 160.784 76.794 2.062 
0.0 0.0 0.0 0.0 0.0 0.0 0.0 0.028 0.013 0.218 0.198 2.451 0.008 165.145 14.737 
0.001 0.0 0.079 0.292 0.198 0.597 0.566 1.6 0.0 32.768 14.069 26.591 41.315 18.84 31.148 
0.0 0.0 0.0 0.0 0.0 0.0 0.001 0.0 0.001 0.021 0.024 0.04 0.001 0.05 282.746 
0.0 0.0 0.0 0.0 0.0 0.0 0.0 0.0 0.0 0.0 1.397 10.122 47.432 80.213 2.343 
0.0 0.0 0.0 0.0 0.0 0.0 0.0 0.0 0.0 0.0 0.0 0.005 0.174 0.195 324.083 
0.057 0.036 0.032 0.378 0.8 0.106 4.276 3.557 1.413 0.004 7.691 10.333 207.107 34.864 5.682 
0.0 0.0 0.0 0.0 0.0 0.0 0.0 0.0 0.0 0.0 0.002 0.002 0.516 254.933 50.921 
0.0 0.0 0.002 0.001 0.003 0.026 0.062 0.15 2.434 58.225 13.282 5.722 261.663 4.274 21.846 
0.0 0.0 0.015 0.002 0.012 0.02 0.001 0.022 0.086 2.136 1.037 10.119 12.64 57.681 57.144 
0.0 0.0 0.0 0.0 0.0 0.0 0.0 0.0 0.015 0.008 0.006 0.03 34.809 82.136 62.921 
0.0 0.0 0.0 0.0 0.0 0.0 0.001 0.003 0.011 0.384 0.029 14.353 10.634 226.282 5.127 
0.0 0.0 0.0 0.0 0.0 0.0 0.0 0.03 0.144 0.018 0.181 44.296 60.551 36.452 1.212 
0.045 0.026 0.109 0.015 0.437 0.57 0.304 1.391 0.187 3.9 0.792 16.686 0.274 124.999 2.082 
0.0 0.0 0.0 0.0 0.0 0.027 0.033 0.175 0.0 2.66 17.592 4.569 133.133 136.929 4.441 
0.0 0.0 0.0 0.0 0.0 0.0 0.0 0.0 0.001 5.667 2.973 1.429 57.352 137.922 6.113 
0.0 0.0 0.0 0.0 0.0 0.001 0.021 0.142 0.005 3.952 22.148 15.57 9.208 130.709 2.05 
0.0 0.0 0.0 0.0 0.0 0.0 0.0 0.001 0.01 0.001 0.018 0.0 0.009 0.035 171.995 
0.0 0.0 0.0 0.0 0.0 0.0 0.0 0.0 0.0 0.038 2.857 0.085 71.75 90.524 2.248 
