0.0 0.0 0.001 0.0 0.047 0.005 0.085 0.002 50.954 95.102 30.362 5.562 205.407 3.353 8.478 
0.012 0.026 0.383 0.841 0.333 3.051 20.944 189.634 9.666 6.169 1.757 43.408 4.715 60.893 1.959 
0.0 0.0 0.0 0.0 0.0 0.0 0.0 0.0 0.016 0.27 0.143 131.329 0.775 15.351 246.054 
0.0 0.0 0.002 0.0 0.006 0.0 0.007 0.002 1.954 0.003 52.446 258.218 12.967 1.701 17.048 
0.0 0.0 0.0 0.035 0.01 1.85 0.85 0.773 0.263 7.718 98.591 7.507 2.785 227.307 7.299 
0.0 0.0 0.0 0.0 0.0 0.0 0.0 0.0 0.058 0.057 148.339 66.916 7.368 40.17 72.392 
0.0 0.0 0.0 0.0 0.004 0.0 0.155 0.781 15.256 65.348 28.692 49.688 83.643 96.307 1.867 
0.0 0.001 0.0 0.017 0.001 0.069 0.022 0.014 0.342 0.032 93.682 133.329 0.873 138.284 6.25 
0.0 0.001 0.0 0.002 0.001 0.009 0.06 2.466 0.114 0.073 158.325 30.028 3.261 42.123 1.355 
0.0 0.0 0.0 0.0 0.0 0.019 0.009 1.969 0.15 95.254 0.741 7.976 2.513 205.118 6.586 
0.0 0.0 0.0 0.0 0.0 0.0 0.0 0.0 0.0 0.0 0.007 0.104 0.002 0.064 385.976 
0.019 0.0 0.188 0.031 0.082 0.02 1.529 13.842 0.706 0.21 0.126 2.944 6.505 322.932 2.001 
0.0 0.0 0.0 0.0 0.001 0.055 0.025 0.087 0.013 7.99 70.056 7.738 2.036 166.165 5.335 
0.0 0.0 0.0 0.0 0.0 0.0 0.0 0.0 0.0 0.001 0.0 0.304 163.244 97.997 72.017 
0.0 0.0 0.0 0.0 0.0 0.0 0.0 0.0 0.059 0.059 151.212 68.211 7.511 33.572 71.763 
0.0 0.0 0.007 0.001 0.001 0.039 0.304 2.836 10.545 0.468 121.757 11.03 100.037 44.55 13.543 
0.0 0.0 0.0 0.0 0.011 0.041 0.26 1.53 29.899 54.969 39.348 56.82 44.302 89.827 1.741 
0.0 0.0 0.0 0.0 0.0 0.0 0.0 0.0 0.0 0.0 0.0 0.033 60.005 260.606 80.971 
0.0 0.0 0.0 0.0 0.0 0.0 0.0 0.0 0.0 0.0 0.355 38.958 123.964 191.17 13.233 
0.0 0.0 0.001 0.0 0.047 0.005 0.085 0.002 50.954 95.102 30.362 5.562 205.407 3.353 8.478 
0.0 0.014 0.032 0.079 0.001 0.152 0.355 0.085 83.092 58.243 6.6 50.095 1.093 110.657 29.069 
0.0 0.0 0.001 0.0 0.0 0.0 0.001 0.0 0.313 0.006 8.541 9.983 0.782 113.485 14.598 
0.0 0.0 0.0 0.0 0.0 0.0 0.0 0.0 0.0 0.0 0.071 0.06 0.002 0.001 274.379 
0.039 1.702 3.879 0.144 0.067 7.002 16.361 1.3 49.605 22.129 4.749 120.508 1.251 49.578 26.056 
0.012 0.026 0.383 0.841 0.333 3.051 20.944 189.634 9.666 6.169 1.757 43.408 4.715 60.893 1.959 
0.0 0.0 0.0 0.0 0.0 0.003 0.001 0.145 0.154 13.482 118.208 10.727 3.38 205.525 3.359 
0.0 0.0 0.0 0.0 0.0 0.0 0.0 0.0 0.006 0.047 67.948 9.152 396.833 3.681 1.568 
0.0 0.0 0.0 0.0 0.0 0.0 0.0 0.0 0.0 0.0 0.001 0.458 245.63 11.323 65.003 
0.0 0.0 0.0 0.0 0.0 0.0 0.0 0.001 0.59 26.232 0.806 6.906 11.345 199.15 3.296 
0.0 0.0 0.0 0.01 0.011 0.013 0.682 6.054 1.988 0.981 5.109 111.301 1.496 98.022 4.737 
0.0 0.0 0.0 0.0 0.001 0.007 0.002 0.003 0.014 0.096 5.26 117.256 0.471 74.543 5.188 
0.001 0.001 0.013 0.001 0.001 0.0 0.0 0.002 0.004 0.009 0.51 166.232 2.847 153.126 30.216 
0.0 0.0 0.0 0.0 0.0 0.0 0.0 0.0 0.0 0.0 0.004 0.03 18.059 78.536 186.126 
0.0 0.0 0.0 0.0 0.0 0.0 0.001 0.0 0.221 0.047 0.026 0.005 258.989 56.201 1.808 
0.0 0.001 0.0 0.0 0.001 0.0 0.001 0.0 0.021 0.039 0.01 121.732 0.092 73.04 53.676 
0.0 0.0 0.0 0.0 0.0 0.0 0.0 0.0 3.844 2.283 10.025 7.281 14.571 43.228 224.026 
0.0 0.0 0.0 0.0 0.0 0.0 0.001 0.004 0.007 0.046 72.754 31.798 32.872 55.361 80.946 
0.0 0.0 0.0 0.0 0.0 0.0 0.0 0.0 0.0 0.0 0.0 119.663 71.92 28.328 20.588 
0.0 0.0 0.0 0.0 0.0 0.0 0.0 0.0 0.001 0.002 0.001 0.005 5.473 65.08 135.919 
0.0 0.0 0.0 0.0 0.0 0.0 0.0 0.0 0.016 0.27 0.143 131.329 0.775 15.351 246.054 
0.007 0.311 0.708 0.089 0.014 1.452 3.29 5.789 26.438 37.126 12.435 127.273 1.182 46.842 20.279 
0.0 0.001 0.005 0.002 0.047 0.092 3.614 0.2 0.156 30.827 59.704 73.092 1.989 53.192 4.094 
0.0 0.0 0.0 0.0 0.0 0.0 0.0 0.0 0.0 0.0 0.0 0.298 159.905 95.993 70.544 
0.0 0.0 0.0 0.0 0.0 0.0 0.0 0.001 0.002 0.012 0.142 179.872 35.888 26.442 1.509 
0.0 0.0 0.0 0.0 0.0 0.0 0.0 0.0 0.025 0.024 62.859 28.356 70.241 63.859 62.054 
0.002 0.001 0.025 0.003 0.002 0.148 1.583 9.019 1.295 6.374 158.227 14.334 70.86 38.721 29.688 
0.0 0.0 0.0 0.0 0.0 0.0 0.0 0.0 0.0 0.0 0.0 0.002 0.064 0.026 79.867 
0.0 0.0 0.0 0.0 0.0 0.0 0.0 0.0 0.0 0.0 0.0 0.0 0.149 73.013 162.087 
0.0 0.0 0.0 0.0 0.0 0.001 0.006 0.004 0.05 0.851 67.23 1.993 16.17 75.273 1.383 
0.0 0.0 0.0 0.001 0.0 0.0 0.001 0.0 1.069 4.58 31.256 7.484 388.795 49.99 2.812 
0.0 0.0 0.0 0.002 0.0 0.002 0.049 0.46 0.794 2.091 67.631 192.097 0.849 106.298 34.665 
0.0 0.0 0.0 0.0 0.0 0.0 0.0 0.0 0.0 0.0 0.0 0.112 59.926 260.606 80.971 
0.0 0.0 0.0 0.0 0.0 0.0 0.0 0.0 0.006 8.596 1.855 7.817 0.235 21.054 109.11 
0.0 0.0 0.0 0.0 0.004 0.0 0.066 0.247 0.024 3.426 79.713 52.287 1.5 142.401 2.46 
0.0 0.0 0.0 0.0 0.0 0.0 0.001 0.005 0.0 0.0 29.23 13.178 41.149 287.608 6.262 
0.0 0.0 0.0 0.0 0.0 0.0 0.0 0.002 2.705 6.35 19.892 7.236 186.123 10.229 4.258 
0.031 0.016 0.18 0.091 1.227 0.329 1.688 8.444 0.003 5.53 27.328 20.317 67.005 20.516 4.546 
0.0 0.0 0.0 0.001 0.0 0.004 0.001 0.001 0.048 2.517 5.75 92.557 0.555 78.108 35.085 
0.003 0.001 0.001 0.002 0.0 0.008 0.017 0.06 10.457 6.164 2.763 121.627 1.907 30.997 0.291 
0.0 0.0 0.002 0.0 0.006 0.0 0.007 0.002 1.954 0.003 52.446 258.218 12.967 1.701 17.048 
0.0 0.011 0.047 0.025 0.019 0.007 0.048 0.004 0.495 0.384 4.179 58.047 11.464 54.428 24.323 
0.0 0.0 0.001 0.001 0.003 0.003 0.014 0.188 0.034 0.788 0.542 0.112 73.526 87.221 4.836 
0.0 0.0 0.0 0.0 0.0 0.0 0.0 0.0 0.0 0.0 0.283 44.754 142.011 219.002 15.159 
0.0 0.0 0.0 0.0 0.0 0.0 0.0 0.0 1.459 5.84 3.579 17.377 9.957 293.784 0.032 
0.0 0.0 0.0 0.0 0.035 0.035 0.168 3.963 4.749 21.437 12.309 14.607 151.222 28.522 3.634 
0.0 0.0 0.0 0.0 0.0 0.0 0.0 0.0 0.0 0.082 0.314 3.331 0.044 7.716 234.189 
0.0 0.0 0.0 0.0 0.0 0.0 0.001 0.001 0.0 0.392 0.119 1.669 0.022 334.359 10.02 
0.0 0.0 0.0 0.0 0.0 0.0 0.0 0.0 0.001 0.021 0.004 11.904 38.377 100.139 3.949 
0.0 0.0 0.0 0.096 0.255 0.003 0.235 1.065 1.037 0.073 0.393 35.11 59.335 9.587 10.035 
0.0 0.0 0.004 0.0 0.208 0.939 3.106 4.142 2.436 2.059 110.566 3.889 2.174 135.352 51.76 
0.0 0.0 0.0 0.0 0.0 0.0 0.0 0.0 0.0 0.001 0.014 3.804 14.293 166.747 35.827 
0.0 0.0 0.0 0.0 0.0 0.0 0.0 0.0 0.006 0.028 2.008 12.752 4.471 267.786 0.976 
0.004 0.003 0.005 0.005 0.016 0.009 0.088 0.027 0.063 2.863 0.342 132.132 70.898 4.484 37.985 
0.0 0.0 0.0 0.0 0.001 0.001 0.013 0.025 4.089 16.662 83.686 20.752 2.137 51.288 65.136 
0.0 0.0 0.0 0.0 0.0 0.0 0.0 0.0 0.0 0.0 0.318 97.356 2.342 304.339 2.518 
0.0 0.001 0.005 0.001 0.0 0.026 0.301 0.003 0.036 0.364 1.374 153.915 1.063 77.11 5.934 
0.0 0.0 0.0 0.0 0.0 0.0 0.002 0.008 2.196 7.742 6.424 0.222 77.499 66.984 0.972 
0.0 0.0 0.0 0.0 0.0 0.0 0.0 0.0 0.001 0.008 0.107 1.524 9.673 213.561 43.485 
0.0 0.0 0.0 0.003 0.005 0.001 0.0 0.008 0.008 0.118 16.546 60.542 1.318 1.706 0.989 
0.006 0.017 0.035 0.025 0.001 0.001 0.368 0.126 1.196 2.307 91.602 5.226 1.149 39.269 3.709 
0.001 0.001 0.0 0.001 0.066 0.001 1.099 0.381 0.805 1.687 0.112 22.228 109.327 0.138 1.014 
0.0 0.0 0.0 0.0 0.0 0.001 0.0 0.079 0.038 0.62 0.388 2.858 0.011 226.211 20.186 
0.007 0.0 0.398 0.026 0.229 0.69 0.655 1.852 0.0 37.918 16.281 30.771 40.024 20.559 33.989 
0.0 0.0 0.0 0.0 0.0 0.0 0.0 0.0 0.0 0.0 0.055 0.047 0.002 0.058 332.527 
0.0 0.0 0.0 0.0 0.0 0.0 0.007 0.002 0.037 1.82 1.923 27.448 100.756 7.171 2.343 
0.0 0.0 0.0 0.0 0.0 0.0 0.0 0.0 0.0 0.0 0.0 0.002 0.072 0.391 403.824 
0.043 0.03 0.025 0.156 0.463 0.058 2.352 1.956 0.777 0.002 9.511 8.658 173.521 29.21 4.76 
0.0 0.0 0.0 0.0 0.0 0.0 0.0 0.0 0.0 0.0 0.002 0.003 0.668 330.385 65.993 
0.0 0.0 0.002 0.001 0.002 0.021 0.052 0.125 2.016 66.613 14.469 6.424 293.809 4.799 38.353 
0.0 0.0 0.0 0.0 0.0 0.0 0.0 0.0 0.446 0.421 0.308 23.48 93.806 68.326 0.797 
0.0 0.006 0.009 0.002 0.012 0.019 0.001 0.076 0.129 3.409 2.159 10.274 15.126 52.551 57.144 
0.0 0.0 0.0 0.0 0.0 0.0 0.0 0.0 0.015 0.008 0.006 0.03 34.809 82.136 62.921 
0.003 0.0 0.0 0.002 0.001 0.001 0.006 0.016 0.061 2.122 0.162 79.376 58.808 48.694 3.855 
0.0 0.0 0.0 0.0 0.0 0.0 0.0 0.001 0.007 0.001 0.009 0.099 21.547 192.883 1.836 
0.045 0.027 0.11 0.015 0.442 0.576 0.307 1.405 0.189 3.938 0.799 16.849 0.007 124.858 2.251 
0.0 0.0 0.0 0.0 0.0 0.001 0.001 0.006 0.0 0.088 9.817 2.211 64.418 66.254 1.985 
0.0 0.0 0.0 0.0 0.0 0.0 0.0 0.0 0.03 6.354 3.35 1.609 56.078 137.922 6.113 
0.0 0.0 0.0 0.0 0.0 0.002 0.03 0.266 0.009 7.147 18.375 15.309 24.148 167.164 2.622 
0.0 0.0 0.0 0.0 0.0 0.0 0.0 0.001 0.014 0.002 0.026 0.0 0.013 0.049 243.622 
0.0 0.0 0.0 0.0 0.0 0.0 0.0 0.0 0.0 0.025 1.851 0.055 46.478 58.639 1.456 
