54.542 0.0 0.0 126.467 34.166 
23.473 9.126 80.688 42.188 36.621 
0.456 1.484 19.676 91.774 4.522 
8.936 6.84 51.299 30.88 63.405 
1.203 4.583 2.367 21.969 148.279 
1.196 3.093 20.864 90.583 19.826 
0.175 0.245 0.158 84.31 117.025 
12.318 6.435 10.335 17.797 205.47 
5.856 1.849 1.043 3.093 212.757 
3.423 2.093 22.287 83.189 58.315 
0.0 0.0 0.0 0.0 125.347 
1.947 1.166 3.371 25.475 172.251 
12.669 18.08 24.596 13.127 49.528 
3.461 22.376 27.279 58.402 62.748 
16.111 6.471 42.597 128.944 35.763 
0.0 0.0 0.0 0.0 187.476 
0.0 0.0 0.0 72.285 83.181 
1.011 0.884 1.759 19.83 199.616 
0.0 0.0 0.0 0.0 194.507 
13.994 3.773 11.596 77.419 23.203 
0.0 0.0 0.0 155.141 34.832 
0.725 2.168 22.452 76.976 99.802 
24.707 29.837 5.288 17.477 171.74 
3.725 1.906 26.009 0.0 136.043 
0.0 0.002 0.013 28.253 202.51 
0.0 0.0 0.0 108.134 37.008 
0.244 9.3 85.488 119.312 16.751 
4.937 1.855 198.495 23.549 124.016 
13.043 0.0 15.466 131.768 79.154 
8.48 0.388 7.972 26.456 175.117 
9.421 23.132 71.732 9.351 22.772 
55.731 9.388 0.0 104.295 21.814 
0.046 5.84 9.626 10.844 147.848 
0.0 0.0 0.0 0.0 144.138 
16.036 55.034 7.624 121.515 102.996 
0.0 8.622 21.122 308.739 22.072 
0.698 0.742 2.671 32.991 131.935 
0.09 0.208 0.28 0.112 278.496 
0.736 0.265 0.0 0.962 167.02 
0.0 0.0 0.0 0.0 229.336 
0.349 10.214 4.06 21.171 141.809 
42.323 8.245 10.15 90.243 75.933 
0.0 0.0 12.127 26.91 252.071 
1.851 19.839 66.912 38.835 18.14 
23.139 0.734 14.059 72.457 19.82 
2.717 2.711 11.988 98.206 177.074 
35.341 32.818 8.339 0.485 182.957 
0.0 0.063 2.22 1.316 109.514 
5.908 9.455 14.506 23.665 168.869 
3.563 5.006 4.658 7.401 195.794 
1.349 2.146 10.056 16.472 58.231 
0.007 0.01 0.05 0.98 209.453 
3.743 38.057 15.896 8.083 129.965 
27.095 14.246 29.987 55.709 23.318 
0.0 0.0 0.0 123.889 29.12 
0.0 55.992 39.134 121.917 0.0 
0.0 0.0 0.0 0.0 335.506 
0.0 0.0 0.0 0.0 150.171 
1.312 2.932 17.609 109.672 199.619 
51.936 51.815 0.0 42.258 91.46 
0.0 0.0 0.0 0.0 401.64 
0.0 0.0 0.0 73.409 105.177 
6.176 12.204 59.833 110.335 67.564 
0.0 0.0 0.0 0.0 222.43 
0.349 0.292 0.177 0.55 324.165 
0.638 0.831 2.853 14.044 27.913 
0.28 5.641 0.016 214.907 81.672 
0.0 0.0 0.0 0.0 277.567 
4.721 5.372 12.001 136.335 198.176 
0.637 5.856 7.345 0.0 65.283 
6.49 5.914 9.315 35.419 123.677 
5.977 13.746 0.171 44.986 31.144 
19.349 4.172 14.816 7.622 159.116 
20.967 8.211 1.426 56.701 145.59 
1.263 1.754 5.077 46.487 1.485 
7.08 1.094 10.643 0.907 82.117 
1.228 1.07 0.084 1.077 341.226 
0.205 0.214 0.421 3.235 54.267 
0.342 0.656 0.612 0.5 228.952 
0.0 0.0 0.0 76.175 94.124 
0.0 39.472 21.424 111.02 59.649 
0.0 0.0 60.933 0.0 189.651 
24.15 0.0 0.077 148.446 41.536 
1.476 6.627 3.166 77.521 60.647 
0.0 0.0 0.0 0.0 109.33 
0.398 0.373 6.097 115.296 70.22 
2.201 13.412 1.178 103.65 134.045 
1.167 7.558 0.0 1.102 189.966 
0.358 0.047 0.303 4.307 132.841 
0.0 0.0 0.0 0.0 239.126 
4.003 2.217 16.982 54.075 0.0 
0.0 0.0 79.102 118.889 38.085 
1.519 0.748 29.056 98.436 13.273 
5.585 3.607 113.218 76.39 42.714 
0.791 1.37 0.429 77.287 98.818 
0.0 0.0 0.0 0.0 174.89 
2.684 0.0 0.0 13.397 99.716 
7.97 0.0 78.069 118.719 49.52 
0.0 0.0 0.0 0.0 231.349 
17.154 0.621 66.444 25.154 6.48 
