335.463 0.69 0.312 0.04 8.405 
0.0 0.0 0.0 0.0 224.649 
0.0 0.0 0.0 0.0 227.239 
0.0 0.0 0.0 0.114 336.901 
0.0 0.0 0.0 0.114 336.901 
0.0 0.282 0.0 227.143 0.796 
37.233 9.812 17.358 12.482 0.002 
1.037 231.204 0.699 0.013 7.168 
0.024 0.001 189.969 2.718 1.003 
0.0 0.0 0.0 0.0 227.239 
335.463 0.69 0.312 0.04 8.405 
244.679 0.503 0.1 0.068 6.128 
26.496 1.216 177.618 0.579 0.483 
2.428 21.357 131.491 0.074 0.544 
6.679 149.131 7.987 0.167 4.753 
6.679 149.131 7.987 0.167 4.753 
0.45 100.417 7.693 1.553 3.388 
0.873 194.772 0.261 0.199 0.197 
189.761 53.89 0.038 0.057 1.269 
244.679 0.503 0.1 0.068 6.128 
0.873 194.772 0.261 0.199 0.197 
1.012 229.364 0.214 0.022 5.76 
130.899 91.605 0.035 0.026 1.159 
0.26 58.068 20.447 0.173 146.294 
1.282 0.001 0.45 8.327 103.898 
1.476 25.63 54.183 13.451 0.095 
0.002 0.043 84.563 59.378 0.007 
0.006 0.104 0.0 88.404 0.181 
98.253 17.541 0.002 0.118 3.567 
189.761 53.89 0.038 0.057 1.269 
0.26 58.068 20.447 0.173 146.294 
74.707 3.427 31.137 0.111 45.173 
0.279 62.203 27.27 1.283 33.755 
2.565 57.271 70.351 0.132 0.306 
20.122 77.449 38.882 0.334 0.321 
0.036 0.048 0.012 205.189 0.206 
0.0 0.282 0.0 227.143 0.796 
20.697 79.665 117.997 0.012 6.719 
168.268 0.346 2.453 0.482 0.402 
0.279 62.203 27.27 1.283 33.755 
0.003 2.996 85.451 3.067 16.613 
19.961 0.012 23.483 178.723 0.778 
0.164 23.936 13.006 47.923 11.865 
2.428 21.357 131.491 0.074 0.544 
37.233 9.812 17.358 12.482 0.002 
2.009 0.092 0.917 160.324 0.383 
0.054 0.0 0.0 0.005 173.883 
26.496 1.216 177.618 0.579 0.483 
94.095 0.016 32.99 0.279 71.563 
0.042 0.016 0.0 0.009 198.604 
27.818 13.21 95.246 13.899 0.151 
0.007 7.491 80.558 3.457 16.612 
0.0 0.0 0.223 179.504 5.483 
0.173 0.0 0.293 195.64 0.197 
83.741 3.842 102.973 0.194 0.192 
1.035 0.047 1.028 112.146 3.312 
0.042 0.016 0.0 0.009 198.604 
0.0 0.0 0.0 0.0 175.57 
0.001 0.114 0.006 96.861 0.339 
0.024 0.001 189.969 2.718 1.003 
0.162 36.049 84.063 0.339 48.398 
83.741 3.842 102.973 0.194 0.192 
0.734 0.514 106.706 0.062 15.072 
16.124 80.43 0.29 11.87 61.076 
94.095 0.016 32.99 0.279 71.563 
0.294 42.875 50.491 0.095 2.342 
133.992 0.276 0.003 39.743 5.376 
55.97 0.015 53.194 0.111 3.363 
0.0 0.062 117.922 0.12 3.603 
1.282 0.001 0.45 8.327 103.898 
13.375 3.351 92.462 0.046 0.382 
168.268 0.346 2.453 0.482 0.402 
2.707 23.806 71.076 0.047 0.342 
149.973 0.308 7.703 0.446 0.323 
0.513 0.001 49.515 2.39 87.687 
2.145 13.706 31.687 34.8 7.683 
2.257 9.103 22.708 23.909 0.047 
0.002 0.043 84.563 59.378 0.007 
0.164 23.936 13.006 47.923 11.865 
53.487 9.549 27.512 0.092 2.789 
1.881 0.471 0.0 125.005 5.627 
0.001 0.14 0.0 113.52 0.398 
0.291 94.568 45.642 6.24 0.148 
0.068 0.0 0.034 42.864 83.673 
149.973 0.308 7.703 0.446 0.323 
1.881 0.471 0.0 125.005 5.627 
0.0 0.077 0.091 135.59 0.707 
20.122 77.449 38.882 0.334 0.321 
0.272 0.0 0.086 150.379 3.765 
0.45 100.417 7.693 1.553 3.388 
2.009 0.092 0.917 160.324 0.383 
16.124 80.43 0.29 11.87 61.076 
0.162 36.049 84.063 0.339 48.398 
0.173 0.0 0.293 195.64 0.197 
0.036 0.048 0.012 205.189 0.206 
74.707 3.427 31.137 0.111 45.173 
0.219 15.633 31.687 34.8 7.683 
0.294 42.875 50.491 0.095 2.342 
0.181 0.0 0.16 143.595 10.565 
0.001 0.114 0.006 96.861 0.339 
