94.191 0.302 2.891 38.954 24.219 
1.087 0.003 243.401 14.756 1.282 
10.033 6.029 0.003 23.764 0.232 
90.893 0.837 13.985 2.456 19.216 
0.292 0.003 65.823 55.324 7.639 
173.06 103.991 0.009 4.442 1.392 
33.861 81.876 3.541 0.204 0.591 
0.343 0.066 0.0 158.939 5.449 
0.482 0.004 140.238 1.71 0.778 
0.229 0.177 11.132 16.858 67.023 
1.408 220.372 0.465 1.244 4.383 
9.54 50.958 1.851 1.0 0.313 
61.768 0.321 0.002 15.41 1.519 
0.057 0.0 0.005 227.17 7.771 
208.68 0.671 6.405 13.022 1.131 
32.436 0.299 4.991 55.804 0.544 
33.737 132.832 0.035 3.87 5.83 
96.388 0.31 0.021 143.07 0.076 
32.919 23.391 0.002 11.739 0.06 
0.562 101.823 3.132 9.91 0.571 
6.616 0.061 1.959 7.226 34.27 
0.161 0.031 0.0 74.759 40.867 
11.501 27.484 7.591 3.571 31.45 
0.007 0.006 36.853 0.066 0.012 
15.663 11.129 0.098 2.658 27.245 
1.097 0.061 31.758 48.095 14.408 
62.263 65.442 0.466 0.716 2.528 
26.43 0.244 5.105 7.887 2.467 
0.001 0.001 0.679 264.55 0.092 
0.0 0.0 0.0 0.001 163.154 
71.105 0.655 0.001 20.053 38.23 
0.338 10.626 7.356 4.547 23.475 
0.046 33.671 18.048 3.513 51.559 
12.26 0.113 20.73 8.215 0.274 
0.088 0.0 19.81 4.663 14.581 
0.001 0.002 0.0 0.001 74.951 
0.006 0.011 47.388 11.108 2.364 
12.824 0.041 0.047 72.334 70.677 
5.782 39.948 7.459 4.995 11.164 
20.291 21.236 30.114 0.401 0.564 
94.191 0.302 2.891 38.954 24.219 
1.087 0.003 243.401 14.756 1.282 
0.022 0.019 0.453 191.917 0.011 
10.033 6.029 0.003 23.764 0.232 
90.893 0.837 13.985 2.456 19.216 
0.442 0.001 98.861 34.177 4.565 
0.292 0.003 65.823 55.324 7.639 
173.06 103.991 0.009 4.442 1.392 
33.861 81.876 3.541 0.204 0.591 
0.343 0.066 0.0 158.939 5.449 
0.482 0.004 140.238 1.71 0.778 
0.0 0.0 0.548 212.793 0.781 
0.229 0.177 11.132 16.858 67.023 
1.408 220.372 0.465 1.244 4.383 
9.54 50.958 1.851 1.0 0.313 
61.768 0.321 0.002 15.41 1.519 
0.057 0.0 0.005 227.17 7.771 
0.066 0.159 0.018 94.116 16.782 
208.68 0.671 6.405 13.022 1.131 
32.436 0.299 4.991 55.804 0.544 
33.737 132.832 0.035 3.87 5.83 
96.388 0.31 0.021 143.07 0.076 
0.003 0.0 0.002 0.0 271.911 
32.919 23.391 0.002 11.739 0.06 
0.562 101.823 3.132 9.91 0.571 
6.616 0.061 1.959 7.226 34.27 
0.161 0.031 0.0 74.759 40.867 
0.314 0.003 91.374 26.288 0.645 
11.501 27.484 7.591 3.571 31.45 
0.007 0.006 36.853 0.066 0.012 
0.22 0.002 0.326 212.671 0.78 
0.0 0.0 0.005 0.0 107.126 
15.663 11.129 0.098 2.658 27.245 
1.097 0.061 31.758 48.095 14.408 
62.263 65.442 0.466 0.716 2.528 
26.43 0.244 5.105 7.887 2.467 
0.001 0.001 0.679 264.55 0.092 
0.0 0.002 0.0 0.002 138.756 
0.0 0.0 0.0 0.028 147.573 
0.0 0.0 0.0 0.001 163.154 
71.105 0.655 0.001 20.053 38.23 
0.338 10.626 7.356 4.547 23.475 
0.046 33.671 18.048 3.513 51.559 
12.26 0.113 20.73 8.215 0.274 
0.088 0.0 19.81 4.663 14.581 
0.0 0.0 0.0 0.0 147.507 
0.001 0.002 0.0 0.001 74.951 
0.455 0.004 0.013 183.198 0.908 
0.006 0.011 47.388 11.108 2.364 
0.0 0.0 0.0 0.013 272.068 
12.824 0.041 0.047 72.334 70.677 
5.782 39.948 7.459 4.995 11.164 
0.013 0.028 0.163 44.592 20.661 
0.0 0.002 0.532 207.673 0.183 
0.0 0.0 0.0 0.002 120.619 
0.029 0.004 7.212 45.121 26.565 
20.291 21.236 30.114 0.401 0.564 
0.306 0.698 0.391 19.977 24.517 
0.932 0.868 0.13 23.927 22.401 
0.185 0.036 0.017 92.397 16.475 
