6.766 12.202 9.201 23.736 0.167 
0.0 0.013 0.0 24.259 376.285 
0.027 0.206 0.0 0.104 160.533 
0.029 0.22 0.251 0.005 240.34 
0.0 0.0 0.047 83.464 49.048 
221.579 16.379 1.515 15.454 8.622 
0.001 0.0 0.002 304.744 7.011 
6.817 283.457 66.923 0.85 0.827 
9.01 7.952 343.258 0.858 0.834 
0.001 0.007 0.003 10.382 347.78 
0.029 0.22 0.251 0.005 240.34 
9.01 7.952 343.258 0.858 0.834 
0.386 12.067 252.009 22.216 3.407 
139.09 0.15 8.118 23.0 24.715 
193.342 14.292 3.444 13.621 8.921 
113.204 13.007 1.356 164.718 0.384 
0.04 0.035 0.053 227.419 0.733 
0.0 0.006 0.322 292.583 0.943 
5.134 213.482 106.044 0.773 1.048 
0.508 258.507 2.782 1.258 69.603 
0.157 110.285 77.839 3.019 7.595 
4.462 148.887 1.647 0.745 41.208 
113.204 13.007 1.356 164.718 0.384 
2.954 7.39 209.339 18.454 5.9 
0.386 12.067 252.009 22.216 3.407 
197.329 10.868 12.138 1.059 1.587 
60.539 0.065 29.397 75.841 0.534 
0.133 93.516 180.793 0.653 0.886 
0.892 0.065 0.912 126.597 1.523 
89.491 0.242 20.241 99.777 13.194 
0.078 0.0 0.033 196.748 31.016 
221.579 16.379 1.515 15.454 8.622 
0.094 66.244 176.062 204.264 1.438 
9.511 0.118 2.172 10.707 204.235 
136.686 51.147 10.95 2.869 8.006 
0.508 258.507 2.782 1.258 69.603 
0.027 0.206 0.0 0.104 160.533 
4.462 148.887 1.647 0.745 41.208 
37.26 202.117 9.719 0.593 0.21 
0.255 178.874 10.443 3.039 4.162 
45.285 4.203 24.005 61.931 0.436 
9.511 0.118 2.172 10.707 204.235 
108.674 0.35 6.356 110.918 2.682 
0.049 34.289 164.741 3.192 15.385 
6.817 283.457 66.923 0.85 0.827 
2.954 7.39 209.339 18.454 5.9 
2.076 1.715 136.588 34.171 5.969 
2.076 1.715 136.588 34.171 5.969 
60.539 0.065 29.397 75.841 0.534 
77.475 0.083 0.833 8.594 81.566 
0.255 178.874 10.443 3.039 4.162 
1.729 1.428 113.742 36.63 5.25 
0.094 66.244 176.062 204.264 1.438 
0.505 49.855 50.755 1.068 136.271 
0.0 0.013 0.0 24.259 376.285 
0.001 0.007 0.003 10.382 347.78 
43.32 3.202 46.887 0.449 125.566 
44.565 84.855 2.085 0.822 0.38 
0.049 34.289 164.741 3.192 15.385 
26.196 0.084 50.735 74.081 20.255 
1.556 51.917 63.186 0.561 156.82 
18.788 16.582 169.692 3.288 23.677 
89.491 0.242 20.241 99.777 13.194 
1.556 51.917 63.186 0.561 156.82 
15.81 1.168 53.497 68.015 8.53 
4.212 2.248 8.685 4.312 108.317 
0.74 30.78 100.898 111.585 0.301 
5.134 213.482 106.044 0.773 1.048 
4.212 2.248 8.685 4.312 108.317 
31.104 5.345 49.007 24.33 64.479 
2.844 7.115 9.665 1.424 90.349 
0.005 0.009 0.007 51.741 33.559 
3.738 20.779 22.298 51.197 45.578 
3.738 20.779 22.298 51.197 45.578 
0.0 0.0 0.047 83.464 49.048 
37.3 6.026 0.008 41.682 79.718 
1.801 90.887 44.96 115.992 0.262 
1.928 107.095 6.356 110.918 2.682 
82.323 0.089 0.885 1.335 79.36 
193.342 14.292 3.444 13.621 8.921 
12.547 0.04 40.293 200.007 0.322 
0.209 0.015 8.073 10.714 142.908 
15.175 5.104 63.894 108.687 0.849 
0.157 110.285 77.839 3.019 7.595 
77.475 0.083 0.833 8.594 81.566 
43.32 3.202 46.887 0.449 125.566 
45.285 4.203 24.005 61.931 0.436 
37.26 202.117 9.719 0.593 0.21 
0.001 0.0 0.002 304.744 7.011 
0.74 30.78 100.898 111.585 0.301 
0.001 0.003 0.238 216.847 0.182 
0.0 0.006 0.322 292.583 0.943 
0.0 0.0 0.0 93.751 62.658 
26.376 0.028 90.13 0.11 2.684 
1.801 90.887 44.96 115.992 0.262 
0.04 0.035 0.053 227.419 0.733 
1.729 1.428 113.742 36.63 5.25 
0.001 0.003 0.238 216.847 0.182 
83.909 10.689 2.145 93.002 2.249 
15.81 1.168 53.497 68.015 8.53 
