0.272 0.002 0.575 1.061 239.742 
0.015 0.003 0.001 8.075 232.884 
4.971 126.749 0.623 259.674 6.066 
4.892 124.731 2.72 259.674 6.066 
0.071 0.162 177.065 58.701 7.262 
113.086 6.984 141.383 23.952 1.531 
113.086 6.984 141.383 23.952 1.531 
6.998 57.892 0.111 1.298 258.074 
0.848 1.206 18.85 0.474 214.208 
0.001 0.002 72.229 162.023 7.208 
38.693 99.783 37.616 33.914 16.153 
112.291 27.799 122.471 23.771 2.281 
15.822 25.841 0.253 169.243 55.254 
38.693 99.783 37.616 33.914 16.153 
84.821 51.96 73.359 133.257 2.503 
48.029 13.64 7.509 73.895 13.35 
10.584 0.459 3.085 193.179 4.442 
2.59 1.678 0.013 7.551 129.415 
0.028 0.003 1.361 254.962 30.007 
73.676 3.318 92.777 107.657 2.023 
63.65 15.757 94.107 56.427 1.832 
84.821 51.96 73.359 133.257 2.503 
0.071 0.162 177.065 58.701 7.262 
4.892 124.731 2.72 259.674 6.066 
63.65 15.757 94.107 56.427 1.832 
13.706 36.623 0.086 1.497 202.07 
2.521 2.01 30.03 135.792 3.148 
23.592 32.375 129.93 0.524 3.874 
2.59 1.678 0.013 7.551 129.415 
48.029 13.64 7.509 73.895 13.35 
68.416 23.924 80.727 56.874 1.832 
0.02 0.005 69.482 16.453 176.366 
0.007 0.027 0.105 58.217 161.025 
1.607 20.352 50.422 72.331 17.105 
29.548 12.115 0.253 169.243 55.254 
73.676 3.318 92.777 107.657 2.023 
6.998 57.892 0.111 1.298 258.074 
0.848 1.206 18.85 0.474 214.208 
0.02 0.005 69.482 16.453 176.366 
1.444 11.948 0.023 2.662 191.585 
1.607 20.352 50.422 72.331 17.105 
14.909 7.813 9.909 46.725 17.534 
29.548 12.115 0.253 169.243 55.254 
19.228 13.808 0.201 134.202 43.814 
14.594 20.027 80.375 68.0 7.299 
21.227 0.956 26.731 186.478 1.716 
13.706 36.623 0.086 1.497 202.07 
0.02 1.781 14.01 124.541 19.305 
19.228 13.808 0.201 134.202 43.814 
0.028 0.003 1.361 254.962 30.007 
79.942 22.703 12.498 3.437 4.649 
23.159 31.78 127.543 0.515 7.299 
1.862 15.403 0.03 1.982 229.699 
112.291 27.799 122.471 23.771 2.281 
0.008 0.011 0.001 8.404 242.363 
0.02 1.781 14.01 124.541 19.305 
6.388 1.572 26.6 135.792 3.148 
0.034 0.035 75.705 7.077 169.988 
10.537 0.457 3.071 192.315 5.37 
21.227 0.956 26.731 186.478 1.716 
0.082 0.018 0.005 44.218 196.655 
75.986 21.579 11.88 3.267 10.517 
75.986 21.579 11.88 3.267 10.517 
68.416 23.924 80.727 56.874 1.832 
79.942 22.703 12.498 3.437 4.649 
4.867 0.819 0.017 10.058 172.394 
0.037 0.003 0.342 0.572 20.492 
4.971 126.749 0.623 259.674 6.066 
0.007 0.025 0.108 58.217 161.025 
14.594 20.027 80.375 68.0 7.299 
0.001 0.002 72.229 162.023 7.208 
14.909 7.813 9.909 46.725 17.534 
0.023 0.006 78.589 7.343 176.366 
0.082 0.018 0.005 44.218 196.655 
0.347 0.002 0.5 1.061 239.742 
0.015 0.003 0.001 8.075 232.884 
0.034 0.035 75.705 7.077 169.988 
2.521 2.01 30.03 135.792 3.148 
1.444 11.948 0.023 2.662 191.585 
23.592 32.375 129.93 0.524 3.874 
1.862 15.403 0.03 1.982 229.699 
15.822 25.841 0.253 169.243 55.254 
23.159 31.78 127.543 0.515 7.299 
4.867 0.819 0.017 10.058 172.394 
5.089 0.612 0.003 10.058 172.394 
5.089 0.612 0.003 10.058 172.394 
0.272 0.002 0.575 1.061 239.742 
0.008 0.011 0.001 8.404 242.363 
0.023 0.006 78.589 7.343 176.366 
6.388 1.572 26.6 135.792 3.148 
10.537 0.457 3.071 192.315 5.37 
10.584 0.459 3.085 193.179 4.442 
0.037 0.003 0.342 0.572 20.492 
0.347 0.002 0.5 1.061 239.742 
0.007 0.025 0.108 58.217 161.025 
0.007 0.027 0.105 58.217 161.025 
0.037 0.003 0.342 0.572 20.492 
0.037 0.003 0.342 0.572 20.492 
21.227 0.956 26.731 186.478 1.716 
21.227 0.956 26.731 186.478 1.716 
