9.296 14.359 9.718 16.982 17.446 1.463 70.743 111.922 12.475 36.441 1.143 118.676 6.787 27.375 10.271 
0.001 0.05 0.093 0.074 25.844 0.401 227.456 32.508 11.844 41.108 93.142 14.84 0.021 1.41 6.708 
0.123 0.191 0.104 0.026 0.154 0.292 4.009 0.277 0.488 244.854 1.597 99.077 28.09 24.29 7.222 
0.0 0.0 0.001 0.0 0.002 0.014 0.044 0.001 0.006 0.149 0.71 186.487 212.082 56.98 0.975 
0.073 0.039 0.03 0.005 0.314 0.026 2.193 0.152 1.867 39.741 62.338 218.775 26.039 22.517 0.448 
0.008 0.005 0.003 0.051 3.487 1.737 39.077 1.157 2.53 236.303 100.976 1.176 19.563 8.82 0.144 
0.0 0.0 0.0 0.002 0.007 2.418 0.027 0.553 1.287 0.427 57.858 9.101 130.254 0.836 87.846 
0.0 0.0 0.0 0.0 0.0 0.0 0.001 0.0 0.008 0.019 1.47 242.616 65.684 44.186 86.389 
0.0 0.0 0.0 0.0 0.0 0.0 0.0 0.0 0.002 0.003 0.002 0.266 146.983 179.247 57.758 
0.0 0.0 0.0 0.0 0.0 0.0 0.0 0.0 0.0 0.0 0.0 0.05 30.736 91.954 272.072 
0.0 0.0 0.0 0.0 0.0 0.0 0.0 0.0 0.0 0.0 0.0 0.143 97.909 15.776 252.316 
0.007 0.003 0.009 0.01 3.214 0.829 0.507 0.259 0.456 228.924 13.427 8.497 61.388 1.001 5.7 
9.296 14.359 9.718 16.982 17.446 1.463 70.743 111.922 12.475 36.441 1.143 118.676 6.787 27.375 10.271 
0.001 0.05 0.093 0.074 25.844 0.401 227.456 32.508 11.844 41.108 93.142 14.84 0.021 1.41 6.708 
0.004 0.002 0.002 0.004 1.281 0.05 1.371 2.439 0.286 182.331 10.764 28.569 54.429 0.887 11.506 
0.033 0.002 0.008 0.142 9.712 0.123 74.011 3.872 11.814 86.349 66.072 0.208 12.773 5.758 0.072 
0.123 0.191 0.104 0.026 0.154 0.292 4.009 0.277 0.488 244.854 1.597 99.077 28.09 24.29 7.222 
0.187 0.289 0.126 0.174 0.207 0.023 0.587 0.09 0.159 57.408 124.458 65.425 19.927 97.49 0.439 
0.0 0.0 0.001 0.0 0.002 0.014 0.044 0.001 0.006 0.149 0.71 186.487 212.082 56.98 0.975 
0.002 0.001 0.009 0.006 2.063 0.532 2.67 0.299 0.526 264.166 15.494 9.805 23.641 1.006 5.73 
0.0 0.001 0.0 0.002 0.031 0.021 0.055 0.001 0.039 1.168 0.223 269.889 3.236 3.444 0.501 
0.034 0.193 0.752 0.776 3.067 21.228 1.872 0.084 2.64 9.339 83.989 44.151 190.252 51.115 0.875 
0.073 0.039 0.03 0.005 0.314 0.026 2.193 0.152 1.867 39.741 62.338 218.775 26.039 22.517 0.448 
0.0 0.002 0.0 0.001 0.417 0.006 146.712 18.837 6.863 101.513 75.295 11.996 0.017 1.14 5.423 
0.09 0.041 0.051 0.092 29.563 1.144 31.642 58.204 58.061 24.655 11.668 30.969 59.001 0.076 4.027 
0.008 0.005 0.003 0.051 3.487 1.737 39.077 1.157 2.53 236.303 100.976 1.176 19.563 8.82 0.144 
0.0 0.0 0.0 0.0 0.039 0.002 1.204 0.569 0.005 3.266 186.486 1.384 8.33 11.044 25.698 
0.0 0.0 0.0 0.002 0.007 2.418 0.027 0.553 1.287 0.427 57.858 9.101 130.254 0.836 87.846 
0.004 0.014 0.041 0.003 0.06 0.148 0.628 0.528 2.856 0.291 9.603 73.436 221.911 63.474 0.797 
0.0 0.0 0.0 0.0 0.0 0.0 0.001 0.0 0.008 0.019 1.47 242.616 65.684 44.186 86.389 
0.027 0.046 0.019 0.003 0.616 0.051 3.435 0.237 0.418 86.327 3.436 33.696 145.201 17.516 0.349 
0.068 0.106 0.058 0.118 0.121 0.01 2.168 0.15 0.264 132.424 86.269 87.146 24.707 21.365 6.352 
0.0 0.0 0.0 0.0 0.0 0.0 0.0 0.0 0.002 0.003 0.002 0.266 146.983 179.247 57.758 
0.122 0.007 0.034 0.002 45.55 6.965 55.328 6.109 54.837 0.365 3.434 126.731 32.205 7.204 6.064 
0.0 0.004 0.031 0.004 0.133 0.198 0.151 0.26 0.008 1.723 6.04 82.219 0.004 220.073 26.801 
0.001 0.005 0.006 0.016 0.058 0.001 0.445 0.676 2.539 15.696 12.832 153.969 54.856 24.112 2.269 
0.0 0.0 0.0 0.0 0.046 0.009 1.046 0.21 0.63 3.908 97.093 55.025 7.505 68.525 0.021 
0.076 0.273 0.092 0.753 0.319 0.052 0.914 0.14 0.247 89.304 137.259 81.708 24.886 121.753 0.548 
0.0 0.0 0.0 0.0 0.001 0.008 0.011 0.274 0.219 0.001 1.192 0.246 162.754 17.769 22.085 
0.0 0.0 0.0 0.0 0.0 0.0 0.0 0.012 0.099 0.11 0.581 130.11 122.286 53.001 2.62 
0.0 0.0 0.0 0.001 0.117 0.005 1.056 0.151 0.186 52.642 228.958 40.74 0.015 1.021 0.652 
0.0 0.0 0.0 0.0 0.0 0.0 0.003 0.001 0.013 0.09 0.132 42.032 104.248 34.127 115.274 
0.0 0.0 0.0 0.0 0.0 0.0 0.0 0.0 0.0 0.001 0.005 0.023 0.072 119.319 131.641 
0.0 0.0 0.0 0.0 0.017 0.046 0.055 0.669 0.654 10.3 41.033 117.735 116.593 18.387 5.467 
0.0 0.004 0.001 0.0 0.003 2.22 10.044 0.694 15.84 33.27 66.244 64.511 4.9 7.425 4.796 
0.0 0.0 0.0 0.0 0.0 0.0 0.0 0.0 0.0 0.0 0.0 0.05 30.736 91.954 272.072 
0.0 0.0 0.001 0.0 0.059 0.335 0.13 0.069 0.056 22.045 159.179 15.685 18.228 13.819 4.109 
0.0 0.003 0.001 0.0 0.001 0.016 0.124 0.19 0.092 0.473 1.016 310.389 0.015 65.377 3.232 
0.001 0.001 0.0 0.001 0.015 0.014 0.043 0.192 1.461 0.196 0.263 3.65 252.944 0.176 101.376 
0.0 0.0 0.01 0.015 0.169 0.356 4.151 0.098 0.401 2.456 13.261 59.765 0.003 247.641 48.331 
0.009 0.021 0.004 0.017 0.232 0.001 0.426 0.935 20.223 23.938 96.748 20.514 0.116 33.113 3.513 
0.0 0.0 0.0 0.0 0.006 0.0 0.031 0.054 0.237 11.0 151.656 70.916 10.098 5.299 30.172 
0.03 0.025 0.022 0.006 2.065 2.478 11.755 7.434 0.99 25.317 3.384 32.966 0.004 97.811 15.889 
0.0 0.0 0.0 0.0 0.0 0.0 0.002 0.001 0.007 0.095 0.33 17.054 84.58 64.675 83.062 
0.0 0.002 0.001 0.001 0.0 0.255 0.323 0.239 6.254 38.852 37.81 0.989 169.975 51.684 7.611 
0.0 0.0 0.0 0.0 0.0 0.0 0.0 0.0 0.0 0.0 0.0 0.143 97.909 15.776 252.316 
0.011 0.001 0.002 0.0 0.028 0.03 0.144 0.154 0.334 2.948 123.188 18.252 29.745 27.145 0.851 
0.0 0.0 0.0 0.0 0.002 0.003 0.047 0.01 0.882 1.507 2.123 114.331 60.918 38.244 38.58 
0.0 0.0 0.013 0.007 0.132 0.669 1.18 0.626 5.527 71.077 52.293 0.585 60.062 0.111 1.645 
0.005 0.003 0.008 0.0 0.076 0.002 1.77 2.372 0.524 12.056 177.773 2.512 5.116 62.493 26.144 
0.0 0.0 0.003 0.0 0.0 0.0 0.005 0.004 0.011 0.173 0.114 19.679 65.279 166.589 10.851 
0.0 0.0 0.0 0.0 0.0 0.0 0.0 0.0 0.0 0.0 0.0 0.001 0.715 0.018 224.034 
0.002 0.0 0.007 0.005 0.361 0.257 0.577 2.626 0.061 130.635 36.922 46.37 7.274 55.745 5.026 
0.008 0.003 0.003 0.017 3.223 0.507 27.783 21.441 25.461 10.811 31.695 0.369 6.141 67.446 0.067 
0.0 0.0 0.0 0.0 0.0 0.0 0.0 0.0 0.005 0.052 0.862 148.784 131.087 58.777 2.905 
0.0 0.0 0.0 0.0 0.0 0.0 0.0 0.0 0.003 0.012 0.06 13.242 9.159 177.633 1.197 
0.0 0.0 0.004 0.0 0.023 3.118 11.776 6.772 17.751 17.03 19.436 100.807 15.185 1.066 3.453 
0.0 0.0 0.0 0.0 0.0 0.0 0.0 0.0 0.001 0.003 0.003 87.002 3.417 21.429 72.92 
0.0 0.005 0.005 0.043 0.004 0.035 0.415 0.113 2.594 20.376 54.573 121.132 0.005 41.719 0.402 
0.001 0.0 0.006 0.014 0.093 0.442 0.932 0.014 1.61 26.812 190.061 9.715 15.92 64.987 5.558 
0.032 0.016 0.006 0.016 0.19 0.069 0.072 0.603 0.451 0.375 7.614 0.122 30.39 6.204 84.272 
0.0 0.0 0.0 0.0 0.0 0.0 0.384 0.034 0.365 0.026 21.288 97.666 0.0 61.977 24.317 
0.005 0.003 0.014 0.003 0.005 0.002 0.012 0.437 1.194 0.169 0.023 45.315 64.453 22.559 1.148 
0.0 0.0 0.0 0.003 0.33 0.462 3.904 13.608 6.728 16.94 21.572 24.973 67.265 6.206 4.149 
0.0 0.0 0.0 0.0 0.002 0.0 0.002 0.105 1.191 0.264 174.454 6.088 7.589 120.213 5.546 
0.0 0.001 0.0 0.002 0.001 0.601 1.383 7.885 1.251 2.587 51.299 76.247 133.701 3.311 0.913 
0.0 0.0 0.0 0.0 0.0 0.0 0.0 0.0 0.001 0.026 2.083 265.08 0.001 31.276 3.03 
0.0 0.037 0.002 0.024 0.022 0.156 0.416 0.298 0.04 1.695 16.466 32.63 214.602 22.651 42.547 
0.0 0.0 0.002 0.0 0.011 0.002 0.28 0.056 0.319 0.002 0.564 3.53 0.869 190.651 12.373 
0.005 0.013 0.031 0.077 1.617 0.242 1.951 0.012 1.384 41.397 7.888 111.905 15.385 2.281 40.611 
0.0 0.0 0.0 0.0 0.002 0.241 0.021 0.037 0.129 0.043 20.926 3.112 63.325 112.11 86.621 
0.0 0.0 0.0 0.0 0.0 0.0 0.0 0.002 0.022 0.036 0.0 0.036 0.001 0.028 108.871 
0.0 0.0 0.0 0.0 0.0 0.0 0.0 0.0 0.0 0.0 0.0 0.0 0.323 0.006 160.468 
0.0 0.0 0.0 0.0 0.0 0.0 0.0 0.0 1.59 0.775 6.44 11.594 63.026 11.104 155.304 
0.0 0.0 0.0 0.0 0.0 0.0 0.0 0.0 0.01 0.026 0.041 0.007 0.047 180.095 93.27 
0.0 0.0 0.0 0.0 0.0 0.0 0.0 0.0 0.0 0.0 0.0 0.002 0.011 47.262 134.266 
0.0 0.0 0.0 0.0 0.0 0.002 0.008 0.058 0.001 0.454 1.532 0.926 9.333 209.282 0.702 
0.0 0.0 0.0 0.0 0.0 0.0 0.0 0.0 0.011 0.039 0.081 0.309 72.01 25.097 75.743 
0.002 0.006 0.028 0.004 0.04 0.097 0.413 0.347 6.016 0.472 5.537 67.146 202.902 58.037 7.181 
0.0 0.0 0.0 0.0 0.0 0.0 0.0 0.0 0.001 0.001 0.081 3.51 53.09 140.927 25.307 
0.0 0.0 0.0 0.0 0.0 0.0 0.0 0.0 0.001 0.0 0.055 8.594 18.653 21.955 177.917 
0.0 0.0 0.0 0.0 0.0 0.001 0.11 0.077 0.49 1.227 6.771 40.726 35.267 203.258 40.515 
0.0 0.0 0.0 0.002 0.016 0.016 0.346 0.271 1.078 10.155 0.945 61.351 8.64 42.743 155.612 
0.0 0.0 0.0 0.0 0.0 0.0 0.0 0.0 0.0 0.0 1.681 3.556 101.768 23.584 28.244 
0.0 0.0 0.0 0.0 0.002 0.001 0.003 0.024 0.034 0.094 0.055 3.927 51.601 293.168 2.253 
0.0 0.0 0.0 0.0 0.0 0.0 0.01 0.006 0.024 2.669 0.888 1.911 85.573 50.21 1.0 
0.0 0.0 0.0 0.0 0.0 0.0 0.027 0.116 0.001 0.001 0.031 106.011 85.332 6.44 41.766 
0.0 0.002 0.057 0.048 0.006 0.189 0.115 0.069 0.0 0.562 1.119 53.939 74.534 35.821 21.097 
0.0 0.0 0.0 0.0 0.0 0.0 0.0 0.0 0.091 0.045 0.282 9.014 15.17 234.077 6.625 
0.0 0.0 0.0 0.0 0.0 0.0 0.0 0.0 0.0 0.0 0.0 0.001 0.053 1.38 171.758 
