42.727 3.158 33.275 71.351 39.824 
0.012 0.009 4.591 312.43 15.169 
0.024 0.023 0.15 35.126 288.16 
20.974 82.581 81.049 2.96 56.216 
0.242 0.9 0.011 207.403 36.618 
128.628 47.829 10.287 45.458 7.94 
3.42 40.887 47.871 70.546 5.768 
0.124 0.224 0.068 0.402 147.969 
15.2 7.307 10.917 0.131 319.292 
2.136 3.098 25.297 178.564 4.073 
4.599 0.34 26.824 80.845 57.579 
6.156 0.232 12.148 20.395 69.322 
1.632 67.854 71.501 34.99 7.11 
1.01 0.305 12.016 2.996 130.64 
31.855 4.454 4.866 96.825 69.46 
4.021 1.023 10.457 91.453 4.623 
0.836 5.215 29.029 34.153 31.156 
0.006 0.006 3.703 23.67 81.469 
8.9 2.352 2.109 14.205 124.973 
48.053 36.267 74.259 1.704 94.137 
2.68 1.465 82.281 20.632 35.554 
19.939 35.369 11.96 9.619 34.928 
2.358 1.67 51.7 76.825 78.823 
2.55 4.765 5.55 6.616 36.452 
13.343 2.74 49.908 4.259 25.192 
0.215 8.519 20.118 120.085 54.467 
62.671 3.86 117.302 0.016 128.99 
0.003 0.002 0.312 48.49 84.043 
0.063 0.071 0.11 22.251 348.732 
42.727 3.158 33.275 71.351 39.824 
0.012 0.009 4.591 312.43 15.169 
0.024 0.023 0.15 35.126 288.16 
20.974 82.581 81.049 2.96 56.216 
0.242 0.9 0.011 207.403 36.618 
128.628 47.829 10.287 45.458 7.94 
3.42 40.887 47.871 70.546 5.768 
0.124 0.224 0.068 0.402 147.969 
15.2 7.307 10.917 0.131 319.292 
2.136 3.098 25.297 178.564 4.073 
4.599 0.34 26.824 80.845 57.579 
6.156 0.232 12.148 20.395 69.322 
1.632 67.854 71.501 34.99 7.11 
1.01 0.305 12.016 2.996 130.64 
31.855 4.454 4.866 96.825 69.46 
4.021 1.023 10.457 91.453 4.623 
0.836 5.215 29.029 34.153 31.156 
0.006 0.006 3.703 23.67 81.469 
8.9 2.352 2.109 14.205 124.973 
48.053 36.267 74.259 1.704 94.137 
2.68 1.465 82.281 20.632 35.554 
19.939 35.369 11.96 9.619 34.928 
2.358 1.67 51.7 76.825 78.823 
2.55 4.765 5.55 6.616 36.452 
13.343 2.74 49.908 4.259 25.192 
0.215 8.519 20.118 120.085 54.467 
62.671 3.86 117.302 0.016 128.99 
0.003 0.002 0.312 48.49 84.043 
0.063 0.071 0.11 22.251 348.732 
14.215 122.616 75.742 43.31 13.615 
14.215 122.616 75.742 43.31 13.615 
42.027 143.238 80.279 63.759 17.72 
42.027 143.238 80.279 63.759 17.72 
0.316 32.376 70.87 141.979 62.359 
0.316 32.376 70.87 141.979 62.359 
84.039 10.675 3.329 23.6 147.782 
84.039 10.675 3.329 23.6 147.782 
113.376 1.407 25.892 127.632 16.878 
14.198 7.53 11.214 98.472 23.14 
17.192 8.465 153.897 103.874 18.09 
14.198 7.53 11.214 98.472 23.14 
113.376 1.407 25.892 127.632 16.878 
17.192 8.465 153.897 103.874 18.09 
85.378 16.437 74.497 26.924 36.146 
85.378 16.437 74.497 26.924 36.146 
0.02 0.005 0.382 158.294 138.798 
2.84 0.009 1.886 58.687 253.34 
1.514 0.055 3.297 54.07 181.415 
0.02 0.005 0.382 158.294 138.798 
2.84 0.009 1.886 58.687 253.34 
1.514 0.055 3.297 54.07 181.415 
62.708 47.052 11.632 77.699 71.943 
1.156 1.465 0.444 3.622 368.578 
20.973 20.22 37.709 17.758 94.849 
2.943 0.507 0.372 14.615 159.619 
0.357 0.242 0.524 1.349 179.013 
6.438 35.788 3.809 1.048 262.119 
15.74 119.402 8.706 10.092 76.198 
0.17 0.73 3.425 5.621 264.026 
3.297 3.399 0.345 20.822 155.117 
62.708 47.052 11.632 77.699 71.943 
1.156 1.465 0.444 3.622 368.578 
20.973 20.22 37.709 17.758 94.849 
2.943 0.507 0.372 14.615 159.619 
0.357 0.242 0.524 1.349 179.013 
6.438 35.788 3.809 1.048 262.119 
15.74 119.402 8.706 10.092 76.198 
0.17 0.73 3.425 5.621 264.026 
3.297 3.399 0.345 20.822 155.117 
1.201 3.791 55.6 34.09 96.316 
3.419 4.202 5.312 44.482 125.206 
