0.0 0.0 0.0 0.056 0.234 0.481 1.286 7.297 10.892 28.015 4.496 84.274 18.932 5.63 35.919 
0.012 0.008 0.063 0.021 0.119 1.19 0.919 1.359 2.03 55.615 1.526 116.191 40.294 57.516 8.243 
0.0 0.0 0.0 0.0 0.0 0.0 0.0 0.0 0.0 0.0 0.0 0.002 6.228 21.688 270.847 
0.0 0.0 0.0 0.0 0.0 0.0 0.0 0.0 0.0 0.001 0.001 0.0 4.381 31.886 351.846 
0.166 0.057 0.095 0.565 1.908 12.291 1.42 3.138 2.873 34.862 4.505 16.321 21.817 154.885 3.248 
0.003 0.01 0.007 0.001 0.348 0.005 1.018 4.028 2.572 2.741 2.229 37.03 207.154 12.747 0.544 
0.0 0.0 0.0 0.001 0.002 0.018 0.017 0.01 0.0 0.025 0.033 0.656 18.328 122.087 113.348 
0.0 0.001 0.001 0.0 0.007 0.012 0.001 0.029 0.008 0.123 0.079 0.269 0.085 2.143 234.871 
0.0 0.0 0.0 0.0 0.0 0.0 0.001 0.001 0.011 0.415 0.223 6.052 1.509 267.138 66.664 
0.125 0.02 4.459 0.719 2.177 2.693 3.547 3.892 0.306 5.427 16.677 54.821 164.687 19.848 30.152 
0.0 0.0 0.0 0.004 0.002 0.001 0.002 0.193 1.617 0.9 55.295 221.368 36.58 26.884 41.494 
0.0 0.0 0.0 0.0 0.0 0.0 0.0 0.0 0.0 0.0 0.002 0.0 0.232 0.267 434.606 
0.0 0.0 0.0 0.0 0.0 0.0 0.0 0.0 0.0 0.0 0.002 0.0 0.232 0.267 434.606 
0.0 0.0 0.0 0.0 0.0 0.0 0.0 0.0 0.0 0.014 0.008 0.206 5.855 197.892 112.128 
0.123 0.02 4.368 0.704 4.937 3.646 4.801 5.268 0.082 5.969 21.354 30.647 142.216 17.14 26.038 
0.0 0.0 0.0 0.0 0.0 0.0 0.0 0.001 0.05 0.087 1.555 8.205 16.122 89.557 172.37 
0.135 0.118 0.296 0.019 0.116 0.481 0.594 0.362 0.791 0.001 19.831 2.289 30.687 39.943 68.175 
0.0 0.0 0.0 0.0 0.0 0.0 0.0 0.0 0.0 0.0 0.002 0.0 0.228 0.263 428.289 
0.0 0.001 0.001 0.134 0.028 0.082 0.002 0.204 5.07 5.691 76.653 0.844 44.944 24.707 135.516 
0.001 0.001 0.006 0.002 0.01 0.101 0.078 0.115 0.06 3.622 0.099 7.568 299.299 81.539 11.685 
0.0 0.0 0.0 0.008 0.0 0.028 0.587 0.262 15.327 17.444 38.525 24.873 46.815 42.673 96.518 
0.123 0.02 4.368 0.704 4.937 3.646 4.801 5.268 0.082 5.969 21.354 30.647 142.216 17.14 26.038 
0.143 0.05 0.083 0.49 1.654 10.65 1.231 2.719 5.909 35.504 3.54 16.345 21.849 155.113 2.872 
0.143 0.05 0.083 0.49 1.654 10.65 1.231 2.719 5.909 35.504 3.54 16.345 21.849 155.113 2.872 
0.166 0.057 0.095 0.565 1.908 12.291 1.42 3.138 2.873 34.862 4.505 16.321 21.817 154.885 3.248 
0.0 0.098 0.059 0.194 0.681 0.569 0.129 0.096 1.181 4.755 14.059 38.816 4.935 177.636 4.764 
0.0 0.0 0.0 0.055 0.231 0.476 1.274 7.225 10.785 27.741 4.452 83.45 18.747 21.124 113.006 
0.082 0.073 0.022 0.02 0.313 0.141 0.204 3.362 1.528 6.332 4.236 101.878 143.807 2.992 32.071 
0.125 0.02 4.459 0.719 2.177 2.693 3.547 3.892 0.306 5.427 16.677 54.821 164.687 19.848 30.152 
0.003 0.024 0.004 0.015 0.004 0.005 0.001 1.77 4.777 42.251 28.877 20.621 15.658 118.076 150.048 
0.003 0.01 0.007 0.001 0.348 0.005 1.018 4.028 2.572 2.741 2.229 37.03 207.154 12.747 0.544 
0.012 0.008 0.063 0.021 0.119 1.19 0.919 1.359 2.03 55.615 1.526 116.191 40.294 57.516 8.243 
0.082 0.073 0.022 0.02 0.313 0.141 0.204 3.362 1.528 6.332 4.236 101.878 143.807 2.992 32.071 
0.001 0.001 0.006 0.002 0.01 0.101 0.078 0.115 0.06 3.622 0.099 7.568 299.299 81.539 11.685 
0.0 0.0 0.0 0.004 0.002 0.001 0.002 0.193 1.617 0.9 55.295 221.368 36.58 26.884 41.494 
0.0 0.001 0.001 0.134 0.028 0.082 0.002 0.204 5.07 5.691 76.653 0.844 44.944 24.707 135.516 
0.011 0.1 0.128 0.123 0.03 0.043 0.005 1.261 4.452 39.376 26.912 17.824 14.37 108.369 137.713 
0.0 0.098 0.059 0.194 0.681 0.569 0.129 0.096 1.181 4.755 14.059 38.816 4.935 177.636 4.764 
0.0 0.001 0.001 0.001 0.042 0.034 0.039 0.245 0.108 0.758 13.801 167.157 8.048 133.856 63.332 
0.0 0.002 0.001 0.005 0.022 0.021 0.034 5.448 0.191 5.055 1.643 57.094 9.343 30.603 60.092 
0.135 0.118 0.296 0.019 0.116 0.481 0.594 0.362 0.791 0.001 19.831 2.289 30.687 39.943 68.175 
0.001 0.0 0.0 0.003 0.037 0.505 2.39 0.842 0.069 5.225 5.733 33.276 30.61 16.56 158.371 
0.0 0.0 0.0 0.009 0.001 0.022 0.512 0.228 13.378 17.041 35.704 23.052 43.387 53.692 96.768 
0.0 0.0 0.0 0.0 0.004 0.0 0.028 0.141 7.607 13.301 35.707 28.684 30.024 66.318 78.721 
0.051 0.045 0.113 0.007 0.026 0.17 0.218 0.13 0.61 0.0 9.329 1.077 14.435 27.218 100.245 
0.0 0.001 0.001 0.001 0.042 0.034 0.039 0.245 0.108 0.758 13.801 167.157 8.048 133.856 63.332 
0.001 0.0 0.0 0.003 0.037 0.505 2.39 0.842 0.069 5.225 5.733 33.276 30.61 16.56 158.371 
0.031 0.028 0.008 0.007 0.118 0.053 0.075 1.261 0.573 2.375 4.22 54.646 77.135 1.605 72.039 
0.051 0.045 0.113 0.007 0.026 0.17 0.218 0.13 0.61 0.0 9.329 1.077 14.435 27.218 100.245 
0.031 0.028 0.008 0.007 0.118 0.053 0.075 1.261 0.573 2.375 4.22 54.646 77.135 1.605 72.039 
0.008 0.003 0.018 0.013 0.001 0.049 0.016 0.015 14.089 13.868 41.436 78.309 20.232 27.446 115.165 
0.002 0.001 0.021 0.011 0.0 0.041 0.013 0.013 11.689 11.506 49.433 81.928 21.168 28.715 26.089 
0.003 0.024 0.004 0.015 0.004 0.005 0.001 1.77 4.777 42.251 28.877 20.621 15.658 118.076 150.048 
0.0 0.0 0.0 0.0 0.0 0.0 0.0 0.0 0.0 0.001 0.001 0.0 4.381 31.886 351.846 
0.006 0.014 0.08 0.122 0.004 0.213 0.64 0.136 6.932 0.846 2.011 2.125 6.868 28.805 226.553 
0.0 0.002 0.001 0.004 0.019 0.018 0.03 4.816 0.865 8.22 2.13 74.033 12.115 39.682 77.92 
0.041 0.005 0.001 0.001 0.412 0.323 1.231 0.162 0.966 2.97 4.214 17.704 56.691 93.86 32.56 
0.011 0.1 0.128 0.123 0.03 0.043 0.005 1.261 4.452 39.376 26.912 17.824 14.37 108.369 137.713 
0.002 0.001 0.021 0.011 0.0 0.041 0.013 0.013 11.689 11.506 49.433 81.928 21.168 28.715 26.089 
0.0 0.0 0.0 0.008 0.0 0.028 0.587 0.262 15.327 17.444 38.525 24.873 46.815 42.673 96.518 
0.006 0.014 0.08 0.122 0.004 0.213 0.64 0.136 6.932 0.846 2.011 2.125 6.868 28.805 226.553 
0.022 0.006 0.03 0.034 0.233 0.106 0.049 0.704 0.245 1.25 0.658 17.336 158.153 33.186 57.347 
0.002 0.002 0.002 0.012 0.001 0.001 0.033 0.013 1.795 28.767 6.343 64.149 43.912 30.359 4.603 
0.008 0.003 0.018 0.013 0.001 0.049 0.016 0.015 14.089 13.868 41.436 78.309 20.232 27.446 115.165 
0.041 0.005 0.001 0.001 0.412 0.323 1.231 0.162 0.966 2.97 4.214 17.704 56.691 93.86 32.56 
0.0 0.0 0.0 0.0 0.0 0.001 0.024 0.027 0.013 0.241 11.069 14.325 6.002 57.862 296.7 
0.0 0.0 0.0 0.014 0.083 0.45 0.005 1.503 4.54 11.227 24.206 67.804 192.117 36.048 51.662 
0.0 0.0 0.002 0.076 0.039 0.111 0.208 0.055 2.799 0.341 0.812 7.261 6.122 25.678 201.96 
0.0 0.001 0.001 0.005 0.017 0.095 0.126 1.041 4.255 4.143 2.036 15.676 8.73 251.904 14.071 
0.0 0.0 0.0 0.001 0.001 0.001 0.058 1.504 1.663 2.213 50.08 12.294 108.584 69.823 126.639 
0.0 0.0 0.0 0.001 0.0 0.001 0.015 0.105 5.618 13.228 6.18 42.705 129.374 193.06 12.616 
0.0 0.0 0.0 0.009 0.001 0.022 0.512 0.228 13.378 17.041 35.704 23.052 43.387 53.692 96.768 
0.008 0.005 0.028 0.174 0.021 0.206 0.216 0.148 2.105 0.288 1.229 20.795 124.13 20.386 64.067 
0.001 0.009 0.002 0.0 0.017 0.741 0.162 0.121 0.462 1.751 0.572 15.097 98.736 5.0 130.917 
0.016 0.004 0.023 0.025 0.173 0.078 0.036 0.522 0.181 0.926 0.806 14.5 132.284 27.758 47.967 
0.001 0.0 0.0 0.007 0.004 0.001 0.004 0.074 0.725 0.403 24.786 99.227 65.675 40.812 117.443 
0.0 0.0 0.0 0.001 0.0 0.001 0.015 0.105 5.618 13.228 6.18 42.705 129.374 193.06 12.616 
0.0 0.0 0.0 0.0 0.59 0.023 0.074 1.64 2.316 0.385 10.19 22.716 37.39 134.226 86.553 
0.0 0.0 0.0 0.014 0.083 0.45 0.005 1.503 4.54 11.227 24.206 67.804 192.117 36.048 51.662 
0.001 0.005 0.005 0.013 0.012 0.0 0.74 0.284 5.238 6.779 7.058 27.296 152.994 10.171 4.421 
0.0 0.002 0.003 0.023 0.004 0.156 0.379 0.257 1.273 2.15 1.608 40.809 109.419 123.852 54.669 
0.001 0.0 0.002 0.004 0.038 0.204 0.002 0.682 5.366 10.719 23.11 64.734 183.421 34.416 49.323 
0.0 0.0 0.001 0.002 0.002 0.052 0.072 0.941 1.524 0.563 1.36 2.329 27.481 244.006 3.177 
0.0 0.0 0.0 0.0 0.0 0.0 0.0 0.001 0.05 0.087 1.555 8.205 16.122 89.557 172.37 
0.0 0.0 0.0 0.0 0.001 0.03 0.011 0.861 5.074 9.535 18.002 33.461 35.998 15.987 85.065 
0.0 0.0 0.0 0.0 0.0 0.0 0.002 0.014 0.763 0.736 22.703 41.125 124.588 210.42 2.552 
0.001 0.004 0.001 0.0 0.002 0.207 0.045 0.132 0.172 0.651 8.967 8.419 96.987 4.911 128.597 
0.0 0.0 0.001 0.003 0.002 0.079 0.109 1.435 3.311 1.073 2.592 4.438 21.967 248.874 3.241 
0.0 0.0 0.004 0.008 0.029 0.019 0.064 0.136 1.24 4.655 4.568 14.342 7.987 230.464 12.874 
0.02 0.0 0.045 0.102 0.053 0.192 0.201 0.138 1.96 0.268 1.145 19.365 115.596 30.654 64.067 
0.0 0.002 0.001 0.004 0.019 0.018 0.03 4.816 0.865 8.22 2.13 74.033 12.115 39.682 77.92 
0.0 0.0 0.0 0.0 0.001 0.03 0.011 0.861 5.074 9.535 18.002 33.461 35.998 15.987 85.065 
0.0 0.0 0.0 0.0 0.0 0.003 0.001 0.021 0.005 0.113 5.195 6.724 2.817 27.158 326.519 
0.02 0.0 0.045 0.102 0.053 0.192 0.201 0.138 1.96 0.268 1.145 19.365 115.596 30.654 64.067 
0.0 0.001 0.001 0.0 0.003 0.021 0.06 0.042 3.909 6.224 24.951 14.14 124.999 63.195 94.191 
0.001 0.001 0.001 0.001 0.025 0.116 0.017 1.684 4.08 1.956 1.657 1.355 84.08 47.607 65.157 
0.0 0.0 0.0 0.0 0.0 0.0 0.011 0.757 1.095 1.086 0.961 14.864 80.368 139.158 121.828 
0.008 0.005 0.028 0.174 0.021 0.206 0.216 0.148 2.105 0.288 1.229 20.795 124.13 20.386 64.067 
0.0 0.0 0.0 0.0 0.001 0.0 0.001 0.001 0.091 0.019 2.543 10.377 52.291 198.867 21.981 
0.016 0.004 0.023 0.025 0.173 0.078 0.036 0.522 0.181 0.926 0.806 14.5 132.284 27.758 47.967 
