0.0 0.0 0.0 0.0 0.0 0.0 0.0 0.0 0.0 0.0 0.0 0.0 0.0 0.0 74.385 
0.0 0.0 0.0 0.0 0.001 0.001 0.002 0.0 0.005 0.113 1.373 1.797 3.799 49.687 214.954 
0.0 0.0 0.0 0.0 0.0 0.0 0.0 0.0 0.019 0.003 0.015 1.287 3.594 4.242 32.4 
0.003 0.08 0.152 0.04 1.209 1.573 2.419 16.121 17.388 33.554 0.0 10.768 93.995 123.045 43.062 
0.0 0.0 0.0 0.0 0.0 0.0 0.0 0.0 0.0 0.001 0.001 0.005 3.924 13.684 170.889 
0.001 0.002 0.002 0.0 0.002 0.006 0.004 0.085 0.429 0.024 0.567 6.324 19.651 4.168 140.813 
0.0 0.0 0.0 0.0 0.0 0.0 0.0 4.914 0.775 0.639 7.522 7.204 33.341 30.621 228.349 
0.0 0.0 0.0 0.0 0.0 0.0 0.0 0.0 0.0 0.0 23.431 31.763 178.031 11.835 5.144 
0.0 0.0 0.0 0.0 0.0 0.0 0.0 0.0 0.0 0.0 0.0 0.0 157.228 6.241 0.0 
0.003 0.003 0.001 0.028 0.135 1.042 2.022 0.0 3.766 9.686 1.554 29.138 125.143 23.598 10.233 
0.0 0.0 0.0 0.0 0.001 0.001 0.038 0.01 0.268 0.094 0.951 2.652 6.288 158.693 87.458 
0.0 0.0 0.0 0.0 0.003 0.015 0.0 0.05 0.079 10.172 10.315 33.289 142.271 23.422 33.568 
0.0 0.0 0.0 0.0 0.0 0.0 0.0 0.0 0.0 0.0 0.0 0.0 0.0 176.154 93.222 
0.0 0.0 0.001 0.0 0.001 0.002 0.026 0.028 0.261 0.034 0.071 1.8 1.264 27.167 140.638 
0.0 0.0 0.0 0.0 0.0 0.0 0.0 0.011 0.03 0.075 0.567 0.469 0.06 9.353 208.067 
0.0 0.0 0.0 0.002 0.003 0.001 0.002 0.201 1.684 0.937 57.595 100.765 21.105 38.972 112.147 
0.0 0.0 0.0 0.0 0.0 0.0 0.0 0.0 0.0 0.0 0.0 0.0 0.0 169.03 33.01 
0.0 0.0 0.0 0.0 0.0 0.0 0.0 0.0 0.0 0.0 0.0 0.0 0.0 96.525 148.795 
0.0 0.0 0.0 0.0 0.0 0.0 0.0 0.0 0.0 0.0 0.0 8.69 24.982 2.757 163.404 
0.0 0.001 0.0 0.001 0.0 0.002 0.0 0.113 3.756 1.716 5.49 33.736 123.438 97.297 92.91 
0.0 0.0 0.0 0.0 0.0 0.0 0.013 0.015 0.025 0.172 0.709 4.195 21.648 102.318 0.0 
0.0 0.0 0.0 0.0 0.0 0.0 0.0 0.0 0.0 3.821 4.7 14.379 17.028 96.984 96.498 
0.0 0.0 0.0 0.0 0.0 0.0 0.0 0.003 0.137 0.077 1.112 6.388 101.663 62.875 0.0 
0.0 0.0 0.0 0.0 0.0 0.19 0.087 0.119 0.372 4.313 2.42 6.454 24.548 31.637 141.162 
0.0 0.0 0.0 0.0 0.0 0.0 0.008 0.004 0.004 0.313 1.747 4.16 14.846 80.213 18.017 
0.0 0.0 0.0 0.0 0.0 0.001 0.0 0.017 0.067 0.583 0.62 0.303 7.23 35.952 290.465 
0.0 0.001 0.001 0.001 0.032 0.016 0.03 0.448 0.308 2.081 1.933 1.351 0.718 18.271 164.592 
0.0 0.0 0.0 0.0 0.0 0.0 0.0 0.0 0.0 0.487 0.384 1.785 0.68 2.756 36.303 
0.0 0.0 0.0 0.0 0.0 0.0 0.0 0.005 0.011 0.03 0.042 0.305 11.648 56.722 99.809 
0.0 0.0 0.0 0.0 0.0 0.0 0.0 0.0 0.0 0.0 0.0 0.0 0.0 0.0 300.471 
0.0 0.0 0.0 0.0 0.0 0.0 0.0 0.0 0.0 0.0 0.0 0.0 0.0 0.0 224.843 
0.0 0.0 0.0 0.0 0.0 0.0 0.0 0.0 0.0 0.0 0.0 0.024 13.217 65.621 84.101 
0.0 0.0 0.0 0.0 0.0 0.0 0.0 0.0 0.0 0.0 0.0 0.0 0.0 0.0 275.564 
0.0 0.0 0.0 0.001 0.002 0.001 0.001 0.022 0.004 0.035 0.853 5.75 6.087 4.511 130.681 
0.03 0.022 0.182 0.119 0.015 1.415 8.041 80.421 4.053 9.681 36.924 63.512 18.861 33.014 25.312 
0.0 0.0 0.0 0.0 0.0 0.0 0.042 0.016 1.769 0.244 5.034 13.793 10.588 5.24 121.17 
0.0 0.0 0.001 0.0 0.02 0.017 0.015 0.016 0.013 0.303 0.393 3.067 10.383 17.479 184.897 
0.0 0.0 0.0 0.0 0.0 0.0 0.0 0.0 0.0 0.0 0.967 79.231 3.866 68.059 108.779 
0.017 0.006 0.01 0.059 0.201 1.294 1.609 0.608 0.557 6.753 10.052 5.583 7.463 52.979 60.397 
0.0 0.0 0.0 0.0 0.0 0.0 0.0 0.0 0.001 0.007 0.021 0.584 1.323 119.809 123.351 
0.0 0.0 0.0 0.0 0.0 0.001 0.008 0.016 1.153 0.389 1.861 0.0 4.63 105.858 138.07 
0.0 0.001 0.008 0.002 0.061 0.085 0.018 0.115 0.64 0.0 0.104 5.823 77.53 12.591 116.913 
0.0 0.0 0.0 0.0 0.0 0.0 0.0 0.09 1.575 0.387 0.0 3.686 21.17 43.054 295.178 
0.0 0.0 0.0 0.0 0.01 0.022 0.026 0.056 0.161 0.382 4.089 2.08 46.388 125.352 15.073 
0.0 0.0 0.0 0.001 0.0 0.008 0.003 0.095 0.518 0.267 0.585 0.665 7.728 29.78 15.278 
0.0 0.0 0.0 0.0 0.017 0.01 0.191 0.027 0.32 1.069 1.599 2.494 0.253 225.495 147.685 
0.004 0.001 0.001 0.001 0.093 0.05 0.092 0.44 0.086 2.256 2.237 55.731 41.417 34.67 11.585 
0.0 0.0 0.0 0.0 0.0 0.001 0.0 0.003 0.046 0.297 2.311 10.074 31.473 37.685 181.544 
0.0 0.0 0.001 0.0 0.002 0.01 0.027 0.217 2.897 0.494 2.985 11.591 2.566 28.221 54.533 
0.0 0.0 0.0 0.0 0.0 0.0 0.0 0.0 0.0 0.0 0.0 0.0 0.0 0.0 310.362 
0.0 0.0 0.0 0.0 0.0 0.0 1.202 0.345 0.028 2.139 9.299 29.25 26.906 20.149 148.506 
0.0 0.0 0.0 0.001 0.0 0.0 0.002 0.087 0.457 1.458 18.462 4.532 55.809 38.587 85.256 
0.0 0.0 0.0 0.0 0.0 0.0 0.0 0.0 0.0 0.0 0.0 5.644 4.284 14.535 60.116 
0.0 0.0 0.001 0.0 0.001 0.007 0.003 0.008 0.006 0.057 0.307 2.168 15.609 23.951 199.112 
0.0 0.0 0.0 0.0 0.0 0.0 0.003 0.013 0.719 0.0 8.26 4.544 74.788 99.691 81.407 
0.0 0.0 0.0 0.0 0.0 0.0 0.0 0.0 0.0 1.403 7.144 95.058 22.102 72.181 38.67 
0.0 0.0 0.0 0.0 0.0 0.0 0.0 0.0 0.0 0.165 12.142 16.461 9.167 264.511 14.776 
0.0 0.0 0.0 0.0 0.0 0.0 0.0 0.0 0.0 0.0 0.0 0.0 0.0 0.0 232.941 
0.035 0.024 0.046 0.212 0.116 0.03 0.144 0.667 9.698 6.101 3.536 35.759 120.858 37.098 0.0 
0.0 0.0 0.0 0.0 0.0 0.0 0.0 0.0 0.0 0.0 0.0 0.0 0.0 243.107 6.381 
0.0 0.0 0.0 0.0 0.011 0.021 0.056 0.098 0.078 1.251 7.669 35.882 15.98 185.847 9.869 
0.0 0.0 0.002 0.007 0.014 0.027 0.01 0.263 0.357 0.138 11.189 41.435 14.816 34.064 147.87 
0.0 0.0 0.0 0.0 0.0 0.0 0.0 0.0 0.0 0.234 0.135 0.663 4.921 20.494 213.216 
0.0 0.0 0.0 0.0 0.0 0.0 0.12 0.001 0.003 0.01 0.908 18.53 22.024 31.78 137.668 
0.0 0.0 0.0 0.0 0.0 0.0 0.011 0.039 0.07 0.044 1.372 27.941 51.174 55.693 177.322 
0.0 0.0 0.0 0.0 0.0 0.0 0.0 0.0 0.0 0.0 0.0 0.0 2.225 143.344 121.743 
0.002 0.002 0.004 0.057 0.06 0.273 0.166 0.028 0.062 0.944 0.631 0.865 0.34 18.417 221.582 
0.0 0.0 0.0 0.0 0.0 0.0 0.0 0.0 0.0 0.0 0.0 23.536 6.412 26.558 103.608 
0.001 0.0 0.0 0.002 0.004 0.015 0.452 2.839 0.0 1.931 1.708 26.432 42.57 106.612 93.336 
0.0 0.0 0.0 0.0 0.0 0.0 0.0 0.0 0.0 0.0 0.0 0.0 0.0 121.689 66.804 
0.006 0.009 0.0 0.002 0.002 0.107 0.013 0.228 0.134 3.274 11.443 17.571 16.105 36.778 76.467 
0.0 0.0 0.0 0.0 0.0 0.0 0.0 0.0 0.0 0.0 6.897 21.19 21.853 57.334 3.876 
0.002 0.0 0.001 0.0 0.014 0.041 0.0 0.007 0.371 1.005 2.091 4.668 16.942 38.56 43.182 
0.0 0.0 0.001 0.001 0.031 0.0 0.091 0.361 0.231 8.096 1.83 30.41 170.121 45.771 13.49 
0.0 0.0 0.0 0.0 0.0 0.0 0.0 0.0 0.0 0.0 0.0 0.0 0.0 24.139 205.227 
0.0 0.0 0.0 0.0 0.0 0.0 0.0 0.0 0.0 0.0 28.85 10.37 14.413 90.773 94.763 
0.0 0.0 0.0 0.0 0.0 0.0 0.012 0.008 0.003 0.012 0.559 0.372 0.218 44.634 37.074 
0.002 0.002 0.013 0.004 0.01 0.311 0.222 0.096 0.127 7.649 4.425 23.772 1.87 10.096 262.981 
0.0 0.0 0.0 0.0 0.0 0.0 0.001 0.005 0.305 0.719 15.439 27.967 84.726 126.433 70.378 
0.0 0.0 0.0 0.0 0.0 0.0 0.0 0.0 0.0 34.436 39.418 25.45 47.9 59.277 56.586 
0.0 0.0 0.0 0.0 0.035 0.414 0.704 0.093 0.552 1.699 2.41 10.126 32.424 53.682 109.003 
0.0 0.0 0.0 0.0 0.0 0.001 0.001 0.001 0.001 0.011 0.736 7.576 43.411 93.943 26.561 
0.006 0.053 0.013 0.021 0.012 0.385 0.987 0.67 1.756 4.0 2.992 75.935 107.831 69.762 33.727 
0.001 0.0 0.0 0.001 0.0 0.002 0.018 0.0 0.181 0.039 0.788 6.305 16.065 2.962 132.11 
0.0 0.0 0.0 0.001 0.002 0.0 0.01 0.011 0.217 0.263 0.262 6.483 0.103 239.14 59.678 
0.0 0.0 0.0 0.073 0.185 0.084 0.105 0.657 0.229 1.166 1.015 18.261 123.742 0.0 39.362 
0.0 0.0 0.0 0.0 0.0 0.0 0.0 0.0 0.0 0.059 0.078 0.854 23.843 158.817 16.515 
0.0 0.0 0.0 0.0 0.0 0.0 0.0 0.0 0.0 0.0 0.0 0.0 0.0 0.0 147.039 
0.0 0.0 0.0 0.144 0.279 0.234 0.053 0.039 0.485 1.192 10.914 23.731 3.017 108.6 53.467 
0.0 0.0 0.0 0.0 0.002 0.0 0.003 0.001 0.18 0.611 2.722 0.835 4.477 238.649 4.848 
0.0 0.0 0.0 0.0 0.0 0.0 0.0 0.0 0.0 0.0 0.0 0.0 0.0 0.0 370.117 
0.0 0.0 0.0 0.0 0.0 0.0 0.0 0.0 2.481 0.591 9.933 7.847 30.798 65.924 198.554 
0.0 0.001 0.007 0.007 0.027 0.006 1.436 0.015 1.01 1.396 1.13 0.048 1.473 0.768 347.901 
0.0 0.0 0.01 0.02 0.02 0.119 0.187 0.293 1.946 2.674 36.017 23.779 32.965 18.121 136.926 
0.0 0.0 0.0 0.0 0.0 0.0 0.0 0.0 0.0 0.0 0.0 0.0 0.0 76.556 103.123 
0.0 0.0 0.0 0.0 0.0 0.0 0.0 0.0 0.0 0.0 0.0 0.908 2.551 24.916 124.718 
0.0 0.0 0.0 0.0 0.001 0.004 0.085 0.643 0.428 1.624 1.056 0.872 2.572 42.866 26.145 
0.0 0.0 0.0 0.0 0.0 0.0 0.0 0.0 0.0 0.0 0.0 0.0 58.703 64.344 62.09 
0.001 0.003 0.004 0.0 0.003 0.001 0.012 0.013 0.002 0.017 4.119 6.982 9.087 110.571 0.0 
0.0 0.0 0.0 0.001 0.0 0.001 0.03 0.011 0.03 0.077 0.0 0.027 0.021 0.225 367.514 
