0.0 0.0 0.0 0.231 97.364 
0.0 0.0 0.062 0.176 293.634 
0.0 0.012 0.0 52.913 2.138 
214.731 2.745 4.47 0.245 4.524 
92.964 6.872 11.798 0.123 0.009 
27.616 223.385 0.377 0.277 0.36 
0.001 0.018 0.0 323.43 0.463 
0.001 0.012 0.036 0.0 225.137 
1.727 0.71 421.21 0.171 0.061 
2.663 2.279 333.851 0.137 0.048 
0.005 0.001 201.297 0.082 1.072 
152.354 0.425 0.208 10.733 6.615 
214.731 2.745 4.47 0.245 4.524 
0.0 0.015 0.0 245.748 9.93 
0.0 0.0 0.011 156.457 0.089 
0.0 0.015 0.0 245.748 9.93 
0.001 0.018 0.0 323.43 0.463 
0.001 0.012 0.036 0.0 225.137 
0.0 0.0 0.062 0.176 293.634 
0.067 145.601 3.22 0.245 6.026 
0.088 191.241 0.229 0.316 7.753 
95.021 58.277 0.23 0.169 0.22 
50.067 77.054 0.191 0.052 2.593 
2.245 18.156 0.024 80.86 0.145 
124.027 50.992 0.263 3.102 7.207 
65.853 0.507 38.578 45.812 0.206 
19.556 2.004 10.286 32.526 55.678 
152.354 0.425 0.208 10.733 6.615 
124.027 50.992 0.263 3.102 7.207 
84.053 131.417 0.02 3.668 0.561 
0.0 0.034 146.68 0.242 2.061 
0.005 0.001 201.297 0.082 1.072 
0.122 0.178 0.146 0.001 188.534 
3.94 1.62 375.641 0.154 0.046 
21.594 36.02 0.086 4.048 60.284 
0.001 0.02 89.252 0.147 75.826 
0.001 0.006 0.009 118.066 0.099 
0.001 0.02 89.252 0.147 75.826 
0.004 0.028 136.349 0.225 0.427 
0.03 0.645 45.585 6.72 33.165 
1.727 0.71 421.21 0.171 0.061 
3.94 1.62 375.641 0.154 0.046 
2.663 2.279 333.851 0.137 0.048 
0.0 0.028 0.0 125.528 16.493 
33.033 97.266 1.443 0.144 0.415 
72.061 70.68 0.214 0.342 19.857 
0.0 0.0 0.011 156.457 0.089 
0.133 0.193 0.059 0.001 162.686 
0.122 0.178 0.146 0.001 188.534 
72.061 70.68 0.214 0.342 19.857 
0.049 109.07 2.412 75.216 0.157 
0.032 115.256 17.864 0.219 13.21 
0.668 219.825 0.331 0.243 8.932 
0.017 0.002 0.009 0.029 119.992 
0.0 0.0 0.0 0.349 144.467 
50.067 77.054 0.191 0.052 2.593 
0.285 201.879 0.303 0.334 2.844 
84.053 131.417 0.02 3.668 0.561 
90.858 142.057 0.35 0.353 1.202 
38.689 10.165 4.914 0.028 0.073 
0.0 0.0 0.0 0.231 97.364 
0.017 0.002 0.009 0.029 119.992 
0.0 0.012 0.0 52.913 2.138 
65.853 0.507 38.578 45.812 0.206 
33.135 47.042 0.485 23.37 2.118 
0.019 0.027 62.002 0.025 1.264 
31.101 12.787 22.604 4.665 9.861 
0.133 0.193 0.059 0.001 162.686 
20.683 105.465 0.096 29.788 0.825 
0.0 0.0 0.0 0.349 144.467 
19.556 2.004 10.286 32.526 55.678 
33.135 47.042 0.485 23.37 2.118 
8.414 16.37 2.929 4.026 23.488 
0.088 191.241 0.229 0.316 7.753 
0.285 201.879 0.303 0.334 2.844 
0.049 109.07 2.412 75.216 0.157 
19.669 27.923 0.978 0.08 0.991 
6.833 55.274 0.376 18.103 0.115 
0.03 0.645 45.585 6.72 33.165 
0.0 0.105 0.003 0.007 85.169 
38.689 10.165 4.914 0.028 0.073 
0.032 115.256 17.864 0.219 13.21 
8.414 16.37 2.929 4.026 23.488 
33.033 97.266 1.443 0.144 0.415 
1.302 30.1 14.565 0.024 23.501 
6.833 55.274 0.376 18.103 0.115 
21.594 36.02 0.086 4.048 60.284 
28.505 0.37 54.907 0.677 1.72 
92.964 6.872 11.798 0.123 0.009 
27.616 223.385 0.377 0.277 0.36 
20.683 105.465 0.096 29.788 0.825 
28.505 0.37 54.907 0.677 1.72 
0.0 0.0 1.507 0.001 77.265 
30.092 50.194 0.12 4.738 11.799 
2.245 18.156 0.024 80.86 0.145 
24.721 3.119 11.565 0.497 18.897 
0.0 0.105 0.003 0.007 85.169 
0.0 0.0 0.0 124.66 15.155 
0.012 33.379 21.07 14.531 0.058 
90.858 142.057 0.35 0.353 1.202 
