21.917 29.046 1.02 99.298 0.012 
2.852 25.743 213.589 4.024 0.181 
0.001 0.0 0.0 0.037 246.265 
184.835 16.817 0.864 3.365 4.472 
0.001 0.009 0.0 0.0 57.933 
0.0 0.0 0.001 1.137 227.736 
0.0 0.0 0.0 0.717 170.162 
2.075 172.488 19.69 13.428 0.016 
0.001 0.055 0.043 213.783 0.157 
122.283 40.389 1.414 12.366 0.13 
179.631 6.53 9.653 0.747 0.144 
2.075 172.488 19.69 13.428 0.016 
8.525 120.806 1.124 8.087 0.102 
0.0 0.0 0.0 0.717 170.162 
2.094 0.0 25.79 170.725 111.751 
0.026 2.161 157.288 12.722 17.545 
7.714 8.258 196.736 0.586 15.835 
54.567 1.73 28.158 57.922 3.093 
8.312 0.484 108.343 0.401 26.39 
35.71 82.118 0.995 83.891 0.149 
20.111 99.986 46.495 29.251 20.226 
35.71 82.118 0.995 83.891 0.149 
0.0 0.002 0.004 133.358 45.643 
0.057 0.001 0.02 167.756 0.013 
65.208 34.962 84.643 0.027 44.171 
97.334 3.538 74.245 0.668 13.526 
1.064 0.001 52.249 101.84 87.3 
20.111 99.986 46.495 29.251 20.226 
114.491 0.307 83.268 3.291 2.771 
0.537 20.48 135.617 2.602 0.206 
2.094 0.0 25.79 170.725 111.751 
1.064 0.001 52.249 101.84 87.3 
25.691 73.724 38.488 24.214 16.743 
0.311 48.41 27.254 18.738 45.975 
8.525 120.806 1.124 8.087 0.102 
4.649 65.882 59.599 8.067 0.102 
0.001 0.009 0.0 0.0 57.933 
2.852 25.743 213.589 4.024 0.181 
13.82 7.41 94.457 28.533 22.824 
13.82 7.41 94.457 28.533 22.824 
0.0 0.0 0.026 191.748 14.756 
0.0 0.0 0.0 0.577 136.794 
41.922 10.866 29.53 20.303 49.814 
7.714 8.258 196.736 0.586 15.835 
4.649 65.882 59.599 8.067 0.102 
43.826 1.657 28.208 38.966 8.669 
80.713 6.724 9.903 1.617 10.667 
86.777 3.281 21.075 6.135 0.086 
25.691 73.724 38.488 24.214 16.743 
0.537 20.48 135.617 2.602 0.206 
54.567 1.73 28.158 57.922 3.093 
4.026 0.149 0.212 104.63 37.642 
0.311 48.41 27.254 18.738 45.975 
0.0 0.0 0.001 1.137 227.736 
41.922 10.866 29.53 20.303 49.814 
0.001 0.0 0.0 0.037 246.265 
30.362 0.081 2.415 52.657 41.51 
21.229 11.382 145.093 43.828 0.163 
0.064 0.182 0.013 119.763 43.049 
0.511 79.59 58.1 2.296 1.933 
65.11 2.461 41.425 19.138 20.278 
97.334 3.538 74.245 0.668 13.526 
0.0 0.002 0.004 133.358 45.643 
0.0 0.0 0.0 0.768 153.813 
0.0 0.0 0.0 0.577 136.794 
122.283 40.389 1.414 12.366 0.13 
0.064 0.182 0.013 119.763 43.049 
21.229 11.382 145.093 43.828 0.163 
2.099 11.456 14.654 30.679 5.266 
184.835 16.817 0.864 3.365 4.472 
4.026 0.149 0.212 104.63 37.642 
0.026 2.161 157.288 12.722 17.545 
0.296 1.176 105.843 8.561 11.806 
0.001 0.0 0.093 203.069 39.026 
20.324 0.768 13.081 45.18 6.106 
80.713 6.724 9.903 1.617 10.667 
0.001 0.0 0.093 203.069 39.026 
0.0 0.0 0.026 191.748 14.756 
7.157 39.067 49.971 1.598 0.126 
0.0 0.0 0.0 0.363 156.747 
43.826 1.657 28.208 38.966 8.669 
0.068 1.359 5.174 92.282 21.487 
21.917 29.046 1.02 99.298 0.012 
114.491 0.307 83.268 3.291 2.771 
30.362 0.081 2.415 52.657 41.51 
0.001 0.055 0.043 213.783 0.157 
0.965 19.289 73.451 5.179 21.487 
86.777 3.281 21.075 6.135 0.086 
0.149 0.285 39.498 92.448 3.328 
0.042 26.393 68.235 0.085 20.59 
0.042 26.393 68.235 0.085 20.59 
0.296 1.176 105.843 8.561 11.806 
0.752 28.65 0.256 32.253 5.536 
0.212 33.006 0.341 53.781 42.396 
0.001 0.049 0.001 100.902 56.803 
65.11 2.461 41.425 19.138 20.278 
0.212 33.006 0.341 53.781 42.396 
8.312 0.484 108.343 0.401 26.39 
179.631 6.53 9.653 0.747 0.144 
0.068 1.359 5.174 92.282 21.487 
