25.953 107.212 1.673 2.95 79.685 
0.529 2.433 26.468 32.36 13.873 
76.195 2.223 26.151 23.316 47.076 
34.865 34.126 4.248 31.763 32.524 
3.558 0.436 139.844 0.731 3.635 
9.225 38.108 3.48 1.112 46.765 
0.46 2.054 18.613 98.056 0.016 
26.975 62.031 1.118 8.277 42.252 
0.01 0.012 2.743 223.624 48.642 
18.441 61.295 1.002 44.412 0.177 
3.419 11.335 9.045 9.972 78.353 
0.913 5.7 116.504 8.523 28.284 
47.469 10.586 0.729 1.286 34.74 
1.838 4.227 59.188 93.162 0.224 
0.466 2.972 42.342 84.789 0.715 
0.345 0.527 13.937 49.094 12.062 
0.034 0.142 1.115 51.858 47.869 
0.605 11.028 149.072 3.516 35.284 
27.732 11.392 20.931 1.314 55.27 
0.122 1.626 214.2 19.832 50.659 
1.112 3.586 60.199 16.392 14.017 
0.006 0.372 4.66 150.373 0.219 
4.794 16.443 0.063 98.855 3.596 
8.85 3.48 120.343 12.185 0.204 
2.525 3.42 10.005 48.571 31.365 
80.69 2.354 27.693 24.692 29.583 
0.242 71.482 5.273 1.684 70.864 
29.863 0.871 0.039 57.404 30.307 
15.427 51.279 2.954 6.398 35.825 
0.246 9.376 47.218 23.817 18.109 
0.04 0.134 2.144 69.194 64.407 
0.762 4.86 69.248 61.942 0.749 
8.793 3.481 4.093 56.489 18.252 
83.329 2.431 9.593 33.258 28.093 
0.0 0.0 0.0 0.001 98.278 
0.796 0.017 0.063 182.933 30.893 
0.741 3.059 48.694 0.656 47.869 
7.785 101.705 4.593 62.755 30.492 
6.828 0.01 84.226 26.6 6.971 
24.55 10.085 13.52 3.334 11.689 
56.746 12.655 37.129 2.33 23.389 
0.476 1.094 192.334 17.808 45.488 
2.858 0.811 41.719 0.288 1.534 
0.0 0.0 0.0 0.814 116.044 
33.874 77.895 1.404 10.394 0.174 
0.006 0.288 3.615 116.655 7.143 
25.953 107.212 1.673 2.95 79.685 
0.529 2.433 26.468 32.36 13.873 
76.195 2.223 26.151 23.316 47.076 
34.865 34.126 4.248 31.763 32.524 
3.558 0.436 139.844 0.731 3.635 
9.225 38.108 3.48 1.112 46.765 
0.46 2.054 18.613 98.056 0.016 
26.975 62.031 1.118 8.277 42.252 
0.01 0.012 2.743 223.624 48.642 
18.441 61.295 1.002 44.412 0.177 
0.004 0.156 0.356 77.899 14.083 
3.419 11.335 9.045 9.972 78.353 
0.913 5.7 116.504 8.523 28.284 
47.469 10.586 0.729 1.286 34.74 
1.838 4.227 59.188 93.162 0.224 
0.466 2.972 42.342 84.789 0.715 
0.345 0.527 13.937 49.094 12.062 
0.787 1.555 81.985 0.535 32.264 
0.034 0.142 1.115 51.858 47.869 
0.605 11.028 149.072 3.516 35.284 
27.732 11.392 20.931 1.314 55.27 
0.122 1.626 214.2 19.832 50.659 
0.017 0.04 0.001 106.961 0.151 
1.112 3.586 60.199 16.392 14.017 
0.006 0.372 4.66 150.373 0.219 
4.794 16.443 0.063 98.855 3.596 
8.85 3.48 120.343 12.185 0.204 
2.525 3.42 10.005 48.571 31.365 
80.69 2.354 27.693 24.692 29.583 
0.648 1.244 1.743 68.298 22.281 
0.242 71.482 5.273 1.684 70.864 
0.003 0.214 2.669 86.136 30.468 
29.863 0.871 0.039 57.404 30.307 
15.427 51.279 2.954 6.398 35.825 
0.246 9.376 47.218 23.817 18.109 
0.04 0.134 2.144 69.194 64.407 
3.376 1.327 1.105 0.533 84.47 
0.762 4.86 69.248 61.942 0.749 
8.793 3.481 4.093 56.489 18.252 
83.329 2.431 9.593 33.258 28.093 
0.0 0.0 0.0 0.001 98.278 
0.796 0.017 0.063 182.933 30.893 
0.787 1.555 81.985 0.535 32.264 
2.705 0.768 0.255 82.112 9.759 
0.741 3.059 48.694 0.656 47.869 
7.785 101.705 4.593 62.755 30.492 
6.828 0.01 84.226 26.6 6.971 
24.55 10.085 13.52 3.334 11.689 
56.746 12.655 37.129 2.33 23.389 
0.476 1.094 192.334 17.808 45.488 
2.858 0.811 41.719 0.288 1.534 
0.37 0.046 0.032 93.484 20.518 
0.0 0.0 0.0 0.814 116.044 
33.874 77.895 1.404 10.394 0.174 
