12.514 0.116 249.028 0.128 16.177 
0.0 0.0 0.0 0.007 407.92 
0.0 0.0 0.0 0.007 407.92 
0.0 0.0 0.039 219.036 8.738 
1.153 176.518 2.407 0.088 1.313 
0.002 0.002 0.0 0.0 239.571 
272.849 25.547 4.043 0.853 2.211 
0.0 0.0 0.0 0.348 288.547 
0.003 0.0 0.0 114.493 0.122 
0.305 61.251 142.904 0.028 0.471 
111.107 134.257 0.177 0.692 4.551 
0.0 0.0 0.001 134.886 59.545 
111.107 134.257 0.177 0.692 4.551 
0.004 0.002 0.0 189.441 0.437 
1.153 176.518 2.407 0.088 1.313 
42.862 0.09 158.974 3.662 0.352 
0.027 0.006 212.494 4.816 13.431 
71.491 24.774 76.366 0.163 77.841 
236.819 10.279 0.178 3.426 7.405 
195.887 12.645 5.404 0.603 1.564 
150.14 14.057 1.678 0.468 49.344 
0.0 0.0 0.006 0.0 327.024 
0.001 0.0 0.006 0.0 395.996 
195.887 12.645 5.404 0.603 1.564 
71.491 24.774 76.366 0.163 77.841 
5.954 0.0 133.904 39.03 42.137 
0.002 0.0 0.0 49.734 121.942 
61.307 14.441 0.25 1.722 105.837 
0.305 61.251 142.904 0.028 0.471 
85.56 0.013 57.68 1.848 3.686 
123.214 0.019 97.758 0.234 16.552 
38.32 0.0 112.743 42.157 45.513 
72.319 0.0 39.504 104.327 50.915 
150.14 14.057 1.678 0.468 49.344 
124.838 5.418 109.492 1.763 0.92 
11.578 0.036 0.301 20.646 155.456 
0.0 0.0 0.001 134.886 59.545 
22.141 30.577 13.219 24.163 3.594 
36.154 46.576 0.019 15.22 0.373 
1.289 0.52 0.016 91.693 0.967 
0.003 0.0 0.0 114.493 0.122 
236.819 10.279 0.178 3.426 7.405 
260.639 2.413 2.299 0.528 2.749 
0.032 0.0 0.0 71.667 1.325 
0.009 0.029 243.836 4.422 1.81 
6.825 0.063 222.012 0.297 0.873 
11.578 0.036 0.301 20.646 155.456 
0.473 0.001 0.012 37.801 182.796 
42.862 0.09 158.974 3.662 0.352 
22.141 30.577 13.219 24.163 3.594 
0.002 0.0 0.104 205.957 0.785 
0.056 0.191 27.888 34.297 18.84 
0.004 0.002 0.0 189.441 0.437 
1.289 0.52 0.016 91.693 0.967 
85.56 0.013 57.68 1.848 3.686 
0.003 0.0 0.0 9.402 270.57 
25.539 5.759 0.274 61.946 0.967 
0.084 0.286 41.658 0.952 12.97 
72.319 0.0 39.504 104.327 50.915 
30.707 42.406 18.333 2.072 0.176 
96.526 26.707 97.758 0.234 16.552 
36.154 46.576 0.019 15.22 0.373 
0.0 0.0 0.039 219.036 8.738 
29.899 38.517 0.598 1.564 0.562 
0.002 0.0 0.104 205.957 0.785 
59.284 13.965 2.418 28.611 0.831 
4.383 0.041 111.061 1.49 23.906 
5.954 0.0 133.904 39.03 42.137 
0.062 0.03 0.341 0.141 100.952 
44.222 10.417 1.804 43.323 0.795 
98.208 4.263 1.388 15.885 0.456 
0.027 0.006 212.494 4.816 13.431 
0.0 0.0 0.0 0.348 288.547 
0.003 0.0 0.0 8.975 258.279 
0.0 0.0 0.0 0.004 309.509 
272.849 25.547 4.043 0.853 2.211 
109.724 2.494 1.52 17.396 0.5 
0.056 0.191 27.888 34.297 18.84 
50.093 2.174 1.355 67.01 0.207 
25.539 5.759 0.274 61.946 0.967 
0.473 0.001 0.012 37.801 182.796 
260.639 2.413 2.299 0.528 2.749 
96.526 26.707 97.758 0.234 16.552 
0.002 0.002 0.0 0.0 239.571 
114.594 10.729 105.345 0.651 1.686 
0.0 0.0 0.0 0.004 309.509 
0.0 0.0 0.006 0.0 327.024 
83.445 0.013 13.354 0.273 13.934 
0.003 0.105 0.023 0.311 199.902 
51.062 11.514 0.547 33.192 0.699 
0.002 0.0 0.0 49.734 121.942 
6.825 0.063 222.012 0.297 0.873 
0.071 2.943 6.251 0.041 214.169 
3.164 43.467 0.408 63.456 0.421 
115.077 4.995 3.964 2.811 0.135 
0.003 0.105 0.023 0.311 199.902 
30.707 42.406 18.333 2.072 0.176 
0.0 0.0 0.0 1.288 226.162 
0.003 0.0 0.0 9.402 270.57 
0.003 0.0 0.0 8.975 258.279 
