0.012 0.001 0.202 0.003 262.243 
30.067 99.677 33.113 4.06 1.057 
44.034 30.277 0.625 1.751 2.622 
1.654 13.612 195.952 10.414 0.917 
0.295 3.527 57.991 42.14 0.43 
0.025 0.004 0.124 0.376 421.677 
0.231 0.781 0.002 393.721 10.383 
0.0 0.0 0.719 110.165 4.48 
0.0 0.0 0.205 123.495 4.998 
0.056 0.065 0.0 47.128 150.056 
20.088 61.384 21.42 0.872 21.548 
1.71 5.227 125.883 0.46 3.506 
0.695 0.188 0.002 343.56 9.061 
1.654 13.612 195.952 10.414 0.917 
0.173 0.315 0.001 189.956 79.822 
8.237 25.172 8.784 6.443 10.1 
44.034 30.277 0.625 1.751 2.622 
30.067 99.677 33.113 4.06 1.057 
1.71 5.227 125.883 0.46 3.506 
0.027 0.322 68.423 0.113 6.594 
0.001 0.009 0.044 0.134 304.515 
0.025 0.004 0.124 0.376 421.677 
0.649 80.046 54.489 3.37 0.877 
20.088 61.384 21.42 0.872 21.548 
0.649 80.046 54.489 3.37 0.877 
26.303 18.808 2.416 31.137 2.69 
26.06 17.918 0.37 1.036 78.151 
0.695 0.188 0.002 343.56 9.061 
0.231 0.781 0.002 393.721 10.383 
4.092 12.504 0.039 2.54 17.698 
7.03 21.482 7.496 5.499 17.231 
5.243 2.453 43.767 0.436 1.365 
5.243 2.453 43.767 0.436 1.365 
20.929 2.664 24.002 0.078 21.183 
24.446 0.219 25.093 0.081 22.145 
0.001 0.011 0.384 153.675 0.638 
0.036 0.001 0.078 188.382 78.251 
24.446 0.219 25.093 0.081 22.145 
1.783 3.749 1.196 5.811 12.627 
0.092 0.086 0.065 0.004 295.831 
0.012 0.001 0.202 0.003 262.243 
0.0 0.0 0.001 1.267 229.916 
8.237 25.172 8.784 6.443 10.1 
7.03 21.482 7.496 5.499 17.231 
0.075 0.022 0.036 0.016 179.028 
0.008 0.007 0.002 0.005 208.221 
0.004 0.0 0.062 128.037 128.997 
0.0 0.0 0.169 25.908 52.017 
0.004 0.0 0.059 67.716 168.112 
0.056 0.065 0.0 47.128 150.056 
0.022 0.908 0.523 18.013 33.52 
0.001 0.001 0.47 85.047 30.238 
0.0 0.0 0.001 1.267 229.916 
0.008 0.007 0.002 0.005 208.221 
0.127 0.016 0.145 104.759 0.435 
0.058 0.215 0.003 147.132 6.787 
0.001 0.001 0.47 85.047 30.238 
0.295 3.527 57.991 42.14 0.43 
0.004 0.0 0.059 67.716 168.112 
0.004 0.0 0.062 128.037 128.997 
4.092 12.504 0.039 2.54 17.698 
0.002 0.001 0.218 37.08 45.317 
20.929 2.664 24.002 0.078 21.183 
0.0 0.0 0.359 54.99 97.076 
0.0 0.001 0.088 2.587 113.988 
0.192 0.137 64.577 0.106 6.223 
0.0 0.0 0.719 110.165 4.48 
0.931 0.339 0.714 24.601 45.78 
0.002 0.072 0.153 6.552 105.074 
0.0 0.0 0.01 0.747 137.229 
0.022 0.908 0.523 18.013 33.52 
26.303 18.808 2.416 31.137 2.69 
0.0 0.0 0.359 54.99 97.076 
0.931 0.339 0.714 24.601 45.78 
0.0 0.011 0.057 0.841 177.454 
0.192 0.137 64.577 0.106 6.223 
0.014 0.015 0.004 0.417 87.974 
0.092 0.086 0.065 0.004 295.831 
0.0 0.001 0.088 2.587 113.988 
0.001 0.009 0.044 0.134 304.515 
0.027 0.322 68.423 0.113 6.594 
0.012 0.005 0.053 28.199 28.231 
0.0 0.0 0.01 0.747 137.229 
0.002 0.072 0.153 6.552 105.074 
0.286 3.424 1.14 60.119 1.334 
0.078 0.09 0.0 65.537 85.948 
26.06 17.918 0.37 1.036 78.151 
0.058 0.215 0.003 147.132 6.787 
0.0 0.0 0.169 25.908 52.017 
0.154 0.11 0.04 46.684 80.912 
0.0 0.0 0.205 123.495 4.998 
0.002 0.001 0.218 37.08 45.317 
0.154 0.11 0.04 46.684 80.912 
0.012 0.005 0.053 28.199 28.231 
0.36 0.397 0.233 63.548 1.325 
0.477 0.118 0.001 107.337 21.228 
0.008 0.044 0.787 150.861 4.195 
0.36 0.397 0.233 63.548 1.325 
0.286 3.424 1.14 60.119 1.334 
1.783 3.749 1.196 5.811 12.627 
