0.0 0.0 0.029 128.31 2.948 
0.765 302.688 0.203 0.173 1.066 
0.001 0.018 0.005 0.026 360.793 
0.0 0.004 0.0 338.221 3.256 
0.0 0.004 0.0 338.221 3.256 
0.003 0.061 0.018 0.0 297.182 
257.701 1.004 0.086 0.401 0.001 
0.042 0.427 357.055 0.204 5.535 
115.858 17.291 1.869 51.883 0.0 
0.0 0.0 0.042 146.491 55.843 
0.0 0.0 0.003 206.304 1.986 
206.877 0.905 0.139 44.991 0.001 
131.7 2.456 1.883 0.025 0.078 
8.718 222.269 14.541 0.38 0.0 
0.765 302.688 0.203 0.173 1.066 
11.07 35.797 210.215 0.559 5.546 
0.324 0.05 284.854 5.108 0.741 
0.042 0.427 357.055 0.204 5.535 
0.324 0.05 284.854 5.108 0.741 
45.322 182.785 0.083 0.632 0.033 
0.003 0.061 0.018 0.0 297.182 
0.001 0.018 0.005 0.026 360.793 
0.006 0.0 0.001 81.787 118.354 
8.718 222.269 14.541 0.38 0.0 
4.464 18.723 3.967 0.126 194.339 
223.428 3.626 0.152 0.112 0.001 
257.701 1.004 0.086 0.401 0.001 
0.0 0.0 0.0 20.021 147.753 
88.023 2.793 0.103 0.645 96.992 
59.712 139.521 0.133 0.329 0.115 
0.011 0.119 145.999 163.537 0.028 
4.464 18.723 3.967 0.126 194.339 
13.254 171.618 0.124 9.865 0.028 
0.011 0.119 145.999 163.537 0.028 
0.153 0.003 118.885 1.286 19.821 
66.295 0.258 57.757 0.193 1.897 
40.406 4.754 53.094 74.157 0.012 
0.018 0.026 174.472 27.638 0.516 
0.0 0.0 0.051 178.143 3.718 
34.486 1.094 43.341 0.17 83.78 
18.655 60.322 92.854 23.496 0.112 
0.0 0.0 0.003 206.304 1.986 
11.07 35.797 210.215 0.559 5.546 
0.021 0.0 0.0 0.705 256.242 
0.022 121.712 72.029 1.375 3.019 
0.017 0.001 0.001 0.021 284.741 
31.563 7.819 11.002 14.061 39.315 
0.161 0.002 184.55 1.31 1.468 
0.02 0.0 95.705 1.496 31.391 
0.153 0.003 118.885 1.286 19.821 
206.877 0.905 0.139 44.991 0.001 
223.428 3.626 0.152 0.112 0.001 
126.232 4.006 0.087 28.201 28.017 
59.712 139.521 0.133 0.329 0.115 
58.0 53.685 0.075 41.83 0.001 
0.0 0.01 0.006 0.014 217.388 
103.651 15.469 0.08 45.805 0.0 
91.894 66.702 26.158 11.808 5.658 
3.398 37.829 11.518 59.029 18.412 
0.021 0.008 32.639 7.069 52.506 
0.065 40.364 18.475 3.002 81.799 
31.563 7.819 11.002 14.061 39.315 
18.655 60.322 92.854 23.496 0.112 
42.568 0.166 0.049 36.923 105.318 
64.695 106.592 0.115 0.312 0.025 
3.607 67.762 61.937 0.207 2.346 
0.022 121.712 72.029 1.375 3.019 
22.842 92.121 0.042 51.139 0.024 
14.617 3.093 18.342 4.615 69.084 
40.406 4.754 53.094 74.157 0.012 
0.0 0.0 0.029 128.31 2.948 
91.894 66.702 26.158 11.808 5.658 
0.0 0.0 0.006 19.886 131.534 
22.842 92.121 0.042 51.139 0.024 
0.045 82.474 8.13 0.115 0.052 
97.866 35.352 0.033 0.206 0.0 
115.858 17.291 1.869 51.883 0.0 
0.001 0.005 7.456 0.002 248.749 
7.867 101.867 0.037 0.087 19.416 
0.012 0.091 79.024 0.057 10.105 
0.036 0.006 0.022 0.0 234.348 
0.0 0.01 0.006 0.014 217.388 
27.077 10.873 2.536 20.254 1.749 
0.133 53.199 62.703 3.464 0.305 
126.232 4.006 0.087 28.201 28.017 
0.0 0.0 0.006 19.886 131.534 
0.0 0.0 0.0 20.021 147.753 
0.065 40.364 18.475 3.002 81.799 
42.568 0.166 0.049 36.923 105.318 
0.006 0.0 0.001 81.787 118.354 
2.062 38.741 38.457 1.915 13.371 
3.398 37.829 11.518 59.029 18.412 
0.045 82.474 8.13 0.115 0.052 
0.036 0.006 0.022 0.0 234.348 
88.023 2.793 0.103 0.645 96.992 
45.322 182.785 0.083 0.632 0.033 
0.0 0.0 0.022 150.5 0.087 
58.0 53.685 0.075 41.83 0.001 
103.651 15.469 0.08 45.805 0.0 
1.062 27.068 33.072 13.243 0.19 
