0.233 228.629 75.894 0.859 7.058 
0.181 1.496 0.556 0.006 326.297 
0.0 0.014 0.0 5.827 168.042 
0.006 0.0 0.005 4.663 134.472 
0.103 0.004 0.061 253.022 5.847 
0.019 0.001 0.244 110.973 0.086 
0.0 0.077 0.776 0.242 344.301 
0.0 0.006 0.91 0.26 330.348 
2.582 0.418 248.674 0.71 3.636 
237.182 4.959 0.197 20.177 1.914 
0.233 228.629 75.894 0.859 7.058 
1.915 100.649 12.488 21.908 35.838 
14.376 0.624 182.431 11.407 0.161 
192.954 19.842 4.465 0.613 3.371 
237.182 4.959 0.197 20.177 1.914 
0.186 34.183 128.11 12.211 104.235 
10.184 12.243 222.239 0.69 5.667 
0.02 0.351 0.019 163.077 47.177 
0.344 0.006 0.124 198.283 118.595 
108.644 4.48 132.936 16.532 4.063 
4.498 15.267 165.86 9.074 26.78 
0.085 0.014 0.987 0.738 275.678 
61.419 84.283 1.129 7.178 4.007 
0.0 0.061 0.298 150.08 89.764 
0.344 0.006 0.124 198.283 118.595 
176.709 3.554 59.778 0.677 5.559 
0.013 0.03 32.998 120.441 4.723 
0.048 0.001 0.478 220.828 5.112 
154.909 6.724 90.845 0.712 5.847 
0.103 0.004 0.061 253.022 5.847 
10.474 1.308 0.01 90.689 26.816 
0.073 0.053 0.015 59.393 0.434 
9.026 2.563 99.578 3.318 19.476 
129.918 2.613 43.949 28.292 4.729 
127.473 92.538 90.4 0.875 1.28 
10.184 12.243 222.239 0.69 5.667 
86.497 25.084 129.284 0.679 5.578 
108.644 4.48 132.936 16.532 4.063 
2.582 0.418 248.674 0.71 3.636 
0.145 0.187 8.155 0.024 244.846 
176.709 3.554 59.778 0.677 5.559 
7.52 25.527 169.828 33.535 0.182 
153.532 3.21 0.127 26.724 0.119 
39.55 54.369 24.789 8.921 3.321 
0.0 0.014 0.0 5.827 168.042 
192.954 19.842 4.465 0.613 3.371 
0.009 0.468 0.565 0.342 201.598 
42.801 4.255 56.703 26.462 34.075 
3.887 0.543 44.346 40.41 45.552 
0.009 1.589 15.827 0.049 144.732 
0.048 0.001 0.478 220.828 5.112 
0.085 0.014 0.987 0.738 275.678 
0.111 0.198 7.572 0.022 227.349 
112.064 1.038 8.131 20.653 19.516 
31.112 6.844 0.031 31.471 45.633 
153.884 71.528 4.73 0.649 3.571 
0.009 0.468 0.565 0.342 201.598 
0.073 0.053 0.015 59.393 0.434 
12.438 0.768 49.227 3.052 59.688 
153.884 71.528 4.73 0.649 3.571 
0.256 47.042 29.024 25.081 13.948 
14.376 0.624 182.431 11.407 0.161 
0.186 34.183 128.11 12.211 104.235 
0.197 0.008 0.0 96.824 77.851 
0.197 0.008 0.0 96.824 77.851 
7.019 9.042 82.537 7.41 63.253 
61.419 84.283 1.129 7.178 4.007 
9.026 2.563 99.578 3.318 19.476 
7.019 9.042 82.537 7.41 63.253 
39.55 54.369 24.789 8.921 3.321 
70.148 96.26 0.858 8.177 24.131 
0.026 0.216 0.0 115.029 92.488 
4.498 15.267 165.86 9.074 26.78 
86.497 25.084 129.284 0.679 5.578 
76.469 9.55 0.07 16.393 26.816 
0.111 0.198 7.572 0.022 227.349 
36.781 93.327 0.02 24.779 40.534 
0.145 0.187 8.155 0.024 244.846 
10.806 2.377 0.003 152.924 43.466 
0.256 47.042 29.024 25.081 13.948 
66.911 1.698 36.771 3.146 6.185 
1.915 100.649 12.488 21.908 35.838 
10.474 1.308 0.01 90.689 26.816 
2.272 43.236 0.078 17.866 0.463 
31.112 6.844 0.031 31.471 45.633 
129.918 2.613 43.949 28.292 4.729 
0.02 0.351 0.019 163.077 47.177 
76.469 9.55 0.07 16.393 26.816 
0.126 23.21 86.985 36.254 0.687 
0.009 1.589 15.827 0.049 144.732 
42.036 9.247 22.941 3.628 1.205 
0.0 0.077 0.776 0.242 344.301 
0.0 0.006 0.91 0.26 330.348 
42.801 4.255 56.703 26.462 34.075 
66.911 1.698 36.771 3.146 6.185 
0.126 23.21 86.985 36.254 0.687 
0.8 0.017 1.411 0.38 81.637 
0.013 0.03 32.998 120.441 4.723 
3.739 95.341 53.102 4.543 8.932 
12.438 0.768 49.227 3.052 59.688 
