0.0 0.0 0.0 0.0 0.0 0.001 0.005 0.007 0.023 0.004 0.014 0.021 4.309 0.122 443.985 
0.414 15.607 56.009 75.356 0.032 13.503 8.875 39.412 9.396 5.006 32.623 10.717 24.63 2.649 18.464 
26.199 0.351 18.774 7.073 2.204 46.01 9.518 26.579 6.14 69.278 32.875 15.546 24.04 24.756 19.413 
0.0 0.0 0.0 0.0 0.0 0.0 0.0 0.0 0.0 0.0 0.0 0.0 0.027 0.809 177.424 
12.168 9.6 76.101 37.912 0.339 12.468 14.057 39.252 9.067 28.305 34.908 17.397 0.766 2.656 18.512 
0.011 0.008 0.031 0.03 0.041 0.943 0.642 0.009 0.024 12.395 14.209 9.86 332.024 0.89 93.529 
0.778 1.362 0.443 0.496 0.58 0.048 0.884 0.144 0.516 1.215 9.566 260.354 0.452 0.704 29.952 
0.001 0.001 0.0 0.95 0.473 1.2 4.38 0.038 218.733 2.664 1.887 1.573 64.697 0.754 19.307 
0.0 0.0 0.0 0.0 0.0 0.0 0.0 0.0 0.0 0.03 0.0 0.026 0.001 1.674 367.245 
0.023 0.035 14.016 5.95 70.281 29.32 36.774 26.711 14.133 1.778 5.252 0.073 2.312 38.351 15.375 
1.307 49.264 10.467 11.723 13.709 1.137 20.885 3.393 12.193 28.692 73.886 56.777 0.463 12.184 8.815 
0.014 0.016 0.0 19.27 9.592 24.346 152.526 1.152 40.062 5.655 0.509 0.448 70.748 0.824 21.113 
0.053 0.079 0.001 0.848 17.304 114.072 145.477 27.099 52.772 5.352 33.821 15.482 31.088 19.031 13.769 
4.666 2.404 12.059 2.941 9.69 26.763 3.372 8.863 40.898 196.304 37.276 2.358 0.121 64.527 7.236 
0.0 0.0 0.0 0.0 0.008 0.014 0.793 0.273 1.604 1.0 0.005 5.906 13.021 137.464 183.227 
0.0 0.0 0.0 0.0 0.001 0.004 0.0 0.001 0.031 0.188 255.552 16.23 3.077 0.329 87.447 
0.0 0.0 0.0 0.0 0.001 0.004 0.0 0.001 0.031 0.188 255.552 16.23 3.077 0.329 87.447 
0.0 0.001 0.0 0.0 0.005 0.005 0.014 0.005 0.595 0.427 0.001 1.681 27.909 307.476 0.005 
0.0 0.001 0.0 0.0 0.005 0.005 0.014 0.005 0.595 0.427 0.001 1.681 27.909 307.476 0.005 
0.002 0.0 0.01 0.039 0.101 0.003 3.144 4.79 42.122 1.15 16.125 135.85 6.44 0.004 0.325 
0.012 0.036 0.106 22.929 7.391 25.68 29.865 157.709 22.465 5.815 25.339 34.47 3.692 0.853 10.014 
22.253 33.47 2.374 9.066 8.271 11.873 15.776 0.577 15.015 20.188 81.858 25.587 52.416 6.529 19.156 
0.425 0.426 0.055 0.495 29.909 51.925 10.134 0.342 14.967 8.369 10.639 13.211 181.222 0.819 4.958 
2.292 3.448 0.054 36.779 12.865 2.125 96.049 14.983 12.268 4.141 17.234 172.751 19.425 0.949 11.771 
22.253 33.47 2.374 9.066 8.271 11.873 15.776 0.577 15.015 20.188 81.858 25.587 52.416 6.529 19.156 
0.0 0.0 0.001 0.445 0.221 0.562 2.049 0.952 131.335 3.104 1.146 0.955 39.272 145.122 21.113 
1.307 49.264 10.467 11.723 13.709 1.137 20.885 3.393 12.193 28.692 73.886 56.777 0.463 12.184 8.815 
0.001 0.001 0.0 0.95 0.473 1.2 4.38 0.038 218.733 2.664 1.887 1.573 64.697 0.754 19.307 
5.76 17.434 1.501 2.888 8.832 30.687 5.024 132.237 9.178 87.237 28.019 11.312 3.784 0.058 2.424 
0.778 1.362 0.443 0.496 0.58 0.048 0.884 0.144 0.516 1.215 9.566 260.354 0.452 0.704 29.952 
0.0 0.01 0.008 46.947 51.786 22.131 22.285 34.552 28.385 4.719 16.229 11.537 32.963 0.69 1.871 
3.48 5.234 0.083 55.83 19.53 3.226 145.803 22.744 44.291 6.874 28.607 38.916 11.838 0.982 9.782 
11.221 21.01 5.01 5.874 5.31 7.622 28.699 0.46 21.548 65.898 70.128 1.658 2.487 5.397 109.352 
18.115 4.317 1.51 1.617 27.565 3.786 70.366 2.732 71.961 30.806 81.118 13.624 0.486 8.293 102.304 
0.471 1.689 0.14 0.359 56.742 98.512 29.812 0.687 32.565 17.017 21.633 26.862 0.753 0.73 4.421 
1.531 1.718 11.357 2.279 19.465 60.282 38.395 13.17 18.146 38.466 60.734 13.493 38.551 0.807 2.933 
0.146 10.191 36.138 0.246 7.966 85.676 7.948 35.793 10.062 4.446 86.044 11.906 0.043 6.413 21.935 
0.167 0.086 6.561 1.048 3.451 3.258 69.852 136.022 9.9 127.022 43.256 2.736 0.26 74.902 6.087 
14.897 2.151 0.835 1.208 20.589 24.352 3.626 71.61 16.631 0.59 67.795 9.381 0.347 5.059 123.754 
12.168 9.6 76.101 37.912 0.339 12.468 14.057 39.252 9.067 28.305 34.908 17.397 0.766 2.656 18.512 
0.414 15.607 56.009 75.356 0.032 13.503 8.875 39.412 9.396 5.006 32.623 10.717 24.63 2.649 18.464 
15.253 2.971 4.443 3.537 1.102 8.866 3.422 0.914 1.819 4.346 7.233 64.412 207.657 28.356 8.705 
5.91 8.636 12.16 17.763 5.476 17.937 2.689 19.987 45.85 2.992 5.701 4.683 67.217 170.983 6.719 
0.01 0.007 0.001 2.824 1.22 15.615 32.835 96.278 84.72 47.472 26.175 35.607 3.814 0.221 3.859 
18.115 4.317 1.51 1.617 27.565 3.786 70.366 2.732 71.961 30.806 81.118 13.624 0.486 8.293 102.304 
2.394 3.6 1.426 47.098 16.475 2.721 122.999 19.187 15.71 5.303 22.07 120.141 19.639 0.96 18.507 
0.108 0.056 4.255 0.679 0.726 1.045 30.97 60.968 9.107 59.509 170.787 2.31 0.219 63.233 7.091 
0.108 0.056 4.255 0.679 0.726 1.045 30.97 60.968 9.107 59.509 170.787 2.31 0.219 63.233 7.091 
0.0 0.0 0.0 0.0 0.008 0.014 0.793 0.273 1.604 1.0 0.005 5.906 13.021 137.464 183.227 
0.941 0.308 4.369 0.591 13.94 0.537 93.258 11.114 33.562 3.203 126.843 106.938 4.475 23.194 12.602 
0.056 0.04 0.13 0.035 0.131 9.403 10.242 0.231 0.22 0.449 7.435 3.289 275.155 45.366 88.757 
0.6 0.016 10.06 1.641 11.351 7.685 1.264 3.419 74.606 159.131 32.654 2.065 0.498 112.591 10.935 
2.64 3.971 0.428 29.899 1.554 51.749 111.576 19.685 42.887 47.071 29.014 35.226 4.25 0.966 11.34 
0.146 10.191 36.138 0.246 7.966 85.676 7.948 35.793 10.062 4.446 86.044 11.906 0.043 6.413 21.935 
2.069 7.422 13.49 0.091 3.934 42.312 3.925 124.914 10.83 4.785 92.612 12.815 0.046 6.902 23.609 
10.091 7.962 63.114 31.442 0.281 10.341 11.658 32.554 44.899 28.49 35.135 17.511 0.771 0.748 18.512 
0.0 0.0 0.0 0.0 0.0 0.0 0.0 0.0 0.0 0.022 0.0 0.019 0.003 1.306 286.645 
0.023 0.035 14.016 5.95 70.281 29.32 36.774 26.711 14.133 1.778 5.252 0.073 2.312 38.351 15.375 
26.199 0.351 18.774 7.073 2.204 46.01 9.518 26.579 6.14 69.278 32.875 15.546 24.04 24.756 19.413 
2.069 7.422 13.49 0.091 3.934 42.312 3.925 124.914 10.83 4.785 92.612 12.815 0.046 6.902 23.609 
4.666 2.404 12.059 2.941 9.69 26.763 3.372 8.863 40.898 196.304 37.276 2.358 0.121 64.527 7.236 
3.429 4.004 25.984 24.312 20.52 40.517 11.236 23.376 6.888 16.454 2.292 20.752 18.431 8.801 42.636 
1.613 2.427 0.836 0.441 0.224 5.175 48.307 9.75 125.185 19.913 75.946 109.925 1.386 2.809 39.894 
0.053 0.079 0.001 0.848 17.304 114.072 145.477 27.099 52.772 5.352 33.821 15.482 31.088 19.031 13.769 
2.252 3.388 0.074 24.272 11.63 1.556 53.38 49.726 28.322 3.998 16.637 3.934 155.512 0.902 10.586 
3.111 5.446 1.771 1.984 2.32 0.192 3.534 0.574 2.063 4.855 12.502 9.607 0.078 0.122 289.033 
0.153 1.496 41.011 6.657 1.752 13.805 19.943 2.69 1.965 44.254 5.79 7.702 13.583 37.216 6.675 
0.0 0.0 0.0 0.0 0.042 0.001 0.139 0.019 0.17 0.038 6.5 160.815 1.897 220.49 38.529 
6.963 8.13 52.766 49.37 4.932 11.19 12.615 14.237 7.195 38.71 0.008 13.079 6.249 9.094 14.718 
14.897 2.151 0.835 1.208 20.589 24.352 3.626 71.61 16.631 0.59 67.795 9.381 0.347 5.059 123.754 
4.023 15.902 19.011 40.734 0.018 7.299 4.797 21.304 56.447 3.882 25.3 8.312 19.102 40.084 16.706 
0.01 0.007 0.001 2.824 1.22 15.615 32.835 96.278 84.72 47.472 26.175 35.607 3.814 0.221 3.859 
9.603 14.444 1.025 3.913 3.569 0.293 15.557 0.271 96.779 8.448 90.723 28.358 58.093 7.236 21.23 
11.221 21.01 5.01 5.874 5.31 7.622 28.699 0.46 21.548 65.898 70.128 1.658 2.487 5.397 109.352 
0.011 0.008 0.031 0.03 0.041 0.943 0.642 0.009 0.024 12.395 14.209 9.86 332.024 0.89 93.529 
0.349 0.18 13.736 2.193 2.344 1.722 92.523 14.823 11.786 77.013 221.022 2.989 0.284 1.121 7.76 
0.167 0.086 6.561 1.048 3.451 3.258 69.852 136.022 9.9 127.022 43.256 2.736 0.26 74.902 6.087 
3.429 4.004 25.984 24.312 20.52 40.517 11.236 23.376 6.888 16.454 2.292 20.752 18.431 8.801 42.636 
0.014 0.022 19.175 2.371 5.85 8.907 0.776 8.957 6.282 1.199 46.134 106.516 163.883 68.679 11.49 
2.798 4.208 0.066 44.888 11.305 1.494 73.697 33.415 47.538 5.024 20.907 88.531 30.805 0.882 10.883 
0.117 1.143 31.339 5.087 1.339 10.55 15.24 9.621 14.842 15.173 4.523 6.016 91.389 38.299 8.248 
1.79 6.421 3.565 0.062 2.018 9.077 36.924 1.381 11.857 1.674 23.634 7.783 119.937 4.889 119.583 
2.798 4.208 0.066 44.888 11.305 1.494 73.697 33.415 47.538 5.024 20.907 88.531 30.805 0.882 10.883 
0.941 0.308 4.369 0.591 13.94 0.537 93.258 11.114 33.562 3.203 126.843 106.938 4.475 23.194 12.602 
9.603 14.444 1.025 3.913 3.569 0.293 15.557 0.271 96.779 8.448 90.723 28.358 58.093 7.236 21.23 
0.74 1.014 0.086 0.062 2.052 3.332 0.288 0.175 1.5 0.212 206.746 9.043 0.335 4.877 119.297 
0.012 0.036 0.106 22.929 7.391 25.68 29.865 157.709 22.465 5.815 25.339 34.47 3.692 0.853 10.014 
2.252 3.388 0.074 24.272 11.63 1.556 53.38 49.726 28.322 3.998 16.637 3.934 155.512 0.902 10.586 
7.348 8.58 55.684 52.1 5.205 11.809 13.313 15.024 3.253 39.847 30.953 15.426 23.854 11.391 18.436 
2.394 3.6 1.426 47.098 16.475 2.721 122.999 19.187 15.71 5.303 22.07 120.141 19.639 0.96 18.507 
0.036 0.091 0.008 31.207 0.506 19.715 63.754 20.694 11.393 15.134 15.141 18.383 1.349 0.502 153.198 
0.349 0.18 13.736 2.193 2.344 1.722 92.523 14.823 11.786 77.013 221.022 2.989 0.284 1.121 7.76 
1.937 3.024 17.344 2.753 6.792 25.961 1.089 7.078 8.996 10.059 73.253 169.129 0.332 60.822 10.175 
0.153 1.496 41.011 6.657 1.752 13.805 19.943 2.69 1.965 44.254 5.79 7.702 13.583 37.216 6.675 
7.348 8.58 55.684 52.1 5.205 11.809 13.313 15.024 3.253 39.847 30.953 15.426 23.854 11.391 18.436 
0.87 1.309 0.451 0.531 0.133 4.775 36.376 7.342 94.267 4.865 53.592 77.569 25.544 8.556 31.227 
10.091 7.962 63.114 31.442 0.281 10.341 11.658 32.554 44.899 28.49 35.135 17.511 0.771 0.748 18.512 
0.0 0.0 0.001 0.251 0.408 0.557 2.031 0.317 0.69 6.395 4.326 1.546 0.027 0.042 380.249 
0.002 0.018 0.068 0.045 0.441 2.203 0.16 0.42 1.655 143.593 3.112 46.077 0.294 97.662 111.223 
0.011 0.027 0.11 33.798 1.428 29.808 80.59 14.218 53.545 21.923 21.934 26.63 3.213 0.283 8.56 
