0.024 0.001 187.881 2.688 0.022 
1.071 238.808 0.084 30.025 0.143 
0.0 0.0 0.0 0.0 142.885 
0.0 0.0 0.3 241.641 7.381 
0.0 0.0 0.0 0.0 191.183 
0.0 0.0 0.0 0.0 241.845 
0.0 0.0 0.0 0.0 241.845 
79.237 3.635 30.577 0.115 0.002 
0.0 0.0 0.0 0.078 229.14 
299.993 0.361 36.137 0.015 8.405 
0.12 166.845 0.216 117.329 0.015 
1.071 238.808 0.084 30.025 0.143 
212.149 0.436 0.086 0.025 4.455 
299.738 0.617 36.137 0.015 8.405 
0.023 0.001 181.463 2.596 16.935 
0.105 23.681 131.491 0.074 0.544 
0.248 55.373 24.276 1.142 30.049 
179.404 50.948 0.036 0.054 1.2 
130.899 91.605 0.035 0.026 1.159 
20.786 80.006 118.502 0.012 6.748 
0.105 0.0 0.0 84.625 53.878 
0.0 0.0 0.0 0.0 191.183 
0.417 92.913 32.716 0.194 70.923 
1.66 0.416 63.941 0.186 101.822 
0.54 120.444 1.76 1.755 0.292 
54.398 143.426 0.031 0.047 4.943 
47.907 0.029 95.82 23.787 0.168 
0.0 0.0 0.0 0.0 170.094 
0.0 0.0 0.0 0.0 142.885 
0.087 0.0 0.147 191.645 0.193 
0.0 0.008 0.0 165.657 0.338 
0.053 0.912 0.338 6.263 126.565 
0.0 0.091 0.0 101.592 64.659 
47.907 0.029 95.82 23.787 0.168 
0.248 55.373 24.276 1.142 30.049 
0.0 0.0 0.247 199.064 15.209 
0.0 0.0 0.3 241.641 7.381 
0.12 166.845 0.216 117.329 0.015 
20.786 80.006 118.502 0.012 6.748 
0.0 0.273 0.0 220.155 0.771 
0.0 0.273 0.0 220.155 0.771 
190.04 0.391 0.077 0.023 26.621 
0.0 0.0 0.0 0.0 170.094 
0.0 0.0 0.0 0.0 190.924 
0.156 34.709 12.221 0.048 87.341 
0.019 0.0 0.001 8.805 94.574 
0.0 0.005 84.602 59.378 0.007 
3.447 0.158 111.043 0.065 0.269 
0.123 140.101 0.001 41.506 5.614 
110.375 0.227 5.669 0.328 0.238 
130.899 91.605 0.035 0.026 1.159 
0.123 140.101 0.001 41.506 5.614 
212.149 0.436 0.086 0.025 4.455 
0.001 0.001 0.175 142.578 19.92 
0.004 4.445 126.772 26.465 75.886 
0.27 39.451 46.458 7.576 2.342 
0.675 150.419 0.024 0.036 0.787 
0.184 26.855 31.625 70.352 3.222 
2.707 23.806 71.076 0.047 0.342 
0.004 4.445 126.772 26.465 75.886 
112.942 0.019 39.598 0.335 85.897 
3.447 0.158 111.043 0.065 0.269 
0.001 0.583 81.538 87.802 0.171 
28.203 5.035 1.704 0.035 89.477 
112.942 0.019 39.598 0.335 85.897 
0.052 23.557 11.36 127.485 0.163 
92.717 15.879 40.068 0.008 0.003 
0.112 16.316 8.798 32.579 8.066 
53.207 10.765 0.931 0.183 100.103 
12.031 5.713 41.192 6.011 0.065 
0.001 0.583 81.538 87.802 0.171 
190.04 0.391 0.077 0.023 26.621 
17.431 127.2 57.635 0.494 0.476 
0.0 0.0 0.247 199.064 15.209 
179.404 50.948 0.036 0.054 1.2 
0.0 0.048 90.373 63.458 0.008 
0.052 23.557 11.36 127.485 0.163 
0.27 39.451 46.458 7.576 2.342 
0.0 0.008 0.0 165.657 0.338 
0.026 0.036 0.009 152.632 0.154 
0.0 0.0 0.0 0.078 229.14 
41.363 0.025 82.731 24.158 0.149 
12.031 5.713 41.192 6.011 0.065 
0.0 0.091 0.0 101.592 64.659 
79.237 3.635 30.577 0.115 0.002 
299.738 0.617 36.137 0.015 8.405 
0.184 26.855 31.625 70.352 3.222 
0.0 0.048 90.373 63.458 0.008 
0.0 0.005 84.602 59.378 0.007 
0.0 0.02 0.024 0.0 131.677 
0.105 0.0 0.0 84.625 53.878 
91.671 4.206 1.395 0.274 0.229 
0.077 0.001 2.033 112.146 3.312 
17.431 127.2 57.635 0.494 0.476 
0.513 0.001 49.515 2.39 87.687 
1.66 0.416 63.941 0.186 101.822 
0.588 131.058 0.396 25.59 4.85 
0.114 27.859 55.917 0.004 7.828 
0.156 34.709 12.221 0.048 87.341 
0.114 27.859 55.917 0.004 7.828 
