66.179 213.203 0.568 4.488 12.092 
0.052 0.113 268.484 0.608 5.958 
0.786 12.766 269.002 58.561 1.843 
108.811 0.051 72.058 0.544 79.576 
80.44 116.652 5.973 23.618 0.183 
108.605 0.349 5.75 32.053 5.019 
5.296 48.6 125.239 1.547 36.862 
37.7 148.432 77.382 4.225 3.439 
0.418 47.907 149.964 12.796 0.387 
51.564 166.121 37.01 0.576 5.648 
1.132 168.999 0.667 24.424 71.393 
75.557 38.07 3.444 51.288 3.28 
156.267 6.424 0.498 18.98 28.77 
35.174 8.06 135.85 2.871 84.613 
93.331 2.213 106.219 12.387 9.104 
0.126 14.44 95.527 22.115 1.698 
53.025 76.897 0.509 8.248 49.731 
0.964 15.662 330.018 1.042 1.879 
15.509 57.595 0.7 1.183 4.875 
0.035 0.221 0.796 0.251 336.356 
58.726 0.189 38.997 107.729 8.309 
61.705 0.558 0.099 73.686 23.887 
0.165 0.19 61.531 120.289 2.05 
66.179 213.203 0.568 4.488 12.092 
0.052 0.113 268.484 0.608 5.958 
0.03 0.002 0.223 99.093 109.5 
0.786 12.766 269.002 58.561 1.843 
108.811 0.051 72.058 0.544 79.576 
61.708 8.854 2.139 4.52 12.195 
1.102 2.407 1.459 71.103 83.843 
80.44 116.652 5.973 23.618 0.183 
0.001 0.0 1.757 269.264 11.521 
53.976 20.07 80.003 37.499 4.238 
108.605 0.349 5.75 32.053 5.019 
0.529 1.995 83.481 91.441 7.17 
0.0 0.0 0.688 205.689 34.859 
70.048 31.783 49.395 0.455 2.955 
14.577 43.251 0.043 68.379 22.167 
0.283 18.022 20.351 81.076 20.224 
5.296 48.6 125.239 1.547 36.862 
37.7 148.432 77.382 4.225 3.439 
0.418 47.907 149.964 12.796 0.387 
51.564 166.121 37.01 0.576 5.648 
0.039 0.003 0.834 340.239 1.843 
0.096 0.229 0.135 108.436 13.803 
29.082 118.722 7.8 21.976 3.929 
0.131 8.322 167.784 11.373 31.689 
2.998 10.014 17.138 25.02 67.696 
1.132 168.999 0.667 24.424 71.393 
75.557 38.07 3.444 51.288 3.28 
156.267 6.424 0.498 18.98 28.77 
13.991 41.512 0.088 55.362 19.481 
35.174 8.06 135.85 2.871 84.613 
57.629 41.207 41.09 18.058 6.399 
0.015 0.03 2.047 29.933 35.296 
0.145 0.027 0.152 0.001 145.143 
93.331 2.213 106.219 12.387 9.104 
7.606 24.504 42.265 20.783 44.25 
0.126 14.44 95.527 22.115 1.698 
0.414 0.188 0.032 246.08 8.745 
64.262 51.884 56.339 0.519 6.99 
46.184 8.17 63.367 28.656 7.789 
57.432 82.332 0.682 16.335 3.054 
53.025 76.897 0.509 8.248 49.731 
6.117 22.719 69.146 6.323 43.301 
3.359 133.249 0.278 2.195 24.42 
13.96 44.975 63.677 13.799 3.018 
13.817 0.044 194.547 5.853 5.681 
0.355 22.602 25.522 52.826 4.307 
0.001 0.0 1.179 180.629 30.709 
0.058 20.403 47.545 32.457 26.582 
0.078 0.17 0.103 136.465 27.917 
0.964 15.662 330.018 1.042 1.879 
12.016 0.926 14.388 105.039 5.627 
0.017 0.295 0.13 104.159 48.641 
15.509 57.595 0.7 1.183 4.875 
9.031 3.358 15.175 0.055 87.697 
0.016 2.603 156.451 38.721 6.764 
0.991 3.739 0.25 171.719 3.91 
2.277 0.007 75.553 82.757 6.489 
0.035 0.221 0.796 0.251 336.356 
0.0 0.0 0.55 164.311 27.847 
10.749 23.485 36.988 0.664 79.231 
0.002 0.001 0.0 1.022 185.793 
58.726 0.189 38.997 107.729 8.309 
53.51 19.897 2.063 18.371 19.292 
0.256 1.996 10.882 0.211 108.862 
1.335 0.673 24.098 154.028 2.265 
6.4 13.845 48.366 30.058 4.265 
0.193 0.145 29.359 0.135 94.724 
0.741 0.823 73.235 4.827 33.055 
0.171 19.342 6.014 3.65 55.477 
61.705 0.558 0.099 73.686 23.887 
3.347 9.93 41.718 12.359 51.566 
28.499 20.378 54.339 6.661 18.559 
0.0 0.001 2.307 353.363 2.464 
0.015 0.138 0.355 197.016 40.298 
0.109 0.812 0.002 0.008 168.729 
0.655 0.142 0.082 1.847 101.804 
2.282 0.393 53.107 24.912 35.387 
