0.592 0.002 132.648 3.095 24.219 
0.406 0.004 118.085 1.44 0.655 
0.942 147.479 0.311 2.385 2.964 
81.219 0.009 0.003 20.16 3.467 
213.78 0.688 0.046 4.983 0.069 
29.512 31.019 0.221 14.236 1.471 
0.272 0.001 60.826 0.341 36.474 
24.245 25.374 35.982 0.479 0.344 
0.819 0.003 183.26 11.11 14.543 
9.351 5.619 0.003 22.15 0.216 
100.561 22.046 3.751 0.216 0.626 
182.174 0.586 5.591 3.971 0.951 
105.208 0.969 16.187 1.962 0.723 
1.804 56.771 0.002 7.079 67.403 
0.02 14.623 24.532 2.102 34.223 
5.177 35.768 6.678 4.473 48.59 
0.454 0.0 101.237 40.676 25.291 
0.276 0.003 80.152 59.469 0.764 
81.584 0.004 6.864 83.591 3.371 
0.165 0.032 0.0 76.381 41.754 
0.001 0.001 0.679 264.55 0.092 
1.087 0.003 243.401 14.756 1.282 
17.589 208.791 6.926 0.4 7.992 
7.062 0.037 0.0 0.114 56.449 
0.058 0.0 0.005 233.059 3.769 
34.755 0.32 5.347 59.795 0.583 
0.086 0.001 24.99 20.983 99.518 
55.194 0.509 16.345 12.998 0.465 
0.592 0.002 132.648 3.095 24.219 
0.406 0.004 118.085 1.44 0.655 
0.252 0.195 12.269 37.494 61.067 
0.942 147.479 0.311 2.385 2.964 
81.219 0.009 0.003 20.16 3.467 
213.78 0.688 0.046 4.983 0.069 
4.788 33.639 27.464 13.735 0.07 
0.426 77.166 2.374 7.51 0.432 
0.655 0.036 18.95 28.24 44.148 
29.512 31.019 0.221 14.236 1.471 
0.272 0.001 60.826 0.341 36.474 
24.245 25.374 35.982 0.479 0.344 
0.819 0.003 183.26 11.11 14.543 
9.351 5.619 0.003 22.15 0.216 
100.561 22.046 3.751 0.216 0.626 
0.406 0.004 0.0 158.939 5.449 
182.174 0.586 5.591 3.971 0.951 
105.208 0.969 16.187 1.962 0.723 
19.662 13.971 22.568 11.716 0.06 
1.804 56.771 0.002 7.079 67.403 
0.02 14.623 24.532 2.102 34.223 
5.177 35.768 6.678 4.473 48.59 
0.454 0.0 101.237 40.676 25.291 
0.216 0.042 0.0 99.932 3.426 
0.276 0.003 80.152 59.469 0.764 
0.357 0.275 17.329 26.244 53.763 
62.673 28.161 2.779 0.524 0.465 
81.584 0.004 6.864 83.591 3.371 
60.311 0.194 9.224 103.146 1.005 
12.39 87.059 0.0 9.34 0.054 
0.33 59.804 1.84 12.919 0.37 
8.835 0.081 2.616 2.614 30.567 
0.165 0.032 0.0 76.381 41.754 
0.007 0.006 36.853 0.066 0.012 
16.41 0.288 0.061 24.095 37.669 
58.355 61.334 0.437 0.671 2.369 
0.001 0.001 0.679 264.55 0.092 
0.0 0.0 0.0 0.001 163.154 
17.257 0.159 11.565 1.608 12.737 
0.001 0.003 0.001 0.001 119.974 
0.006 0.012 52.173 12.23 2.603 
56.124 58.736 18.735 0.668 0.536 
3.839 26.522 22.017 0.27 9.128 
1.087 0.003 243.401 14.756 1.282 
0.01 0.009 0.202 178.868 0.011 
68.982 41.451 0.004 1.771 0.555 
17.589 208.791 6.926 0.4 7.992 
0.141 0.126 0.0 103.846 0.515 
0.0 0.0 0.33 128.223 0.702 
7.062 0.037 0.0 0.114 56.449 
2.505 13.381 21.217 9.208 0.907 
0.058 0.0 0.005 233.059 3.769 
34.755 0.32 5.347 59.795 0.583 
61.146 0.197 0.013 90.759 0.048 
0.002 0.001 0.0 0.001 173.786 
0.086 0.001 24.99 20.983 99.518 
55.194 0.509 16.345 12.998 0.465 
0.004 0.003 20.317 15.963 0.011 
0.0 0.0 0.005 0.0 116.358 
9.025 19.123 0.102 2.793 28.623 
24.628 0.227 4.757 7.349 2.299 
0.036 0.085 0.004 176.173 0.061 
0.0 0.0 0.002 0.002 136.828 
0.0 0.0 0.0 0.027 142.16 
23.758 0.219 0.005 6.701 12.776 
0.0 0.0 0.0 0.0 147.507 
0.289 0.003 0.008 116.295 0.576 
0.001 0.001 0.008 51.902 23.943 
0.0 0.003 0.604 132.614 0.117 
0.0 0.0 0.0 0.002 125.414 
0.026 0.003 6.498 40.651 23.933 
1.112 1.036 0.837 37.002 34.642 
