2.386 0.86 0.0 6.43 65.511 
0.587 1.76 2.016 47.221 13.457 
0.0 0.0 0.0 0.0 79.967 
0.0 0.0 0.0 0.0 69.927 
0.0 0.0 0.0 0.0 63.0 
0.0 0.0 0.0 0.0 79.413 
0.0 0.0 0.0 0.0 74.079 
0.0 4.546 0.0 20.303 52.562 
1.665 3.541 0.503 6.422 111.038 
0.0 0.0 0.0 0.0 69.574 
0.0 0.0 0.0 0.0 83.592 
0.804 5.335 1.973 31.874 27.237 
0.158 0.0 0.126 24.979 18.274 
0.0 0.0 0.0 0.0 60.27 
0.031 0.012 0.033 0.91 54.391 
0.0 0.0 0.0 0.0 93.509 
0.0 0.0 0.0 0.0 38.209 
0.015 0.544 0.843 7.607 100.985 
0.0 0.0 0.0 0.0 106.89 
0.06 0.0 0.196 0.208 50.367 
0.517 2.143 0.0 2.037 31.801 
0.0 0.0 0.0 0.0 128.095 
0.0 0.0 0.0 21.223 44.204 
0.0 0.0 0.0 0.0 81.452 
0.0 0.0 0.0 16.247 116.392 
0.0 0.0 0.0 103.858 35.545 
0.0 0.0 0.0 8.282 81.824 
0.002 0.018 8.26 20.719 56.731 
0.0 0.0 7.207 16.933 82.13 
4.014 0.184 3.773 12.523 82.89 
0.0 0.0 0.0 13.248 30.206 
0.494 5.634 2.761 7.822 67.587 
0.0 0.0 0.0 0.0 95.047 
0.0 0.0 0.0 0.0 61.916 
0.0 0.0 0.0 0.0 50.107 
0.0 3.317 8.126 118.776 8.491 
0.109 0.115 1.841 16.575 66.285 
0.0 0.0 0.0 4.481 70.772 
0.0 0.0 0.892 0.857 148.728 
0.0 0.0 0.0 0.0 141.406 
0.0 0.0 0.0 0.0 117.361 
0.0 0.0 0.0 0.0 103.935 
0.0 0.0 0.0 0.0 142.745 
0.0 0.0 0.0 0.0 46.231 
0.0 0.0 0.0 51.22 67.206 
0.0 0.0 0.0 20.289 46.698 
0.0 0.0 0.0 7.37 179.009 
0.0 0.0 0.0 0.0 52.688 
0.0 0.0 0.0 0.063 42.845 
0.0 0.0 0.0 0.0 150.211 
0.0 3.495 10.056 16.472 58.231 
0.0 0.0 0.0 0.0 66.088 
0.0 0.0 0.0 0.0 75.242 
0.0 0.0 0.578 2.695 51.692 
0.0 0.0 0.0 1.163 40.173 
1.5 0.0 3.756 6.58 22.089 
0.0 0.0 0.0 0.0 131.706 
0.0 0.0 0.0 31.097 23.479 
0.102 4.183 0.0 39.278 19.437 
0.0 0.0 0.0 0.0 85.279 
0.0 0.0 0.0 0.0 55.526 
0.0 0.0 0.0 0.0 129.097 
0.0 0.933 3.039 5.603 63.477 
0.0 0.0 0.0 36.762 15.854 
0.0 0.0 0.0 0.0 144.278 
0.296 0.791 2.111 10.392 20.655 
0.0 0.0 0.0 4.54 85.395 
0.0 0.0 0.0 51.785 24.365 
0.0 0.0 0.0 70.777 30.524 
0.031 2.336 8.3 0.0 50.326 
0.0 0.0 0.0 19.469 42.143 
0.44 1.011 0.013 3.4 38.058 
0.0 0.0 0.0 35.382 23.223 
0.0 0.0 0.0 0.0 71.98 
0.0 0.0 0.0 0.0 65.452 
0.086 0.902 1.286 7.054 38.834 
0.0 0.0 0.0 0.0 48.109 
0.192 0.201 1.411 1.967 50.24 
0.015 0.03 0.489 0.166 75.982 
0.0 0.0 0.0 4.573 38.87 
0.0 5.356 2.907 15.065 97.125 
0.0 0.0 0.0 0.0 56.238 
0.0 0.0 0.0 51.491 52.116 
0.0 0.0 0.0 5.782 45.17 
0.0 0.0 0.0 0.0 84.625 
0.587 3.309 0.403 3.065 57.766 
0.0 0.0 9.025 55.715 72.053 
1.561 10.113 4.203 2.005 118.543 
0.003 0.0 0.525 1.921 112.536 
0.0 6.687 1.176 5.662 76.192 
0.0 0.0 0.0 21.855 63.425 
0.0 0.0 26.893 26.248 0.0 
0.818 0.0 10.486 35.526 68.65 
0.0 0.846 0.0 6.115 224.886 
0.0 0.0 0.0 0.0 96.597 
0.0 0.0 0.0 0.0 51.799 
0.0 0.0 0.0 0.0 94.455 
0.639 0.0 6.26 15.478 43.128 
0.0 0.0 0.0 0.0 72.184 
0.0 0.0 0.0 0.0 51.31 
