0.641 25.421 60.203 0.515 39.372 
100.539 3.194 2.177 54.115 0.143 
311.521 0.141 1.224 0.438 0.019 
0.0 0.0 0.0 0.008 145.035 
0.0 0.011 29.448 77.444 18.991 
0.043 0.01 0.0 185.286 61.551 
0.007 39.615 0.156 98.955 124.034 
0.001 0.0 54.738 40.628 39.562 
5.996 0.134 56.002 10.704 0.006 
1.941 76.98 0.31 0.111 0.102 
1.058 47.628 0.191 128.489 0.067 
0.028 0.0 72.583 240.707 0.019 
56.817 0.031 0.223 1.492 55.863 
177.495 0.096 0.697 55.385 0.069 
0.014 0.0 26.892 124.636 0.062 
0.016 0.004 0.069 314.623 0.696 
0.002 0.187 0.022 0.001 341.749 
234.106 0.096 0.028 0.584 0.086 
0.103 0.006 87.194 67.235 0.795 
42.246 35.989 11.058 38.306 0.003 
29.643 63.588 0.366 16.794 0.03 
0.13 0.001 240.843 31.262 0.081 
0.0 0.0 14.574 89.022 42.975 
0.045 52.154 80.809 0.021 40.343 
78.035 36.065 0.334 2.434 0.258 
36.826 0.02 0.383 12.586 27.656 
0.08 0.235 0.03 49.509 61.256 
11.14 0.249 104.049 0.734 0.01 
0.0 0.0 0.0 0.002 234.361 
0.02 0.806 13.182 205.66 0.017 
0.641 25.421 60.203 0.515 39.372 
100.539 3.194 2.177 54.115 0.143 
311.521 0.141 1.224 0.438 0.019 
0.026 30.451 15.8 0.115 15.407 
93.879 0.051 0.238 0.235 31.351 
0.0 0.0 0.0 0.008 145.035 
0.0 0.011 29.448 77.444 18.991 
0.043 0.01 0.0 185.286 61.551 
22.241 8.594 11.573 0.004 0.015 
0.007 39.615 0.156 98.955 124.034 
63.575 0.035 32.977 2.524 32.915 
0.001 0.0 54.738 40.628 39.562 
0.005 0.002 0.075 0.0 201.826 
5.996 0.134 56.002 10.704 0.006 
0.066 0.023 228.767 1.609 1.983 
1.941 76.98 0.31 0.111 0.102 
0.282 0.009 25.059 39.256 0.058 
0.674 8.791 0.452 73.157 0.022 
1.058 47.628 0.191 128.489 0.067 
0.028 0.0 72.583 240.707 0.019 
1.667 28.59 5.741 0.006 34.344 
20.497 0.003 10.349 62.92 0.868 
0.035 41.476 0.007 0.103 13.823 
56.817 0.031 0.223 1.492 55.863 
177.495 0.096 0.697 55.385 0.069 
1.08 42.836 16.482 0.361 0.116 
110.332 13.511 2.599 16.404 0.037 
0.014 0.0 26.892 124.636 0.062 
91.415 0.05 0.359 0.229 30.571 
0.016 0.004 0.069 314.623 0.696 
0.002 0.187 0.022 0.001 341.749 
234.106 0.096 0.028 0.584 0.086 
0.03 0.007 0.0 131.262 43.605 
0.103 0.006 87.194 67.235 0.795 
42.246 35.989 11.058 38.306 0.003 
29.643 63.588 0.366 16.794 0.03 
0.026 0.054 147.831 0.883 8.879 
0.0 0.016 29.749 33.875 4.865 
12.242 24.964 0.04 0.052 11.179 
1.864 31.97 0.133 0.005 32.406 
5.197 0.001 0.001 78.841 0.778 
94.911 11.622 0.184 13.658 0.042 
0.0 0.012 19.558 51.446 0.027 
0.033 0.008 0.0 146.033 0.063 
82.697 0.59 0.013 15.856 11.585 
0.13 0.001 240.843 31.262 0.081 
0.0 0.42 0.002 110.601 35.499 
54.027 0.029 28.024 6.949 29.567 
0.001 0.073 0.0 261.237 0.113 
0.818 0.0 0.095 22.465 14.049 
37.686 0.468 0.553 0.577 0.24 
0.047 11.198 0.264 132.027 10.972 
0.0 0.0 14.574 89.022 42.975 
0.002 0.003 0.797 92.73 18.8 
112.555 0.626 14.46 0.179 0.114 
5.824 40.846 1.095 0.285 0.011 
0.045 52.154 80.809 0.021 40.343 
0.027 0.099 8.601 95.182 16.774 
78.035 36.065 0.334 2.434 0.258 
0.128 0.0 0.0 33.475 28.469 
0.0 0.01 0.001 240.059 0.104 
0.005 0.002 0.075 0.0 201.826 
36.826 0.02 0.383 12.586 27.656 
0.004 0.814 8.179 103.212 8.577 
0.08 0.235 0.03 49.509 61.256 
0.055 0.035 146.127 2.096 3.438 
11.14 0.249 104.049 0.734 0.01 
0.0 0.0 0.0 0.002 234.361 
0.002 0.082 215.759 2.994 1.883 
0.02 0.806 13.182 205.66 0.017 
