0.014 0.009 0.02 0.052 220.438 
0.291 0.621 0.009 165.749 29.264 
54.777 4.618 127.343 28.517 0.15 
0.005 0.0 0.371 57.676 99.964 
9.149 0.696 47.587 335.894 0.274 
0.044 1.756 0.194 0.009 146.342 
37.684 12.211 213.385 13.402 6.558 
0.002 0.001 1.985 134.667 151.385 
3.911 177.358 87.928 1.058 3.823 
131.404 11.576 0.177 34.848 6.087 
11.381 86.337 22.106 1.288 71.131 
117.112 15.913 32.631 18.7 66.619 
54.777 4.618 127.343 28.517 0.15 
3.911 177.358 87.928 1.058 3.823 
9.149 0.696 47.587 335.894 0.274 
0.003 0.002 3.17 215.068 20.735 
37.684 12.211 213.385 13.402 6.558 
6.093 1.248 145.711 35.069 87.689 
53.089 39.835 9.847 1.104 61.008 
11.381 86.337 22.106 1.288 71.131 
0.011 0.125 0.112 0.056 177.111 
0.016 0.007 0.02 0.052 220.438 
117.112 15.913 32.631 18.7 66.619 
10.897 2.036 82.997 6.73 36.814 
1.526 11.574 49.862 41.186 51.552 
46.35 19.079 135.653 7.313 9.008 
34.379 4.346 104.433 34.848 6.087 
131.404 11.576 0.177 34.848 6.087 
0.003 0.002 3.17 215.068 20.735 
0.005 0.011 0.946 173.041 30.551 
1.526 11.574 49.862 41.186 51.552 
15.5 33.075 0.465 62.513 19.586 
34.379 4.346 104.433 34.848 6.087 
24.133 1.487 1.494 125.059 5.204 
0.005 0.0 0.371 57.676 99.964 
42.153 7.257 5.328 0.235 132.862 
0.003 0.004 0.493 76.548 132.673 
2.864 21.73 93.614 4.756 60.866 
0.363 0.096 0.086 2.086 118.132 
5.099 0.388 19.69 147.247 0.285 
0.683 28.382 34.863 9.141 2.952 
3.336 7.118 2.9 88.882 17.95 
11.1 12.081 1.351 113.156 4.708 
46.35 19.079 135.653 7.313 9.008 
27.895 30.436 12.614 10.145 33.663 
0.005 0.001 0.428 66.548 170.543 
10.897 2.036 82.997 6.73 36.814 
0.134 0.329 0.09 0.245 154.67 
0.512 20.292 6.715 114.535 51.95 
53.089 39.835 9.847 1.104 61.008 
3.336 7.118 2.9 88.882 17.95 
0.363 0.096 0.086 2.086 118.132 
8.771 18.717 0.263 35.376 76.173 
6.093 1.248 145.711 35.069 87.689 
2.864 21.73 93.614 4.756 60.866 
27.895 30.436 12.614 10.145 33.663 
8.294 2.192 0.611 42.44 86.356 
8.203 13.92 84.209 7.46 56.326 
0.683 28.382 34.863 9.141 2.952 
15.5 33.075 0.465 62.513 19.586 
1.344 0.308 3.358 1.442 89.89 
12.703 38.819 11.141 3.233 7.452 
10.778 1.856 3.504 0.069 140.327 
0.352 14.641 17.985 66.815 4.032 
13.292 3.512 4.379 86.277 32.208 
8.771 18.717 0.263 35.376 76.173 
0.4 0.082 10.579 65.266 27.371 
2.872 0.357 4.709 46.835 2.368 
2.601 19.73 85.0 6.926 56.556 
0.002 0.001 1.985 134.667 151.385 
6.14 2.528 12.64 125.722 0.203 
42.153 7.257 5.328 0.235 132.862 
24.133 1.487 1.494 125.059 5.204 
0.23 19.25 15.246 141.436 31.331 
13.292 3.512 4.379 86.277 32.208 
0.23 19.25 15.246 141.436 31.331 
5.099 0.388 19.69 147.247 0.285 
10.778 1.856 3.504 0.069 140.327 
0.005 0.001 0.428 66.548 170.543 
0.003 0.004 0.493 76.548 132.673 
0.011 0.125 0.112 0.056 177.111 
0.291 0.621 0.009 165.749 29.264 
0.005 0.011 0.946 173.041 30.551 
0.007 0.005 0.832 129.259 34.424 
8.294 2.192 0.611 42.44 86.356 
0.044 1.756 0.194 0.009 146.342 
12.703 38.819 11.141 3.233 7.452 
2.872 0.357 4.709 46.835 2.368 
0.352 14.641 17.985 66.815 4.032 
12.738 2.616 33.839 3.174 18.779 
1.344 0.308 3.358 1.442 89.89 
0.512 20.292 6.715 114.535 51.95 
2.601 19.73 85.0 6.926 56.556 
0.4 0.082 10.579 65.266 27.371 
0.134 0.329 0.09 0.245 154.67 
0.007 0.005 0.832 129.259 34.424 
8.203 13.92 84.209 7.46 56.326 
12.738 2.616 33.839 3.174 18.779 
11.1 12.081 1.351 113.156 4.708 
6.14 2.528 12.64 125.722 0.203 
