146.761 4.657 9.314 0.155 1.982 
0.0 0.0 0.0 0.72 254.383 
145.039 52.393 12.429 0.325 0.0 
0.073 0.011 0.023 0.0 391.521 
0.073 0.011 0.023 0.0 391.521 
1.064 0.146 269.881 0.564 66.247 
9.824 207.547 0.145 11.599 0.033 
0.0 0.0 0.073 253.65 2.442 
0.0 0.0 0.009 32.946 161.444 
59.617 192.78 0.169 0.699 0.037 
59.617 192.78 0.169 0.699 0.037 
13.824 141.146 43.295 0.252 0.114 
91.013 2.888 0.107 1.015 100.657 
13.824 141.146 43.295 0.252 0.114 
91.013 2.888 0.107 1.015 100.657 
116.637 93.083 0.14 0.325 0.001 
4.281 80.418 73.504 59.214 3.82 
1.064 0.146 269.881 0.564 66.247 
0.114 0.168 214.608 0.281 0.245 
9.727 99.31 30.462 0.386 0.08 
38.666 9.579 112.003 0.444 0.539 
0.008 0.01 0.864 0.001 318.051 
0.005 0.058 0.009 249.552 5.374 
0.0 0.0 0.009 32.946 161.444 
0.0 0.0 0.046 202.109 0.516 
0.001 0.228 174.35 2.728 57.249 
0.036 0.0 0.005 144.96 27.074 
0.0 0.0 0.0 0.72 254.383 
0.008 0.01 0.864 0.001 318.051 
0.6 0.785 0.061 0.004 224.42 
0.007 0.001 0.002 104.911 58.908 
0.013 0.0 0.004 169.59 29.976 
45.897 67.967 7.004 26.154 2.419 
120.618 0.47 142.364 0.345 0.673 
0.0 0.0 0.046 202.109 0.516 
21.281 31.514 0.06 11.437 11.363 
32.224 23.39 15.537 0.197 2.054 
38.666 9.579 112.003 0.444 0.539 
0.004 0.052 63.605 71.246 2.904 
5.351 6.346 211.367 0.44 3.458 
4.281 80.418 73.504 59.214 3.82 
45.897 67.967 7.004 26.154 2.419 
133.693 4.243 0.157 0.133 24.43 
0.045 0.003 187.873 3.366 5.886 
16.655 61.516 35.973 3.407 20.776 
0.6 0.785 0.061 0.004 224.42 
122.075 30.243 0.134 0.422 3.291 
0.006 0.001 0.002 88.854 128.582 
0.559 14.25 27.107 9.07 67.369 
6.963 0.027 126.306 0.106 74.898 
16.655 61.516 35.973 3.407 20.776 
18.653 22.118 47.934 0.116 0.227 
8.996 204.294 1.447 60.359 6.845 
0.006 0.001 0.002 88.854 128.582 
1.327 30.14 137.38 0.344 9.368 
28.532 21.9 8.04 2.98 0.052 
0.004 0.052 63.605 71.246 2.904 
8.996 204.294 1.447 60.359 6.845 
0.559 14.25 27.107 9.07 67.369 
145.039 52.393 12.429 0.325 0.0 
15.115 11.245 30.992 16.005 32.553 
4.685 3.401 2.259 48.114 0.962 
54.841 0.214 64.729 0.236 3.501 
1.08 0.03 0.068 0.003 125.527 
139.317 2.211 39.539 1.285 2.821 
0.001 0.241 183.601 39.781 3.46 
5.395 5.289 0.004 9.755 145.627 
20.748 76.633 0.66 2.927 17.845 
139.317 2.211 39.539 1.285 2.821 
116.637 93.083 0.14 0.325 0.001 
6.963 0.027 126.306 0.106 74.898 
0.0 0.0 0.046 158.916 60.58 
23.458 10.513 5.416 10.992 63.963 
0.001 0.241 183.601 39.781 3.46 
5.395 5.289 0.004 9.755 145.627 
0.013 0.0 0.004 169.59 29.976 
9.727 99.31 30.462 0.386 0.08 
120.618 0.47 142.364 0.345 0.673 
0.015 0.001 0.015 104.815 39.956 
23.458 10.513 5.416 10.992 63.963 
0.023 0.001 0.005 99.491 1.749 
1.327 30.14 137.38 0.344 9.368 
54.841 0.214 64.729 0.236 3.501 
4.246 0.5 45.23 17.058 65.69 
32.224 23.39 15.537 0.197 2.054 
4.685 3.401 2.259 48.114 0.962 
0.335 4.339 127.891 0.285 16.922 
0.015 0.001 0.015 104.815 39.956 
0.001 0.228 174.35 2.728 57.249 
0.001 0.002 0.003 24.71 14.846 
133.693 4.243 0.157 0.133 24.43 
15.115 11.245 30.992 16.005 32.553 
0.0 0.0 0.249 0.004 89.335 
0.036 0.0 0.005 144.96 27.074 
4.246 0.5 45.23 17.058 65.69 
56.374 8.783 0.074 1.019 24.437 
28.532 21.9 8.04 2.98 0.052 
0.0 0.0 0.046 158.916 60.58 
0.0 0.0 0.249 0.004 89.335 
20.748 76.633 0.66 2.927 17.845 
