0.0 0.0 0.0 0.002 68.777 
0.0 0.0 0.019 246.235 3.803 
5.236 23.727 4.638 8.04 0.01 
180.823 0.414 29.024 0.016 0.108 
0.0 0.0 0.0 0.002 62.629 
0.002 0.001 0.426 0.0 259.279 
0.0 0.0 0.0 0.002 82.322 
0.446 0.204 257.787 0.132 45.53 
0.008 0.015 0.002 0.0 83.394 
5.429 232.066 4.104 0.001 1.319 
0.0 129.88 1.513 80.99 0.05 
5.429 232.066 4.104 0.001 1.319 
180.823 0.414 29.024 0.016 0.108 
103.39 1.84 0.597 0.008 1.08 
17.104 1.882 69.965 20.049 1.16 
0.108 0.017 129.41 8.285 62.343 
0.0 0.002 0.315 0.0 247.818 
0.003 0.0 0.001 0.0 185.353 
0.008 2.968 145.71 0.006 0.957 
1.146 0.415 201.609 0.015 0.104 
0.0 129.88 1.513 80.99 0.05 
25.07 100.423 1.88 0.0 0.065 
0.0 6.937 39.709 0.0 109.252 
0.003 0.077 0.0 0.0 148.551 
11.731 5.383 237.294 0.001 44.797 
76.832 58.874 2.033 0.0 24.254 
0.002 0.0 0.001 142.045 19.534 
0.002 0.0 0.001 142.045 19.534 
1.146 0.415 201.609 0.015 0.104 
0.003 0.077 0.0 0.0 148.551 
0.0 0.227 0.009 0.0 183.829 
0.0 0.004 0.0 112.449 31.924 
0.0 0.003 0.011 172.051 0.629 
0.0 0.0 0.019 246.235 3.803 
0.0 6.937 39.709 0.0 109.252 
0.0 0.005 0.001 217.272 0.112 
25.07 100.423 1.88 0.0 0.065 
19.62 78.59 1.471 0.0 6.764 
95.198 1.695 0.402 8.54 1.08 
0.008 0.015 0.002 0.0 83.394 
11.731 5.383 237.294 0.001 44.797 
0.009 0.0 0.0 176.312 1.967 
0.446 0.204 257.787 0.132 45.53 
0.001 0.0 0.0 196.957 3.041 
44.115 12.296 0.236 0.232 2.249 
0.001 0.0 0.0 196.957 3.041 
0.0 0.005 0.001 217.272 0.112 
56.202 0.484 0.322 35.139 42.206 
0.0 0.0 0.002 65.601 51.787 
2.493 42.769 18.767 4.232 0.389 
3.942 44.108 9.011 37.842 8.524 
3.287 36.779 7.514 44.095 8.234 
12.418 56.273 28.482 6.423 0.026 
76.832 58.874 2.033 0.0 24.254 
11.331 1.247 61.014 0.538 33.533 
70.218 30.268 0.017 0.008 3.469 
44.115 12.296 0.236 0.232 2.249 
34.625 3.81 1.292 4.979 46.311 
19.62 78.59 1.471 0.0 6.764 
0.001 0.0 0.001 89.195 40.855 
34.625 3.81 1.292 4.979 46.311 
3.764 15.586 42.337 0.031 48.721 
0.007 0.127 139.39 33.963 4.688 
0.005 0.0 0.0 103.598 2.8 
61.973 9.713 0.261 0.935 32.968 
0.001 0.0 0.001 65.194 9.501 
8.75 2.439 54.276 0.487 0.241 
0.0 0.001 0.0 51.074 0.026 
7.377 46.316 0.009 12.85 0.379 
70.218 30.268 0.017 0.008 3.469 
0.0 0.004 0.0 112.449 31.924 
0.004 0.063 69.353 16.898 54.996 
0.0 0.0 0.0 0.002 68.777 
3.778 17.119 22.855 10.469 0.014 
1.226 28.201 0.167 14.548 25.353 
59.938 6.595 2.237 8.62 13.627 
103.39 1.84 0.597 0.008 1.08 
95.198 1.695 0.402 8.54 1.08 
0.001 68.228 1.022 0.005 0.446 
11.331 1.247 61.014 0.538 33.533 
0.004 0.063 69.353 16.898 54.996 
8.75 2.439 54.276 0.487 0.241 
0.0 0.275 0.044 0.0 248.298 
56.202 0.484 0.322 35.139 42.206 
0.002 0.001 0.426 0.0 259.279 
0.001 68.228 1.022 0.005 0.446 
0.108 0.017 129.41 8.285 62.343 
12.418 56.273 28.482 6.423 0.026 
3.287 36.779 7.514 44.095 8.234 
0.007 0.126 138.737 45.311 1.186 
0.007 0.127 139.39 33.963 4.688 
16.742 9.809 0.893 3.44 24.38 
0.0 0.0 0.0 104.911 47.456 
0.001 0.0 0.001 89.195 40.855 
0.611 6.344 33.74 0.138 12.392 
21.288 0.379 19.618 0.0 0.926 
5.188 21.485 29.155 0.018 44.085 
3.764 15.586 42.337 0.031 48.721 
5.236 23.727 4.638 8.04 0.01 
5.188 21.485 29.155 0.018 44.085 
