26.969 218.155 0.368 0.271 9.93 
0.0 0.0 0.016 229.98 0.329 
15.677 22.257 4.483 0.07 0.003 
172.452 12.748 3.806 0.208 3.853 
0.006 0.14 0.55 0.004 295.667 
0.027 0.041 0.29 0.001 151.254 
0.0 0.0 0.0 0.617 255.505 
0.0 0.0 0.0 0.284 119.766 
4.495 1.848 428.48 0.176 0.623 
0.0 0.0 0.0 0.3 126.682 
0.271 2.188 166.097 0.186 0.242 
4.495 1.848 428.48 0.176 0.623 
44.406 11.759 0.084 159.368 0.181 
127.603 78.26 2.28 3.543 0.666 
0.0 0.0 0.016 229.98 0.329 
26.969 218.155 0.368 0.271 9.93 
172.452 12.748 3.806 0.208 3.853 
0.231 163.499 3.62 0.276 2.35 
54.84 0.422 32.127 49.718 0.187 
127.346 78.103 2.695 3.543 0.666 
0.0 0.0 0.0 0.378 159.269 
0.009 0.192 0.252 0.08 224.653 
44.406 11.759 0.084 159.368 0.181 
0.062 137.231 3.035 94.636 1.25 
100.283 41.23 0.212 2.508 5.828 
68.286 105.094 3.563 0.072 3.605 
15.009 121.408 0.205 33.891 6.889 
0.0 0.022 0.006 125.528 16.493 
0.0 0.015 0.003 82.852 3.348 
14.564 22.771 27.074 0.106 44.101 
0.0 0.0 0.0 0.617 255.505 
0.006 0.14 0.55 0.004 295.667 
97.858 40.232 0.207 9.703 5.98 
0.017 46.132 8.313 14.531 0.058 
0.001 0.013 58.569 8.51 56.893 
0.231 163.499 3.62 0.276 2.35 
83.499 130.55 0.321 0.325 1.105 
3.534 6.416 116.815 0.052 86.689 
83.499 130.55 0.321 0.325 1.105 
0.005 0.002 0.0 34.087 92.346 
0.134 1.085 82.39 108.329 0.275 
0.271 2.188 166.097 0.186 0.242 
0.011 0.09 120.969 0.979 0.175 
0.017 62.685 29.083 0.151 46.98 
3.985 93.306 45.126 0.235 5.764 
0.062 137.231 3.035 94.636 1.25 
0.0 0.0 0.0 0.3 126.682 
0.0 0.022 0.006 125.528 16.493 
67.441 27.727 0.143 6.687 14.134 
2.433 56.253 9.094 0.035 6.717 
36.16 6.211 30.726 0.12 28.923 
54.84 0.422 32.127 49.718 0.187 
0.134 1.085 82.39 108.329 0.275 
3.985 93.306 45.126 0.235 5.764 
2.433 56.253 9.094 0.035 6.717 
3.534 6.416 116.815 0.052 86.689 
4.235 99.151 68.434 2.168 1.915 
16.211 25.345 0.919 0.536 20.368 
19.022 27.006 0.946 0.077 0.958 
0.0 0.0 0.0 38.479 4.678 
52.156 13.703 31.951 0.07 0.134 
0.0 0.015 0.003 82.852 3.348 
30.144 5.177 0.781 0.456 17.312 
36.523 15.034 6.093 0.095 0.079 
15.652 30.45 5.448 0.085 0.071 
0.001 0.013 58.569 8.51 56.893 
0.011 29.527 5.321 2.167 32.025 
4.235 99.151 68.434 2.168 1.915 
0.017 62.685 29.083 0.151 46.98 
0.017 45.298 8.163 14.268 1.305 
0.015 4.073 96.594 1.291 8.061 
97.858 40.232 0.207 9.703 5.98 
0.011 0.015 111.831 0.184 13.621 
0.005 1.439 97.571 1.27 7.928 
0.0 0.002 0.572 0.007 245.271 
0.027 0.578 40.868 6.025 29.734 
0.034 124.092 82.163 2.603 2.3 
68.286 105.094 3.563 0.072 3.605 
41.926 0.775 81.198 0.051 2.524 
38.173 0.705 73.93 7.915 2.458 
0.009 0.192 0.252 0.08 224.653 
0.008 0.097 0.448 0.001 233.469 
14.564 22.771 27.074 0.106 44.101 
38.173 0.705 73.93 7.915 2.458 
0.008 0.097 0.448 0.001 233.469 
0.002 0.008 0.087 0.049 241.783 
67.441 27.727 0.143 6.687 14.134 
16.211 25.345 0.919 0.536 20.368 
19.022 27.006 0.946 0.077 0.958 
0.94 4.768 113.312 0.062 11.794 
0.528 12.219 0.226 0.007 53.213 
30.144 5.177 0.781 0.456 17.312 
0.027 0.041 0.29 0.001 151.254 
0.0 0.0 0.0 0.284 119.766 
0.017 0.025 0.333 0.001 158.17 
52.156 13.703 31.951 0.07 0.134 
0.0 0.0 0.0 38.479 4.678 
41.926 0.775 81.198 0.051 2.524 
15.009 121.408 0.205 33.891 6.889 
100.283 41.23 0.212 2.508 5.828 
