0.008 0.003 0.012 0.008 0.472 2.215 1.356 0.797 1.449 8.745 169.241 63.511 10.947 104.2 34.616 
0.319 0.052 11.339 0.676 12.872 9.071 10.118 3.646 0.836 14.802 45.487 14.778 215.263 25.944 39.412 
0.0 0.0 0.0 0.0 0.0 0.0 0.0 0.0 0.0 0.0 0.001 0.0 0.199 0.228 371.386 
0.0 0.0 0.0 0.0 0.0 0.0 0.0 0.0 0.0 0.001 0.007 0.001 31.236 227.27 166.403 
0.002 0.003 0.012 0.001 0.021 0.21 1.281 0.892 0.468 28.098 11.904 267.883 28.546 53.178 11.685 
0.095 0.033 0.055 0.324 1.095 7.051 2.037 3.027 10.208 37.044 4.787 17.343 26.48 169.687 0.034 
0.002 0.008 0.0 0.028 0.014 0.236 0.1 0.109 0.009 0.081 0.004 0.807 0.285 274.705 29.827 
0.024 0.0 0.04 7.481 1.534 4.556 0.8 8.413 0.421 36.03 1.475 0.584 31.086 17.089 163.355 
1.252 0.432 0.721 4.271 14.425 4.682 2.428 29.066 19.888 1.722 4.779 22.067 1.718 76.591 71.614 
0.0 0.0 0.0 0.0 0.0 0.0 0.0 0.0 0.0 0.0 0.002 0.0 0.218 0.251 409.25 
0.0 0.0 0.0 0.001 0.004 0.003 0.001 0.012 0.005 0.054 0.035 0.119 0.038 1.982 191.872 
0.101 0.017 3.6 0.241 1.619 13.903 6.778 4.994 16.255 14.372 46.682 26.711 37.739 69.273 19.639 
0.027 0.009 0.061 0.172 0.027 0.264 0.053 0.116 84.295 125.246 12.673 58.801 89.782 31.611 1.825 
0.0 0.0 0.0 0.017 0.909 1.537 4.111 19.274 30.099 30.597 8.062 151.125 33.949 10.096 64.412 
0.0 0.0 0.0 0.0 0.0 0.0 0.0 0.0 0.0 0.0 0.003 0.0 0.255 0.293 478.311 
0.008 0.0 0.025 0.014 0.083 0.691 14.192 8.749 13.063 44.347 1.575 152.94 53.038 75.708 10.85 
2.555 0.961 5.954 4.292 0.177 5.47 1.828 0.388 1.464 22.53 67.315 63.093 24.092 32.682 78.528 
0.0 0.0 0.0 0.0 0.0 0.0 0.0 0.0 0.035 0.061 1.092 5.759 133.374 10.731 129.264 
0.0 0.0 0.0 0.0 0.001 0.008 0.05 0.035 0.018 1.088 0.003 7.509 259.275 70.27 10.07 
2.555 0.961 5.954 4.292 0.177 5.47 1.828 0.388 1.464 22.53 67.315 63.093 24.092 32.682 78.528 
1.617 0.608 3.767 2.715 0.112 3.461 1.156 0.245 0.926 14.255 84.07 63.093 24.092 32.682 78.528 
1.252 0.432 0.721 4.271 14.425 4.682 2.428 29.066 19.888 1.722 4.779 22.067 1.718 76.591 71.614 
0.256 0.042 9.095 0.014 9.776 6.889 7.684 2.769 0.635 11.241 34.545 11.223 163.48 19.703 54.198 
1.748 0.285 0.87 3.589 6.951 3.061 1.554 1.983 2.932 35.576 4.597 8.108 19.879 141.128 25.065 
0.319 0.052 11.339 0.676 12.872 9.071 10.118 3.646 0.836 14.802 45.487 14.778 215.263 25.944 39.412 
0.286 0.047 10.161 0.047 10.955 7.72 8.611 7.941 0.795 14.086 43.288 14.064 204.854 24.689 37.506 
0.125 0.02 3.898 0.072 3.896 2.877 3.788 21.216 0.123 8.975 14.07 28.97 152.826 18.419 27.98 
0.003 0.001 0.028 7.29 0.465 3.732 5.819 12.693 10.427 43.535 2.649 29.857 56.195 51.223 115.856 
0.002 0.031 0.056 0.158 0.025 0.242 0.048 0.107 77.274 120.689 11.971 55.546 84.812 29.862 1.724 
0.026 0.008 0.055 0.222 0.063 0.794 0.101 0.74 60.347 91.854 3.836 1.518 80.842 86.129 42.407 
1.617 0.608 3.767 2.715 0.112 3.461 1.156 0.245 0.926 14.255 84.07 63.093 24.092 32.682 78.528 
1.077 0.372 0.62 2.557 4.952 2.181 1.107 1.413 2.089 22.123 3.022 5.33 13.068 92.774 16.477 
0.23 0.1 10.102 0.015 10.858 7.652 8.535 4.732 0.734 12.996 39.937 12.975 188.997 22.778 62.657 
0.256 0.042 9.095 0.014 9.776 6.889 7.684 2.769 0.635 11.241 34.545 11.223 163.48 19.703 54.198 
1.748 0.285 0.87 3.589 6.951 3.061 1.554 1.983 2.932 35.576 4.597 8.108 19.879 141.128 25.065 
0.024 0.004 0.22 0.039 0.271 0.2 12.247 18.8 0.109 7.954 18.978 18.308 133.945 16.143 2.797 
0.0 0.0 0.0 0.042 0.005 0.389 0.038 0.276 52.077 81.798 3.349 1.325 70.574 38.796 212.799 
0.149 0.024 2.762 0.471 7.361 3.867 5.092 20.555 0.138 10.073 24.035 5.762 139.387 16.799 2.91 
0.0 0.0 0.0 0.042 0.005 0.389 0.038 0.276 52.077 81.798 3.349 1.325 70.574 38.796 212.799 
0.662 0.041 0.301 1.783 6.022 0.24 0.852 10.2 6.979 12.034 2.369 10.941 21.246 29.102 138.266 
0.427 0.008 1.356 0.452 3.962 1.876 5.256 7.772 11.605 39.396 1.399 135.867 41.578 65.804 9.43 
0.229 0.159 0.118 0.259 1.353 11.305 0.089 7.875 5.638 49.136 4.613 124.424 8.046 55.916 8.013 
0.136 0.054 5.801 0.388 2.609 0.119 3.169 2.334 7.598 6.718 21.822 12.486 109.778 69.273 19.639 
0.662 0.041 0.301 1.783 6.022 0.24 0.852 10.2 6.979 12.034 2.369 10.941 21.246 29.102 138.266 
0.0 0.0 0.0 0.017 0.909 1.537 4.111 19.274 30.099 30.597 8.062 151.125 33.949 10.096 64.412 
0.149 0.024 2.762 0.471 7.361 3.867 5.092 20.555 0.138 10.073 24.035 5.762 139.387 16.799 2.91 
0.026 0.008 0.055 0.222 0.063 0.794 0.101 0.74 60.347 91.854 3.836 1.518 80.842 86.129 42.407 
1.077 0.372 0.62 2.557 4.952 2.181 1.107 1.413 2.089 22.123 3.022 5.33 13.068 92.774 16.477 
0.0 0.002 0.004 0.348 0.072 2.275 0.019 2.242 47.537 54.122 76.129 1.755 93.478 51.387 30.498 
0.0 0.0 0.005 1.033 0.231 0.637 0.112 0.142 24.28 40.94 1.676 0.251 35.114 19.303 105.876 
0.002 0.003 0.012 0.001 0.021 0.21 1.281 0.892 0.468 28.098 11.904 267.883 28.546 53.178 11.685 
0.058 0.186 0.13 0.094 0.538 0.001 2.747 12.069 0.545 5.615 4.565 75.856 17.683 174.935 0.595 
0.581 0.201 0.335 1.984 6.7 3.519 1.254 1.524 5.589 32.776 3.299 15.235 20.365 144.578 2.677 
0.0 0.0 0.0 0.0 0.001 0.001 0.0 0.012 0.023 1.198 82.287 216.235 29.501 39.307 0.743 
0.0 0.0 0.0 0.105 0.439 0.903 2.415 11.322 17.68 29.368 5.797 108.67 24.412 7.26 46.317 
0.022 0.004 3.658 0.239 1.605 0.073 1.949 14.07 5.323 8.151 26.475 30.201 159.316 19.201 21.909 
0.0 0.002 0.002 0.016 0.315 0.324 0.329 0.793 0.531 1.382 10.679 163.418 7.853 51.526 46.347 
0.16 0.111 0.339 0.312 1.63 13.62 0.167 9.523 6.817 59.418 5.579 150.46 9.73 67.617 9.69 
0.417 0.008 1.326 0.442 3.877 1.835 5.143 7.604 11.354 38.546 1.369 132.933 46.1 65.804 9.43 
0.0 0.004 0.005 0.009 0.277 0.221 0.257 1.603 0.707 1.842 14.237 213.131 10.261 67.322 33.441 
0.008 0.0 0.025 0.014 0.083 0.691 14.192 8.749 13.063 44.347 1.575 152.94 53.038 75.708 10.85 
0.627 0.085 1.163 0.293 0.441 1.704 0.236 1.288 0.02 1.459 5.22 7.492 34.764 188.572 26.263 
0.042 0.007 1.503 0.051 0.357 7.25 0.547 2.763 1.795 0.472 10.554 2.536 48.395 262.51 4.316 
0.003 0.001 0.028 7.29 0.465 3.732 5.819 12.693 10.427 43.535 2.649 29.857 56.195 51.223 115.856 
0.024 0.004 0.22 0.039 0.271 0.2 12.247 18.8 0.109 7.954 18.978 18.308 133.945 16.143 2.797 
0.581 0.201 0.335 1.984 6.7 3.519 1.254 1.524 5.589 32.776 3.299 15.235 20.365 144.578 2.677 
0.003 0.002 0.013 0.011 0.476 0.604 0.721 2.436 2.345 64.242 1.763 134.213 46.544 66.438 9.521 
0.114 0.368 0.102 0.304 1.021 0.025 0.783 7.865 3.321 21.527 7.358 11.285 224.076 13.788 0.588 
0.101 0.017 3.6 0.241 1.619 13.903 6.778 4.994 16.255 14.372 46.682 26.711 37.739 69.273 19.639 
0.0 0.001 0.001 0.139 0.085 0.114 0.002 0.072 4.66 16.235 145.681 1.604 85.417 46.956 27.868 
0.0 0.0 0.001 0.092 0.01 0.006 0.229 0.197 37.293 55.724 2.327 0.921 49.044 26.96 147.879 
0.0 0.0 0.0 0.0 0.0 0.0 0.0 0.007 0.044 1.736 119.215 151.68 26.836 35.757 51.246 
0.05 0.0 0.172 0.344 0.309 4.925 2.832 10.227 49.181 3.503 27.483 124.708 19.252 53.553 24.037 
0.262 0.09 0.151 0.892 3.014 9.342 1.295 1.573 4.593 32.058 3.227 14.901 19.919 141.408 2.619 
0.027 0.009 0.061 0.172 0.027 0.264 0.053 0.116 84.295 125.246 12.673 58.801 89.782 31.611 1.825 
0.001 0.005 0.003 0.017 0.343 0.005 1.022 4.042 9.619 5.165 4.2 30.612 228.058 46.233 50.336 
0.136 0.054 5.801 0.388 2.609 0.119 3.169 2.334 7.598 6.718 21.822 12.486 109.778 69.273 19.639 
0.02 0.003 3.284 0.214 1.44 0.066 1.749 12.628 1.06 6.191 20.108 22.938 121.005 14.584 56.635 
0.042 0.007 1.503 0.051 0.357 7.25 0.547 2.763 1.795 0.472 10.554 2.536 48.395 262.51 4.316 
0.002 0.031 0.056 0.158 0.025 0.242 0.048 0.107 77.274 120.689 11.971 55.546 84.812 29.862 1.724 
0.026 0.232 0.297 0.14 0.057 0.082 0.542 3.947 13.93 13.922 60.086 9.291 16.326 123.119 4.74 
0.17 0.059 0.098 0.579 1.956 12.598 3.639 5.409 0.426 38.609 4.989 18.075 27.599 79.864 0.879 
0.0 0.0 0.0 0.001 0.002 0.005 0.017 0.53 0.646 1.814 1.057 6.503 1.461 8.907 267.625 
0.0 0.0 0.0 0.0 0.0 0.0 0.0 0.0 0.0 0.0 0.002 0.0 0.218 0.251 409.25 
0.0 0.0 0.0 0.0 0.0 0.0 0.0 0.0 0.0 0.0 0.003 0.0 0.255 0.293 478.311 
0.125 0.02 3.898 0.072 3.896 2.877 3.788 21.216 0.123 8.975 14.07 28.97 152.826 18.419 27.98 
0.0 0.0 0.0 0.105 0.439 0.903 2.415 11.322 17.68 29.368 5.797 108.67 24.412 7.26 46.317 
0.0 0.0 0.0 0.0 0.001 0.002 0.005 0.047 0.314 1.117 99.041 162.174 47.904 37.081 53.142 
0.16 0.111 0.339 0.312 1.63 13.62 0.167 9.523 6.817 59.418 5.579 150.46 9.73 67.617 9.69 
0.0 0.0 0.0 0.0 0.0 0.0 0.0 0.0 0.0 0.001 0.007 0.001 31.236 227.27 166.403 
0.07 0.011 2.171 0.351 2.465 1.82 2.397 13.424 0.078 5.679 20.318 23.93 126.235 15.214 23.112 
0.026 0.232 0.297 0.14 0.057 0.082 0.542 3.947 13.93 13.922 60.086 9.291 16.326 123.119 4.74 
0.23 0.1 10.102 0.015 10.858 7.652 8.535 4.732 0.734 12.996 39.937 12.975 188.997 22.778 62.657 
0.0 0.0 0.0 0.001 0.002 0.005 0.017 0.53 0.646 1.814 1.057 6.503 1.461 8.907 267.625 
0.024 0.0 0.04 7.481 1.534 4.556 0.8 8.413 0.421 36.03 1.475 0.584 31.086 17.089 163.355 
0.0 0.001 0.005 0.001 0.011 0.023 0.0 0.055 0.015 0.189 0.066 0.376 0.119 2.999 328.603 
0.0 0.0 0.001 0.092 0.01 0.006 0.229 0.197 37.293 55.724 2.327 0.921 49.044 26.96 147.879 
0.229 0.159 0.118 0.259 1.353 11.305 0.089 7.875 5.638 49.136 4.613 124.424 8.046 55.916 8.013 
0.003 0.0 0.003 0.002 0.012 0.023 0.524 1.175 0.518 7.699 111.87 41.981 7.236 68.877 46.884 
0.06 0.008 2.087 0.336 0.554 3.973 0.417 2.106 0.033 0.714 7.343 64.528 142.634 49.544 29.606 
