1.519 111.966 3.168 16.342 74.832 
5.282 0.196 1.856 174.891 0.014 
0.002 0.001 0.0 0.043 261.542 
0.0 0.0 0.0 1.069 214.028 
168.872 5.354 1.335 2.917 85.674 
0.0 0.0 0.0 0.934 221.483 
0.0 0.0 0.0 1.027 243.673 
0.107 0.307 0.021 201.961 17.286 
0.51 2.026 182.42 14.755 20.348 
0.002 0.001 0.0 0.039 233.492 
168.872 5.354 1.335 2.917 85.674 
101.022 3.673 77.059 0.693 14.259 
1.791 8.904 131.729 25.008 17.292 
0.51 2.026 182.42 14.755 20.348 
1.18 44.98 0.401 123.68 13.305 
67.172 3.757 3.678 0.473 138.706 
35.674 82.035 1.023 8.948 0.094 
14.493 79.111 7.665 5.597 23.221 
4.578 24.99 21.447 0.848 8.369 
0.376 58.556 32.966 12.874 50.858 
1.18 44.98 0.401 123.68 13.305 
1.791 8.904 131.729 25.008 17.292 
10.907 2.827 100.261 15.97 73.127 
0.162 100.581 39.002 2.322 79.936 
74.826 7.659 50.568 7.345 22.219 
91.082 5.095 70.789 2.774 111.181 
0.675 0.025 34.323 106.373 31.746 
1.797 1.437 3.957 0.119 188.085 
5.282 0.196 1.856 174.891 0.014 
0.08 0.106 0.004 5.664 150.583 
0.107 0.307 0.021 201.961 17.286 
3.148 7.239 77.583 24.175 53.832 
0.135 0.405 26.518 82.185 24.527 
21.21 11.372 35.757 16.855 47.936 
10.907 2.827 100.261 15.97 73.127 
9.648 0.306 0.069 104.034 18.145 
23.863 54.874 4.083 22.76 50.681 
29.553 88.42 6.117 0.787 70.419 
0.036 0.039 0.004 145.909 53.989 
7.878 15.123 17.524 41.22 2.055 
0.023 0.127 5.279 27.874 109.483 
0.001 0.044 0.034 168.967 57.855 
2.571 8.012 8.942 64.249 6.547 
0.001 0.002 0.175 150.869 118.507 
97.113 2.421 61.02 8.863 26.811 
4.578 24.99 21.447 0.848 8.369 
67.172 3.757 3.678 0.473 138.706 
7.759 109.95 1.023 8.948 0.094 
1.797 1.437 3.957 0.119 188.085 
2.571 8.012 8.942 64.249 6.547 
10.662 96.254 8.755 6.393 21.916 
4.161 0.157 32.255 48.352 0.062 
0.005 0.005 7.694 39.171 121.297 
0.03 0.039 0.001 0.972 208.489 
74.826 7.659 50.568 7.345 22.219 
91.082 5.095 70.789 2.774 111.181 
0.143 89.058 24.499 15.929 72.937 
24.718 0.066 2.807 72.747 10.816 
14.493 79.111 7.665 5.597 23.221 
0.0 0.0 0.0 1.027 243.673 
0.002 0.001 0.0 0.043 261.542 
97.113 2.421 61.02 8.863 26.811 
0.023 0.127 5.279 27.874 109.483 
0.005 0.005 7.694 39.171 121.297 
11.64 0.031 30.126 79.841 26.431 
0.162 100.581 39.002 2.322 79.936 
24.718 0.066 2.807 72.747 10.816 
4.061 12.655 14.124 17.768 62.717 
35.674 82.035 1.023 8.948 0.094 
6.618 12.704 21.204 41.22 2.055 
21.21 11.372 35.757 16.855 47.936 
0.376 58.556 32.966 12.874 50.858 
1.307 96.365 19.605 8.107 22.512 
73.935 2.795 3.979 0.512 150.049 
96.803 3.519 5.075 0.669 59.811 
7.759 109.95 1.023 8.948 0.094 
23.863 54.874 4.083 22.76 50.681 
0.0 0.0 0.0 0.934 221.483 
4.061 12.655 14.124 17.768 62.717 
10.936 5.863 74.742 22.577 64.21 
11.64 0.031 30.126 79.841 26.431 
73.339 7.848 4.21 1.558 0.021 
101.022 3.673 77.059 0.693 14.259 
30.463 1.107 1.637 43.903 0.057 
0.675 0.025 34.323 106.373 31.746 
0.002 0.001 0.0 0.039 233.492 
0.143 89.058 24.499 15.929 72.937 
0.001 0.002 0.175 150.869 118.507 
7.878 15.123 17.524 41.22 2.055 
0.08 0.399 16.758 13.383 79.231 
0.024 3.165 6.194 44.875 52.447 
0.001 0.044 0.034 168.967 57.855 
0.0 0.0 0.0 1.069 214.028 
3.148 7.239 77.583 24.175 53.832 
10.936 5.863 74.742 22.577 64.21 
4.161 0.157 32.255 48.352 0.062 
0.135 0.405 26.518 82.185 24.527 
0.005 0.006 0.083 174.053 64.403 
1.519 111.966 3.168 16.342 74.832 
4.68 5.011 72.952 6.474 73.666 
