0.117 0.695 0.002 229.539 95.133 
98.92 50.398 138.851 19.883 2.661 
1.991 2.628 10.724 0.043 219.305 
68.141 1.194 258.953 63.624 2.04 
0.0 0.009 0.0 0.056 193.79 
4.857 17.221 25.957 57.12 1.627 
0.006 0.0 0.0 5.516 158.907 
0.001 0.008 0.0 0.054 185.318 
1.368 2.662 9.357 0.038 191.353 
96.779 117.315 86.286 20.725 2.774 
96.779 117.315 86.286 20.725 2.774 
47.718 57.843 106.6 7.592 2.781 
15.646 4.443 0.004 0.6 38.346 
41.109 0.452 19.913 10.005 82.555 
62.864 1.101 238.899 7.436 62.4 
2.542 44.144 0.14 60.478 44.315 
6.348 1.002 179.5 9.7 6.108 
1.467 18.589 7.031 63.24 16.448 
0.062 0.035 74.13 166.499 7.407 
0.022 0.05 54.725 122.914 80.757 
2.927 0.127 0.853 207.843 4.086 
0.053 0.138 1.637 2.741 98.118 
6.348 1.002 179.5 9.7 6.108 
0.062 0.035 74.13 166.499 7.407 
0.154 0.915 0.055 3.858 135.581 
3.613 2.133 140.353 7.584 14.31 
98.92 50.398 138.851 19.883 2.661 
0.137 2.381 0.008 134.215 56.472 
0.078 0.483 13.972 114.472 16.94 
0.087 0.314 9.979 81.76 12.099 
6.825 8.216 3.199 28.655 47.749 
4.857 17.221 25.957 57.12 1.627 
6.448 0.041 64.303 75.689 65.559 
68.141 1.194 258.953 63.624 2.04 
62.864 1.101 238.899 7.436 62.4 
1.991 2.628 10.724 0.043 219.305 
0.006 0.0 0.0 5.516 158.907 
0.0 0.009 0.0 0.056 193.79 
47.718 57.843 106.6 7.592 2.781 
60.515 10.189 3.698 21.36 35.707 
49.74 14.125 0.013 1.907 6.139 
57.23 9.636 11.453 22.485 3.124 
0.022 0.05 54.725 122.914 80.757 
0.154 0.915 0.055 3.858 135.581 
0.066 1.154 0.063 4.405 154.813 
6.448 0.041 64.303 75.689 65.559 
1.225 6.11 118.078 12.377 7.155 
0.843 0.595 14.328 25.075 22.185 
11.279 0.075 112.511 18.945 62.58 
0.023 0.08 0.005 45.552 84.611 
3.768 13.359 20.136 48.126 7.968 
10.108 4.933 3.199 28.655 47.749 
3.544 44.892 16.979 45.563 1.717 
0.012 0.056 98.123 220.251 9.798 
60.515 10.189 3.698 21.36 35.707 
2.927 0.127 0.853 207.843 4.086 
15.646 4.443 0.004 0.6 38.346 
2.505 1.479 97.292 5.257 59.145 
11.279 0.075 112.511 18.945 62.58 
57.23 9.636 11.453 22.485 3.124 
0.012 0.056 98.123 220.251 9.798 
0.137 2.381 0.008 134.215 56.472 
43.968 12.486 24.333 2.411 7.763 
43.968 12.486 24.333 2.411 7.763 
1.467 18.589 7.031 63.24 16.448 
0.098 0.01 0.227 0.419 94.652 
0.023 0.08 0.005 45.552 84.611 
0.117 0.695 0.002 229.539 95.133 
4.668 0.203 0.005 66.658 1.787 
0.823 11.897 14.955 0.396 52.018 
0.321 0.079 9.979 81.76 12.099 
1.67 5.922 8.926 13.107 54.896 
2.542 44.144 0.14 60.478 44.315 
3.64 6.625 102.751 11.154 6.448 
41.109 0.452 19.913 10.005 82.555 
5.249 3.245 9.262 6.086 13.14 
1.225 6.11 118.078 12.377 7.155 
1.67 5.922 8.926 13.107 54.896 
5.103 5.162 102.751 11.154 6.448 
0.001 0.008 0.0 0.054 185.318 
49.704 14.115 0.059 1.907 6.139 
2.505 1.479 97.292 5.257 59.145 
0.066 1.154 0.063 4.405 154.813 
3.135 1.349 15.885 24.222 82.631 
0.823 11.897 14.955 0.396 52.018 
3.768 13.359 20.136 48.126 7.968 
0.025 0.088 0.132 65.041 19.236 
0.078 0.483 13.972 114.472 16.94 
0.009 0.003 0.001 5.51 158.907 
0.843 0.595 14.328 25.075 22.185 
0.229 2.314 1.323 116.334 9.584 
1.368 2.662 9.357 0.038 191.353 
0.229 2.314 1.323 116.334 9.584 
0.069 0.03 0.351 119.718 7.055 
3.613 2.133 140.353 7.584 14.31 
6.825 8.216 3.199 28.655 47.749 
0.025 0.088 0.132 65.041 19.236 
4.668 0.203 0.005 66.658 1.787 
0.053 0.138 1.637 2.741 98.118 
0.069 0.03 0.351 119.718 7.055 
