0.008 0.325 0.439 0.003 269.695 
0.0 0.0 0.0 0.128 234.387 
0.584 0.016 0.006 235.26 0.446 
0.247 0.007 0.019 0.038 384.119 
0.781 269.027 0.583 30.09 2.246 
0.027 0.005 0.098 50.5 0.096 
171.804 5.75 1.877 2.877 18.244 
11.62 2.752 260.286 4.404 13.473 
0.106 36.422 191.177 1.112 41.806 
111.913 1.911 0.702 27.568 8.938 
171.804 5.75 1.877 2.877 18.244 
54.12 150.873 2.167 0.197 1.55 
0.341 235.585 2.494 34.094 48.467 
11.62 2.752 260.286 4.404 13.473 
0.008 0.325 0.439 0.003 269.695 
0.214 0.006 0.016 0.066 373.391 
0.0 0.586 0.885 225.185 8.034 
0.0 0.0 0.0 162.609 10.229 
78.698 1.89 82.925 0.799 10.956 
0.341 235.585 2.494 34.094 48.467 
0.078 0.004 5.568 121.908 94.731 
0.106 36.422 191.177 1.112 41.806 
1.435 0.025 41.151 10.257 3.326 
0.134 92.993 82.838 25.163 35.771 
0.0 0.0 0.0 162.609 10.229 
45.654 127.272 1.828 3.309 8.083 
0.035 0.127 0.001 57.675 9.179 
0.004 0.005 0.0 92.2 1.794 
0.078 0.004 5.568 121.908 94.731 
0.025 19.485 157.202 42.537 4.199 
0.167 57.435 0.609 1.102 72.079 
20.729 1.597 116.849 2.231 8.895 
46.66 130.075 1.868 2.861 18.882 
1.115 1.245 159.443 47.601 13.173 
0.781 269.027 0.583 30.09 2.246 
3.66 11.183 119.589 19.166 2.942 
0.003 0.0 0.239 5.244 145.631 
0.071 0.009 0.044 0.035 195.421 
54.12 150.873 2.167 0.197 1.55 
0.016 0.01 0.0 9.847 102.959 
0.02 0.028 0.029 0.337 143.906 
94.017 75.335 1.294 3.232 5.946 
0.0 0.125 0.129 98.62 26.161 
8.836 70.544 10.495 4.069 5.91 
29.142 2.246 32.298 0.311 9.661 
0.134 92.993 82.838 25.163 35.771 
7.144 111.095 1.25 6.726 3.947 
29.142 2.246 32.298 0.311 9.661 
0.064 0.059 0.026 0.042 236.551 
1.595 5.728 137.952 2.663 1.997 
1.595 5.728 137.952 2.663 1.997 
101.614 2.359 5.185 15.609 33.663 
3.182 22.075 33.238 21.454 6.417 
67.022 6.287 0.467 5.693 2.817 
7.144 111.095 1.25 6.726 3.947 
111.913 1.911 0.702 27.568 8.938 
78.698 1.89 82.925 0.799 10.956 
101.614 2.359 5.185 15.609 33.663 
28.643 6.943 9.786 16.251 2.184 
94.017 75.335 1.294 3.232 5.946 
7.849 60.011 0.717 17.193 28.484 
61.246 1.046 37.619 1.831 3.606 
20.729 1.597 116.849 2.231 8.895 
17.232 80.723 4.885 1.885 3.581 
17.232 80.723 4.885 1.885 3.581 
8.836 70.544 10.495 4.069 5.91 
0.38 0.092 0.13 0.01 214.688 
11.998 91.733 1.096 1.681 35.372 
61.246 1.046 37.619 1.831 3.606 
0.0 0.001 0.001 0.564 196.721 
0.38 0.092 0.13 0.01 214.688 
0.0 0.586 0.885 225.185 8.034 
0.584 0.016 0.006 235.26 0.446 
0.0 0.151 0.029 0.043 77.867 
0.025 19.485 157.202 42.537 4.199 
67.022 6.287 0.467 5.693 2.817 
1.115 1.245 159.443 47.601 13.173 
3.66 11.183 119.589 19.166 2.942 
11.998 91.733 1.096 1.681 35.372 
19.901 71.476 0.966 22.228 7.207 
3.182 22.075 33.238 21.454 6.417 
0.027 0.005 0.098 50.5 0.096 
0.035 0.127 0.001 57.675 9.179 
0.214 0.006 0.016 0.066 373.391 
0.247 0.007 0.019 0.038 384.119 
0.125 0.002 0.125 98.022 10.94 
28.643 6.943 9.786 16.251 2.184 
0.004 0.005 0.0 92.2 1.794 
0.016 0.01 0.0 9.847 102.959 
19.901 71.476 0.966 22.228 7.207 
0.167 57.435 0.609 1.102 72.079 
45.654 127.272 1.828 3.309 8.083 
0.0 0.125 0.129 98.62 26.161 
0.173 59.771 2.989 8.999 0.827 
46.66 130.075 1.868 2.861 18.882 
1.435 0.025 41.151 10.257 3.326 
0.0 0.151 0.029 0.043 77.867 
7.849 60.011 0.717 17.193 28.484 
0.173 59.771 2.989 8.999 0.827 
0.003 0.0 0.239 5.244 145.631 
