2.15 312.277 0.001 0.093 10.756 
221.974 0.592 0.163 0.121 4.576 
0.0 0.0 0.103 338.401 1.401 
0.0 0.001 0.0 0.0 293.73 
0.0 0.0 249.816 0.033 0.063 
0.0 0.0 0.0 0.0 175.038 
0.0 0.0 0.0 0.001 148.179 
0.002 0.001 245.131 0.052 0.001 
0.0 0.0 0.0 0.0 60.741 
127.941 4.508 0.007 22.971 0.009 
221.974 0.592 0.163 0.121 4.576 
4.283 0.208 0.038 235.971 0.22 
0.0 0.0 0.103 338.401 1.401 
2.429 229.016 0.351 0.005 0.503 
2.15 312.277 0.001 0.093 10.756 
6.656 20.341 104.408 86.088 0.177 
61.3 2.16 53.35 194.632 0.2 
0.459 109.256 0.922 75.425 0.047 
0.001 0.0 0.0 0.0 193.985 
0.0 0.001 0.0 0.0 253.504 
0.0 0.0 0.0 0.0 60.741 
0.0 0.0 0.0 0.0 118.327 
0.688 163.732 0.136 112.184 0.07 
0.873 207.863 160.861 0.037 0.094 
118.272 44.953 0.094 0.048 5.587 
48.771 26.153 1.661 10.052 22.47 
0.0 0.001 0.0 0.0 293.73 
0.0 0.001 0.0 0.0 253.504 
0.002 0.001 193.912 4.136 0.05 
14.498 0.039 0.012 180.346 8.658 
69.936 3.224 18.235 0.022 0.023 
0.873 207.863 160.861 0.037 0.094 
0.465 173.676 0.144 0.482 5.976 
22.715 93.695 29.015 0.053 1.466 
95.019 0.19 0.801 0.354 20.011 
0.0 0.0 145.042 95.022 0.196 
0.0 0.0 116.694 0.034 1.177 
0.0 0.0 12.105 150.046 1.026 
54.817 14.801 10.556 52.525 2.459 
0.688 163.732 0.136 112.184 0.07 
61.3 2.16 53.35 194.632 0.2 
0.0 0.0 0.0 0.001 148.179 
89.178 3.142 0.041 0.077 0.059 
0.0 0.0 223.116 1.892 0.931 
54.817 14.801 10.556 52.525 2.459 
0.0 0.0 145.042 95.022 0.196 
63.599 2.241 0.029 0.018 29.276 
0.005 0.018 0.013 19.916 44.596 
0.541 66.712 37.831 68.844 0.044 
0.0 0.0 0.0 0.0 118.327 
0.0 0.0 0.0 0.001 140.631 
6.656 20.341 104.408 86.088 0.177 
29.135 21.347 0.078 49.162 0.99 
2.046 26.124 11.299 25.858 1.588 
0.309 2.542 0.001 134.11 3.33 
48.771 26.153 1.661 10.052 22.47 
0.001 0.0 0.0 0.0 193.985 
0.0 0.0 0.0 0.0 175.038 
0.407 50.158 156.581 0.044 0.053 
0.0 0.0 7.495 187.372 28.019 
118.272 44.953 0.094 0.048 5.587 
0.662 81.665 33.022 1.906 0.03 
0.0 0.003 203.704 4.345 0.053 
0.005 0.018 0.013 19.916 44.596 
14.498 0.039 0.012 180.346 8.658 
127.941 4.508 0.007 22.971 0.009 
27.939 77.555 107.322 0.005 0.462 
5.478 60.469 0.018 1.407 17.473 
39.76 21.321 15.224 0.019 0.019 
22.715 93.695 29.015 0.053 1.466 
0.0 0.0 0.0 0.0 59.625 
0.309 2.542 0.001 134.11 3.33 
0.0 0.0 12.105 150.046 1.026 
0.024 0.066 0.278 206.753 0.053 
0.0 0.0 1.458 223.258 0.231 
39.76 21.321 15.224 0.019 0.019 
1.778 219.34 0.006 2.886 0.422 
32.363 63.397 0.042 0.028 3.277 
0.0 0.003 214.608 0.046 0.054 
24.016 51.985 0.131 1.624 11.18 
69.936 3.224 18.235 0.022 0.023 
0.541 66.712 37.831 68.844 0.044 
0.002 0.001 193.912 4.136 0.05 
0.0 0.003 203.704 4.345 0.053 
27.939 77.555 107.322 0.005 0.462 
62.039 2.186 0.028 107.06 1.202 
0.853 105.267 0.029 1.754 0.027 
0.0 0.0 116.694 0.034 1.177 
0.0 0.0 7.495 187.372 28.019 
0.0 0.0 44.064 0.04 0.279 
0.024 0.066 0.278 206.753 0.053 
1.778 219.34 0.006 2.886 0.422 
0.0 0.0 223.116 1.892 0.931 
4.115 52.534 0.015 94.667 3.679 
0.0 0.003 214.608 0.046 0.054 
92.784 67.982 1.352 0.047 1.635 
0.465 173.676 0.144 0.482 5.976 
2.429 229.016 0.351 0.005 0.503 
0.099 74.47 0.115 72.62 1.462 
29.135 21.347 0.078 49.162 0.99 
