8.387 0.62 1.427 149.371 42.283 
0.217 1.553 0.555 2.118 227.708 
1.666 15.29 0.554 26.845 156.502 
2.115 10.501 9.702 9.883 43.33 
13.23 14.172 4.2 94.467 22.395 
0.106 0.082 41.967 4.481 285.575 
0.128 0.121 0.799 186.723 135.712 
0.025 0.08 13.693 7.764 175.911 
0.147 12.33 9.766 90.596 33.82 
0.73 2.745 2.422 79.223 185.622 
0.968 1.227 0.372 2.576 283.416 
0.45 1.336 5.611 8.74 225.132 
0.187 0.693 0.008 159.824 28.218 
35.49 24.402 3.492 220.708 9.715 
0.021 0.256 0.299 223.847 7.955 
0.439 0.409 0.007 0.828 305.216 
14.78 6.706 10.422 0.045 304.054 
5.464 7.924 64.711 134.561 4.143 
1.81 4.435 4.517 132.999 105.389 
3.515 0.091 45.798 125.749 89.56 
12.603 4.226 32.001 4.586 54.838 
0.13 5.389 3.653 113.69 4.964 
23.603 0.076 24.365 8.144 224.446 
4.88 1.475 58.05 14.474 77.4 
2.513 0.527 0.407 4.962 199.049 
3.404 1.399 2.228 2.023 126.156 
3.597 1.481 10.527 92.07 4.654 
1.255 7.834 43.606 51.304 46.802 
0.984 0.892 1.892 24.008 135.599 
3.371 0.891 0.799 19.351 110.671 
6.137 1.057 0.776 8.473 181.064 
28.75 21.699 44.117 1.016 56.136 
12.032 36.768 10.553 8.487 28.163 
85.378 16.437 74.497 26.924 36.146 
1.898 1.345 41.623 2.212 262.092 
0.202 0.867 4.072 6.682 313.849 
2.498 21.551 150.74 83.423 28.836 
42.691 90.244 73.585 37.057 12.961 
3.936 7.354 2.117 6.895 37.989 
94.971 3.572 59.98 10.628 71.03 
0.017 1.775 4.798 9.035 112.116 
5.228 1.073 19.554 76.463 36.691 
90.668 29.38 28.955 55.944 28.2 
1.535 1.255 13.872 5.02 231.886 
78.776 10.007 3.564 3.455 116.388 
0.323 0.012 5.119 60.605 203.339 
0.004 0.003 0.51 79.232 137.325 
0.257 0.289 0.45 21.499 348.732 
8.387 0.62 1.427 149.371 42.283 
0.217 1.553 0.555 2.118 227.708 
1.666 15.29 0.554 26.845 156.502 
2.115 10.501 9.702 9.883 43.33 
13.23 14.172 4.2 94.467 22.395 
0.106 0.082 41.967 4.481 285.575 
0.128 0.121 0.799 186.723 135.712 
0.025 0.08 13.693 7.764 175.911 
0.147 12.33 9.766 90.596 33.82 
0.73 2.745 2.422 79.223 185.622 
0.968 1.227 0.372 2.576 283.416 
0.45 1.336 5.611 8.74 225.132 
0.187 0.693 0.008 159.824 28.218 
35.49 24.402 3.492 220.708 9.715 
0.021 0.256 0.299 223.847 7.955 
0.439 0.409 0.007 0.828 305.216 
14.78 6.706 10.422 0.045 304.054 
5.464 7.924 64.711 134.561 4.143 
1.81 4.435 4.517 132.999 105.389 
3.515 0.091 45.798 125.749 89.56 
12.603 4.226 32.001 4.586 54.838 
0.13 5.389 3.653 113.69 4.964 
23.603 0.076 24.365 8.144 224.446 
4.88 1.475 58.05 14.474 77.4 
2.513 0.527 0.407 4.962 199.049 
3.404 1.399 2.228 2.023 126.156 
3.597 1.481 10.527 92.07 4.654 
1.255 7.834 43.606 51.304 46.802 
0.984 0.892 1.892 24.008 135.599 
3.371 0.891 0.799 19.351 110.671 
6.137 1.057 0.776 8.473 181.064 
28.75 21.699 44.117 1.016 56.136 
12.032 36.768 10.553 8.487 28.163 
85.378 16.437 74.497 26.924 36.146 
1.898 1.345 41.623 2.212 262.092 
0.202 0.867 4.072 6.682 313.849 
2.498 21.551 150.74 83.423 28.836 
42.691 90.244 73.585 37.057 12.961 
3.936 7.354 2.117 6.895 37.989 
94.971 3.572 59.98 10.628 71.03 
0.017 1.775 4.798 9.035 112.116 
5.228 1.073 19.554 76.463 36.691 
90.668 29.38 28.955 55.944 28.2 
1.535 1.255 13.872 5.02 231.886 
78.776 10.007 3.564 3.455 116.388 
0.323 0.012 5.119 60.605 203.339 
0.004 0.003 0.51 79.232 137.325 
0.257 0.289 0.45 21.499 348.732 
52.189 177.873 99.691 79.176 22.004 
52.189 177.873 99.691 79.176 22.004 
0.551 0.483 0.911 2.335 309.974 
0.551 0.483 0.911 2.335 309.974 
