0.0 0.0 0.0 0.0 0.0 0.0 0.0 0.0 0.0 0.0 0.0 0.0 0.0 0.0 74.385 
0.0 0.0 0.0 0.0 0.0 0.0 0.0 0.0 0.0 0.0 0.0 6.082 0.0 42.626 184.408 
0.0 0.0 0.0 0.0 0.0 0.0 0.0 0.0 0.019 0.003 0.015 1.287 3.594 4.242 32.4 
0.0 0.0 0.0 0.0 0.0 0.0 0.0 0.0 0.0 0.0 0.0 0.0 100.982 70.08 0.0 
0.0 0.0 0.0 0.0 0.0 0.0 0.0 0.0 0.0 0.001 0.002 0.01 7.672 8.647 158.447 
0.001 0.002 0.002 0.0 0.002 0.006 0.004 0.085 0.429 0.024 0.567 6.324 19.651 4.168 140.813 
0.0 0.0 0.0 0.0 0.0 0.0 0.0 2.894 0.457 0.376 4.43 4.243 19.637 18.035 134.492 
0.0 0.0 0.0 0.0 0.0 0.0 0.0 0.0 0.0 0.0 5.407 35.819 132.975 8.84 3.842 
0.0 0.0 0.0 0.0 0.0 0.0 0.0 0.0 0.0 0.0 0.0 0.0 53.477 80.587 0.0 
0.0 0.0 0.0 0.0 0.0 0.0 0.0 0.0 0.0 0.0 0.0 0.0 0.0 196.119 10.233 
0.0 0.0 0.0 0.0 0.0 0.0 0.0 0.0 0.0 0.0 1.325 1.311 4.13 104.223 57.439 
0.0 0.0 0.0 0.0 0.0 0.0 0.0 0.0 0.0 0.0 0.0 0.0 0.0 91.342 144.961 
0.0 0.0 0.0 0.0 0.0 0.0 0.0 0.0 0.0 0.0 0.0 0.0 0.0 67.547 136.12 
0.0 0.0 0.0 0.0 0.0 0.0 0.0 0.0 0.0 0.0 0.0 4.441 26.214 0.0 140.638 
0.0 0.0 0.0 0.0 0.0 0.001 0.001 0.0 0.011 0.015 0.143 0.118 0.21 3.856 85.776 
0.0 0.0 0.0 0.0 0.0 0.0 0.0 0.0 0.0 0.0 0.0 0.0 0.0 114.453 58.009 
0.0 0.0 0.0 0.0 0.0 0.0 0.0 0.0 0.0 0.0 0.0 0.0 0.0 96.433 17.413 
0.0 0.0 0.0 0.0 0.0 0.0 0.0 0.0 0.0 0.0 0.0 0.0 0.0 77.28 119.129 
0.0 0.0 0.0 0.0 0.0 0.0 0.0 0.0 0.0 0.0 0.0 0.0 30.926 2.532 150.076 
0.0 0.0 0.0 0.0 0.0 0.0 0.005 0.145 4.809 0.0 4.87 29.929 109.51 86.319 82.427 
0.0 0.0 0.0 0.0 0.0 0.0 0.0 0.0 0.022 0.086 0.183 1.305 6.734 31.826 0.0 
0.0 0.0 0.0 0.0 0.0 0.0 0.0 0.0 0.0 3.821 4.7 14.379 17.028 96.984 96.498 
0.0 0.0 0.0 0.0 0.0 0.0 0.0 0.0 0.003 0.023 0.134 0.773 12.297 69.645 67.435 
0.0 0.0 0.0 0.0 0.0 0.0 0.0 0.0 0.0 0.0 0.0 0.0 15.494 94.706 63.76 
0.0 0.0 0.0 0.0 0.0 0.0 0.0 0.0 0.0 0.0 0.0 0.0 75.667 25.996 18.083 
0.0 0.0 0.0 0.0 0.0 0.0 0.0 0.0 0.0 0.0 1.009 0.237 5.659 28.141 227.355 
0.0 0.0 0.0 0.0 0.0 0.0 0.0 0.0 0.0 0.0 2.557 0.712 0.379 9.628 86.735 
0.0 0.0 0.0 0.0 0.0 0.0 0.0 0.0 0.0 0.487 0.384 1.785 0.68 2.756 36.303 
0.0 0.0 0.0 0.0 0.0 0.0 0.0 0.007 0.015 0.04 0.055 0.212 9.753 58.681 99.809 
0.0 0.0 0.0 0.0 0.0 0.0 0.0 0.0 0.0 0.0 0.0 0.0 0.0 0.0 66.641 
0.0 0.0 0.0 0.0 0.0 0.0 0.0 0.0 0.0 0.0 0.0 0.0 0.0 0.0 224.843 
0.0 0.0 0.0 0.0 0.0 0.0 0.0 0.0 0.0 0.0 0.0 0.012 6.58 26.656 38.992 
0.0 0.0 0.0 0.0 0.0 0.0 0.0 0.0 0.0 0.0 0.0 0.0 49.429 51.213 69.924 
0.0 0.0 0.0 0.001 0.002 0.001 0.001 0.022 0.004 0.035 0.853 5.75 6.087 4.511 130.681 
0.0 0.0 0.0 0.0 0.0 0.0 0.0 0.0 0.0 0.0 0.0 0.0 123.396 18.245 13.989 
0.0 0.0 0.0 0.0 0.009 0.04 0.01 0.023 0.03 0.029 0.339 0.93 0.714 8.75 147.023 
0.0 0.0 0.0 0.0 0.0 0.0 0.0 0.0 0.0 0.0 0.0 0.0 0.0 0.0 161.297 
0.0 0.0 0.0 0.0 0.0 0.0 0.0 0.0 0.0 0.0 0.0 0.0 0.0 0.0 188.359 
0.0 0.0 0.0 0.0 0.0 0.033 0.034 0.0 0.01 0.119 0.178 0.099 21.369 76.647 0.0 
0.0 0.0 0.0 0.0 0.0 0.001 0.0 0.016 0.037 0.448 0.025 10.529 22.913 43.267 78.254 
0.0 0.0 0.0 0.0 0.0 0.0 0.0 0.003 0.121 0.366 0.582 4.133 1.116 83.031 12.045 
0.0 0.0 0.0 0.0 0.0 0.0 0.0 0.0 0.0 0.0 0.0 0.0 0.0 85.891 91.348 
0.0 0.0 0.0 0.0 0.0 0.0 0.0 0.0 1.29 0.3 5.06 11.943 68.597 0.0 66.304 
0.0 0.0 0.0 0.0 0.0 0.0 0.0 0.0 0.0 0.0 0.0 7.78 52.869 57.165 9.945 
0.0 0.0 0.0 0.0 0.0 0.0 0.0 0.0 0.0 0.0 0.0 4.633 16.717 18.3 15.278 
0.0 0.0 0.0 0.0 0.0 0.0 0.0 0.0 0.0 0.0 0.0 0.0 0.0 0.0 287.246 
0.009 0.001 0.004 0.004 0.086 0.052 0.08 0.431 0.084 0.337 0.598 17.867 13.278 11.115 27.237 
0.0 0.0 0.005 0.0 0.0 0.012 0.004 0.038 0.651 0.03 4.917 5.066 26.507 24.096 135.954 
0.0 0.0 0.0 0.0 0.0 0.0 0.0 0.0 0.0 0.0 0.0 0.0 0.0 0.0 124.693 
0.0 0.0 0.0 0.0 0.0 0.0 0.0 0.0 0.0 0.0 0.0 0.0 8.059 51.29 87.992 
0.0 0.0 0.0 0.0 0.014 0.002 0.032 0.095 0.003 0.034 0.448 1.41 1.297 0.971 144.169 
0.0 0.0 0.0 0.001 0.0 0.0 0.002 0.087 0.457 1.458 18.462 4.532 55.809 38.587 85.256 
0.0 0.0 0.0 0.0 0.0 0.0 0.0 0.0 0.0 0.0 0.0 5.644 4.284 14.535 60.116 
0.0 0.0 0.001 0.0 0.001 0.007 0.003 0.008 0.006 0.057 0.307 2.168 15.609 23.951 199.112 
0.0 0.0 0.0 0.0 0.0 0.0 0.001 0.006 0.304 0.051 4.065 0.734 28.511 38.005 94.793 
0.0 0.0 0.0 0.0 0.0 0.0 0.0 0.0 0.0 0.0 0.0 31.936 6.813 56.182 110.997 
0.0 0.0 0.0 0.0 0.0 0.0 0.0 0.0 0.0 0.058 4.24 5.748 21.202 217.878 12.171 
0.0 0.0 0.0 0.0 0.0 0.0 0.0 0.0 0.0 0.0 0.0 0.0 0.0 0.0 232.941 
0.007 0.005 0.01 0.045 0.025 0.014 0.033 0.049 1.434 14.859 2.631 33.163 112.082 34.404 0.0 
0.0 0.0 0.0 0.0 0.0 0.0 0.0 0.0 0.0 0.0 0.0 0.0 0.0 13.581 119.301 
0.0 0.0 0.0 0.0 0.0 0.0 0.0 0.0 0.0 0.0 0.0 0.0 0.0 0.0 200.821 
0.0 0.0 0.0 0.0 0.0 0.0 0.043 0.191 0.129 0.074 5.991 22.186 42.592 35.536 154.261 
0.0 0.0 0.0 0.0 0.0 0.0 0.0 0.0 0.0 0.192 0.111 0.545 4.041 16.828 175.079 
0.0 0.0 0.0 0.0 0.0 0.0 0.058 0.001 0.001 0.005 0.442 9.02 10.721 10.914 58.468 
0.0 0.0 0.0 0.0 0.0 0.0 0.0 0.0 0.0 0.0 0.0 2.45 4.254 4.63 239.932 
0.0 0.0 0.0 0.0 0.0 0.0 0.0 0.0 0.0 0.0 0.0 0.0 67.186 0.0 56.189 
0.0 0.0 0.0 0.0 0.0 0.0 0.0 0.0 0.0 0.0 3.751 0.0 0.412 74.29 110.789 
0.0 0.0 0.0 0.0 0.0 0.0 0.0 0.0 0.0 0.0 0.0 0.0 0.0 0.0 71.081 
0.0 0.0 0.0 0.0 0.0 0.0 0.0 0.0 0.0 0.0 0.0 0.0 0.0 0.0 185.275 
0.0 0.0 0.0 0.0 0.0 0.0 0.0 0.0 0.0 0.0 0.0 0.0 0.0 85.194 46.769 
0.0 0.0 0.0 0.0 0.0 0.0 0.0 0.0 0.0 0.0 17.208 19.869 18.211 0.0 49.348 
0.0 0.0 0.0 0.0 0.0 0.0 0.0 0.0 0.0 0.0 0.0 0.0 0.0 76.775 9.891 
0.002 0.0 0.001 0.0 0.014 0.041 0.0 0.007 0.371 1.005 2.091 4.668 16.942 38.56 43.182 
0.0 0.0 0.0 0.0 0.0 0.0 0.0 0.0 0.0 0.0 0.0 0.0 40.026 82.149 6.414 
0.0 0.0 0.0 0.0 0.0 0.0 0.0 0.0 0.0 0.0 1.586 0.807 7.726 3.969 119.776 
0.0 0.0 0.0 0.0 0.0 0.0 0.0 0.0 0.0 0.0 10.831 2.417 20.108 56.454 58.936 
0.0 0.0 0.0 0.0 0.0 0.0 0.002 0.001 0.0 0.002 0.082 0.055 0.63 29.099 53.021 
0.0 0.0 0.0 0.0 0.0 0.0 0.0 0.0 0.0 0.0 0.0 2.078 0.106 46.415 262.981 
0.0 0.0 0.0 0.0 0.0 0.0 0.0 0.0 0.0 0.0 0.0 0.0 0.0 0.0 225.095 
0.001 0.0 0.0 0.0 0.0 0.001 0.002 0.001 0.009 0.005 0.081 0.205 0.992 27.973 43.324 
0.0 0.0 0.0 0.0 0.0 0.0 0.0 0.0 0.0 3.105 2.14 0.528 11.676 53.695 75.926 
0.0 0.0 0.0 0.0 0.0 0.001 0.001 0.001 0.001 0.011 0.736 7.576 43.411 93.943 26.561 
0.0 0.0 0.0 0.0 0.0 0.0 0.0 0.0 0.0 0.0 0.0 0.0 65.738 12.286 9.952 
0.001 0.0 0.0 0.001 0.0 0.002 0.018 0.0 0.181 0.039 0.788 6.305 16.065 2.962 132.11 
0.0 0.0 0.0 0.001 0.002 0.0 0.01 0.011 0.217 0.263 0.262 6.483 0.103 239.14 59.678 
0.0 0.0 0.0 0.0 0.0 0.0 0.0 0.0 3.122 0.0 1.268 22.804 61.615 0.0 24.022 
0.0 0.0 0.0 0.0 0.0 0.0 0.0 0.0 0.0 0.708 7.788 2.62 19.105 14.849 134.711 
0.0 0.0 0.0 0.0 0.041 0.002 0.032 0.007 0.0 0.04 0.468 0.275 1.688 5.622 86.222 
0.003 0.0 0.018 0.002 0.044 0.0 0.0 0.004 0.078 0.609 0.002 0.456 2.988 154.212 56.966 
0.0 0.0 0.0 0.0 0.0 0.0 0.0 0.0 0.0 0.0 0.0 0.0 16.967 23.347 194.414 
0.0 0.0 0.0 0.0 0.0 0.0 0.0 0.0 0.0 0.0 0.0 0.0 0.0 0.0 350.886 
0.0 0.0 0.0 0.0 0.0 0.0 0.0 0.0 0.0 0.0 5.593 3.374 32.159 52.491 158.097 
0.0 0.0 0.0 0.0 0.0 0.0 0.0 0.0 0.0 2.87 0.83 1.362 0.468 0.648 293.52 
0.0 0.0 0.0 0.0 0.0 0.0 0.0 0.0 0.0 0.0 0.0 0.0 0.0 10.836 206.778 
0.0 0.0 0.0 0.0 0.0 0.0 0.0 0.0 0.0 0.0 0.0 0.0 0.0 58.436 78.714 
0.0 0.0 0.0 0.0 0.0 0.0 0.0 0.0 0.0 0.0 0.0 0.0 0.0 15.55 68.349 
0.0 0.0 0.0 0.0 0.0 0.0 0.0 0.0 0.0 0.0 0.0 0.0 6.715 39.503 6.432 
0.0 0.0 0.0 0.0 0.0 0.0 0.0 0.0 0.0 0.0 0.0 0.0 58.703 64.344 62.09 
0.0 0.0 0.0 0.0 0.0 0.0 0.0 0.0 0.0 0.0 0.0 0.0 0.0 0.0 135.323 
0.0 0.0 0.0 0.0 0.0 0.0 0.01 0.004 0.01 0.025 0.0 0.084 0.016 0.169 275.556 
