139.506 12.888 0.015 0.714 2.049 
18.907 19.058 0.007 31.133 39.408 
65.139 4.652 0.001 1.806 66.903 
19.554 72.616 34.972 0.596 0.39 
12.338 45.821 0.004 2.138 67.32 
0.001 65.941 0.512 83.806 0.784 
48.347 183.877 0.007 0.027 2.199 
3.106 0.638 224.358 0.064 0.476 
104.94 13.372 0.022 0.167 14.224 
0.0 0.0 0.0 0.124 201.575 
112.067 5.94 0.012 35.105 2.049 
1.96 73.435 0.014 61.828 1.299 
0.018 0.001 0.0 173.413 0.529 
0.093 189.687 0.596 0.018 0.397 
0.0 0.0 0.081 111.225 53.57 
0.843 262.976 0.024 118.771 0.798 
2.99 11.103 0.109 62.603 0.234 
145.038 39.033 0.019 0.862 0.386 
1.32 2.729 51.23 23.691 32.312 
25.436 3.241 2.054 55.767 0.314 
0.326 51.487 0.163 120.985 46.966 
0.005 285.056 2.214 10.646 1.555 
21.214 5.709 0.922 122.744 0.314 
0.782 108.616 0.85 0.009 0.572 
0.295 220.364 0.007 0.025 2.089 
6.656 24.72 0.301 1.226 0.069 
115.243 23.664 89.178 0.082 0.476 
0.036 39.626 0.38 29.372 0.121 
0.0 0.003 84.466 19.971 12.537 
40.247 5.128 0.008 0.064 67.346 
0.0 0.0 0.0 165.79 30.019 
0.0 0.0 0.003 61.532 71.882 
0.005 0.012 0.0 157.883 75.994 
139.506 12.888 0.015 0.714 2.049 
18.907 19.058 0.007 31.133 39.408 
0.026 63.209 0.012 0.006 3.028 
0.0 0.0 0.01 97.136 113.482 
65.139 4.652 0.001 1.806 66.903 
49.014 10.064 0.006 39.006 1.312 
19.554 72.616 34.972 0.596 0.39 
12.338 45.821 0.004 2.138 67.32 
0.0 0.001 0.0 85.768 123.87 
0.001 65.941 0.512 83.806 0.784 
0.002 0.39 33.645 51.032 0.178 
48.347 183.877 0.007 0.027 2.199 
3.106 0.638 224.358 0.064 0.476 
104.94 13.372 0.022 0.167 14.224 
0.023 2.573 75.981 0.007 3.397 
0.0 0.0 0.0 0.124 201.575 
112.067 5.94 0.012 35.105 2.049 
1.96 73.435 0.014 61.828 1.299 
0.018 0.001 0.0 173.413 0.529 
0.093 189.687 0.596 0.018 0.397 
7.443 13.579 98.26 0.011 1.129 
0.013 0.002 122.54 0.012 5.298 
15.123 3.105 97.37 0.003 0.241 
0.008 0.123 125.546 7.693 0.278 
0.002 0.005 56.172 8.033 0.134 
0.0 0.0 0.029 0.0 100.903 
0.0 0.0 0.081 111.225 53.57 
10.381 1.114 8.956 0.011 12.038 
0.843 262.976 0.024 118.771 0.798 
49.014 10.064 0.006 39.006 1.312 
2.99 11.103 0.109 62.603 0.234 
145.038 39.033 0.019 0.862 0.386 
1.32 2.729 51.23 23.691 32.312 
25.436 3.241 2.054 55.767 0.314 
0.027 0.099 0.263 1.698 51.188 
0.001 0.005 0.014 0.001 116.539 
0.326 51.487 0.163 120.985 46.966 
30.105 10.33 0.285 0.004 2.708 
14.428 53.583 0.006 2.5 0.366 
0.005 285.056 2.214 10.646 1.555 
21.214 5.709 0.922 122.744 0.314 
0.0 0.0 0.015 0.0 113.086 
0.038 0.07 166.87 0.005 3.253 
0.026 0.003 27.857 35.168 0.329 
0.782 108.616 0.85 0.009 0.572 
0.295 220.364 0.007 0.025 2.089 
0.0 0.019 157.275 0.015 6.8 
0.0 0.0 0.0 0.101 139.357 
0.065 20.189 0.194 0.005 21.392 
6.656 24.72 0.301 1.226 0.069 
115.243 23.664 89.178 0.082 0.476 
0.0 0.0 0.003 139.829 4.844 
0.291 1.63 129.752 0.011 1.227 
0.036 39.626 0.38 29.372 0.121 
0.0 0.003 84.466 19.971 12.537 
40.247 5.128 0.008 0.064 67.346 
0.0 0.0 0.0 165.79 30.019 
0.004 0.384 136.551 0.076 0.843 
0.003 2.539 5.293 11.53 46.484 
0.0 0.0 0.0 0.017 121.422 
0.0 0.0 0.016 148.723 1.195 
0.0 0.0 0.003 61.532 71.882 
0.0 0.0 0.0 145.851 0.304 
0.025 0.046 109.124 0.011 2.127 
0.005 0.012 0.0 157.883 75.994 
14.835 0.555 2.419 3.084 10.398 
0.0 0.0 0.0 0.081 132.015 
