10.659 14.422 134.295 0.225 2.612 
0.012 0.002 0.0 49.764 5.975 
1.628 183.869 0.035 0.016 3.037 
0.0 0.03 0.001 108.809 2.12 
112.162 23.031 1.05 0.193 0.285 
0.912 93.525 88.481 0.017 2.919 
0.0 0.001 0.001 91.117 77.169 
37.975 4.074 0.403 0.004 24.977 
0.001 0.067 23.81 0.013 20.647 
0.0 0.0 0.497 200.427 0.419 
0.178 34.84 72.899 0.304 1.771 
25.162 5.167 0.236 4.371 1.288 
0.236 0.063 25.668 114.464 0.293 
0.799 90.875 3.14 0.009 4.099 
0.24 24.594 13.411 18.231 1.1 
9.249 12.514 116.534 0.195 16.624 
0.03 0.004 0.001 121.099 1.983 
0.02 2.05 139.838 0.012 2.323 
0.0 0.002 0.002 42.096 20.262 
0.064 0.117 64.061 0.006 30.922 
0.0 0.0 0.0 0.058 77.587 
0.042 0.156 189.137 11.589 0.419 
0.151 58.913 0.566 0.641 29.007 
0.019 0.005 0.0 218.82 7.757 
3.094 11.491 12.755 8.629 27.486 
0.043 4.971 0.732 22.393 13.542 
0.004 0.033 0.032 0.004 96.55 
0.249 48.764 102.033 0.044 2.473 
19.38 26.222 2.423 1.041 20.369 
40.573 10.919 0.4 2.814 2.018 
0.974 110.733 0.868 0.011 4.866 
0.08 89.506 0.858 0.972 43.997 
0.0 0.0 0.0 0.153 250.684 
4.001 14.858 10.184 1.068 33.615 
0.0 0.005 38.24 18.231 1.1 
31.104 28.993 0.384 1.839 1.35 
0.0 0.001 0.0 66.464 27.592 
10.659 14.422 134.295 0.225 2.612 
0.012 0.002 0.0 49.764 5.975 
1.628 183.869 0.035 0.016 3.037 
0.0 0.03 0.001 108.809 2.12 
112.162 23.031 1.05 0.193 0.285 
0.912 93.525 88.481 0.017 2.919 
0.019 0.113 0.04 66.881 0.243 
0.0 0.001 0.001 91.117 77.169 
37.975 4.074 0.403 0.004 24.977 
0.001 0.067 23.81 0.013 20.647 
113.108 12.728 0.977 11.91 0.724 
0.0 0.0 0.497 200.427 0.419 
0.041 0.344 0.0 69.292 1.969 
4.883 44.815 0.009 0.006 1.762 
0.178 34.84 72.899 0.304 1.771 
25.162 5.167 0.236 4.371 1.288 
0.236 0.063 25.668 114.464 0.293 
0.799 90.875 3.14 0.009 4.099 
4.713 39.038 0.004 2.678 1.646 
0.0 0.0 0.0 0.103 137.264 
0.0 0.0 0.0 0.043 161.219 
0.0 0.0 0.0 0.224 296.289 
0.0 0.0 0.285 0.01 59.172 
0.24 24.594 13.411 18.231 1.1 
0.012 0.016 0.0 0.002 169.386 
0.004 0.024 0.204 59.9 0.314 
9.249 12.514 116.534 0.195 16.624 
0.03 0.004 0.001 121.099 1.983 
0.02 2.05 139.838 0.012 2.323 
0.001 0.318 112.512 16.135 0.269 
0.0 0.0 0.0 0.117 155.885 
0.004 0.026 0.009 142.444 0.517 
0.0 0.002 0.002 42.096 20.262 
0.0 0.042 0.001 152.185 2.965 
0.064 0.117 64.061 0.006 30.922 
0.306 31.406 0.304 0.018 1.181 
0.0 0.03 0.005 0.011 62.216 
113.108 12.728 0.977 11.91 0.724 
0.0 0.0 0.0 0.058 77.587 
0.042 0.156 189.137 11.589 0.419 
0.151 58.913 0.566 0.641 29.007 
0.019 0.005 0.0 218.82 7.757 
3.094 11.491 12.755 8.629 27.486 
0.043 4.971 0.732 22.393 13.542 
0.004 0.033 0.032 0.004 96.55 
0.249 48.764 102.033 0.044 2.473 
19.38 26.222 2.423 1.041 20.369 
40.573 10.919 0.4 2.814 2.018 
0.077 0.005 0.003 0.008 66.468 
0.974 110.733 0.868 0.011 4.866 
0.08 89.506 0.858 0.972 43.997 
0.0 0.0 0.004 64.457 7.29 
0.0 0.0 0.0 0.153 250.684 
0.0 0.0 0.0 0.082 304.892 
4.001 14.858 10.184 1.068 33.615 
0.0 0.005 38.24 18.231 1.1 
0.09 0.01 0.001 0.001 58.118 
0.007 0.009 0.0 0.005 112.757 
31.104 28.993 0.384 1.839 1.35 
0.0 0.001 0.0 66.464 27.592 
0.044 0.056 0.011 0.0 146.339 
0.078 0.009 0.004 0.003 122.782 
0.002 1.324 113.721 7.042 0.637 
