0.012 0.028 0.0 161.554 0.022 
0.161 23.334 0.143 38.083 2.559 
54.535 20.479 25.144 0.473 0.0 
12.922 0.085 96.302 27.611 0.0 
1.454 97.397 0.135 2.165 0.0 
0.755 0.007 37.106 175.752 0.0 
11.926 0.018 147.116 0.342 3.239 
21.682 0.001 43.683 4.525 0.0 
0.032 0.004 0.0 145.77 0.02 
143.248 16.469 2.007 14.968 0.024 
0.343 0.0 161.039 11.172 0.244 
12.619 0.0 25.425 104.074 0.0 
13.825 47.975 62.585 0.162 0.272 
0.012 0.799 91.676 1.523 0.012 
23.009 9.452 5.362 22.065 0.051 
0.317 0.0 113.499 50.183 0.231 
17.065 33.857 9.01 0.006 0.668 
0.003 0.044 0.018 265.04 0.374 
3.39 44.514 5.358 0.874 0.007 
6.344 17.871 115.962 0.149 0.198 
3.933 13.647 6.862 1.349 0.036 
4.565 4.261 65.346 80.347 0.0 
12.688 0.083 0.017 59.356 0.0 
0.091 6.095 45.802 241.288 0.0 
3.763 0.006 94.489 64.383 0.0 
7.221 6.74 17.346 3.509 1.443 
86.179 0.005 28.888 59.053 0.0 
5.016 64.178 10.403 0.104 0.436 
0.006 0.011 0.006 187.431 0.006 
0.003 0.009 1.773 53.242 0.078 
123.576 0.812 0.17 0.639 0.034 
32.51 0.047 155.907 0.2 0.266 
141.595 0.215 0.035 14.158 35.416 
47.081 0.0 94.853 0.185 0.0 
0.784 10.42 127.413 0.18 0.196 
143.131 0.091 23.66 0.639 0.143 
16.35 0.001 121.058 10.314 0.075 
0.012 0.028 0.0 161.554 0.022 
0.161 23.334 0.143 38.083 2.559 
54.535 20.479 25.144 0.473 0.0 
115.37 0.004 45.038 3.151 0.007 
24.662 22.487 47.749 0.042 14.181 
12.922 0.085 96.302 27.611 0.0 
0.0 0.0 0.0 0.0 45.411 
1.454 97.397 0.135 2.165 0.0 
0.755 0.007 37.106 175.752 0.0 
0.022 0.226 116.039 8.05 4.476 
11.926 0.018 147.116 0.342 3.239 
21.682 0.001 43.683 4.525 0.0 
0.032 0.004 0.0 145.77 0.02 
0.363 0.103 72.11 1.588 0.827 
143.248 16.469 2.007 14.968 0.024 
0.0 0.0 0.0 0.0 116.258 
0.343 0.0 161.039 11.172 0.244 
12.619 0.0 25.425 104.074 0.0 
13.825 47.975 62.585 0.162 0.272 
0.012 0.799 91.676 1.523 0.012 
23.009 9.452 5.362 22.065 0.051 
0.317 0.0 113.499 50.183 0.231 
0.8 1.841 0.003 37.021 0.005 
2.069 0.0 25.481 18.052 0.013 
6.106 0.04 78.761 0.401 2.739 
17.065 33.857 9.01 0.006 0.668 
0.003 0.044 0.018 265.04 0.374 
3.39 44.514 5.358 0.874 0.007 
6.344 17.871 115.962 0.149 0.198 
19.283 17.583 37.335 0.097 11.098 
3.933 13.647 6.862 1.349 0.036 
4.565 4.261 65.346 80.347 0.0 
0.0 0.0 0.0 0.0 45.411 
12.688 0.083 0.017 59.356 0.0 
0.0 0.0 0.024 97.244 0.013 
1.568 0.01 89.866 21.401 2.293 
0.091 6.095 45.802 241.288 0.0 
0.01 0.001 0.0 77.781 17.66 
111.823 0.039 37.495 0.705 0.04 
3.763 0.006 94.489 64.383 0.0 
7.221 6.74 17.346 3.509 1.443 
86.179 0.005 28.888 59.053 0.0 
5.016 64.178 10.403 0.104 0.436 
83.281 1.227 0.091 5.205 1.825 
0.003 0.0 1.364 99.715 0.005 
0.006 0.011 0.006 187.431 0.006 
0.134 2.629 0.106 33.371 6.249 
0.003 0.009 1.773 53.242 0.078 
0.0 0.0 0.0 0.0 116.258 
123.576 0.812 0.17 0.639 0.034 
32.51 0.047 155.907 0.2 0.266 
0.065 0.182 115.699 3.572 0.169 
0.006 0.003 0.003 79.492 18.049 
141.595 0.215 0.035 14.158 35.416 
47.081 0.0 94.853 0.185 0.0 
77.752 2.269 0.109 7.359 1.937 
0.011 0.69 79.167 14.5 0.006 
0.684 0.247 0.067 27.165 0.04 
0.784 10.42 127.413 0.18 0.196 
0.075 0.031 37.697 22.053 0.084 
143.131 0.091 23.66 0.639 0.143 
0.009 1.328 16.471 16.449 0.005 
16.35 0.001 121.058 10.314 0.075 
