18.648 17.284 0.009 302.608 44.137 
38.71 252.685 7.518 0.843 0.333 
0.0 0.0 0.413 173.331 16.212 
0.002 0.002 0.0 0.0 189.022 
0.004 0.02 0.0 1.282 405.888 
215.666 61.247 7.144 8.479 0.303 
4.573 0.092 284.798 0.816 4.844 
0.002 0.0 0.0 1.725 216.846 
0.04 1.019 49.423 99.053 0.166 
188.345 91.309 7.215 0.809 0.32 
99.534 28.266 86.39 6.394 0.228 
4.573 0.092 284.798 0.816 4.844 
2.798 0.056 174.257 0.245 7.074 
2.452 31.065 99.453 0.292 107.469 
2.798 0.056 174.257 0.245 7.074 
0.004 0.02 0.0 1.282 405.888 
0.003 0.001 0.0 1.31 309.276 
2.429 202.363 14.723 15.241 7.223 
38.71 252.685 7.518 0.843 0.333 
0.001 0.0 0.001 0.004 223.804 
0.003 0.001 0.0 1.31 309.276 
73.074 7.627 1.693 282.805 0.406 
3.276 110.882 66.927 13.609 5.991 
5.42 183.444 66.206 19.169 8.438 
215.666 61.247 7.144 8.479 0.303 
0.706 150.254 4.339 43.339 6.112 
0.001 0.189 0.014 233.122 7.179 
2.725 102.695 5.201 217.052 0.364 
49.186 10.607 74.101 0.76 67.891 
188.345 91.309 7.215 0.809 0.32 
0.706 150.254 4.339 43.339 6.112 
0.0 0.0 0.413 173.331 16.212 
0.007 0.221 0.083 130.04 12.163 
0.072 0.031 0.074 47.146 10.797 
0.122 0.035 0.06 90.311 11.724 
70.342 16.381 58.622 4.681 1.195 
0.04 1.019 49.423 99.053 0.166 
12.221 13.84 77.327 0.227 83.56 
2.429 202.363 14.723 15.241 7.223 
2.025 4.325 25.855 23.617 1.718 
5.42 183.444 66.206 19.169 8.438 
86.795 18.717 95.357 1.451 0.225 
35.084 37.675 25.506 7.385 21.383 
5.442 0.236 5.862 123.777 0.803 
22.959 0.997 2.779 225.095 1.494 
12.221 13.84 77.327 0.227 83.56 
99.534 28.266 86.39 6.394 0.228 
73.643 107.428 0.049 5.833 1.215 
14.552 83.206 7.028 7.275 14.587 
0.011 0.278 0.754 0.291 167.447 
0.001 0.014 0.361 0.736 139.578 
18.648 17.284 0.009 302.608 44.137 
47.765 69.678 3.03 3.88 0.808 
0.001 0.0 0.001 1.526 191.831 
4.015 50.862 19.995 3.787 14.324 
46.305 22.449 4.943 0.139 44.565 
0.456 97.077 40.208 38.439 22.933 
45.221 21.923 25.76 0.175 56.18 
4.015 50.862 19.995 3.787 14.324 
49.186 10.607 74.101 0.76 67.891 
7.796 98.748 11.436 31.025 21.343 
0.003 0.007 0.004 3.786 103.438 
14.552 83.206 7.028 7.275 14.587 
38.742 21.166 39.025 7.435 18.125 
1.112 28.355 89.188 33.113 1.209 
73.074 7.627 1.693 282.805 0.406 
7.796 98.748 11.436 31.025 21.343 
0.456 97.077 40.208 38.439 22.933 
2.006 40.548 24.652 5.051 13.158 
0.108 0.017 0.445 0.432 125.887 
70.342 16.381 58.622 4.681 1.195 
39.559 9.8 8.019 5.793 36.146 
2.725 102.695 5.201 217.052 0.364 
0.045 0.026 0.002 41.869 181.419 
47.765 69.678 3.03 3.88 0.808 
0.408 0.02 0.011 294.359 0.328 
3.276 110.882 66.927 13.609 5.991 
45.221 21.923 25.76 0.175 56.18 
91.966 9.598 68.655 5.081 1.375 
94.69 14.943 1.675 7.915 8.522 
0.011 0.278 0.754 0.291 167.447 
2.006 40.548 24.652 5.051 13.158 
91.966 9.598 68.655 5.081 1.375 
2.452 31.065 99.453 0.292 107.469 
0.002 0.057 0.136 223.157 28.926 
35.084 37.675 25.506 7.385 21.383 
87.173 20.301 2.773 39.779 1.195 
0.122 0.035 0.06 90.311 11.724 
5.442 0.236 5.862 123.777 0.803 
2.025 4.325 25.855 23.617 1.718 
22.959 0.997 2.779 225.095 1.494 
0.408 0.02 0.011 294.359 0.328 
0.001 0.189 0.014 233.122 7.179 
39.559 9.8 8.019 5.793 36.146 
0.002 0.057 0.136 223.157 28.926 
6.502 0.569 16.828 17.527 1.275 
0.002 0.0 0.0 1.725 216.846 
0.045 0.026 0.002 41.869 181.419 
0.019 0.008 0.094 32.049 36.457 
86.795 18.717 95.357 1.451 0.225 
