3.482 0.257 2.712 92.348 81.466 
76.893 0.954 17.56 106.209 12.683 
0.357 0.762 0.008 202.638 35.777 
72.653 27.015 5.811 25.676 4.485 
0.001 0.001 0.0 0.937 170.25 
24.26 35.182 287.318 1.363 6.782 
0.139 0.01 0.567 169.619 87.096 
1.506 0.455 17.916 4.467 98.982 
1.004 6.268 15.077 149.684 7.436 
0.032 0.052 5.006 1.583 123.299 
27.896 21.054 42.805 0.986 54.468 
0.353 0.125 131.712 31.557 54.381 
0.397 1.702 0.53 0.376 79.764 
0.008 0.005 0.885 137.508 50.616 
0.006 2.18 0.125 3.542 91.361 
197.431 2.45 83.098 4.537 18.086 
0.356 0.76 0.011 202.638 35.777 
0.018 0.215 0.252 188.203 6.688 
2.616 3.793 30.976 218.645 4.988 
0.454 0.034 8.785 114.604 63.341 
0.135 0.165 1.146 342.589 42.935 
1.64 68.208 46.234 13.446 5.233 
21.145 20.386 16.146 12.962 69.315 
1.232 7.689 18.497 29.269 2.45 
1.406 0.579 69.297 69.4 63.311 
0.007 0.006 0.746 4.83 103.265 
2.488 0.878 66.811 16.753 51.055 
1.277 3.901 1.12 42.257 20.156 
0.019 1.997 20.066 30.275 13.297 
0.001 0.0 0.073 11.38 177.568 
58.966 91.903 7.769 10.237 60.559 
51.613 9.44 195.434 15.746 47.936 
95.409 19.591 5.922 8.484 46.405 
3.945 15.533 15.245 141.42 7.845 
3.482 0.257 2.712 92.348 81.466 
76.893 0.954 17.56 106.209 12.683 
0.357 0.762 0.008 202.638 35.777 
72.653 27.015 5.811 25.676 4.485 
0.001 0.001 0.0 0.937 170.25 
24.26 35.182 287.318 1.363 6.782 
0.139 0.01 0.567 169.619 87.096 
1.506 0.455 17.916 4.467 98.982 
1.004 6.268 15.077 149.684 7.436 
0.032 0.052 5.006 1.583 123.299 
27.896 21.054 42.805 0.986 54.468 
0.353 0.125 131.712 31.557 54.381 
0.397 1.702 0.53 0.376 79.764 
0.008 0.005 0.885 137.508 50.616 
0.006 2.18 0.125 3.542 91.361 
197.431 2.45 83.098 4.537 18.086 
0.356 0.76 0.011 202.638 35.777 
0.018 0.215 0.252 188.203 6.688 
2.616 3.793 30.976 218.645 4.988 
0.454 0.034 8.785 114.604 63.341 
0.135 0.165 1.146 342.589 42.935 
1.64 68.208 46.234 13.446 5.233 
21.145 20.386 16.146 12.962 69.315 
1.232 7.689 18.497 29.269 2.45 
1.406 0.579 69.297 69.4 63.311 
0.007 0.006 0.746 4.83 103.265 
2.488 0.878 66.811 16.753 51.055 
1.277 3.901 1.12 42.257 20.156 
0.019 1.997 20.066 30.275 13.297 
0.001 0.0 0.073 11.38 177.568 
58.966 91.903 7.769 10.237 60.559 
51.613 9.44 195.434 15.746 47.936 
95.409 19.591 5.922 8.484 46.405 
3.945 15.533 15.245 141.42 7.845 
1.487 0.612 73.267 73.375 66.938 
1.487 0.612 73.267 73.375 66.938 
123.705 45.998 9.894 43.718 7.637 
56.389 42.559 86.528 1.993 62.259 
123.705 45.998 9.894 43.718 7.637 
56.389 42.559 86.528 1.993 62.259 
7.07 0.523 5.506 187.501 53.077 
1.274 0.385 15.155 3.784 164.811 
110.545 58.631 87.311 15.746 47.936 
7.07 0.523 5.506 187.501 53.077 
1.274 0.385 15.155 3.784 164.811 
110.545 58.631 87.311 15.746 47.936 
0.589 0.72 16.628 221.687 29.905 
0.589 0.72 16.628 221.687 29.905 
29.553 1.679 6.081 36.132 151.646 
29.553 1.679 6.081 36.132 151.646 
26.181 4.6 1.76 107.867 24.943 
5.992 70.826 12.859 60.755 75.717 
7.0 21.39 6.139 44.873 32.962 
42.533 12.048 9.136 43.168 53.8 
26.181 4.6 1.76 107.867 24.943 
5.992 70.826 12.859 60.755 75.717 
7.0 21.39 6.139 44.873 32.962 
42.533 12.048 9.136 43.168 53.8 
0.016 1.423 6.26 3.039 276.673 
2.969 0.623 0.481 4.891 212.179 
0.337 0.229 0.498 2.503 258.383 
0.513 0.349 0.759 1.946 258.383 
0.016 1.423 6.26 3.039 276.673 
2.969 0.623 0.481 4.891 212.179 
0.337 0.229 0.498 2.503 258.383 
0.513 0.349 0.759 1.946 258.383 
