0.086 0.001 0.132 0.013 324.878 
0.001 0.0 0.941 0.545 243.711 
0.0 0.0 0.933 142.921 8.129 
45.84 138.365 10.739 4.842 1.135 
0.423 0.007 0.025 293.28 1.983 
0.131 0.003 0.0 86.991 150.027 
0.121 0.001 209.506 13.528 1.506 
215.758 2.145 12.703 3.697 1.581 
0.232 0.022 0.387 0.004 209.068 
24.701 23.25 7.902 45.026 0.209 
61.23 7.748 133.164 3.241 1.386 
215.758 2.145 12.703 3.697 1.581 
0.025 0.398 0.176 232.782 6.986 
10.236 55.921 27.504 1.498 44.251 
0.0 0.0 0.933 142.921 8.129 
5.851 92.755 30.683 2.073 17.843 
45.84 138.365 10.739 4.842 1.135 
27.711 103.399 1.256 42.598 4.913 
4.084 8.633 24.55 0.597 65.199 
1.327 0.012 0.044 0.059 261.574 
0.995 0.025 0.034 0.045 314.93 
0.209 0.064 0.016 7.136 161.906 
5.851 92.755 30.683 2.073 17.843 
5.869 32.064 73.23 1.782 52.522 
5.869 32.064 73.23 1.782 52.522 
4.409 0.944 198.409 52.297 0.385 
0.001 0.0 1.84 281.871 1.915 
0.343 0.009 0.021 239.967 1.366 
0.432 0.331 170.288 4.248 0.996 
1.16 54.98 53.753 28.205 7.804 
22.006 2.253 103.265 48.661 3.432 
0.918 43.48 124.229 43.279 2.959 
0.121 0.388 0.017 0.264 103.79 
48.101 6.087 88.497 4.764 0.681 
56.361 7.132 160.25 56.554 0.264 
19.511 18.509 16.498 43.52 0.662 
31.6 3.236 148.286 2.936 3.625 
10.236 55.921 27.504 1.498 44.251 
27.711 103.399 1.256 42.598 4.913 
22.006 2.253 103.265 48.661 3.432 
24.701 23.25 7.902 45.026 0.209 
56.361 7.132 160.25 56.554 0.264 
4.084 8.633 24.55 0.597 65.199 
0.918 43.48 124.229 43.279 2.959 
19.661 41.56 47.081 1.736 0.625 
5.613 7.757 56.914 21.179 1.782 
15.689 1.149 10.726 22.874 23.455 
31.6 3.236 148.286 2.936 3.625 
0.116 0.001 0.154 105.345 46.472 
38.872 4.919 84.539 48.968 1.197 
25.767 19.084 42.943 22.533 48.545 
0.084 0.103 0.011 127.464 0.862 
15.34 1.321 136.925 39.419 0.29 
25.767 19.084 42.943 22.533 48.545 
0.085 0.048 0.019 74.195 128.024 
0.131 0.003 0.0 86.991 150.027 
38.872 4.919 84.539 48.968 1.197 
0.116 0.001 0.154 105.345 46.472 
0.001 0.0 1.84 281.871 1.915 
4.409 0.944 198.409 52.297 0.385 
0.623 0.143 0.001 0.054 148.776 
61.23 7.748 133.164 3.241 1.386 
0.121 0.001 209.506 13.528 1.506 
1.16 54.98 53.753 28.205 7.804 
19.661 41.56 47.081 1.736 0.625 
0.088 0.174 0.01 71.88 116.933 
1.327 0.012 0.044 0.059 261.574 
0.486 0.161 0.038 0.017 243.723 
19.511 18.509 16.498 43.52 0.662 
5.613 7.757 56.914 21.179 1.782 
15.34 1.321 136.925 39.419 0.29 
0.533 0.736 125.638 38.241 3.217 
0.002 0.115 0.001 76.444 13.443 
0.739 0.007 166.535 10.795 1.202 
0.023 0.01 0.108 1.258 229.433 
0.533 0.736 125.638 38.241 3.217 
0.088 0.174 0.01 71.88 116.933 
0.16 0.089 0.38 0.037 215.954 
0.121 0.388 0.017 0.264 103.79 
0.423 0.007 0.025 293.28 1.983 
0.056 0.013 0.035 67.331 0.455 
0.209 0.064 0.016 7.136 161.906 
0.014 0.001 0.075 0.075 232.081 
15.689 1.149 10.726 22.874 23.455 
0.126 5.97 88.478 24.273 9.256 
1.104 8.374 77.89 1.401 1.404 
0.001 0.002 0.211 137.236 0.928 
0.084 0.103 0.011 127.464 0.862 
0.001 0.051 0.261 0.08 127.71 
0.995 0.025 0.034 0.045 314.93 
0.086 0.001 0.132 0.013 324.878 
0.025 0.398 0.176 232.782 6.986 
0.008 0.066 0.096 0.993 152.797 
0.739 0.007 166.535 10.795 1.202 
1.104 8.374 77.89 1.401 1.404 
0.126 5.97 88.478 24.273 9.256 
0.343 0.009 0.021 239.967 1.366 
0.275 0.001 10.748 53.956 16.009 
0.232 0.022 0.387 0.004 209.068 
0.16 0.089 0.38 0.037 215.954 
