139.506 12.888 0.015 0.714 2.049 
1.535 57.52 0.011 48.429 1.018 
0.018 36.484 195.453 0.129 1.355 
0.1 75.031 42.8 0.013 1.117 
0.055 133.538 0.025 0.013 5.776 
0.011 0.001 101.448 42.812 17.318 
0.0 0.0 0.01 97.136 113.482 
0.036 0.081 111.928 1.204 54.504 
64.365 4.596 0.001 2.636 66.903 
49.014 10.064 0.006 39.006 1.312 
39.013 144.882 0.019 0.862 0.564 
6.273 23.295 11.219 1.499 47.207 
42.607 88.095 0.024 0.185 53.565 
0.0 0.001 0.0 98.155 26.653 
54.215 5.551 83.243 8.754 0.317 
25.32 2.849 150.835 0.253 1.047 
0.005 285.056 2.214 10.646 1.555 
0.026 0.003 27.857 35.168 0.329 
0.003 0.575 49.581 83.411 0.279 
0.51 70.766 0.554 0.006 38.993 
0.323 241.923 0.007 0.028 2.294 
0.078 24.455 0.235 0.006 25.913 
0.294 0.398 41.465 0.023 5.063 
115.243 23.664 89.178 0.082 0.476 
0.02 22.487 0.216 16.668 0.069 
0.0 0.001 16.803 3.973 30.787 
99.738 12.709 0.021 0.159 13.519 
0.0 0.0 0.0 159.383 28.859 
0.662 75.312 2.603 0.007 3.397 
0.0 0.0 0.007 69.146 80.781 
0.005 0.012 0.0 157.883 75.994 
0.0 0.0 0.0 0.124 201.575 
139.506 12.888 0.015 0.714 2.049 
1.535 57.52 0.011 48.429 1.018 
0.004 0.016 0.0 191.832 0.586 
0.322 0.015 118.827 17.04 0.262 
1.077 188.703 0.596 0.018 0.397 
0.018 36.484 195.453 0.129 1.355 
10.284 18.761 135.759 0.015 5.842 
0.1 75.031 42.8 0.013 1.117 
0.055 133.538 0.025 0.013 5.776 
0.011 0.001 101.448 42.812 17.318 
15.123 3.105 97.37 0.003 0.241 
0.008 0.123 125.546 7.693 0.278 
0.0 0.0 0.01 97.136 113.482 
0.102 0.233 118.232 16.955 0.283 
0.0 0.0 0.0 0.035 118.193 
0.036 0.081 111.928 1.204 54.504 
18.434 1.978 0.115 0.011 12.083 
64.365 4.596 0.001 2.636 66.903 
0.649 202.511 0.018 12.437 0.45 
49.014 10.064 0.006 39.006 1.312 
11.115 2.991 0.11 62.664 0.16 
39.013 144.882 0.019 0.862 0.564 
6.273 23.295 11.219 1.499 47.207 
42.607 88.095 0.024 0.185 53.565 
25.436 3.241 2.054 55.767 0.314 
0.144 0.533 1.41 0.0 51.188 
0.0 0.004 0.011 0.001 85.91 
0.231 0.029 91.687 13.148 0.219 
0.0 0.001 0.0 98.155 26.653 
20.164 6.919 0.259 0.003 16.087 
54.215 5.551 83.243 8.754 0.317 
14.391 53.445 0.006 2.494 0.365 
25.32 2.849 150.835 0.253 1.047 
0.005 285.056 2.214 10.646 1.555 
0.121 0.033 13.21 58.908 0.151 
0.0 0.011 0.0 0.0 81.517 
0.04 0.072 172.055 0.006 3.354 
0.026 0.003 27.857 35.168 0.329 
0.003 0.575 49.581 83.411 0.279 
13.67 3.679 81.091 0.01 4.255 
0.51 70.766 0.554 0.006 38.993 
0.0 0.0 0.003 190.314 0.987 
0.323 241.923 0.007 0.028 2.294 
0.0 0.017 136.388 0.013 5.897 
0.0 0.0 0.0 0.101 139.357 
0.078 24.455 0.235 0.006 25.913 
0.294 0.398 41.465 0.023 5.063 
13.746 51.048 0.621 4.004 0.145 
115.243 23.664 89.178 0.082 0.476 
0.0 0.0 0.002 111.961 3.879 
0.371 2.079 165.505 0.014 1.566 
0.02 22.487 0.216 16.668 0.069 
0.0 0.001 16.803 3.973 30.787 
99.738 12.709 0.021 0.159 13.519 
3.438 20.913 7.445 57.698 0.325 
0.0 0.0 0.0 159.383 28.859 
0.004 0.372 132.423 0.074 2.175 
0.001 0.441 0.92 2.005 62.482 
0.662 75.312 2.603 0.007 3.397 
0.0 0.0 0.0 0.014 103.926 
0.0 0.0 0.007 69.146 80.781 
0.0 0.0 0.016 199.717 1.605 
0.0 0.0 0.0 93.425 0.195 
0.039 0.072 170.545 0.017 3.325 
0.005 0.012 0.0 157.883 75.994 
25.481 0.954 4.155 5.298 17.86 
0.0 0.0 0.0 0.124 201.575 
26.355 33.403 0.382 1.829 1.086 
