64.911 6.646 0.001 0.04 66.903 
0.649 202.511 0.018 12.437 0.45 
126.433 25.961 0.015 0.714 2.049 
5.803 53.252 0.011 48.429 1.018 
0.001 0.004 0.0 47.484 33.573 
40.507 150.432 0.019 0.895 0.586 
0.231 0.029 91.687 13.148 0.219 
0.805 141.081 0.446 0.013 0.274 
0.195 60.721 10.656 0.04 66.915 
0.011 21.587 115.648 0.194 0.802 
0.025 0.003 26.601 33.581 0.314 
0.003 0.575 49.581 83.411 0.279 
7.256 13.238 95.794 0.011 4.122 
0.137 102.334 58.373 0.018 1.523 
0.0 0.017 136.388 0.013 5.897 
88.358 11.259 0.019 42.042 17.006 
112.613 23.124 87.143 0.08 0.465 
30.141 6.189 75.63 0.003 3.879 
0.014 0.218 221.129 13.55 0.49 
99.738 12.709 0.021 0.159 13.519 
0.005 3.81 7.943 17.303 0.476 
0.525 59.656 2.062 0.006 2.691 
0.0 0.0 0.01 89.236 104.252 
0.104 0.237 120.126 17.226 0.287 
0.0 0.0 0.0 0.051 172.249 
0.029 0.065 89.336 0.961 43.503 
18.886 2.026 0.118 0.804 12.845 
64.911 6.646 0.001 0.04 66.903 
0.649 202.511 0.018 12.437 0.45 
126.433 25.961 0.015 0.714 2.049 
156.565 17.618 1.353 16.486 0.856 
11.115 2.991 0.11 62.664 0.16 
5.803 53.252 0.011 48.429 1.018 
0.001 0.004 0.0 47.484 33.573 
40.507 150.432 0.019 0.895 0.586 
3.309 12.288 5.918 0.791 24.902 
13.55 82.423 0.018 0.136 39.332 
15.112 1.926 5.209 40.369 0.227 
0.019 1.91 4.016 0.001 145.792 
0.0 0.0 0.0 0.157 208.279 
0.002 0.013 0.0 0.001 85.91 
0.231 0.029 91.687 13.148 0.219 
0.0 0.001 0.0 85.539 35.51 
0.805 141.081 0.446 0.013 0.274 
24.458 2.624 0.259 0.003 16.087 
0.195 60.721 10.656 0.04 66.915 
171.734 17.584 0.017 11.589 0.419 
4.326 16.067 28.404 1.794 0.262 
0.011 21.587 115.648 0.194 0.802 
172.625 19.425 1.492 7.173 1.048 
19.447 168.567 0.035 0.226 5.32 
0.121 0.033 13.21 58.908 0.151 
0.23 26.15 0.904 0.003 9.827 
0.003 0.024 0.002 0.001 223.322 
0.04 0.072 172.055 0.006 3.354 
0.025 0.003 26.601 33.581 0.314 
0.176 68.494 0.533 0.16 33.383 
0.003 0.575 49.581 83.411 0.279 
25.164 6.772 1.094 0.003 1.428 
7.256 13.238 95.794 0.011 4.122 
0.621 70.654 0.554 0.007 38.993 
0.0 0.0 0.002 106.594 0.553 
21.718 179.907 0.006 0.568 5.713 
0.137 102.334 58.373 0.018 1.523 
0.0 0.017 136.388 0.013 5.897 
0.0 0.0 0.0 0.101 139.357 
26.711 36.141 0.602 0.016 1.236 
0.002 0.485 29.162 0.017 3.561 
10.754 39.937 0.486 3.133 0.113 
0.0 0.04 0.0 145.241 2.83 
88.358 11.259 0.019 42.042 17.006 
112.613 23.124 87.143 0.08 0.465 
0.001 0.0 0.002 129.417 19.023 
30.141 6.189 75.63 0.003 3.879 
0.371 2.079 165.505 0.014 1.566 
0.0 0.006 0.003 89.66 28.849 
0.014 0.218 221.129 13.55 0.49 
0.023 26.082 0.25 0.283 12.821 
0.0 0.0 14.673 3.469 33.421 
0.447 0.605 5.63 90.567 0.504 
99.738 12.709 0.021 0.159 13.519 
0.0 0.033 0.0 185.513 3.037 
2.235 13.593 4.839 37.505 0.211 
0.0 0.0 0.0 127.652 23.113 
0.0 0.011 3.98 0.002 74.121 
0.005 3.81 7.943 17.303 0.476 
0.525 59.656 2.062 0.006 2.691 
0.0 0.0 0.0 0.014 103.926 
0.0 0.0 0.01 89.236 104.252 
0.0 0.0 0.012 148.455 1.193 
0.104 0.237 120.126 17.226 0.287 
0.001 0.005 0.001 93.275 0.339 
0.039 0.072 170.545 0.017 3.325 
0.0 0.0 0.0 0.051 172.249 
0.029 0.065 89.336 0.961 43.503 
0.017 0.003 0.0 194.946 6.911 
28.509 1.067 1.013 5.298 17.86 
0.0 0.0 0.0 0.124 201.575 
30.992 28.889 0.383 1.833 0.958 
0.044 0.055 0.011 0.0 146.093 
