0.069 0.058 0.544 0.001 283.293 
117.844 48.449 0.25 11.685 7.201 
0.382 271.011 9.738 0.463 28.834 
0.426 3.446 261.574 2.146 0.383 
0.008 0.096 0.446 0.001 232.22 
0.0 0.001 0.056 257.861 0.811 
0.0 0.0 0.0 0.435 183.464 
0.0 0.0 0.002 44.773 230.859 
0.029 0.002 0.023 243.293 0.187 
21.776 176.144 12.75 1.703 0.304 
0.382 271.011 9.738 0.463 28.834 
35.874 98.52 2.971 0.226 5.559 
8.912 35.089 188.177 0.383 4.736 
0.426 3.446 261.574 2.146 0.383 
87.215 35.901 4.418 0.21 42.424 
3.766 156.588 10.33 2.189 6.159 
108.808 13.699 5.271 0.211 50.559 
0.0 0.0 0.02 93.134 16.437 
0.0 0.0 0.021 141.301 58.667 
1.542 0.158 0.18 0.273 137.897 
0.0 0.02 0.359 0.027 90.132 
0.181 1.464 111.145 146.137 0.371 
0.0 0.0 0.0 0.435 183.464 
0.024 0.008 0.009 185.618 24.388 
0.037 0.015 0.515 0.007 242.349 
0.069 0.058 0.544 0.001 283.293 
8.912 35.089 188.177 0.383 4.736 
0.002 0.026 0.006 217.128 10.544 
35.874 98.52 2.971 0.226 5.559 
0.024 0.008 0.009 185.618 24.388 
5.655 69.88 49.998 1.584 1.399 
82.08 8.424 32.369 69.906 0.263 
0.138 97.748 2.012 10.498 11.304 
0.056 2.333 161.426 2.101 13.116 
44.534 63.226 4.637 0.185 13.686 
21.776 176.144 12.75 1.703 0.304 
72.602 7.588 58.151 0.544 38.737 
57.166 23.532 1.659 8.654 30.224 
3.766 156.588 10.33 2.189 6.159 
5.228 14.357 37.241 0.449 73.155 
117.844 48.449 0.25 11.685 7.201 
0.953 11.397 25.87 29.252 31.564 
51.018 13.708 46.938 12.605 25.407 
66.987 20.241 31.197 2.97 2.472 
13.374 5.257 12.332 40.321 23.674 
18.29 55.891 1.525 63.763 24.609 
108.808 13.699 5.271 0.211 50.559 
56.312 17.015 53.175 18.313 0.456 
1.12 0.338 98.513 1.702 51.955 
0.007 0.027 0.016 224.575 0.707 
0.033 0.134 0.03 0.199 163.79 
0.181 1.464 111.145 146.137 0.371 
0.0 0.0 0.02 93.134 16.437 
0.953 11.397 25.87 29.252 31.564 
0.008 0.003 0.001 54.484 147.605 
0.0 0.0 0.017 77.078 0.849 
0.902 30.603 65.993 52.871 2.223 
51.018 13.708 46.938 12.605 25.407 
1.418 5.804 143.356 0.078 14.922 
3.472 0.064 94.493 0.385 67.274 
9.769 0.181 116.815 0.052 86.689 
66.987 20.241 31.197 2.97 2.472 
0.033 0.134 0.03 0.199 163.79 
0.029 0.002 0.023 243.293 0.187 
0.0 0.001 0.056 257.861 0.811 
12.886 5.304 77.795 7.771 6.749 
6.584 9.347 30.295 0.365 59.509 
1.795 0.188 133.975 2.927 38.737 
72.602 7.588 58.151 0.544 38.737 
0.949 0.391 156.066 0.619 6.385 
82.08 8.424 32.369 69.906 0.263 
0.25 33.008 21.382 71.153 12.881 
18.29 55.891 1.525 63.763 24.609 
86.083 35.435 14.36 0.224 8.687 
71.78 5.306 1.584 42.966 2.477 
0.016 44.866 8.797 6.967 8.404 
1.391 0.103 35.306 20.099 2.027 
0.754 25.574 55.148 62.355 2.753 
5.228 14.357 37.241 0.449 73.155 
17.097 15.717 87.863 12.557 4.556 
86.083 35.435 14.36 0.224 8.687 
13.374 5.257 12.332 40.321 23.674 
6.269 1.894 133.6 3.052 0.456 
0.301 2.597 68.474 9.263 14.228 
1.6 12.944 62.199 6.213 27.55 
17.097 15.717 87.863 12.557 4.556 
12.886 5.304 77.795 7.771 6.749 
10.979 17.165 120.36 0.245 3.029 
1.418 5.804 143.356 0.078 14.922 
0.472 19.637 86.0 9.282 6.126 
1.305 0.537 124.424 8.859 5.46 
3.472 0.064 94.493 0.385 67.274 
0.25 33.008 21.382 71.153 12.881 
0.0 0.0 0.002 44.773 230.859 
0.037 0.015 0.515 0.007 242.349 
9.769 0.181 116.815 0.052 86.689 
44.534 63.226 4.637 0.185 13.686 
0.008 0.096 0.446 0.001 232.22 
46.846 66.508 2.506 0.191 4.689 
5.655 69.88 49.998 1.584 1.399 
