0.0 0.0 0.001 0.001 0.059 0.004 0.027 0.001 33.654 62.813 82.802 5.651 208.667 3.406 2.275 
0.0 0.0 0.0 0.051 0.014 2.737 1.258 1.143 0.389 5.458 94.759 7.215 2.677 218.471 7.015 
0.0 0.0 0.0 0.0 0.0 0.021 0.01 2.115 0.161 102.321 0.795 8.568 2.7 220.337 7.075 
0.0 0.0 0.001 0.0 0.038 0.004 0.068 0.002 40.61 75.795 24.198 4.433 163.706 2.672 6.757 
0.0 0.003 0.013 0.006 0.131 0.077 5.654 0.313 0.244 48.222 93.393 114.336 3.112 83.207 6.404 
0.0 0.0 0.0 0.001 0.0 0.002 0.038 0.352 0.607 1.6 51.76 147.018 0.65 81.354 71.561 
0.0 0.0 0.0 0.0 0.0 0.0 0.0 0.0 0.0 0.0 0.0 0.128 68.633 298.473 34.381 
0.0 0.0 0.0 0.0 0.0 0.0 0.004 0.022 0.002 0.001 124.122 55.96 174.734 16.327 6.262 
0.0 0.0 0.0 0.0 0.004 0.005 0.061 0.111 18.496 75.357 10.443 20.752 2.137 51.288 65.136 
0.0 0.0 0.002 0.001 0.002 0.021 0.051 0.124 2.003 66.182 14.913 6.424 293.809 4.799 38.353 
0.0 0.0 0.001 0.001 0.059 0.004 0.027 0.001 33.654 62.813 82.802 5.651 208.667 3.406 2.275 
0.021 0.046 0.672 1.474 0.583 5.349 12.871 155.746 7.938 5.066 39.41 42.73 4.641 59.942 7.298 
0.0 0.0 0.002 0.0 0.007 0.0 0.007 0.002 2.149 0.003 57.674 283.958 14.259 1.87 18.748 
0.0 0.0 0.0 0.051 0.014 2.737 1.258 1.143 0.389 5.458 94.759 7.215 2.677 218.471 7.015 
0.0 0.0 0.0 0.0 0.0 0.0 0.0 0.0 0.063 0.057 154.444 69.669 7.671 41.823 75.371 
0.0 0.0 0.0 0.0 0.002 0.0 0.069 0.345 6.746 28.896 12.687 21.972 36.986 225.918 1.832 
0.0 0.0 0.0 0.015 0.001 0.061 0.02 0.012 0.302 0.029 82.714 117.719 27.51 138.284 6.25 
0.0 0.0 0.0 0.001 0.0 0.002 0.016 0.637 0.029 2.071 160.081 30.361 1.142 42.123 1.355 
0.0 0.0 0.0 0.0 0.0 0.021 0.01 2.115 0.161 102.321 0.795 8.568 2.7 220.337 7.075 
0.0 0.0 0.0 0.0 0.0 0.0 0.0 0.0 0.0 0.0 2.515 39.786 0.686 340.965 2.2 
0.0 0.0 0.0 0.0 0.0 0.0 0.001 0.007 0.0 0.0 0.0 0.002 0.003 0.169 397.992 
0.0 0.0 0.0 0.0 0.001 0.027 0.012 0.043 0.006 3.962 34.738 40.232 1.871 48.47 35.62 
0.0 0.0 0.0 0.0 0.0 0.0 0.0 0.0 0.0 0.001 0.001 0.44 236.609 5.703 5.096 
0.0 0.0 0.0 0.0 0.0 0.0 0.0 0.0 0.059 0.059 151.212 68.211 7.511 33.572 71.763 
0.0 0.0 0.007 0.001 0.001 0.039 0.304 2.836 10.545 0.468 121.757 11.03 100.037 44.55 13.543 
0.0 0.0 0.0 0.0 0.011 0.041 0.26 1.53 29.899 54.969 39.348 56.82 44.302 89.827 1.741 
0.0 0.0 0.0 0.0 0.0 0.0 0.0 0.0 0.0 0.0 0.0 0.027 49.916 216.791 67.357 
0.0 0.0 0.0 0.0 0.0 0.0 0.0 0.0 0.0 0.0 0.433 47.549 151.299 233.326 16.151 
0.0 0.0 0.001 0.0 0.038 0.004 0.068 0.002 40.61 75.795 24.198 4.433 163.706 2.672 6.757 
0.041 1.792 4.084 2.526 0.099 10.257 23.967 5.747 35.298 58.243 6.6 50.095 1.093 110.657 29.069 
0.0 0.0 0.001 0.0 0.0 0.0 0.001 0.0 0.349 0.007 9.546 8.94 0.782 113.485 14.598 
0.0 0.0 0.0 0.0 0.0 0.0 0.001 0.0 0.001 0.017 0.056 0.063 0.002 0.001 289.707 
0.074 3.21 7.317 0.272 0.127 1.833 16.361 1.3 49.605 22.129 4.749 120.508 1.251 49.578 26.056 
0.037 0.079 1.154 0.082 0.356 3.265 22.417 202.967 10.345 6.602 1.88 46.46 5.046 65.174 2.096 
0.0 0.0 0.0 0.0 0.001 0.049 0.013 0.034 0.1 8.74 76.633 6.954 2.191 133.24 2.178 
0.0 0.0 0.0 0.0 0.0 0.0 0.0 0.0 0.006 0.047 67.561 9.1 394.573 3.66 1.559 
0.0 0.0 0.0 0.0 0.0 0.0 0.0 0.0 0.0 0.0 0.0 0.201 108.037 4.98 28.591 
0.0 0.0 0.0 0.0 0.0 0.0 0.0 0.001 0.799 35.486 1.09 9.342 15.347 269.402 4.459 
0.0 0.0 0.002 0.0 0.002 0.003 0.15 5.651 1.706 0.842 4.383 95.5 1.284 84.106 4.065 
0.0 0.0 0.0 0.0 0.003 0.029 0.011 0.011 0.061 0.047 7.007 156.197 0.627 99.298 6.911 
0.0 0.0 0.001 0.005 0.0 0.0 0.0 0.001 0.002 0.023 0.51 166.232 2.847 153.126 30.216 
0.0 0.0 0.0 0.0 0.0 0.0 0.0 0.0 0.004 0.008 0.012 41.314 0.031 24.789 182.456 
0.0 0.0 0.0 0.0 0.0 0.0 0.0 0.0 10.093 5.993 26.322 19.115 38.258 113.496 58.726 
0.0 0.0 0.0 0.0 0.0 0.0 0.0 0.0 0.0 0.0 0.0 145.775 45.809 28.328 20.588 
0.0 0.0 0.0 0.0 0.0 0.0 0.0 0.0 0.002 0.043 0.023 21.058 0.124 252.219 26.31 
0.022 0.202 0.498 0.063 0.01 1.021 2.315 4.072 18.6 26.12 8.749 89.541 0.831 32.955 14.267 
0.0 0.003 0.013 0.006 0.131 0.077 5.654 0.313 0.244 48.222 93.393 114.336 3.112 83.207 6.404 
0.0 0.0 0.0 0.0 0.0 0.0 0.0 0.001 0.003 0.002 0.11 132.898 26.516 19.537 1.115 
0.0 0.0 0.0 0.031 0.002 0.146 1.558 8.874 1.274 6.271 155.677 14.103 69.718 38.097 29.21 
0.0 0.0 0.0 0.0 0.0 0.0 0.0 0.0 0.0 0.0 0.0 0.002 0.094 0.038 116.308 
0.0 0.0 0.0 0.0 0.0 0.0 0.0 0.0 0.0 0.0 0.0 0.0 0.069 33.883 75.221 
0.0 0.0 0.0 0.001 0.0 0.0 0.001 0.0 1.069 4.58 31.256 7.484 388.795 49.99 2.812 
0.0 0.0 0.0 0.001 0.0 0.002 0.038 0.352 0.607 1.6 51.76 147.018 0.65 81.354 71.561 
0.0 0.0 0.0 0.0 0.0 0.0 0.0 0.0 0.0 0.0 0.0 0.128 68.633 298.473 34.381 
0.0 0.0 0.0 0.0 0.0 0.0 0.0 0.0 0.003 4.45 0.96 4.046 0.122 23.228 90.485 
0.0 0.0 0.0 0.0 0.004 0.0 0.066 0.247 0.024 3.426 79.713 52.287 1.5 142.401 2.46 
0.0 0.0 0.0 0.0 0.0 0.0 0.004 0.022 0.002 0.001 124.122 55.96 174.734 16.327 6.262 
0.0 0.0 0.0 0.0 0.0 0.0 0.0 0.001 0.586 1.376 4.311 1.568 40.334 165.808 3.918 
0.007 0.04 0.18 0.091 1.227 0.329 1.688 8.444 0.003 5.53 27.328 20.317 67.005 20.516 4.546 
0.0 0.0 0.0 0.001 0.0 0.004 0.001 0.001 0.048 2.517 5.75 92.557 0.555 78.108 35.085 
0.002 0.001 0.001 0.001 0.0 0.006 0.013 0.046 8.056 4.749 11.028 113.412 5.695 30.997 0.291 
0.0 0.0 0.001 0.0 0.004 0.0 0.004 0.002 1.338 0.002 35.901 232.654 3.647 1.429 14.323 
0.0 0.002 0.011 0.005 0.004 0.002 0.011 0.001 0.2 0.757 3.986 55.37 10.935 51.918 23.201 
0.0 0.0 0.001 0.004 0.009 0.007 0.04 0.523 0.095 0.397 0.565 0.117 76.637 90.912 5.041 
0.0 0.0 0.0 0.0 0.0 0.0 0.0 0.0 0.0 0.0 0.283 44.754 142.011 219.002 15.159 
0.0 0.0 0.0 0.0 0.0 0.0 0.0 0.0 1.204 4.82 2.954 14.341 8.217 242.448 0.027 
0.0 0.0 0.0 0.0 0.0 0.0 0.001 0.011 0.004 3.421 13.144 139.296 1.848 21.574 51.138 
0.0 0.0 0.0 0.0 0.0 0.0 0.001 0.001 0.0 0.37 0.112 1.575 0.021 315.533 9.456 
0.0 0.0 0.0 0.0 0.0 0.0 0.0 0.0 0.001 0.018 0.004 10.408 33.555 87.557 3.453 
0.0 0.0 0.0 0.091 0.242 0.003 0.222 1.008 0.575 0.788 0.416 37.194 112.026 14.986 15.686 
0.006 0.007 0.003 0.002 0.686 3.098 10.249 0.522 9.128 4.503 95.263 105.402 3.906 32.104 51.76 
0.0 0.0 0.0 0.0 0.0 0.0 0.0 0.0 0.001 0.0 0.014 3.804 14.293 166.747 35.827 
0.0 0.0 0.0 0.0 0.0 0.0 0.0 0.0 0.008 0.037 2.646 16.803 5.891 352.843 1.286 
0.0 0.0 0.0 0.004 0.003 0.002 0.02 0.006 0.014 0.633 2.743 132.132 70.898 4.484 37.985 
0.0 0.0 0.0 0.0 0.004 0.005 0.061 0.111 18.496 75.357 10.443 20.752 2.137 51.288 65.136 
0.0 0.0 0.0 0.0 0.0 0.0 0.0 0.0 0.0 0.0 0.281 86.094 0.589 264.621 2.189 
0.0 0.001 0.005 0.001 0.0 0.026 0.296 0.003 0.035 0.358 1.351 151.335 3.679 77.11 5.934 
0.0 0.0 0.0 0.0 0.0 0.0 0.0 0.002 0.668 2.356 1.955 0.067 89.045 66.984 0.972 
0.0 0.0 0.0 0.0 0.0 0.0 0.0 0.0 0.001 0.008 0.099 1.404 8.907 196.655 50.684 
0.0 0.0 0.0 0.003 0.005 0.001 0.0 0.008 0.008 0.118 16.546 60.542 1.318 1.706 0.989 
0.006 0.017 0.035 0.025 0.001 0.001 0.368 0.126 1.196 2.307 91.602 5.226 1.149 39.269 3.709 
0.002 0.002 0.0 0.002 0.178 0.002 2.946 1.022 2.159 4.524 0.301 28.273 163.323 0.206 1.514 
0.0 0.0 0.0 0.0 0.0 0.0 0.0 0.032 0.016 0.252 0.158 2.451 0.008 165.145 14.737 
0.001 0.0 0.084 0.309 0.209 0.633 0.6 1.697 0.0 34.748 14.919 28.198 36.678 18.84 31.148 
0.0 0.0 0.0 0.0 0.0 0.0 0.0 0.0 0.0 0.0 0.047 0.04 0.001 0.05 282.746 
0.0 0.0 0.0 0.0 0.0 0.0 0.002 0.001 0.014 0.671 0.709 10.122 47.432 80.213 2.343 
0.0 0.0 0.0 0.0 0.0 0.0 0.0 0.0 0.0 0.0 0.0 0.005 0.198 0.222 368.844 
0.049 0.031 0.027 0.17 0.44 0.058 2.352 1.956 0.777 0.002 9.511 8.658 173.521 29.21 4.76 
0.0 0.0 0.0 0.0 0.0 0.0 0.0 0.0 0.0 0.0 0.002 0.003 0.668 330.385 65.993 
0.0 0.0 0.002 0.001 0.002 0.021 0.051 0.124 2.003 66.182 14.913 6.424 293.809 4.799 38.353 
0.0 0.006 0.01 0.002 0.014 0.022 0.001 0.024 0.094 2.334 1.479 12.109 15.126 52.551 57.144 
0.0 0.0 0.0 0.0 0.0 0.0 0.0 0.0 0.015 0.008 0.006 0.03 34.809 82.136 62.921 
0.0 0.0 0.0 0.0 0.0 0.0 0.001 0.002 0.008 0.288 0.022 10.756 7.969 169.573 3.842 
0.0 0.0 0.0 0.0 0.0 0.0 0.003 0.04 0.208 0.026 0.262 64.25 87.827 52.872 1.758 
0.045 0.027 0.111 0.015 0.442 0.576 0.307 1.406 0.189 3.942 0.8 16.868 0.007 124.999 2.082 
0.0 0.0 0.0 0.0 0.0 0.02 0.024 0.126 0.0 1.919 12.695 3.297 96.075 98.814 3.205 
0.0 0.0 0.0 0.0 0.0 0.0 0.0 0.0 0.03 6.354 3.35 1.609 56.078 137.922 6.113 
0.0 0.0 0.0 0.0 0.0 0.003 0.041 0.282 0.01 7.834 20.143 16.781 9.924 140.874 2.209 
0.0 0.0 0.0 0.0 0.0 0.0 0.0 0.001 0.012 0.002 0.022 0.0 0.011 0.041 204.503 
0.0 0.0 0.0 0.0 0.0 0.0 0.0 0.0 0.0 0.025 1.851 0.055 46.478 58.639 1.456 
