0.015 0.017 0.294 0.051 0.027 1.781 9.85 12.848 47.034 2.45 29.255 46.707 35.158 27.426 21.028 
0.0 0.0 0.0 0.0 0.0 0.0 0.001 0.006 0.003 1.964 1.035 5.56 0.102 326.738 9.986 
0.0 0.0 0.0 0.0 0.0 0.0 0.009 0.003 0.019 0.051 105.046 47.386 79.768 34.345 73.416 
0.0 0.0 0.0 0.0 0.0 0.0 0.0 0.0 0.0 0.0 0.0 0.044 23.439 80.82 200.908 
0.0 0.0 0.0 0.001 0.0 0.0 0.015 0.002 0.002 0.006 3.096 121.606 81.419 124.821 8.687 
0.0 0.0 0.0 0.0 0.001 0.001 0.0 0.153 0.007 0.095 0.039 71.957 6.667 7.315 104.756 
0.0 0.0 0.0 0.011 0.001 0.004 0.013 0.007 0.46 0.228 0.149 221.363 6.666 132.494 9.486 
0.001 0.061 0.064 0.289 0.097 0.032 0.359 0.091 1.059 0.04 8.399 116.673 3.713 88.911 42.949 
0.004 0.009 0.013 9.188 14.299 1.45 12.446 13.914 54.729 2.874 22.621 79.881 6.174 62.975 54.828 
0.009 0.01 0.174 0.03 0.016 1.05 5.807 7.574 0.659 0.522 135.907 68.404 5.155 33.315 25.544 
0.172 0.154 0.08 0.177 1.4 0.547 0.767 39.94 20.778 37.413 26.587 58.166 3.178 4.113 23.416 
0.0 0.0 0.0 0.0 0.0 0.0 0.0 0.011 0.501 0.301 12.176 17.901 132.241 3.934 4.385 
0.0 0.0 0.011 0.0 0.0 0.014 0.033 0.008 7.752 3.601 63.159 84.012 95.316 55.034 1.924 
0.0 0.006 0.002 0.003 0.001 0.004 0.013 0.007 0.209 0.239 0.099 147.935 4.455 255.195 10.713 
0.0 0.0 0.0 0.0 0.0 0.0 0.0 0.0 0.0 0.007 0.005 0.222 5.644 332.841 82.007 
0.015 0.017 0.294 0.051 0.027 1.781 9.85 12.848 47.034 2.45 29.255 46.707 35.158 27.426 21.028 
0.0 0.0 0.0 0.0 0.0 0.001 0.001 0.004 0.0 0.004 0.001 0.082 51.24 254.409 126.285 
0.001 0.001 0.002 0.002 0.0 0.012 0.005 0.026 0.021 0.33 8.96 36.569 1.378 263.778 9.345 
0.0 0.0 0.0 0.0 0.0 0.0 0.0 0.0 0.015 0.036 0.848 0.384 4.807 229.574 64.891 
0.0 0.011 0.017 0.014 0.003 0.015 0.016 0.018 0.17 0.121 0.079 117.527 3.539 202.74 8.511 
0.0 0.0 0.0 0.0 0.0 0.0 0.0 0.004 0.171 0.102 4.147 9.356 58.991 1.755 96.925 
0.0 0.0 0.0 0.001 0.0 0.002 0.003 0.01 1.821 1.793 88.286 103.543 26.752 144.719 2.285 
0.014 0.012 0.006 0.014 0.074 0.033 0.046 2.277 1.19 17.297 10.441 196.132 3.884 5.026 28.617 
0.047 0.033 0.02 0.203 0.077 0.112 0.556 0.256 9.927 6.564 20.974 68.413 72.312 184.711 3.116 
0.0 0.0 0.0 0.0 0.0 0.0 0.001 0.006 0.003 1.964 1.035 5.56 0.102 326.738 9.986 
0.0 0.0 0.0 0.0 0.0 0.0 0.0 0.0 0.005 0.001 0.052 0.025 0.261 0.138 418.434 
0.0 0.0 0.0 0.0 0.0 0.0 0.009 0.003 0.019 0.051 105.046 47.386 79.768 34.345 73.416 
0.002 0.0 0.008 0.002 1.761 0.545 10.447 13.627 0.412 40.096 21.015 8.271 8.875 119.499 22.178 
0.0 0.0 0.0 0.0 0.0 0.0 0.0 0.0 0.0 0.0 0.0 0.044 23.439 80.82 200.908 
0.0 0.0 0.006 0.002 0.0 0.01 0.024 0.006 5.73 5.64 63.159 84.012 95.316 55.034 1.924 
0.0 0.0 0.0 0.001 0.0 0.0 0.015 0.002 0.002 0.006 3.096 121.606 81.419 124.821 8.687 
0.0 0.0 0.0 0.0 0.001 0.001 0.0 0.153 0.007 0.095 0.039 71.957 6.667 7.315 104.756 
0.006 0.004 0.015 0.05 0.068 0.01 0.317 0.064 0.944 6.968 17.898 28.708 113.42 173.368 2.925 
0.0 0.0 0.0 0.011 0.001 0.004 0.013 0.007 0.46 0.228 0.149 221.363 6.666 132.494 9.486 
0.0 0.0 0.0 0.001 0.005 0.004 0.019 0.033 0.026 0.424 4.981 14.538 20.23 122.574 44.837 
0.0 0.0 0.0 0.0 0.0 0.0 0.001 0.006 0.968 2.249 48.299 6.824 111.25 16.477 44.624 
0.0 0.0 0.0 0.0 0.0 0.0 0.0 0.0 0.0 0.0 0.002 0.025 2.775 59.651 105.467 
0.0 0.0 0.001 0.0 0.0 0.0 0.001 0.014 1.815 1.786 87.97 103.172 26.656 144.201 2.277 
0.023 0.067 0.022 0.049 0.255 0.019 0.132 6.486 3.389 6.103 8.24 154.797 3.065 3.967 22.586 
0.001 0.061 0.064 0.289 0.097 0.032 0.359 0.091 1.059 0.04 8.399 116.673 3.713 88.911 42.949 
0.0 0.0 0.0 0.002 0.001 0.008 0.014 0.007 0.061 0.451 63.271 112.615 119.034 10.04 2.614 
0.0 0.0 0.001 0.02 0.001 0.005 0.022 0.043 0.709 1.171 0.405 92.597 163.811 105.079 9.55 
0.0 0.001 0.003 0.001 0.0 0.01 0.016 0.009 0.017 0.258 7.061 28.816 0.944 113.055 6.004 
0.0 0.0 0.0 0.0 0.0 0.0 0.004 0.005 0.0 0.097 2.747 3.294 14.933 100.2 108.249 
0.002 0.002 0.013 0.008 1.016 0.013 0.148 3.5 2.445 6.051 0.366 38.766 216.866 0.774 14.174 
0.0 0.0 0.002 0.001 0.005 0.041 0.378 3.613 0.654 51.155 29.298 157.378 2.876 90.006 9.986 
0.0 0.0 0.0 0.0 0.0 0.003 0.015 0.164 8.306 20.331 10.268 16.694 135.463 112.171 83.545 
0.0 0.0 0.0 0.0 0.0 0.0 0.001 0.001 0.0 0.05 0.096 0.078 5.455 321.672 79.255 
0.0 0.0 0.001 0.001 0.048 0.006 0.666 0.073 2.179 4.699 15.728 0.243 24.304 211.578 5.084 
0.0 0.0 0.0 0.0 0.0 0.0 0.0 0.0 0.0 0.0 0.097 0.044 0.073 0.243 396.145 
0.0 0.0 0.0 0.0 0.088 0.34 1.93 2.518 0.555 8.125 4.258 198.125 3.502 32.447 24.877 
0.004 0.009 0.013 9.188 14.299 1.45 12.446 13.914 54.729 2.874 22.621 79.881 6.174 62.975 54.828 
0.0 0.0 0.0 0.0 0.0 0.0 0.001 0.005 0.001 0.194 0.019 0.352 193.507 42.066 8.816 
0.0 0.0 0.0 0.0 0.0 0.0 0.0 0.0 0.024 0.384 0.044 2.572 15.557 0.161 338.096 
0.009 0.01 0.174 0.03 0.016 1.05 5.807 7.574 0.659 0.522 135.907 68.404 5.155 33.315 25.544 
0.001 0.001 0.001 0.001 0.0 0.095 0.168 0.066 1.942 10.738 4.231 30.433 98.229 150.147 2.533 
0.0 0.0 0.0 0.0 0.0 0.0 0.0 0.0 0.0 0.001 0.654 30.132 97.076 51.488 49.384 
0.0 0.0 0.0 0.0 0.0 0.0 0.0 0.0 0.002 0.003 0.006 5.38 129.782 153.751 75.373 
0.0 0.0 0.0 0.0 0.0 0.0 0.0 0.0 0.0 0.0 0.0 0.0 0.002 0.244 212.872 
0.001 0.001 0.002 0.01 0.007 0.011 0.622 1.171 0.108 3.324 2.836 24.007 103.536 135.661 5.695 
0.0 0.0 0.0 0.0 0.0 0.0 0.001 0.001 0.002 0.0 0.007 0.002 49.776 246.752 66.573 
0.011 0.008 0.003 0.007 0.044 0.01 0.372 0.286 0.356 1.757 35.965 22.083 74.101 19.962 18.755 
0.228 0.204 0.226 0.335 0.04 3.969 9.764 15.764 1.371 18.644 17.949 30.873 102.125 4.376 20.332 
0.0 0.0 0.0 0.0 0.0 0.003 0.007 0.005 0.451 0.016 9.24 74.975 214.528 108.458 25.223 
0.0 0.0 0.0 0.0 0.002 0.001 0.002 0.059 0.145 1.755 0.413 47.546 107.654 90.889 5.061 
0.0 0.0 0.0 0.0 0.001 0.004 0.004 0.045 0.076 0.03 3.09 0.496 25.454 68.785 8.271 
0.0 0.0 0.0 0.0 0.0 0.0 0.0 0.0 0.096 1.097 26.766 49.338 78.304 105.169 2.231 
0.003 0.033 0.004 0.029 0.108 0.674 0.014 0.272 1.384 1.926 19.615 15.077 65.066 119.633 8.088 
0.0 0.0 0.001 0.003 0.065 0.001 0.199 0.508 0.368 2.638 0.786 13.053 73.02 19.646 30.367 
0.0 0.0 0.0 0.001 0.0 0.001 0.008 0.013 2.845 1.27 61.961 28.231 179.852 42.553 10.075 
0.0 0.0 0.0 0.001 0.0 0.003 0.009 0.081 0.077 0.27 7.814 57.54 154.282 21.381 14.686 
0.0 0.0 0.0 0.0 0.0 0.0 0.0 0.0 0.034 0.036 0.027 0.099 20.34 37.502 111.793 
0.0 0.0 0.0 0.0 0.001 0.001 0.001 0.017 0.504 0.271 1.087 64.78 23.49 62.564 21.896 
0.0 0.0 0.0 0.065 0.274 0.804 1.909 10.829 1.039 59.721 19.081 149.716 33.633 37.898 6.612 
0.0 0.0 0.003 0.004 0.008 0.197 0.038 0.083 0.475 0.247 0.7 0.905 14.431 121.489 27.063 
0.0 0.0 0.0 0.0 0.0 0.0 0.0 0.008 0.001 0.721 15.955 2.748 55.865 6.164 142.337 
0.0 0.0 0.0 0.0 0.0 0.0 0.015 0.014 0.01 0.785 0.002 2.43 7.752 38.574 152.394 
0.0 0.0 0.0 0.0 0.0 0.0 0.0 0.0 0.0 0.0 0.012 0.398 0.595 0.1 139.092 
0.0 0.0 0.0 0.0 0.0 0.0 0.0 0.001 0.0 0.011 0.105 0.573 0.877 0.014 168.048 
0.172 0.154 0.08 0.177 1.4 0.547 0.767 39.94 20.778 37.413 26.587 58.166 3.178 4.113 23.416 
0.0 0.0 0.0 0.0 0.0 0.001 0.009 0.012 0.695 1.107 3.445 40.645 116.299 13.512 17.231 
0.0 0.0 0.0 0.0 0.003 0.001 0.0 0.005 0.02 0.237 0.021 1.823 16.278 203.542 4.521 
0.002 0.012 0.002 0.007 0.004 0.123 0.122 0.12 0.549 0.219 7.209 3.668 81.788 88.643 7.973 
0.0 0.002 0.001 0.001 0.003 0.03 0.089 0.119 0.033 0.119 1.447 0.246 21.963 56.655 31.098 
0.0 0.0 0.0 0.0 0.0 0.0 0.0 0.0 0.0 0.005 0.001 0.015 0.296 0.182 291.718 
0.0 0.0 0.0 0.001 0.002 0.003 0.033 0.168 0.988 0.259 1.078 13.637 5.152 189.824 1.807 
0.002 0.001 0.005 0.002 0.0 0.02 0.008 0.042 0.033 0.536 14.569 59.46 2.24 234.166 9.345 
0.0 0.0 0.002 0.0 0.006 0.012 0.038 0.026 0.008 1.16 3.12 0.44 22.952 95.582 55.318 
0.004 0.0 0.002 0.0 0.003 0.023 0.055 0.025 0.002 0.552 27.559 16.872 84.391 89.419 23.624 
0.0 0.001 0.001 0.0 0.0 0.001 0.032 0.01 0.0 0.035 2.096 2.514 11.396 76.469 67.031 
0.0 0.0 0.001 0.0 0.001 0.002 0.012 0.002 0.102 0.101 0.054 0.061 5.224 164.409 5.961 
0.0 0.0 0.002 0.0 0.108 0.001 0.306 1.21 0.105 19.575 2.101 0.067 97.286 0.347 6.359 
0.0 0.0 0.0 0.0 0.0 0.0 0.0 0.003 0.168 35.573 18.751 32.301 1.029 179.66 7.963 
0.0 0.0 0.0 0.0 0.0 0.003 0.025 0.254 0.054 0.806 18.765 8.503 89.581 122.406 66.193 
0.008 0.033 0.007 0.002 0.993 0.733 0.372 0.76 0.673 3.766 1.287 13.46 178.565 4.09 37.331 
0.001 0.012 0.017 0.48 0.011 0.332 0.925 0.807 0.001 0.531 2.809 36.249 176.541 33.945 32.227 
0.0 0.0 0.001 0.0 0.003 0.0 0.015 0.018 0.0 1.703 1.23 0.62 3.692 236.913 59.122 
0.0 0.0 0.0 0.001 0.041 0.005 0.052 0.01 0.3 0.647 3.603 0.048 113.346 143.004 3.551 
0.0 0.0 0.0 0.0 0.0 0.0 0.0 0.0 0.005 0.0 0.001 0.122 10.655 12.265 106.992 
0.0 0.0 0.0 0.0 0.0 0.0 0.0 0.0 0.0 0.0 0.04 0.004 0.023 0.06 111.046 
