245.247 25.219 2.095 0.769 4.229 
0.0 0.001 0.0 1.717 250.38 
0.0 0.0 0.0 4.656 137.66 
0.094 0.215 235.323 0.328 3.651 
0.001 0.536 0.178 338.229 7.828 
2.85 0.06 29.124 79.82 0.073 
0.015 0.004 1.6 0.005 236.616 
1.237 227.247 4.794 0.658 3.62 
0.0 0.144 1.447 0.34 291.963 
0.217 213.113 70.743 54.093 7.688 
0.839 154.142 51.394 33.084 0.478 
0.001 0.607 0.058 315.178 7.294 
0.091 0.004 0.053 222.955 5.153 
245.247 25.219 2.095 0.769 4.229 
0.167 30.752 115.249 0.407 0.687 
6.068 10.42 163.382 7.168 4.32 
194.323 4.063 4.163 0.571 0.132 
6.864 4.918 0.01 90.689 26.816 
0.311 0.038 0.0 145.835 38.252 
0.418 125.79 15.367 0.399 37.151 
0.022 0.02 32.049 156.458 10.746 
0.0 0.001 0.0 77.684 119.162 
0.0 0.144 1.447 0.34 291.963 
0.0 0.001 0.0 1.717 250.38 
0.258 0.223 0.002 202.763 4.694 
0.839 154.142 51.394 33.084 0.478 
2.261 0.367 217.844 41.982 1.813 
1.81 95.136 11.804 31.468 36.691 
0.02 7.099 190.441 16.449 1.56 
156.487 35.537 22.035 2.29 3.117 
0.418 125.79 15.367 0.399 37.151 
194.323 4.063 4.163 0.571 0.132 
1.456 76.55 9.498 16.663 93.751 
135.604 1.835 94.214 2.478 5.407 
0.558 102.424 34.15 21.984 0.745 
168.154 27.252 22.423 0.614 1.023 
67.144 14.77 46.04 32.633 3.709 
14.429 0.29 54.866 22.868 2.135 
119.278 3.026 0.099 9.199 78.525 
2.261 0.367 217.844 41.982 1.813 
23.59 80.076 111.346 35.542 0.193 
0.001 0.077 0.056 56.56 71.892 
0.154 0.047 101.152 0.286 155.905 
97.488 12.174 0.089 0.31 28.8 
23.59 80.076 111.346 35.542 0.193 
54.982 70.831 33.206 11.951 6.197 
0.217 213.113 70.743 54.093 7.688 
44.409 0.551 0.037 3.382 178.466 
0.256 47.042 29.024 25.081 13.948 
54.982 70.831 33.206 11.951 6.197 
0.291 0.135 0.19 0.011 196.852 
0.003 0.106 0.036 0.041 219.47 
26.435 57.652 45.067 2.903 2.043 
81.625 1.9 46.945 0.368 17.996 
0.229 225.603 74.889 0.848 6.965 
26.435 57.652 45.067 2.903 2.043 
0.094 0.215 235.323 0.328 3.651 
33.716 38.081 83.188 0.376 3.588 
0.256 47.042 29.024 25.081 13.948 
119.278 3.026 0.099 9.199 78.525 
39.474 8.683 0.039 39.93 57.899 
0.001 0.607 0.058 315.178 7.294 
0.001 0.536 0.178 338.229 7.828 
0.154 0.047 101.152 0.286 155.905 
39.474 8.683 0.039 39.93 57.899 
67.144 14.77 46.04 32.633 3.709 
108.366 2.179 36.659 23.598 3.945 
44.409 0.551 0.037 3.382 178.466 
30.201 38.907 0.011 13.162 21.53 
135.604 1.835 94.214 2.478 5.407 
0.099 0.112 106.039 0.3 144.817 
0.02 7.099 190.441 16.449 1.56 
168.154 27.252 22.423 0.614 1.023 
108.366 2.179 36.659 23.598 3.945 
44.033 33.973 9.498 16.663 93.751 
132.661 0.083 0.108 22.633 2.406 
5.574 9.943 80.447 0.247 49.14 
156.487 35.537 22.035 2.29 3.117 
10.474 1.308 0.01 90.689 26.816 
1.81 95.136 11.804 31.468 36.691 
84.596 2.146 0.131 0.245 69.899 
3.344 4.308 39.328 3.531 135.654 
2.291 2.754 168.294 49.15 3.442 
97.488 12.174 0.089 0.31 28.8 
2.448 2.943 179.846 0.522 1.587 
0.015 0.004 1.6 0.005 236.616 
81.787 0.757 5.934 2.148 90.828 
2.448 2.943 179.846 0.522 1.587 
0.558 102.424 34.15 21.984 0.745 
2.85 0.06 29.124 79.82 0.073 
8.411 0.365 0.068 32.239 124.905 
5.574 9.943 80.447 0.247 49.14 
88.647 36.185 0.214 0.353 0.914 
53.952 5.364 0.048 49.182 71.315 
2.291 2.754 168.294 49.15 3.442 
0.099 0.112 106.039 0.3 144.817 
24.938 34.282 40.372 7.485 2.786 
0.014 0.033 0.465 214.802 4.973 
13.103 0.274 23.806 149.935 0.121 
0.258 0.223 0.002 202.763 4.694 
