169.211 3.734 8.884 50.81 0.188 
152.142 26.914 86.855 0.027 14.576 
153.445 69.623 0.166 0.671 37.82 
0.096 11.019 72.899 23.477 49.986 
2.851 49.174 46.761 0.198 61.95 
0.0 0.023 51.586 0.117 93.896 
0.115 356.056 0.724 19.71 4.238 
123.202 2.719 24.009 41.896 0.155 
1.372 157.3 2.307 32.337 1.045 
6.466 183.639 79.034 0.809 1.87 
280.055 6.641 0.07 17.119 4.394 
17.099 50.734 0.05 80.209 0.271 
99.19 32.022 63.647 0.02 10.682 
164.029 33.98 0.402 0.467 2.238 
31.705 102.142 14.695 35.461 0.148 
8.009 130.155 55.03 12.217 2.639 
213.461 0.687 0.84 8.618 14.536 
57.743 69.169 61.561 0.019 6.681 
24.239 69.928 0.369 1.516 34.444 
0.005 0.815 48.958 11.883 165.906 
0.026 0.139 0.18 232.033 3.36 
169.211 3.734 8.884 50.81 0.188 
0.768 43.484 18.397 220.83 4.099 
152.142 26.914 86.855 0.027 14.576 
25.919 18.533 0.09 0.714 21.046 
153.445 69.623 0.166 0.671 37.82 
0.096 11.019 72.899 23.477 49.986 
0.0 0.0 0.0 0.293 337.531 
0.971 111.364 1.076 129.202 1.311 
0.018 0.0 0.012 80.041 88.251 
0.168 0.013 296.095 0.891 7.209 
11.781 5.345 43.523 71.662 2.578 
0.002 0.005 0.139 113.28 123.608 
0.225 14.29 40.143 69.871 5.294 
2.851 49.174 46.761 0.198 61.95 
0.15 236.14 0.48 3.796 2.707 
0.0 0.023 51.586 0.117 93.896 
0.959 2.135 144.877 1.278 2.158 
0.034 0.025 189.656 1.593 32.314 
0.115 356.056 0.724 19.71 4.238 
123.202 2.719 24.009 41.896 0.155 
0.002 0.035 0.18 0.02 270.861 
84.42 148.855 0.474 3.748 2.673 
0.016 0.101 0.013 189.165 72.99 
0.299 59.997 99.959 22.916 1.527 
1.372 157.3 2.307 32.337 1.045 
53.254 18.472 0.053 13.286 14.936 
6.466 183.639 79.034 0.809 1.87 
5.051 35.591 0.043 224.677 2.986 
61.778 0.199 0.046 68.241 8.468 
26.663 254.262 2.691 0.641 1.591 
18.058 0.045 118.726 0.411 3.037 
0.054 0.01 0.069 0.015 238.755 
280.055 6.641 0.07 17.119 4.394 
0.035 62.431 129.554 0.877 8.2 
7.521 8.658 0.033 232.072 0.488 
76.853 0.036 31.966 0.718 0.088 
17.099 50.734 0.05 80.209 0.271 
99.19 32.022 63.647 0.02 10.682 
92.694 16.398 0.201 97.47 1.096 
25.605 18.309 0.089 51.175 44.26 
0.016 0.636 0.001 100.084 17.016 
0.0 0.031 99.002 0.795 15.765 
42.898 0.032 0.107 47.351 3.652 
0.004 0.243 206.199 0.621 34.976 
62.357 28.294 0.064 96.449 1.426 
4.54 8.295 84.175 27.108 1.594 
60.417 0.194 65.487 0.379 22.446 
0.004 0.086 0.037 0.136 302.89 
10.035 39.511 246.368 0.669 6.562 
0.044 0.096 229.811 13.728 3.13 
164.029 33.98 0.402 0.467 2.238 
0.001 0.017 0.125 208.562 80.474 
7.676 0.025 108.085 0.929 21.637 
0.029 0.03 0.183 0.004 282.37 
31.705 102.142 14.695 35.461 0.148 
8.009 130.155 55.03 12.217 2.639 
0.668 76.57 0.74 133.303 1.142 
213.461 0.687 0.84 8.618 14.536 
108.739 118.094 0.461 3.644 2.599 
0.043 0.0 0.029 195.019 4.733 
0.18 0.001 304.74 32.624 0.272 
0.069 4.409 48.456 56.28 0.446 
3.95 1.792 14.594 122.483 2.782 
0.0 0.006 0.118 96.395 105.184 
0.007 0.005 0.577 0.003 264.255 
57.743 69.169 61.561 0.019 6.681 
13.651 19.796 0.068 3.868 15.519 
24.239 69.928 0.369 1.516 34.444 
0.0 0.2 0.553 115.295 4.933 
0.0 0.027 44.126 56.442 16.991 
0.028 0.149 0.192 142.989 7.858 
0.005 0.815 48.958 11.883 165.906 
2.228 0.181 79.705 1.317 1.846 
0.0 0.0 0.475 141.816 6.926 
0.266 0.097 0.02 148.643 4.645 
0.075 0.0 0.002 0.001 64.27 
14.853 7.484 35.679 63.832 0.358 
2.831 19.346 107.194 35.657 0.875 
0.191 21.599 6.715 1.84 57.695 
