0.584 0.016 0.006 235.474 0.231 
12.311 2.916 275.781 1.415 0.11 
0.247 0.007 0.019 0.038 384.119 
4.363 0.84 16.134 29.293 0.096 
0.759 261.661 0.567 37.494 2.246 
140.945 4.718 1.54 2.36 14.967 
0.002 0.078 0.106 0.001 230.74 
0.0 0.0 0.0 0.128 234.387 
0.029 22.707 183.192 49.57 4.893 
12.311 2.916 275.781 1.415 0.11 
136.31 33.042 1.294 3.232 5.946 
94.017 75.335 1.294 3.232 5.946 
0.214 0.006 0.016 0.066 373.391 
0.069 0.064 0.029 0.045 256.962 
54.132 150.905 2.167 0.073 1.55 
0.293 202.424 2.143 29.294 41.645 
0.0 0.555 0.839 213.486 7.617 
0.0 0.0 0.0 156.414 9.839 
0.078 0.004 5.568 121.908 94.731 
0.724 249.491 0.541 49.725 2.246 
0.0 0.0 0.0 19.478 154.305 
78.698 1.89 82.925 0.799 10.956 
74.775 1.277 45.929 2.236 4.403 
74.775 1.277 45.929 2.236 4.403 
0.029 22.707 183.192 49.57 4.893 
0.452 0.11 0.04 0.01 214.688 
0.004 0.005 0.0 85.939 1.672 
0.134 92.993 82.838 25.163 35.771 
0.007 5.1 143.992 35.891 11.637 
0.0 0.0 0.0 19.478 154.305 
0.022 0.003 0.0 9.847 102.959 
6.808 105.862 1.191 6.409 1.493 
94.017 75.335 1.294 3.232 5.946 
0.399 137.32 1.456 2.231 8.895 
0.035 0.127 0.001 57.675 9.179 
0.004 0.005 0.0 85.939 1.672 
0.524 180.539 1.914 3.465 8.464 
3.223 15.1 95.903 1.831 3.969 
0.067 23.171 121.624 0.708 26.596 
43.091 95.524 1.465 1.736 6.438 
28.09 100.891 1.363 2.09 8.331 
14.151 23.713 38.962 0.375 4.857 
37.826 2.915 41.922 0.404 12.54 
3.223 15.1 95.903 1.831 3.969 
6.639 46.062 21.52 5.728 6.417 
136.31 33.042 1.294 3.232 5.946 
6.639 46.062 21.52 5.728 6.417 
52.821 4.955 0.368 21.325 2.817 
3.182 22.075 33.238 21.454 6.417 
0.542 0.015 0.006 218.537 0.414 
28.09 100.891 1.363 2.09 8.331 
21.112 5.118 7.213 22.346 1.977 
0.078 0.004 5.568 121.908 94.731 
0.584 0.016 0.006 235.474 0.231 
0.243 188.211 1.201 45.653 4.506 
1.595 5.728 137.952 2.663 1.997 
0.293 202.424 2.143 29.294 41.645 
3.492 75.888 10.495 4.069 5.91 
7.204 55.077 0.658 15.779 26.143 
11.998 91.733 1.096 1.681 35.372 
0.0 0.0 0.0 156.414 9.839 
0.223 0.138 0.002 140.968 1.057 
0.243 188.211 1.201 45.653 4.506 
54.132 150.905 2.167 0.073 1.55 
0.0 0.126 0.024 0.036 64.974 
0.0 0.0 0.0 0.128 234.387 
0.069 0.064 0.029 0.045 256.962 
7.204 55.077 0.658 15.779 26.143 
19.756 15.83 9.786 16.251 2.184 
1.595 5.728 137.952 2.663 1.997 
0.759 261.661 0.567 37.494 2.246 
0.399 137.32 1.456 2.231 8.895 
0.0 0.17 0.175 134.199 1.548 
0.147 0.003 0.09 0.004 84.763 
0.0 0.126 0.024 0.036 64.974 
0.724 249.491 0.541 49.725 2.246 
0.248 85.288 4.266 12.841 1.181 
5.608 1.328 125.611 0.256 6.412 
37.826 2.915 41.922 0.404 12.54 
140.945 4.718 1.54 2.36 14.967 
13.194 61.805 3.74 1.443 2.742 
19.901 71.476 0.966 22.228 7.207 
0.174 59.813 2.991 9.006 19.046 
0.134 92.993 82.838 25.163 35.771 
0.452 0.11 0.04 0.01 214.688 
19.756 15.83 9.786 16.251 2.184 
0.067 23.171 121.624 0.708 26.596 
0.007 5.1 143.992 35.891 11.637 
0.524 180.539 1.914 3.465 8.464 
78.698 1.89 82.925 0.799 10.956 
0.248 85.288 4.266 12.841 1.181 
0.174 59.813 2.991 9.006 19.046 
5.74 89.254 1.004 32.42 1.744 
0.035 0.127 0.001 57.675 9.179 
0.0 0.17 0.175 134.199 1.548 
0.027 0.005 0.098 50.5 0.096 
0.223 0.138 0.002 140.968 1.057 
4.363 0.84 16.134 29.293 0.096 
5.74 89.254 1.004 32.42 1.744 
41.457 0.708 0.446 10.257 3.326 
