61.669 160.74 12.966 56.368 1.047 
0.0 0.0 0.0 3.799 295.136 
0.244 0.0 0.7 366.525 1.476 
27.635 3.7 225.945 1.011 9.155 
145.131 0.036 8.463 36.792 6.512 
7.202 5.15 21.075 0.131 319.329 
0.006 0.0 0.706 3.235 317.905 
0.746 17.818 44.977 61.044 0.657 
0.0 0.001 0.999 152.984 0.698 
7.891 6.139 6.805 0.082 199.039 
35.813 133.0 1.617 16.007 6.542 
60.466 0.195 173.839 58.198 10.009 
83.081 17.06 5.157 6.795 10.974 
119.043 0.383 41.645 39.974 18.248 
69.391 47.178 125.946 5.721 7.582 
119.244 81.073 176.415 3.335 7.96 
61.669 160.74 12.966 56.368 1.047 
4.64 9.389 6.805 0.082 199.039 
32.622 26.758 3.462 26.43 11.921 
5.596 5.639 19.17 0.12 290.462 
0.209 0.171 0.411 306.961 1.236 
0.244 0.0 0.7 366.525 1.476 
0.001 0.0 0.054 101.968 89.993 
0.007 0.0 0.789 3.616 243.206 
0.016 0.005 0.103 203.533 28.023 
23.205 88.963 63.809 42.143 0.783 
1.287 0.882 146.532 42.784 2.932 
0.07 0.009 0.574 257.638 9.155 
0.477 0.341 55.238 152.07 2.499 
0.007 0.0 0.789 3.616 243.206 
69.997 0.087 200.844 34.528 9.329 
8.288 101.751 6.415 90.457 7.076 
31.498 116.975 0.874 19.033 29.564 
128.878 47.922 6.924 13.712 6.752 
4.476 1.055 224.912 21.643 8.846 
69.997 0.087 200.844 34.528 9.329 
145.131 0.036 8.463 36.792 6.512 
0.007 0.0 1.22 187.856 84.37 
3.552 1.675 103.755 26.017 14.853 
69.138 0.222 71.371 0.553 115.998 
119.244 81.073 176.415 3.335 7.96 
76.107 0.019 78.334 38.334 7.409 
23.205 88.963 63.809 42.143 0.783 
3.038 0.11 36.24 51.188 34.313 
3.038 0.11 36.24 51.188 34.313 
72.627 65.819 1.326 17.813 27.669 
2.124 50.716 20.963 61.246 5.19 
13.341 49.546 0.602 19.131 22.696 
10.377 127.391 8.032 31.428 6.061 
0.616 14.715 138.532 9.368 6.273 
0.746 17.818 44.977 61.044 0.657 
0.0 0.001 0.999 152.984 0.698 
0.015 0.035 2.986 17.742 61.813 
8.319 2.421 53.414 10.707 77.682 
7.445 64.223 39.672 53.14 1.776 
27.8 2.786 58.162 73.648 5.699 
31.498 116.975 0.874 19.033 29.564 
83.081 17.06 5.157 6.795 10.974 
0.353 3.238 1.666 1.512 94.311 
128.878 47.922 6.924 13.712 6.752 
32.622 26.758 3.462 26.43 11.921 
3.485 1.104 91.074 22.837 31.354 
1.748 0.004 15.831 1.071 150.849 
69.391 47.178 125.946 5.721 7.582 
0.0 0.0 0.015 64.179 167.019 
0.144 0.017 0.157 284.044 4.273 
11.162 96.281 37.466 35.963 16.417 
0.209 0.171 0.411 306.961 1.236 
11.162 96.281 37.466 35.963 16.417 
35.813 133.0 1.617 16.007 6.542 
8.288 101.751 6.415 90.457 7.076 
3.552 1.675 103.755 26.017 14.853 
0.045 0.018 0.151 1.263 179.854 
0.135 4.571 93.401 23.421 28.326 
0.0 0.0 0.015 64.179 167.019 
0.061 0.046 12.004 14.283 131.372 
69.138 0.222 71.371 0.553 115.998 
75.592 0.243 78.034 38.187 17.432 
0.616 14.715 138.532 9.368 6.273 
0.027 0.024 3.019 17.94 62.503 
8.319 2.421 53.414 10.707 77.682 
10.377 127.391 8.032 31.428 6.061 
63.928 7.53 69.748 13.262 2.321 
0.0 0.0 0.0 1.893 147.149 
0.0 0.0 0.0 3.799 295.136 
72.627 65.819 1.326 17.813 27.669 
27.8 2.786 58.162 73.648 5.699 
1.287 0.882 146.532 42.784 2.932 
0.144 0.017 0.157 284.044 4.273 
0.005 0.125 0.171 269.28 10.36 
0.006 0.004 1.153 1.372 308.58 
0.061 0.046 12.004 14.283 131.372 
0.045 0.018 0.151 1.263 179.854 
27.635 3.7 225.945 1.011 9.155 
0.005 0.003 0.535 83.087 22.128 
5.596 5.639 19.17 0.12 290.462 
64.171 7.497 39.672 53.14 1.776 
0.063 0.002 0.037 191.74 18.782 
0.001 0.0 0.054 101.968 89.993 
0.005 0.125 0.171 269.28 10.36 
