0.0 0.0 0.0 0.0 0.0 0.0 0.0 0.0 0.0 0.0 0.0 0.0 0.0 0.0 303.486 
0.001 0.013 0.003 0.073 0.012 0.374 0.96 0.652 1.709 3.892 2.911 73.882 198.098 43.856 41.637 
0.0 0.009 0.045 0.09 0.006 0.348 0.123 0.0 0.0 0.868 0.565 7.516 22.999 191.6 3.185 
0.0 0.0 0.0 0.0 0.0 0.0 0.0 0.0 0.0 0.0 0.0 0.0 0.0 0.0 63.0 
0.0 0.0 0.0 0.0 0.0 0.0 0.0 0.0 0.0 0.0 0.0 0.0 10.379 123.065 0.0 
0.0 0.0 0.0 0.0 0.0 0.0 0.0 0.0 0.0 0.0 0.0 220.039 17.167 0.0 0.0 
0.0 0.0 0.001 0.0 0.0 0.004 0.167 0.547 0.485 0.234 0.416 0.018 3.365 0.614 277.915 
0.0 0.0 0.0 0.0 0.0 0.0 0.0 0.0 0.0 0.0 0.0 0.0 0.0 0.0 146.156 
0.0 0.0 0.0 0.0 0.0 0.0 0.0 0.0 0.0 0.0 0.0 0.0 0.0 0.0 150.256 
0.0 0.0 0.0 0.0 0.0 0.027 0.0 0.028 0.0 0.033 0.068 0.973 30.624 203.074 0.176 
0.001 0.023 0.0 0.001 0.003 0.02 0.025 0.015 0.002 0.007 1.694 5.471 8.902 12.35 53.502 
0.0 0.0 0.0 0.0 0.0 0.0 0.0 0.0 0.0 0.0 0.0 0.0 0.0 0.0 220.242 
0.0 0.0 0.0 0.0 0.0 0.0 0.0 0.0 0.0 0.0 0.0 0.0 0.0 0.0 132.562 
