49.328 0.612 9.885 207.291 14.582 
0.325 0.249 128.237 13.693 157.865 
0.07 0.066 0.434 101.373 221.541 
0.601 0.224 228.147 52.998 9.642 
11.704 39.899 67.964 29.674 55.18 
0.862 35.831 24.288 50.605 4.509 
3.777 3.535 145.16 1.639 51.181 
260.282 3.23 52.158 33.556 21.968 
2.285 0.941 6.687 269.38 0.617 
26.74 81.713 23.452 20.143 63.12 
1.655 65.649 2.702 54.46 66.708 
3.466 0.256 8.649 177.102 29.853 
20.909 34.294 23.921 50.72 81.669 
3.855 35.379 1.281 121.11 28.46 
0.221 0.17 87.13 9.303 210.419 
69.445 85.361 107.908 2.58 55.236 
142.615 17.464 1.534 21.53 32.156 
6.47 77.355 1.67 19.788 92.041 
7.983 27.216 46.359 67.682 55.18 
15.863 5.319 40.279 5.772 69.023 
2.567 106.736 72.351 34.478 8.733 
18.619 11.116 126.521 4.886 15.793 
28.73 60.73 3.836 16.74 12.53 
0.013 1.334 67.778 94.767 41.623 
10.263 102.002 4.507 29.971 13.922 
3.303 30.312 1.097 19.109 201.775 
25.658 13.443 58.208 56.295 9.804 
8.432 2.548 100.301 25.009 5.836 
90.787 11.533 4.108 81.25 17.806 
4.258 39.072 1.415 37.485 110.649 
100.352 53.225 79.261 14.294 43.901 
49.328 0.612 9.885 207.291 14.582 
0.325 0.249 128.237 13.693 157.865 
0.07 0.066 0.434 101.373 221.541 
35.886 133.269 1.621 22.751 33.979 
0.142 0.017 0.679 150.939 93.037 
1.286 15.371 0.332 59.156 66.568 
0.601 0.224 228.147 52.998 9.642 
11.704 39.899 67.964 29.674 55.18 
0.862 35.831 24.288 50.605 4.509 
92.768 19.551 5.063 26.381 72.361 
3.754 1.134 44.658 149.77 8.534 
3.777 3.535 145.16 1.639 51.181 
20.362 154.467 11.263 13.056 29.234 
102.33 33.159 5.81 25.354 18.977 
0.344 34.036 79.891 143.837 9.116 
260.282 3.23 52.158 33.556 21.968 
9.641 3.585 23.282 127.124 5.596 
4.591 1.387 54.612 94.134 6.625 
2.285 0.941 6.687 269.38 0.617 
2.45 1.666 81.695 36.09 40.483 
26.74 81.713 23.452 20.143 63.12 
1.655 65.649 2.702 54.46 66.708 
3.466 0.256 8.649 177.102 29.853 
20.909 34.294 23.921 50.72 81.669 
3.855 35.379 1.281 121.11 28.46 
2.053 60.785 0.896 35.014 132.877 
37.119 0.461 7.438 155.985 35.707 
108.467 57.529 85.67 15.45 14.582 
0.221 0.17 87.13 9.303 210.419 
69.445 85.361 107.908 2.58 55.236 
0.133 0.525 0.274 3.206 260.369 
142.615 17.464 1.534 21.53 32.156 
0.032 0.118 0.779 167.061 120.973 
0.17 0.005 59.488 207.755 9.145 
6.47 77.355 1.67 19.788 92.041 
16.399 15.286 0.92 9.111 87.523 
7.983 27.216 46.359 67.682 55.18 
15.863 5.319 40.279 5.772 69.023 
2.567 106.736 72.351 34.478 8.733 
20.647 10.166 45.869 44.362 41.834 
66.355 20.05 3.895 20.294 55.666 
5.006 1.055 55.372 185.699 10.582 
23.314 9.597 68.233 98.471 0.441 
0.052 0.014 3.927 67.992 61.007 
0.763 0.417 23.429 94.117 30.313 
18.619 11.116 126.521 4.886 15.793 
109.391 9.935 25.803 22.162 29.753 
28.73 60.73 3.836 16.74 12.53 
0.013 1.334 67.778 94.767 41.623 
10.263 102.002 4.507 29.971 13.922 
0.002 0.002 0.557 85.895 148.874 
0.282 27.94 65.582 118.075 10.794 
3.303 30.312 1.097 19.109 201.775 
22.895 25.781 0.694 147.576 34.679 
0.382 2.064 27.244 120.923 45.142 
5.857 0.895 28.696 123.436 5.433 
0.068 0.816 0.172 0.295 244.907 
4.69 2.128 3.307 0.04 96.719 
0.023 0.974 1.896 0.718 168.083 
25.658 13.443 58.208 56.295 9.804 
8.432 2.548 100.301 25.009 5.836 
68.483 14.433 3.737 38.497 62.993 
0.125 0.113 14.18 91.858 47.826 
0.335 0.183 0.456 2.326 239.0 
2.45 1.666 81.695 36.09 40.483 
12.099 2.329 10.557 70.702 39.723 
0.15 0.645 3.027 0.686 152.769 
90.787 11.533 4.108 81.25 17.806 
0.003 0.003 0.516 79.884 138.456 
