13.773 14.753 4.372 98.342 23.314 
13.773 14.753 4.372 98.342 23.314 
13.773 14.753 4.372 98.342 23.314 
13.773 14.753 4.372 98.342 23.314 
3.358 0.248 45.798 125.749 89.56 
3.358 0.248 45.798 125.749 89.56 
6.976 24.004 1.011 49.048 109.047 
6.976 24.004 1.011 49.048 109.047 
0.263 0.021 0.34 42.202 262.238 
0.263 0.021 0.34 42.202 262.238 
6.704 66.632 2.944 3.761 97.241 
6.704 66.632 2.944 3.761 97.241 
27.5 20.755 54.557 1.105 61.032 
27.5 20.755 54.557 1.105 61.032 
9.564 0.119 180.021 113.164 78.56 
9.564 0.119 180.021 113.164 78.56 
3.136 1.715 96.304 42.544 14.138 
3.136 1.715 96.304 42.544 14.138 
1.777 73.895 50.09 31.211 6.342 
1.777 73.895 50.09 31.211 6.342 
0.014 1.005 4.434 4.967 383.646 
0.014 1.005 4.434 4.967 383.646 
3.445 27.381 173.839 3.281 96.7 
3.445 27.381 173.839 3.281 96.7 
0.192 16.055 12.716 117.961 6.804 
0.192 16.055 12.716 117.961 6.804 
1.808 3.883 27.51 194.181 4.43 
1.808 3.883 27.51 194.181 4.43 
42.639 38.483 53.697 22.156 6.342 
42.639 38.483 53.697 22.156 6.342 
3.32 6.204 1.786 5.816 32.048 
3.32 6.204 1.786 5.816 32.048 
3.32 6.204 1.786 5.816 32.048 
3.32 6.204 1.786 5.816 32.048 
0.04 0.172 0.806 2.382 169.366 
0.04 0.172 0.806 2.382 169.366 
0.119 0.738 0.008 155.495 135.459 
0.119 0.738 0.008 155.495 135.459 
0.096 0.262 0.058 0.021 137.483 
0.096 0.262 0.058 0.021 137.483 
20.459 4.201 76.524 6.53 38.626 
20.459 4.201 76.524 6.53 38.626 
1.521 3.727 3.796 111.78 88.575 
1.521 3.727 3.796 111.78 88.575 
0.059 0.054 6.733 0.773 101.235 
0.059 0.054 6.733 0.773 101.235 
0.394 0.5 14.378 90.105 4.555 
0.394 0.5 14.378 90.105 4.555 
0.064 0.058 7.327 0.169 101.235 
0.064 0.058 7.327 0.169 101.235 
123.036 45.75 9.84 43.481 7.595 
123.036 45.75 9.84 43.481 7.595 
0.545 0.015 125.192 13.367 154.117 
0.545 0.015 125.192 13.367 154.117 
80.877 0.818 225.018 1.071 74.934 
80.877 0.818 225.018 1.071 74.934 
0.149 0.408 0.09 0.033 137.238 
0.149 0.408 0.09 0.033 137.238 
61.044 3.76 178.493 0.849 59.441 
61.044 3.76 178.493 0.849 59.441 
0.011 0.01 0.069 16.085 323.973 
0.011 0.01 0.069 16.085 323.973 
0.015 0.18 0.211 157.919 5.612 
0.015 0.18 0.211 157.919 5.612 
51.808 38.874 3.974 60.586 24.206 
51.808 38.874 3.974 60.586 24.206 
51.808 38.874 3.974 60.586 24.206 
51.808 38.874 3.974 60.586 24.206 
0.221 0.008 3.494 41.369 138.799 
0.221 0.008 3.494 41.369 138.799 
16.393 34.653 98.548 71.398 11.759 
16.393 34.653 98.548 71.398 11.759 
0.001 0.001 0.093 73.339 126.45 
0.001 0.001 0.093 73.339 126.45 
0.335 0.716 0.01 190.933 166.33 
0.335 0.716 0.01 190.933 166.33 
0.047 0.114 0.116 3.418 236.025 
0.047 0.114 0.116 3.418 236.025 
8.717 26.636 7.645 6.149 20.402 
8.717 26.636 7.645 6.149 20.402 
20.951 4.302 78.368 4.092 38.626 
20.951 4.302 78.368 4.092 38.626 
5.65 1.894 33.31 34.099 76.948 
5.65 1.894 33.31 34.099 76.948 
0.004 0.003 0.47 72.957 126.45 
0.004 0.003 0.47 72.957 126.45 
17.881 70.402 70.388 2.544 74.969 
17.881 70.402 70.388 2.544 74.969 
1.719 0.0 1.769 43.244 186.678 
1.719 0.0 1.769 43.244 186.678 
0.023 0.021 0.141 32.96 270.394 
0.023 0.021 0.141 32.96 270.394 
1.714 0.006 1.769 43.244 186.678 
1.714 0.006 1.769 43.244 186.678 
10.085 0.35 194.005 121.954 84.662 
18.156 156.612 4.849 32.229 49.641 
0.432 0.402 0.162 0.278 231.093 
41.824 9.584 143.844 164.533 5.023 
172.695 64.215 13.812 61.031 10.661 
15.313 6.948 10.798 0.13 315.82 
