0.003 0.004 0.023 182.239 1.988 
110.877 22.767 68.974 13.075 3.998 
0.0 0.0 0.003 33.907 26.799 
0.0 0.0 0.0 0.408 317.863 
0.0 0.0 0.0 0.408 317.863 
139.562 15.357 7.575 0.508 22.429 
25.713 195.062 3.308 0.7 4.166 
2.126 16.132 16.795 0.003 186.188 
5.819 65.107 46.119 29.048 0.941 
110.877 22.767 68.974 13.075 3.998 
25.713 195.062 3.308 0.7 4.166 
18.704 141.891 9.363 0.013 3.311 
82.085 9.032 24.591 0.362 16.915 
49.19 92.818 1.189 1.86 25.542 
0.454 0.05 0.005 0.059 234.495 
83.657 9.205 5.414 23.923 3.302 
129.596 117.449 8.121 3.315 15.575 
28.774 137.833 0.184 40.601 7.092 
13.005 39.739 4.103 8.129 2.57 
28.774 137.833 0.184 40.601 7.092 
49.19 92.818 1.189 1.86 25.542 
7.501 83.927 59.45 15.294 5.736 
0.001 0.002 0.003 56.376 122.528 
129.596 117.449 8.121 3.315 15.575 
0.001 0.002 0.003 56.376 122.528 
12.005 91.068 37.659 0.011 19.366 
5.453 32.481 29.689 20.318 12.816 
10.12 76.775 31.748 28.88 3.987 
12.005 91.068 37.659 0.011 19.366 
21.172 101.419 1.097 30.108 34.678 
0.036 0.192 0.902 78.865 2.49 
1.811 75.316 50.152 31.588 1.023 
0.005 0.002 0.004 116.765 20.562 
0.0 0.009 0.001 138.998 3.757 
5.819 65.107 46.119 29.048 0.941 
15.48 117.432 10.34 0.448 25.303 
139.562 15.357 7.575 0.508 22.429 
0.036 0.192 0.902 78.865 2.49 
2.061 85.696 57.063 15.595 5.537 
15.48 117.432 10.34 0.448 25.303 
0.02 0.018 0.31 0.05 91.184 
0.454 0.05 0.005 0.059 234.495 
0.042 0.007 50.544 7.235 26.158 
0.001 0.062 0.808 0.076 203.842 
21.172 101.419 1.097 30.108 34.678 
2.126 16.132 16.795 0.003 186.188 
8.734 0.108 15.686 25.585 20.803 
0.0 0.011 0.001 166.42 12.79 
2.061 85.696 57.063 15.595 5.537 
7.501 83.927 59.45 15.294 5.736 
0.003 0.004 0.023 182.239 1.988 
82.085 9.032 24.591 0.362 16.915 
0.0 0.011 0.001 166.42 12.79 
6.342 20.026 20.956 0.108 6.912 
0.02 0.119 0.109 0.069 131.157 
0.008 0.009 0.009 153.104 1.67 
0.001 0.0 0.0 0.518 156.327 
0.0 0.009 0.001 138.998 3.757 
6.342 20.026 20.956 0.108 6.912 
0.0 0.0 0.001 0.427 162.506 
0.004 0.011 0.001 91.983 16.199 
0.008 0.009 0.009 153.104 1.67 
0.004 0.011 0.001 91.983 16.199 
0.03 0.159 0.02 105.193 3.831 
0.018 0.096 0.448 45.706 6.319 
1.269 7.557 6.907 24.531 5.868 
18.704 141.891 9.363 0.013 3.311 
0.0 0.0 0.003 33.907 26.799 
5.453 32.481 29.689 20.318 12.816 
13.005 39.739 4.103 8.129 2.57 
0.003 0.003 0.724 0.181 61.519 
10.12 76.775 31.748 28.88 3.987 
0.035 0.111 0.001 0.041 77.698 
83.657 9.205 5.414 23.923 3.302 
5.529 16.897 1.745 33.137 23.79 
0.0 0.008 0.0 115.96 47.687 
0.0 0.008 0.0 115.96 47.687 
0.003 0.003 0.724 0.181 61.519 
0.719 29.103 5.593 32.821 6.129 
0.02 0.018 0.31 0.05 91.184 
0.143 0.033 0.001 108.63 3.721 
0.035 0.111 0.001 0.041 77.698 
0.724 29.319 5.634 33.065 2.719 
8.734 0.108 15.686 25.585 20.803 
0.018 0.096 0.448 45.706 6.319 
0.042 0.007 50.544 7.235 26.158 
1.269 7.557 6.907 24.531 5.868 
0.001 0.001 0.0 20.798 45.202 
0.001 0.062 0.808 0.076 203.842 
0.076 0.027 0.02 0.046 195.725 
0.005 0.004 0.071 0.084 37.494 
0.001 0.001 0.0 20.798 45.202 
0.062 0.01 30.664 7.628 17.353 
1.811 75.316 50.152 31.588 1.023 
0.0 0.0 0.001 13.842 193.86 
0.0 0.0 0.001 13.409 187.809 
0.143 0.033 0.001 108.63 3.721 
0.048 0.189 16.0 2.322 14.667 
0.0 0.006 0.004 0.588 128.674 
0.03 0.159 0.02 105.193 3.831 
