0.0 0.0 0.0 0.0 0.0 0.0 0.0 0.0 0.0 0.0 0.0 0.0 0.096 0.11 179.162 
0.0 0.0 0.017 0.009 0.028 0.68 0.475 1.209 161.485 1.774 14.732 30.697 0.104 77.564 8.597 
0.034 0.012 0.009 0.494 0.031 97.759 12.679 5.503 0.928 0.941 1.247 15.361 10.733 89.19 38.861 
0.036 0.044 2.421 1.28 0.044 3.41 15.991 4.875 2.98 0.392 208.439 32.463 37.137 36.425 37.333 
0.076 0.002 0.033 0.004 0.033 0.034 3.151 17.851 4.087 245.629 7.706 56.936 3.464 21.721 12.793 
21.846 7.434 5.76 43.305 0.921 36.559 10.668 2.31 0.175 0.452 0.575 16.693 51.524 75.973 5.541 
0.0 0.0 0.0 0.0 0.0 0.0 0.0 0.0 0.0 0.001 0.014 0.001 0.001 0.155 260.513 
0.0 0.0 0.0 0.0 0.0 0.0 0.0 0.0 0.0 0.0 0.0 0.0 0.015 0.232 372.493 
0.006 0.015 0.15 0.01 1.0 18.251 235.32 5.53 1.677 1.293 34.147 20.867 24.448 3.231 25.19 
0.0 0.0 0.0 0.0 0.0 0.0 0.0 0.0 0.0 0.0 0.003 0.001 0.343 0.013 311.795 
0.0 0.0 0.0 0.0 0.0 0.0 0.0 0.001 0.0 0.005 0.113 0.089 0.011 0.251 409.03 
10.389 38.137 20.767 0.897 27.378 22.216 11.28 2.216 18.129 48.484 2.458 19.54 64.469 11.559 116.017 
0.0 0.006 0.201 0.04 0.002 0.058 0.089 2.236 0.358 0.592 5.767 1.265 1.036 383.271 18.238 
0.029 0.052 2.468 1.27 1.085 0.435 34.86 191.777 3.797 83.519 1.379 29.042 27.804 2.124 0.402 
0.0 0.0 0.0 0.0 0.0 0.0 0.0 0.0 0.0 0.0 0.001 0.0 0.024 0.226 380.395 
18.367 17.825 44.106 0.117 40.969 8.203 89.148 1.011 6.444 68.426 15.872 0.979 24.824 41.252 1.232 
4.49 1.174 0.649 0.003 0.643 0.484 0.192 0.626 0.51 14.332 0.022 312.004 8.297 42.127 19.867 
2.762 0.451 26.182 5.567 88.217 11.053 5.403 8.261 10.081 1.969 1.967 20.79 12.379 119.394 50.678 
0.0 0.0 0.0 0.0 0.215 1.149 0.009 1.081 0.682 0.953 0.004 25.566 350.087 0.507 20.046 
0.0 0.001 0.056 0.141 0.002 0.072 0.199 0.274 0.066 0.887 0.171 0.074 237.697 82.014 0.381 
53.787 26.805 9.235 13.511 1.846 7.318 2.903 17.987 8.235 4.837 0.141 270.971 10.338 4.734 11.264 
0.0 0.0 0.0 0.0 0.0 0.0 0.0 0.0 0.0 0.0 0.0 0.0 0.022 0.227 376.861 
52.799 14.508 28.804 1.244 37.974 30.815 17.229 3.1 9.891 62.88 3.188 25.341 49.234 25.772 51.158 
31.539 7.735 7.725 23.424 1.376 33.114 0.698 1.929 15.731 0.432 10.398 17.218 53.147 39.237 54.509 
0.198 0.358 0.039 0.584 0.601 0.026 0.047 1.241 2.137 95.313 145.809 31.632 18.484 18.793 11.91 
12.812 12.434 30.766 0.082 28.578 5.722 62.184 0.705 84.97 67.291 16.461 0.342 25.691 42.693 1.275 
18.367 17.825 44.106 0.117 40.969 8.203 89.148 1.011 6.444 68.426 15.872 0.979 24.824 41.252 1.232 
10.389 38.137 20.767 0.897 27.378 22.216 11.28 2.216 18.129 48.484 2.458 19.54 64.469 11.559 116.017 
2.689 0.042 1.261 0.756 5.082 57.894 33.767 28.601 0.081 9.374 31.159 34.885 112.132 1.866 13.095 
0.002 0.004 0.003 0.07 0.486 95.108 47.703 3.178 0.944 4.38 0.049 18.384 49.483 16.71 63.078 
5.323 0.093 13.244 3.534 48.599 6.352 2.874 1.834 56.243 3.91 1.746 18.458 10.99 81.737 41.083 
0.319 20.863 9.065 37.382 37.543 23.948 12.159 2.58 0.196 68.129 0.943 114.898 22.225 26.784 40.689 
0.029 0.052 2.468 1.27 1.085 0.435 34.86 191.777 3.797 83.519 1.379 29.042 27.804 2.124 0.402 
0.009 0.23 7.308 18.756 2.669 10.404 28.993 135.263 18.041 7.544 23.042 9.975 39.354 79.081 9.177 
0.036 0.044 2.421 1.28 0.044 3.41 15.991 4.875 2.98 0.392 208.439 32.463 37.137 36.425 37.333 
1.035 2.743 1.017 0.856 6.05 0.853 152.03 3.648 0.532 4.59 0.144 37.474 124.692 25.52 9.403 
0.633 0.649 0.391 4.158 12.223 16.101 3.146 105.644 2.484 11.249 1.927 7.423 135.376 22.915 35.0 
4.969 3.036 4.54 0.813 3.562 16.325 2.426 6.783 102.952 44.203 10.215 62.168 15.487 0.464 29.662 
0.236 0.626 6.099 1.243 8.783 1.238 220.702 5.296 0.7 8.364 0.21 54.754 5.073 23.822 8.778 
0.003 0.079 2.51 6.442 70.033 5.145 62.006 47.812 17.19 69.002 28.17 9.195 25.25 89.898 5.443 
0.319 20.863 9.065 37.382 37.543 23.948 12.159 2.58 0.196 68.129 0.943 114.898 22.225 26.784 40.689 
12.656 4.307 2.503 30.179 42.098 6.686 12.691 11.707 3.602 3.58 0.578 5.164 60.912 120.36 9.78 
2.053 4.819 8.374 1.228 1.672 4.132 15.326 1.527 140.845 5.01 3.213 24.165 11.568 13.173 19.219 
0.117 1.311 0.435 4.632 13.616 17.936 3.504 21.687 1.099 34.69 1.218 4.692 85.565 239.678 46.424 
0.037 0.006 1.338 0.096 2.611 5.089 0.061 5.384 11.294 0.778 2.374 165.171 7.616 51.945 142.736 
0.009 0.23 7.308 18.756 2.669 10.404 28.993 135.263 18.041 7.544 23.042 9.975 39.354 79.081 9.177 
2.762 0.451 26.182 5.567 88.217 11.053 5.403 8.261 10.081 1.969 1.967 20.79 12.379 119.394 50.678 
0.438 0.01 0.192 0.024 0.189 0.194 2.571 19.384 0.031 223.888 7.024 51.896 4.804 19.904 11.722 
31.539 7.735 7.725 23.424 1.376 33.114 0.698 1.929 15.731 0.432 10.398 17.218 53.147 39.237 54.509 
0.419 0.247 20.377 0.03 8.62 23.614 97.329 28.645 93.245 7.587 8.959 4.442 0.544 36.071 26.76 
2.665 0.435 25.262 5.372 73.869 9.656 4.72 10.006 8.997 1.168 1.748 18.476 11.001 106.109 45.039 
0.694 0.01 0.385 0.014 0.562 1.235 0.019 5.776 6.716 0.436 90.414 13.852 184.034 79.752 1.477 
0.807 11.88 2.199 0.849 9.679 26.485 127.389 16.218 0.266 5.543 2.476 7.134 5.493 6.211 78.531 
0.018 0.431 0.512 0.763 3.046 43.606 13.234 12.964 19.657 0.612 71.784 182.809 25.776 98.387 14.1 
0.075 4.871 2.117 8.728 8.766 5.591 2.839 39.417 6.622 37.374 96.727 114.898 22.225 26.784 40.689 
0.657 0.107 1.87 0.499 6.861 0.346 0.416 0.247 7.56 147.284 2.039 21.556 9.551 93.908 47.201 
0.001 0.001 0.001 0.005 0.003 0.023 0.003 0.007 0.225 177.323 60.552 5.642 14.411 19.745 29.662 
53.787 26.805 9.235 13.511 1.846 7.318 2.903 17.987 8.235 4.837 0.141 270.971 10.338 4.734 11.264 
7.457 5.963 5.743 0.028 7.85 5.468 30.889 8.002 0.523 21.758 0.213 67.643 60.836 31.231 94.524 
52.799 14.508 28.804 1.244 37.974 30.815 17.229 3.1 9.891 62.88 3.188 25.341 49.234 25.772 51.158 
26.083 16.057 13.078 5.081 2.259 14.245 0.511 45.056 23.608 47.689 4.376 26.798 100.888 9.348 8.724 
5.323 0.093 13.244 3.534 48.599 6.352 2.874 1.834 56.243 3.91 1.746 18.458 10.99 81.737 41.083 
0.026 0.061 0.047 0.659 1.402 0.5 7.377 0.409 37.722 164.843 3.7 38.105 6.637 32.076 23.796 
8.244 2.806 1.63 15.671 24.041 53.322 13.63 12.573 18.993 4.273 1.908 6.212 70.605 143.156 11.633 
0.012 0.021 0.005 0.334 0.585 0.218 0.099 22.555 10.936 16.441 4.304 7.128 95.214 165.355 26.199 
0.773 0.976 0.209 2.421 4.689 0.023 126.986 11.162 0.2 4.289 19.02 6.869 11.81 161.918 13.273 
0.012 0.811 0.628 0.631 1.156 1.651 0.124 0.092 0.747 0.166 0.506 3.517 0.564 317.946 35.456 
3.587 25.409 12.409 0.06 0.741 8.535 50.422 9.843 0.812 33.827 0.407 18.753 62.067 31.863 96.438 
2.665 0.435 25.262 5.372 73.869 9.656 4.72 10.006 8.997 1.168 1.748 18.476 11.001 106.109 45.039 
1.764 3.195 0.567 9.814 15.763 12.861 3.167 3.6 9.289 16.8 4.787 20.079 197.761 36.732 1.231 
3.859 6.99 1.274 14.982 33.588 1.709 3.736 6.591 5.642 42.255 1.131 1.346 3.82 14.937 168.404 
24.857 8.459 6.553 19.871 0.703 4.258 5.959 1.291 0.098 25.842 0.435 12.625 38.969 53.987 45.608 
21.846 7.434 5.76 43.305 0.921 36.559 10.668 2.31 0.175 0.452 0.575 16.693 51.524 75.973 5.541 
0.0 0.037 1.155 0.229 0.011 0.127 0.452 0.272 0.065 0.067 3.204 0.76 0.623 230.383 173.577 
17.397 10.71 8.723 6.348 1.617 55.77 0.669 58.997 30.913 39.542 19.39 33.839 127.396 11.804 11.016 
26.083 16.057 13.078 5.081 2.259 14.245 0.511 45.056 23.608 47.689 4.376 26.798 100.888 9.348 8.724 
14.426 17.185 3.785 0.052 14.499 10.1 59.67 15.11 0.987 41.086 65.848 31.169 103.16 52.958 10.367 
0.018 0.431 0.512 0.763 3.046 43.606 13.234 12.964 19.657 0.612 71.784 182.809 25.776 98.387 14.1 
0.003 0.079 2.51 6.442 70.033 5.145 62.006 47.812 17.19 69.002 28.17 9.195 25.25 89.898 5.443 
0.0 0.0 0.0 0.0 0.0 0.001 0.0 0.001 0.0 3.409 0.003 21.323 291.982 0.493 16.723 
0.0 0.0 0.0 0.0 0.215 1.149 0.009 1.081 0.682 0.953 0.004 25.566 350.087 0.507 20.046 
1.035 2.743 1.017 0.856 6.05 0.853 152.03 3.648 0.532 4.59 0.144 37.474 124.692 25.52 9.403 
12.656 4.307 2.503 30.179 42.098 6.686 12.691 11.707 3.602 3.58 0.578 5.164 60.912 120.36 9.78 
17.397 10.71 8.723 6.348 1.617 55.77 0.669 58.997 30.913 39.542 19.39 33.839 127.396 11.804 11.016 
13.602 2.221 2.743 3.315 13.458 8.047 9.394 81.868 19.735 4.371 1.952 1.224 8.821 58.438 37.913 
0.0 0.001 0.056 0.141 0.002 0.072 0.199 0.274 0.066 0.887 0.171 0.074 237.697 82.014 0.381 
0.248 0.448 0.509 1.489 2.799 7.006 1.177 5.906 2.864 10.616 2.779 4.85 2.757 373.01 6.013 
0.005 0.002 0.216 0.114 0.597 0.834 3.91 0.231 0.071 11.725 117.257 80.201 6.471 14.05 25.434 
0.012 0.811 0.628 0.631 1.156 1.651 0.124 0.092 0.747 0.166 0.506 3.517 0.564 317.946 35.456 
0.034 0.079 0.137 0.138 0.001 0.088 0.328 0.14 0.523 7.574 0.416 1.747 291.132 37.087 1.108 
0.0 0.0 0.0 0.0 0.0 0.0 0.0 0.0 0.0 0.0 0.0 0.0 0.105 0.12 196.383 
0.737 0.031 10.681 0.15 5.909 12.983 0.11 60.542 70.399 51.729 25.468 31.121 3.838 71.768 1.329 
4.49 1.174 0.649 0.003 0.643 0.484 0.192 0.626 0.51 14.332 0.022 312.004 8.297 42.127 19.867 
0.001 0.001 0.001 0.005 0.003 0.023 0.003 0.007 0.225 177.323 60.552 5.642 14.411 19.745 29.662 
2.053 4.819 8.374 1.228 1.672 4.132 15.326 1.527 140.845 5.01 3.213 24.165 11.568 13.173 19.219 
13.239 8.451 16.72 6.62 1.687 5.32 0.346 52.362 0.041 34.231 3.458 19.279 69.935 79.293 31.938 
0.075 4.871 2.117 8.728 8.766 5.591 2.839 39.417 6.622 37.374 96.727 114.898 22.225 26.784 40.689 
0.0 0.0 0.017 0.009 0.028 0.68 0.475 1.209 161.485 1.774 14.732 30.697 0.104 77.564 8.597 
14.137 4.811 2.796 26.872 41.225 6.548 12.428 11.464 37.263 4.46 1.992 6.485 73.709 149.449 12.144 
0.0 0.0 0.001 0.002 1.107 5.926 0.047 1.487 2.38 14.507 11.287 230.89 14.579 0.44 14.901 
