0.0 0.001 0.002 0.001 0.0 0.0 0.009 0.003 0.135 0.642 0.525 213.807 97.807 65.505 3.238 
0.016 0.009 0.006 0.016 3.412 13.293 75.517 3.12 4.284 47.079 52.112 28.617 20.989 37.825 28.276 
0.0 0.0 0.0 0.0 0.0 0.002 0.005 0.015 0.025 4.373 10.224 102.069 0.005 132.152 31.743 
0.0 0.003 0.001 0.006 0.004 0.001 0.178 0.032 0.061 0.297 2.675 0.306 296.987 32.425 143.868 
0.016 0.055 0.11 0.052 0.015 0.017 0.445 0.159 6.615 37.752 29.856 130.296 93.378 62.54 3.091 
0.0 0.0 0.0 0.0 0.0 0.0 0.002 0.232 0.73 10.89 0.681 35.817 200.371 103.108 18.472 
0.0 0.0 0.003 0.004 0.044 0.179 0.463 0.314 0.824 3.117 4.917 68.766 0.004 190.638 11.602 
0.008 0.012 0.005 0.012 1.929 7.552 42.906 2.965 58.842 53.955 59.723 32.796 24.054 84.436 6.607 
0.014 0.011 0.1 0.054 0.014 0.039 0.088 2.703 0.583 35.049 20.278 108.928 8.569 46.263 6.63 
0.0 0.0 0.0 0.0 0.0 0.0 0.0 0.001 0.003 0.118 0.063 2.792 76.408 33.979 251.291 
0.0 0.0 0.0 0.0 0.0 0.002 0.004 0.003 0.01 1.689 3.95 39.434 0.001 125.948 111.505 
0.0 0.001 0.002 0.001 0.0 0.0 0.009 0.003 0.135 0.642 0.525 213.807 97.807 65.505 3.238 
0.016 0.009 0.006 0.016 3.412 13.293 75.517 3.12 4.284 47.079 52.112 28.617 20.989 37.825 28.276 
0.001 0.001 0.0 0.001 0.207 0.812 4.616 0.319 0.268 135.783 50.428 27.692 20.31 35.551 27.258 
0.0 0.001 0.0 0.0 0.0 0.0 0.032 0.831 0.752 3.253 44.82 11.002 135.487 147.392 6.148 
0.004 0.001 0.18 0.329 1.779 10.097 12.554 4.743 13.308 66.576 99.1 2.693 14.649 35.091 5.319 
0.0 0.0 0.0 0.001 0.001 0.0 0.048 1.247 1.379 0.234 26.79 102.282 7.342 66.528 105.876 
0.044 0.037 0.039 0.026 0.019 0.191 0.069 0.193 0.304 0.187 15.205 78.023 89.292 91.641 11.004 
0.0 0.0 0.0 0.0 0.0 0.002 0.005 0.015 0.025 4.373 10.224 102.069 0.005 132.152 31.743 
0.0 0.003 0.001 0.006 0.004 0.001 0.178 0.032 0.061 0.297 2.675 0.306 296.987 32.425 143.868 
0.0 0.0 0.0 0.0 0.0 0.0 0.0 0.0 0.0 0.0 0.002 0.006 4.587 15.995 347.397 
0.002 0.005 0.001 0.001 0.004 0.001 0.004 0.005 8.809 4.227 6.711 18.832 1.518 8.577 90.08 
0.069 0.008 0.066 0.012 0.247 0.003 0.034 1.726 1.04 2.775 75.375 31.971 33.027 94.949 29.204 
0.016 0.055 0.11 0.052 0.015 0.017 0.445 0.159 6.615 37.752 29.856 130.296 93.378 62.54 3.091 
0.0 0.0 0.001 0.0 0.014 0.0 0.063 0.04 0.013 3.713 0.799 45.328 207.082 19.717 14.531 
0.001 0.002 0.0 0.0 0.027 0.022 0.011 0.187 0.121 4.553 2.4 16.345 190.822 9.113 5.727 
0.0 0.0 0.0 0.0 0.0 0.0 0.0 0.003 0.002 0.001 0.076 0.234 180.948 3.937 22.415 
0.146 0.083 0.052 0.143 0.138 2.162 12.28 0.507 0.697 142.009 56.184 30.852 22.628 39.609 30.369 
0.0 0.0 0.0 0.0 0.0 0.0 0.001 0.037 0.041 0.058 1.255 0.568 4.376 238.815 4.387 
0.0 0.0 0.0 0.0 0.006 0.006 0.128 0.156 0.327 0.126 10.269 52.691 60.301 61.888 7.431 
0.001 0.001 0.008 0.002 0.012 0.142 0.017 1.549 0.22 18.973 10.977 58.966 35.588 32.759 4.74 
0.0 0.0 0.0 0.002 0.001 0.002 0.004 0.003 0.02 0.003 0.005 0.004 0.348 0.047 380.339 
0.0 0.0 0.0 0.0 0.0 0.001 0.019 0.019 0.017 0.013 0.431 0.349 70.852 168.903 20.309 
0.0 0.0 0.0 0.0 0.0 0.0 0.002 0.232 0.73 10.89 0.681 35.817 200.371 103.108 18.472 
0.0 0.0 0.003 0.004 0.044 0.179 0.463 0.314 0.824 3.117 4.917 68.766 0.004 190.638 11.602 
0.0 0.0 0.0 0.0 0.0 0.0 0.001 0.0 0.019 1.847 0.707 1.925 6.941 176.219 97.117 
0.0 0.0 0.0 0.0 0.004 0.001 0.032 0.007 0.004 0.012 6.183 12.793 0.904 5.619 152.331 
0.009 0.001 0.002 0.001 0.62 0.175 0.068 23.276 11.606 3.558 26.194 16.26 99.493 3.937 22.415 
0.008 0.012 0.005 0.012 1.929 7.552 42.906 2.965 58.842 53.955 59.723 32.796 24.054 84.436 6.607 
0.003 0.009 0.002 0.002 0.001 0.0 0.315 8.163 0.381 17.864 27.186 11.941 147.038 159.958 36.825 
0.064 0.044 0.045 0.04 0.013 0.013 0.366 0.113 5.311 0.163 1.278 82.858 105.791 41.049 2.029 
0.014 0.011 0.1 0.054 0.014 0.039 0.088 2.703 0.583 35.049 20.278 108.928 8.569 46.263 6.63 
0.001 0.001 0.001 0.001 0.0 0.004 0.004 0.059 5.141 20.813 23.872 28.074 148.665 8.934 64.864 
0.0 0.0 0.0 0.0 0.0 0.0 0.0 0.001 0.003 0.118 0.063 2.792 76.408 33.979 251.291 
0.0 0.0 0.0 0.012 0.011 0.086 0.037 0.543 6.365 15.395 0.165 13.644 53.553 114.632 49.497 
0.0 0.0 0.0 0.0 0.0 0.0 0.008 0.037 0.031 0.013 0.026 0.0 0.132 0.28 457.123 
0.0 0.008 0.004 0.001 0.004 0.011 0.347 0.128 0.039 0.567 0.891 0.188 182.497 19.925 88.406 
0.0 0.0 0.0 0.0 0.0 0.0 0.0 0.0 0.004 0.052 0.257 5.45 9.387 52.142 42.032 
0.0 0.0 0.001 0.001 0.002 0.007 0.022 0.004 0.002 0.065 1.167 43.411 51.575 0.887 105.853 
0.0 0.0 0.009 0.011 0.012 0.001 0.004 0.043 0.069 0.069 0.148 12.644 35.313 0.873 221.575 
0.0 0.0 0.0 0.0 0.0 0.0 0.003 0.001 0.001 0.008 0.007 0.044 33.881 118.139 221.837 
0.0 0.0 0.0 0.0 0.0 0.007 0.021 0.139 0.703 0.828 0.773 8.429 28.763 6.101 58.266 
0.0 0.0 0.0 0.002 0.0 0.003 0.044 0.175 5.043 5.667 3.145 4.101 58.639 64.297 2.962 
0.002 0.002 0.0 0.012 0.071 0.02 0.18 0.515 0.934 2.403 0.386 7.229 7.551 1.068 267.035 
0.0 0.0 0.0 0.0 0.0 0.001 0.001 0.001 0.017 0.034 0.125 0.134 0.527 145.548 75.758 
0.0 0.0 0.0 0.0 0.0 0.0 0.002 0.002 0.03 0.004 0.107 0.095 0.137 195.335 13.604 
0.0 0.0 0.0 0.0 0.0 0.001 0.003 0.022 0.025 0.093 0.7 0.579 0.186 12.413 276.131 
0.001 0.0 0.003 0.011 0.0 0.018 0.006 0.005 5.09 1.115 13.261 21.978 5.678 76.49 94.6 
0.0 0.001 0.022 0.051 0.059 1.673 6.202 2.641 3.496 13.803 81.812 56.598 18.221 121.482 0.97 
0.0 0.0 0.0 0.0 0.0 0.0 0.001 0.033 0.247 0.009 6.337 1.092 30.214 3.105 184.082 
0.0 0.0 0.0 0.0 0.0 0.0 0.026 0.005 0.01 0.031 0.224 1.419 1.159 125.94 256.794 
0.0 0.0 0.0 0.0 0.0 0.0 0.0 0.018 0.797 0.182 0.475 4.0 20.021 14.655 83.339 
0.0 0.0 0.0 0.001 0.001 0.002 0.007 0.01 0.004 1.098 0.002 3.062 19.336 1.757 236.451 
0.0 0.0 0.0 0.0 0.01 0.005 0.005 0.115 6.035 30.456 24.249 16.953 128.935 35.789 43.143 
0.0 0.0 0.0 0.0 0.006 0.001 0.048 0.0 0.077 0.048 2.024 4.52 0.32 2.279 55.569 
0.0 0.0 0.0 0.0 0.0 0.0 0.0 0.0 0.0 0.005 0.028 0.116 4.433 75.681 116.502 
0.0 0.0 0.0 0.0 0.001 0.001 0.0 0.024 0.079 0.098 0.88 1.617 5.006 179.363 77.268 
0.0 0.0 0.0 0.0 0.0 0.0 0.0 0.001 0.001 0.005 0.012 0.1 65.02 87.629 162.919 
0.005 0.001 0.004 0.001 0.017 0.001 0.041 0.425 0.238 0.635 18.316 122.936 41.564 4.0 22.776 
0.0 0.0 0.0 0.0 0.001 0.002 0.006 0.004 0.122 0.267 21.03 11.922 84.485 182.48 29.448 
0.0 0.0 0.0 0.0 0.0 0.009 0.019 0.589 3.472 6.524 12.318 22.897 24.633 25.54 145.835 
0.002 0.001 0.088 0.16 0.867 4.923 15.75 4.144 17.107 66.648 99.208 2.467 14.649 35.091 5.319 
0.002 0.002 0.001 0.009 0.024 0.033 0.009 0.031 0.249 0.186 0.043 26.799 59.059 49.862 138.108 
0.0 0.0 0.0 0.001 0.001 0.005 0.001 0.135 0.507 0.002 9.676 0.968 15.251 105.501 160.044 
0.0 0.001 0.001 0.0 0.015 0.021 0.032 1.424 3.303 0.859 1.189 3.0 75.984 43.023 10.876 
0.0 0.0 0.0 0.0 0.003 0.07 0.009 0.011 0.039 0.031 1.013 6.495 52.12 140.844 91.685 
0.0 0.0 0.0 0.003 0.001 0.102 0.723 0.787 0.237 1.272 1.759 0.087 43.583 129.279 68.522 
0.0 0.0 0.0 0.0 0.001 0.001 0.004 0.002 0.01 0.035 0.261 0.242 0.671 46.211 223.53 
0.0 0.0 0.0 0.0 0.0 0.0 0.0 0.0 0.009 0.055 0.424 1.85 1.587 10.084 168.913 
0.0 0.0 0.001 0.002 0.006 0.097 0.216 0.354 1.518 0.241 0.193 6.38 0.12 1.102 217.206 
0.0 0.0 0.0 0.001 0.001 0.0 0.048 1.247 1.379 0.234 26.79 102.282 7.342 66.528 105.876 
0.0 0.0 0.0 0.0 0.0 0.0 0.0 0.002 0.004 0.169 0.128 0.875 7.188 30.989 108.217 
0.0 0.001 0.006 0.033 0.003 0.038 0.095 0.039 0.562 0.077 3.036 18.26 166.859 41.657 1.557 
0.0 0.0 0.0 0.0 0.001 0.003 0.009 0.009 0.009 0.151 4.116 20.56 17.747 129.71 38.564 
0.001 0.002 0.001 0.0 0.011 0.018 0.007 0.054 0.643 0.15 37.556 147.769 41.907 51.516 11.178 
0.0 0.0 0.0 0.0 0.0 0.0 0.005 0.018 0.026 0.294 0.249 10.784 54.252 45.32 144.295 
0.0 0.0 0.0 0.001 0.009 0.001 0.007 2.922 0.864 5.514 0.741 21.275 134.146 12.655 1.15 
0.0 0.0 0.0 0.0 0.004 0.013 0.074 0.011 0.589 1.597 0.191 0.958 53.431 87.226 97.68 
0.0 0.0 0.0 0.0 0.003 0.0 0.028 0.088 0.056 1.967 0.445 7.388 124.301 10.299 7.59 
0.0 0.0 0.0 0.0 0.0 0.0 0.001 0.0 0.035 0.055 1.415 0.54 2.681 178.171 147.99 
0.0 0.0 0.0 0.0 0.0 0.0 0.0 0.0 0.034 0.018 0.05 61.599 7.724 38.272 29.654 
0.132 0.591 0.121 0.109 0.057 1.69 0.566 1.679 2.168 8.214 16.355 70.68 96.884 8.465 26.493 
0.0 0.001 0.0 0.002 0.065 0.077 0.291 0.198 0.518 1.18 0.883 22.402 60.065 207.72 7.514 
0.0 0.0 0.0 0.0 0.0 0.0 0.0 0.0 0.0 0.016 0.008 0.207 5.936 200.607 71.06 
0.0 0.0 0.0 0.0 0.0 0.025 0.025 0.007 0.0 0.034 0.092 0.5 16.458 163.103 144.716 
0.0 0.0 0.0 0.0 0.0 0.0 0.001 0.002 0.008 0.038 1.477 2.554 5.422 267.329 5.423 
0.0 0.0 0.0 0.0 0.0 0.0 0.0 0.0 0.001 0.002 0.019 0.104 0.266 4.283 222.04 
0.0 0.0 0.0 0.001 0.002 0.001 0.002 0.001 0.005 0.011 0.032 0.061 0.325 3.17 257.412 
0.0 0.0 0.001 0.0 0.001 0.001 0.0 0.002 0.003 0.004 1.06 1.628 0.361 2.704 189.612 
0.0 0.0 0.0 0.0 0.0 0.0 0.0 0.0 0.0 0.0 0.002 0.0 0.219 0.252 411.423 
