0.0 0.0 0.0 0.0 0.0 0.0 0.0 0.0 0.0 0.0 0.0 0.0 0.0 0.0 74.385 
0.0 0.0 0.0 0.0 0.0 0.0 0.0 0.0 0.0 0.0 0.0 6.262 0.0 43.884 189.851 
0.0 0.0 0.0 0.0 0.0 0.0 0.0 0.0 0.019 0.003 0.015 1.287 3.594 4.242 32.4 
0.0 0.0 0.0 0.0 0.0 0.0 0.0 0.0 0.0 0.0 0.0 0.0 149.569 103.799 0.0 
0.0 0.0 0.0 0.0 0.0 0.0 0.0 0.0 0.0 0.001 0.002 0.01 7.672 8.647 158.447 
0.001 0.002 0.002 0.0 0.002 0.006 0.004 0.085 0.429 0.024 0.567 6.324 19.651 4.168 140.813 
0.0 0.0 0.0 0.0 0.0 0.0 0.0 4.914 0.775 0.639 7.522 7.204 33.341 30.621 228.349 
0.0 0.0 0.0 0.0 0.0 0.0 0.0 0.0 0.0 0.0 23.431 31.763 178.031 11.835 5.144 
0.0 0.0 0.0 0.0 0.0 0.0 0.0 0.0 0.0 0.0 0.0 0.0 53.477 80.587 0.0 
0.003 0.003 0.001 0.028 0.135 1.042 2.022 0.0 3.766 9.686 1.554 29.138 125.143 23.598 10.233 
0.0 0.0 0.0 0.0 0.0 0.0 0.0 0.0 0.0 0.0 1.325 1.311 4.13 104.223 57.439 
0.0 0.0 0.0 0.0 0.0 0.0 0.0 0.055 0.063 8.084 8.198 26.456 113.07 49.048 31.329 
0.0 0.0 0.0 0.0 0.0 0.0 0.0 0.0 0.0 0.0 0.0 0.0 0.0 161.207 85.313 
0.0 0.0 0.001 0.0 0.001 0.002 0.026 0.028 0.261 0.034 0.071 1.8 1.264 27.167 140.638 
0.0 0.0 0.0 0.0 0.001 0.002 0.002 0.0 0.015 0.038 0.287 0.238 0.422 7.771 172.856 
0.0 0.0 0.0 0.0 0.0 0.0 0.0 0.0 0.0 0.0 0.0 0.0 0.0 152.292 77.186 
0.0 0.0 0.0 0.0 0.0 0.0 0.0 0.0 0.0 0.0 0.0 0.0 0.0 121.264 23.682 
0.0 0.0 0.0 0.0 0.0 0.0 0.0 0.0 0.0 0.0 0.0 0.0 0.0 77.28 119.129 
0.0 0.0 0.0 0.0 0.0 0.0 0.0 0.0 0.0 0.0 0.0 8.69 24.982 2.757 163.404 
0.0 0.001 0.0 0.001 0.0 0.002 0.0 0.113 3.756 1.716 5.49 33.736 123.438 97.297 92.91 
0.0 0.0 0.0 0.0 0.0 0.0 0.007 0.008 0.013 0.09 0.368 2.18 11.249 53.168 0.0 
0.0 0.0 0.0 0.0 0.0 0.0 0.0 0.0 0.0 3.821 4.7 14.379 17.028 96.984 96.498 
0.0 0.0 0.0 0.0 0.0 0.0 0.0 0.0 0.019 0.151 0.873 5.018 79.857 49.388 36.948 
0.0 0.0 0.0 0.0 0.0 0.0 0.0 0.326 0.306 3.551 1.992 5.314 20.21 26.046 116.216 
0.0 0.0 0.0 0.0 0.0 0.0 0.0 0.0 0.0 0.0 0.0 0.0 75.667 25.996 18.083 
0.0 0.0 0.0 0.0 0.0 0.001 0.0 0.017 0.067 0.583 0.62 0.303 7.23 35.952 290.465 
0.0 0.0 0.0 0.0 0.0 0.0 0.0 0.0 0.0 0.0 2.557 0.712 0.379 9.628 86.735 
0.0 0.0 0.0 0.0 0.0 0.0 0.0 0.0 0.0 0.487 0.384 1.785 0.68 2.756 36.303 
0.0 0.0 0.0 0.0 0.0 0.0 0.0 0.007 0.015 0.04 0.055 0.212 9.753 58.681 99.809 
0.0 0.0 0.0 0.0 0.0 0.0 0.0 0.0 0.0 0.0 0.0 0.0 0.0 0.0 66.641 
0.0 0.0 0.0 0.0 0.0 0.0 0.0 0.0 0.0 0.0 0.0 0.0 0.0 0.0 224.843 
0.0 0.0 0.0 0.0 0.0 0.0 0.0 0.0 0.0 0.0 0.0 0.024 13.217 65.621 84.101 
0.0 0.0 0.0 0.0 0.0 0.0 0.0 0.0 0.0 0.0 0.0 0.0 49.429 51.213 69.924 
0.0 0.0 0.0 0.001 0.002 0.001 0.001 0.022 0.004 0.035 0.853 5.75 6.087 4.511 130.681 
0.024 0.017 0.141 0.092 0.012 1.096 6.228 62.281 3.139 7.498 28.595 49.186 14.606 25.567 19.603 
0.0 0.0 0.0 0.0 0.009 0.04 0.01 0.023 0.03 0.029 0.339 0.93 0.714 8.75 147.023 
0.0 0.0 0.0 0.0 0.0 0.0 0.0 0.0 0.0 0.0 0.0 0.0 0.0 0.0 194.845 
0.0 0.0 0.0 0.0 0.0 0.0 0.0 0.0 0.0 0.0 0.0 0.0 0.0 0.0 188.359 
0.0 0.0 0.0 0.0 0.0 0.305 0.309 0.117 0.107 1.297 1.93 1.072 52.544 89.321 0.0 
0.0 0.0 0.0 0.0 0.0 0.0 0.0 0.0 0.001 0.007 0.021 0.584 1.323 119.809 123.351 
0.0 0.0 0.0 0.0 0.0 0.0 0.0 0.0 0.0 0.0 0.0 0.0 4.551 59.78 77.971 
0.0 0.0 0.0 0.0 0.153 0.184 0.039 0.0 0.83 0.0 0.047 4.441 64.378 16.875 92.469 
0.0 0.0 0.0 0.0 0.0 0.0 0.0 0.684 1.665 0.546 0.0 5.2 29.867 60.418 74.814 
0.0 0.0 0.0 0.0 0.0 0.0 0.0 0.0 0.0 0.0 0.0 10.553 71.706 77.532 13.488 
0.0 0.0 0.0 0.0 0.0 0.0 0.0 0.0 0.0 0.0 0.0 4.633 16.717 18.3 15.278 
0.0 0.0 0.0 0.0 0.0 0.0 0.0 0.0 0.0 0.0 0.0 0.0 0.0 0.0 287.246 
0.009 0.001 0.004 0.004 0.086 0.052 0.08 0.431 0.084 0.337 0.598 17.867 13.278 11.115 27.237 
0.0 0.0 0.005 0.0 0.0 0.012 0.004 0.038 0.651 0.03 4.917 5.066 26.507 24.096 135.954 
0.0 0.0 0.0 0.0 0.0 0.0 0.0 0.0 0.0 0.0 0.0 0.0 0.0 0.0 124.693 
0.0 0.0 0.0 0.0 0.0 0.0 0.0 0.0 0.0 0.0 0.0 0.0 11.777 74.951 128.583 
0.0 0.0 0.0 0.0 0.0 0.0 0.136 0.039 0.003 0.001 0.448 1.41 1.297 0.971 144.169 
0.0 0.0 0.0 0.001 0.0 0.0 0.002 0.087 0.457 1.458 18.462 4.532 55.809 38.587 85.256 
0.0 0.0 0.0 0.0 0.0 0.0 0.0 0.0 0.0 0.0 0.0 5.644 4.284 14.535 60.116 
0.0 0.0 0.001 0.0 0.001 0.007 0.003 0.008 0.006 0.057 0.307 2.168 15.609 23.951 199.112 
0.0 0.0 0.0 0.0 0.0 0.0 0.001 0.006 0.304 0.051 4.065 0.734 28.511 38.005 94.793 
0.0 0.0 0.0 0.0 0.0 0.0 0.0 0.0 0.0 0.0 0.0 31.936 6.813 56.182 110.997 
0.0 0.0 0.0 0.0 0.0 0.0 0.0 0.0 0.0 0.058 4.24 5.748 21.202 217.878 12.171 
0.0 0.0 0.0 0.0 0.0 0.0 0.0 0.0 0.0 0.0 0.0 0.0 0.0 0.0 232.941 
0.007 0.005 0.01 0.045 0.025 0.014 0.033 0.049 1.434 14.859 2.631 33.163 112.082 34.404 0.0 
0.0 0.0 0.0 0.0 0.0 0.0 0.0 0.0 0.0 0.0 0.0 0.0 0.0 103.755 29.127 
0.0 0.0 0.0 0.0 0.0 0.0 0.0 0.0 0.0 0.0 0.0 0.0 0.0 0.0 200.821 
0.0 0.0 0.0 0.0 0.0 0.0 0.043 0.191 0.129 0.074 5.991 22.186 42.592 35.536 154.261 
0.0 0.0 0.0 0.0 0.0 0.0 0.0 0.0 0.0 0.192 0.111 0.545 4.041 16.828 175.079 
0.0 0.0 0.0 0.0 0.0 0.0 0.127 0.001 0.003 0.011 0.963 19.658 23.364 23.784 127.416 
0.0 0.0 0.0 0.0 0.0 0.0 0.011 0.039 0.07 0.044 1.372 27.941 51.174 55.693 177.322 
0.0 0.0 0.0 0.0 0.0 0.0 0.0 0.0 0.0 0.0 0.0 0.0 81.78 0.0 68.395 
0.0 0.0 0.0 0.0 0.0 0.0 0.0 0.0 0.0 0.0 3.751 0.0 0.412 74.29 110.789 
0.0 0.0 0.0 0.0 0.0 0.0 0.0 0.0 0.0 0.0 0.0 0.0 0.0 0.0 71.081 
0.001 0.0 0.002 0.004 0.005 0.025 0.73 4.582 0.0 3.116 2.758 42.663 68.713 0.0 62.677 
0.0 0.0 0.0 0.0 0.0 0.0 0.0 0.0 0.0 0.0 0.0 0.0 0.0 85.194 46.769 
0.0 0.0 0.0 0.0 0.0 0.0 0.0 0.0 0.0 0.0 17.208 19.869 18.211 0.0 49.348 
0.0 0.0 0.0 0.0 0.0 0.0 0.0 0.0 0.0 0.0 0.0 0.0 0.0 76.775 9.891 
0.002 0.0 0.001 0.0 0.014 0.041 0.0 0.007 0.371 1.005 2.091 4.668 16.942 38.56 43.182 
0.0 0.0 0.0 0.0 0.0 0.0 0.0 0.0 0.0 0.0 0.0 0.0 106.72 23.131 6.818 
0.0 0.0 0.0 0.0 0.0 0.0 0.0 0.0 0.0 0.0 1.586 0.807 7.726 3.969 119.776 
0.0 0.0 0.0 0.0 0.0 0.0 0.0 0.0 0.0 0.0 10.831 2.417 20.108 56.454 58.936 
0.0 0.0 0.0 0.0 0.0 0.0 0.002 0.001 0.0 0.002 0.082 0.055 0.63 29.099 53.021 
0.0 0.0 0.0 0.0 0.0 0.0 0.0 0.0 0.0 0.0 0.0 36.633 1.87 10.096 262.981 
0.0 0.0 0.0 0.0 0.0 0.0 0.0 0.0 0.0 0.0 0.0 0.0 0.0 0.0 225.095 
0.013 0.0 0.004 0.005 0.0 0.023 0.741 0.33 1.783 2.52 0.0 11.085 53.754 28.292 145.869 
0.0 0.0 0.0 0.0 0.0 0.0 0.0 0.0 0.0 5.939 4.094 1.009 22.333 36.975 75.079 
0.0 0.0 0.0 0.0 0.0 0.001 0.001 0.001 0.001 0.011 0.736 7.576 43.411 93.943 26.561 
0.0 0.0 0.0 0.0 0.0 0.0 0.0 0.0 0.0 0.0 0.0 0.0 65.738 12.286 9.952 
0.001 0.0 0.0 0.001 0.0 0.002 0.018 0.0 0.181 0.039 0.788 6.305 16.065 2.962 132.11 
0.0 0.0 0.0 0.001 0.002 0.0 0.01 0.011 0.217 0.263 0.262 6.483 0.103 239.14 59.678 
0.0 0.0 0.0 0.0 0.0 0.0 0.0 0.0 3.122 0.0 1.268 22.804 61.615 0.0 24.022 
0.0 0.0 0.0 0.0 0.0 0.0 0.0 0.0 0.0 0.69 7.589 2.553 13.47 25.877 149.984 
0.001 0.003 0.046 0.036 0.076 0.009 0.137 0.079 0.0 0.187 2.174 1.277 2.357 1.794 86.222 
0.0 0.0 0.0 0.0 0.0 0.0 0.0 0.0 0.0 0.0 0.0 0.0 0.0 177.299 63.756 
0.0 0.0 0.0 0.0 0.0 0.0 0.0 0.0 0.0 0.0 0.0 0.0 16.967 23.347 194.414 
0.0 0.0 0.0 0.0 0.0 0.0 0.0 0.0 0.0 0.0 0.0 0.0 0.0 0.0 350.886 
0.0 0.0 0.0 0.0 0.0 0.0 0.69 1.286 0.0 0.471 7.909 6.248 24.523 52.491 158.097 
0.0 0.0 0.0 0.0 0.0 0.0 0.0 0.0 0.0 2.87 0.83 1.362 0.468 0.648 293.52 
0.0 0.0 0.0 0.0 0.0 0.0 0.0 0.0 0.0 0.0 0.0 0.0 0.0 99.875 117.739 
0.0 0.0 0.0 0.0 0.0 0.0 0.0 0.0 0.0 0.0 0.0 0.0 0.0 58.436 78.714 
0.0 0.0 0.0 0.0 0.0 0.0 0.0 0.0 0.0 0.0 0.0 0.0 0.0 15.55 68.349 
0.0 0.0 0.0 0.0 0.0 0.0 0.0 0.0 0.0 0.0 0.0 0.0 6.715 39.503 6.432 
0.0 0.0 0.0 0.0 0.0 0.0 0.0 0.0 0.0 0.0 0.0 0.0 58.703 64.344 62.09 
0.001 0.003 0.004 0.0 0.003 0.001 0.012 0.013 0.002 0.017 4.119 6.982 9.087 110.571 0.0 
0.0 0.0 0.0 0.0 0.0 0.0 0.01 0.004 0.01 0.025 0.0 0.084 0.016 0.169 275.556 
