0.0 0.0 0.001 0.028 0.002 0.01 0.033 0.018 0.17 0.121 0.079 117.527 3.539 202.74 8.511 
0.0 0.0 0.0 0.0 0.0 0.0 0.0 0.004 0.171 0.102 4.147 9.356 58.991 1.755 96.925 
0.0 0.0 0.006 0.002 0.0 0.01 0.024 0.006 5.73 5.64 63.159 84.012 95.316 55.034 1.924 
0.0 0.0 0.0 0.015 0.001 0.005 0.017 0.01 0.283 0.153 0.099 147.935 4.455 255.195 10.713 
0.0 0.0 0.0 0.0 0.0 0.0 0.005 0.017 0.03 0.009 6.131 112.624 89.458 19.305 124.935 
0.0 0.0 0.0 0.0 0.0 0.0 0.001 0.001 0.0 0.087 0.063 0.081 5.644 332.841 82.007 
0.063 0.07 1.244 0.215 0.116 7.524 41.615 54.283 4.721 3.742 12.279 56.736 42.707 33.315 25.544 
0.0 0.0 0.0 0.0 0.0 0.0 0.0 0.001 0.003 0.003 0.003 0.082 51.24 254.409 126.285 
0.002 0.001 0.005 0.002 0.0 0.02 0.008 0.042 0.033 0.536 14.569 59.46 2.24 234.166 9.345 
0.0 0.0 0.0 0.0 0.0 0.0 0.0 0.0 0.018 0.043 1.01 0.458 4.822 239.364 67.658 
0.0 0.0 0.001 0.028 0.002 0.01 0.033 0.018 0.17 0.121 0.079 117.527 3.539 202.74 8.511 
0.0 0.0 0.0 0.0 0.0 0.0 0.0 0.004 0.171 0.102 4.147 9.356 58.991 1.755 96.925 
0.0 0.0 0.0 0.001 0.0 0.002 0.003 0.01 1.821 1.793 88.286 103.543 26.752 144.719 2.285 
0.014 0.012 0.006 0.014 0.074 0.033 0.046 2.277 1.19 17.297 10.441 196.132 3.884 5.026 28.617 
0.001 0.001 0.001 0.004 0.001 0.002 0.01 0.005 0.185 0.122 38.437 68.413 72.312 184.711 3.116 
0.0 0.0 0.0 0.0 0.0 0.0 0.001 0.007 0.001 1.964 1.035 5.56 0.102 326.738 9.986 
0.0 0.0 0.0 0.0 0.0 0.0 0.001 0.013 0.658 1.611 34.211 15.587 164.228 87.105 83.545 
0.0 0.0 0.0 0.0 0.0 0.0 0.0 0.0 0.0 0.0 0.169 0.076 0.128 0.055 371.57 
0.001 0.0 0.003 0.001 0.6 2.32 13.178 17.19 1.033 51.347 26.912 10.592 11.365 153.031 28.402 
0.0 0.0 0.0 0.0 0.0 0.0 0.0 0.0 0.0 0.0 0.0 0.178 18.513 64.33 159.914 
0.0 0.0 0.006 0.002 0.0 0.01 0.024 0.006 5.73 5.64 63.159 84.012 95.316 55.034 1.924 
0.0 0.0 0.0 0.0 0.0 0.0 0.006 0.001 0.014 0.008 3.531 138.687 92.855 95.865 8.687 
0.0 0.0 0.0 0.0 0.002 0.002 0.0 0.308 0.014 0.192 0.079 145.043 13.438 14.745 17.168 
0.006 0.004 0.015 0.05 0.068 0.01 0.317 0.064 0.944 6.968 17.898 28.708 113.42 173.368 2.925 
0.0 0.0 0.0 0.015 0.001 0.005 0.017 0.01 0.283 0.153 0.099 147.935 4.455 255.195 10.713 
0.0 0.0 0.0 0.0 0.0 0.0 0.005 0.017 0.03 0.009 6.131 112.624 89.458 19.305 124.935 
0.001 0.002 0.002 0.009 0.029 0.051 0.535 3.317 3.177 3.567 6.653 2.574 62.801 189.278 38.997 
0.0 0.0 0.02 0.002 0.036 0.016 0.341 1.637 1.198 1.9 64.932 46.763 142.172 5.626 32.029 
0.0 0.0 0.0 0.0 0.002 0.001 0.006 0.011 0.009 0.137 1.61 4.7 27.727 104.128 33.174 
0.0 0.0 0.0 0.0 0.0 0.0 0.001 0.007 1.089 2.529 54.314 7.674 125.105 18.529 57.617 
0.0 0.0 0.0 0.0 0.0 0.0 0.0 0.0 0.0 0.0 0.009 0.125 13.926 48.392 105.467 
0.0 0.0 0.0 0.0 0.0 0.0 0.001 0.014 1.815 1.786 87.97 103.172 26.656 144.201 2.277 
0.05 0.044 0.023 0.051 0.268 0.02 0.138 6.798 3.552 6.396 8.637 162.24 3.213 4.158 23.672 
0.0 0.026 0.027 0.124 0.214 0.024 0.275 0.257 1.011 0.053 8.077 112.206 3.571 85.507 41.305 
0.0 0.0 0.0 0.001 0.0 0.005 0.008 0.004 0.036 0.263 36.976 65.813 69.564 177.689 2.998 
0.0 0.0 0.002 0.058 0.004 0.015 0.062 0.034 1.337 0.568 0.427 97.642 172.736 110.805 10.071 
0.0 0.003 0.005 0.002 0.0 0.018 0.002 0.008 0.016 0.242 6.608 26.97 1.016 106.212 5.64 
0.0 0.0 0.0 0.0 0.0 0.0 0.004 0.005 0.0 0.111 3.119 3.741 16.957 113.786 122.927 
0.001 0.001 0.003 0.002 0.265 0.004 0.753 2.987 2.087 5.165 0.313 33.089 185.106 0.661 12.098 
0.0 0.0 0.0 0.0 0.0 0.0 0.001 0.007 0.001 1.964 1.035 5.56 0.102 326.738 9.986 
0.0 0.0 0.0 0.0 0.0 0.003 0.017 0.185 9.395 22.995 11.614 18.882 153.218 87.105 83.545 
0.0 0.0 0.0 0.0 0.0 0.0 0.001 0.001 0.0 0.087 0.063 0.081 5.644 332.841 82.007 
0.0 0.0 0.001 0.001 0.07 0.008 0.062 0.014 0.43 0.927 21.887 0.243 24.304 211.578 5.084 
0.0 0.0 0.0 0.0 0.0 0.0 0.0 0.0 0.0 0.0 0.097 0.044 0.073 0.243 396.145 
0.001 0.0 0.003 0.002 0.706 2.731 15.518 20.241 1.761 61.276 32.116 81.585 3.502 32.447 24.877 
0.001 0.001 0.001 0.998 1.553 0.157 1.352 1.511 5.944 0.312 2.457 158.891 5.057 102.342 54.828 
0.002 0.001 0.002 0.002 0.131 0.002 0.401 3.349 1.847 7.94 23.167 105.279 160.011 41.326 12.823 
0.0 0.0 0.0 0.003 0.013 0.027 0.242 0.953 0.196 16.193 1.642 30.781 207.41 55.804 6.576 
0.0 0.0 0.0 0.0 0.0 0.0 0.0 0.0 0.003 0.044 0.405 2.572 15.557 0.161 338.096 
0.063 0.07 1.244 0.215 0.116 7.524 41.615 54.283 4.721 3.742 12.279 56.736 42.707 33.315 25.544 
0.001 0.001 0.001 0.004 0.0 0.121 0.214 0.083 2.463 13.622 5.367 38.605 124.608 190.469 3.213 
0.0 0.0 0.0 0.0 0.0 0.0 0.001 0.001 0.0 0.005 0.81 37.599 121.133 64.248 61.622 
0.0 0.0 0.0 0.0 0.0 0.0 0.0 0.0 0.002 0.003 0.006 5.38 129.782 153.751 75.373 
0.0 0.0 0.0 0.0 0.0 0.0 0.0 0.0 0.0 0.0 0.0 0.0 0.002 0.244 212.872 
0.0 0.001 0.003 0.011 0.008 0.012 0.734 1.383 0.128 3.925 3.349 28.347 122.251 111.144 5.695 
0.0 0.0 0.0 0.0 0.0 0.0 0.0 0.001 0.002 0.0 0.005 0.002 35.697 176.959 47.743 
0.004 0.003 0.003 0.001 0.017 0.004 0.144 0.689 0.416 2.053 42.007 25.793 86.55 3.425 19.499 
0.268 0.24 0.077 0.298 0.037 3.533 8.691 14.032 1.22 16.595 15.976 27.48 90.902 26.519 20.332 
0.0 0.0 0.0 0.0 0.0 0.001 0.008 0.005 0.451 0.016 9.24 74.975 214.528 108.458 25.223 
0.0 0.0 0.0 0.0 0.002 0.001 0.002 0.059 0.145 1.755 0.413 47.546 107.654 90.889 5.061 
0.0 0.0 0.0 0.0 0.006 0.031 0.03 0.329 0.556 0.221 7.297 1.292 66.34 179.269 21.556 
0.001 0.004 0.001 0.007 0.002 0.234 0.612 0.358 1.874 1.205 3.741 3.62 15.629 72.658 38.511 
0.0 0.0 0.0 0.0 0.0 0.0 0.0 0.0 1.855 21.306 4.797 49.338 78.304 105.169 2.231 
0.0 0.0 0.0 0.001 0.001 0.002 0.01 0.016 0.013 0.21 5.71 15.781 16.919 195.49 9.36 
0.001 0.016 0.002 0.014 0.052 0.327 0.024 0.137 0.698 0.971 9.889 7.601 84.473 119.633 8.088 
0.0 0.0 0.003 0.001 0.065 0.001 0.199 0.508 0.368 2.638 0.786 13.053 73.02 19.646 30.367 
0.0 0.0 0.0 0.001 0.0 0.001 0.008 0.014 2.879 1.285 62.709 28.571 182.022 26.959 9.684 
0.0 0.0 0.0 0.001 0.0 0.004 0.013 0.111 0.106 0.371 10.747 79.136 212.185 46.975 21.267 
0.0 0.0 0.0 0.0 0.0 0.0 0.0 0.0 0.012 0.012 0.009 0.034 6.96 42.649 95.686 
0.0 0.0 0.0 0.0 0.001 0.001 0.001 0.019 0.575 0.309 1.239 73.858 26.782 71.331 24.964 
0.0 0.0 0.0 0.05 0.21 0.617 1.465 8.308 0.797 45.819 14.64 114.864 25.804 29.076 5.073 
0.0 0.0 0.005 0.007 0.013 0.318 0.061 0.133 0.766 0.283 1.053 1.361 21.704 182.719 40.703 
0.0 0.0 0.0 0.0 0.0 0.0 0.0 0.004 0.001 0.37 8.189 1.41 28.671 3.164 187.535 
0.0 0.0 0.0 0.001 0.0 0.001 0.048 0.045 0.031 2.552 0.006 7.893 25.184 125.305 28.113 
0.0 0.0 0.0 0.0 0.0 0.0 0.0 0.0 0.001 0.001 0.029 0.152 0.264 0.044 61.728 
0.0 0.0 0.0 0.0 0.0 0.0 0.0 0.0 0.0 0.0 0.002 0.058 1.772 0.016 196.485 
0.0 0.0 0.0 0.0 0.0 0.0 0.0 0.001 0.003 0.003 0.003 0.082 51.24 254.409 126.285 
0.247 0.221 0.115 0.255 1.333 0.599 0.84 41.295 21.579 38.855 52.464 71.7 3.917 5.07 28.864 
0.101 0.072 0.057 0.151 0.01 1.721 9.518 12.416 1.08 0.856 63.187 40.192 157.397 42.4 26.695 
0.0 0.0 0.0 0.0 0.001 0.004 0.01 0.018 0.997 1.587 4.574 55.448 158.656 18.433 23.506 
0.0 0.0 0.0 0.0 0.0 0.0 0.0 0.012 0.027 0.33 0.029 1.711 16.278 203.542 4.521 
0.004 0.021 0.004 0.013 0.006 0.102 0.122 0.12 0.549 0.219 7.209 3.668 81.788 88.643 7.973 
0.0 0.002 0.001 0.001 0.003 0.036 0.106 0.141 0.039 0.14 1.714 0.292 26.017 67.115 36.839 
0.0 0.0 0.0 0.0 0.0 0.0 0.0 0.0 0.0 0.005 0.001 0.014 0.275 0.169 271.112 
0.0 0.0 0.0 0.001 0.002 0.003 0.033 0.168 0.988 0.259 1.078 13.637 5.152 189.824 1.807 
0.0 0.0 0.001 0.002 0.0 0.001 0.003 0.001 0.014 0.008 3.498 137.358 91.965 94.946 8.604 
0.002 0.001 0.005 0.002 0.0 0.02 0.008 0.042 0.033 0.536 14.569 59.46 2.24 234.166 9.345 
0.0 0.0 0.0 0.0 0.001 0.002 0.006 0.004 0.001 0.185 0.499 0.07 3.669 15.278 158.95 
0.003 0.0 0.002 0.0 0.002 0.016 0.039 0.018 0.001 0.39 19.441 11.902 59.532 63.078 16.665 
0.0 0.001 0.001 0.001 0.0 0.002 0.036 0.011 0.0 0.039 2.32 2.782 12.609 84.61 74.167 
0.001 0.0 0.002 0.002 0.004 0.023 0.102 0.016 0.86 0.855 0.986 0.636 54.191 88.467 5.125 
0.0 0.0 0.002 0.0 0.108 0.001 0.307 1.213 0.105 19.615 2.106 0.067 97.484 0.348 6.372 
0.0 0.0 0.0 0.0 0.0 0.001 0.013 0.125 0.027 34.698 18.29 31.505 1.004 175.236 7.767 
0.0 0.0 0.0 0.0 0.0 0.0 0.0 0.0 0.018 0.043 1.01 0.458 4.822 239.364 67.658 
0.004 0.018 0.004 0.012 0.756 0.557 0.283 0.578 0.512 2.864 0.979 10.237 135.814 3.111 28.394 
0.002 0.016 0.024 0.437 0.01 0.312 0.869 0.758 0.003 3.139 5.021 64.796 176.777 39.136 37.155 
0.0 0.0 0.0 0.0 0.001 0.0 0.006 0.007 0.0 0.413 0.302 3.784 108.65 137.078 60.585 
0.0 0.0 0.0 0.0 0.034 0.004 0.043 0.008 0.245 0.528 2.938 0.04 3.947 253.272 3.551 
0.0 0.0 0.0 0.0 0.0 0.0 0.0 0.0 0.002 0.0 0.001 0.061 5.321 4.696 46.795 
0.0 0.0 0.0 0.0 0.0 0.0 0.0 0.0 0.0 0.001 0.055 0.005 0.032 0.106 172.99 
