0.052 2.043 0.122 2.662 353.383 
0.141 0.017 0.154 278.443 9.881 
21.375 192.346 12.46 54.167 9.587 
0.009 0.0 1.026 4.701 316.117 
69.666 0.086 199.892 34.364 10.776 
0.131 0.487 0.006 112.183 19.806 
155.792 57.929 12.46 54.167 9.587 
0.001 0.006 1.24 190.987 0.871 
12.61 12.708 5.087 0.12 290.462 
117.614 79.965 174.004 3.289 13.155 
10.863 93.703 57.882 77.533 2.591 
21.375 192.346 12.46 54.167 9.587 
3.808 0.78 91.074 22.837 31.354 
75.592 0.243 78.034 38.187 17.432 
33.961 75.873 6.403 48.887 22.051 
155.792 57.929 12.46 54.167 9.587 
62.879 0.202 180.775 60.52 10.409 
0.001 0.006 1.24 190.987 0.871 
0.269 0.036 0.33 246.489 8.76 
117.614 79.965 174.004 3.289 13.155 
0.018 0.001 0.011 55.461 170.808 
0.019 0.137 1.431 1.446 235.628 
33.961 75.873 6.403 48.887 22.051 
69.666 0.086 199.892 34.364 10.776 
62.879 0.202 180.775 60.52 10.409 
1.463 0.005 13.259 3.31 144.313 
0.028 0.001 0.016 84.379 99.934 
130.497 26.796 8.1 10.673 17.238 
137.896 0.035 48.098 46.168 8.923 
75.592 0.243 78.034 38.187 17.432 
130.497 26.796 8.1 10.673 17.238 
12.61 12.708 5.087 0.12 290.462 
3.067 6.205 35.292 57.916 38.823 
0.223 9.268 5.619 187.301 8.178 
0.269 0.036 0.33 246.489 8.76 
10.863 93.703 57.882 77.533 2.591 
137.896 0.035 48.098 46.168 8.923 
0.141 0.017 0.154 278.443 9.881 
1.697 40.518 55.599 81.172 6.878 
0.383 0.274 0.38 158.841 38.774 
3.808 0.78 91.074 22.837 31.354 
0.009 0.006 1.008 156.645 36.749 
0.048 0.002 0.166 4.662 266.873 
0.015 0.002 0.016 59.304 237.026 
4.398 0.325 3.425 116.645 1.498 
0.482 0.345 55.834 134.825 2.932 
23.624 5.565 55.505 7.954 3.251 
1.697 40.518 55.599 81.172 6.878 
6.263 1.823 40.213 14.554 8.648 
11.595 11.685 11.292 0.136 330.267 
3.067 6.205 35.292 57.916 38.823 
11.595 11.685 11.292 0.136 330.267 
0.052 2.043 0.122 2.662 353.383 
0.048 0.002 0.166 4.662 266.873 
0.482 0.345 55.834 134.825 2.932 
0.451 4.136 2.127 1.932 120.448 
1.391 3.428 55.475 78.357 52.525 
1.572 14.43 0.522 25.336 56.329 
1.348 16.543 1.043 158.295 6.061 
6.263 1.823 40.213 14.554 8.648 
0.027 0.024 3.019 17.94 62.503 
0.001 0.001 0.304 46.874 79.678 
0.007 0.001 0.024 10.322 160.493 
0.014 0.001 0.043 19.325 96.475 
0.001 0.001 0.304 46.874 79.678 
0.009 0.0 1.026 4.701 316.117 
0.126 11.771 57.074 67.149 61.257 
0.126 11.771 57.074 67.149 61.257 
1.463 0.005 13.259 3.31 144.313 
0.244 0.228 0.092 0.158 130.873 
10.814 4.446 0.498 24.16 53.715 
0.451 4.136 2.127 1.932 120.448 
0.025 0.001 0.015 55.449 170.808 
23.624 5.565 55.505 7.954 3.251 
0.223 9.268 5.619 187.301 8.178 
0.007 0.001 0.024 10.322 160.493 
0.244 0.228 0.092 0.158 130.873 
1.348 16.543 1.043 158.295 6.061 
1.53 0.03 1.102 0.766 47.772 
0.09 3.743 2.537 78.96 27.28 
0.131 0.487 0.006 112.183 19.806 
4.398 0.325 3.425 116.645 1.498 
0.605 0.249 2.048 17.119 99.647 
0.014 0.001 0.043 19.325 96.475 
1.572 14.43 0.522 25.336 56.329 
0.09 3.743 2.537 78.96 27.28 
10.814 4.446 0.498 24.16 53.715 
1.53 0.03 1.102 0.766 47.772 
0.028 0.001 0.016 84.379 99.934 
0.009 0.006 1.008 156.645 36.749 
0.605 0.249 2.048 17.119 99.647 
0.027 0.024 3.019 17.94 62.503 
0.383 0.274 0.38 158.841 38.774 
1.391 3.428 55.475 78.357 52.525 
0.015 0.002 0.016 59.304 237.026 
0.019 0.137 1.431 1.446 235.628 
0.004 0.003 0.882 1.05 236.112 
0.004 0.003 0.882 1.05 236.112 
0.018 0.001 0.011 55.461 170.808 
0.025 0.001 0.015 55.449 170.808 
