0.004 0.0 0.0 0.0 183.865 
0.131 189.125 4.882 11.247 0.001 
286.993 12.456 7.725 0.866 0.063 
0.001 0.256 295.569 8.83 9.374 
0.013 0.011 0.055 360.317 46.674 
0.0 0.0 0.006 0.0 245.543 
0.219 246.878 0.545 14.347 0.041 
0.003 0.001 0.0 2.141 269.189 
0.0 0.0 0.004 1.507 355.685 
0.0 0.0 0.004 1.507 355.685 
0.549 0.468 213.06 6.894 1.436 
0.001 0.256 295.569 8.83 9.374 
0.131 189.125 4.882 11.247 0.001 
0.003 0.001 0.0 2.141 269.189 
0.219 246.878 0.545 14.347 0.041 
115.574 2.241 42.928 11.16 1.117 
207.996 59.068 3.077 8.064 0.288 
0.0 0.004 0.01 63.353 126.755 
264.858 11.496 0.075 8.902 1.855 
73.5 3.19 200.169 0.607 1.646 
0.043 0.021 72.961 143.283 0.238 
0.005 0.001 0.0 0.0 245.543 
0.004 0.0 0.0 0.0 183.865 
73.5 3.19 200.169 0.607 1.646 
27.444 40.034 25.888 0.176 56.459 
0.068 0.007 0.228 347.255 27.196 
0.0 0.0 0.258 296.163 0.329 
118.495 5.143 153.222 0.607 1.646 
0.013 0.014 0.014 187.635 24.305 
125.734 137.208 3.029 0.584 0.276 
1.025 38.615 117.619 0.345 0.085 
0.075 88.695 6.382 117.133 6.532 
125.734 137.208 3.029 0.584 0.276 
22.735 0.987 2.752 222.892 0.277 
169.214 7.344 20.483 0.432 1.171 
7.902 15.57 0.006 197.672 68.03 
5.644 111.464 3.021 3.869 9.014 
200.062 6.539 23.968 0.506 1.37 
0.064 8.967 169.765 5.758 0.626 
24.233 83.438 72.783 0.396 0.201 
0.093 0.026 0.016 79.63 0.774 
7.022 15.001 89.669 26.769 4.26 
44.329 21.49 25.252 0.172 55.072 
56.737 12.235 1.982 0.403 35.978 
147.151 6.503 12.717 4.966 1.344 
264.858 11.496 0.075 8.902 1.855 
4.598 165.275 4.382 48.629 0.231 
44.329 21.49 25.252 0.172 55.072 
118.495 5.143 153.222 0.607 1.646 
147.151 6.503 12.717 4.966 1.344 
1.836 37.096 22.553 17.158 14.321 
5.363 105.903 2.87 30.015 20.648 
166.483 65.565 0.063 2.687 1.526 
22.735 0.987 2.752 222.892 0.277 
166.483 65.565 0.063 2.687 1.526 
286.993 12.456 7.725 0.866 0.063 
0.012 0.305 0.393 0.053 95.836 
0.0 0.0 0.0 0.003 122.212 
2.023 0.113 6.465 273.732 0.314 
4.598 165.275 4.382 48.629 0.231 
31.287 61.853 0.025 3.0 92.002 
0.075 88.695 6.382 117.133 6.532 
0.065 0.268 0.039 249.04 0.277 
0.932 0.452 64.617 129.504 0.217 
5.363 105.903 2.87 30.015 20.648 
9.101 17.992 4.401 1.802 25.44 
0.013 0.011 0.055 360.317 46.674 
0.932 0.452 64.617 129.504 0.217 
0.064 8.967 169.765 5.758 0.626 
0.0 0.0 0.258 296.163 0.329 
8.364 54.599 24.156 8.963 0.107 
0.766 163.123 4.711 8.528 5.45 
7.022 15.001 89.669 26.769 4.26 
0.071 84.309 11.789 118.385 6.602 
0.702 149.434 1.981 0.211 6.076 
31.287 61.853 0.025 3.0 92.002 
0.068 0.007 0.228 347.255 27.196 
0.702 149.434 1.981 0.211 6.076 
0.012 0.015 0.001 18.65 80.79 
1.884 176.021 4.59 0.205 0.203 
0.0 0.004 0.01 63.353 126.755 
0.335 0.013 103.337 0.144 4.141 
0.549 0.468 213.06 6.894 1.436 
0.093 0.026 0.016 79.63 0.774 
8.062 2.289 52.734 0.649 0.066 
1.884 176.021 4.59 0.205 0.203 
7.902 15.57 0.006 197.672 68.03 
0.083 55.922 44.385 7.808 0.815 
54.516 107.777 18.828 5.833 1.215 
207.996 59.068 3.077 8.064 0.288 
0.056 0.038 108.372 28.524 12.783 
0.012 0.015 0.001 18.65 80.79 
0.043 0.021 72.961 143.283 0.238 
1.025 38.615 117.619 0.345 0.085 
0.0 0.38 0.01 261.638 0.001 
0.065 0.268 0.039 249.04 0.277 
0.006 0.0 0.0 0.0 257.99 
0.0 0.0 0.006 0.0 245.543 
2.023 0.113 6.465 273.732 0.314 
27.435 7.791 0.909 1.164 34.158 
