171.209 19.069 0.019 0.891 2.558 
15.591 57.902 27.885 0.475 0.311 
0.001 85.555 0.665 108.734 1.018 
38.013 144.574 0.006 0.021 1.729 
3.386 0.695 244.561 0.069 0.519 
1.96 73.435 0.014 61.828 1.299 
0.725 226.043 0.02 102.09 0.256 
63.001 16.955 0.621 0.005 0.418 
0.043 47.813 0.458 35.441 0.146 
0.0 0.0 0.003 67.721 65.693 
65.851 38.405 0.01 0.488 50.417 
0.026 63.209 0.012 0.006 3.028 
0.0 0.0 0.011 106.529 124.456 
0.003 0.499 42.995 54.854 0.205 
55.066 209.43 0.008 0.03 0.552 
0.438 136.505 0.003 61.647 0.414 
1.207 2.495 46.828 19.219 28.539 
0.004 0.014 0.436 1.979 59.672 
0.054 8.547 22.496 72.386 28.1 
28.359 9.731 0.268 0.004 2.551 
0.005 320.48 2.489 11.97 1.748 
0.0 0.0 0.0 0.172 237.062 
0.092 28.544 0.274 0.007 30.246 
71.546 14.691 55.364 0.051 0.296 
58.692 7.479 37.442 0.146 18.787 
0.0 0.0 0.0 78.897 116.912 
0.611 63.455 133.369 0.11 1.216 
0.0 0.0 0.016 148.723 1.195 
171.209 19.069 0.019 0.891 2.558 
9.935 10.014 0.004 16.359 20.707 
15.591 57.902 27.885 0.475 0.311 
26.339 28.565 0.004 2.018 63.552 
0.001 85.555 0.665 108.734 1.018 
38.013 144.574 0.006 0.021 1.729 
3.386 0.695 244.561 0.069 0.519 
0.026 0.003 0.058 0.0 142.898 
0.0 0.012 0.0 188.598 22.64 
1.96 73.435 0.014 61.828 1.299 
0.012 0.001 0.0 120.244 0.367 
0.119 242.714 0.763 0.023 0.508 
0.0 0.0 0.081 111.225 53.57 
0.725 226.043 0.02 102.09 0.256 
2.842 10.555 0.104 59.514 0.154 
25.907 3.301 1.523 55.767 0.314 
63.001 16.955 0.621 0.005 0.418 
0.043 47.813 0.458 35.441 0.146 
40.247 5.128 0.008 0.064 67.346 
0.001 0.0 0.0 153.738 42.071 
0.0 0.0 0.003 67.721 65.693 
0.006 0.013 0.0 230.786 3.088 
65.851 38.405 0.01 0.488 50.417 
0.026 63.209 0.012 0.006 3.028 
0.0 0.0 0.011 106.529 124.456 
56.022 4.001 0.001 1.046 57.065 
41.185 2.781 0.004 29.028 0.977 
0.0 0.002 0.0 171.824 37.813 
0.003 0.499 42.995 54.854 0.205 
55.066 209.43 0.008 0.03 0.552 
1.537 0.316 111.04 0.031 15.34 
104.94 13.372 0.022 0.167 14.224 
0.023 2.573 75.981 0.007 3.397 
63.625 3.372 0.007 19.931 68.075 
0.01 0.0 0.0 101.26 18.015 
9.023 16.46 119.112 0.014 0.302 
0.019 0.002 176.094 0.017 7.613 
13.284 2.728 85.533 0.003 0.212 
0.04 0.091 125.546 7.693 0.278 
0.002 0.005 56.172 8.033 0.134 
0.0 0.0 0.029 0.0 100.903 
0.0 0.0 0.081 111.225 53.57 
0.438 136.505 0.003 61.647 0.414 
108.623 29.233 0.014 0.646 0.289 
1.207 2.495 46.828 19.219 28.539 
22.848 2.911 1.845 50.094 0.282 
0.004 0.014 0.436 1.979 59.672 
0.054 8.547 22.496 72.386 28.1 
28.359 9.731 0.268 0.004 2.551 
28.648 106.39 0.012 4.964 0.726 
0.005 320.48 2.489 11.97 1.748 
0.009 0.987 85.397 0.002 1.683 
0.0 0.0 0.022 0.0 158.924 
0.696 96.71 0.757 0.008 0.509 
0.295 220.364 0.007 0.025 2.089 
0.009 0.01 157.275 0.015 6.8 
0.0 0.0 0.0 0.172 237.062 
0.092 28.544 0.274 0.007 30.246 
24.159 89.718 1.091 4.448 0.249 
71.546 14.691 55.364 0.051 0.296 
0.0 0.0 0.002 118.858 4.118 
0.291 1.63 129.752 0.011 1.227 
0.0 0.002 70.014 16.554 10.392 
58.692 7.479 37.442 0.146 18.787 
0.0 0.0 0.0 78.897 116.912 
0.611 63.455 133.369 0.11 1.216 
0.0 0.0 0.016 148.723 1.195 
0.0 0.0 0.001 25.028 136.249 
0.0 0.0 0.0 221.396 0.462 
0.062 0.047 167.891 0.017 3.273 
54.2 2.029 8.838 11.269 37.991 
0.0 0.0 0.0 0.077 125.847 
