13.773 14.753 4.372 98.342 23.314 
13.773 14.753 4.372 98.342 23.314 
6.976 24.004 1.011 49.048 109.047 
6.976 24.004 1.011 49.048 109.047 
0.149 0.408 0.09 0.033 137.238 
0.149 0.408 0.09 0.033 137.238 
0.074 0.317 1.486 4.395 166.493 
0.074 0.317 1.486 4.395 166.493 
3.136 1.715 96.304 42.544 14.138 
3.136 1.715 96.304 42.544 14.138 
1.777 73.895 50.09 31.211 6.342 
1.777 73.895 50.09 31.211 6.342 
3.358 0.248 45.798 125.749 89.56 
3.358 0.248 45.798 125.749 89.56 
20.459 4.201 76.524 6.53 38.626 
20.459 4.201 76.524 6.53 38.626 
1.521 3.727 3.796 111.78 88.575 
1.521 3.727 3.796 111.78 88.575 
0.394 0.5 14.378 90.105 4.555 
0.394 0.5 14.378 90.105 4.555 
0.239 0.009 3.78 44.746 150.13 
0.239 0.009 3.78 44.746 150.13 
18.926 40.007 113.772 82.428 13.575 
18.926 40.007 113.772 82.428 13.575 
27.5 20.755 54.557 1.105 61.032 
27.5 20.755 54.557 1.105 61.032 
123.036 45.75 9.84 43.481 7.595 
123.036 45.75 9.84 43.481 7.595 
61.044 3.76 178.493 0.849 59.441 
61.044 3.76 178.493 0.849 59.441 
0.192 16.084 12.738 118.171 6.817 
0.192 16.084 12.738 118.171 6.817 
51.808 38.874 3.974 60.586 24.206 
51.808 38.874 3.974 60.586 24.206 
0.513 0.349 0.759 1.946 258.383 
0.513 0.349 0.759 1.946 258.383 
0.016 0.185 0.217 162.306 5.768 
0.016 0.185 0.217 162.306 5.768 
0.335 0.716 0.01 190.933 166.33 
0.335 0.716 0.01 190.933 166.33 
0.059 0.054 6.733 0.773 101.235 
0.059 0.054 6.733 0.773 101.235 
3.32 6.204 1.786 5.816 32.048 
3.32 6.204 1.786 5.816 32.048 
8.717 26.636 7.645 6.149 20.402 
8.717 26.636 7.645 6.149 20.402 
0.318 0.357 0.556 26.566 430.922 
0.318 0.357 0.556 26.566 430.922 
0.004 0.003 0.47 72.957 126.45 
0.004 0.003 0.47 72.957 126.45 
0.023 0.021 0.141 32.96 270.394 
0.023 0.021 0.141 32.96 270.394 
0.709 0.02 162.621 17.364 200.194 
0.709 0.02 162.621 17.364 200.194 
1.714 0.006 1.769 43.244 186.678 
1.714 0.006 1.769 43.244 186.678 
0.579 0.54 0.218 0.373 309.922 
13.719 6.225 9.674 0.116 282.941 
0.125 0.895 4.434 4.967 383.646 
7.627 1.324 166.423 104.616 72.626 
2.036 4.372 30.976 218.645 4.988 
41.287 9.461 141.997 162.422 4.959 
0.074 7.595 20.535 19.097 118.473 
49.009 167.037 93.618 74.352 20.664 
130.155 42.176 41.565 64.453 38.3 
0.31 0.024 0.401 49.865 309.854 
49.009 167.037 93.618 74.352 20.664 
85.378 16.437 74.497 26.924 36.146 
85.378 16.437 74.497 26.924 36.146 
16.96 128.664 9.381 10.875 82.109 
13.154 6.477 117.753 79.478 30.063 
9.156 78.977 48.785 24.568 91.868 
41.287 9.461 141.997 162.422 4.959 
25.421 100.087 100.067 3.617 106.579 
111.99 1.39 25.575 126.071 16.672 
29.312 3.723 141.282 44.74 63.615 
0.125 0.895 4.434 4.967 383.646 
0.579 0.54 0.218 0.373 309.922 
124.639 66.106 98.444 17.754 54.047 
34.726 118.386 72.664 111.037 42.034 
7.627 1.324 166.423 104.616 72.626 
111.99 1.39 25.575 126.071 16.672 
13.154 6.477 117.753 79.478 30.063 
1.012 6.414 30.096 70.625 240.085 
9.156 78.977 48.785 24.568 91.868 
124.639 66.106 98.444 17.754 54.047 
5.651 1.911 42.646 138.239 79.133 
25.421 100.087 100.067 3.617 106.579 
5.676 22.971 64.373 125.313 13.935 
130.155 42.176 41.565 64.453 38.3 
34.726 118.386 72.664 111.037 42.034 
0.687 27.248 15.891 182.409 82.735 
1.226 4.554 22.838 206.684 41.314 
1.09 5.404 17.156 38.372 158.442 
4.374 27.296 19.953 50.261 45.851 
4.134 4.262 0.432 26.108 194.497 
7.259 5.142 159.175 8.46 107.059 
5.67 56.353 2.49 15.529 97.241 
16.96 128.664 9.381 10.875 82.109 
24.698 8.281 7.875 34.099 76.948 
