0.0 0.0 0.001 353.015 44.726 
0.0 0.0 0.001 353.015 44.726 
0.052 0.046 0.665 0.004 364.587 
275.749 0.887 0.727 4.447 0.237 
0.081 0.072 0.481 0.002 302.39 
6.904 7.5 291.473 0.728 0.987 
0.694 352.982 0.929 1.704 0.299 
0.001 0.0 0.0 10.38 160.936 
0.0 0.0 0.002 179.798 36.628 
3.91 0.289 48.058 197.645 0.011 
4.526 0.015 163.601 214.265 0.023 
6.904 7.5 291.473 0.728 0.987 
0.323 10.11 211.14 0.527 0.026 
206.032 0.663 18.904 3.617 30.726 
275.749 0.887 0.727 4.447 0.237 
8.062 268.976 2.976 0.908 0.136 
0.694 352.982 0.929 1.704 0.299 
0.0 0.0 0.001 353.015 44.726 
44.363 121.698 112.919 0.411 0.899 
0.0 0.0 0.002 279.077 0.645 
0.009 0.071 0.254 0.15 230.389 
42.167 1.213 208.12 2.347 19.308 
206.032 0.663 18.904 3.617 30.726 
92.186 0.099 80.824 59.219 0.305 
116.693 8.626 0.798 8.139 4.541 
159.446 69.264 2.919 1.113 1.231 
164.046 1.459 1.054 0.157 0.198 
0.0 0.0 0.002 264.285 6.08 
4.787 159.711 1.767 0.539 16.262 
9.928 57.724 32.816 84.662 0.156 
0.014 0.001 0.043 102.795 77.913 
62.134 84.285 0.807 50.365 0.259 
0.0 0.001 0.001 3.623 121.293 
6.295 26.085 5.428 135.989 0.765 
28.488 234.982 0.692 85.697 0.294 
0.0 0.018 0.0 31.828 191.089 
0.009 0.071 0.254 0.15 230.389 
0.043 1.779 98.943 96.925 26.5 
0.081 0.072 0.481 0.002 302.39 
0.005 0.058 0.43 0.22 339.58 
92.186 0.099 80.824 59.219 0.305 
116.693 8.626 0.798 8.139 4.541 
8.062 268.976 2.976 0.908 0.136 
0.0 0.0 0.0 0.262 124.656 
28.488 234.982 0.692 85.697 0.294 
17.252 118.516 65.857 0.48 2.944 
0.06 2.502 139.171 180.612 0.019 
51.968 215.35 0.046 19.644 1.264 
30.787 0.099 59.626 116.872 0.479 
51.968 215.35 0.046 19.644 1.264 
0.217 110.068 25.703 0.324 27.04 
0.261 183.115 7.445 74.098 0.223 
6.295 26.085 5.428 135.989 0.765 
13.887 0.015 78.062 31.46 9.388 
73.515 5.432 29.694 0.522 0.578 
0.014 0.001 0.043 102.795 77.913 
50.665 68.517 0.019 114.591 17.783 
4.787 159.711 1.767 0.539 16.262 
0.06 2.502 139.171 180.612 0.019 
2.315 12.872 48.204 0.151 48.134 
0.381 193.859 2.086 0.944 52.196 
4.526 0.015 163.601 214.265 0.023 
0.01 0.07 0.012 0.022 54.33 
34.748 3.225 42.695 67.977 0.479 
62.134 84.285 0.807 50.365 0.259 
0.215 0.016 39.059 33.108 1.978 
0.261 183.115 7.445 74.098 0.223 
0.001 0.0 0.0 10.38 160.936 
17.252 118.516 65.857 0.48 2.944 
0.0 0.0 0.081 143.39 1.7 
43.926 59.404 6.024 105.126 0.282 
0.079 0.007 0.097 164.121 0.529 
0.011 19.126 107.458 0.301 33.576 
30.787 0.099 59.626 116.872 0.479 
0.113 79.572 153.835 0.168 0.54 
61.934 4.577 15.003 23.208 6.45 
0.0 0.0 0.006 5.18 173.512 
3.91 0.289 48.058 197.645 0.011 
0.043 1.779 98.943 96.925 26.5 
0.217 110.068 25.703 0.324 27.04 
159.446 69.264 2.919 1.113 1.231 
0.011 19.126 107.458 0.301 33.576 
69.604 0.188 15.743 77.605 4.042 
0.0 0.066 5.592 0.004 189.439 
0.052 0.046 0.665 0.004 364.587 
0.032 0.002 0.697 0.002 348.75 
9.928 57.724 32.816 84.662 0.156 
34.748 3.225 42.695 67.977 0.479 
0.381 193.859 2.086 0.944 52.196 
58.128 4.765 42.173 88.536 0.623 
58.128 4.765 42.173 88.536 0.623 
3.727 4.048 157.342 0.393 10.411 
0.001 0.0 0.0 166.189 0.14 
42.167 1.213 208.12 2.347 19.308 
68.533 0.007 21.461 75.841 0.534 
0.0 0.0 0.006 5.18 173.512 
0.0 0.0 0.002 264.285 6.08 
0.002 0.154 0.0 276.533 1.218 
61.934 4.577 15.003 23.208 6.45 
73.515 5.432 29.694 0.522 0.578 
