0.0 0.0 0.034 360.734 0.399 
2.957 2.255 72.05 62.23 0.154 
0.0 0.001 0.0 3.878 301.274 
0.0 0.001 0.0 3.878 301.274 
249.834 97.489 0.454 0.189 11.899 
0.0 0.0 0.003 154.755 0.662 
7.953 186.866 11.358 26.276 5.317 
4.289 0.361 354.706 1.413 0.399 
3.161 0.001 0.042 0.003 276.553 
25.619 2.693 204.143 0.914 1.458 
4.289 0.361 354.706 1.413 0.399 
249.834 97.489 0.454 0.189 11.899 
0.012 0.029 0.002 251.05 0.901 
177.389 0.296 18.577 7.635 6.973 
0.0 0.0 0.034 360.734 0.399 
0.0 0.001 0.079 160.31 0.575 
0.012 0.029 0.002 251.05 0.901 
10.588 147.311 9.205 36.021 2.358 
14.94 183.416 11.564 4.033 0.237 
0.828 1.676 0.022 0.01 196.963 
0.035 0.845 0.873 1.427 247.022 
16.284 14.758 1.81 25.518 91.974 
0.005 0.0 0.007 51.576 134.221 
177.389 0.296 18.577 7.635 6.973 
34.354 0.972 12.319 22.74 158.808 
4.717 40.691 130.129 43.565 2.366 
151.208 0.038 8.817 39.724 6.832 
7.969 97.837 155.485 47.144 0.603 
16.284 14.758 1.81 25.518 91.974 
3.325 82.23 47.358 0.158 179.45 
78.392 46.996 0.738 16.074 46.18 
51.615 52.017 173.127 0.335 2.992 
0.772 19.104 116.817 0.162 184.554 
13.061 17.592 1.787 8.051 63.8 
138.668 0.446 143.149 0.279 31.086 
71.809 26.701 34.019 46.256 6.114 
71.809 26.701 34.019 46.256 6.114 
10.881 133.579 93.104 42.863 0.548 
6.042 2.041 27.033 153.321 0.541 
93.507 121.091 1.264 27.51 0.873 
5.035 70.187 203.463 20.8 10.241 
86.669 69.838 9.124 21.79 25.028 
3.161 0.001 0.042 0.003 276.553 
31.106 147.145 1.187 11.33 0.211 
0.069 0.958 181.415 1.615 59.773 
93.507 121.091 1.264 27.51 0.873 
5.035 70.187 203.463 20.8 10.241 
112.081 0.361 115.702 0.897 25.2 
112.081 0.361 115.702 0.897 25.2 
62.552 7.308 41.138 114.376 2.434 
11.361 7.486 54.011 117.459 0.683 
0.029 0.001 0.0 127.151 18.993 
1.495 109.612 114.329 10.408 2.547 
8.855 123.198 90.055 47.877 2.915 
51.615 52.017 173.127 0.335 2.992 
138.668 0.446 143.149 0.279 31.086 
128.067 0.412 1.231 32.191 5.536 
128.315 0.214 22.827 70.078 7.572 
58.647 45.624 91.829 0.299 34.484 
10.881 133.579 93.104 42.863 0.548 
21.642 14.327 31.676 8.621 13.391 
2.246 55.548 98.608 0.186 55.45 
78.392 46.996 0.738 16.074 46.18 
151.208 0.038 8.817 39.724 6.832 
3.325 82.23 47.358 0.158 179.45 
7.438 64.159 48.041 29.692 4.065 
8.009 111.421 6.963 27.245 4.788 
31.264 8.413 34.942 4.979 1.667 
0.691 3.726 1.655 0.011 252.103 
75.385 60.745 7.936 83.191 0.815 
0.006 0.0 112.197 3.289 28.505 
58.647 45.624 91.829 0.299 34.484 
31.116 89.155 41.94 4.746 15.154 
0.007 0.0 0.009 64.869 168.816 
4.717 40.691 130.129 43.565 2.366 
62.552 7.308 41.138 114.376 2.434 
59.391 0.484 171.586 0.91 0.834 
75.385 60.745 7.936 83.191 0.815 
2.246 55.548 98.608 0.186 55.45 
0.003 0.002 99.122 79.841 0.198 
31.116 89.155 41.94 4.746 15.154 
23.354 0.05 67.071 22.454 3.862 
0.744 17.774 44.866 88.793 1.643 
16.951 1.782 135.075 77.803 1.447 
9.697 1.019 77.273 0.346 166.272 
0.079 0.737 0.167 0.004 274.732 
1.298 1.681 0.018 0.382 262.344 
0.001 0.0 0.002 99.797 3.835 
0.029 0.001 0.0 127.151 18.993 
7.969 97.837 155.485 47.144 0.603 
32.929 94.349 1.535 6.004 12.237 
0.069 0.958 181.415 1.615 59.773 
29.545 0.006 84.685 4.444 0.426 
0.653 15.633 39.458 78.09 19.987 
0.662 1.581 0.84 0.393 144.102 
1.298 1.681 0.018 0.382 262.344 
9.697 1.019 77.273 0.346 166.272 
0.002 0.006 0.01 73.095 190.222 
0.005 0.0 0.007 51.576 134.221 
0.001 0.0 0.002 99.797 3.835 
