2.284 0.385 0.814 1.783 9.306 77.76 0.615 54.166 38.778 5.26 11.579 50.343 9.923 68.962 9.883 
0.026 0.02 0.251 0.023 0.033 0.315 0.063 0.139 100.489 149.307 23.351 72.272 47.842 33.535 1.936 
0.013 0.002 0.468 0.016 0.116 2.276 0.172 0.674 0.536 0.141 0.139 0.153 8.17 326.559 4.325 
0.001 0.002 0.004 0.0 0.008 0.088 0.537 0.374 0.196 0.232 0.004 9.037 312.033 38.631 19.039 
0.421 0.184 18.492 0.028 19.875 14.006 26.429 10.026 1.555 27.534 84.613 27.49 86.866 24.14 32.584 
6.269 0.119 0.732 1.796 15.759 1.717 7.779 7.173 22.731 20.933 0.082 157.274 9.504 66.044 8.277 
1.999 3.621 2.405 9.917 19.208 8.459 26.196 7.886 55.037 3.919 1.705 18.021 44.184 23.838 50.638 
0.0 0.0 0.0 0.0 0.0 0.0 0.0 0.0 0.0 0.0 0.002 0.0 0.157 0.181 294.511 
0.0 0.0 0.0 0.0 0.0 0.0 0.0 0.002 0.034 1.514 103.431 167.701 26.836 35.757 51.246 
0.009 0.014 0.055 0.004 0.004 0.455 1.329 0.647 6.771 21.701 11.904 267.883 28.546 53.178 11.685 
0.0 0.0 0.0 0.0 0.0 0.0 0.0 0.0 0.0 0.0 0.001 0.0 0.049 0.445 429.908 
0.0 0.0 0.0 0.0 0.0 0.0 0.0 0.0 0.0 0.0 0.001 0.0 0.055 0.496 478.311 
0.0 0.0 0.0 0.0 0.0 0.0 0.0 0.0 0.0 0.0 0.001 0.0 0.055 0.496 478.311 
0.009 0.039 0.078 14.537 5.409 1.487 1.266 13.301 0.665 35.902 1.808 0.716 72.534 67.294 72.539 
0.0 0.0 0.0 0.0 0.0 0.0 0.0 0.0 0.0 0.0 0.001 0.0 0.159 0.182 296.523 
0.003 0.001 0.004 0.0 0.132 0.62 0.379 0.223 0.406 17.198 219.382 82.134 25.542 22.171 35.115 
0.006 0.001 0.119 0.02 0.316 1.223 46.337 9.585 0.198 14.406 1.796 10.014 145.863 17.58 3.046 
0.68 0.235 0.391 2.32 1.247 10.326 0.998 4.588 15.469 56.139 7.254 26.282 40.13 120.783 0.035 
3.982 1.375 2.292 9.453 17.774 7.941 4.032 27.302 10.847 67.879 12.003 21.171 54.056 18.361 26.346 
1.999 3.621 2.405 9.917 19.208 8.459 26.196 7.886 55.037 3.919 1.705 18.021 44.184 23.838 50.638 
0.054 0.024 2.382 0.004 2.56 62.663 33.749 12.802 1.985 35.159 107.004 34.963 23.38 24.08 32.503 
6.269 0.119 0.732 1.796 15.759 1.717 7.779 7.173 22.731 20.933 0.082 157.274 9.504 66.044 8.277 
2.19 0.756 4.988 14.094 2.241 21.643 16.318 11.834 5.014 116.488 18.218 56.386 37.326 50.219 1.619 
0.531 0.09 0.189 0.415 5.421 35.465 0.28 24.704 17.686 2.399 5.281 142.427 9.21 64.007 9.173 
2.053 0.699 1.177 1.958 6.302 2.776 1.409 47.414 99.091 4.612 2.06 21.77 10.877 23.796 50.548 
2.015 0.757 4.694 3.383 0.066 4.283 1.431 0.304 1.146 27.995 134.205 47.549 31.182 17.056 59.807 
3.982 1.375 2.292 9.453 17.774 7.941 4.032 27.302 10.847 67.879 12.003 21.171 54.056 18.361 26.346 
2.284 0.385 0.814 1.783 9.306 77.76 0.615 54.166 38.778 5.26 11.579 50.343 9.923 68.962 9.883 
0.003 0.001 0.004 0.0 0.132 0.62 0.379 0.223 0.406 17.198 219.382 82.134 25.542 22.171 35.115 
0.054 0.024 2.382 0.004 2.56 62.663 33.749 12.802 1.985 35.159 107.004 34.963 23.38 24.08 32.503 
0.212 0.085 9.072 0.607 4.081 3.151 34.716 9.874 32.142 28.418 92.307 52.817 14.571 34.303 25.643 
2.19 0.756 4.988 14.094 2.241 21.643 16.318 11.834 5.014 116.488 18.218 56.386 37.326 50.219 1.619 
0.449 0.145 18.143 3.166 3.815 9.236 10.302 3.712 3.315 11.753 45.704 14.849 216.289 19.739 38.917 
0.281 0.097 11.558 0.774 5.199 4.015 44.227 12.579 40.948 36.204 9.568 51.473 11.817 28.059 20.816 
0.281 0.097 11.558 0.774 5.199 4.015 44.227 12.579 40.948 36.204 9.568 51.473 11.817 28.059 20.816 
2.987 1.123 6.959 5.016 0.206 1.34 1.66 0.131 1.315 20.236 66.727 60.169 34.56 33.06 79.435 
0.001 0.003 0.002 0.003 0.722 1.212 3.241 15.196 23.73 24.123 4.112 193.378 84.676 26.796 83.843 
0.118 0.005 7.299 5.771 13.711 9.662 25.275 5.073 1.163 20.594 31.667 16.283 146.312 110.052 42.41 
0.118 0.005 7.299 5.771 13.711 9.662 25.275 5.073 1.163 20.594 31.667 16.283 146.312 110.052 42.41 
0.593 0.205 0.897 3.01 10.166 31.509 4.367 5.307 15.492 3.684 4.557 21.044 5.493 164.647 3.049 
2.987 1.123 6.959 5.016 0.206 1.34 1.66 0.131 1.315 20.236 66.727 60.169 34.56 33.06 79.435 
1.631 0.046 1.887 6.332 9.567 12.844 3.042 0.867 10.01 2.38 2.944 20.517 18.312 139.959 2.835 
0.164 0.007 5.223 0.311 5.929 2.398 4.136 23.952 0.057 12.759 39.211 12.739 254.436 27.631 41.975 
0.347 0.138 14.819 0.031 6.272 0.286 6.511 5.401 17.582 15.545 50.494 28.892 32.906 71.76 20.344 
0.675 0.233 0.739 3.442 10.998 3.537 10.647 23.699 75.431 2.887 8.013 43.65 2.989 14.296 78.305 
0.19 0.153 0.56 1.605 0.51 6.394 0.886 6.002 1.729 26.557 34.354 20.82 50.542 274.189 23.826 
2.337 0.878 5.445 0.5 3.075 4.801 1.604 0.34 0.33 18.844 56.302 52.771 20.151 27.335 65.68 
0.023 0.007 0.05 0.199 0.057 1.475 0.17 1.154 94.154 59.85 3.909 1.547 32.911 70.043 34.487 
1.337 0.462 2.192 4.932 17.834 6.092 3.093 3.947 5.835 5.101 133.665 23.688 24.852 38.057 29.255 
0.41 0.163 0.466 2.17 6.935 2.23 6.714 19.667 54.166 2.073 5.754 24.789 2.04 36.739 63.939 
0.347 0.138 14.819 0.031 6.272 0.286 6.511 5.401 17.582 15.545 50.494 28.892 32.906 71.76 20.344 
1.065 0.368 1.745 3.927 7.606 3.35 1.701 2.17 3.208 2.804 73.489 13.024 55.21 107.832 29.947 
0.077 0.038 3.525 0.005 6.442 3.623 17.4 3.091 0.594 10.526 32.348 97.439 116.642 22.311 61.371 
2.053 0.699 1.177 1.958 6.302 2.776 1.409 47.414 99.091 4.612 2.06 21.77 10.877 23.796 50.548 
0.019 0.035 0.023 0.095 0.185 0.081 0.0 0.048 56.37 88.039 1.782 18.833 46.175 24.912 52.92 
0.675 0.233 0.739 3.442 10.998 3.537 10.647 23.699 75.431 2.887 8.013 43.65 2.989 14.296 78.305 
0.105 0.526 1.031 7.639 3.432 0.944 0.803 8.438 0.352 36.03 1.475 0.584 31.086 17.089 163.355 
0.101 0.031 0.021 0.38 0.108 1.36 0.042 0.224 68.093 109.423 4.472 1.77 7.294 69.26 34.101 
0.68 0.235 0.391 2.32 1.247 10.326 0.998 4.588 15.469 56.139 7.254 26.282 40.13 120.783 0.035 
0.531 0.09 0.189 0.415 5.421 35.465 0.28 24.704 17.686 2.399 5.281 142.427 9.21 64.007 9.173 
0.0 0.0 0.0 0.0 0.0 0.0 0.0 0.0 0.0 0.0 0.002 0.0 0.163 0.187 305.35 
0.0 0.0 0.0 0.0 0.0 0.0 0.0 0.0 0.0 0.0 0.001 0.0 0.213 0.244 397.545 
0.001 0.002 0.004 0.0 0.008 0.088 0.537 0.374 0.196 0.232 0.004 9.037 312.033 38.631 19.039 
0.673 0.232 1.018 3.416 11.537 11.137 2.638 3.206 9.357 2.225 2.752 19.179 17.119 130.835 2.423 
0.243 0.04 8.635 0.013 9.282 0.496 1.23 1.636 0.375 6.64 62.422 8.031 171.943 20.723 57.004 
1.167 0.439 3.687 2.398 0.099 3.057 1.021 0.779 0.856 13.177 40.438 37.498 93.305 32.323 77.666 
3.746 0.071 0.437 1.073 9.417 4.458 5.66 0.454 13.919 47.252 0.083 160.013 9.669 67.194 8.421 
0.278 0.045 9.897 0.09 11.038 7.667 8.417 3.071 0.704 9.263 36.022 11.703 170.471 91.948 38.917 
0.077 0.038 3.525 0.005 6.442 3.623 17.4 3.091 0.594 10.526 32.348 97.439 116.642 22.311 61.371 
0.0 0.0 0.0 0.0 0.002 0.002 0.001 0.117 0.026 0.304 0.133 0.601 1.065 0.269 214.42 
0.464 0.373 1.367 3.915 1.244 15.6 2.162 14.642 4.217 64.79 83.81 50.794 13.274 91.949 19.566 
0.105 0.526 1.031 7.639 3.432 0.944 0.803 8.438 0.352 36.03 1.475 0.584 31.086 17.089 163.355 
0.013 0.002 0.468 0.016 0.116 2.276 0.172 0.674 0.536 0.141 0.139 0.153 8.17 326.559 4.325 
0.0 0.0 0.0 0.204 1.275 1.428 0.03 2.353 6.16 20.818 1.955 234.015 10.518 57.465 10.01 
0.373 0.676 0.449 1.851 3.586 1.579 5.135 11.422 38.948 99.13 2.006 21.206 51.992 28.051 59.587 
1.949 0.037 0.228 0.558 4.9 2.319 6.5 9.611 11.761 45.598 0.08 154.412 9.331 96.664 10.24 
0.001 0.0 0.284 0.001 0.297 0.209 0.515 0.762 0.036 15.3 12.423 74.566 181.234 21.843 33.181 
0.001 0.003 0.002 0.003 0.722 1.212 3.241 15.196 23.73 24.123 4.112 193.378 84.676 26.796 83.843 
0.032 0.005 0.291 0.098 0.402 0.452 20.649 2.293 8.41 8.132 2.469 11.403 94.85 106.553 3.151 
0.032 0.091 0.001 0.023 7.593 2.003 16.256 10.701 5.947 23.323 3.976 111.731 57.894 3.488 54.027 
0.0 0.0 0.0 0.0 0.0 0.0 0.0 0.0 0.036 0.062 1.115 5.882 136.216 2.087 124.425 
0.019 0.035 0.023 0.095 0.185 0.081 0.0 0.048 56.37 88.039 1.782 18.833 46.175 24.912 52.92 
0.0 0.003 0.049 0.093 0.015 0.143 0.026 0.062 45.093 70.427 94.796 55.573 12.847 23.75 1.371 
3.746 0.071 0.437 1.073 9.417 4.458 5.66 0.454 13.919 47.252 0.083 160.013 9.669 67.194 8.421 
1.631 0.046 1.887 6.332 9.567 12.844 3.042 0.867 10.01 2.38 2.944 20.517 18.312 139.959 2.835 
0.19 0.153 0.56 1.605 0.51 6.394 0.886 6.002 1.729 26.557 34.354 20.82 50.542 274.189 23.826 
0.041 0.018 1.805 0.003 0.379 15.995 5.376 1.585 0.013 7.628 23.441 4.155 104.923 10.423 34.351 
0.593 0.205 0.897 3.01 10.166 31.509 4.367 5.307 15.492 3.684 4.557 21.044 5.493 164.647 3.049 
0.373 0.676 0.449 1.851 3.586 1.579 5.135 11.422 38.948 99.13 2.006 21.206 51.992 28.051 59.587 
1.921 0.722 4.475 3.226 0.133 4.111 1.17 0.317 1.088 16.748 98.772 74.127 28.305 38.398 42.149 
1.337 0.462 2.192 4.932 17.834 6.092 3.093 3.947 5.835 5.101 133.665 23.688 24.852 38.057 29.255 
1.047 0.394 2.44 1.759 0.034 1.737 0.698 0.148 0.559 8.602 50.732 17.974 149.515 15.517 84.719 
0.449 0.145 18.143 3.166 3.815 9.236 10.302 3.712 3.315 11.753 45.704 14.849 216.289 19.739 38.917 
0.002 0.001 0.036 0.006 0.096 0.589 20.035 21.637 13.674 13.975 0.744 9.579 139.533 16.817 2.664 
0.055 0.019 0.125 0.885 0.11 1.065 6.164 1.602 15.572 145.121 10.289 47.74 66.99 25.163 1.453 
0.41 0.163 0.466 2.17 6.935 2.23 6.714 19.667 54.166 2.073 5.754 24.789 2.04 36.739 63.939 
1.488 0.028 0.174 0.426 3.74 1.77 4.961 7.031 8.84 34.272 0.061 116.058 90.612 74.488 10.24 
0.212 0.085 9.072 0.607 4.081 3.151 34.716 9.874 32.142 28.418 92.307 52.817 14.571 34.303 25.643 
0.101 0.031 0.021 0.38 0.108 1.36 0.042 0.224 68.093 109.423 4.472 1.77 7.294 69.26 34.101 
0.278 0.045 9.897 0.09 11.038 7.667 8.417 3.071 0.704 9.263 36.022 11.703 170.471 91.948 38.917 
