155.119 1.569 51.611 0.727 0.388 
0.069 0.432 0.001 90.412 105.697 
0.069 0.432 0.001 90.412 105.697 
13.245 205.388 2.095 0.945 34.565 
0.006 0.006 0.708 0.008 146.823 
0.0 0.0 0.049 7.584 276.891 
0.0 0.0 0.171 26.189 45.391 
0.096 0.014 331.078 0.725 11.765 
27.776 0.281 94.787 0.429 0.121 
0.0 0.0 0.033 5.101 280.669 
13.245 205.388 2.095 0.945 34.565 
32.074 104.841 0.947 0.481 0.257 
0.096 0.014 331.078 0.725 11.765 
0.016 0.762 173.802 4.882 83.454 
0.238 0.0 0.119 64.275 258.179 
155.119 1.569 51.611 0.727 0.388 
121.028 45.003 1.149 0.584 0.164 
0.134 0.836 0.009 10.017 200.543 
0.172 0.322 110.43 57.04 7.657 
32.074 104.841 0.947 0.481 0.257 
0.0 0.0 0.171 26.189 45.391 
113.576 2.731 21.812 3.863 3.682 
18.821 70.387 97.687 0.305 1.344 
45.202 22.436 2.583 36.109 3.769 
93.673 34.831 0.889 0.452 0.241 
4.345 0.263 74.165 50.442 5.585 
0.011 0.0 0.162 67.126 0.483 
0.02 0.03 0.053 80.268 2.849 
13.333 0.821 158.065 0.601 6.126 
0.134 0.836 0.009 10.017 200.543 
0.005 0.399 0.026 0.081 160.738 
93.673 34.831 0.889 0.452 0.241 
18.821 70.387 97.687 0.305 1.344 
78.604 42.984 1.165 23.152 6.652 
9.722 8.81 57.509 0.083 27.298 
4.345 0.263 74.165 50.442 5.585 
0.002 0.009 34.564 22.131 97.646 
59.551 26.512 4.541 5.847 2.412 
0.01 0.009 0.148 80.311 2.853 
33.376 51.175 3.319 5.67 3.316 
0.477 19.83 100.827 0.423 71.392 
0.395 0.216 97.561 41.289 13.721 
0.189 0.005 0.036 35.179 39.226 
0.172 0.322 110.43 57.04 7.657 
0.238 0.0 0.119 64.275 258.179 
78.604 42.984 1.165 23.152 6.652 
59.551 26.512 4.541 5.847 2.412 
72.311 0.279 3.83 4.932 2.035 
0.007 0.005 0.008 15.184 15.468 
45.202 22.436 2.583 36.109 3.769 
9.722 8.81 57.509 0.083 27.298 
19.261 3.439 70.442 2.713 4.37 
2.576 17.417 3.749 12.209 12.892 
35.753 1.299 36.091 0.313 34.159 
0.007 0.004 1.627 0.688 127.107 
0.395 0.216 97.561 41.289 13.721 
0.052 0.079 7.802 1.134 120.475 
19.261 3.439 70.442 2.713 4.37 
13.333 0.821 158.065 0.601 6.126 
0.847 0.463 92.427 6.049 4.032 
121.028 45.003 1.149 0.584 0.164 
0.001 0.012 38.978 24.957 110.114 
0.106 18.593 42.033 3.919 23.184 
0.477 19.83 100.827 0.423 71.392 
113.576 2.731 21.812 3.863 3.682 
23.973 0.576 4.604 0.815 33.199 
0.342 0.105 26.713 13.967 76.954 
3.071 47.614 2.221 9.978 9.805 
0.052 0.079 7.802 1.134 120.475 
0.152 26.697 33.883 3.919 23.184 
0.014 0.013 1.635 4.769 85.449 
72.311 0.279 3.83 4.932 2.035 
0.002 0.009 34.564 22.131 97.646 
0.001 0.012 38.978 24.957 110.114 
0.003 0.014 2.642 0.074 149.462 
0.152 26.697 33.883 3.919 23.184 
0.072 0.671 165.806 4.658 79.615 
0.005 0.399 0.026 0.081 160.738 
0.342 0.105 26.713 13.967 76.954 
0.072 0.671 165.806 4.658 79.615 
0.016 0.762 173.802 4.882 83.454 
23.973 0.576 4.604 0.815 33.199 
27.776 0.281 94.787 0.429 0.121 
33.376 51.175 3.319 5.67 3.316 
0.001 0.013 0.157 26.189 45.391 
3.071 47.614 2.221 9.978 9.805 
0.189 0.005 0.036 35.179 39.226 
0.011 0.0 0.162 67.126 0.483 
2.576 17.417 3.749 12.209 12.892 
0.459 21.222 22.853 6.368 4.254 
2.101 6.867 4.349 0.303 3.436 
0.01 0.007 0.003 14.778 16.521 
0.011 0.016 1.625 7.602 122.959 
35.753 1.299 36.091 0.313 34.159 
0.847 0.463 92.427 6.049 4.032 
0.59 0.105 41.539 0.961 37.421 
0.0 0.0 0.033 5.101 280.669 
0.033 0.055 0.293 0.019 123.304 
0.007 0.004 1.627 0.688 127.107 
2.101 6.867 4.349 0.303 3.436 
