0.0 0.0 0.001 303.886 38.501 
0.0 0.0 0.001 303.886 38.501 
0.0 0.0 0.0 6.961 112.367 
7.003 7.608 295.695 0.739 0.019 
0.0 0.084 0.717 0.004 382.94 
275.749 0.887 0.727 4.447 0.237 
5.601 0.018 202.478 148.493 0.003 
0.0 0.0 0.002 179.798 36.628 
9.525 297.786 3.922 0.741 0.036 
0.007 0.007 0.282 0.001 349.186 
7.696 256.777 0.256 4.244 0.131 
5.2 169.079 0.458 0.062 2.547 
201.682 0.649 18.505 3.541 0.295 
275.749 0.887 0.727 4.447 0.237 
0.681 0.05 123.968 13.106 3.766 
40.064 1.153 175.674 2.024 16.651 
0.0 0.0 0.002 302.905 6.969 
0.0 0.025 0.0 254.883 0.214 
0.034 0.198 0.161 0.001 187.63 
0.046 0.041 0.273 0.161 247.921 
18.804 155.105 0.009 56.421 0.194 
167.725 0.54 0.442 214.984 0.023 
119.754 52.022 2.192 11.226 0.98 
147.98 0.476 13.577 97.526 0.341 
0.0 0.025 0.0 254.883 0.214 
119.754 52.022 2.192 11.226 0.98 
0.0 0.0 0.001 171.707 136.017 
4.848 121.499 0.804 0.12 0.044 
0.011 19.048 107.019 20.727 38.844 
40.064 1.153 175.674 2.024 16.651 
68.646 66.983 96.893 63.162 0.018 
68.646 66.983 96.893 63.162 0.018 
11.085 0.036 21.468 133.93 0.385 
0.106 3.324 229.575 0.555 0.027 
2.711 1.178 260.25 1.27 1.404 
170.26 73.962 3.117 1.189 1.315 
0.015 0.001 0.046 110.218 83.539 
3.902 32.187 220.171 83.134 0.285 
187.553 0.603 8.623 45.734 0.56 
46.891 0.151 286.995 5.356 0.285 
2.711 1.178 260.25 1.27 1.404 
28.266 117.132 70.683 52.599 0.056 
18.804 155.105 0.009 56.421 0.194 
93.84 0.254 21.225 33.208 3.68 
39.886 3.702 49.009 89.016 0.238 
0.046 0.041 0.273 0.161 247.921 
0.076 0.067 0.449 0.001 282.318 
0.007 0.007 0.282 0.001 349.186 
0.0 0.084 0.717 0.004 382.94 
167.725 0.54 0.442 214.984 0.023 
75.741 5.4 30.519 0.537 0.594 
0.007 0.077 0.571 0.002 312.284 
98.447 0.106 0.627 0.477 3.371 
0.069 0.061 0.411 0.052 282.318 
9.525 297.786 3.922 0.741 0.036 
7.696 256.777 0.256 4.244 0.131 
28.266 117.132 70.683 52.599 0.056 
0.0 0.0 0.0 6.961 112.367 
3.029 101.071 1.118 93.27 19.351 
153.483 45.743 2.542 13.021 0.007 
0.011 19.048 107.019 20.727 38.844 
0.031 1.309 72.796 71.312 19.497 
3.902 32.187 220.171 83.134 0.285 
0.395 277.533 2.985 0.007 0.136 
6.44 37.446 77.308 102.127 0.188 
1.352 9.29 215.361 0.538 14.251 
0.395 277.533 2.985 0.007 0.136 
191.415 85.664 2.976 0.908 0.137 
0.008 15.327 86.105 21.085 25.491 
0.041 73.575 63.902 0.099 61.953 
58.214 63.242 58.914 0.391 2.633 
0.877 0.065 51.168 197.089 0.01 
0.0 0.015 0.0 153.411 101.696 
5.601 0.018 202.478 148.493 0.003 
97.055 43.435 32.743 0.412 34.446 
0.0 0.0 0.002 179.798 36.628 
75.741 5.4 30.519 0.537 0.594 
0.402 0.012 0.222 0.051 327.14 
58.214 63.242 58.914 0.391 2.633 
0.0 0.0 0.001 126.891 25.85 
191.415 85.664 2.976 0.908 0.137 
0.008 15.327 86.105 21.085 25.491 
0.009 0.074 0.004 155.284 0.131 
0.0 0.012 0.0 28.236 169.5 
187.553 0.603 8.623 45.734 0.56 
0.0 0.475 40.372 0.029 154.224 
49.295 4.576 60.57 26.482 0.454 
5.2 169.079 0.458 0.062 2.547 
6.44 37.446 77.308 102.127 0.188 
43.193 94.547 66.813 0.487 0.009 
0.052 2.149 119.561 155.163 0.009 
0.877 0.065 51.168 197.089 0.01 
0.041 73.575 63.902 0.099 61.953 
2.356 13.095 49.04 0.154 48.969 
147.98 0.476 13.577 97.526 0.341 
44.91 60.922 0.584 36.404 0.187 
0.0 0.0 0.001 126.891 25.85 
201.682 0.649 18.505 3.541 0.295 
3.029 101.071 1.118 93.27 19.351 
0.0 0.067 5.648 0.004 156.271 
