0.025 0.001 199.661 2.857 1.054 
0.0 0.0 0.0 0.0 224.649 
0.0 0.31 0.0 250.316 0.877 
1.028 229.348 0.214 0.022 5.76 
45.399 11.964 21.165 15.219 0.002 
343.684 0.707 0.14 0.096 8.608 
0.0 0.0 0.0 0.123 361.621 
0.0 0.0 0.0 0.0 227.239 
192.497 54.667 0.039 0.029 1.287 
335.424 0.69 0.312 0.079 8.405 
0.0 0.0 0.0 0.123 361.621 
0.0 0.0 0.0 0.0 227.239 
15.625 0.003 5.478 101.417 68.834 
0.978 218.135 0.158 0.482 5.489 
0.631 140.649 0.425 0.008 4.36 
18.569 71.473 105.864 0.199 0.197 
7.029 0.004 2.466 45.645 135.656 
0.291 94.568 45.642 6.24 0.148 
0.631 140.649 0.425 0.008 4.36 
7.029 0.004 2.466 45.645 135.656 
1.476 25.63 54.183 13.451 0.095 
26.496 1.216 177.618 0.579 0.483 
0.004 0.072 142.779 0.145 4.363 
0.0 0.058 0.0 0.009 198.604 
0.229 0.001 0.112 143.595 10.565 
2.428 21.357 131.491 0.074 0.544 
192.497 54.667 0.039 0.029 1.287 
148.357 0.305 7.62 0.441 0.32 
3.277 0.821 0.0 217.754 9.802 
0.0 0.31 0.0 250.316 0.877 
148.357 0.305 7.62 0.441 0.32 
107.483 0.221 1.567 0.111 45.173 
2.572 57.425 70.539 0.133 3.788 
1.479 0.068 1.47 160.324 0.383 
0.221 49.229 2.535 10.075 0.062 
0.001 0.12 0.0 96.861 0.339 
0.005 0.081 0.0 69.243 0.141 
0.0 0.107 0.126 187.811 0.979 
0.025 5.63 180.035 0.124 5.717 
0.025 0.001 199.661 2.857 1.054 
48.376 0.029 2.481 209.281 0.91 
2.572 57.425 70.539 0.133 3.788 
0.0 0.107 0.126 187.811 0.979 
48.376 0.029 2.481 209.281 0.91 
35.525 9.362 89.724 26.088 0.003 
2.145 13.706 31.687 34.8 7.683 
45.399 11.964 21.165 15.219 0.002 
0.383 85.498 6.55 1.322 2.885 
0.149 21.727 11.806 43.5 10.77 
0.002 0.043 84.499 59.333 0.116 
93.256 4.278 38.867 0.385 0.321 
18.569 71.473 105.864 0.199 0.197 
0.291 94.568 45.642 6.24 0.148 
35.525 9.362 89.724 26.088 0.003 
0.007 7.491 80.558 3.457 16.612 
2.428 21.357 131.491 0.074 0.544 
0.149 21.727 11.806 43.5 10.77 
14.466 3.624 100.006 0.049 0.413 
35.056 9.955 0.042 33.605 0.079 
0.004 0.072 142.779 0.145 4.363 
0.401 89.35 0.002 1.283 33.755 
64.492 11.513 33.173 0.111 3.363 
0.978 218.135 0.158 0.482 5.489 
0.597 2.117 0.952 8.121 21.842 
1.028 229.348 0.214 0.022 5.76 
0.221 49.229 2.535 10.075 0.062 
0.002 0.043 84.499 59.333 0.116 
2.145 13.706 31.687 34.8 7.683 
1.01 22.552 47.099 49.591 0.097 
6.474 22.954 1.532 2.136 61.328 
17.822 88.901 0.321 13.12 49.626 
15.625 0.003 5.478 101.417 68.834 
26.496 1.216 177.618 0.579 0.483 
0.265 0.001 25.559 1.234 45.264 
107.483 0.221 1.567 0.111 45.173 
93.256 4.278 38.867 0.385 0.321 
64.492 11.513 33.173 0.111 3.363 
0.005 0.081 0.0 69.243 0.141 
101.969 25.548 2.116 0.074 5.731 
0.647 0.454 94.09 4.548 13.917 
1.476 25.63 54.183 13.451 0.095 
0.0 0.058 0.0 0.009 198.604 
0.0 0.0 0.0 0.072 212.328 
3.277 0.821 0.0 217.754 9.802 
17.822 88.901 0.321 13.12 49.626 
6.474 22.954 1.532 2.136 61.328 
43.952 0.09 102.247 0.413 4.532 
0.401 89.35 0.002 1.283 33.755 
90.031 0.011 105.864 0.199 0.197 
0.0 0.057 0.067 51.871 1.299 
1.479 0.068 1.47 160.324 0.383 
75.985 0.02 33.173 0.111 3.363 
0.0 0.0 0.19 152.937 4.671 
0.0 0.0 0.048 0.028 223.121 
0.0 0.0 0.0 0.072 212.328 
67.693 0.018 0.002 6.907 0.075 
0.245 0.001 0.112 150.379 3.765 
0.229 0.001 0.112 143.595 10.565 
0.007 7.524 80.915 3.067 16.612 
26.373 12.523 90.3 13.177 0.143 
