10.134 0.067 75.52 21.652 0.0 
1.454 97.397 0.135 2.165 0.0 
0.36 0.0 168.773 11.708 0.255 
0.024 1.544 177.111 2.942 0.023 
11.318 4.649 23.59 23.077 0.054 
0.287 0.0 102.692 45.405 0.209 
17.065 33.857 9.01 0.006 0.668 
0.004 0.049 0.021 300.95 0.425 
5.128 0.008 128.777 28.728 0.0 
7.221 6.74 17.346 3.509 1.443 
69.468 0.004 23.286 47.602 0.0 
0.003 0.01 2.039 61.244 0.089 
124.245 0.178 0.135 0.639 0.034 
35.908 1.349 75.062 0.146 25.531 
209.437 0.133 31.621 0.314 0.207 
0.161 23.334 0.143 38.083 2.559 
54.535 20.479 25.144 0.473 0.0 
90.837 0.003 35.461 0.094 0.006 
0.0 0.0 0.0 0.0 136.92 
35.917 0.023 14.03 55.661 0.0 
1.058 70.846 144.416 4.732 0.0 
11.926 0.018 147.116 0.342 3.239 
28.958 0.001 58.344 6.044 0.0 
99.05 60.667 2.007 14.968 0.024 
0.582 37.809 6.342 0.736 0.006 
0.822 1.89 0.002 37.999 0.006 
2.069 0.0 25.481 18.052 0.013 
5.319 68.05 12.982 0.009 0.963 
33.272 27.592 6.808 1.11 0.009 
0.0 0.0 0.0 0.0 45.411 
98.906 0.006 16.16 59.053 0.0 
17.839 51.355 10.403 0.104 0.436 
104.197 1.535 0.114 6.069 2.274 
53.444 0.351 71.269 0.133 0.034 
0.065 0.182 115.699 3.572 0.169 
160.737 0.161 0.04 16.064 40.182 
38.432 0.0 77.771 0.151 0.0 
1.213 78.808 0.109 7.359 1.937 
0.897 0.026 104.323 15.117 0.006 
0.18 0.074 90.779 53.106 0.203 
116.455 0.074 19.25 0.52 0.117 
10.134 0.067 75.52 21.652 0.0 
1.454 97.397 0.135 2.165 0.0 
2.797 0.004 78.733 0.495 1.667 
0.36 0.0 168.773 11.708 0.255 
0.753 0.0 1.517 185.857 0.0 
0.024 1.544 177.111 2.942 0.023 
11.318 4.649 23.59 23.077 0.054 
0.287 0.0 102.692 45.405 0.209 
17.065 33.857 9.01 0.006 0.668 
0.004 0.049 0.021 300.95 0.425 
3.933 13.647 6.862 1.349 0.036 
5.128 0.008 128.777 28.728 0.0 
7.221 6.74 17.346 3.509 1.443 
69.468 0.004 23.286 47.602 0.0 
0.005 0.011 0.006 182.907 0.006 
0.003 0.01 2.039 61.244 0.089 
124.245 0.178 0.135 0.639 0.034 
15.685 0.103 75.606 0.097 0.129 
177.75 0.001 0.044 17.747 0.0 
35.908 1.349 75.062 0.146 25.531 
209.437 0.133 31.621 0.314 0.207 
180.239 0.01 0.197 13.545 0.099 
0.161 23.334 0.143 38.083 2.559 
54.535 20.479 25.144 0.473 0.0 
90.837 0.003 35.461 0.094 0.006 
0.0 0.0 0.0 0.0 136.92 
35.917 0.023 14.03 55.661 0.0 
1.058 70.846 144.416 4.732 0.0 
11.926 0.018 147.116 0.342 3.239 
28.958 0.001 58.344 6.044 0.0 
0.427 0.121 84.905 1.869 0.973 
99.05 60.667 2.007 14.968 0.024 
0.0 0.0 0.0 0.0 116.258 
0.582 37.809 6.342 0.736 0.006 
0.822 1.89 0.002 37.999 0.006 
2.069 0.0 25.481 18.052 0.013 
6.106 0.04 78.761 0.401 2.739 
5.319 68.05 12.982 0.009 0.963 
33.272 27.592 6.808 1.11 0.009 
2.238 7.768 3.906 7.427 0.03 
0.0 0.0 0.0 0.0 45.411 
0.018 0.0 0.0 72.128 0.0 
0.01 0.001 0.0 77.781 17.66 
98.906 0.006 16.16 59.053 0.0 
17.839 51.355 10.403 0.104 0.436 
104.197 1.535 0.114 6.069 2.274 
0.008 0.001 1.053 77.46 0.004 
0.0 0.0 0.0 0.0 116.258 
53.444 0.351 71.269 0.133 0.034 
0.065 0.182 115.699 3.572 0.169 
0.006 0.002 0.003 74.862 22.679 
160.737 0.161 0.04 16.064 40.182 
38.432 0.0 77.771 0.151 0.0 
1.213 78.808 0.109 7.359 1.937 
0.897 0.026 104.323 15.117 0.006 
0.163 2.166 26.487 0.038 0.041 
0.18 0.074 90.779 53.106 0.203 
116.455 0.074 19.25 0.52 0.117 
0.805 0.0 28.246 2.181 0.016 
