13.773 14.753 4.372 98.342 23.314 
13.773 14.753 4.372 98.342 23.314 
0.408 0.0 0.42 47.603 193.461 
0.408 0.0 0.42 47.603 193.461 
27.5 20.755 54.557 1.105 61.032 
27.5 20.755 54.557 1.105 61.032 
3.136 1.715 96.304 42.544 14.138 
3.136 1.715 96.304 42.544 14.138 
1.777 73.895 50.09 31.211 6.342 
1.777 73.895 50.09 31.211 6.342 
4.402 34.983 222.105 4.192 38.965 
4.402 34.983 222.105 4.192 38.965 
5.161 15.772 22.065 6.149 20.402 
5.161 15.772 22.065 6.149 20.402 
6.601 65.604 2.899 3.703 95.74 
6.601 65.604 2.899 3.703 95.74 
2.491 103.557 23.423 32.132 6.529 
2.491 103.557 23.423 32.132 6.529 
0.147 0.005 2.325 27.523 136.166 
0.147 0.005 2.325 27.523 136.166 
7.233 83.449 3.974 60.586 24.206 
7.233 83.449 3.974 60.586 24.206 
74.596 0.755 198.373 0.956 66.874 
74.596 0.755 198.373 0.956 66.874 
0.277 0.591 0.008 157.715 137.392 
0.277 0.591 0.008 157.715 137.392 
0.119 0.738 0.008 155.495 135.459 
0.119 0.738 0.008 155.495 135.459 
0.096 0.262 0.058 0.021 137.483 
0.096 0.262 0.058 0.021 137.483 
71.372 4.396 208.695 0.993 18.131 
71.372 4.396 208.695 0.993 18.131 
0.059 0.054 6.733 0.773 101.235 
0.059 0.054 6.733 0.773 101.235 
6.726 66.845 2.954 3.518 97.241 
6.726 66.845 2.954 3.518 97.241 
8.895 16.621 4.785 15.582 3.291 
8.895 16.621 4.785 15.582 3.291 
0.394 0.5 14.378 90.105 4.555 
0.394 0.5 14.378 90.105 4.555 
0.01 0.122 0.142 106.393 3.781 
0.01 0.122 0.142 106.393 3.781 
6.614 44.432 98.548 71.398 11.759 
6.614 44.432 98.548 71.398 11.759 
12.626 2.593 47.228 4.03 23.839 
12.626 2.593 47.228 4.03 23.839 
0.923 2.261 2.302 67.798 115.33 
0.923 2.261 2.302 67.798 115.33 
0.134 0.366 0.081 0.03 123.095 
0.134 0.366 0.081 0.03 123.095 
3.749 2.05 115.099 22.802 14.138 
3.749 2.05 115.099 22.802 14.138 
61.044 3.76 178.493 0.849 59.441 
61.044 3.76 178.493 0.849 59.441 
0.001 0.006 0.479 74.466 129.064 
0.001 0.006 0.479 74.466 129.064 
0.065 0.159 0.052 3.418 236.025 
0.065 0.159 0.052 3.418 236.025 
15.72 3.228 58.8 3.07 28.981 
15.72 3.228 58.8 3.07 28.981 
0.548 0.013 125.192 13.367 154.117 
0.548 0.013 125.192 13.367 154.117 
1.167 2.507 17.759 125.35 2.859 
1.167 2.507 17.759 125.35 2.859 
51.808 38.874 3.974 60.586 24.206 
51.808 38.874 3.974 60.586 24.206 
0.015 0.0 3.373 135.732 154.117 
0.015 0.0 3.373 135.732 154.117 
7.605 20.801 4.583 1.68 103.25 
7.605 20.801 4.583 1.68 103.25 
0.001 0.001 0.093 73.339 126.45 
0.001 0.001 0.093 73.339 126.45 
0.001 0.001 0.093 73.339 126.45 
0.001 0.001 0.093 73.339 126.45 
0.0 0.0 0.023 3.567 196.293 
0.0 0.0 0.023 3.567 196.293 
1.717 0.002 1.769 43.244 186.678 
1.717 0.002 1.769 43.244 186.678 
5.561 19.137 0.806 39.102 86.936 
5.561 19.137 0.806 39.102 86.936 
3.32 6.204 1.786 5.816 32.048 
3.32 6.204 1.786 5.816 32.048 
0.063 0.057 7.128 0.165 98.491 
0.063 0.057 7.128 0.165 98.491 
14.32 10.808 70.396 1.027 56.705 
14.32 10.808 70.396 1.027 56.705 
5.65 1.894 33.31 34.099 76.948 
5.65 1.894 33.31 34.099 76.948 
17.881 70.402 70.388 2.544 74.969 
17.881 70.402 70.388 2.544 74.969 
1.714 0.006 1.769 43.244 186.678 
1.714 0.006 1.769 43.244 186.678 
80.877 0.818 225.018 1.071 74.934 
0.137 0.85 0.009 179.141 156.058 
173.005 64.33 13.836 61.141 10.68 
0.023 0.274 0.32 239.493 8.511 
0.149 0.408 0.09 0.033 137.238 
1.493 3.205 22.708 160.285 3.656 
0.013 0.012 0.082 19.192 386.565 
0.58 0.0 0.597 14.583 217.652 
