0.013 0.001 0.0 5.863 169.089 
0.008 0.0 0.003 4.807 138.614 
0.002 0.003 0.001 2.437 97.074 
22.91 90.923 63.98 112.757 2.118 
6.227 1.533 25.929 318.941 6.517 
140.652 36.476 0.253 33.777 55.254 
7.731 9.96 90.914 35.69 0.676 
0.093 0.015 1.077 0.805 289.801 
0.013 0.018 0.071 0.239 80.502 
20.393 5.914 260.695 0.809 6.647 
111.607 1.955 136.843 48.53 2.179 
41.835 0.841 219.314 24.929 1.344 
54.957 75.415 58.321 10.902 27.453 
0.115 0.01 3.117 214.912 82.614 
28.555 20.73 62.162 70.672 1.328 
79.039 4.881 101.124 18.683 50.299 
0.17 0.015 4.61 293.017 40.963 
79.039 4.881 101.124 18.683 50.299 
131.841 5.937 77.438 136.476 2.564 
134.343 33.282 20.41 155.782 1.457 
22.91 90.923 63.98 112.757 2.118 
0.013 0.001 0.0 5.863 169.089 
105.101 0.973 7.626 31.73 41.971 
10.388 0.209 0.018 2.106 225.619 
0.053 0.009 0.006 1.856 280.337 
10.388 0.209 0.018 2.106 225.619 
21.584 54.768 58.194 14.786 4.093 
21.584 54.768 58.194 14.786 4.093 
1.295 68.055 0.056 13.216 21.62 
111.607 1.955 136.843 48.53 2.179 
0.002 0.003 0.001 2.437 97.074 
1.898 48.397 1.055 100.755 2.353 
0.289 0.567 1.649 166.043 63.829 
0.995 1.873 22.318 198.385 30.751 
6.241 51.632 0.099 113.749 2.657 
54.288 3.353 72.702 44.749 43.229 
10.502 2.6 112.313 41.214 1.328 
2.485 20.563 228.395 0.709 5.823 
11.158 14.374 253.01 0.786 6.451 
0.008 0.0 0.003 4.807 138.614 
54.957 75.415 58.321 10.902 27.453 
140.652 36.476 0.253 33.777 55.254 
134.343 33.282 20.41 155.782 1.457 
43.771 10.844 64.692 98.842 0.925 
2.485 20.563 228.395 0.709 5.823 
3.998 6.237 12.266 142.152 5.066 
19.884 5.647 23.38 12.557 10.456 
1.295 68.055 0.056 13.216 21.62 
0.17 0.015 4.61 293.017 40.963 
131.841 5.937 77.438 136.476 2.564 
11.158 14.374 253.01 0.786 6.451 
28.555 20.73 62.162 70.672 1.328 
0.086 15.773 59.115 5.635 48.098 
0.03 0.101 0.622 314.584 76.68 
105.101 0.973 7.626 31.73 41.971 
0.115 0.01 3.117 214.912 82.614 
23.247 2.391 254.061 0.789 6.478 
7.731 9.96 90.914 35.69 0.676 
0.995 1.873 22.318 198.385 30.751 
41.835 0.841 219.314 24.929 1.344 
0.026 0.059 65.096 146.208 6.504 
42.776 12.148 72.995 3.818 22.41 
4.786 0.528 3.261 81.907 14.077 
9.617 3.082 111.428 34.987 32.204 
1.898 48.397 1.055 100.755 2.353 
0.289 0.567 1.649 166.043 63.829 
7.669 0.316 9.388 63.33 36.638 
1.205 0.425 24.649 95.102 36.867 
54.288 3.353 72.702 44.749 43.229 
4.786 0.528 3.261 81.907 14.077 
6.241 51.632 0.099 113.749 2.657 
0.032 0.549 0.099 30.369 70.114 
0.086 15.773 59.115 5.635 48.098 
1.817 2.397 9.677 56.688 12.852 
6.227 1.533 25.929 318.941 6.517 
3.998 6.237 12.266 142.152 5.066 
0.053 0.009 0.006 1.856 280.337 
7.884 10.399 8.526 53.589 14.64 
0.093 0.015 1.077 0.805 289.801 
20.393 5.914 260.695 0.809 6.647 
0.837 1.91 1.257 104.426 26.559 
1.798 4.472 3.847 96.649 16.611 
1.798 4.472 3.847 96.649 16.611 
0.03 0.101 0.622 314.584 76.68 
42.776 12.148 72.995 3.818 22.41 
0.837 1.91 1.257 104.426 26.559 
0.536 13.675 0.298 139.369 2.381 
7.884 10.399 8.526 53.589 14.64 
7.669 0.316 9.388 63.33 36.638 
1.205 0.425 24.649 95.102 36.867 
9.151 1.973 0.579 160.018 4.468 
0.032 0.549 0.099 30.369 70.114 
9.151 1.973 0.579 160.018 4.468 
0.357 2.148 0.008 4.43 75.934 
43.771 10.844 64.692 98.842 0.925 
10.502 2.6 112.313 41.214 1.328 
19.884 5.647 23.38 12.557 10.456 
0.536 13.675 0.298 139.369 2.381 
1.817 2.397 9.677 56.688 12.852 
9.51 3.278 112.216 35.235 32.432 
