0.001 0.0 0.0 0.0 0.0 0.001 0.002 0.001 0.032 0.036 0.015 142.003 4.262 244.152 10.25 
0.001 0.001 0.007 0.002 0.021 0.169 1.564 14.932 2.705 47.434 35.061 188.335 35.845 9.332 9.986 
0.0 0.0 0.0 0.0 0.06 0.059 1.996 7.501 0.72 41.366 13.217 103.703 23.296 133.188 6.825 
0.0 0.0 0.0 0.0 0.001 0.002 0.019 0.188 0.04 0.598 17.957 8.032 91.153 122.406 66.193 
0.0 0.0 0.0 0.0 0.0 0.0 0.0 0.0 0.0 0.0 0.0 0.169 90.698 13.436 200.908 
0.0 0.0 0.0 0.0 0.0 0.0 0.0 0.021 0.953 0.572 23.139 34.019 251.309 7.476 8.333 
0.0 0.0 0.0 0.002 0.001 0.005 0.007 0.003 2.054 2.022 99.58 116.789 3.889 146.114 2.307 
0.016 0.014 0.007 0.017 0.087 0.039 0.055 2.696 1.409 20.479 12.361 232.209 4.598 5.951 33.88 
0.0 0.0 0.0 0.0 0.0 0.0 0.001 0.004 0.007 0.046 73.581 33.192 55.874 64.334 62.515 
0.0 0.0 0.0 0.0 0.0 0.0 0.0 0.0 0.0 0.0 0.0 0.04 21.261 73.312 182.243 
0.003 0.001 0.018 0.006 0.051 0.422 3.91 37.326 6.761 41.044 46.973 252.322 1.053 11.158 11.94 
0.0 0.0 0.0 0.0 0.0 0.001 0.006 0.001 3.138 13.448 3.446 40.582 311.809 3.222 14.024 
0.0 0.0 0.0 0.003 0.005 0.281 0.483 12.256 0.975 56.045 17.907 140.501 31.563 180.449 9.246 
0.0 0.001 0.001 0.022 0.001 0.015 0.043 0.037 0.0 0.025 0.13 1.682 8.191 330.109 43.399 
0.003 0.002 0.017 0.009 0.223 0.027 0.156 0.404 0.0 37.953 27.411 29.95 98.844 30.264 54.538 
0.0 0.0 0.0 0.0 0.0 0.0 0.0 0.005 0.002 1.534 0.809 4.343 0.079 255.232 7.8 
0.0 0.016 0.066 0.189 0.055 0.02 0.229 0.058 0.676 0.025 5.361 74.47 0.446 55.444 26.783 
0.0 0.003 0.059 0.002 0.001 0.077 0.181 0.046 42.581 19.782 10.37 82.348 93.428 53.944 1.735 
0.001 0.0 0.0 0.0 0.0 0.001 0.002 0.001 0.032 0.036 0.015 142.003 4.262 244.152 10.25 
0.001 0.0 0.018 0.007 0.0 0.0 0.034 0.009 8.071 4.758 71.339 94.894 107.662 62.162 2.173 
0.004 0.002 0.005 0.005 0.034 0.002 0.016 0.77 0.402 0.009 22.134 146.031 2.892 3.742 33.153 
0.001 0.071 0.018 0.207 0.069 0.023 0.257 0.065 0.759 0.86 9.358 130.004 4.138 99.071 29.64 
0.001 0.001 0.007 0.002 0.021 0.169 1.564 14.932 2.705 47.434 35.061 188.335 35.845 9.332 9.986 
0.0 0.0 0.0 0.0 0.0 0.0 0.0 0.0 0.0 0.001 0.871 40.115 129.238 68.547 8.914 
0.0 0.0 0.0 0.0 0.0 0.0 0.0 0.0 0.0 0.0 0.0 0.0 0.001 0.212 185.313 
0.0 0.0 0.0 0.0 0.0 0.0 0.0 0.0 0.077 0.883 21.555 39.733 58.497 140.024 2.231 
0.0 0.0 0.0 0.0 0.001 0.001 0.001 0.026 0.796 0.428 1.716 102.27 37.084 19.467 23.197 
0.0 0.0 0.0 0.0 0.06 0.059 1.996 7.501 0.72 41.366 13.217 103.703 23.296 133.188 6.825 
0.0 0.0 0.0 0.0 0.0 0.0 0.008 0.072 0.091 35.573 18.751 32.301 1.029 179.66 7.963 
0.0 0.0 0.0 0.0 0.001 0.002 0.019 0.188 0.04 0.598 17.957 8.032 91.153 122.406 66.193 
0.014 0.016 0.276 0.048 0.026 1.671 9.242 12.056 44.133 2.299 27.45 43.826 32.989 25.734 19.731 
0.0 0.0 0.0 0.0 0.0 0.0 0.0 0.005 0.002 1.534 0.809 4.343 0.079 255.232 7.8 
0.0 0.0 0.0 0.0 0.0 0.0 0.0 0.003 0.005 0.013 27.147 12.246 20.614 206.6 73.416 
0.0 0.0 0.0 0.0 0.0 0.0 0.0 0.0 0.0 0.0 0.0 0.169 90.698 13.436 200.908 
0.0 0.0 0.0 0.001 0.0 0.0 0.021 0.002 0.003 0.009 4.278 167.991 15.898 113.956 7.931 
0.0 0.001 0.0 0.015 0.001 0.006 0.007 0.007 0.469 0.035 0.111 165.484 4.984 99.048 7.091 
0.003 0.137 0.146 0.655 0.816 0.108 0.93 0.283 3.282 0.124 4.013 116.741 3.715 88.963 42.974 
0.001 0.002 0.001 1.393 2.168 15.709 12.75 11.911 46.85 2.46 19.365 68.382 5.285 53.909 46.936 
0.01 0.011 0.189 0.033 0.018 0.016 1.242 11.25 0.573 0.454 118.289 24.627 77.973 34.701 25.22 
0.036 0.033 0.017 0.038 0.296 0.116 0.162 8.442 18.394 16.091 11.435 25.017 1.367 73.523 2.227 
0.0 0.0 0.0 0.0 0.0 0.0 0.0 0.021 0.953 0.572 23.139 34.019 251.309 7.476 8.333 
0.001 0.0 0.0 0.0 0.0 0.001 0.002 0.001 0.03 0.004 0.008 99.034 2.972 170.248 7.147 
0.0 0.0 0.0 0.0 0.0 0.0 0.0 0.002 0.15 0.363 8.443 3.825 47.836 175.047 64.891 
0.001 0.034 0.027 0.009 0.005 0.025 0.027 0.03 0.058 0.099 0.064 95.751 88.521 139.62 8.511 
0.0 0.0 0.0 0.002 0.001 0.005 0.007 0.003 2.054 2.022 99.58 116.789 3.889 146.114 2.307 
0.016 0.014 0.007 0.017 0.087 0.039 0.055 2.696 1.409 20.479 12.361 232.209 4.598 5.951 33.88 
0.0 0.0 0.0 0.0 0.0 0.0 0.0 0.0 0.002 0.0 0.02 0.06 0.261 0.138 418.434 
0.0 0.0 0.0 0.0 0.0 0.0 0.001 0.004 0.007 0.046 73.581 33.192 55.874 64.334 62.515 
0.0 0.0 0.0 0.0 0.0 0.0 0.0 0.0 0.0 0.0 0.0 0.04 21.261 73.312 182.243 
0.0 0.0 0.001 0.0 0.0 0.002 0.004 0.056 7.255 7.141 79.964 106.366 120.677 39.368 2.247 
0.0 0.0 0.0 0.0 0.0 0.0 0.003 0.0 0.0 0.018 2.494 97.958 65.586 100.548 6.755 
0.0 0.003 0.001 0.088 0.006 0.032 0.102 0.059 0.122 0.246 0.135 201.334 6.063 120.506 24.882 
0.0 0.0 0.0 0.0 0.0 0.001 0.002 0.003 0.073 0.374 4.393 12.823 35.943 163.215 59.703 
0.0 0.0 0.0 0.0 0.0 0.0 0.002 0.013 3.511 41.884 29.325 9.899 161.368 15.02 62.597 
0.0 0.0 0.0 0.0 0.0 0.0 0.0 0.0 0.0 0.0 0.0 0.006 1.988 42.464 75.08 
0.0 0.0 0.0 0.0 0.0 0.001 0.0 0.008 1.033 1.017 50.09 58.746 15.178 82.108 1.296 
0.063 0.027 0.093 0.08 0.212 0.022 0.151 7.415 3.875 5.24 6.205 146.031 2.892 3.742 33.153 
0.002 0.115 0.029 0.333 0.111 0.036 0.055 0.033 0.761 0.862 9.386 130.38 4.15 99.358 29.726 
0.0 0.0 0.0 0.001 0.001 0.005 0.008 0.004 0.036 0.267 37.532 66.804 180.515 9.69 2.523 
0.0 0.0 0.0 0.001 0.0 0.0 0.003 0.004 0.061 0.101 2.068 87.161 60.316 60.792 5.525 
0.0 0.002 0.004 0.002 0.0 0.015 0.024 0.013 0.123 0.834 22.795 27.493 1.067 159.436 8.467 
0.001 0.001 0.003 0.002 0.229 0.003 0.034 0.79 0.552 8.446 0.279 29.544 165.276 0.59 10.802 
0.003 0.001 0.018 0.006 0.051 0.422 3.91 37.326 6.761 41.044 46.973 252.322 1.053 11.158 11.94 
0.0 0.0 0.0 0.0 0.0 0.0 0.0 0.0 0.0 0.002 0.005 0.004 3.482 197.772 48.728 
0.0 0.0 0.0 0.0 0.001 0.0 0.013 0.003 0.048 0.103 26.64 0.279 27.845 242.404 5.824 
0.0 0.0 0.0 0.0 0.0 0.0 0.0 0.0 0.0 0.0 0.095 0.043 0.002 0.159 396.302 
0.001 0.0 0.003 0.002 0.002 0.034 0.192 0.251 0.055 6.031 2.065 96.056 54.756 23.576 30.621 
0.0 0.0 0.0 0.0 0.0 0.001 0.006 0.001 3.138 13.448 3.446 40.582 311.809 3.222 14.024 
0.009 0.004 0.116 0.016 0.01 0.681 3.767 4.914 0.427 0.339 88.168 44.376 44.882 27.755 21.28 
0.0 0.0 0.0 0.06 0.004 0.004 0.014 0.038 0.021 0.337 0.646 51.753 166.732 24.246 67.146 
0.0 0.0 0.0 0.0 0.0 0.0 0.0 0.0 0.002 0.003 0.005 5.253 126.723 150.128 6.792 
0.0 0.0 0.0 0.0 0.0 0.0 0.0 0.0 0.0 0.0 0.003 0.008 0.035 0.046 79.822 
0.0 0.0 0.0 0.0 0.0 0.0 0.008 0.015 0.001 0.042 0.012 0.271 0.203 270.743 5.695 
0.0 0.0 0.0 0.0 0.0 0.0 0.0 0.001 0.002 0.0 0.006 0.002 46.634 245.549 65.597 
0.043 0.031 0.011 0.028 0.18 0.08 0.531 0.57 0.656 3.417 69.928 5.821 98.916 26.646 25.036 
0.457 0.144 0.315 0.466 0.056 6.169 3.575 17.82 1.302 17.71 17.05 29.327 159.946 5.448 25.657 
0.0 0.0 0.0 0.0 0.0 0.0 0.001 0.014 0.034 0.655 0.148 17.036 58.576 44.104 2.456 
0.0 0.0 0.0 0.0 0.0 0.0 0.0 0.0 0.046 0.53 12.943 23.859 35.126 170.793 2.082 
0.0 0.0 0.0 0.0 0.006 0.0 0.018 0.035 7.38 17.14 2.615 11.614 160.819 43.268 66.881 
0.0 0.0 0.003 0.018 0.001 0.014 0.182 0.412 0.299 0.412 20.086 61.224 125.027 32.232 7.631 
0.0 0.0 0.0 0.0 0.0 0.0 0.0 0.0 0.026 0.027 0.074 0.13 152.578 20.905 10.567 
0.0 0.0 0.0 0.0 0.001 0.001 0.001 0.017 0.507 0.273 0.302 37.917 13.749 96.363 21.382 
0.0 0.0 0.0 0.003 0.005 0.281 0.483 12.256 0.975 56.045 17.907 140.501 31.563 180.449 9.246 
0.001 0.001 0.024 0.036 0.065 0.123 0.044 0.097 0.555 0.289 0.82 1.059 16.887 142.164 3.481 
0.0 0.0 0.0 0.0 0.0 0.0 0.0 0.0 0.0 0.0 0.013 0.434 0.649 0.009 139.092 
0.535 0.478 0.248 0.551 4.347 1.699 2.382 26.885 17.84 32.123 22.828 49.941 2.729 3.531 20.105 
0.0 0.0 0.0 0.0 0.0 0.0 0.001 0.002 0.875 1.356 4.217 49.762 142.385 16.542 21.096 
0.0 0.0 0.0 0.0 0.0 0.0 0.0 0.001 0.003 0.042 0.001 1.406 11.221 140.313 3.116 
0.0 0.001 0.0 0.001 0.0 0.009 0.009 0.029 0.162 0.049 1.614 3.552 88.398 88.643 7.973 
0.0 0.0 0.0 0.002 0.004 0.008 0.078 0.391 2.304 0.282 0.703 20.316 7.676 282.795 2.691 
0.001 0.0 0.002 0.0 0.0 0.006 0.002 0.011 0.009 0.287 11.864 47.593 0.033 182.073 7.266 
0.0 0.0 0.0 0.002 0.006 0.006 0.024 0.011 0.0 0.037 2.236 2.682 14.864 94.441 25.103 
0.0 0.0 0.0 0.0 0.0 0.0 0.0 0.0 0.002 0.021 0.697 0.161 4.68 164.409 5.961 
0.003 0.003 0.026 0.001 1.314 0.162 4.124 16.317 1.417 10.506 3.341 0.106 154.66 0.552 10.109 
0.0 0.0 0.0 0.0 0.0 0.0 0.0 0.003 0.163 34.698 18.29 31.505 1.004 175.236 7.767 
0.0 0.0 0.0 0.0 0.0 0.003 0.025 0.255 0.055 0.812 36.768 16.195 170.634 22.918 68.195 
0.0 0.001 0.001 0.022 0.001 0.015 0.043 0.037 0.0 0.025 0.13 1.682 8.191 330.109 43.399 
0.003 0.002 0.017 0.009 0.223 0.027 0.156 0.404 0.0 37.953 27.411 29.95 98.844 30.264 54.538 
0.0 0.0 0.0 0.0 0.007 0.001 0.043 0.077 0.352 0.759 4.224 0.015 131.879 166.386 4.132 
0.0 0.0 0.0 0.0 0.0 0.0 0.0 0.0 0.0 0.0 0.025 0.001 0.013 0.034 169.274 
