65.008 15.563 4.178 112.045 0.145 
0.197 0.566 0.249 268.041 22.979 
0.001 0.063 0.044 198.794 68.073 
0.001 0.087 0.009 181.424 62.125 
6.155 0.951 2.051 0.058 280.387 
122.494 29.325 7.872 1.013 90.622 
0.28 0.011 0.857 0.216 272.894 
0.846 2.728 257.087 91.382 36.01 
1.276 1.112 0.064 1.108 351.143 
51.625 118.716 1.48 2.855 83.848 
53.706 103.1 96.132 26.08 28.541 
34.428 58.146 26.963 61.178 4.543 
122.494 29.325 7.872 1.013 90.622 
80.219 8.211 54.213 7.875 23.82 
7.142 23.035 173.583 16.255 34.819 
0.846 2.728 257.087 91.382 36.01 
53.706 103.1 96.132 26.08 28.541 
0.705 14.171 111.112 34.623 59.396 
0.542 1.332 172.527 15.639 38.083 
80.219 8.211 54.213 7.875 23.82 
51.625 118.716 1.48 2.855 83.848 
15.758 36.237 43.936 1.594 46.814 
65.008 15.563 4.178 112.045 0.145 
7.623 41.61 4.032 140.434 42.089 
0.162 0.726 31.055 18.403 119.65 
32.584 1.033 19.798 102.032 27.91 
2.297 3.424 70.461 47.541 26.583 
9.061 49.458 42.446 78.855 33.006 
60.475 10.188 4.351 120.143 25.129 
49.609 9.665 11.897 105.778 54.552 
0.001 0.063 0.044 198.794 68.073 
0.395 0.33 0.068 0.533 314.471 
34.428 58.146 26.963 61.178 4.543 
1.276 1.112 0.064 1.108 351.143 
2.198 0.993 8.41 223.644 20.091 
3.917 7.142 0.494 1.618 226.696 
0.705 14.171 111.112 34.623 59.396 
7.623 41.61 4.032 140.434 42.089 
21.82 22.858 5.06 131.139 39.303 
9.061 49.458 42.446 78.855 33.006 
0.104 0.398 4.21 15.505 144.832 
21.654 5.839 19.942 76.227 22.699 
7.123 17.999 17.433 244.409 7.805 
0.001 0.087 0.009 181.424 62.125 
3.883 0.141 15.04 266.495 16.918 
2.285 0.3 0.042 6.979 254.424 
41.291 9.941 43.291 78.823 13.547 
36.78 19.72 62.005 16.602 76.02 
0.114 0.036 1.42 15.546 307.535 
0.394 0.142 0.656 2.106 280.645 
1.164 5.785 17.023 248.818 17.788 
0.745 14.985 10.916 153.04 83.107 
21.82 22.858 5.06 131.139 39.303 
36.78 19.72 62.005 16.602 76.02 
49.609 9.665 11.897 105.778 54.552 
6.242 0.198 15.777 230.609 45.394 
60.475 10.188 4.351 120.143 25.129 
6.669 33.158 22.766 119.563 1.201 
2.69 0.316 27.534 94.821 48.203 
0.077 0.711 8.825 161.85 215.389 
1.412 53.821 0.48 46.46 7.985 
1.24 3.71 38.424 131.738 39.316 
2.874 0.161 1.365 170.798 114.756 
15.758 36.237 43.936 1.594 46.814 
0.082 0.235 0.119 115.421 159.715 
3.613 0.079 0.95 37.433 207.12 
0.727 0.196 0.682 11.93 180.275 
1.782 13.662 11.563 164.123 73.492 
0.082 0.235 0.119 115.421 159.715 
3.613 0.079 0.95 37.433 207.12 
1.412 53.821 0.48 46.46 7.985 
5.281 6.875 23.615 44.345 77.442 
39.814 15.991 1.117 112.61 31.233 
1.555 0.087 0.738 92.384 195.19 
6.669 33.158 22.766 119.563 1.201 
0.104 0.398 4.21 15.505 144.832 
13.325 3.783 6.685 163.675 16.382 
8.761 15.975 1.106 28.414 107.2 
12.555 6.731 21.165 44.477 47.786 
0.025 0.23 2.851 52.287 261.33 
0.745 14.985 10.916 153.04 83.107 
41.291 9.941 43.291 78.823 13.547 
1.782 13.662 11.563 164.123 73.492 
0.025 0.23 2.851 52.287 261.33 
7.123 17.999 17.433 244.409 7.805 
3.156 0.069 1.099 34.87 192.938 
0.077 0.711 8.825 161.85 215.389 
6.242 0.198 15.777 230.609 45.394 
8.761 15.975 1.106 28.414 107.2 
1.164 5.785 17.023 248.818 17.788 
0.429 0.744 1.395 76.656 98.011 
2.198 0.993 8.41 223.644 20.091 
0.243 0.254 0.368 6.426 171.134 
3.917 7.142 0.494 1.618 226.696 
0.162 0.726 31.055 18.403 119.65 
39.814 15.991 1.117 112.61 31.233 
1.24 3.71 38.424 131.738 39.316 
0.377 0.107 16.932 10.034 97.507 
0.727 0.196 0.682 11.93 180.275 
32.584 1.033 19.798 102.032 27.91 
