0.757 0.273 1.303 7.265 64.975 
0.33 0.991 3.687 41.212 12.058 
0.0 0.0 0.0 0.0 79.967 
0.0 0.0 0.0 0.0 69.927 
0.0 0.0 0.0 0.0 63.0 
0.0 0.0 0.0 0.0 79.413 
0.0 0.0 0.0 0.0 74.079 
0.0 0.0 0.0 0.0 79.559 
0.0 0.0 0.0 0.0 119.65 
0.0 0.0 0.0 1.008 50.885 
0.0 0.0 0.0 0.0 75.702 
0.062 0.411 0.152 2.456 65.913 
0.158 0.0 0.126 24.979 18.274 
0.0 0.0 0.0 0.0 60.27 
0.03 0.012 0.032 0.901 53.874 
0.0 0.0 0.0 0.0 93.509 
0.0 0.0 0.0 0.0 38.209 
0.015 0.544 0.843 7.607 100.985 
0.0 0.0 0.0 0.0 63.954 
0.0 0.0 0.0 0.0 50.831 
0.517 2.143 0.0 2.037 31.801 
0.0 0.0 0.0 0.0 116.865 
0.0 0.0 0.0 37.197 23.462 
0.0 0.0 0.0 0.0 69.927 
0.658 2.511 0.0 4.122 52.233 
0.0 0.0 0.0 103.858 35.545 
0.0 0.0 0.0 4.489 44.347 
0.0 0.0 2.411 6.033 58.413 
0.0 0.0 13.018 30.587 44.581 
1.505 0.069 1.414 10.809 55.802 
0.0 0.0 0.0 13.248 30.206 
0.369 4.21 2.063 5.846 50.512 
0.0 0.0 0.0 0.0 95.047 
0.0 0.0 0.0 0.0 61.916 
0.0 0.0 0.0 0.0 50.107 
0.0 3.317 8.126 118.776 8.491 
0.0 0.0 0.0 0.0 87.618 
0.0 0.0 0.0 4.481 70.772 
0.146 0.053 0.343 0.59 96.263 
0.0 0.0 0.0 0.0 141.406 
0.0 0.0 0.0 0.0 117.361 
0.0 0.0 0.0 0.0 56.868 
0.0 0.0 0.0 0.0 138.438 
0.0 0.0 0.0 0.0 46.231 
0.0 0.0 0.0 31.895 41.849 
0.0 0.0 0.0 20.289 46.698 
0.0 0.0 0.0 3.323 80.709 
0.0 0.0 0.0 0.0 52.688 
0.0 0.0 0.0 0.049 33.449 
0.0 0.0 0.0 0.0 122.519 
0.0 0.966 8.763 11.826 41.808 
0.0 0.0 0.0 0.0 66.088 
0.0 0.0 0.0 0.0 75.242 
0.0 0.0 0.578 2.695 51.692 
0.0 0.0 0.0 1.163 40.173 
1.5 0.0 3.756 6.58 22.089 
0.0 0.0 0.0 0.0 131.706 
0.0 0.0 0.0 31.097 23.479 
0.102 4.183 0.0 39.278 19.437 
0.0 0.0 0.0 0.0 85.279 
0.0 0.0 0.0 0.0 55.526 
0.0 0.0 0.0 0.0 121.855 
0.0 0.933 3.039 5.603 63.477 
0.0 0.0 0.0 36.762 15.854 
0.0 0.0 0.0 0.0 144.278 
0.296 0.791 2.111 10.392 20.655 
0.0 0.0 0.0 3.688 69.377 
0.0 0.0 0.0 51.785 24.365 
0.0 0.0 0.0 70.777 30.524 
0.0 0.0 5.611 5.056 50.326 
0.0 0.0 0.0 19.469 42.143 
0.44 1.011 0.013 3.4 38.058 
0.0 0.0 18.078 11.786 19.601 
0.0 0.0 0.0 0.0 71.98 
0.0 0.0 0.0 0.0 65.452 
0.086 0.902 1.286 7.054 38.834 
0.0 0.0 0.0 0.0 48.109 
0.002 0.011 1.793 1.967 50.24 
0.015 0.03 0.489 0.166 75.982 
0.0 0.0 0.0 4.559 38.751 
0.681 1.647 1.264 6.549 42.219 
0.0 0.0 0.0 0.0 52.616 
0.0 0.0 0.0 48.493 49.083 
0.0 0.0 0.0 0.0 49.969 
0.0 0.99 13.392 1.043 44.766 
0.587 3.309 0.403 3.065 57.766 
0.0 0.0 8.387 51.776 66.96 
1.12 7.256 3.016 1.439 85.062 
0.003 0.0 0.525 1.921 112.536 
0.0 6.687 1.176 5.662 76.192 
0.0 0.0 0.0 21.855 63.425 
0.0 0.0 26.893 26.248 0.0 
0.818 0.0 10.486 35.526 68.65 
0.0 0.601 0.002 4.359 160.307 
0.0 0.0 0.0 0.0 96.597 
0.0 0.0 0.0 0.0 51.799 
0.0 0.0 0.0 0.0 83.354 
0.0 0.0 0.0 0.0 65.505 
0.0 0.0 0.0 0.0 50.513 
0.0 0.0 0.0 0.0 50.19 
