0.2 0.022 0.001 0.0 67.335 
0.008 0.139 152.547 20.278 1.114 
0.0 0.009 0.003 311.391 1.7 
0.0 0.0 0.0 0.23 179.41 
0.0 0.0 0.0 0.004 162.192 
192.413 10.309 32.465 0.001 2.624 
2.45 181.041 29.385 0.016 15.592 
7.808 5.952 8.948 44.383 0.034 
0.003 0.001 0.484 0.0 294.118 
104.505 80.078 2.765 0.0 32.989 
0.068 0.011 81.805 6.409 39.939 
192.413 10.309 32.465 0.001 2.624 
0.77 13.212 125.008 0.01 0.895 
144.158 62.141 0.228 0.015 7.063 
36.253 145.221 2.719 0.0 32.433 
45.824 5.042 0.289 0.004 1.383 
92.625 1.649 0.535 0.007 0.967 
0.0 0.009 0.003 311.391 1.7 
0.004 0.002 0.003 240.708 1.314 
2.45 181.041 29.385 0.016 15.592 
139.248 60.025 0.22 48.561 8.483 
6.851 117.535 0.454 1.622 0.814 
0.068 0.011 81.805 6.409 39.939 
10.154 1.117 54.674 0.49 1.795 
28.024 134.238 0.288 0.788 9.842 
0.003 0.001 0.484 0.0 294.118 
0.0 0.0 0.0 0.312 242.915 
0.0 0.001 0.0 20.988 89.925 
0.003 0.0 0.013 202.124 0.671 
0.004 0.001 0.0 153.44 32.389 
0.074 0.038 0.54 0.008 134.718 
0.948 38.412 16.32 8.273 5.744 
0.0 0.002 0.002 126.383 22.255 
0.004 0.001 0.0 153.44 32.389 
0.77 13.212 125.008 0.01 0.895 
104.505 80.078 2.765 0.0 32.989 
8.955 0.985 48.218 7.29 1.769 
11.057 45.784 1.911 7.364 52.192 
0.003 0.016 26.488 0.328 51.311 
0.008 0.139 152.547 20.278 1.114 
6.851 117.535 0.454 1.622 0.814 
0.007 0.127 139.201 33.917 1.115 
0.762 0.328 140.771 0.073 15.673 
0.037 0.181 0.043 0.0 203.685 
0.0 0.0 0.0 0.23 179.41 
3.403 38.074 7.779 45.648 8.524 
36.253 145.221 2.719 0.0 32.433 
0.041 0.202 0.047 0.0 226.223 
0.037 0.181 0.043 0.0 203.685 
28.072 134.468 0.289 0.509 9.842 
92.625 1.649 0.535 0.007 0.967 
5.156 21.351 10.991 5.538 6.272 
0.002 0.001 0.0 98.076 17.27 
0.0 0.011 0.005 223.498 2.438 
0.003 0.0 0.013 202.124 0.671 
0.0 0.0 0.003 119.158 2.209 
4.822 30.271 14.551 3.281 0.341 
45.824 5.042 0.289 0.004 1.383 
30.203 3.323 15.189 12.09 2.683 
0.0 0.0 0.0 0.004 162.192 
0.0 0.0 0.002 96.803 14.108 
0.001 0.002 0.0 78.905 13.894 
6.271 50.354 0.669 24.944 2.839 
6.816 70.764 0.324 2.844 3.193 
4.822 30.271 14.551 3.281 0.341 
0.001 0.0 0.0 57.765 7.944 
2.831 65.126 0.385 33.595 35.697 
0.054 0.041 0.026 74.011 0.385 
4.362 18.063 49.066 0.052 56.477 
11.057 45.784 1.911 7.364 52.192 
139.248 60.025 0.22 48.561 8.483 
0.113 0.134 0.033 0.078 147.664 
2.831 65.126 0.385 33.595 35.697 
4.362 18.063 49.066 0.052 56.477 
0.037 0.019 0.267 0.004 135.051 
0.113 0.134 0.033 0.078 147.664 
0.001 55.347 0.542 0.098 17.893 
0.007 0.127 139.201 33.917 1.115 
6.816 70.764 0.324 2.844 3.193 
0.076 0.143 0.024 0.0 72.761 
0.0 0.001 0.0 0.389 83.969 
0.001 0.002 0.0 43.488 12.321 
0.0 0.002 0.002 126.383 22.255 
7.808 5.952 8.948 44.383 0.034 
0.0 0.005 0.0 233.968 4.336 
30.203 3.323 15.189 12.09 2.683 
0.0 0.0 0.0 0.312 242.915 
0.005 0.119 0.0 0.002 232.363 
33.114 62.483 1.432 0.007 0.99 
0.0 0.011 0.005 223.498 2.438 
0.031 0.213 0.026 0.039 66.401 
6.271 50.354 0.669 24.944 2.839 
3.014 12.481 0.938 53.06 10.128 
5.156 21.351 10.991 5.538 6.272 
0.108 45.952 12.431 1.378 0.047 
3.403 38.074 7.779 45.648 8.524 
144.158 62.141 0.228 0.015 7.063 
0.005 55.183 0.827 0.416 1.948 
1.546 11.726 52.441 3.08 2.141 
0.0 0.005 0.0 233.968 4.336 
