0.0 0.0 0.0 0.063 216.921 
33.287 1.499 41.917 205.887 0.014 
0.051 0.0 0.004 0.0 190.372 
0.0 0.0 0.0 0.032 110.8 
298.798 2.767 1.657 10.592 4.797 
1.035 92.725 24.57 85.849 0.058 
0.0 0.0 0.0 0.068 233.213 
0.0 0.0 0.0 0.068 233.213 
0.39 34.963 60.46 69.513 0.008 
10.439 0.291 327.912 7.664 2.759 
195.386 67.534 5.517 6.072 0.734 
16.902 36.11 0.996 178.188 0.639 
1.035 92.725 24.57 85.849 0.058 
256.467 26.767 11.669 6.671 1.102 
75.691 0.701 156.591 10.334 0.889 
6.726 55.643 105.807 0.474 1.484 
6.726 55.643 105.807 0.474 1.484 
7.853 0.073 302.984 6.509 9.767 
135.87 1.258 220.206 8.083 1.336 
7.356 0.423 237.741 7.412 2.015 
0.0 0.001 53.387 94.152 73.466 
71.69 3.228 90.277 51.856 0.011 
148.074 13.152 3.383 9.719 0.049 
195.386 67.534 5.517 6.072 0.734 
33.287 1.499 41.917 205.887 0.014 
256.467 26.767 11.669 6.671 1.102 
298.798 2.767 1.657 10.592 4.797 
0.79 0.036 1.737 0.002 145.353 
0.0 0.0 0.0 0.032 110.8 
186.837 1.73 1.036 6.623 6.038 
43.058 19.252 1.308 34.666 0.028 
1.081 27.57 67.058 0.036 13.155 
2.313 8.626 188.709 1.362 1.602 
0.166 4.245 139.263 3.818 0.042 
0.051 0.0 0.004 0.0 190.372 
0.39 34.963 60.46 69.513 0.008 
46.653 0.264 19.472 107.283 0.478 
0.066 0.01 0.388 113.297 6.769 
0.348 0.646 2.325 0.002 188.264 
135.87 1.258 220.206 8.083 1.336 
2.879 0.898 3.005 0.019 96.943 
0.005 0.0 0.016 0.027 164.236 
7.149 1.204 0.012 15.736 54.424 
0.003 0.028 0.095 134.008 0.903 
10.695 0.099 219.421 4.82 2.274 
0.978 0.278 0.644 1.062 32.107 
0.0 0.002 95.182 167.859 6.032 
0.006 0.001 0.012 16.013 59.598 
7.853 0.073 302.984 6.509 9.767 
0.0 0.001 53.387 94.152 73.466 
0.005 0.043 60.311 106.443 3.825 
10.439 0.291 327.912 7.664 2.759 
16.902 36.11 0.996 178.188 0.639 
0.79 0.036 1.737 0.002 145.353 
1.384 0.479 75.959 152.697 0.617 
0.005 0.0 0.016 0.027 164.236 
3.481 6.55 173.05 1.249 1.469 
1.384 0.479 75.959 152.697 0.617 
33.562 10.476 35.039 0.223 57.432 
0.0 0.002 95.182 167.859 6.032 
25.083 0.987 143.328 0.478 17.075 
0.0 0.0 0.0 0.063 216.921 
148.074 13.152 3.383 9.719 0.049 
7.71 16.471 7.751 3.025 21.778 
33.562 10.476 35.039 0.223 57.432 
43.058 19.252 1.308 34.666 0.028 
21.265 0.958 0.032 41.867 0.018 
2.879 0.898 3.005 0.019 96.943 
7.356 0.423 237.741 7.412 2.015 
75.691 0.701 156.591 10.334 0.889 
2.904 0.489 0.001 15.131 68.861 
2.782 1.744 44.846 1.474 25.131 
4.725 2.961 76.161 2.503 8.057 
42.998 2.475 184.546 6.944 0.652 
0.041 0.093 0.0 142.0 0.956 
0.094 0.012 0.002 26.509 1.584 
21.265 0.958 0.032 41.867 0.018 
7.71 16.471 7.751 3.025 21.778 
3.481 6.55 173.05 1.249 1.469 
71.69 3.228 90.277 51.856 0.011 
11.077 0.499 9.031 53.55 0.34 
0.001 0.003 180.323 111.816 6.699 
0.166 4.245 139.263 3.818 0.042 
10.735 0.483 13.518 64.281 0.408 
25.083 0.987 143.328 0.478 17.075 
9.297 0.419 22.739 57.863 0.025 
0.122 3.106 101.902 57.287 0.046 
2.313 8.626 188.709 1.362 1.602 
1.081 27.57 67.058 0.036 13.155 
10.735 0.483 13.518 64.281 0.408 
5.348 11.426 20.513 0.991 30.869 
0.351 0.002 1.815 27.774 0.921 
186.837 1.73 1.036 6.623 6.038 
26.507 0.245 8.576 0.939 29.247 
26.507 0.245 8.576 0.939 29.247 
1.469 0.417 18.69 11.501 2.993 
2.782 1.744 44.846 1.474 25.131 
2.904 0.489 0.001 15.131 68.861 
32.991 0.305 0.699 112.161 0.402 
0.003 0.028 0.095 134.008 0.903 
