0.0 0.0 0.003 0.0 159.245 
0.0 0.0 0.0 0.014 187.494 
0.011 0.008 0.277 315.554 1.307 
176.818 47.742 0.388 0.305 2.27 
0.0 0.004 186.976 3.988 0.048 
0.0 0.0 0.0 0.039 360.315 
0.003 0.003 259.595 0.425 2.925 
0.0 0.0 0.126 48.975 155.936 
0.0 0.0 0.001 0.008 60.224 
1.929 237.875 0.364 5.122 0.827 
176.818 47.742 0.388 0.305 2.27 
89.26 61.373 1.267 0.044 5.196 
1.739 214.473 0.328 4.619 1.4 
0.371 138.534 1.168 0.388 4.803 
0.271 33.433 153.203 3.986 0.123 
61.241 92.22 0.262 1.303 2.728 
0.228 0.061 77.337 0.127 1.89 
0.003 0.002 237.692 38.955 3.112 
0.0 0.0 17.167 212.795 4.722 
0.0 0.0 17.167 212.795 4.722 
12.957 97.432 40.713 0.066 31.565 
0.18 0.208 0.0 150.6 0.956 
0.0 0.004 186.976 3.988 0.048 
0.554 0.15 0.001 273.63 2.765 
28.585 96.418 0.107 0.205 0.793 
0.0 0.0 0.268 41.103 72.561 
0.0 0.0 0.0 0.033 303.324 
0.0 0.0 0.0 0.039 360.315 
0.0 0.0 0.0 0.0 129.061 
0.271 33.433 153.203 3.986 0.123 
7.503 61.747 0.118 1.621 1.249 
1.019 125.729 1.066 0.421 4.385 
0.0 0.0 0.0 0.024 221.829 
0.0 0.0 0.0 0.019 264.463 
0.0 0.0 0.0 0.033 303.324 
0.0 0.0 0.0 0.019 264.463 
79.233 21.393 0.846 15.75 1.182 
61.241 92.22 0.262 1.303 2.728 
1.739 214.473 0.328 4.619 1.4 
1.929 237.875 0.364 5.122 0.827 
0.005 0.146 0.154 118.661 0.428 
0.001 0.028 0.097 88.15 8.45 
10.595 13.331 13.459 24.492 2.116 
0.003 0.002 237.692 38.955 3.112 
0.346 0.022 0.374 288.015 1.195 
0.011 0.008 0.277 315.554 1.307 
0.003 0.003 259.595 0.425 2.925 
22.738 16.259 5.651 29.25 2.527 
0.0 0.0 0.0 0.699 160.383 
0.001 0.028 0.097 88.15 8.45 
0.0 0.001 0.168 65.573 6.293 
0.0 0.0 0.0 0.014 187.494 
0.0 0.0 0.0 0.001 209.813 
89.26 61.373 1.267 0.044 5.196 
7.535 24.884 8.523 0.23 8.55 
5.638 4.031 54.343 0.105 6.669 
0.0 0.0 0.11 0.002 134.838 
0.928 3.063 52.281 0.734 0.566 
7.242 54.453 22.754 0.037 37.54 
2.428 29.035 35.908 0.11 2.606 
0.026 0.315 67.029 0.11 2.606 
0.048 0.148 0.602 51.244 10.807 
5.081 5.924 0.009 1.682 40.321 
3.751 22.42 26.625 0.689 0.531 
0.005 0.146 0.154 118.661 0.428 
0.002 0.0 0.345 134.55 2.77 
79.233 21.393 0.846 15.75 1.182 
0.026 0.315 67.029 0.11 2.606 
22.738 16.259 5.651 29.25 2.527 
16.467 135.525 0.26 1.291 0.635 
0.0 0.001 0.168 65.573 6.293 
0.554 0.15 0.001 273.63 2.765 
0.346 0.022 0.374 288.015 1.195 
2.428 29.035 35.908 0.11 2.606 
12.957 97.432 40.713 0.066 31.565 
5.428 16.587 5.788 2.569 12.608 
0.228 0.061 77.337 0.127 1.89 
10.595 13.331 13.459 24.492 2.116 
25.564 0.298 26.311 0.085 23.221 
82.321 56.602 0.239 0.085 4.762 
12.792 39.089 13.64 0.629 0.274 
0.18 0.208 0.0 150.6 0.956 
0.166 0.192 0.0 139.127 4.77 
16.467 135.525 0.26 1.291 0.635 
2.016 56.705 14.987 1.101 19.402 
6.254 51.468 14.732 9.51 0.519 
0.754 93.028 0.789 0.312 24.609 
6.254 51.468 14.732 9.51 0.519 
0.0 0.0 0.0 0.024 221.829 
0.0 0.0 0.0 0.001 209.813 
28.585 96.418 0.107 0.205 0.793 
0.017 0.02 0.0 14.357 45.713 
1.019 125.729 1.066 0.421 4.385 
4.59 54.88 15.635 51.202 17.034 
12.792 39.089 13.64 0.629 0.274 
5.78 21.296 7.119 0.548 7.215 
0.144 0.103 1.385 0.003 69.601 
0.352 131.744 1.111 0.439 4.57 
0.0 0.0 0.001 0.008 60.224 
82.321 56.602 0.239 0.085 4.762 
