0.0 281.149 3.275 0.002 0.067 
0.0 0.0 0.019 246.235 3.803 
176.488 0.404 28.328 0.015 0.105 
10.579 4.855 213.986 0.001 40.397 
0.002 0.004 0.001 0.0 83.412 
0.0 0.0 0.0 0.002 82.322 
0.0 0.266 0.043 0.0 240.569 
0.0 0.0 0.0 0.002 62.629 
0.0 0.0 0.0 0.001 44.185 
12.418 56.273 28.482 6.423 0.026 
10.579 4.855 213.986 0.001 40.397 
0.783 0.284 137.809 0.01 0.071 
6.663 153.294 0.907 20.163 21.661 
0.0 0.0 0.019 246.235 3.803 
0.0 0.003 0.011 172.051 0.629 
5.429 232.066 4.104 0.001 1.319 
176.488 0.404 28.328 0.015 0.105 
21.516 86.187 1.614 0.0 0.056 
6.663 153.294 0.907 20.163 21.661 
133.313 2.373 0.563 11.96 0.484 
0.0 0.003 0.0 76.259 48.589 
0.001 0.0 0.095 0.0 203.194 
0.0 0.001 0.209 0.0 164.375 
0.0 0.266 0.043 0.0 240.569 
0.001 0.0 0.095 0.0 203.194 
0.0 281.149 3.275 0.002 0.067 
0.0 0.139 0.005 0.0 112.087 
0.003 0.077 0.0 0.0 148.551 
10.641 238.98 0.236 0.019 0.128 
19.66 3.081 83.801 24.013 1.389 
0.0 0.0 0.0 104.911 47.456 
10.715 48.556 64.827 29.695 0.039 
133.313 2.373 0.563 11.96 0.484 
113.604 2.022 0.48 10.192 1.289 
0.0 0.139 0.005 0.0 112.087 
0.002 0.004 0.001 0.0 83.412 
0.002 0.0 0.001 142.045 19.534 
0.001 0.0 0.0 168.366 2.6 
55.837 42.786 40.892 0.0 0.035 
90.772 69.555 2.402 0.0 28.654 
0.0 82.459 13.355 59.059 0.036 
0.002 0.0 0.001 142.045 19.534 
0.528 9.062 47.925 7.209 1.749 
0.0 0.0 0.0 104.911 47.456 
24.104 0.429 119.004 0.0 3.22 
11.925 1.312 64.211 0.566 35.29 
0.002 0.0 0.0 127.816 8.674 
90.772 69.555 2.402 0.0 28.654 
33.781 3.717 1.261 19.053 33.205 
55.837 42.786 40.892 0.0 0.035 
0.0 5.211 29.831 0.0 82.074 
0.0 0.0 0.0 0.002 62.629 
77.126 8.487 0.358 0.352 3.414 
66.408 28.626 0.016 0.007 3.281 
33.781 3.717 1.261 19.053 33.205 
0.0 0.003 0.0 76.259 48.589 
103.39 1.84 0.597 0.008 1.08 
19.66 3.081 83.801 24.013 1.389 
48.631 13.555 3.278 0.487 0.241 
113.604 2.022 0.48 10.192 1.289 
0.005 0.089 97.974 31.998 0.281 
0.0 0.001 0.209 0.0 164.375 
0.003 0.077 0.0 0.0 148.551 
43.971 12.256 0.235 0.231 2.242 
8.975 35.949 23.666 0.0 31.416 
24.104 0.429 119.004 0.0 3.22 
2.236 38.351 16.829 3.795 0.349 
0.006 0.099 108.663 26.476 0.494 
103.39 1.84 0.597 0.008 1.08 
0.0 82.459 13.355 59.059 0.036 
0.0 0.006 0.0 129.06 3.488 
70.992 30.602 0.017 0.008 0.579 
4.052 45.342 9.263 38.9 5.871 
15.527 64.294 12.783 37.032 0.033 
0.002 0.0 0.0 127.816 8.674 
3.287 36.779 7.514 44.095 8.234 
3.287 36.779 7.514 44.095 8.234 
5.525 1.54 34.271 0.307 26.533 
0.122 0.001 127.127 30.975 4.276 
6.867 46.721 0.009 12.825 2.293 
68.715 10.769 0.29 1.036 36.554 
0.0 23.171 132.646 0.001 0.08 
5.525 1.54 34.271 0.307 26.533 
0.001 56.783 0.223 35.139 42.206 
15.527 64.294 12.783 37.032 0.033 
0.528 9.062 47.925 7.209 1.749 
5.429 232.066 4.104 0.001 1.319 
5.188 21.485 29.155 0.018 44.085 
77.126 8.487 0.358 0.352 3.414 
8.975 35.949 23.666 0.0 31.416 
0.122 0.001 127.127 30.975 4.276 
0.005 0.092 100.656 24.525 35.564 
0.001 72.184 1.082 0.005 0.472 
4.052 45.342 9.263 38.9 5.871 
2.236 38.351 16.829 3.795 0.349 
48.631 13.555 3.278 0.487 0.241 
43.971 12.256 0.235 0.231 2.242 
0.0 23.171 132.646 0.001 0.08 
0.001 0.001 0.0 51.074 0.026 
6.465 7.456 12.604 0.072 8.072 
