0.933 2.256 215.441 0.374 34.34 
0.076 0.476 123.342 35.647 0.14 
0.585 0.002 130.96 4.79 24.219 
236.473 0.761 7.258 14.756 1.282 
0.028 0.024 0.569 241.158 0.014 
23.443 14.087 0.008 55.527 0.541 
103.5 0.954 15.924 2.796 4.212 
0.388 0.001 86.819 30.014 20.824 
108.951 0.35 0.023 161.717 0.085 
0.292 0.003 65.823 55.324 7.639 
0.006 0.0 0.0 0.0 331.406 
61.492 36.95 0.003 142.847 1.193 
54.607 132.04 5.71 0.329 30.213 
0.562 101.823 3.132 9.91 0.571 
0.241 0.046 0.0 111.701 3.83 
0.0 0.0 0.0 0.001 190.448 
0.482 0.004 140.238 1.71 0.778 
0.005 0.0 0.0 0.007 246.809 
0.0 0.0 0.568 220.769 0.81 
0.751 0.148 252.218 0.643 1.986 
1.097 0.061 31.758 48.095 14.408 
0.803 125.647 0.462 0.71 2.503 
26.43 0.244 5.105 7.887 2.467 
2.552 3.984 70.979 114.663 0.011 
10.658 56.929 2.068 1.117 0.35 
0.001 0.0 0.0 0.0 217.289 
100.29 0.924 0.003 28.284 0.542 
22.996 0.212 38.883 15.41 1.519 
58.496 0.188 45.993 154.843 0.082 
0.233 9.678 0.036 55.719 1.288 
42.969 0.138 7.031 4.709 14.501 
0.094 0.0 0.008 377.512 12.913 
0.188 0.036 0.018 94.116 16.782 
0.933 2.256 215.441 0.374 34.34 
0.076 0.476 123.342 35.647 0.14 
0.585 0.002 130.96 4.79 24.219 
236.473 0.761 7.258 14.756 1.282 
0.028 0.024 0.569 241.158 0.014 
23.443 14.087 0.008 55.527 0.541 
103.5 0.954 15.924 2.796 4.212 
0.388 0.001 86.819 30.014 20.824 
108.951 0.35 0.023 161.717 0.085 
0.292 0.003 65.823 55.324 7.639 
0.006 0.0 0.0 0.0 331.406 
32.801 23.306 0.204 11.739 0.06 
61.492 36.95 0.003 142.847 1.193 
0.0 0.0 0.0 0.013 286.604 
54.607 132.04 5.71 0.329 30.213 
9.353 0.035 66.62 1.219 0.449 
9.185 5.933 51.0 3.234 18.335 
0.562 101.823 3.132 9.91 0.571 
6.616 0.061 1.959 7.226 34.27 
0.241 0.046 0.0 111.701 3.83 
0.0 0.0 0.0 0.001 190.448 
0.299 0.863 29.753 8.864 32.811 
0.482 0.004 140.238 1.71 0.778 
0.005 0.0 0.0 0.007 246.809 
9.612 29.372 7.591 3.571 31.45 
7.724 7.199 21.943 0.066 0.012 
0.0 0.0 0.568 220.769 0.81 
0.0 0.0 0.004 0.0 93.62 
37.232 26.455 0.232 6.319 0.062 
0.751 0.148 252.218 0.643 1.986 
1.097 0.061 31.758 48.095 14.408 
0.803 125.647 0.462 0.71 2.503 
26.43 0.244 5.105 7.887 2.467 
2.552 3.984 70.979 114.663 0.011 
0.278 0.167 0.0 172.701 1.007 
0.001 0.001 0.427 166.31 0.058 
10.658 56.929 2.068 1.117 0.35 
0.0 0.002 0.0 0.002 138.756 
0.0 0.0 0.0 0.019 100.684 
0.001 0.0 0.0 0.0 217.289 
0.0 0.0 0.003 57.558 19.824 
100.29 0.924 0.003 28.284 0.542 
0.338 10.626 7.356 4.547 23.475 
0.275 21.631 11.726 2.283 33.497 
22.996 0.212 38.883 15.41 1.519 
0.07 0.146 62.199 2.491 11.544 
0.176 0.001 39.435 9.282 29.026 
0.001 0.0 0.0 0.0 136.59 
58.496 0.188 45.993 154.843 0.082 
0.001 0.002 0.0 0.001 74.951 
0.467 0.004 0.013 188.118 0.932 
21.814 20.334 8.207 3.86 26.835 
0.007 0.013 55.739 13.066 2.781 
0.0 0.0 0.003 0.004 137.597 
0.0 0.0 0.0 0.013 272.068 
0.233 9.678 0.036 55.719 1.288 
42.969 0.138 7.031 4.709 14.501 
0.015 0.003 0.0 0.015 37.162 
0.014 0.032 0.182 49.85 23.097 
0.0 0.002 0.463 180.586 0.159 
0.094 0.0 0.008 377.512 12.913 
0.0 0.002 0.0 0.0 120.619 
0.029 0.004 7.212 45.121 26.565 
11.215 11.737 16.645 0.222 0.312 
0.451 1.028 0.577 29.437 36.126 
0.932 0.868 0.13 23.927 22.401 
0.188 0.036 0.018 94.116 16.782 
