2.829 225.48 3.093 5.243 4.374 
0.153 0.007 0.004 362.362 2.643 
6.965 0.302 295.79 6.867 1.181 
0.007 0.0 0.0 0.0 396.524 
0.007 0.0 0.0 0.0 396.524 
0.0 0.0 0.0 0.747 323.125 
1.29 53.404 13.715 25.069 0.215 
272.849 25.547 4.043 0.853 2.211 
117.198 190.516 4.169 5.656 0.544 
199.138 106.703 4.144 10.688 12.791 
117.198 190.516 4.169 5.656 0.544 
199.138 106.703 4.144 10.688 12.791 
58.947 0.009 46.769 1.364 15.37 
11.316 0.105 225.193 0.307 48.419 
11.316 0.105 225.193 0.307 48.419 
272.849 25.547 4.043 0.853 2.211 
201.828 1.869 2.76 4.522 1.538 
2.474 102.369 26.289 2.378 0.308 
2.675 0.069 154.464 3.562 9.935 
6.965 0.302 295.79 6.867 1.181 
1.29 53.404 13.715 25.069 0.215 
113.92 2.59 1.579 18.061 0.519 
0.0 0.001 0.139 310.837 12.404 
0.004 0.001 0.129 218.708 8.729 
0.081 0.016 0.014 246.25 4.553 
0.011 0.0 7.714 155.219 4.239 
3.637 0.763 10.213 0.005 336.394 
0.096 19.211 99.22 44.817 9.001 
2.829 225.48 3.093 5.243 4.374 
0.284 0.461 18.706 34.68 57.272 
45.166 3.062 1.592 86.329 0.519 
33.914 7.989 121.484 2.963 27.35 
8.349 0.307 3.301 14.942 133.723 
35.043 1.521 0.948 0.421 93.004 
12.989 0.12 38.006 89.408 40.555 
2.675 0.069 154.464 3.562 9.935 
0.448 10.148 105.004 107.85 0.333 
27.552 0.058 80.048 30.044 39.741 
35.043 1.521 0.948 0.421 93.004 
51.347 24.952 60.527 2.481 0.321 
33.914 7.989 121.484 2.963 27.35 
0.096 19.211 99.22 44.817 9.001 
0.018 0.006 0.624 0.826 259.051 
0.266 0.425 0.281 0.317 226.42 
38.158 15.38 0.468 105.967 1.654 
0.004 0.001 0.129 218.708 8.729 
0.081 0.016 0.014 246.25 4.553 
0.057 0.01 0.001 138.042 24.626 
51.347 24.952 60.527 2.481 0.321 
58.947 0.009 46.769 1.364 15.37 
0.091 7.276 0.1 0.169 219.711 
24.253 0.225 72.015 26.928 35.619 
0.0 0.002 0.008 5.104 168.472 
0.51 0.248 0.308 0.024 191.559 
24.253 0.225 72.015 26.928 35.619 
27.552 0.058 80.048 30.044 39.741 
0.276 0.008 8.427 119.099 3.325 
0.0 0.0 0.002 6.906 198.749 
21.755 1.855 1.818 347.662 0.557 
21.755 1.855 1.818 347.662 0.557 
38.158 15.38 0.468 105.967 1.654 
0.021 0.034 0.014 151.548 31.756 
3.327 0.698 9.343 0.014 307.955 
0.284 0.461 18.706 34.68 57.272 
0.164 0.035 0.01 319.595 5.911 
0.057 0.01 0.001 138.042 24.626 
0.312 0.11 0.307 0.929 291.157 
3.327 0.698 9.343 0.014 307.955 
18.792 0.058 14.953 0.436 163.472 
0.153 0.007 0.004 362.362 2.643 
45.166 3.062 1.592 86.329 0.519 
0.006 0.0 0.004 333.486 2.431 
0.018 0.006 0.624 0.826 259.051 
0.006 0.0 0.004 333.486 2.431 
0.0 0.0 0.001 1.559 274.024 
6.309 0.931 2.023 44.319 0.427 
0.276 0.008 8.427 119.099 3.325 
0.448 10.148 105.004 107.85 0.333 
0.088 0.298 29.116 0.668 33.059 
18.792 0.058 14.953 0.436 163.472 
113.92 2.59 1.579 18.061 0.519 
1.051 0.011 3.08 0.634 137.393 
0.074 0.118 0.45 0.21 149.761 
8.349 0.307 3.301 14.942 133.723 
1.47 4.991 0.336 0.019 156.864 
2.474 102.369 26.289 2.378 0.308 
0.624 0.803 37.295 7.122 0.365 
0.164 0.035 0.01 319.595 5.911 
0.0 0.0 0.0 0.747 323.125 
0.023 0.022 0.07 0.658 333.921 
0.0 0.001 0.139 310.837 12.404 
0.011 0.0 7.714 155.219 4.239 
0.368 0.179 0.042 1.02 282.553 
0.312 0.11 0.307 0.929 291.157 
0.091 7.276 0.1 0.169 219.711 
12.989 0.12 38.006 89.408 40.555 
0.51 0.248 0.308 0.024 191.559 
0.0 0.0 0.001 1.559 274.024 
0.266 0.425 0.281 0.317 226.42 
0.0 0.0 0.002 6.906 198.749 
