0.556 63.702 157.958 0.668 37.647 
2.851 49.174 46.761 0.198 61.95 
0.068 209.59 0.426 11.602 2.495 
90.503 1.997 17.637 30.776 0.114 
231.617 5.492 0.058 0.536 3.437 
128.104 0.412 138.855 0.804 47.592 
0.041 0.0 70.079 267.425 0.272 
60.778 72.804 100.076 0.024 0.038 
1.34 153.622 0.115 0.466 26.273 
0.0 0.026 57.348 0.13 104.385 
4.153 117.952 50.763 0.52 1.201 
27.758 82.36 0.082 130.211 0.44 
69.916 14.483 40.939 0.005 86.894 
145.302 46.909 0.39 0.453 2.173 
32.433 104.486 15.032 36.275 0.152 
11.081 59.709 77.22 2.373 53.928 
179.192 4.785 29.25 0.641 36.124 
0.003 0.0 0.02 61.185 185.754 
0.021 0.047 145.497 0.329 91.309 
0.001 0.031 100.355 0.867 1.464 
24.098 229.808 1.596 0.578 1.433 
25.328 0.063 166.527 0.196 6.31 
11.828 0.006 4.919 239.816 0.504 
29.599 150.418 0.366 0.96 0.146 
30.389 25.391 10.328 78.111 0.264 
33.076 98.138 63.648 0.018 10.682 
30.295 21.662 0.106 99.136 70.31 
57.422 10.883 0.169 75.339 5.412 
0.003 0.214 181.109 0.545 30.72 
8.365 15.284 155.102 49.95 0.574 
0.015 0.0 0.103 172.797 66.674 
0.564 9.162 136.504 0.402 27.183 
0.052 0.166 0.024 0.004 282.37 
2.186 250.65 0.991 10.175 17.162 
4.906 0.014 53.241 221.815 0.226 
24.94 71.951 0.28 1.558 24.572 
2.831 19.346 107.194 35.657 0.875 
0.531 59.947 18.639 5.106 22.306 
0.556 63.702 157.958 0.668 37.647 
2.851 49.174 46.761 0.198 61.95 
0.068 209.59 0.426 11.602 2.495 
90.503 1.997 17.637 30.776 0.114 
2.853 327.121 4.799 5.367 1.838 
231.617 5.492 0.058 0.536 3.437 
128.104 0.412 138.855 0.804 47.592 
0.001 0.012 0.064 0.082 355.808 
0.041 0.0 70.079 267.425 0.272 
60.778 72.804 100.076 0.024 0.038 
1.34 153.622 0.115 0.466 26.273 
0.0 0.026 57.348 0.13 104.385 
4.153 117.952 50.763 0.52 1.201 
27.758 82.36 0.082 130.211 0.44 
69.916 14.483 40.939 0.005 86.894 
145.302 46.909 0.39 0.453 2.173 
32.433 104.486 15.032 36.275 0.152 
0.001 0.194 0.001 131.841 0.915 
11.081 59.709 77.22 2.373 53.928 
27.438 19.619 2.417 0.793 23.375 
179.192 4.785 29.25 0.641 36.124 
0.0 0.016 0.064 0.023 118.679 
0.003 0.0 0.02 61.185 185.754 
0.034 0.003 60.612 71.662 2.578 
0.002 0.004 0.089 207.848 8.84 
0.021 0.047 145.497 0.329 91.309 
0.001 0.031 100.355 0.867 1.464 
0.098 303.96 0.618 16.826 0.259 
81.148 143.087 0.456 3.602 2.569 
0.085 17.076 28.45 6.522 47.812 
53.254 18.472 0.053 13.286 14.936 
24.098 229.808 1.596 0.578 1.433 
25.328 0.063 166.527 0.196 6.31 
0.033 0.053 0.092 0.02 320.664 
11.828 0.006 4.919 239.816 0.504 
29.599 150.418 0.366 0.96 0.146 
30.389 25.391 10.328 78.111 0.264 
33.076 98.138 63.648 0.018 10.682 
0.021 0.824 0.002 129.676 22.047 
30.295 21.662 0.106 99.136 70.31 
57.422 10.883 0.169 75.339 5.412 
0.003 0.214 181.109 0.545 30.72 
8.365 15.284 155.102 49.95 0.574 
0.001 0.025 0.131 0.0 351.379 
0.015 0.0 0.103 172.797 66.674 
0.564 9.162 136.504 0.402 27.183 
0.052 0.166 0.024 0.004 282.37 
2.186 250.65 0.991 10.175 17.162 
0.042 0.0 0.028 191.163 4.639 
4.906 0.014 53.241 221.815 0.226 
0.003 0.049 0.133 143.553 54.468 
96.356 139.734 0.48 0.024 8.386 
11.356 13.604 18.699 5.038 20.216 
24.94 71.951 0.28 1.558 24.572 
0.014 7.814 4.155 116.618 5.467 
0.0 0.029 46.828 59.899 18.032 
0.026 0.141 0.183 136.179 7.483 
0.0 0.0 0.234 90.982 14.886 
52.262 0.168 1.473 0.864 0.161 
0.021 0.011 0.051 0.091 142.185 
2.831 19.346 107.194 35.657 0.875 
0.531 59.947 18.639 5.106 22.306 
