1.995 0.147 4.978 101.925 28.853 
1.439 13.209 11.265 11.475 131.925 
0.107 0.833 10.47 6.42 145.456 
15.846 62.391 32.526 1.776 52.333 
0.101 0.299 1.256 1.956 243.372 
0.199 0.741 0.009 170.743 30.145 
122.434 45.526 9.792 43.269 7.558 
0.072 0.163 0.253 189.41 6.731 
0.203 0.654 0.167 0.286 237.44 
97.057 44.038 68.44 0.63 136.828 
2.979 4.32 35.276 249.0 5.68 
6.564 2.201 16.667 27.983 54.838 
8.879 0.029 5.896 183.495 8.012 
1.143 0.345 13.593 3.389 147.789 
25.078 24.178 45.09 2.318 94.85 
3.095 0.649 0.502 9.986 336.887 
2.379 0.978 1.557 4.141 126.156 
3.21 1.321 3.579 47.855 2.419 
1.704 10.636 59.205 69.656 63.544 
0.02 0.018 2.262 14.654 91.9 
1.66 3.007 0.875 21.193 125.805 
5.336 0.919 0.674 7.367 123.771 
41.994 31.694 64.896 1.489 82.267 
0.372 0.305 0.592 1.524 202.271 
67.694 9.713 54.673 15.362 23.285 
5.114 2.796 157.015 39.372 67.847 
17.6 25.23 0.168 6.149 20.402 
7.437 5.268 163.082 8.667 109.687 
1.914 8.209 38.531 63.231 80.682 
0.309 31.683 25.161 78.354 34.414 
1.72 6.676 0.432 26.108 194.497 
20.459 4.201 76.524 6.53 38.626 
0.219 8.688 136.167 33.896 65.451 
0.002 0.001 0.229 35.528 85.941 
0.107 0.439 0.45 21.499 348.732 
1.995 0.147 4.978 101.925 28.853 
1.439 13.209 11.265 11.475 131.925 
0.107 0.833 10.47 6.42 145.456 
15.846 62.391 32.526 1.776 52.333 
0.101 0.299 1.256 1.956 243.372 
0.199 0.741 0.009 170.743 30.145 
122.434 45.526 9.792 43.269 7.558 
0.072 0.163 0.253 189.41 6.731 
0.203 0.654 0.167 0.286 237.44 
97.057 44.038 68.44 0.63 136.828 
2.979 4.32 35.276 249.0 5.68 
6.564 2.201 16.667 27.983 54.838 
8.879 0.029 5.896 183.495 8.012 
1.143 0.345 13.593 3.389 147.789 
25.078 24.178 45.09 2.318 94.85 
3.095 0.649 0.502 9.986 336.887 
2.379 0.978 1.557 4.141 126.156 
3.21 1.321 3.579 47.855 2.419 
1.704 10.636 59.205 69.656 63.544 
0.02 0.018 2.262 14.654 91.9 
1.66 3.007 0.875 21.193 125.805 
5.336 0.919 0.674 7.367 123.771 
41.994 31.694 64.896 1.489 82.267 
0.372 0.305 0.592 1.524 202.271 
67.694 9.713 54.673 15.362 23.285 
5.114 2.796 157.015 39.372 67.847 
17.6 25.23 0.168 6.149 20.402 
7.437 5.268 163.082 8.667 109.687 
1.914 8.209 38.531 63.231 80.682 
0.309 31.683 25.161 78.354 34.414 
1.72 6.676 0.432 26.108 194.497 
20.459 4.201 76.524 6.53 38.626 
0.219 8.688 136.167 33.896 65.451 
0.002 0.001 0.229 35.528 85.941 
0.107 0.439 0.45 21.499 348.732 
85.378 16.437 74.497 26.924 36.146 
85.378 16.437 74.497 26.924 36.146 
0.434 2.185 11.387 1.479 398.971 
0.55 0.697 0.211 1.463 335.659 
0.434 2.185 11.387 1.479 398.971 
0.55 0.697 0.211 1.463 335.659 
0.227 1.624 2.29 3.772 291.318 
0.227 1.624 2.29 3.772 291.318 
84.08 90.063 26.692 12.33 37.867 
16.911 1.303 20.25 333.501 15.813 
84.08 90.063 26.692 12.33 37.867 
16.911 1.303 20.25 333.501 15.813 
2.186 12.154 1.294 21.553 207.027 
2.186 12.154 1.294 21.553 207.027 
74.427 63.498 31.112 124.335 6.641 
7.2 3.155 6.283 6.252 217.82 
6.033 14.783 15.056 91.305 65.029 
7.357 25.079 42.719 62.368 50.848 
19.667 9.684 176.06 112.92 20.318 
72.12 16.526 248.04 96.871 6.053 
11.412 98.439 60.808 81.452 13.415 
74.427 63.498 31.112 124.335 6.641 
7.2 3.155 6.283 6.252 217.82 
6.033 14.783 15.056 91.305 65.029 
7.357 25.079 42.719 62.368 50.848 
19.667 9.684 176.06 112.92 20.318 
72.12 16.526 248.04 96.871 6.053 
11.412 98.439 60.808 81.452 13.415 
8.294 22.686 1.011 49.048 109.047 
0.159 0.221 0.456 56.601 351.715 
