0.435 13.608 284.192 25.053 3.842 
193.342 14.292 3.444 13.621 8.921 
0.001 0.007 0.003 10.076 337.51 
6.694 278.339 65.715 0.835 0.812 
0.029 0.22 0.251 0.005 240.34 
0.0 0.0 0.009 15.759 87.78 
0.002 0.133 0.001 239.958 160.464 
0.0 0.0 0.0 12.955 200.837 
0.001 0.003 0.238 216.847 0.182 
5.134 213.482 106.044 0.773 1.048 
5.617 4.957 213.993 18.864 6.031 
6.694 278.339 65.715 0.835 0.812 
0.435 13.608 284.192 25.053 3.842 
0.001 0.007 0.003 10.076 337.51 
0.043 0.329 0.0 0.166 256.194 
132.727 90.24 12.999 15.227 0.809 
41.755 3.876 22.134 57.103 0.402 
193.342 14.292 3.444 13.621 8.921 
152.068 56.903 12.183 3.546 8.921 
77.475 0.083 0.833 8.594 81.566 
2.867 119.2 59.211 152.758 0.345 
0.133 93.516 180.793 0.653 0.886 
5.457 182.064 2.014 0.911 50.39 
0.206 144.245 8.421 2.451 6.167 
3.188 0.366 128.086 169.98 0.396 
152.068 56.903 12.183 3.546 8.921 
108.674 0.35 6.356 110.918 2.682 
5.134 213.482 106.044 0.773 1.048 
2.867 119.2 59.211 152.758 0.345 
5.457 182.064 2.014 0.911 50.39 
6.892 0.509 86.369 90.496 11.35 
34.623 11.645 145.784 28.837 0.973 
11.047 61.409 65.896 12.522 0.433 
33.221 63.256 1.554 0.613 45.872 
2.938 7.349 208.167 18.351 5.867 
1.083 36.131 37.505 0.359 100.441 
0.206 144.245 8.421 2.451 6.167 
0.005 0.038 0.035 173.134 61.128 
27.289 0.029 11.357 10.18 106.173 
18.461 1.365 0.213 4.878 211.898 
0.0 0.0 0.002 237.063 5.454 
0.002 0.133 0.001 239.958 160.464 
34.623 11.645 145.784 28.837 0.973 
7.203 0.532 0.083 10.095 134.658 
7.203 0.532 0.083 10.095 134.658 
3.188 0.366 128.086 169.98 0.396 
139.09 0.15 8.118 23.0 24.715 
18.427 33.231 25.057 64.646 0.455 
0.001 0.003 0.238 216.847 0.182 
28.491 4.896 44.89 22.287 59.063 
18.427 33.231 25.057 64.646 0.455 
2.774 115.357 155.034 0.65 0.881 
0.738 30.705 100.653 111.315 0.3 
2.03 0.482 103.767 137.232 2.591 
2.485 2.053 163.514 40.908 7.146 
0.01 0.018 0.017 80.55 52.253 
33.475 6.874 0.007 44.659 79.718 
98.887 0.318 5.784 100.988 27.611 
132.727 90.24 12.999 15.227 0.809 
83.909 10.689 2.145 93.002 2.249 
89.491 0.242 20.241 99.777 13.194 
89.491 0.242 20.241 99.777 13.194 
0.019 13.554 26.203 10.329 178.945 
98.887 0.318 5.784 100.988 27.611 
0.01 0.018 0.017 80.55 52.253 
41.336 20.838 0.138 15.168 44.077 
0.019 13.554 26.203 10.329 178.945 
19.483 17.195 175.962 3.409 2.561 
82.263 1.021 18.786 92.606 12.246 
0.057 0.143 0.012 189.215 35.835 
0.223 12.365 40.293 200.007 0.322 
2.03 0.482 103.767 137.232 2.591 
108.674 0.35 6.356 110.918 2.682 
0.223 12.365 40.293 200.007 0.322 
139.09 0.15 8.118 23.0 24.715 
2.485 2.053 163.514 40.908 7.146 
0.894 0.065 0.914 126.899 14.634 
2.353 1.943 154.809 49.855 7.146 
8.58 18.663 3.906 182.182 8.62 
0.085 59.471 158.061 183.38 1.291 
19.483 17.195 175.962 3.409 2.561 
0.894 0.065 0.914 126.899 14.634 
101.524 1.26 23.185 114.29 0.773 
0.004 0.003 0.005 21.23 192.748 
77.475 0.083 0.833 8.594 81.566 
0.046 0.0 0.019 115.919 18.274 
0.057 0.143 0.012 189.215 35.835 
0.029 0.22 0.251 0.005 240.34 
26.274 0.028 89.783 0.558 2.684 
0.043 0.329 0.0 0.166 256.194 
28.014 5.752 1.969 208.995 1.755 
26.274 0.028 89.783 0.558 2.684 
3.115 7.791 10.584 1.559 98.939 
41.755 3.876 22.134 57.103 0.402 
0.0 0.0 0.009 15.759 87.78 
28.491 4.896 44.89 22.287 59.063 
41.336 20.838 0.138 15.168 44.077 
28.014 5.752 1.969 208.995 1.755 
1.083 36.131 37.505 0.359 100.441 
18.461 1.365 0.213 4.878 211.898 
