0.0 0.0 0.0 0.0 0.0 0.0 0.318 0.864 2.608 6.448 33.066 69.859 197.941 37.14 53.228 
0.0 0.0 0.0 0.0 0.0 0.0 0.0 0.0 0.0 0.0 0.0 0.0 0.0 254.841 0.0 
0.0 0.004 0.024 0.0 0.047 0.041 3.445 0.036 0.212 0.0 1.102 0.047 1.389 0.744 336.835 
0.0 0.0 0.0 0.0 0.0 0.0 0.0 0.0 0.0 0.0 0.0 0.0 0.0 248.433 0.0 
0.0 0.0 0.0 0.0 0.0 0.0 0.001 0.003 0.165 0.342 7.642 13.842 0.0 11.169 308.546 
0.0 0.0 0.0 0.0 0.0 0.002 0.002 0.002 0.001 0.115 0.0 1.841 58.208 0.0 87.338 
0.005 0.0 0.001 0.071 0.006 0.001 1.488 0.261 0.0 2.45 2.169 3.221 1.097 1.698 167.76 
0.0 0.0 0.0 0.0 0.014 0.04 0.013 0.064 0.184 0.041 3.025 0.0 22.974 151.924 0.0 
0.0 0.0 0.0 0.0 0.0 0.0 0.0 0.0 0.0 0.0 0.0 0.0 0.0 0.0 188.747 
0.0 0.0 0.0 0.0 0.0 0.0 0.0 0.0 0.0 0.0 0.0 100.77 0.0 0.0 46.712 
0.0 0.0 0.0 0.0 0.0 0.0 0.0 0.0 0.0 0.38 0.0 1.705 8.798 41.583 121.521 
0.0 0.0 0.0 0.0 0.0 0.0 2.231 0.001 4.928 24.016 0.0 50.294 142.505 26.739 38.321 
0.0 0.0 0.0 0.0 0.0 0.0 0.0 0.0 0.0 0.752 0.873 1.622 32.396 71.68 97.044 
