240.63 1.26 1.329 8.496 3.848 
0.013 0.0 0.038 0.0 176.525 
0.0 0.0 0.0 0.034 216.95 
0.0 0.007 272.024 0.767 6.255 
0.0 0.0 0.198 159.804 3.669 
0.249 22.343 38.638 44.423 0.005 
0.0 0.0 0.0 0.068 233.213 
0.0 0.0 0.0 0.068 233.213 
0.459 0.021 0.578 281.532 0.014 
72.617 155.141 4.279 0.16 0.639 
8.952 74.058 140.825 0.631 1.975 
110.245 1.021 178.675 6.559 1.084 
1.416 126.807 33.601 117.403 0.079 
186.837 1.73 1.036 6.623 6.038 
38.966 1.755 49.069 218.802 0.015 
72.617 155.141 4.279 0.16 0.639 
8.952 74.058 140.825 0.631 1.975 
77.216 34.525 2.345 0.043 0.023 
0.459 0.021 0.578 281.532 0.014 
5.15 0.867 0.001 26.833 122.12 
1.845 47.051 58.921 0.04 14.819 
0.0 0.0 0.016 0.032 167.385 
1.416 126.807 33.601 117.403 0.079 
0.001 0.001 81.955 25.727 53.62 
32.781 2.005 41.917 205.887 0.014 
11.017 11.055 121.345 0.404 14.456 
224.618 23.443 10.22 4.634 0.074 
16.542 0.153 60.959 2.064 64.289 
0.0 0.0 0.198 159.804 3.669 
186.837 1.73 1.036 6.623 6.038 
0.308 1.148 45.972 0.324 99.782 
0.034 0.077 0.0 117.572 0.792 
224.618 23.443 10.22 4.634 0.074 
110.245 1.021 178.675 6.559 1.084 
0.001 0.001 81.955 25.727 53.62 
0.0 0.0 0.0 0.055 190.372 
0.006 0.011 0.001 0.046 216.921 
14.021 0.13 165.112 7.951 0.684 
1.845 47.051 58.921 0.04 14.819 
0.202 0.012 246.362 7.444 0.929 
0.0 0.007 272.024 0.767 6.255 
0.978 0.278 0.644 1.062 32.107 
77.216 34.525 2.345 0.043 0.023 
5.975 0.344 193.099 6.02 1.637 
0.249 22.343 38.638 44.423 0.005 
11.017 11.055 121.345 0.404 14.456 
32.781 2.005 41.917 205.887 0.014 
0.005 0.0 215.157 4.504 6.759 
38.966 1.755 49.069 218.802 0.015 
10.735 0.483 13.518 64.281 0.408 
4.725 2.961 76.161 2.503 8.057 
26.839 8.377 0.05 28.856 0.017 
55.969 2.52 0.083 5.548 0.018 
7.97 17.026 8.013 1.949 21.778 
240.63 1.26 1.329 8.496 3.848 
0.0 0.0 0.0 0.034 216.95 
46.653 0.264 19.472 107.283 0.478 
7.97 17.026 8.013 1.949 21.778 
0.088 0.029 45.467 80.388 62.726 
46.653 0.264 19.472 107.283 0.478 
5.975 0.344 193.099 6.02 1.637 
10.735 0.483 13.518 64.281 0.408 
0.013 0.0 0.038 0.0 176.525 
0.0 0.0 0.0 0.055 190.372 
4.725 2.961 76.161 2.503 8.057 
0.308 1.148 45.972 0.324 99.782 
0.12 9.403 22.289 17.335 6.753 
18.689 0.173 53.969 91.015 0.438 
5.15 0.867 0.001 26.833 122.12 
7.276 0.18 227.827 5.325 1.917 
18.689 0.173 53.969 91.015 0.438 
30.359 0.281 0.643 103.21 0.37 
25.8 1.162 63.103 0.254 0.025 
5.348 11.426 20.513 0.991 30.869 
0.281 7.174 235.348 1.657 1.948 
0.001 0.0 0.031 0.0 110.8 
0.001 0.0 0.031 0.0 110.8 
0.005 0.0 215.157 4.504 6.759 
2.086 0.592 26.539 16.331 4.25 
14.021 0.13 165.112 7.951 0.684 
0.721 1.356 35.827 74.371 0.895 
8.53 0.079 175.006 3.844 1.814 
0.202 0.012 246.362 7.444 0.929 
1.634 1.024 33.518 1.08 18.414 
2.086 0.592 26.539 16.331 4.25 
3.579 6.735 177.945 0.942 0.009 
55.969 2.52 0.083 5.548 0.018 
0.329 0.043 0.008 92.817 5.545 
26.507 0.245 8.576 0.939 29.247 
25.8 1.162 63.103 0.254 0.025 
0.002 0.017 0.059 82.899 0.558 
15.788 0.711 12.871 76.322 0.266 
30.359 0.281 0.643 103.21 0.37 
4.246 1.468 232.978 1.629 0.643 
0.0 0.0 0.016 0.032 167.385 
0.0 0.0 0.0 0.05 172.925 
0.097 2.484 81.488 2.234 0.024 
7.276 0.18 227.827 5.325 1.917 
0.066 0.01 0.388 113.297 6.769 
15.788 0.711 12.871 76.322 0.266 
