0.0 0.0 0.002 334.069 40.612 
0.0 0.0 0.0 0.058 266.954 
0.0 0.0 0.836 0.0 352.69 
10.252 306.502 0.475 0.159 0.454 
0.0 0.0 0.785 0.0 331.026 
0.0 0.0 0.0 0.044 203.304 
0.025 0.001 0.0 119.878 0.0 
251.558 0.05 0.378 0.131 0.361 
0.0 0.001 0.0 129.923 0.05 
0.004 0.001 158.608 0.001 0.406 
23.164 187.374 0.009 0.031 0.301 
10.252 306.502 0.475 0.159 0.454 
166.757 0.033 32.147 0.219 0.272 
251.558 0.05 0.378 0.131 0.361 
0.0 0.013 55.495 0.011 2.243 
0.019 0.002 90.401 0.047 0.004 
0.012 0.02 134.427 9.434 0.028 
0.003 0.001 102.843 0.003 0.263 
0.012 0.02 134.427 9.434 0.028 
0.0 0.0 0.0 0.058 266.954 
0.0 0.0 0.0 166.243 38.742 
45.227 87.988 15.742 0.162 0.39 
0.048 0.0 0.001 219.725 3.077 
0.004 0.001 158.608 0.001 0.406 
132.693 14.676 12.455 2.828 0.866 
86.887 32.258 0.179 0.13 0.045 
113.477 27.356 10.588 0.079 0.104 
0.018 0.001 0.002 95.659 0.464 
0.001 0.002 0.0 49.741 0.002 
166.757 0.033 32.147 0.219 0.272 
0.048 0.0 0.001 219.725 3.077 
0.003 0.0 12.427 0.012 72.304 
0.004 0.0 0.278 0.0 119.047 
0.0 0.0 0.002 334.069 40.612 
0.0 0.0 0.001 262.216 0.15 
0.0 0.006 0.0 292.34 0.167 
5.06 151.283 30.133 0.093 0.255 
81.901 114.364 2.808 0.081 46.412 
54.4 22.366 14.004 4.832 13.248 
0.0 0.01 0.0 161.007 37.524 
0.0 0.0 0.0 0.034 157.409 
0.0 0.0 0.0 0.079 194.638 
1.713 69.004 1.453 37.209 0.013 
44.909 5.666 31.913 19.87 0.322 
31.958 2.928 36.652 5.019 0.11 
115.508 47.489 0.038 2.885 0.883 
0.0 0.001 0.0 129.923 0.05 
23.087 44.916 8.036 0.083 3.076 
0.0 0.0 0.0 0.099 243.73 
0.001 0.046 0.0 0.0 213.989 
16.867 6.934 4.342 1.75 30.575 
27.981 54.438 0.012 44.606 0.005 
5.06 151.283 30.133 0.093 0.255 
0.019 0.002 90.401 0.047 0.004 
0.003 0.001 102.843 0.003 0.263 
64.925 0.159 0.089 4.572 2.818 
132.507 16.717 0.069 0.165 0.214 
0.0 0.006 0.0 100.398 32.038 
52.32 101.788 0.071 0.168 0.404 
0.235 166.567 0.25 0.184 11.66 
16.867 6.934 4.342 1.75 30.575 
0.235 166.567 0.25 0.184 11.66 
23.164 187.374 0.009 0.031 0.301 
13.186 76.089 0.006 1.127 42.814 
0.0 0.0 0.785 0.0 331.026 
0.0 0.0 0.836 0.0 352.69 
44.909 5.666 31.913 19.87 0.322 
1.31 131.619 0.048 0.147 5.379 
0.017 0.0 0.0 280.472 0.383 
0.0 0.0 0.001 262.216 0.15 
45.227 87.988 15.742 0.162 0.39 
25.956 143.432 1.025 0.07 0.065 
1.713 69.004 1.453 37.209 0.013 
0.0 0.04 0.017 0.0 139.283 
0.0 0.0 0.0 0.049 121.69 
52.32 101.788 0.071 0.168 0.404 
9.49 115.569 41.011 0.183 0.238 
64.925 0.159 0.089 4.572 2.818 
31.958 2.928 36.652 5.019 0.11 
1.314 0.135 0.001 0.001 141.444 
0.0 0.0 0.0 0.034 157.409 
13.186 76.089 0.006 1.127 42.814 
0.0 0.013 55.495 0.011 2.243 
54.4 22.366 14.004 4.832 13.248 
0.0 0.004 0.051 0.0 252.386 
0.0 0.004 49.008 0.014 0.071 
81.901 114.364 2.808 0.081 46.412 
27.981 54.438 0.012 44.606 0.005 
0.0 0.079 0.002 0.01 67.277 
25.956 143.432 1.025 0.07 0.065 
0.0 0.002 0.005 0.002 54.461 
0.0 2.048 3.895 42.247 49.256 
0.0 0.006 0.0 292.34 0.167 
0.017 0.0 0.0 280.472 0.383 
86.887 32.258 0.179 0.13 0.045 
1.31 131.619 0.048 0.147 5.379 
0.0 0.01 43.95 0.048 1.778 
0.0 0.004 49.008 0.014 0.071 
1.372 122.852 0.009 0.051 5.022 
0.001 0.046 0.0 0.0 213.989 
