0.0 0.0 0.0 0.0 0.0 0.0 0.0 0.006 1.64 2.81 60.246 32.683 36.087 93.917 0.423 
0.0 0.0 0.0 0.0 0.0 0.0 0.0 0.001 0.065 0.058 24.961 130.311 14.919 52.411 112.885 
0.0 0.0 0.0 0.001 0.007 0.0 0.005 0.014 0.0 0.017 0.02 0.4 11.176 74.445 204.388 
0.064 0.099 0.569 0.372 0.046 4.421 25.114 45.746 99.345 18.046 68.827 9.964 25.153 44.028 33.757 
0.0 0.0 0.0 0.0 0.0 0.0 0.001 0.009 0.022 0.01 0.101 0.815 83.748 0.08 123.067 
0.748 1.979 0.564 0.514 3.602 2.66 3.502 3.843 25.67 9.962 53.326 11.005 187.715 23.331 35.442 
0.014 0.012 0.007 0.136 0.704 1.449 3.876 21.987 4.448 45.156 7.247 22.428 10.303 30.305 3.016 
0.0 0.0 0.0 0.0 0.002 0.0 0.048 0.017 0.022 8.554 0.018 17.357 36.417 214.937 49.336 
0.241 0.371 2.138 1.214 0.167 15.869 90.155 16.845 5.704 13.624 51.961 89.377 3.254 43.015 32.981 
0.0 0.0 0.0 0.0 0.0 0.001 0.0 0.001 0.0 0.011 0.464 0.601 1.858 0.55 343.48 
0.0 0.0 0.0 0.0 0.0 0.001 0.0 0.001 0.0 0.011 0.464 0.601 1.858 0.55 343.48 
0.0 0.0 0.0 0.0 0.0 0.0 0.0 0.001 0.085 0.076 32.611 170.25 19.492 0.211 112.885 
0.0 0.0 0.0 0.0 0.001 0.007 0.0 0.002 0.008 0.149 0.013 30.961 6.126 213.226 55.68 
0.0 0.0 0.0 0.0 0.0 0.0 0.011 0.004 0.019 0.054 0.009 0.002 0.085 0.169 307.417 
0.002 0.02 0.02 0.038 0.041 0.006 2.538 0.349 13.828 18.121 10.976 86.316 209.43 0.869 0.783 
0.022 0.016 0.134 0.088 0.011 1.044 5.93 7.735 10.09 2.574 116.228 64.85 19.258 33.709 31.904 
0.0 0.0 0.0 0.0 0.0 0.001 0.004 0.005 0.047 1.787 0.96 0.003 1.399 287.354 28.796 
0.0 0.0 0.0 0.0 0.0 0.0 0.0 0.0 0.0 0.0 0.018 0.344 0.81 2.141 271.3 
0.16 0.246 1.42 0.929 0.116 11.032 62.672 81.75 7.11 16.985 64.778 111.423 4.057 53.626 41.116 
0.748 1.979 0.564 0.514 3.602 2.66 3.502 3.843 25.67 9.962 53.326 11.005 187.715 23.331 35.442 
0.241 0.371 2.138 1.214 0.167 15.869 90.155 16.845 5.704 13.624 51.961 89.377 3.254 43.015 32.981 
0.16 0.246 1.42 0.929 0.116 11.032 62.672 81.75 7.11 16.985 64.778 111.423 4.057 53.626 41.116 
0.117 0.18 1.04 0.681 0.085 8.08 45.905 7.345 82.45 14.977 57.122 8.269 20.875 36.54 91.885 
0.117 0.18 1.04 0.681 0.085 8.08 45.905 7.345 82.45 14.977 57.122 8.269 20.875 36.54 91.885 
0.157 0.111 0.937 0.613 0.076 7.281 41.364 53.954 4.693 11.21 42.753 73.539 21.838 38.226 18.622 
0.192 0.136 1.147 0.227 0.072 6.812 38.7 50.48 4.391 10.488 40.0 68.804 20.432 35.765 17.423 
0.157 0.111 0.937 0.613 0.076 7.281 41.364 53.954 4.693 11.21 42.753 73.539 21.838 38.226 18.622 
0.0 0.002 0.0 0.337 1.412 2.904 7.768 44.067 8.918 1.498 6.233 116.833 26.246 42.632 7.706 
0.064 0.099 0.569 0.372 0.046 4.421 25.114 45.746 99.345 18.046 68.827 9.964 25.153 44.028 33.757 
0.212 0.058 0.077 0.347 2.509 1.04 1.304 8.145 2.73 8.122 9.969 32.876 138.135 38.14 65.909 
0.0 0.002 0.0 0.256 1.072 2.207 5.902 33.482 6.775 1.138 4.735 88.768 19.941 42.274 45.913 
0.192 0.136 1.147 0.227 0.072 6.812 38.7 50.48 4.391 10.488 40.0 68.804 20.432 35.765 17.423 
0.022 0.016 0.134 0.088 0.011 1.044 5.93 7.735 10.09 2.574 116.228 64.85 19.258 33.709 31.904 
0.0 0.0 0.0 0.0 0.0 0.001 0.002 0.017 4.88 1.681 88.965 48.263 53.29 138.687 65.617 
0.212 0.058 0.077 0.347 2.509 1.04 1.304 8.145 2.73 8.122 9.969 32.876 138.135 38.14 65.909 
0.003 0.003 0.051 0.011 0.077 0.411 0.249 6.814 0.351 30.999 20.443 109.812 8.639 45.77 49.709 
0.006 0.001 0.215 0.035 0.243 0.179 0.236 0.259 0.02 0.362 1.565 56.779 112.09 13.153 3.572 
0.0 0.004 0.001 0.002 0.008 0.002 0.0 0.526 17.454 23.74 3.277 11.941 15.114 74.64 94.85 
0.0 0.002 0.0 0.337 1.412 2.904 7.768 44.067 8.918 1.498 6.233 116.833 26.246 42.632 7.706 
0.01 0.084 0.084 0.162 0.174 0.025 10.88 1.496 2.038 16.091 9.746 76.647 185.969 0.771 0.695 
0.0 0.001 0.001 0.297 1.241 2.553 6.828 38.735 7.838 1.316 5.478 102.694 23.07 48.907 53.116 
0.002 0.02 0.02 0.038 0.041 0.006 2.538 0.349 13.828 18.121 10.976 86.316 209.43 0.869 0.783 
0.0 0.0 0.0 0.0 0.0 0.001 0.002 0.017 4.821 1.661 87.885 47.677 52.643 137.003 64.821 
0.0 0.0 0.0 0.004 3.034 0.116 1.665 0.566 7.047 4.777 11.02 1.181 2.714 140.815 71.432 
0.004 0.004 0.075 0.016 0.114 0.475 0.447 9.606 0.495 43.703 28.821 154.815 12.179 49.442 8.937 
0.0 0.0 0.0 0.023 0.096 3.528 6.085 34.519 6.985 0.796 4.847 90.859 20.411 43.27 46.995 
0.0 0.0 0.0 0.005 3.501 0.134 1.922 0.33 7.709 5.226 12.054 1.292 31.712 119.288 75.659 
0.0 0.0 0.0 0.0 0.0 0.001 0.0 0.003 0.045 0.437 13.47 6.692 23.907 37.983 163.411 
0.0 0.0 0.0 0.004 3.034 0.116 1.665 0.566 7.047 4.777 11.02 1.181 2.714 140.815 71.432 
0.012 0.003 0.108 0.305 0.664 0.067 0.578 0.646 0.709 0.026 5.28 152.744 8.226 44.411 92.561 
0.0 0.001 0.001 0.297 1.241 2.553 6.828 38.735 7.838 1.316 5.478 102.694 23.07 48.907 53.116 
0.0 0.0 0.001 0.0 0.001 0.029 1.358 11.762 0.606 35.449 3.863 98.09 32.246 105.312 8.596 
0.011 0.002 0.005 0.003 0.126 0.177 0.038 3.764 9.119 2.371 3.283 2.73 166.926 94.516 4.104 
0.009 0.007 0.004 0.019 0.045 0.77 1.427 8.093 1.638 16.622 5.876 9.102 6.025 21.882 240.71 
0.003 0.014 0.003 0.009 0.566 0.847 0.302 0.884 1.152 4.365 3.089 25.059 189.23 9.582 33.148 
0.0 0.0 0.0 0.0 0.0 0.0 0.0 0.001 0.065 0.058 24.961 130.311 14.919 52.411 112.885 
0.002 0.001 0.001 0.006 0.0 0.022 0.001 0.15 0.117 0.115 6.226 11.279 40.001 251.898 85.309 
0.03 0.021 0.178 0.116 0.015 1.381 7.845 0.568 0.805 0.99 50.236 28.029 88.921 26.487 25.068 
0.021 0.018 0.021 0.108 0.702 1.444 3.862 21.909 0.348 39.343 6.314 19.541 59.788 39.48 3.929 
0.0 0.0 0.0 0.001 0.1 0.442 0.051 0.113 0.103 6.781 3.982 68.927 22.458 287.098 7.945 
0.01 0.084 0.084 0.162 0.174 0.025 10.88 1.496 2.038 16.091 9.746 76.647 185.969 0.771 0.695 
0.0 0.0 0.0 0.0 0.0 0.0 0.0 0.001 0.085 0.076 32.611 170.25 19.492 0.211 112.885 
0.019 0.003 0.004 0.36 0.185 0.154 0.567 2.353 4.358 40.632 35.981 32.422 79.477 66.79 23.421 
0.003 0.003 0.051 0.011 0.077 0.411 0.249 6.814 0.351 30.999 20.443 109.812 8.639 45.77 49.709 
0.0 0.0 0.0 0.002 0.003 0.005 0.005 0.088 0.784 0.088 0.375 16.014 10.846 6.218 205.176 
0.0 0.0 0.0 0.0 0.0 0.0 0.0 0.007 0.036 0.002 1.371 0.376 110.55 17.28 136.673 
0.004 0.004 0.075 0.016 0.114 0.475 0.447 9.606 0.495 43.703 28.821 154.815 12.179 49.442 8.937 
0.0 0.0 0.001 0.0 0.001 0.029 1.358 11.762 0.606 35.449 3.863 98.09 32.246 105.312 8.596 
0.0 0.0 0.0 0.0 0.0 0.0 0.144 0.018 0.349 0.832 1.312 2.046 0.208 184.976 121.148 
0.007 0.005 0.065 0.286 0.661 2.385 0.841 2.455 0.34 0.696 2.936 2.981 7.53 124.64 76.02 
0.0 0.002 0.0 0.256 1.072 2.207 5.902 33.482 6.775 1.138 4.735 88.768 19.941 42.274 45.913 
0.0 0.0 0.0 0.0 0.0 0.0 0.0 0.0 0.017 0.041 0.877 42.334 78.001 118.707 155.151 
0.0 0.0 0.0 0.003 0.309 1.374 0.159 0.351 0.321 21.086 3.575 43.415 13.888 130.823 111.769 
0.0 0.0 0.0 0.0 0.0 0.0 0.011 0.004 0.019 0.054 0.009 0.002 0.085 0.169 307.417 
0.0 0.0 0.0 0.003 0.002 0.0 0.099 0.035 0.046 17.629 0.038 35.771 127.668 13.537 21.835 
0.007 0.001 0.002 0.027 0.016 0.004 0.043 2.239 22.408 12.241 37.185 70.654 13.905 0.151 80.527 
0.002 0.02 0.02 0.104 0.075 0.115 6.748 7.581 0.833 16.676 10.101 18.185 95.739 0.397 67.802 
0.001 0.0 0.001 0.001 0.041 0.013 0.136 0.052 6.54 33.491 26.666 18.642 130.502 37.403 47.677 
0.0 0.0 0.0 0.0 0.003 0.002 0.004 0.001 0.013 0.045 0.067 0.104 0.361 242.379 155.024 
0.0 0.0 0.0 0.0 0.004 0.002 0.006 0.002 0.019 0.063 0.094 0.031 0.334 224.325 143.477 
0.03 0.021 0.178 0.116 0.015 1.381 7.845 0.568 0.805 0.99 50.236 28.029 88.921 26.487 25.068 
0.0 0.0 0.0 0.0 0.0 0.002 0.005 0.004 2.663 4.125 16.535 30.921 137.424 69.477 51.033 
0.0 0.0 0.0 0.005 3.501 0.134 1.922 0.33 7.709 5.226 12.054 1.292 31.712 119.288 75.659 
0.019 0.003 0.004 0.36 0.185 0.154 0.567 2.353 4.358 40.632 35.981 32.422 79.477 66.79 23.421 
0.062 0.017 0.193 0.079 0.359 0.923 0.152 0.79 0.057 0.303 1.692 0.532 24.597 2.222 257.795 
0.0 0.0 0.0 0.001 0.467 0.018 1.035 0.09 5.274 15.865 35.519 2.437 59.836 47.135 103.162 
0.006 0.004 0.017 0.056 0.006 0.018 0.085 0.047 3.023 13.673 3.507 47.315 68.642 143.422 2.394 
0.062 0.017 0.193 0.079 0.359 0.923 0.152 0.79 0.057 0.303 1.692 0.532 24.597 2.222 257.795 
0.036 0.031 0.009 0.008 0.02 0.06 0.06 14.277 2.564 6.52 3.595 57.482 11.379 8.902 57.611 
0.009 0.002 0.005 0.209 0.089 0.081 0.242 1.159 2.147 20.021 17.729 15.976 36.019 31.842 79.42 
0.0 0.0 0.0 0.0 0.002 0.0 0.048 0.017 0.022 8.554 0.018 17.357 36.417 214.937 49.336 
0.048 0.042 0.012 0.002 0.034 0.096 0.085 20.297 3.645 34.643 10.146 43.911 15.182 11.877 76.868 
0.048 0.042 0.012 0.002 0.034 0.096 0.085 20.297 3.645 34.643 10.146 43.911 15.182 11.877 76.868 
0.0 0.002 0.0 0.001 0.002 0.004 0.012 0.011 0.003 0.041 1.609 33.536 183.651 9.299 32.17 
0.0 0.001 0.0 0.001 0.01 0.001 0.002 0.483 16.027 21.799 2.581 10.852 8.24 62.137 114.86 
0.0 0.002 0.0 0.001 0.017 0.002 0.0 0.746 24.761 19.514 3.163 12.789 9.711 73.229 93.058 
0.014 0.012 0.007 0.136 0.704 1.449 3.876 21.987 4.448 45.156 7.247 22.428 10.303 30.305 3.016 
0.0 0.0 0.0 0.0 0.0 0.0 0.0 0.0 0.029 0.069 1.484 71.645 132.009 154.376 35.517 
0.004 0.003 0.033 0.147 0.339 1.223 0.432 2.526 0.239 2.796 2.936 2.981 7.53 124.64 76.02 
0.0 0.002 0.001 0.001 0.007 0.086 0.017 0.105 0.913 34.414 18.49 0.062 26.935 79.32 103.671 
