0.009 0.033 0.127 70.759 195.717 
0.009 0.033 0.127 70.759 195.717 
44.35 12.595 6.934 1.907 6.139 
44.35 12.595 6.934 1.907 6.139 
0.037 0.003 0.342 0.572 20.492 
0.037 0.003 0.342 0.572 20.492 
0.036 0.037 78.545 7.343 176.366 
0.036 0.037 78.545 7.343 176.366 
0.015 0.003 0.001 8.075 232.884 
0.015 0.003 0.001 8.075 232.884 
10.537 0.457 3.071 192.315 5.37 
10.537 0.457 3.071 192.315 5.37 
80.66 3.632 101.573 117.864 2.214 
80.66 3.632 101.573 117.864 2.214 
98.626 24.416 50.025 56.874 1.832 
98.626 24.416 50.025 56.874 1.832 
4.892 124.731 2.72 259.674 6.066 
4.892 124.731 2.72 259.674 6.066 
3.654 0.615 0.013 7.551 129.415 
3.654 0.615 0.013 7.551 129.415 
0.029 0.066 72.674 163.229 7.262 
0.029 0.066 72.674 163.229 7.262 
0.339 0.002 0.717 1.322 298.882 
0.339 0.002 0.717 1.322 298.882 
6.388 1.572 26.6 135.792 3.148 
6.388 1.572 26.6 135.792 3.148 
24.249 17.414 0.253 169.243 55.254 
24.249 17.414 0.253 169.243 55.254 
38.693 99.783 37.616 33.914 16.153 
38.693 99.783 37.616 33.914 16.153 
3.813 31.543 0.061 7.028 165.218 
3.813 31.543 0.061 7.028 165.218 
23.159 31.78 127.543 0.515 7.299 
23.159 31.78 127.543 0.515 7.299 
1.094 2.151 25.246 224.419 34.787 
1.094 2.151 25.246 224.419 34.787 
0.645 0.338 0.429 2.022 93.457 
0.645 0.338 0.429 2.022 93.457 
0.142 0.058 5.222 9.667 197.162 
0.142 0.058 5.222 9.667 197.162 
0.771 0.993 16.779 259.173 22.144 
0.771 0.993 16.779 259.173 22.144 
3.06 0.126 9.524 46.332 26.804 
3.06 0.126 9.524 46.332 26.804 
0.109 0.01 2.967 204.617 78.657 
0.109 0.01 2.967 204.617 78.657 
1.373 0.028 13.884 1.097 233.501 
1.373 0.028 13.884 1.097 233.501 
0.565 11.848 66.325 84.184 79.718 
0.565 11.848 66.325 84.184 79.718 
152.472 1.412 11.063 46.031 60.888 
152.472 1.412 11.063 46.031 60.888 
20.526 6.579 6.573 43.989 83.369 
20.526 6.579 6.573 43.989 83.369 
36.218 43.904 80.911 11.111 30.424 
36.218 43.904 80.911 11.111 30.424 
21.151 13.077 37.321 30.026 55.982 
21.151 13.077 37.321 30.026 55.982 
0.733 12.724 9.597 11.441 77.895 
0.733 12.724 9.597 11.441 77.895 
0.244 12.846 4.185 3.289 278.076 
0.244 12.846 4.185 3.289 278.076 
0.881 58.324 5.59 133.398 73.085 
0.881 58.324 5.59 133.398 73.085 
1.168 1.614 3.697 128.398 73.266 
1.168 1.614 3.697 128.398 73.266 
1.225 1.741 27.226 0.684 309.392 
1.225 1.741 27.226 0.684 309.392 
0.083 0.036 0.421 143.78 42.524 
0.083 0.036 0.421 143.78 42.524 
2.241 28.385 70.325 100.882 23.857 
2.241 28.385 70.325 100.882 23.857 
136.187 47.072 29.214 15.108 46.062 
136.187 47.072 29.214 15.108 46.062 
1.43 16.324 21.333 193.529 41.175 
1.43 16.324 21.333 193.529 41.175 
86.481 5.341 94.807 17.097 50.299 
86.481 5.341 94.807 17.097 50.299 
6.593 23.375 23.773 0.975 72.744 
6.593 23.375 23.773 0.975 72.744 
1.553 0.105 40.495 2.188 51.212 
1.553 0.105 40.495 2.188 51.212 
0.101 0.062 3.2 13.014 359.012 
0.101 0.062 3.2 13.014 359.012 
0.2 1.176 0.76 12.22 254.604 
0.2 1.176 0.76 12.22 254.604 
102.496 22.796 6.945 4.258 218.254 
102.496 22.796 6.945 4.258 218.254 
5.598 0.39 4.998 140.717 188.727 
17.248 16.044 11.67 104.976 27.303 
13.266 46.567 24.835 232.912 33.891 
1.77 8.581 14.278 5.96 331.489 
0.846 51.042 104.191 20.836 135.491 
11.144 22.106 0.596 161.936 228.616 
46.158 0.809 175.413 43.098 53.386 
0.384 14.495 8.063 35.158 285.904 
75.735 23.998 20.671 21.227 115.828 
13.266 46.567 24.835 232.912 33.891 
19.97 21.14 161.715 92.246 39.529 
38.795 40.376 72.526 7.7 98.182 
