0.001 0.298 227.131 3.553 3.574 
0.0 0.0 0.0 0.72 254.383 
0.073 0.011 0.023 0.0 391.521 
0.073 0.011 0.023 0.0 391.521 
0.0 0.0 0.016 55.193 270.462 
9.824 207.547 0.145 11.599 0.033 
208.905 0.814 0.14 0.325 0.001 
208.905 0.814 0.14 0.325 0.001 
0.0 0.0 0.042 199.835 35.326 
6.023 136.79 65.72 58.616 14.792 
144.82 35.878 0.159 0.501 3.904 
15.168 196.404 0.142 0.586 0.031 
0.009 0.001 0.002 124.58 69.952 
0.009 0.0 0.009 64.903 1.141 
6.023 136.79 65.72 58.616 14.792 
24.156 89.22 0.769 3.407 20.776 
93.715 2.974 0.11 2.772 105.475 
79.445 57.666 38.305 0.23 0.448 
37.405 44.353 96.124 0.233 0.454 
0.094 0.139 176.662 38.278 0.245 
0.008 0.01 0.863 0.002 318.051 
121.394 5.006 34.068 4.728 3.556 
1.077 24.451 142.731 0.343 9.335 
8.347 85.225 26.142 0.331 0.069 
79.445 57.666 38.305 0.23 0.448 
0.0 0.0 0.016 55.193 270.462 
54.877 0.214 64.772 0.157 3.501 
0.008 0.01 0.863 0.002 318.051 
0.676 0.167 188.021 0.393 46.153 
93.715 2.974 0.11 2.772 105.475 
5.351 6.346 211.367 0.44 3.458 
0.0 0.0 0.046 158.916 60.58 
25.054 52.498 134.859 0.278 11.776 
38.666 9.579 112.003 0.444 0.539 
54.877 0.214 64.772 0.157 3.501 
0.0 0.0 0.032 139.252 0.355 
0.0 0.0 0.014 47.67 233.597 
0.575 0.009 0.163 0.013 141.899 
15.168 196.404 0.142 0.586 0.031 
0.0 0.0 0.014 47.67 233.597 
0.009 0.001 0.002 124.58 69.952 
39.392 11.741 0.058 0.8 75.23 
25.054 52.498 134.859 0.278 11.776 
0.037 0.009 0.007 181.305 3.904 
0.0 0.0 0.011 39.415 193.143 
0.004 0.046 0.007 196.544 3.454 
7.556 7.947 0.006 14.156 211.327 
1.123 28.643 54.485 18.231 15.659 
1.458 0.053 0.093 0.004 170.794 
23.235 34.408 3.546 13.241 1.225 
0.575 0.009 0.163 0.013 141.899 
5.351 6.346 211.367 0.44 3.458 
0.0 0.0 0.032 139.252 0.355 
2.038 51.961 47.533 21.97 18.871 
43.191 6.729 0.057 10.814 22.423 
0.001 0.298 227.131 3.553 3.574 
0.511 19.761 1.247 26.892 33.107 
0.013 0.0 0.004 169.59 29.976 
0.256 3.319 97.815 0.218 12.942 
9.824 207.547 0.145 11.599 0.033 
0.0 0.0 0.011 39.415 193.143 
124.972 1.983 35.468 2.538 2.552 
31.695 23.006 15.282 0.194 2.799 
8.347 85.225 26.142 0.331 0.069 
144.82 35.878 0.159 0.501 3.904 
1.458 0.053 0.093 0.004 170.794 
1.123 28.643 54.485 18.231 15.659 
133.868 4.248 0.157 0.133 24.462 
0.037 0.009 0.007 181.305 3.904 
0.003 0.044 187.873 3.366 5.886 
6.087 0.024 110.419 0.23 65.554 
0.094 0.139 176.662 38.278 0.245 
40.917 30.44 11.375 23.088 0.089 
10.54 8.09 21.903 2.066 18.904 
133.868 4.248 0.157 0.133 24.462 
23.235 34.408 3.546 13.241 1.225 
6.832 10.117 15.522 7.026 87.867 
0.004 0.0 0.004 28.923 17.377 
37.405 44.353 96.124 0.233 0.454 
6.832 10.117 15.522 7.026 87.867 
0.0 0.0 0.249 0.004 89.335 
2.038 51.961 47.533 21.97 18.871 
121.394 5.006 34.068 4.728 3.556 
0.229 20.042 1.247 26.892 33.107 
0.0 0.001 1.096 0.019 208.167 
31.695 23.006 15.282 0.194 2.799 
0.002 0.034 140.217 2.512 54.407 
0.009 0.0 0.009 64.903 1.141 
4.246 0.5 45.23 17.058 65.69 
4.246 0.5 45.23 17.058 65.69 
0.42 0.55 0.043 0.658 258.607 
42.326 30.722 20.408 0.259 1.542 
40.917 30.44 11.375 23.088 0.089 
0.007 0.004 0.005 167.706 16.144 
24.156 89.22 0.769 3.407 20.776 
0.676 0.167 188.021 0.393 46.153 
42.326 30.722 20.408 0.259 1.542 
0.0 0.0 0.007 162.071 3.489 
0.0 0.0 0.046 158.916 60.58 
43.191 6.729 0.057 10.814 22.423 
