4.516 203.925 1.997 0.058 5.325 
201.443 0.407 0.719 0.001 0.305 
0.011 0.003 0.001 0.0 258.548 
0.011 0.003 0.001 0.0 258.548 
0.0 0.0 0.001 0.001 139.202 
0.0 0.0 0.0 0.022 197.717 
18.119 142.815 0.468 1.121 0.001 
0.0 0.0 0.032 269.698 0.406 
0.094 0.017 289.037 0.001 0.092 
0.0 0.097 201.784 0.001 28.628 
0.094 0.017 289.037 0.001 0.092 
29.941 96.531 55.213 0.001 0.005 
135.321 2.344 60.226 0.001 76.636 
0.0 0.0 0.0 0.022 197.717 
163.961 0.331 9.578 0.001 0.009 
18.119 142.815 0.468 1.121 0.001 
152.364 15.601 7.698 0.024 106.107 
201.443 0.407 0.719 0.001 0.305 
22.373 176.344 1.559 0.055 0.131 
44.412 50.645 96.319 0.001 0.074 
32.958 7.69 17.745 0.016 138.383 
81.209 24.754 46.259 0.001 0.098 
0.003 0.0 138.14 36.826 53.893 
22.373 176.344 1.559 0.055 0.131 
4.516 203.925 1.997 0.058 5.325 
102.968 31.387 58.654 0.053 0.07 
2.098 80.961 2.746 0.0 0.081 
0.094 0.008 175.764 0.337 0.265 
135.321 2.344 60.226 0.001 76.636 
0.0 0.0 0.806 123.389 39.143 
0.0 0.0 0.008 0.0 149.257 
0.0 0.0 0.03 0.0 181.891 
0.0 0.002 92.695 0.644 56.272 
68.535 3.269 0.341 3.085 18.417 
152.364 15.601 7.698 0.024 106.107 
0.003 0.0 138.14 36.826 53.893 
0.01 0.001 0.0 94.381 0.142 
45.364 83.048 1.23 65.01 31.944 
0.0 0.002 92.695 0.644 56.272 
44.412 50.645 96.319 0.001 0.074 
116.541 35.524 22.272 0.924 0.113 
0.0 0.0 0.028 229.953 0.346 
0.001 0.0 0.0 206.304 0.31 
116.541 35.524 22.272 0.924 0.113 
32.958 7.69 17.745 0.016 138.383 
0.0 0.0 0.806 123.389 39.143 
0.0 0.0 0.005 166.146 1.121 
0.0 0.0 0.032 269.698 0.406 
0.029 0.0 0.001 246.71 0.079 
0.012 0.021 115.768 28.378 0.217 
0.0 0.0 0.0 143.219 0.297 
29.941 96.531 55.213 0.001 0.005 
127.416 0.257 104.53 0.013 0.012 
0.012 0.021 115.768 28.378 0.217 
15.207 36.347 7.551 7.049 0.004 
127.416 0.257 104.53 0.013 0.012 
102.968 31.387 58.654 0.053 0.07 
0.0 0.003 0.0 183.412 3.197 
6.043 0.52 0.383 11.629 93.113 
57.318 20.569 0.616 46.649 0.04 
57.318 20.569 0.616 46.649 0.04 
0.0 0.0 0.005 166.146 1.121 
15.207 36.347 7.551 7.049 0.004 
45.364 83.048 1.23 65.01 31.944 
52.493 4.895 0.205 15.353 22.468 
0.0 0.0 0.008 234.698 88.516 
51.671 4.818 3.293 15.936 19.696 
0.0 0.0 0.03 0.0 181.891 
81.209 24.754 46.259 0.001 0.098 
68.535 3.269 0.341 3.085 18.417 
0.0 0.003 0.0 183.412 3.197 
7.622 10.461 2.032 90.672 0.23 
75.112 22.895 11.662 0.0 19.667 
8.583 46.22 1.763 0.0 0.986 
8.583 46.22 1.763 0.0 0.986 
1.128 87.909 2.101 0.0 1.588 
0.409 19.384 30.285 0.348 30.4 
0.005 0.01 130.076 0.001 0.878 
0.0 0.0 0.0 197.215 0.409 
0.068 0.024 0.072 53.616 105.3 
159.938 0.71 1.539 81.33 29.121 
0.004 0.007 36.527 79.645 54.028 
1.807 0.123 0.284 130.774 0.085 
159.938 0.71 1.539 81.33 29.121 
0.0 0.0 0.0 143.219 0.297 
0.0 0.0 0.164 53.616 105.3 
0.113 0.0 194.804 0.373 0.062 
0.018 0.052 181.797 0.001 0.274 
0.0 0.0 0.008 234.698 88.516 
0.029 0.0 0.001 246.71 0.079 
7.622 10.461 2.032 90.672 0.23 
0.0 0.097 201.784 0.001 28.628 
0.075 0.002 132.286 47.083 0.419 
161.79 0.718 21.456 52.856 0.013 
51.671 4.818 3.293 15.936 19.696 
6.043 0.52 0.383 11.629 93.113 
75.112 22.895 11.662 0.0 19.667 
77.61 2.631 3.742 76.826 1.526 
0.0 0.0 0.001 0.001 139.202 
0.0 0.0 0.008 0.0 149.257 
