0.536 61.484 192.464 16.422 0.496 
0.156 0.18 58.265 113.903 11.721 
59.393 191.342 0.509 4.028 5.648 
0.048 0.104 246.868 0.559 10.525 
0.167 0.013 0.075 99.093 109.5 
0.786 12.766 269.002 58.561 1.843 
101.578 0.047 67.268 0.508 74.287 
0.587 60.184 80.038 116.851 3.598 
0.478 155.727 4.734 76.812 18.766 
142.277 20.415 0.498 18.98 28.77 
43.384 9.941 0.085 63.108 20.458 
10.898 32.335 135.85 2.871 84.613 
0.464 1.013 0.614 29.933 35.296 
88.709 6.836 106.219 12.387 9.104 
0.415 0.477 60.251 65.007 74.09 
74.373 107.854 5.523 21.836 4.083 
0.709 28.127 69.146 6.323 43.301 
23.506 75.727 107.216 23.235 5.082 
0.001 0.0 1.146 175.622 7.515 
1.008 16.374 345.03 1.09 1.964 
55.531 20.649 82.308 38.579 6.739 
109.888 0.353 5.817 32.431 3.285 
0.529 1.995 83.481 91.441 7.17 
0.0 0.0 0.688 205.689 34.859 
100.183 45.456 70.645 0.65 4.226 
1.141 45.263 0.013 6.638 100.873 
15.695 46.568 0.099 73.686 23.887 
0.756 48.121 54.339 6.661 18.559 
5.844 53.629 138.199 1.708 40.676 
24.44 96.228 50.166 2.739 2.23 
0.536 61.484 192.464 16.422 0.496 
0.156 0.18 58.265 113.903 11.721 
59.393 191.342 0.509 4.028 5.648 
0.048 0.104 246.868 0.559 10.525 
0.167 0.013 0.075 99.093 109.5 
0.786 12.766 269.002 58.561 1.843 
101.578 0.047 67.268 0.508 74.287 
0.129 0.307 0.181 145.707 18.547 
29.082 118.722 7.8 21.976 3.929 
0.131 8.322 167.784 11.373 31.689 
0.587 60.184 80.038 116.851 3.598 
13.352 74.706 0.345 12.642 36.953 
0.478 155.727 4.734 76.812 18.766 
27.924 14.069 75.078 51.288 3.28 
3.19 6.9 7.969 106.553 5.386 
142.277 20.415 0.498 18.98 28.77 
43.384 9.941 0.085 63.108 20.458 
10.898 32.335 135.85 2.871 84.613 
1.941 1.388 154.208 0.447 6.399 
0.464 1.013 0.614 29.933 35.296 
0.227 0.043 0.238 0.002 227.539 
88.709 6.836 106.219 12.387 9.104 
7.636 24.601 34.831 18.741 39.903 
0.21 24.049 159.098 11.832 2.507 
0.282 21.294 28.417 41.487 33.823 
0.308 0.14 0.186 246.08 8.745 
36.534 79.612 56.339 0.519 6.99 
63.633 0.205 42.256 116.73 4.341 
0.415 0.477 60.251 65.007 74.09 
15.993 2.829 90.981 26.729 7.265 
74.373 107.854 5.523 21.836 4.083 
27.82 39.882 0.265 9.719 27.858 
0.709 28.127 69.146 6.323 43.301 
28.981 107.627 0.278 2.195 24.42 
23.506 75.727 107.216 23.235 5.082 
7.828 0.025 110.22 3.316 3.219 
0.402 25.547 28.848 59.709 19.341 
0.001 0.0 1.146 175.622 7.515 
0.066 20.395 47.545 32.457 26.582 
0.078 0.17 0.103 136.465 27.917 
1.008 16.374 345.03 1.09 1.964 
10.632 0.819 12.73 92.935 4.979 
0.022 0.384 0.169 135.721 23.931 
12.88 47.833 0.582 0.983 28.961 
0.003 0.454 27.286 0.055 88.267 
55.531 20.649 82.308 38.579 6.739 
109.888 0.353 5.817 32.431 3.285 
0.529 1.995 83.481 91.441 7.17 
0.021 0.131 0.47 0.148 198.496 
0.0 0.0 0.688 205.689 34.859 
11.49 25.104 39.538 1.221 85.256 
0.001 0.0 0.0 0.672 122.168 
100.183 45.456 70.645 0.65 4.226 
62.353 0.201 41.406 114.383 8.822 
10.235 79.905 2.533 22.559 23.69 
1.295 0.481 8.586 0.166 85.889 
1.256 0.633 22.677 144.941 2.131 
12.942 27.997 73.193 50.0 7.095 
0.303 0.229 31.748 0.147 102.962 
4.623 6.628 34.916 2.979 20.402 
1.141 45.263 0.013 6.638 100.873 
5.553 1.14 102.316 25.47 49.18 
15.695 46.568 0.099 73.686 23.887 
2.356 0.021 7.469 2.213 96.489 
0.756 48.121 54.339 6.661 18.559 
0.0 0.0 1.698 260.015 1.813 
5.844 53.629 138.199 1.708 40.676 
0.0 0.002 0.0 0.928 168.729 
0.375 0.081 0.047 1.057 112.983 
3.955 0.681 92.026 43.169 61.32 
