0.003 0.007 0.001 9.984 334.42 
0.0 0.036 0.118 273.259 127.143 
0.29 0.001 0.992 0.116 253.518 
3.287 18.271 60.32 68.996 0.433 
0.02 0.149 0.17 0.004 162.462 
29.221 27.853 273.819 5.305 6.654 
5.542 230.427 114.461 0.834 1.131 
0.191 15.967 51.721 396.994 3.333 
0.001 0.001 0.008 23.961 371.607 
169.265 40.215 87.089 19.138 1.016 
5.542 230.427 114.461 0.834 1.131 
1.471 61.142 175.195 200.394 1.411 
0.206 144.245 8.421 2.451 6.167 
0.006 0.032 0.124 289.051 134.491 
0.191 15.967 51.721 396.994 3.333 
0.29 0.001 0.992 0.116 253.518 
1.771 4.431 223.495 55.913 9.767 
158.073 18.163 85.486 43.242 0.705 
1.81 9.235 35.358 271.396 2.279 
127.49 0.137 7.441 21.082 5.34 
29.221 27.853 273.819 5.305 6.654 
25.017 23.846 234.425 18.281 3.574 
48.307 120.846 82.051 0.987 10.19 
88.633 1.1 20.241 99.777 13.194 
41.595 0.045 142.137 0.883 4.248 
0.004 0.029 0.014 83.254 181.03 
0.003 0.007 0.001 9.984 334.42 
75.194 11.593 42.098 5.404 5.426 
119.474 44.706 9.572 2.786 7.009 
0.142 0.01 1.932 141.235 25.889 
39.043 97.669 90.493 25.587 10.214 
0.206 144.245 8.421 2.451 6.167 
0.001 0.001 0.008 23.961 371.607 
158.073 18.163 85.486 43.242 0.705 
97.403 11.192 52.676 135.899 0.687 
6.117 6.401 60.508 119.053 3.742 
0.005 0.039 0.037 179.918 63.523 
169.265 40.215 87.089 19.138 1.016 
0.004 0.001 0.017 38.842 216.368 
104.722 0.337 6.125 27.065 81.551 
55.713 1.538 28.289 72.082 41.705 
104.48 78.856 88.93 1.07 11.044 
3.564 96.32 0.221 6.46 28.196 
0.077 54.253 160.875 24.235 9.674 
0.003 0.007 0.007 15.613 242.313 
88.769 2.45 71.286 26.849 50.101 
0.077 54.253 160.875 24.235 9.674 
62.412 0.201 175.195 200.394 1.411 
0.363 20.188 99.335 195.448 3.748 
11.154 3.45 14.172 1.96 131.93 
2.658 110.509 11.479 30.934 54.905 
29.458 53.124 50.108 2.127 87.772 
2.658 110.509 11.479 30.934 54.905 
0.004 0.029 0.014 83.254 181.03 
0.004 0.001 0.017 38.842 216.368 
41.595 0.045 142.137 0.883 4.248 
18.443 33.26 31.372 7.106 58.712 
75.194 11.593 42.098 5.404 5.426 
10.624 4.821 0.9 0.064 156.149 
104.48 78.856 88.93 1.07 11.044 
25.017 23.846 234.425 18.281 3.574 
67.665 0.218 3.958 17.488 83.763 
119.474 44.706 9.572 2.786 7.009 
48.307 120.846 82.051 0.987 10.19 
0.099 69.205 45.874 28.585 5.809 
67.06 0.832 32.933 91.477 12.097 
35.516 7.293 86.902 19.476 45.627 
127.49 0.137 7.441 21.082 5.34 
29.458 53.124 50.108 2.127 87.772 
97.403 11.192 52.676 135.899 0.687 
0.363 20.188 99.335 195.448 3.748 
18.443 33.26 31.372 7.106 58.712 
0.099 69.205 45.874 28.585 5.809 
0.02 0.149 0.17 0.004 162.462 
55.713 1.538 28.289 72.082 41.705 
42.128 0.136 56.824 0.154 58.286 
3.647 1.946 10.634 4.271 114.111 
0.004 0.001 1.601 288.979 51.021 
0.395 21.943 107.971 40.359 1.642 
0.005 0.039 0.037 179.918 63.523 
1.771 4.431 223.495 55.913 9.767 
19.925 16.457 70.237 27.686 62.454 
88.633 1.1 20.241 99.777 13.194 
47.876 9.831 0.62 56.104 65.099 
0.0 0.036 0.118 273.259 127.143 
0.395 21.943 107.971 40.359 1.642 
101.327 0.326 5.926 103.419 2.501 
0.087 0.066 0.291 5.48 100.825 
101.327 0.326 5.926 103.419 2.501 
2.86 0.211 35.844 37.557 25.266 
0.586 1.116 70.304 117.39 3.004 
101.664 24.154 6.479 0.827 61.905 
22.414 18.512 79.009 4.34 57.791 
0.067 46.878 31.074 65.744 5.809 
47.876 9.831 0.62 56.104 65.099 
4.891 0.362 0.012 7.761 97.911 
3.623 0.744 13.552 29.214 74.497 
1.471 61.142 175.195 200.394 1.411 
36.472 7.489 59.107 5.269 28.665 
0.003 0.007 0.007 15.613 242.313 
