0.0 0.0 0.0 0.0 0.0 0.0 0.0 0.0 0.0 0.0 0.0 0.041 22.09 96.065 227.669 
0.001 0.045 0.103 0.004 0.002 0.186 0.434 0.11 102.165 2.004 17.366 137.904 1.431 56.735 1.825 
0.0 0.0 0.0 0.0 0.0 0.0 0.0 0.0 0.0 0.0 0.0 0.278 149.368 89.668 65.895 
0.0 0.0 0.0 0.0 0.0 0.0 0.0 0.0 0.0 0.0 20.124 9.071 0.474 33.746 174.89 
0.0 0.0 0.0 0.0 0.0 0.0 0.0 0.0 0.013 0.057 90.31 40.739 68.578 80.415 77.129 
0.13 0.053 1.707 0.233 0.683 12.362 36.823 55.504 4.828 3.826 35.064 38.934 59.752 36.95 28.33 
0.0 0.0 0.0 0.0 0.0 0.0 0.0 0.0 0.0 0.0 0.0 167.047 100.399 57.969 2.026 
0.003 0.004 0.064 0.142 0.074 0.018 1.376 12.463 0.635 0.503 131.046 27.283 2.963 26.109 18.976 
0.0 0.0 0.0 0.0 0.005 0.018 0.116 0.68 13.284 56.9 26.883 8.945 55.874 64.334 62.515 
0.0 0.0 0.0 0.0 0.0 0.0 0.0 0.0 0.0 0.0 0.0 0.041 22.09 96.065 227.669 
0.0 0.0 0.0 0.004 0.001 0.007 0.009 0.242 30.452 29.974 30.226 102.415 3.41 128.131 39.318 
0.0 0.0 0.0 0.001 0.004 0.23 0.106 5.426 0.432 275.039 2.855 28.102 43.132 16.349 7.802 
0.001 0.045 0.103 0.004 0.002 0.186 0.434 0.11 102.165 2.004 17.366 137.904 1.431 56.735 1.825 
0.003 0.002 0.044 0.008 0.004 0.265 1.464 15.872 33.383 1.739 20.764 41.832 26.984 5.521 14.606 
0.0 0.0 0.0 0.0 0.001 0.008 0.071 0.085 0.07 48.64 25.639 137.722 2.517 136.148 6.444 
0.0 0.0 0.0 0.0 0.0 0.0 0.0 0.0 0.0 0.0 0.0 0.278 149.368 89.668 65.895 
0.0 0.0 0.0 0.0 0.0 0.0 0.001 0.002 0.007 0.037 0.257 93.084 48.843 17.418 43.959 
0.0 0.0 0.0 0.0 0.0 0.0 0.0 0.0 0.044 0.043 112.235 50.629 32.484 77.276 1.698 
0.0 0.0 0.0 0.001 0.0 0.0 0.058 0.006 0.007 0.348 1.615 148.312 47.245 119.641 8.038 
0.008 0.003 0.111 0.015 0.009 0.648 1.929 2.908 0.253 0.2 52.179 26.262 55.176 20.657 15.838 
0.0 0.0 0.0 0.0 0.0 0.0 0.0 0.0 0.0 0.0 0.0 0.001 0.053 0.055 94.611 
0.0 0.0 0.0 0.0 0.0 0.0 0.0 0.0 0.0 0.0 0.0 0.0 0.57 279.41 62.854 
0.0 0.0 0.0 0.0 0.0 0.0 0.0 0.0 0.001 0.001 0.032 0.034 40.311 73.738 61.369 
0.0 0.0 0.0 0.0 0.0 0.0 0.0 0.0 0.0 0.0 0.0 0.001 0.016 0.15 383.56 
0.0 0.0 0.0 0.0 0.0 0.0 0.006 0.002 0.041 0.687 54.32 1.611 29.638 75.273 1.383 
0.0 0.0 0.0 0.0 0.0 0.0 0.002 0.0 1.336 5.723 39.061 30.293 393.045 4.062 17.678 
0.048 0.053 0.017 0.008 0.044 0.01 0.814 7.366 0.375 0.298 77.451 16.125 1.751 15.431 11.215 
0.0 0.0 0.0 0.0 0.0 0.0 0.0 0.0 0.0 0.0 0.017 0.048 0.209 0.111 335.094 
0.0 0.0 0.0 0.0 0.005 0.019 0.12 0.703 13.734 58.828 27.794 45.616 76.789 88.414 1.714 
0.0 0.0 0.0 0.0 0.0 0.0 0.0 0.0 0.0 0.0 0.0 0.12 64.567 280.792 87.242 
0.0 0.0 0.0 0.0 0.0 0.0 0.0 0.0 0.0 0.0 20.124 9.071 0.474 33.746 174.89 
0.0 0.0 0.0 0.0 0.001 0.001 0.027 0.101 0.01 1.404 32.674 54.66 8.47 100.99 3.032 
0.0 0.0 0.0 0.003 0.001 0.006 0.009 0.228 28.722 28.271 28.509 96.597 3.216 120.853 37.085 
0.006 0.005 0.003 0.006 0.031 0.014 0.07 0.028 0.078 1.13 33.299 216.514 4.287 5.549 1.625 
0.0 0.0 0.0 0.0 0.0 0.0 0.0 0.002 0.003 0.022 35.557 16.04 27.0 270.605 7.12 
0.009 0.011 0.054 0.051 0.039 0.468 2.156 0.464 0.243 14.941 3.829 45.089 346.436 3.58 15.582 
0.0 0.0 0.0 0.0 0.0 0.0 0.0 0.009 5.446 242.051 7.433 53.995 42.682 16.178 7.721 
0.0 0.0 0.0 0.0 0.001 0.0 0.065 0.585 0.0 29.407 21.239 23.206 76.588 23.45 5.196 
0.0 0.0 0.0 0.0 0.0 0.001 0.0 0.002 0.001 0.986 0.52 2.791 0.051 164.022 101.431 
0.002 0.088 0.016 0.242 0.071 0.026 0.294 0.163 0.962 0.858 4.242 77.452 0.464 57.664 27.855 
0.001 0.028 0.022 0.001 0.001 0.064 0.148 0.038 34.986 0.686 5.947 47.224 53.578 30.935 0.995 
0.0 0.0 0.001 0.001 0.0 0.0 0.003 0.001 0.629 0.371 26.722 173.169 8.332 45.35 27.918 
0.0 0.0 0.0 0.0 0.001 0.0 0.001 0.007 0.0 0.015 0.138 263.056 4.493 10.986 33.73 
0.0 0.001 0.0 0.002 0.001 0.002 0.041 0.001 0.051 0.058 0.632 8.777 0.279 153.757 30.809 
0.0 0.0 0.0 0.0 0.0 0.003 0.013 0.147 0.027 0.468 0.346 1.858 124.842 149.522 8.254 
0.0 0.0 0.0 0.0 0.0 0.0 0.0 0.0 0.0 0.0 0.421 19.409 62.53 95.51 6.64 
0.0 0.0 0.0 0.0 0.0 0.0 0.0 0.0 0.005 0.011 0.344 0.634 0.933 282.203 2.431 
0.0 0.0 0.002 0.0 0.003 0.006 0.057 0.54 16.382 8.815 5.362 9.18 14.218 37.868 13.253 
0.0 0.0 0.0 0.002 0.36 0.354 1.402 7.516 2.83 49.889 15.94 125.068 28.096 31.659 4.033 
0.0 0.0 0.0 0.0 0.0 0.0 0.009 0.082 0.103 40.506 21.351 20.903 0.984 171.708 3.439 
0.0 0.0 0.0 0.0 0.0 0.0 0.002 0.003 0.002 1.473 0.777 4.172 0.076 340.506 10.331 
0.0 0.0 0.0 0.0 0.0 0.0 0.0 0.0 0.0 0.0 0.0 0.03 208.458 30.827 65.895 
0.0 0.0 0.0 0.004 0.0 0.001 0.002 0.002 0.011 0.001 2.485 201.144 0.782 123.782 8.615 
0.0 0.0 0.0 0.0 0.0 0.0 0.008 0.001 0.12 0.04 0.035 92.31 2.775 55.156 3.949 
0.0 0.0 0.0 0.012 0.019 0.135 0.11 0.155 5.282 0.155 1.219 78.808 1.466 25.282 22.012 
0.041 0.045 0.806 0.071 0.07 0.064 2.958 3.946 2.32 0.352 91.518 3.219 1.111 96.163 18.976 
0.193 0.172 0.99 0.592 4.67 1.374 2.422 2.964 26.923 23.552 5.731 10.954 40.071 38.535 2.287 
0.0 0.0 0.0 0.0 0.0 0.001 0.001 0.126 0.743 0.512 20.715 30.455 224.975 6.693 7.46 
0.001 0.006 0.003 0.003 0.0 0.015 0.0 0.021 2.284 0.267 0.534 16.264 82.029 169.206 7.103 
0.0 0.0 0.0 0.0 0.0 0.0 0.0 0.0 0.0 0.001 0.014 3.727 14.001 163.34 49.861 
0.0 0.0 0.0 0.0 0.0 0.0 0.0 0.0 0.011 0.053 3.811 149.512 69.81 64.601 34.832 
0.518 0.463 0.635 0.706 0.602 0.806 1.266 1.042 2.901 8.723 1.961 122.556 2.427 3.141 0.92 
0.0 0.0 0.0 0.0 0.0 0.0 0.0 0.0 0.013 0.057 90.31 40.739 68.578 80.415 77.129 
0.0 0.0 0.0 0.0 0.0 0.0 0.0 0.0 0.028 0.136 0.661 252.851 50.57 37.259 2.127 
0.0 0.001 0.005 0.009 0.001 0.004 0.175 0.018 0.023 0.23 1.787 164.142 2.682 120.362 7.334 
0.0 0.0 0.0 0.0 0.0 0.001 0.0 0.002 0.11 0.153 2.589 7.556 17.244 84.196 84.787 
0.0 0.0 0.0 0.0 0.0 0.0 0.003 0.036 8.72 39.079 30.893 1.066 152.147 14.162 18.633 
0.0 0.0 0.0 0.0 0.0 0.0 0.0 0.0 0.007 0.007 0.341 4.631 8.352 251.755 3.267 
0.064 0.027 0.1 0.084 0.222 0.023 0.158 0.959 1.19 13.458 5.882 138.438 2.741 3.548 32.273 
0.0 0.0 0.0 0.001 0.0 0.002 0.06 0.016 0.145 0.099 37.532 66.804 180.515 9.69 2.523 
0.0 0.0 0.0 0.006 0.0 0.002 0.001 0.002 0.089 0.148 3.021 127.317 88.103 88.799 8.071 
0.0 0.001 0.002 0.002 0.0 0.0 0.024 0.008 0.078 0.527 14.407 17.376 0.675 100.768 5.351 
0.003 0.003 0.015 0.007 0.09 0.002 0.928 3.04 2.124 5.256 0.318 33.673 188.373 0.237 6.969 
0.0 0.0 0.002 0.0 0.102 0.556 0.321 8.302 1.504 56.443 35.268 189.448 0.791 8.183 26.386 
0.0 0.0 0.001 0.0 0.0 0.001 0.009 0.01 0.0 1.289 0.511 0.965 0.708 197.772 48.728 
0.0 0.0 0.0 0.0 0.0 0.0 0.0 0.0 0.0 0.0 0.046 0.021 0.001 0.078 301.64 
0.002 0.0 0.004 0.004 0.001 0.043 0.244 0.318 0.07 7.66 2.622 121.998 69.544 29.944 38.891 
0.0 0.0 0.002 0.002 0.001 0.0 0.008 0.002 5.433 10.14 3.237 38.121 315.848 3.226 14.038 
0.13 0.053 1.707 0.233 0.683 12.362 36.823 55.504 4.828 3.826 35.064 38.934 59.752 36.95 28.33 
0.0 0.0 0.001 0.0 0.002 0.0 0.02 0.044 0.286 2.743 3.191 45.539 167.165 11.898 3.887 
0.0 0.0 0.0 0.0 0.0 0.0 0.0 0.0 0.0 0.0 0.0 0.001 0.053 0.055 94.611 
0.0 0.0 0.001 0.003 0.003 0.001 0.058 0.328 0.158 0.951 2.439 2.38 36.987 227.986 5.695 
0.0 0.0 0.0 0.0 0.003 0.001 0.006 0.012 0.024 0.0 0.009 0.215 0.33 294.338 66.213 
0.0 0.0 0.0 0.0 0.0 0.0 0.001 0.001 0.0 0.003 0.068 0.006 296.719 43.885 41.232 
0.065 0.021 0.045 0.067 0.008 0.881 2.121 5.112 6.759 8.812 8.484 14.593 153.796 4.3 20.253 
0.001 0.001 0.005 0.002 0.042 0.055 0.05 0.007 0.007 1.951 0.446 51.33 90.789 83.453 1.952 
0.0 0.0 0.0 0.0 0.0 0.0 0.0 0.0 0.044 0.599 14.435 26.609 39.174 147.666 4.655 
0.0 0.0 0.0 0.0 0.0 0.0 0.0 0.0 0.011 0.012 0.005 0.029 33.95 80.109 61.369 
0.0 0.0 0.0 0.0 0.019 0.02 0.097 0.355 0.444 0.484 1.94 115.643 41.934 20.742 58.58 
0.001 0.001 0.001 0.615 1.483 0.58 0.483 24.692 2.085 17.498 12.435 27.204 1.486 45.656 86.294 
0.001 0.0 0.0 0.001 0.001 0.0 0.0 0.005 0.018 0.218 0.23 13.77 109.925 43.016 3.405 
0.0 0.0 0.0 0.0 0.0 0.0 0.003 0.034 0.176 0.022 0.017 1.359 26.24 247.962 2.36 
0.003 0.001 0.006 0.001 0.043 0.365 0.106 0.484 0.001 9.4 1.18 13.381 0.014 76.058 3.035 
0.0 0.0 0.0 0.0 0.0 0.001 0.002 0.0 0.002 0.004 0.362 1.452 8.971 103.514 25.103 
0.0 0.0 0.0 0.0 0.0 0.0 0.0 0.0 0.002 0.029 0.969 0.223 6.503 228.467 3.948 
0.001 0.0 0.001 0.0 0.097 0.012 0.304 1.204 0.105 8.308 0.989 0.031 45.804 26.731 23.128 
0.0 0.0 0.0 0.0 0.0 0.0 0.0 0.001 0.097 20.441 10.775 5.177 21.421 118.466 5.251 
0.0 0.0 0.0 0.0 0.0 0.002 0.03 0.283 0.061 8.771 22.552 18.789 159.198 21.382 63.624 
0.0 0.0 0.0 0.001 0.042 0.052 0.477 0.853 3.912 8.439 46.976 0.166 31.861 112.387 2.791 
0.0 0.0 0.0 0.0 0.0 0.0 0.0 0.0 0.0 0.0 0.001 0.0 0.026 0.024 116.573 
