7.489 2.699 0.0 20.179 102.768 
2.157 6.471 3.093 126.879 36.158 
0.0 0.0 0.0 0.0 79.967 
0.0 0.0 0.0 37.733 24.424 
0.0 0.0 0.0 0.0 134.66 
0.0 0.0 0.0 0.0 124.095 
0.0 0.0 0.0 0.0 81.918 
0.0 11.121 6.129 10.554 58.814 
0.0 0.0 0.0 16.094 147.313 
0.0 0.0 0.0 0.0 146.996 
0.0 0.0 0.0 0.0 125.347 
0.44 2.922 1.081 17.461 118.061 
0.006 0.19 0.157 31.117 22.764 
2.884 18.646 22.733 48.669 52.29 
0.067 0.027 0.071 1.976 118.14 
0.0 0.0 0.0 0.0 158.359 
0.0 0.0 0.0 34.702 39.933 
0.475 0.565 0.965 10.882 109.539 
0.0 0.0 0.0 0.0 131.273 
0.0 0.0 0.0 64.279 13.967 
0.0 0.0 0.0 24.578 166.385 
0.0 0.0 0.0 0.0 128.095 
0.0 0.0 0.0 0.0 195.532 
0.0 0.0 0.0 0.0 102.931 
0.002 0.007 0.0 16.839 120.698 
0.0 0.0 0.0 103.858 35.545 
0.0 0.0 21.642 113.479 10.56 
0.0 0.0 0.0 59.808 117.002 
9.683 0.0 11.482 97.823 58.763 
5.354 0.245 5.033 16.703 110.557 
0.381 0.427 0.099 14.623 35.41 
0.0 0.0 0.0 3.533 144.503 
0.0 0.0 0.0 0.0 159.167 
0.0 0.0 0.0 0.0 142.843 
0.0 0.0 0.0 0.0 121.911 
0.0 3.317 8.126 118.776 8.491 
0.378 0.401 1.445 17.852 71.391 
0.0 0.0 0.0 8.432 133.181 
0.736 0.265 0.0 0.962 167.02 
0.0 0.0 0.0 0.0 141.406 
0.0 0.0 0.0 0.0 149.399 
0.0 7.83 1.572 0.0 94.534 
0.0 0.0 0.0 0.0 291.109 
0.0 0.0 0.0 0.0 74.963 
0.0 0.0 0.0 94.03 16.883 
0.0 0.0 0.0 56.223 86.105 
2.183 2.424 0.564 5.519 259.635 
0.0 0.0 0.0 2.383 72.496 
0.0 0.0 0.0 15.113 47.673 
0.0 0.0 6.084 10.149 154.083 
1.349 2.146 10.056 16.472 58.231 
0.0 0.094 0.277 0.493 172.79 
0.0 0.0 0.0 17.645 63.773 
0.0 0.0 0.578 2.695 51.692 
0.0 0.0 0.0 3.699 127.739 
0.0 0.595 1.489 22.774 194.584 
0.0 0.0 0.0 0.0 291.978 
0.0 0.0 0.0 31.097 23.479 
2.914 1.173 16.957 192.886 0.0 
0.0 0.0 0.0 0.0 165.708 
0.0 0.0 0.0 0.0 55.526 
0.0 0.0 0.0 0.0 129.097 
0.0 12.456 40.547 74.77 45.785 
0.0 0.0 0.0 0.0 135.006 
0.0 0.0 0.0 0.0 147.894 
0.296 0.791 2.111 10.392 20.655 
14.852 0.0 11.161 0.0 54.256 
0.0 0.0 0.0 0.0 228.402 
0.0 0.0 0.0 70.777 30.524 
0.031 2.336 8.3 0.0 50.326 
0.0 0.0 0.0 19.469 42.143 
1.002 2.305 0.029 7.543 85.146 
0.0 0.0 0.0 3.344 136.763 
0.0 0.0 0.0 0.0 71.98 
0.0 0.0 0.0 0.0 65.452 
0.086 0.902 1.286 7.054 38.834 
0.358 5.099 74.906 36.317 61.219 
0.205 0.214 0.421 3.235 54.267 
0.015 0.03 0.489 0.166 75.982 
0.0 0.0 0.0 4.573 38.87 
0.0 5.356 2.907 15.065 97.125 
0.0 0.0 0.0 39.648 123.403 
5.522 0.0 5.249 92.659 57.031 
0.0 0.0 0.0 9.146 71.451 
0.0 0.0 0.0 0.0 89.137 
0.0 0.0 36.142 16.875 30.474 
1.606 9.785 0.859 75.618 97.793 
0.383 2.478 5.864 1.102 189.966 
0.649 0.085 0.291 3.729 125.908 
0.0 8.683 0.141 6.355 85.506 
0.0 0.0 0.0 21.855 63.425 
0.0 0.0 26.893 26.248 0.0 
1.519 0.748 29.056 98.436 13.273 
0.0 9.199 9.979 138.685 73.046 
0.508 0.88 0.012 41.779 53.418 
0.0 0.0 0.0 0.0 116.792 
0.0 0.0 0.0 0.0 115.797 
1.167 0.0 11.436 28.279 78.795 
0.0 0.0 0.0 0.0 133.611 
0.0 0.0 0.0 0.0 66.622 
