0.734 128.686 1.005 0.012 0.251 
24.458 2.624 0.259 0.003 16.087 
0.229 71.328 0.001 0.04 66.903 
171.734 17.584 0.017 11.589 0.419 
166.316 34.151 0.02 0.939 2.695 
116.743 13.137 1.009 12.293 0.747 
0.121 0.033 13.21 58.908 0.151 
23.751 2.673 0.205 33.581 0.314 
0.002 0.283 24.414 108.872 0.279 
57.077 15.361 2.481 0.007 3.239 
0.797 90.588 0.71 0.009 49.995 
43.407 58.731 31.226 52.074 0.193 
5.657 51.916 0.011 47.214 3.715 
0.076 56.739 32.365 0.01 0.844 
27.053 100.467 1.222 7.881 0.285 
0.002 0.006 0.0 78.191 55.284 
183.292 37.637 1.716 0.315 0.465 
0.014 0.218 221.129 13.55 0.49 
39.24 145.725 0.019 0.867 6.588 
4.557 16.922 8.15 1.089 34.292 
109.344 13.933 0.023 0.174 14.821 
2.235 13.593 4.839 37.505 0.211 
0.0 0.008 2.766 0.002 51.504 
0.006 4.273 8.908 19.406 0.533 
0.0 0.0 0.0 0.216 286.766 
0.002 0.013 0.0 0.001 85.91 
0.302 0.039 120.126 17.226 0.287 
53.437 2.001 1.899 10.164 33.594 
31.294 29.171 0.387 1.85 0.968 
0.0 0.002 0.0 126.414 52.48 
0.734 128.686 1.005 0.012 0.251 
24.458 2.624 0.259 0.003 16.087 
0.229 71.328 0.001 0.04 66.903 
171.734 17.584 0.017 11.589 0.419 
0.952 97.551 0.018 50.254 17.858 
166.316 34.151 0.02 0.939 2.695 
7.5 27.852 13.413 1.792 0.295 
0.191 19.567 105.793 0.177 0.652 
116.743 13.137 1.009 12.293 0.747 
17.281 149.79 0.031 0.201 4.727 
0.121 0.033 13.21 58.908 0.151 
0.23 26.15 0.904 0.003 9.827 
0.003 0.024 0.002 0.001 223.322 
0.04 0.072 172.055 0.006 3.354 
23.751 2.673 0.205 33.581 0.314 
0.0 0.073 69.871 0.162 33.741 
0.023 0.001 0.0 218.82 7.757 
0.002 0.283 24.414 108.872 0.279 
57.077 15.361 2.481 0.007 3.239 
7.256 13.238 95.794 0.011 4.122 
0.797 90.588 0.71 0.009 49.995 
0.0 0.0 0.002 126.544 0.656 
43.407 58.731 31.226 52.074 0.193 
5.657 51.916 0.011 47.214 3.715 
19.957 165.315 0.006 0.522 5.25 
0.076 56.739 32.365 0.01 0.844 
0.014 34.482 101.909 0.013 5.897 
0.0 0.0 0.0 0.155 213.717 
0.199 62.133 0.597 0.016 7.556 
0.43 0.582 31.55 0.018 0.635 
27.053 100.467 1.222 7.881 0.285 
0.002 0.006 0.0 78.191 55.284 
0.036 0.005 0.0 145.241 2.83 
1.082 110.94 0.021 47.277 19.124 
183.292 37.637 1.716 0.315 0.465 
0.002 0.0 0.0 84.254 12.384 
13.895 2.853 34.864 0.002 1.788 
0.371 2.079 165.505 0.014 1.566 
0.0 0.006 0.003 89.66 28.849 
0.014 0.218 221.129 13.55 0.49 
39.24 145.725 0.019 0.867 6.588 
0.027 29.829 0.286 0.324 14.662 
4.557 16.922 8.15 1.089 34.292 
0.0 0.001 34.25 16.327 0.985 
0.447 0.605 5.63 90.567 0.504 
109.344 13.933 0.023 0.174 14.821 
0.0 0.041 0.0 185.506 3.037 
2.235 13.593 4.839 37.505 0.211 
0.0 0.0 0.0 127.948 23.167 
0.0 0.008 2.766 0.002 51.504 
0.006 4.273 8.908 19.406 0.533 
0.448 50.969 1.761 0.005 2.299 
0.114 0.279 0.0 101.285 3.604 
0.0 0.004 0.012 0.001 121.243 
0.0 0.0 0.0 0.216 286.766 
0.002 0.013 0.0 0.001 85.91 
0.0 0.0 0.015 177.382 1.425 
0.302 0.039 120.126 17.226 0.287 
0.001 0.005 0.001 93.275 0.339 
0.039 0.072 170.545 0.017 3.325 
0.032 0.004 0.0 0.046 108.283 
0.0 0.0 0.0 0.049 165.173 
0.022 0.05 69.223 0.745 33.709 
0.02 0.004 0.0 218.82 7.757 
53.437 2.001 1.899 10.164 33.594 
0.0 0.0 0.0 0.095 154.256 
0.003 0.34 0.0 133.172 15.1 
31.294 29.171 0.387 1.85 0.968 
0.0 0.002 0.0 126.414 52.48 
0.047 0.059 0.012 0.0 155.623 
