0.001 0.0 0.008 0.0 260.696 
239.459 53.36 0.099 1.999 0.015 
0.001 0.002 0.0 0.0 291.811 
12.258 312.53 1.784 0.105 44.884 
15.062 6.735 26.265 4.151 0.001 
0.0 0.0 0.0 0.015 218.13 
0.019 0.159 0.0 188.249 1.268 
0.0 0.0 0.0 0.017 59.006 
0.001 0.0 269.841 0.101 6.19 
12.258 312.53 1.784 0.105 44.884 
62.91 143.517 17.747 0.002 0.617 
12.493 12.535 0.005 124.362 0.4 
0.019 0.159 0.0 188.249 1.268 
4.155 42.682 3.65 51.505 1.559 
129.71 28.904 135.66 2.008 0.015 
129.71 28.904 135.66 2.008 0.015 
0.001 0.0 187.718 4.41 0.009 
0.844 21.507 26.932 83.976 0.007 
0.0 0.0 0.008 0.01 112.007 
0.0 0.0 0.0 0.017 59.006 
206.934 92.524 0.668 0.003 4.916 
170.863 53.332 0.319 1.124 0.061 
206.934 92.524 0.668 0.003 4.916 
0.034 0.009 0.007 0.0 170.531 
0.001 0.0 0.001 0.005 211.483 
239.459 53.36 0.099 1.999 0.015 
170.863 53.332 0.319 1.124 0.061 
99.266 0.919 0.142 0.676 11.828 
65.247 29.173 1.774 7.613 0.002 
2.616 66.709 83.537 0.057 9.116 
82.812 3.729 121.603 0.282 0.059 
0.251 22.51 2.249 40.416 23.005 
146.823 41.536 40.152 0.003 0.628 
62.91 143.517 17.747 0.002 0.617 
146.823 41.536 40.152 0.003 0.628 
1.183 0.054 241.197 1.654 0.012 
0.001 0.0 269.841 0.101 6.19 
0.001 0.002 0.0 0.0 291.811 
0.001 0.0 0.008 0.0 260.696 
1.989 94.433 30.908 0.359 3.715 
0.0 0.0 93.765 16.637 0.031 
1.378 123.403 8.971 0.377 0.007 
32.907 2.012 0.021 21.562 50.551 
0.0 0.0 0.041 0.0 140.581 
0.0 0.0 0.008 0.01 112.007 
0.0 0.0 118.802 0.335 0.034 
0.031 0.0 0.01 0.001 143.978 
0.034 0.009 0.007 0.0 170.531 
12.099 5.556 224.406 0.09 14.436 
82.812 3.729 121.603 0.282 0.059 
0.0 0.001 200.739 1.005 0.054 
50.025 22.367 0.046 0.047 17.566 
2.819 6.022 25.295 42.658 52.038 
1.378 123.403 8.971 0.377 0.007 
0.002 0.0 62.849 0.429 0.717 
99.266 0.919 0.142 0.676 11.828 
12.493 12.535 0.005 124.362 0.4 
2.616 66.709 83.537 0.057 9.116 
0.0 0.011 0.008 111.838 0.308 
12.099 5.556 224.406 0.09 14.436 
24.141 55.072 27.184 0.074 0.716 
0.241 76.998 12.952 24.602 0.006 
17.755 1.022 238.669 0.096 5.905 
4.155 42.682 3.65 51.505 1.559 
129.847 0.683 41.842 4.05 0.009 
32.907 2.012 0.021 21.562 50.551 
19.356 19.422 0.005 104.099 0.007 
1.465 0.014 0.018 99.45 0.005 
0.0 0.013 0.001 89.074 1.459 
5.881 0.054 32.633 27.982 0.003 
0.007 0.014 0.016 0.0 233.486 
0.0 0.0 0.0 0.015 218.13 
1.021 91.496 15.515 10.233 0.006 
0.002 0.0 0.006 0.0 240.134 
0.0 0.0 0.0 0.018 254.783 
54.016 54.2 0.154 0.73 12.776 
0.251 22.51 2.249 40.416 23.005 
1.229 0.011 50.574 0.146 0.14 
1.021 91.496 15.515 10.233 0.006 
0.002 0.0 62.849 0.429 0.717 
136.557 0.718 0.076 0.937 0.931 
0.0 0.011 0.008 111.838 0.308 
0.241 76.998 12.952 24.602 0.006 
2.819 6.022 25.295 42.658 52.038 
11.449 5.348 20.24 26.87 0.003 
0.0 0.0 93.765 16.637 0.031 
1.91 82.716 27.127 0.315 6.681 
51.866 13.182 4.676 0.094 10.821 
6.431 5.191 0.007 18.793 5.819 
0.001 0.0 187.718 4.41 0.009 
18.207 4.057 26.829 35.618 0.004 
13.927 0.215 5.869 32.339 0.144 
14.003 0.631 192.92 0.281 0.059 
1.229 0.011 50.574 0.146 0.14 
19.356 19.422 0.005 104.099 0.007 
0.001 0.001 91.279 0.615 12.626 
0.844 21.507 26.932 83.976 0.007 
65.247 29.173 1.774 7.613 0.002 
136.557 0.718 0.076 0.937 0.931 
0.0 0.001 200.739 1.005 0.054 
