0.0 0.686 0.065 356.013 8.24 
0.0 0.001 0.0 2.029 295.873 
200.817 58.236 29.727 0.814 1.357 
1.452 0.994 429.131 1.217 3.697 
0.0 0.0 0.033 181.469 10.344 
0.705 247.531 0.202 20.685 1.962 
11.452 0.23 0.006 89.888 0.046 
0.0 0.016 0.007 0.004 123.572 
0.005 0.001 2.494 0.007 365.366 
18.606 155.831 3.66 28.551 4.773 
0.705 247.531 0.202 20.685 1.962 
0.054 0.016 27.465 0.078 245.11 
0.0 0.016 0.007 0.004 123.572 
0.0 0.528 0.175 333.286 7.714 
0.0 0.209 0.28 231.545 5.359 
103.356 12.907 0.095 0.055 30.462 
152.515 2.064 3.244 1.688 3.684 
1.452 0.994 429.131 1.217 3.697 
0.995 0.915 335.185 28.066 2.662 
0.995 0.915 335.185 28.066 2.662 
2.827 0.146 246.39 0.703 0.356 
38.543 71.317 75.309 0.522 0.12 
5.209 0.109 53.232 145.894 0.958 
0.541 0.003 215.008 0.608 56.562 
0.054 0.016 27.465 0.078 245.11 
0.559 102.598 0.535 81.2 0.369 
0.014 5.057 169.177 14.508 1.376 
0.0 0.001 0.0 2.359 343.967 
0.0 0.001 0.0 2.029 295.873 
189.569 30.723 0.179 41.982 1.813 
169.51 1.903 0.139 12.893 110.055 
0.446 0.072 115.911 3.946 92.157 
25.779 58.811 145.408 0.32 3.564 
103.356 12.907 0.095 0.055 30.462 
86.658 1.743 29.315 18.871 0.48 
38.543 71.317 75.309 0.522 0.12 
0.205 122.613 40.728 0.328 0.106 
14.99 42.682 0.047 42.505 26.226 
0.106 104.266 34.611 10.445 3.451 
200.817 58.236 29.727 0.814 1.357 
71.762 8.962 0.066 11.251 24.084 
52.025 0.704 36.146 0.951 59.016 
190.044 19.543 1.624 0.596 1.576 
2.679 48.19 44.264 27.527 23.968 
0.8 146.99 0.457 116.091 0.528 
0.0 0.0 0.033 181.469 10.344 
83.415 25.254 0.088 0.307 28.539 
25.779 58.811 145.408 0.32 3.564 
17.254 12.362 0.024 7.889 109.856 
0.0 0.528 0.175 333.286 7.714 
0.0 0.686 0.065 356.013 8.24 
53.911 142.435 22.531 0.617 1.028 
0.541 0.003 215.008 0.608 56.562 
59.616 18.839 127.641 0.581 3.198 
59.616 18.839 127.641 0.581 3.198 
0.311 0.004 240.122 29.609 6.237 
11.452 0.23 0.006 89.888 0.046 
1.209 0.011 92.623 0.042 94.093 
0.041 40.099 13.311 58.128 2.577 
1.673 0.035 0.036 193.313 0.127 
0.088 0.002 0.051 212.123 4.902 
0.041 40.099 13.311 58.128 2.577 
4.716 1.925 71.37 105.384 0.459 
53.911 142.435 22.531 0.617 1.028 
52.066 1.212 28.555 0.231 77.039 
189.986 130.079 0.26 0.903 2.744 
163.282 26.463 0.326 0.339 1.388 
18.629 63.236 87.931 28.067 0.153 
2.971 1.213 73.457 104.883 1.331 
86.481 66.729 50.807 32.706 0.832 
84.49 1.766 1.81 72.961 0.104 
18.606 155.831 3.66 28.551 4.773 
75.336 16.572 51.657 10.789 1.497 
0.541 0.005 41.437 0.058 42.134 
0.0 0.001 0.0 74.781 94.829 
158.696 25.719 25.894 40.047 1.73 
0.014 5.057 169.177 14.508 1.376 
0.807 0.08 155.614 129.657 6.609 
74.525 62.212 0.111 10.22 73.369 
0.0 0.0 0.488 231.22 5.351 
0.089 0.195 0.174 217.051 0.141 
10.003 38.745 27.399 1.712 3.643 
1.895 0.616 19.879 141.324 2.949 
1.808 1.562 17.212 129.912 2.711 
0.005 0.001 2.4 0.007 351.668 
0.005 0.001 2.494 0.007 365.366 
0.446 0.072 115.911 3.946 92.157 
169.51 1.903 0.139 12.893 110.055 
0.807 0.08 155.614 129.657 6.609 
158.696 25.719 25.894 40.047 1.73 
86.481 66.729 50.807 32.706 0.832 
0.559 102.598 0.535 81.2 0.369 
2.679 48.19 44.264 27.527 23.968 
1.673 0.035 0.036 193.313 0.127 
14.99 42.682 0.047 42.505 26.226 
71.762 8.962 0.066 11.251 24.084 
0.001 0.033 0.024 24.286 30.869 
0.194 35.721 11.91 7.667 64.471 
189.986 130.079 0.26 0.903 2.744 
0.336 0.241 0.0 38.374 114.02 
