0.043 0.05 0.0 36.231 115.361 
44.034 30.277 0.625 1.751 2.622 
0.198 0.667 0.001 336.626 8.878 
0.022 0.006 0.122 0.37 414.708 
8.945 9.423 235.759 12.53 1.104 
1.13 139.394 94.889 5.869 1.527 
0.0 0.0 1.139 174.393 7.092 
0.295 3.527 57.991 42.14 0.43 
0.0 0.0 1.304 199.621 8.118 
0.082 0.076 0.057 0.003 262.243 
28.189 93.453 31.046 3.807 0.991 
28.189 93.453 31.046 3.807 0.991 
8.945 9.423 235.759 12.53 1.104 
1.13 139.394 94.889 5.869 1.527 
44.034 30.277 0.625 1.751 2.622 
9.994 7.146 0.918 11.83 51.466 
20.686 2.633 23.723 0.077 20.936 
0.047 0.002 0.101 244.76 101.67 
0.198 0.667 0.001 336.626 8.878 
0.002 0.022 0.106 0.32 358.83 
0.012 0.001 0.202 0.003 262.243 
20.686 2.633 23.723 0.077 20.936 
0.295 3.527 57.991 42.14 0.43 
7.03 21.482 7.496 5.499 17.231 
3.329 10.171 3.549 2.604 18.139 
0.201 0.364 0.001 219.914 38.712 
1.475 1.055 5.962 105.266 2.336 
0.0 0.0 0.001 1.267 229.916 
0.078 0.023 0.037 0.018 187.231 
0.001 0.011 0.183 75.779 12.518 
7.03 21.482 7.496 5.499 17.231 
8.888 27.159 9.477 0.158 9.486 
8.888 27.159 9.477 0.158 9.486 
1.675 5.117 38.628 0.385 1.205 
0.047 0.002 0.101 244.76 101.67 
0.0 0.0 0.305 46.684 80.912 
0.004 0.0 0.062 128.037 128.997 
0.477 0.118 0.001 107.337 21.228 
9.994 7.146 0.918 11.83 51.466 
0.015 0.004 0.085 1.122 387.143 
0.021 0.255 54.2 0.089 5.223 
2.149 1.537 1.132 59.72 1.325 
0.002 0.022 0.106 0.32 358.83 
0.001 0.019 0.085 1.122 387.143 
0.022 0.006 0.122 0.37 414.708 
0.201 0.364 0.001 219.914 38.712 
0.0 0.0 1.304 199.621 8.118 
0.061 0.225 0.003 153.952 7.102 
0.001 0.011 0.183 75.779 12.518 
0.004 0.02 0.366 151.696 4.206 
1.675 5.117 38.628 0.385 1.205 
0.078 0.023 0.037 0.018 187.231 
0.0 0.001 0.13 3.801 167.491 
0.165 0.021 0.189 136.26 0.565 
0.0 0.0 0.359 54.99 97.076 
0.068 0.064 0.048 0.024 244.398 
0.0 0.0 0.305 46.684 80.912 
0.001 0.053 0.008 0.769 162.3 
0.282 0.263 0.083 0.176 145.678 
0.003 0.002 1.047 189.224 0.787 
0.002 0.026 0.427 176.547 0.733 
2.702 8.258 2.37 11.512 25.016 
0.035 0.015 0.103 25.696 2.714 
0.003 0.002 1.047 189.224 0.787 
2.702 8.258 2.37 11.512 25.016 
0.001 0.0 0.0 1.337 242.534 
0.0 0.0 0.001 1.267 229.916 
0.004 0.0 0.062 128.037 128.997 
0.043 0.05 0.0 36.231 115.361 
3.329 10.171 3.549 2.604 18.139 
0.001 0.001 0.041 3.122 134.82 
0.282 0.263 0.083 0.176 145.678 
0.019 0.937 0.496 18.013 33.52 
0.165 0.021 0.189 136.26 0.565 
0.0 0.0 0.359 54.99 97.076 
2.066 1.13 6.625 11.413 8.096 
0.008 0.031 0.22 7.503 120.328 
0.014 0.015 0.004 0.417 87.974 
0.021 0.255 54.2 0.089 5.223 
2.149 1.537 1.132 59.72 1.325 
0.74 0.269 0.568 19.55 36.38 
0.032 0.013 0.095 23.578 28.815 
0.014 0.015 0.004 0.417 87.974 
0.008 0.031 0.22 7.503 120.328 
0.731 0.301 2.139 22.679 2.714 
1.475 1.055 5.962 105.266 2.336 
0.0 0.001 0.13 3.801 167.491 
0.001 0.053 0.008 0.769 162.3 
0.0 0.004 0.283 8.314 133.335 
0.032 0.013 0.095 23.578 28.815 
0.74 0.269 0.568 19.55 36.38 
0.022 0.908 0.523 18.013 33.52 
0.477 0.118 0.001 107.337 21.228 
0.004 0.02 0.366 151.696 4.206 
2.066 1.13 6.625 11.413 8.096 
0.002 0.003 0.347 8.124 131.403 
0.061 0.225 0.003 153.952 7.102 
0.0 0.0 1.139 174.393 7.092 
0.002 0.026 0.427 176.547 0.733 
0.035 0.015 0.103 25.696 2.714 
