0.194 0.014 0.058 3.805 208.671 
0.02 1.706 27.71 119.892 44.757 
11.127 0.287 46.941 148.533 8.359 
22.962 7.699 20.295 4.786 40.864 
1.367 0.562 0.894 4.063 95.94 
0.191 1.193 2.871 25.109 3.494 
91.266 11.593 4.13 4.003 134.842 
1.828 9.077 8.386 8.543 63.148 
0.038 0.036 0.58 169.159 122.733 
0.185 0.694 2.814 49.605 116.226 
0.038 0.048 0.015 0.101 268.053 
12.766 5.792 235.698 0.359 4.96 
40.512 16.656 26.516 24.077 27.467 
10.691 2.195 34.504 14.957 22.358 
0.186 0.007 2.945 34.861 116.964 
0.004 0.004 0.559 86.933 150.673 
1.362 12.497 0.452 21.942 127.92 
0.0 0.0 0.085 15.299 248.109 
0.173 0.643 0.008 148.333 26.189 
0.024 0.293 0.343 256.221 9.106 
0.584 0.265 0.007 0.828 305.216 
11.473 0.296 149.475 15.144 7.127 
0.007 0.274 2.561 58.225 62.692 
1.185 0.487 0.776 6.607 126.156 
4.205 26.242 63.127 6.81 11.945 
0.984 0.892 1.892 24.008 135.599 
2.326 0.615 0.551 21.029 111.168 
26.627 24.056 44.321 1.021 46.215 
41.9 1.576 134.915 11.96 79.932 
1.792 2.425 0.791 6.865 85.195 
6.846 0.184 18.825 76.463 36.691 
37.425 4.754 37.161 2.896 99.907 
0.142 1.015 0.363 1.384 148.857 
0.447 0.363 180.701 19.294 35.672 
0.01 0.037 0.033 0.048 169.395 
0.512 0.352 0.008 156.831 19.487 
0.004 0.049 0.057 393.766 4.94 
0.319 0.297 0.005 0.602 221.65 
24.03 10.903 168.849 0.288 3.975 
9.708 3.255 24.648 3.532 42.238 
0.076 3.156 2.139 66.582 55.872 
2.639 0.146 0.373 2.994 145.612 
1.25 0.515 3.659 199.5 8.858 
0.514 1.819 1.861 26.724 140.173 
0.016 3.764 0.708 17.165 105.711 
2.131 0.438 6.878 2.981 89.179 
0.062 6.306 19.759 77.264 37.076 
0.003 0.003 0.446 98.22 169.91 
0.194 0.014 0.058 3.805 208.671 
0.02 1.706 27.71 119.892 44.757 
11.127 0.287 46.941 148.533 8.359 
22.962 7.699 20.295 4.786 40.864 
1.367 0.562 0.894 4.063 95.94 
0.191 1.193 2.871 25.109 3.494 
91.266 11.593 4.13 4.003 134.842 
1.828 9.077 8.386 8.543 63.148 
0.038 0.036 0.58 169.159 122.733 
0.185 0.694 2.814 49.605 116.226 
0.038 0.048 0.015 0.101 268.053 
12.766 5.792 235.698 0.359 4.96 
3.001 0.078 46.326 125.749 89.56 
40.512 16.656 26.516 24.077 27.467 
8.847 27.035 7.759 6.241 20.707 
10.691 2.195 34.504 14.957 22.358 
0.186 0.007 2.945 34.861 116.964 
0.004 0.004 0.559 86.933 150.673 
1.362 12.497 0.452 21.942 127.92 
0.0 0.0 0.085 15.299 248.109 
0.173 0.643 0.008 148.333 26.189 
0.024 0.293 0.343 256.221 9.106 
0.584 0.265 0.007 0.828 305.216 
11.473 0.296 149.475 15.144 7.127 
0.007 0.274 2.561 58.225 62.692 
1.185 0.487 0.776 6.607 126.156 
4.205 26.242 63.127 6.81 11.945 
0.984 0.892 1.892 24.008 135.599 
2.326 0.615 0.551 21.029 111.168 
26.627 24.056 44.321 1.021 46.215 
41.9 1.576 134.915 11.96 79.932 
1.792 2.425 0.791 6.865 85.195 
6.846 0.184 18.825 76.463 36.691 
37.425 4.754 37.161 2.896 99.907 
0.142 1.015 0.363 1.384 148.857 
0.447 0.363 180.701 19.294 35.672 
0.01 0.037 0.033 0.048 169.395 
0.512 0.352 0.008 156.831 19.487 
0.004 0.049 0.057 393.766 4.94 
0.319 0.297 0.005 0.602 221.65 
24.03 10.903 168.849 0.288 3.975 
3.484 0.09 45.393 124.636 88.767 
9.708 3.255 24.648 3.532 42.238 
0.076 3.156 2.139 66.582 55.872 
2.639 0.146 0.373 2.994 145.612 
1.25 0.515 3.659 199.5 8.858 
0.514 1.819 1.861 26.724 140.173 
0.016 3.764 0.708 17.165 105.711 
8.847 27.035 7.759 6.241 20.707 
2.131 0.438 6.878 2.981 89.179 
0.062 6.306 19.759 77.264 37.076 
0.003 0.003 0.446 98.22 169.91 
