0.0 0.0 0.0 0.0 0.0 0.0 0.0 0.0 0.003 0.016 21.061 1.338 0.254 12.148 329.688 
0.0 0.0 0.0 0.0 0.0 0.0 0.0 0.0 0.0 0.012 0.001 0.017 1.035 0.001 226.139 
15.128 0.295 53.923 72.549 0.015 12.999 14.655 31.05 9.01 4.8 31.283 10.277 23.619 2.54 17.706 
0.004 0.007 0.002 0.003 0.003 0.0 0.005 0.001 0.756 0.18 0.008 276.952 0.454 0.708 30.118 
0.506 0.693 0.059 0.331 0.804 2.016 5.179 0.221 1.899 0.268 261.71 11.447 0.424 6.174 58.028 
0.029 0.044 17.642 4.657 78.521 32.757 41.086 23.304 15.286 1.923 5.68 0.078 2.5 41.478 16.629 
0.003 0.003 0.0 0.004 0.005 0.013 0.049 0.086 239.911 2.833 2.007 1.672 68.794 0.802 20.53 
25.972 6.189 4.999 35.671 15.946 6.327 117.588 4.565 54.943 40.515 0.012 13.573 0.485 8.262 101.924 
0.0 0.029 0.0 0.002 0.019 0.012 0.057 0.025 0.142 0.458 0.001 1.189 19.742 217.494 0.004 
0.0 0.0 0.0 0.0 0.0 0.0 0.0 0.0 0.001 0.024 0.0 0.021 0.001 1.345 295.02 
0.0 0.0 0.0 0.0 0.004 0.003 0.01 0.004 0.691 0.488 0.002 1.921 31.883 351.257 0.006 
17.835 33.395 7.963 9.337 8.439 12.114 45.616 0.732 34.25 0.634 69.178 1.635 2.453 5.324 107.871 
7.9 9.224 59.869 56.015 5.596 12.696 8.717 15.608 3.379 41.394 32.155 16.025 24.781 11.833 14.13 
0.021 0.032 0.091 0.918 18.73 123.477 157.472 29.334 35.97 5.477 34.61 15.843 31.813 19.475 2.985 
0.0 0.0 0.0 0.0 0.0 0.004 0.0 0.001 0.027 0.169 228.819 14.532 2.755 0.242 78.283 
2.199 3.308 0.073 2.819 3.258 4.297 19.726 239.557 29.994 6.989 29.085 6.877 76.6 1.08 12.679 
0.013 0.014 0.0 17.662 8.792 29.868 161.443 1.22 42.404 5.986 0.539 0.474 74.884 0.873 22.347 
0.017 0.194 0.738 0.021 3.546 0.059 0.264 0.693 2.728 236.696 5.129 75.952 0.484 0.321 122.917 
0.028 0.02 0.078 0.463 0.636 0.112 3.214 0.025 0.064 33.077 37.919 26.313 268.277 0.89 93.529 
0.0 0.0 0.014 0.006 0.068 0.028 0.036 0.359 0.039 0.005 0.015 0.303 0.01 0.164 221.751 
0.0 0.0 0.0 0.041 0.002 0.053 0.429 0.0 0.582 0.114 0.433 0.627 2.102 0.122 443.985 
0.0 0.0 0.0 0.041 0.002 0.053 0.429 0.0 0.582 0.114 0.433 0.627 2.102 0.122 443.985 
0.137 0.045 0.637 0.086 2.032 0.011 13.287 0.088 142.299 3.203 126.843 106.938 4.475 23.194 12.602 
6.06 7.076 45.923 42.967 36.265 71.608 19.857 41.314 12.174 29.08 4.051 2.16 29.39 14.034 3.249 
0.028 0.02 0.078 0.463 0.636 0.112 3.214 0.025 0.064 33.077 37.919 26.313 268.277 0.89 93.529 
0.002 0.001 1.725 0.213 2.269 32.857 0.792 9.137 5.358 1.199 46.134 106.516 163.883 68.679 11.49 
0.442 1.586 0.131 0.337 53.291 92.52 5.876 33.864 32.502 16.984 21.591 26.81 0.751 0.729 4.977 
0.003 0.003 0.0 0.004 0.005 0.013 0.049 0.086 239.911 2.833 2.007 1.672 68.794 0.802 20.53 
6.06 7.076 45.923 42.967 36.265 71.608 19.857 41.314 12.174 29.08 4.051 2.16 29.39 14.034 3.249 
7.9 9.224 59.869 56.015 5.596 12.696 8.717 15.608 3.379 41.394 32.155 16.025 24.781 11.833 14.13 
1.276 1.49 9.668 9.045 71.34 8.502 3.263 10.201 2.209 27.054 110.288 16.138 24.955 11.917 14.23 
16.805 25.276 2.061 2.982 10.253 1.355 66.837 30.305 43.113 4.556 88.18 45.039 31.072 0.686 10.971 
25.972 6.189 4.999 35.671 15.946 6.327 117.588 4.565 54.943 40.515 0.012 13.573 0.485 8.262 101.924 
0.88 1.374 7.88 1.251 3.086 53.996 1.29 8.383 10.654 11.914 3.005 110.817 109.09 60.056 1.873 
17.835 33.395 7.963 9.337 8.439 12.114 45.616 0.732 34.25 0.634 69.178 1.635 2.453 5.324 107.871 
11.045 18.778 4.636 2.328 8.054 3.196 59.393 148.971 64.842 47.814 67.427 18.945 0.676 11.532 12.246 
0.157 0.138 15.59 2.442 0.296 1.706 91.644 14.683 10.279 75.512 213.691 18.497 0.286 1.131 7.829 
20.715 4.034 5.123 31.252 0.004 5.599 103.61 31.191 9.051 4.822 31.425 10.324 23.726 1.266 17.706 
2.199 3.308 0.073 2.819 3.258 4.297 19.726 239.557 29.994 6.989 29.085 6.877 76.6 1.08 12.679 
0.136 9.536 33.814 3.234 7.966 85.676 7.948 35.793 10.062 4.446 86.044 11.906 0.043 6.413 21.935 
2.511 7.6 0.654 1.259 4.274 74.255 6.779 178.451 12.385 29.585 29.601 11.951 3.998 0.061 0.562 
11.045 18.778 4.636 2.328 8.054 3.196 59.393 148.971 64.842 47.814 67.427 18.945 0.676 11.532 12.246 
0.009 0.168 0.621 0.018 0.034 3.267 0.237 0.624 2.454 212.992 4.616 68.346 0.436 0.289 110.607 
0.022 0.011 0.864 3.538 1.947 1.838 39.41 76.744 20.559 131.022 33.402 12.068 0.207 12.974 150.001 
0.203 0.306 0.105 0.097 0.03 9.837 41.56 5.085 104.161 5.376 59.217 85.711 4.815 8.803 32.128 
0.003 0.002 0.121 0.019 0.017 0.029 1.128 2.125 4.391 157.557 168.714 18.444 0.227 17.967 40.32 
0.358 1.285 0.106 0.273 43.185 74.975 22.689 31.379 46.725 17.017 21.633 26.862 0.753 0.73 4.421 
10.837 8.734 0.186 4.182 10.51 29.029 2.044 6.12 12.447 147.836 28.072 1.775 0.091 115.467 6.623 
0.201 7.585 47.146 57.469 0.025 10.298 6.768 30.057 7.165 3.817 24.879 8.173 18.784 2.02 3.709 
0.0 0.0 0.0 0.0 0.0 0.0 0.0 0.0 0.003 0.016 21.061 1.338 0.254 12.148 329.688 
0.821 2.296 0.041 13.411 8.425 0.025 30.934 5.295 43.676 2.403 85.452 2.626 152.573 7.605 10.586 
19.995 15.776 29.825 25.41 15.517 9.757 11.0 30.718 27.308 24.863 30.662 15.281 0.673 0.653 18.636 
0.022 0.011 0.864 3.538 1.947 1.838 39.41 76.744 20.559 131.022 33.402 12.068 0.207 12.974 150.001 
0.997 1.5 0.012 10.632 21.222 1.317 59.535 9.287 6.438 2.54 10.571 14.381 13.705 0.387 1.048 
5.614 4.429 9.866 7.713 0.069 2.536 2.86 7.985 7.545 6.523 92.348 126.642 0.72 2.497 14.382 
9.389 1.356 0.102 68.848 0.199 49.032 0.824 23.906 12.999 0.631 15.583 7.649 0.283 4.125 100.902 
0.137 0.045 0.637 0.086 2.032 0.011 13.287 0.088 142.299 3.203 126.843 106.938 4.475 23.194 12.602 
13.101 3.122 13.562 2.012 34.292 3.315 21.335 48.738 77.201 4.962 77.237 12.972 16.154 8.293 102.304 
0.0 0.0 0.002 13.464 0.567 23.589 46.516 1.289 28.59 11.706 11.712 14.219 1.716 75.615 6.749 
0.195 0.005 3.275 0.534 3.695 2.502 0.242 1.095 23.899 50.976 4.981 0.624 0.15 245.649 102.768 
0.062 0.104 4.484 0.49 0.732 1.053 31.216 61.453 9.18 59.983 172.146 2.328 0.221 63.736 3.876 
0.265 5.058 7.565 2.011 7.319 34.807 3.229 102.759 8.91 91.708 40.857 3.741 0.045 6.665 8.269 
4.958 4.479 0.402 1.535 1.401 0.115 135.513 0.023 28.738 10.289 110.5 34.54 70.757 1.025 25.37 
3.909 4.564 29.622 27.715 21.072 44.987 12.475 25.955 7.648 72.696 3.251 1.734 23.586 11.263 54.56 
16.459 12.986 24.55 20.916 12.772 8.032 9.055 25.285 55.251 24.863 30.662 15.281 0.673 0.653 18.636 
1.576 1.244 9.859 4.912 3.144 113.424 12.235 35.034 3.391 24.797 30.581 15.241 0.671 2.327 16.218 
2.7 2.13 16.884 8.411 32.489 5.735 3.87 17.429 4.026 12.568 15.5 169.831 0.766 2.656 18.512 
16.805 25.276 2.061 2.982 10.253 1.355 66.837 30.305 43.113 4.556 88.18 45.039 31.072 0.686 10.971 
0.442 1.586 0.131 0.337 53.291 92.52 5.876 33.864 32.502 16.984 21.591 26.81 0.751 0.729 4.977 
3.925 3.37 0.472 0.908 2.777 52.178 4.764 125.394 8.703 82.722 26.569 10.727 3.589 0.055 0.504 
19.995 15.776 29.825 25.41 15.517 9.757 11.0 30.718 27.308 24.863 30.662 15.281 0.673 0.653 18.636 
0.03 0.075 0.007 25.808 3.691 25.152 67.71 21.978 12.1 16.073 16.081 19.524 1.433 0.533 162.705 
0.003 0.002 0.121 0.019 0.017 0.029 1.128 2.125 4.391 157.557 168.714 18.444 0.227 17.967 40.32 
0.265 5.058 7.565 2.011 7.319 34.807 3.229 102.759 8.91 91.708 40.857 3.741 0.045 6.665 8.269 
2.973 3.812 23.721 22.195 10.033 5.746 114.266 8.577 8.592 46.23 0.009 15.619 7.463 10.86 17.577 
12.559 0.168 24.716 0.148 6.409 37.078 7.67 21.419 4.948 55.829 74.057 15.546 24.04 24.756 19.413 
11.32 21.196 5.054 7.584 5.561 7.982 20.421 0.43 20.117 61.522 65.471 1.548 2.322 5.038 102.089 
0.0 0.0 0.0 0.0 0.002 0.001 0.004 0.002 0.621 0.431 0.001 1.696 28.146 310.087 0.005 
0.157 0.138 15.59 2.442 0.296 1.706 91.644 14.683 10.279 75.512 213.691 18.497 0.286 1.131 7.829 
0.0 0.0 0.0 0.0 0.005 0.009 0.533 0.183 1.078 0.672 0.003 3.968 8.749 154.122 193.798 
16.629 9.82 6.291 16.151 14.774 2.44 110.302 17.206 14.088 4.756 19.792 107.739 17.612 0.861 22.495 
15.128 0.295 53.923 72.549 0.015 12.999 14.655 31.05 9.01 4.8 31.283 10.277 23.619 2.54 17.706 
0.136 9.536 33.814 3.234 7.966 85.676 7.948 35.793 10.062 4.446 86.044 11.906 0.043 6.413 21.935 
11.32 21.196 5.054 7.584 5.561 7.982 20.421 0.43 20.117 61.522 65.471 1.548 2.322 5.038 102.089 
2.039 1.451 0.226 0.251 0.538 17.309 36.399 106.728 93.914 0.98 24.205 32.927 3.527 0.204 3.568 
0.0 0.0 0.0 28.556 14.193 29.7 120.888 1.05 21.183 2.543 1.802 1.502 61.772 0.72 53.326 
0.403 7.698 11.514 3.061 11.139 52.976 4.915 43.511 7.39 3.265 22.607 165.07 0.048 7.212 8.948 
3.634 5.465 3.121 1.907 0.628 2.322 21.409 70.561 15.795 21.237 86.111 26.916 45.372 0.774 19.156 
0.02 0.031 0.087 0.875 17.857 117.718 150.127 27.965 54.459 5.523 34.902 2.797 31.088 19.031 13.769 
4.958 4.479 0.402 1.535 1.401 0.115 135.513 0.023 28.738 10.289 110.5 34.54 70.757 1.025 25.37 
16.459 12.986 24.55 20.916 12.772 8.032 9.055 25.285 55.251 24.863 30.662 15.281 0.673 0.653 18.636 
2.511 7.6 0.654 1.259 4.274 74.255 6.779 178.451 12.385 29.585 29.601 11.951 3.998 0.061 0.562 
0.017 0.194 0.738 0.021 3.546 0.059 0.264 0.693 2.728 236.696 5.129 75.952 0.484 0.321 122.917 
0.009 0.168 0.621 0.018 0.034 3.267 0.237 0.624 2.454 212.992 4.616 68.346 0.436 0.289 110.607 
0.029 0.044 17.642 4.657 78.521 32.757 41.086 23.304 15.286 1.923 5.68 0.078 2.5 41.478 16.629 
0.145 1.424 51.915 8.346 10.717 19.612 28.331 3.821 2.791 13.049 6.068 0.999 13.583 37.216 6.675 
1.276 1.49 9.668 9.045 71.34 8.502 3.263 10.201 2.209 27.054 110.288 16.138 24.955 11.917 14.23 
0.0 0.0 0.0 0.0 0.0 0.0 0.0 0.0 0.0 0.012 0.001 0.017 1.035 0.001 226.139 
0.0 0.0 0.0 28.556 14.193 29.7 120.888 1.05 21.183 2.543 1.802 1.502 61.772 0.72 53.326 
0.506 0.693 0.059 0.331 0.804 2.016 5.179 0.221 1.899 0.268 261.71 11.447 0.424 6.174 58.028 
