2.595 0.421 0.001 0.009 440.84 
0.002 0.0 0.0 0.017 86.441 
0.0 0.0 0.0 0.03 139.926 
1.181 0.809 349.177 0.99 0.229 
324.645 4.394 3.869 0.87 7.709 
0.004 0.002 0.0 394.919 1.85 
0.005 0.002 2.745 0.001 401.106 
0.136 0.058 76.566 1.479 0.035 
0.184 293.978 27.999 0.909 7.461 
0.008 0.001 3.68 0.01 320.385 
0.0 0.0 0.0 0.03 139.926 
239.282 3.239 5.089 1.957 5.764 
324.645 4.394 3.869 0.87 7.709 
0.484 88.899 61.272 0.276 0.098 
12.393 165.505 0.145 0.502 1.525 
0.397 0.436 329.406 0.479 7.638 
1.268 0.126 244.689 0.694 5.699 
25.829 28.211 115.879 0.33 0.242 
0.184 293.978 27.999 0.909 7.461 
15.84 33.905 178.031 0.642 3.534 
0.687 241.044 0.197 0.682 1.769 
0.0 0.155 0.015 335.916 7.762 
12.393 165.505 0.145 0.502 1.525 
1.146 210.484 1.097 4.782 0.141 
238.675 24.543 2.039 0.748 1.98 
0.004 0.002 0.0 394.919 1.85 
193.793 19.928 1.656 0.384 4.983 
0.002 2.568 0.024 0.007 379.06 
0.008 0.001 3.68 0.01 320.385 
76.286 9.527 3.725 39.827 33.851 
112.679 2.266 78.795 0.546 0.068 
0.094 0.015 0.0 242.531 1.676 
0.001 0.029 0.081 291.351 2.125 
20.762 54.854 8.677 69.835 1.124 
0.002 0.0 0.0 0.017 86.441 
46.713 38.995 0.07 6.406 45.988 
144.39 43.384 62.269 0.502 2.14 
1.146 210.484 1.097 4.782 0.141 
0.687 241.044 0.197 0.682 1.769 
10.682 0.215 4.874 121.29 0.062 
2.595 0.421 0.001 0.009 440.84 
0.0 0.001 0.634 300.692 1.009 
0.0 0.007 2.742 0.004 401.106 
0.0 0.155 0.015 335.916 7.762 
164.843 67.288 0.189 0.655 1.99 
0.049 0.0 223.938 31.203 66.776 
0.002 0.557 18.637 195.685 1.567 
0.0 0.0 0.102 226.657 1.278 
188.949 3.8 0.999 3.819 0.394 
0.001 0.815 0.017 92.388 0.06 
0.02 0.466 192.361 2.063 51.002 
97.857 5.038 112.038 0.417 0.307 
37.861 0.792 33.634 20.916 18.212 
0.002 0.0 0.0 186.23 76.648 
76.286 9.527 3.725 39.827 33.851 
10.682 0.215 4.874 121.29 0.062 
86.363 25.045 66.713 14.83 0.202 
20.762 54.854 8.677 69.835 1.124 
25.012 46.281 48.872 0.211 0.078 
86.363 25.045 66.713 14.83 0.202 
1.268 0.126 244.689 0.694 5.699 
37.861 0.792 33.634 20.916 18.212 
0.0 0.0 0.027 145.013 5.057 
4.241 76.286 70.071 43.576 0.126 
164.843 67.288 0.189 0.655 1.99 
104.969 13.109 0.096 0.056 30.937 
1.389 0.088 330.259 0.936 0.474 
42.905 29.376 0.004 53.232 32.844 
0.088 86.684 28.775 8.684 38.959 
1.181 0.809 349.177 0.99 0.229 
15.84 33.905 178.031 0.642 3.534 
25.59 0.535 35.492 17.829 15.524 
159.68 15.875 20.419 4.405 0.13 
0.002 2.568 0.024 0.007 379.06 
0.049 0.0 223.938 31.203 66.776 
0.007 0.075 0.0 168.433 44.095 
0.088 86.684 28.775 8.684 38.959 
0.266 0.003 205.297 25.315 3.572 
0.18 0.002 211.532 26.072 3.679 
17.967 40.989 101.343 0.223 1.037 
0.02 0.466 192.361 2.063 51.002 
144.39 43.384 62.269 0.502 2.14 
15.633 35.663 88.177 0.194 2.161 
99.701 46.557 0.251 0.413 1.093 
42.905 29.376 0.004 53.232 32.844 
152.028 70.993 0.383 0.398 5.169 
0.484 88.899 61.272 0.276 0.098 
15.633 35.663 88.177 0.194 2.161 
1.916 0.19 70.267 85.78 1.153 
4.241 76.286 70.071 43.576 0.126 
0.007 0.075 0.0 168.433 44.095 
11.658 20.448 18.045 44.968 2.197 
0.0 0.0 0.102 226.657 1.278 
0.094 0.015 0.0 242.531 1.676 
0.44 0.006 99.637 3.392 67.983 
0.754 0.516 222.821 0.632 48.642 
25.012 46.281 48.872 0.211 0.078 
159.68 15.875 20.419 4.405 0.13 
0.0 0.655 114.973 156.199 0.68 
1.916 0.19 70.267 85.78 1.153 
