133.508 12.917 0.167 10.114 27.696 
13.533 175.228 0.215 2.953 2.97 
0.096 0.0 0.014 383.683 11.809 
68.65 2.585 83.752 43.252 0.404 
0.043 0.004 0.001 3.121 397.688 
0.357 0.056 3.937 0.079 376.306 
0.001 0.0 0.027 2.147 405.913 
0.001 0.0 0.027 2.147 405.913 
0.024 0.359 97.362 12.984 185.708 
0.0 0.0 0.113 1.593 214.155 
22.336 79.197 18.451 2.176 83.544 
1.31 142.9 55.327 16.065 28.094 
68.65 2.585 83.752 43.252 0.404 
133.508 12.917 0.167 10.114 27.696 
97.393 4.016 0.115 86.678 2.912 
2.269 57.859 72.818 3.968 23.291 
1.702 79.007 94.891 49.004 0.457 
97.393 4.016 0.115 86.678 2.912 
0.005 0.008 0.002 51.317 220.386 
0.009 0.001 0.022 2.422 308.152 
1.31 142.9 55.327 16.065 28.094 
12.72 164.705 0.202 14.301 2.97 
0.052 0.006 0.016 256.291 0.818 
0.122 0.01 0.005 187.829 2.908 
15.403 35.139 51.04 0.286 4.063 
1.436 18.591 4.857 1.033 105.016 
0.364 52.282 20.198 60.35 12.429 
45.173 1.944 7.511 98.548 2.52 
55.448 2.407 7.045 68.295 12.429 
4.89 1.211 31.922 0.77 4.941 
0.077 0.0 0.011 307.61 31.762 
28.017 2.711 71.335 0.283 2.203 
24.758 40.195 15.752 5.982 59.284 
4.89 1.211 31.922 0.77 4.941 
0.052 0.006 0.016 256.291 0.818 
24.758 40.195 15.752 5.982 59.284 
15.403 35.139 51.04 0.286 4.063 
0.062 0.136 1.884 28.456 160.076 
0.023 0.053 58.095 28.632 2.671 
45.173 1.944 7.511 98.548 2.52 
22.336 79.197 18.451 2.176 83.544 
0.082 0.004 0.012 341.075 5.995 
0.364 52.282 20.198 60.35 12.429 
13.975 14.905 67.528 2.878 2.568 
0.096 0.0 0.014 383.683 11.809 
0.002 0.041 1.053 1.368 309.245 
55.448 2.407 7.045 68.295 12.429 
0.0 0.001 0.035 2.756 350.625 
1.795 2.463 38.817 36.776 1.236 
0.401 0.063 0.113 153.686 45.454 
0.138 0.022 0.321 127.908 37.83 
0.401 0.063 0.113 153.686 45.454 
0.195 4.98 44.366 37.464 0.693 
0.383 0.04 0.026 0.561 126.879 
0.532 6.886 38.902 3.433 34.025 
2.01 0.317 3.093 107.419 61.296 
12.72 164.705 0.202 14.301 2.97 
2.269 57.859 72.818 3.968 23.291 
13.975 14.905 67.528 2.878 2.568 
0.055 0.009 0.603 0.602 212.194 
28.017 2.711 71.335 0.283 2.203 
13.533 175.228 0.215 2.953 2.97 
0.516 8.953 8.672 67.43 69.891 
0.781 0.575 11.623 79.449 0.736 
0.195 4.98 44.366 37.464 0.693 
0.516 8.953 8.672 67.43 69.891 
0.0 0.001 0.035 2.756 350.625 
0.024 0.359 97.362 12.984 185.708 
0.082 0.004 0.012 341.075 5.995 
0.076 0.004 0.012 318.246 5.593 
0.001 0.038 0.011 176.037 0.449 
0.781 0.575 11.623 79.449 0.736 
0.383 0.04 0.026 0.561 126.879 
0.038 0.056 71.834 1.304 103.179 
0.147 0.023 0.295 123.748 36.599 
1.107 0.689 9.399 41.616 6.727 
2.01 0.317 3.093 107.419 61.296 
0.204 0.032 4.262 0.082 389.106 
0.357 0.056 3.937 0.079 376.306 
1.702 79.007 94.891 49.004 0.457 
0.077 0.0 0.011 307.61 31.762 
1.436 18.591 4.857 1.033 105.016 
0.217 0.362 0.036 0.768 173.649 
0.122 0.01 0.005 187.829 2.908 
0.001 0.038 0.011 176.037 0.449 
0.076 0.004 0.012 318.246 5.593 
0.023 0.053 58.095 28.632 2.671 
0.034 0.075 1.972 28.456 160.076 
0.204 0.032 4.262 0.082 389.106 
0.008 0.001 0.002 38.874 166.948 
0.005 0.008 0.002 51.317 220.386 
0.043 0.004 0.001 3.121 397.688 
0.008 0.001 0.002 38.874 166.948 
1.107 0.689 9.399 41.616 6.727 
0.532 6.886 38.902 3.433 34.025 
0.217 0.362 0.036 0.768 173.649 
0.326 0.093 0.051 125.124 11.719 
0.0 0.0 0.113 1.593 214.155 
0.038 0.056 71.834 1.304 103.179 
0.138 0.022 0.321 127.908 37.83 
