0.0 0.0 0.0 0.0 0.0 0.0 0.0 0.005 0.002 1.534 0.809 4.343 0.079 255.232 7.8 
0.001 0.038 0.04 0.18 0.06 0.02 0.224 0.057 0.66 0.025 5.237 72.755 2.316 55.444 26.783 
0.0 0.003 0.057 0.002 0.001 0.075 0.174 0.044 41.108 19.098 3.795 72.497 82.251 47.491 1.528 
0.001 0.0 0.0 0.0 0.0 0.001 0.002 0.001 0.032 0.036 0.015 142.003 4.262 244.152 10.25 
0.047 0.033 0.02 0.203 0.077 0.112 0.556 0.256 9.927 6.564 20.974 68.413 72.312 184.711 3.116 
0.0 0.0 0.007 0.003 0.0 0.012 0.028 0.007 6.693 6.588 73.767 98.124 111.326 64.278 2.247 
0.0 0.0 0.0 0.0 0.0 0.0 0.0 0.0 0.0 0.0 0.002 0.025 2.775 59.651 105.467 
0.063 0.026 0.093 0.08 0.416 0.031 0.215 10.562 5.519 0.174 6.205 146.031 2.892 3.742 33.153 
0.001 0.071 0.018 0.208 0.069 0.023 0.258 0.066 0.761 0.862 9.386 130.38 4.15 99.358 29.726 
0.001 0.001 0.008 0.003 0.023 0.189 1.753 16.731 3.03 53.149 39.285 211.024 0.881 9.332 9.986 
0.0 0.0 0.0 0.0 0.0 0.002 0.007 0.002 3.983 17.069 2.277 37.283 311.809 3.222 14.024 
0.0 0.0 0.0 0.0 0.0 0.0 0.0 0.0 0.0 0.001 0.674 31.038 99.994 53.036 50.869 
0.0 0.0 0.0 0.0 0.0 0.0 0.0 0.0 0.0 0.0 0.0 0.0 0.0 0.091 79.822 
0.0 0.0 0.0 0.0 0.0 0.0 0.0 0.0 0.077 0.883 21.555 39.733 58.497 140.024 2.231 
0.0 0.0 0.0 0.0 0.001 0.001 0.001 0.026 0.796 0.428 1.716 102.27 37.084 19.467 23.197 
0.001 0.0 0.0 0.159 0.241 0.391 1.322 7.501 0.72 41.366 13.217 103.703 23.296 133.188 6.825 
0.623 0.557 0.289 0.641 5.063 1.979 2.774 31.313 20.778 37.413 26.587 58.165 3.178 4.113 23.416 
0.001 0.001 0.003 0.001 0.0 0.012 0.005 0.023 0.019 0.61 15.16 61.872 2.331 243.665 9.724 
0.0 0.0 0.0 0.0 0.0 0.0 0.0 0.003 0.168 35.573 18.751 32.301 1.029 179.66 7.963 
0.0 0.0 0.0 0.0 0.0 0.003 0.02 0.199 0.043 0.634 19.009 8.503 89.581 122.406 66.193 
0.014 0.016 0.276 0.048 0.026 1.671 9.242 12.056 44.133 2.299 27.45 43.826 32.989 25.734 19.731 
0.0 0.0 0.0 0.0 0.0 0.0 0.0 0.005 0.002 1.534 0.809 4.343 0.079 255.232 7.8 
0.0 0.0 0.0 0.0 0.0 0.0 0.009 0.003 0.019 0.051 105.046 47.386 79.768 34.345 73.416 
0.0 0.0 0.0 0.0 0.0 0.0 0.0 0.0 0.0 0.0 0.0 0.044 23.439 80.82 200.908 
0.0 0.0 0.001 0.001 0.0 0.0 0.023 0.002 0.003 0.009 4.701 184.616 17.471 125.234 8.716 
0.0 0.001 0.0 0.015 0.001 0.006 0.017 0.01 0.628 0.047 0.149 221.363 6.666 132.494 9.486 
0.001 0.038 0.04 0.18 0.06 0.02 0.224 0.057 0.66 0.025 5.237 72.755 2.316 55.444 26.783 
0.001 0.002 0.003 1.804 2.808 20.345 12.446 13.914 54.729 2.874 22.621 79.881 6.174 62.975 54.828 
0.014 0.015 0.266 0.046 0.025 0.022 1.746 15.804 0.806 0.638 166.182 34.598 5.155 33.315 25.544 
0.043 0.038 0.02 0.044 0.347 0.136 0.19 9.908 21.588 18.885 13.421 29.361 1.604 86.29 22.012 
0.0 0.0 0.0 0.0 0.0 0.0 0.0 0.019 0.875 0.525 21.266 31.265 230.965 6.871 7.659 
0.0 0.003 0.057 0.002 0.001 0.075 0.174 0.044 41.108 19.098 3.795 72.497 82.251 47.491 1.528 
0.001 0.0 0.0 0.0 0.0 0.001 0.002 0.001 0.032 0.036 0.015 142.003 4.262 244.152 10.25 
0.016 0.018 0.315 0.054 0.029 1.903 8.276 9.801 38.583 2.01 23.999 38.315 28.841 22.498 59.285 
0.0 0.0 0.0 0.0 0.0 0.0 0.0 0.002 0.15 0.363 8.443 3.825 47.836 175.047 64.891 
0.001 0.063 0.05 0.017 0.009 0.046 0.05 0.056 0.108 0.184 0.12 178.568 5.378 139.62 8.511 
0.0 0.0 0.0 0.001 0.001 0.004 0.006 0.003 1.889 1.859 91.566 107.389 3.576 134.354 2.121 
0.014 0.012 0.006 0.014 0.074 0.033 0.046 2.277 1.19 17.297 10.441 196.132 3.884 5.026 28.617 
0.047 0.033 0.02 0.203 0.077 0.112 0.556 0.256 9.927 6.564 20.974 68.413 72.312 184.711 3.116 
0.0 0.0 0.0 0.0 0.0 0.0 0.0 0.0 0.005 0.001 0.052 0.025 0.261 0.138 418.434 
0.0 0.0 0.0 0.0 0.0 0.0 0.007 0.002 0.015 0.039 80.505 36.316 61.132 26.322 56.264 
0.001 0.0 0.004 0.001 1.001 0.309 5.936 7.743 0.234 22.784 49.898 8.271 8.875 119.499 22.178 
0.0 0.0 0.0 0.0 0.0 0.0 0.0 0.0 0.0 0.0 0.0 0.04 21.261 73.312 182.243 
0.0 0.0 0.007 0.003 0.0 0.012 0.028 0.007 6.693 6.588 73.767 98.124 111.326 64.278 2.247 
0.0 0.0 0.0 0.001 0.0 0.0 0.012 0.001 0.002 0.005 2.492 97.871 65.528 100.459 6.991 
0.0 0.0 0.001 0.002 0.003 0.0 0.014 0.003 0.04 0.297 0.763 1.224 166.124 173.368 2.925 
0.0 0.0 0.0 0.011 0.001 0.004 0.012 0.007 0.439 0.218 0.142 211.187 6.36 126.403 26.099 
0.0 0.0 0.0 0.0 0.0 0.013 0.024 0.041 0.033 0.527 6.185 18.052 25.119 152.2 55.674 
0.0 0.0 0.0 0.0 0.0 0.0 0.005 0.028 7.631 17.663 16.356 5.521 90.005 8.378 34.914 
0.0 0.0 0.0 0.0 0.0 0.0 0.0 0.0 0.0 0.0 0.002 0.025 2.775 59.651 105.467 
0.0 0.0 0.0 0.0 0.0 0.001 0.0 0.01 1.39 1.368 67.378 79.021 20.417 110.446 1.744 
0.063 0.026 0.093 0.08 0.416 0.031 0.215 10.562 5.519 0.174 6.205 146.031 2.892 3.742 33.153 
0.001 0.071 0.018 0.208 0.069 0.023 0.258 0.066 0.761 0.862 9.386 130.38 4.15 99.358 29.726 
0.0 0.0 0.0 0.001 0.001 0.005 0.008 0.004 0.036 0.267 37.532 66.804 180.515 9.69 2.523 
0.0 0.0 0.0 0.005 0.0 0.001 0.031 0.034 0.549 0.907 1.646 123.557 85.501 86.176 7.832 
0.001 0.004 0.008 0.004 0.0 0.032 0.052 0.028 0.0 0.591 16.164 19.495 0.757 113.055 6.004 
0.002 0.002 0.013 0.008 1.016 0.013 0.148 3.5 2.445 6.051 0.366 38.766 216.866 0.774 14.174 
0.001 0.001 0.008 0.003 0.023 0.189 1.753 16.731 3.03 53.149 39.285 211.024 0.881 9.332 9.986 
0.0 0.0 0.0 0.0 0.0 0.0 0.001 0.001 0.0 0.04 0.076 0.062 4.294 253.238 62.394 
0.0 0.0 0.0 0.0 0.038 0.004 0.517 0.056 1.69 3.646 12.204 0.189 18.858 164.169 3.945 
0.0 0.0 0.0 0.0 0.0 0.0 0.0 0.0 0.0 0.0 0.063 0.029 0.048 0.159 396.302 
0.0 0.0 0.0 0.0 0.077 0.297 1.685 2.198 0.484 8.814 4.258 198.125 3.502 32.447 24.877 
0.003 0.007 0.011 7.595 11.82 1.198 10.289 11.502 45.241 2.376 18.7 102.685 6.174 62.975 54.828 
0.0 0.0 0.0 0.0 0.0 0.002 0.007 0.002 3.983 17.069 2.277 37.283 311.809 3.222 14.024 
0.014 0.005 0.179 0.024 0.016 1.05 5.807 7.574 0.659 0.522 135.907 68.404 5.155 33.315 25.544 
0.001 0.001 0.001 0.001 0.0 0.098 0.172 0.067 1.988 10.992 4.331 31.154 100.556 153.705 2.593 
0.0 0.0 0.0 0.0 0.0 0.0 0.0 0.0 0.0 0.001 0.674 31.038 99.994 53.036 50.869 
0.0 0.0 0.0 0.0 0.0 0.0 0.0 0.001 0.003 0.003 0.007 6.623 159.792 189.303 8.565 
0.0 0.0 0.0 0.0 0.0 0.0 0.0 0.0 0.0 0.0 0.0 0.0 0.0 0.091 79.822 
0.0 0.0 0.0 0.001 0.0 0.001 0.036 0.068 0.006 0.192 0.056 1.248 134.027 135.661 5.695 
0.0 0.0 0.0 0.0 0.0 0.0 0.0 0.001 0.002 0.0 0.005 0.002 35.373 250.607 64.204 
0.011 0.008 0.003 0.007 0.044 0.01 0.372 0.286 0.356 1.757 35.965 22.083 74.101 19.962 18.755 
0.15 0.047 0.104 0.153 0.018 1.816 4.467 10.767 0.787 10.701 10.302 17.72 144.459 4.376 20.332 
0.0 0.0 0.0 0.0 0.0 0.0 0.0 0.003 0.007 0.108 0.025 2.868 117.833 69.701 3.881 
0.0 0.0 0.0 0.0 0.0 0.002 0.002 0.026 0.124 0.036 3.676 0.59 30.285 81.84 9.841 
0.0 0.0 0.0 0.0 0.0 0.0 0.0 0.0 0.077 0.883 21.555 39.733 58.497 140.024 2.231 
0.0 0.0 0.0 0.0 0.002 0.0 0.007 0.017 3.292 7.647 1.167 5.182 71.747 19.303 29.838 
0.0 0.0 0.004 0.024 0.002 0.019 0.246 0.43 0.344 0.473 23.096 70.399 181.202 42.872 10.151 
0.0 0.0 0.0 0.0 0.0 0.0 0.0 0.0 0.017 0.017 0.013 0.048 56.552 103.446 9.737 
0.0 0.0 0.0 0.0 0.001 0.001 0.001 0.026 0.796 0.428 1.716 102.27 37.084 19.467 23.197 
0.001 0.0 0.0 0.159 0.241 0.391 1.322 7.501 0.72 41.366 13.217 103.703 23.296 133.188 6.825 
0.0 0.0 0.001 0.002 0.003 0.207 0.038 0.083 0.475 0.247 0.7 0.905 14.431 121.489 27.063 
0.0 0.0 0.0 0.0 0.0 0.0 0.0 0.0 0.0 0.0 0.012 0.398 0.595 0.1 139.092 
0.0 0.0 0.0 0.0 0.0 0.0 0.0 0.001 0.0 0.012 0.114 0.624 0.955 0.015 183.064 
0.623 0.557 0.289 0.641 5.063 1.979 2.774 31.313 20.778 37.413 26.587 58.165 3.178 4.113 23.416 
0.0 0.0 0.0 0.0 0.0 0.0 0.002 0.002 0.993 1.537 4.782 56.426 161.453 18.758 23.921 
0.0 0.0 0.0 0.0 0.003 0.001 0.0 0.005 0.021 0.249 0.008 1.823 16.278 203.542 4.521 
0.0 0.002 0.0 0.001 0.001 0.018 0.018 0.057 0.327 0.099 3.25 1.654 88.398 88.643 7.973 
0.0 0.0 0.0 0.001 0.002 0.004 0.04 0.2 1.177 0.144 1.163 14.703 5.555 204.663 1.948 
0.001 0.001 0.003 0.001 0.0 0.012 0.005 0.023 0.019 0.61 15.16 61.872 2.331 243.665 9.724 
0.0 0.0 0.0 0.0 0.002 0.003 0.009 0.002 0.002 0.312 0.821 0.116 26.498 95.582 55.318 
0.0 0.0 0.0 0.003 0.007 0.008 0.031 0.014 0.0 0.048 2.899 3.476 15.759 105.742 28.107 
0.0 0.0 0.0 0.0 0.0 0.0 0.001 0.0 0.011 0.01 0.697 0.161 4.68 164.409 5.961 
0.0 0.0 0.003 0.0 0.155 0.019 0.486 1.924 0.167 31.119 3.341 0.106 154.66 0.552 10.109 
0.0 0.0 0.0 0.0 0.0 0.0 0.0 0.003 0.168 35.573 18.751 32.301 1.029 179.66 7.963 
0.0 0.0 0.0 0.0 0.0 0.003 0.02 0.199 0.043 0.634 19.009 8.503 89.581 122.406 66.193 
0.001 0.01 0.015 0.422 0.01 0.292 0.814 0.71 0.001 0.467 2.472 31.898 155.351 29.87 28.358 
0.0 0.0 0.001 0.0 0.008 0.001 0.006 0.015 0.0 1.418 1.024 1.119 3.692 236.913 59.122 
0.0 0.0 0.0 0.0 0.006 0.001 0.037 0.065 0.3 0.647 3.603 0.048 113.346 143.004 3.551 
0.0 0.0 0.0 0.0 0.0 0.0 0.0 0.0 0.0 0.001 0.066 0.002 0.036 0.091 169.152 
