0.005 0.0 0.001 0.0 246.721 
0.0 0.009 0.003 311.391 1.7 
192.413 10.309 32.465 0.001 2.624 
6.881 31.182 10.273 11.566 0.015 
0.0 0.0 0.0 0.002 68.034 
0.013 143.412 2.149 1.082 5.015 
0.047 14.91 133.723 0.011 0.957 
0.0 0.0 0.0 0.401 312.701 
0.0 0.0 0.0 0.401 312.701 
192.413 10.309 32.465 0.001 2.624 
79.88 61.209 2.114 0.0 25.216 
6.523 111.906 0.432 1.544 0.775 
0.0 0.009 0.003 311.391 1.7 
0.0 0.005 0.0 207.141 0.757 
0.504 64.946 0.981 0.005 0.428 
74.877 57.376 119.743 0.0 44.372 
1.57 120.617 19.567 0.011 0.073 
0.0 0.0 0.0 0.312 243.282 
0.0 0.001 0.217 0.0 170.465 
6.966 0.766 37.508 0.336 20.616 
28.099 4.404 85.133 9.207 3.428 
0.004 0.062 68.6 16.715 0.55 
4.577 18.954 51.484 0.038 59.247 
0.09 0.014 108.474 8.498 52.959 
74.877 57.376 119.743 0.0 44.372 
42.541 0.757 0.246 0.003 0.444 
0.013 143.412 2.149 1.082 5.015 
0.003 0.001 0.489 0.0 297.292 
0.005 0.0 0.001 0.0 246.721 
3.403 38.074 7.779 45.648 8.524 
28.099 4.404 85.133 9.207 3.428 
0.047 14.91 133.723 0.011 0.957 
4.577 18.954 51.484 0.038 59.247 
0.004 0.062 68.6 16.715 0.55 
26.236 2.887 0.979 3.773 26.741 
0.0 0.004 0.0 98.076 17.27 
0.0 0.0 0.0 0.16 124.711 
0.013 0.024 0.004 0.0 95.823 
0.013 0.024 0.004 0.0 95.823 
0.0 0.0 0.0 0.002 68.034 
4.384 18.152 109.315 16.526 4.01 
0.0 0.001 0.001 71.071 0.036 
2.26 9.357 4.817 53.06 10.128 
0.948 38.412 16.32 8.273 5.744 
29.414 117.824 2.206 0.0 26.315 
4.17 26.183 12.586 2.838 0.295 
0.0 0.0 0.0 0.16 124.711 
0.003 0.076 0.0 0.001 148.551 
0.003 0.076 0.0 0.001 148.551 
0.0 0.001 0.217 0.0 170.465 
0.003 113.158 1.107 0.2 36.583 
0.003 0.0 0.0 132.207 18.181 
2.26 9.357 4.817 53.06 10.128 
38.088 4.191 0.24 9.583 1.408 
5.12 53.154 0.244 0.24 2.324 
1.238 45.62 0.171 0.611 1.629 
0.004 0.001 0.0 159.142 33.592 
26.236 2.887 0.979 3.773 26.741 
0.001 0.001 0.002 126.383 22.255 
3.403 38.074 7.779 45.648 8.524 
0.01 0.0 0.0 148.55 1.657 
1.238 45.62 0.171 0.611 1.629 
0.0 0.0 0.003 110.85 0.368 
0.948 38.412 16.32 8.273 5.744 
0.001 0.001 0.0 60.084 10.58 
0.001 0.0 0.494 0.0 298.713 
6.881 31.182 10.273 11.566 0.015 
0.002 0.0 0.011 168.172 50.278 
79.88 61.209 2.114 0.0 25.216 
4.17 26.183 12.586 2.838 0.295 
6.966 0.766 37.508 0.336 20.616 
79.309 34.187 0.02 0.008 3.919 
1.57 120.617 19.567 0.011 0.073 
0.003 0.0 0.013 199.711 3.084 
29.414 117.824 2.206 0.0 26.315 
0.0 0.007 0.003 186.751 2.037 
0.002 0.0 0.011 168.172 50.278 
0.004 0.001 0.0 159.142 33.592 
5.12 53.154 0.244 0.24 2.324 
4.384 18.152 109.315 16.526 4.01 
0.0 0.001 0.001 71.071 0.036 
0.0 0.0 0.002 102.455 14.932 
0.01 0.0 0.0 148.55 1.657 
0.0 0.014 0.001 178.651 0.975 
38.088 4.191 0.24 9.583 1.408 
79.309 34.187 0.02 0.008 3.919 
1.226 28.201 0.167 14.548 25.353 
0.09 0.014 108.474 8.498 52.959 
0.001 0.001 0.002 126.383 22.255 
0.0 0.0 0.002 102.455 14.932 
0.504 64.946 0.981 0.005 0.428 
0.0 0.014 0.001 178.651 0.975 
0.0 0.0 0.003 110.85 0.368 
0.0 0.007 0.003 186.751 2.037 
42.541 0.757 0.246 0.003 0.444 
1.226 28.201 0.167 14.548 25.353 
0.003 0.0 0.013 199.711 3.084 
0.0 0.005 0.0 207.141 0.757 
0.003 0.241 0.026 0.039 66.401 
0.001 0.001 0.0 60.084 10.58 
