1.059 7.587 2.404 158.175 44.775 
1.648 0.122 0.555 2.118 227.708 
1.362 12.497 0.452 21.942 127.92 
22.267 23.852 7.069 158.992 37.693 
0.074 0.057 29.156 3.113 198.403 
0.067 0.179 0.789 184.55 134.132 
0.151 12.636 8.913 88.381 32.993 
16.396 7.44 11.562 0.05 337.307 
2.493 0.064 32.475 89.167 91.049 
38.25 12.824 33.808 7.972 3.752 
0.042 1.729 3.367 63.682 70.652 
3.904 1.18 46.445 11.581 61.927 
1.797 0.739 1.176 5.343 126.156 
0.654 4.08 9.814 85.836 11.945 
120.306 23.161 13.417 23.958 32.163 
3.129 26.993 188.806 39.283 28.836 
34.084 72.049 58.749 78.694 12.961 
5.417 10.121 9.458 12.854 70.822 
116.611 4.385 22.692 9.633 64.383 
5.833 1.198 18.825 76.463 36.691 
67.621 8.59 3.06 2.966 99.907 
0.256 0.168 0.349 16.674 270.474 
11.156 0.825 1.898 198.674 56.24 
0.138 0.991 0.354 1.351 145.234 
2.424 12.035 11.12 11.327 83.731 
0.509 0.391 200.885 21.45 39.656 
0.08 0.076 0.499 169.159 122.733 
0.457 1.719 1.517 49.605 116.226 
0.041 0.052 0.016 0.109 288.341 
0.281 0.835 3.508 12.68 241.43 
24.23 10.994 170.26 0.29 4.009 
3.515 0.091 45.798 125.749 89.56 
12.603 4.226 32.001 4.586 54.838 
0.076 3.156 2.139 66.582 55.872 
40.512 16.656 26.516 24.077 27.467 
2.611 1.075 7.643 182.048 8.359 
8.847 27.035 7.759 6.241 20.707 
10.691 2.195 34.504 14.957 22.358 
0.015 1.506 4.718 18.448 177.142 
0.251 0.009 3.969 46.99 157.659 
0.004 0.004 0.51 79.232 137.325 
1.059 7.587 2.404 158.175 44.775 
1.648 0.122 0.555 2.118 227.708 
1.362 12.497 0.452 21.942 127.92 
22.267 23.852 7.069 158.992 37.693 
0.074 0.057 29.156 3.113 198.403 
0.067 0.179 0.789 184.55 134.132 
0.032 0.03 8.062 4.571 204.724 
0.151 12.636 8.913 88.381 32.993 
0.385 1.264 0.279 1.935 212.92 
0.247 0.916 0.011 211.078 37.267 
0.021 0.256 0.299 223.847 7.955 
0.385 0.464 0.007 0.828 305.216 
16.396 7.44 11.562 0.05 337.307 
2.493 0.064 32.475 89.167 91.049 
38.25 12.824 33.808 7.972 3.752 
0.042 1.729 3.367 63.682 70.652 
3.904 1.18 46.445 11.581 61.927 
1.797 0.739 1.176 5.343 126.156 
0.654 4.08 9.814 85.836 11.945 
6.439 2.65 43.606 51.304 46.802 
0.984 0.892 1.892 24.008 135.599 
3.371 0.891 0.799 19.351 110.671 
32.361 24.424 49.657 1.144 51.779 
120.306 23.161 13.417 23.958 32.163 
3.129 26.993 188.806 39.283 28.836 
34.084 72.049 58.749 78.694 12.961 
5.417 10.121 9.458 12.854 70.822 
116.611 4.385 22.692 9.633 64.383 
0.683 0.924 4.984 9.035 112.116 
5.833 1.198 18.825 76.463 36.691 
67.621 8.59 3.06 2.966 99.907 
0.256 0.168 0.349 16.674 270.474 
11.156 0.825 1.898 198.674 56.24 
0.138 0.991 0.354 1.351 145.234 
2.424 12.035 11.12 11.327 83.731 
0.509 0.391 200.885 21.45 39.656 
0.08 0.076 0.499 169.159 122.733 
0.457 1.719 1.517 49.605 116.226 
0.041 0.052 0.016 0.109 288.341 
0.281 0.835 3.508 12.68 241.43 
0.675 0.464 0.011 206.97 25.717 
0.022 0.261 0.306 228.91 2.879 
0.439 0.409 0.007 0.828 305.216 
24.23 10.994 170.26 0.29 4.009 
3.515 0.091 45.798 125.749 89.56 
12.603 4.226 32.001 4.586 54.838 
0.076 3.156 2.139 66.582 55.872 
3.146 0.66 0.51 4.092 199.032 
40.512 16.656 26.516 24.077 27.467 
2.611 1.075 7.643 182.048 8.359 
1.262 7.873 43.824 51.56 47.036 
0.984 0.892 1.892 24.008 135.599 
0.018 4.243 0.799 19.351 110.671 
31.943 24.109 49.016 1.129 62.371 
8.847 27.035 7.759 6.241 20.707 
10.691 2.195 34.504 14.957 22.358 
0.015 1.506 4.718 18.448 177.142 
0.251 0.009 3.969 46.99 157.659 
0.004 0.004 0.51 79.232 137.325 
