167.342 0.88 0.07 0.842 1.138 
0.0 0.0 74.907 201.065 0.014 
0.001 0.002 0.0 0.0 383.798 
0.002 0.0 362.063 8.506 0.018 
0.0 0.0 0.0 0.033 112.548 
0.0 0.0 0.0 0.0 211.757 
0.0 0.0 0.0 0.024 342.212 
39.523 341.513 0.16 0.004 6.244 
9.775 9.808 23.53 1.013 0.0 
12.948 330.127 1.885 0.068 47.405 
1.948 174.499 62.654 0.324 0.007 
111.028 1.028 189.703 2.059 0.003 
127.492 29.632 143.783 0.003 4.929 
0.0 0.0 98.124 167.199 1.785 
0.001 0.0 283.917 74.124 0.018 
0.001 0.0 283.917 74.124 0.018 
22.832 52.087 0.001 121.069 0.01 
167.342 0.88 0.07 0.842 1.138 
0.002 0.0 362.063 8.506 0.018 
0.0 0.0 57.351 97.725 37.062 
84.249 18.774 0.035 191.868 0.005 
0.002 0.0 0.0 0.006 284.168 
22.832 52.087 0.001 121.069 0.01 
62.043 120.289 30.576 0.147 0.011 
0.0 0.0 98.124 167.199 1.785 
0.0 0.0 103.054 191.862 0.015 
0.0 0.0 164.217 0.053 55.57 
5.343 54.896 4.694 66.244 1.582 
11.852 0.046 26.597 47.395 0.004 
0.0 0.0 0.0 0.024 342.212 
0.001 0.002 0.0 0.0 383.798 
43.644 99.567 0.029 0.053 0.394 
0.0 0.0 0.0 0.022 144.33 
0.0 0.0 0.0 0.001 184.558 
0.0 0.0 64.715 16.071 84.104 
0.002 0.0 0.006 0.0 244.229 
0.002 0.0 0.0 0.006 284.168 
3.175 80.946 101.365 4.358 0.001 
60.365 0.317 4.273 66.266 1.762 
84.104 37.605 0.078 0.056 12.653 
0.0 0.0 57.351 97.725 37.062 
1.687 151.154 10.988 0.462 14.82 
98.582 0.518 21.125 0.82 0.006 
0.156 49.752 70.127 32.742 0.008 
127.492 29.632 143.783 0.003 4.929 
15.601 0.052 161.983 15.342 0.003 
1.131 101.327 7.366 0.071 26.632 
70.41 31.482 1.914 0.001 0.002 
39.324 0.364 4.186 31.831 0.004 
11.852 0.046 26.597 47.395 0.004 
0.374 82.533 116.496 0.27 0.006 
1.276 55.29 18.133 0.211 4.466 
62.043 120.289 30.576 0.147 0.011 
43.644 99.567 0.029 0.053 0.394 
0.004 0.001 189.669 0.002 0.522 
12.948 330.127 1.885 0.068 47.405 
68.378 27.942 135.344 0.014 13.812 
0.108 15.012 18.22 0.0 211.385 
1.599 40.778 7.106 84.318 0.007 
117.146 1.085 0.061 0.592 0.032 
29.863 48.056 69.055 0.117 0.04 
102.249 17.955 8.642 0.363 11.656 
0.0 0.0 0.0 0.033 112.548 
0.0 0.0 0.021 0.0 136.433 
24.838 0.131 1.946 27.458 6.367 
0.0 0.0 74.907 201.065 0.014 
111.028 1.028 189.703 2.059 0.003 
0.017 0.0 0.005 0.0 77.211 
0.0 0.0 0.001 0.013 190.655 
1.599 40.778 7.106 84.318 0.007 
1.687 151.154 10.988 0.462 14.82 
1.29 1.806 126.252 0.872 2.986 
1.287 32.825 5.72 67.874 26.102 
0.492 26.451 35.443 11.069 0.021 
0.492 26.451 35.443 11.069 0.021 
19.209 8.973 0.063 19.702 0.002 
1.093 47.33 44.311 0.262 1.523 
6.19 0.024 13.891 24.752 0.123 
102.249 17.955 8.642 0.363 11.656 
29.863 48.056 69.055 0.117 0.04 
0.158 8.234 106.659 0.023 6.86 
68.378 27.942 135.344 0.014 13.812 
3.175 80.946 101.365 4.358 0.001 
0.0 0.0 0.001 0.006 227.845 
0.002 0.0 0.006 0.0 244.229 
0.0 0.0 0.001 0.006 227.845 
0.0 0.0 0.0 0.0 211.757 
19.209 8.973 0.063 19.702 0.002 
1.287 32.825 5.72 67.874 26.102 
9.775 9.808 23.53 1.013 0.0 
1.093 47.33 44.311 0.262 1.523 
39.523 341.513 0.16 0.004 6.244 
117.146 1.085 0.061 0.592 0.032 
0.004 0.002 0.01 90.651 0.249 
6.19 0.024 13.891 24.752 0.123 
0.374 82.533 116.496 0.27 0.006 
1.29 1.806 126.252 0.872 2.986 
0.004 0.002 0.01 90.651 0.249 
15.601 0.052 161.983 15.342 0.003 
0.158 8.234 106.659 0.023 6.86 
