0.005 0.004 0.522 0.012 109.506 
99.804 37.111 0.947 0.481 0.257 
6.123 94.942 0.217 0.433 15.86 
0.009 0.056 0.001 11.902 218.257 
46.99 0.475 267.669 0.514 2.266 
0.006 0.01 0.248 102.455 3.641 
0.001 0.0 0.077 12.008 272.438 
58.078 0.588 198.193 0.897 0.252 
0.0 0.0 0.184 28.241 48.947 
0.051 0.084 0.446 0.03 123.095 
81.325 44.472 1.205 23.953 6.882 
1.837 76.372 17.274 6.162 4.107 
46.885 50.222 3.709 51.842 5.411 
6.123 94.942 0.217 0.433 15.86 
13.386 7.32 118.058 26.172 7.519 
9.145 17.088 4.92 16.019 1.672 
22.931 4.709 155.87 1.948 27.199 
0.241 0.0 0.121 65.025 261.192 
58.078 0.588 198.193 0.897 0.252 
99.804 37.111 0.947 0.481 0.257 
0.04 0.061 0.106 99.916 3.549 
0.01 0.009 0.148 80.311 2.853 
0.241 0.0 0.121 65.025 261.192 
22.931 4.709 155.87 1.948 27.199 
3.383 39.028 1.858 28.335 11.321 
39.909 56.859 14.832 4.407 41.6 
71.373 4.318 3.994 5.142 3.007 
0.704 32.556 35.058 9.769 6.525 
0.009 0.056 0.001 11.902 218.257 
47.89 36.144 18.062 1.097 60.607 
39.909 56.859 14.832 4.407 41.6 
55.281 1.329 10.617 1.88 76.557 
81.325 44.472 1.205 23.953 6.882 
0.01 0.009 0.148 80.311 2.853 
1.837 76.372 17.274 6.162 4.107 
5.014 16.389 63.713 1.936 21.96 
46.885 50.222 3.709 51.842 5.411 
0.419 0.229 103.544 43.821 14.563 
1.859 1.017 216.261 41.33 11.874 
4.114 63.794 2.976 0.303 11.1 
20.47 1.261 242.677 0.923 9.405 
2.962 1.62 90.954 40.181 13.353 
34.871 1.267 28.813 1.041 30.688 
13.386 7.32 118.058 26.172 7.519 
20.47 1.261 242.677 0.923 9.405 
26.033 5.345 97.374 3.75 47.515 
0.903 24.585 32.167 3.721 22.01 
46.99 0.475 267.669 0.514 2.266 
71.373 4.318 3.994 5.142 3.007 
0.903 24.585 32.167 3.721 22.01 
4.114 63.794 2.976 0.303 11.1 
79.728 4.824 3.319 5.67 3.316 
14.062 10.613 69.129 1.008 55.685 
14.062 10.613 69.129 1.008 55.685 
6.345 11.856 1.438 58.706 13.918 
1.859 1.017 216.261 41.33 11.874 
26.033 5.345 97.374 3.75 47.515 
7.633 30.054 30.048 1.086 32.003 
17.35 13.095 34.42 0.278 38.259 
4.688 14.325 20.041 5.585 18.531 
0.704 32.556 35.058 9.769 6.525 
2.962 1.62 90.954 40.181 13.353 
0.13 5.391 88.845 60.427 6.691 
47.89 36.144 18.062 1.097 60.607 
55.281 1.329 10.617 1.88 76.557 
0.13 5.391 88.845 60.427 6.691 
34.871 1.267 28.813 1.041 30.688 
0.328 0.008 74.995 2.107 85.785 
17.35 13.095 34.42 0.278 38.259 
0.419 0.229 103.544 43.821 14.563 
7.633 30.054 30.048 1.086 32.003 
6.345 11.856 1.438 58.706 13.918 
9.145 17.088 4.92 16.019 1.672 
0.001 0.0 0.077 12.008 272.438 
0.047 0.072 7.128 0.165 98.491 
4.688 14.325 20.041 5.585 18.531 
1.47 6.148 3.694 5.816 32.048 
5.014 16.389 63.713 1.936 21.96 
0.0 0.0 0.014 2.129 117.147 
0.328 0.008 74.995 2.107 85.785 
0.798 0.723 90.879 2.101 81.87 
0.101 0.167 0.158 0.022 90.381 
0.005 0.004 0.522 0.012 109.506 
0.0 0.0 0.014 2.129 117.147 
3.383 39.028 1.858 28.335 11.321 
0.0 0.0 0.184 28.241 48.947 
0.04 0.061 0.106 99.916 3.549 
0.009 0.007 0.003 14.473 16.18 
0.006 0.01 0.248 102.455 3.641 
79.728 4.824 3.319 5.67 3.316 
0.009 0.007 0.003 14.473 16.18 
0.051 0.084 0.446 0.03 123.095 
0.018 0.016 1.999 5.83 104.469 
0.05 0.21 0.037 0.015 98.617 
0.798 0.723 90.879 2.101 81.87 
1.47 6.148 3.694 5.816 32.048 
0.047 0.072 7.128 0.165 98.491 
0.0 0.001 0.085 0.249 105.827 
0.018 0.016 1.999 5.83 104.469 
0.101 0.167 0.158 0.022 90.381 
