16.897 66.527 34.683 1.894 55.803 
13.545 43.638 61.784 33.244 3.368 
2.623 0.008 87.045 98.668 7.61 
0.665 42.286 133.286 11.373 31.689 
0.001 0.0 0.944 282.252 12.039 
120.336 52.734 39.039 45.635 5.835 
0.234 17.63 23.528 34.349 28.004 
0.802 82.326 232.601 90.842 5.677 
11.604 25.351 39.927 1.233 86.096 
0.109 0.237 0.144 190.047 6.754 
100.183 45.456 70.645 0.65 4.226 
62.353 0.201 41.406 114.383 8.822 
1.448 9.039 65.425 73.907 19.934 
0.443 0.51 64.325 69.403 79.1 
2.094 157.926 4.85 78.688 12.96 
53.51 19.897 2.063 18.371 19.292 
8.191 11.878 97.002 51.288 3.28 
133.614 19.172 5.171 18.371 27.847 
17.6 25.23 0.168 6.149 20.402 
0.535 21.216 67.497 5.759 34.069 
5.79 1.189 106.68 26.556 51.277 
2.573 7.634 32.074 49.959 42.894 
41.026 152.36 0.393 3.107 34.569 
23.506 75.727 107.216 23.235 5.082 
3.385 0.011 47.655 56.169 4.332 
0.865 55.04 62.151 7.618 21.228 
31.137 22.265 165.718 0.622 8.901 
0.001 0.0 1.605 245.972 10.525 
11.937 102.964 63.603 85.195 1.827 
0.194 1.78 4.586 93.903 26.582 
12.103 26.442 16.024 0.875 61.109 
0.079 0.172 0.271 202.914 41.511 
15.934 6.559 8.006 54.694 3.682 
8.643 0.723 143.187 35.644 68.824 
167.486 0.078 110.915 0.837 5.441 
3.001 2.464 108.464 50.88 72.273 
0.0 0.0 0.039 12.83 199.504 
118.053 9.097 141.356 16.484 12.115 
16.897 66.527 34.683 1.894 55.803 
0.132 0.49 0.006 148.326 26.153 
0.005 0.792 47.573 0.22 154.287 
7.254 56.84 0.251 9.201 30.532 
5.654 1.161 127.144 31.299 60.436 
0.108 0.994 0.848 0.863 132.836 
125.981 46.845 9.12 44.29 7.736 
13.545 43.638 61.784 33.244 3.368 
2.623 0.008 87.045 98.668 7.61 
4.965 30.982 3.703 42.156 48.045 
0.025 0.014 0.766 0.192 256.988 
0.665 42.286 133.286 11.373 31.689 
0.001 0.0 0.944 282.252 12.039 
120.336 52.734 39.039 45.635 5.835 
0.234 17.63 23.528 34.349 28.004 
0.802 82.326 232.601 90.842 5.677 
11.604 25.351 39.927 1.233 86.096 
0.109 0.237 0.144 190.047 6.754 
9.355 52.339 0.242 8.857 25.889 
0.0 0.002 0.0 0.951 172.867 
100.183 45.456 70.645 0.65 4.226 
62.353 0.201 41.406 114.383 8.822 
1.448 9.039 65.425 73.907 19.934 
0.443 0.51 64.325 69.403 79.1 
2.094 157.926 4.85 78.688 12.96 
53.51 19.897 2.063 18.371 19.292 
0.535 4.176 8.423 0.211 108.862 
8.191 11.878 97.002 51.288 3.28 
10.096 1.832 9.421 125.964 6.368 
0.097 0.209 0.269 2.337 107.98 
0.454 0.343 47.573 0.22 154.287 
133.614 19.172 5.171 18.371 27.847 
17.6 25.23 0.168 6.149 20.402 
0.535 21.216 67.497 5.759 34.069 
5.79 1.189 106.68 26.556 51.277 
1.58 1.385 6.889 141.048 39.927 
2.573 7.634 32.074 49.959 42.894 
41.026 152.36 0.393 3.107 34.569 
125.323 46.6 10.023 44.29 7.736 
23.506 75.727 107.216 23.235 5.082 
3.385 0.011 47.655 56.169 4.332 
1.3 0.012 11.982 2.988 130.271 
4.965 30.982 3.703 42.156 48.045 
0.096 0.038 2.661 0.667 250.718 
0.865 55.04 62.151 7.618 21.228 
31.137 22.265 165.718 0.622 8.901 
0.001 0.0 1.605 245.972 10.525 
11.937 102.964 63.603 85.195 1.827 
0.194 1.78 4.586 93.903 26.582 
12.103 26.442 16.024 0.875 61.109 
0.079 0.172 0.271 202.914 41.511 
15.934 6.559 8.006 54.694 3.682 
0.797 0.601 1.231 0.012 221.741 
8.643 0.723 143.187 35.644 68.824 
0.543 1.243 0.875 0.714 227.451 
0.0 0.002 0.0 0.851 154.726 
167.486 0.078 110.915 0.837 5.441 
6.554 1.98 13.412 129.488 21.247 
0.311 0.054 0.038 0.845 90.359 
3.001 2.464 108.464 50.88 72.273 
0.0 0.0 0.039 12.83 199.504 
118.053 9.097 141.356 16.484 12.115 
