0.0 0.0 0.0 0.0 0.0 0.0 0.0 0.0 0.0 0.0 0.002 0.003 0.175 3.305 343.48 
2.476 3.809 21.973 12.481 1.714 13.783 17.288 12.557 17.164 51.067 62.678 1.482 2.471 41.002 16.438 
0.002 0.0 0.0 0.005 0.022 0.008 0.087 0.024 0.001 1.261 0.741 17.147 5.384 212.004 0.009 
4.164 0.992 0.068 1.848 7.628 0.563 8.057 0.79 31.544 21.383 33.376 4.618 8.673 164.399 119.0 
0.46 0.708 4.083 0.807 21.904 9.079 6.398 25.66 13.778 119.196 82.078 1.94 0.468 53.178 8.897 
0.098 0.027 0.325 0.229 0.029 0.98 7.61 89.251 58.174 1.07 56.033 8.111 20.477 35.844 27.482 
0.0 0.0 0.0 0.056 0.236 0.485 1.296 0.272 0.171 0.058 93.115 260.812 49.253 1.031 12.111 
0.016 0.025 0.027 0.062 0.045 0.103 5.601 0.77 30.521 39.997 24.226 190.518 9.246 0.015 0.689 
0.062 0.094 0.032 0.125 0.039 0.126 0.167 0.183 1.22 0.348 2.409 0.497 0.06 0.12 448.998 
0.001 0.057 0.004 9.104 4.555 60.531 123.894 19.327 42.106 5.944 24.735 1.982 40.375 0.846 9.928 
0.0 0.0 0.0 0.001 0.01 0.039 1.724 0.593 5.542 0.633 0.018 7.075 23.564 238.174 49.336 
0.0 0.0 0.0 0.0 0.0 0.0 0.0 0.0 0.0 0.0 0.003 0.048 0.08 0.237 318.675 
0.324 0.62 3.3 1.874 4.148 39.447 14.39 9.803 96.062 17.45 2.802 50.171 8.482 106.354 2.407 
0.038 0.058 0.336 0.066 0.009 1.952 6.323 2.55 5.587 1.737 6.625 0.959 228.064 37.602 73.567 
0.055 0.084 0.484 0.317 0.039 0.026 4.527 0.993 1.129 0.786 2.997 5.154 0.188 399.526 41.116 
0.001 0.002 0.407 0.209 0.026 2.484 14.109 25.7 1.928 210.621 37.274 26.571 29.464 45.643 24.753 
0.0 0.0 0.0 0.0 0.0 0.0 0.0 0.0 0.0 0.0 0.0 0.001 0.047 0.891 199.186 
0.077 5.396 1.133 4.394 10.414 7.69 10.127 11.111 74.223 21.19 146.531 30.241 3.649 11.971 36.492 
0.028 0.036 0.223 0.146 0.018 1.736 9.86 12.862 16.778 4.28 193.271 1.941 22.253 38.951 36.865 
2.476 3.809 21.973 12.481 1.714 13.783 17.288 12.557 17.164 51.067 62.678 1.482 2.471 41.002 16.438 
0.734 1.13 6.516 2.735 0.468 6.213 80.223 14.989 5.075 12.123 46.237 79.531 2.896 38.277 29.347 
0.001 0.057 0.004 9.104 4.555 60.531 123.894 19.327 42.106 5.944 24.735 1.982 40.375 0.846 9.928 
0.077 5.396 1.133 4.394 10.414 7.69 10.127 11.111 74.223 21.19 146.531 30.241 3.649 11.971 36.492 
4.164 0.992 0.068 1.848 7.628 0.563 8.057 0.79 31.544 21.383 33.376 4.618 8.673 164.399 119.0 
0.011 0.017 0.0 4.265 17.843 36.712 98.193 20.566 12.952 4.363 18.158 126.058 46.854 0.981 11.521 
0.46 0.708 4.083 0.807 21.904 9.079 6.398 25.66 13.778 119.196 82.078 1.94 0.468 53.178 8.897 
1.751 2.044 0.786 0.715 5.013 1.791 4.21 4.619 30.857 5.317 57.405 11.847 199.219 31.585 38.543 
0.949 0.675 5.678 1.123 0.354 33.732 4.022 49.676 4.321 10.321 39.363 83.637 21.576 22.219 17.423 
0.011 0.017 0.0 4.265 17.843 36.712 98.193 20.566 12.952 4.363 18.158 126.058 46.854 0.981 11.521 
1.129 0.269 4.849 2.21 4.047 0.479 6.853 0.672 28.122 18.684 43.1 4.618 8.673 164.399 119.0 
0.03 0.015 0.158 0.892 0.046 10.705 52.801 8.466 95.032 17.263 13.96 7.563 11.015 32.226 81.035 
0.0 0.001 0.003 0.224 4.381 17.709 100.608 2.272 32.551 16.196 0.367 78.57 2.861 37.814 28.993 
0.098 0.027 0.325 0.229 0.029 0.98 7.61 89.251 58.174 1.07 56.033 8.111 20.477 35.844 27.482 
1.046 0.744 6.256 1.237 0.391 37.167 4.431 54.735 4.761 46.172 55.729 21.182 21.576 22.219 17.423 
0.793 0.564 4.742 0.344 0.15 6.04 56.951 74.287 6.461 10.098 75.712 23.52 2.937 38.828 19.703 
1.607 1.876 0.721 0.656 4.6 1.644 3.864 3.612 27.394 10.631 56.906 11.744 200.318 31.585 38.543 
0.062 0.094 0.032 0.125 0.039 0.126 0.167 0.183 1.22 0.348 2.409 0.497 0.06 0.12 448.998 
0.004 0.003 0.831 0.427 0.053 5.065 28.776 0.472 1.6 174.771 30.93 30.954 74.912 45.643 24.753 
1.036 2.739 0.781 0.711 4.987 3.683 4.849 10.581 1.046 3.122 33.713 6.958 118.675 14.75 22.407 
0.104 0.028 0.038 0.087 0.011 0.37 6.593 69.401 45.235 0.832 43.571 6.307 15.923 27.872 89.371 
0.0 0.0 0.0 0.0 0.0 0.0 0.0 0.0 0.0 0.0 0.002 0.003 0.175 3.305 343.48 
1.036 2.739 0.781 0.711 4.987 3.683 4.849 10.581 1.046 3.122 33.713 6.958 118.675 14.75 22.407 
0.0 0.014 0.001 2.177 2.417 7.642 20.441 3.189 6.947 54.188 9.038 169.411 38.057 0.797 9.358 
0.687 1.816 0.518 0.471 3.306 2.442 3.215 5.245 1.019 4.329 23.171 4.782 81.564 10.137 178.447 
0.004 0.005 0.032 0.018 0.002 0.235 1.322 43.365 0.836 2.642 171.302 99.057 29.416 51.491 39.479 
0.001 0.002 0.407 0.209 0.026 2.484 14.109 25.7 1.928 210.621 37.274 26.571 29.464 45.643 24.753 
0.005 0.004 0.031 0.021 0.003 0.244 2.797 0.053 0.498 53.931 20.45 35.175 181.057 38.508 20.883 
0.022 0.034 0.035 0.091 0.658 0.273 0.265 2.024 0.153 13.825 7.059 45.172 142.689 39.398 68.082 
0.036 0.028 0.225 0.128 2.745 12.149 104.923 18.387 36.041 17.932 0.406 86.993 3.167 41.868 32.101 
0.104 0.028 0.038 0.087 0.011 0.37 6.593 69.401 45.235 0.832 43.571 6.307 15.923 27.872 89.371 
0.0 0.0 0.0 0.056 0.236 0.485 1.296 0.272 0.171 0.058 93.115 260.812 49.253 1.031 12.111 
0.094 0.067 0.045 0.502 0.03 2.835 2.694 9.877 10.873 2.774 125.252 69.884 20.753 3.659 30.398 
0.004 0.003 0.831 0.427 0.053 5.065 28.776 0.472 1.6 174.771 30.93 30.954 74.912 45.643 24.753 
0.0 0.014 0.001 2.177 2.417 7.642 20.441 3.189 6.947 54.188 9.038 169.411 38.057 0.797 9.358 
0.004 0.005 0.032 0.018 0.002 0.235 1.322 43.365 0.836 2.642 171.302 99.057 29.416 51.491 39.479 
0.0 0.0 0.009 0.001 0.199 0.803 4.565 0.103 1.477 31.602 0.082 17.507 0.637 336.52 38.864 
0.055 0.084 0.484 0.317 0.039 0.026 4.527 0.993 1.129 0.786 2.997 5.154 0.188 399.526 41.116 
0.028 0.036 0.223 0.146 0.018 1.736 9.86 12.862 16.778 4.28 193.271 1.941 22.253 38.951 36.865 
0.734 1.13 6.516 2.735 0.468 6.213 80.223 14.989 5.075 12.123 46.237 79.531 2.896 38.277 29.347 
0.014 0.115 0.453 0.037 0.682 5.003 28.424 37.076 1.784 7.555 6.916 39.692 1.445 198.338 32.349 
0.094 0.067 0.045 0.502 0.03 2.835 2.694 9.877 10.873 2.774 125.252 69.884 20.753 3.659 30.398 
0.041 0.1 0.149 0.148 0.018 0.758 5.478 9.978 21.669 3.936 1.73 228.607 25.153 44.028 33.757 
0.274 0.195 1.638 1.072 0.134 12.726 72.298 51.035 19.003 16.26 59.239 1.898 21.753 38.078 36.038 
0.028 0.02 0.169 0.033 0.063 1.205 6.845 10.596 0.851 7.946 97.96 56.666 2.063 19.764 12.815 
0.044 0.068 0.394 2.218 0.115 10.911 61.986 9.918 3.847 9.189 35.045 5.073 12.807 22.418 56.372 
0.274 0.195 1.638 1.072 0.134 12.726 72.298 51.035 19.003 16.26 59.239 1.898 21.753 38.078 36.038 
0.019 0.013 0.111 0.008 0.006 0.602 3.421 4.463 0.388 146.263 55.146 20.96 21.35 37.372 18.206 
0.016 0.128 0.128 0.245 0.795 0.152 6.601 1.056 41.866 20.871 38.077 206.567 86.568 1.025 0.924 
0.793 0.564 4.742 0.344 0.15 6.04 56.951 74.287 6.461 10.098 75.712 23.52 2.937 38.828 19.703 
0.019 0.013 0.111 0.008 0.006 0.602 3.421 4.463 0.388 146.263 55.146 20.96 21.35 37.372 18.206 
0.0 0.0 0.001 0.0 0.001 0.004 0.001 0.006 0.016 0.045 0.008 0.002 0.054 0.125 266.405 
0.0 0.0 0.0 0.0 0.0 0.0 0.0 0.0 0.0 0.0 0.0 0.001 0.047 0.891 199.186 
1.607 1.876 0.721 0.656 4.6 1.644 3.864 3.612 27.394 10.631 56.906 11.744 200.318 31.585 38.543 
0.949 0.675 5.678 1.123 0.354 33.732 4.022 49.676 4.321 10.321 39.363 83.637 21.576 22.219 17.423 
0.002 0.002 0.014 0.009 0.001 0.108 0.615 17.988 0.466 1.972 75.506 56.7 1.735 238.131 38.839 
0.038 0.058 0.336 0.066 0.009 1.952 6.323 2.55 5.587 1.737 6.625 0.959 228.064 37.602 73.567 
0.001 0.0 0.84 0.428 0.053 5.081 28.866 52.58 0.022 85.004 61.388 8.887 22.434 20.31 14.109 
1.751 2.044 0.786 0.715 5.013 1.791 4.21 4.619 30.857 5.317 57.405 11.847 199.219 31.585 38.543 
0.0 0.001 0.003 0.038 0.014 0.063 12.792 4.405 8.129 65.567 7.146 2.067 84.656 106.159 28.744 
0.137 0.211 1.215 0.641 7.965 3.301 4.141 9.695 5.444 16.198 19.881 0.47 142.046 39.22 15.724 
0.139 0.214 0.191 0.545 0.046 4.361 24.775 32.316 2.811 6.714 16.729 40.045 128.003 66.106 87.368 
0.555 0.395 3.321 1.307 0.235 1.887 24.979 34.888 3.034 16.326 35.308 12.175 12.401 21.708 61.744 
0.031 0.048 0.278 0.158 0.022 2.063 25.577 10.163 0.712 4.009 152.212 88.018 3.205 42.362 32.479 
0.0 0.0 0.004 0.236 0.01 0.961 24.809 0.349 1.184 99.412 45.086 77.551 68.269 41.596 22.558 
0.023 0.035 0.051 0.098 0.166 0.023 24.729 3.29 1.276 31.95 19.352 152.185 21.514 95.668 12.053 
0.111 0.079 0.661 0.101 6.688 2.48 1.748 17.427 5.841 50.535 34.798 192.441 0.512 58.164 9.731 
0.002 0.02 0.015 0.034 0.028 0.059 3.192 1.626 22.84 29.932 18.13 142.574 2.822 0.562 0.507 
0.041 0.1 0.149 0.148 0.018 0.758 5.478 9.978 21.669 3.936 1.73 228.607 25.153 44.028 33.757 
0.461 0.239 2.446 0.491 0.153 14.563 81.806 13.117 6.522 12.299 46.908 6.791 17.143 30.007 75.455 
0.063 0.097 0.562 0.297 0.043 4.082 33.96 45.66 41.79 12.993 49.554 7.174 18.11 87.31 10.379 
0.0 0.0 0.0 0.0 0.0 0.0 0.02 0.022 0.011 0.001 3.156 58.407 5.685 122.84 16.986 
0.189 0.291 1.676 1.696 0.07 15.07 48.823 19.69 43.14 13.413 51.155 7.405 18.695 32.723 64.022 
0.001 0.0 0.0 0.003 0.001 0.0 0.004 0.75 43.967 39.112 29.771 1.557 11.057 81.074 105.065 
0.324 0.62 3.3 1.874 4.148 39.447 14.39 9.803 96.062 17.45 2.802 50.171 8.482 106.354 2.407 
0.269 0.414 2.391 1.003 0.172 16.329 92.768 17.333 5.869 14.019 53.467 91.968 3.348 44.262 33.937 
0.006 0.004 0.003 0.342 0.015 1.426 8.099 15.598 37.537 6.471 83.218 68.838 20.442 35.782 33.866 
0.189 0.291 1.676 1.696 0.07 15.07 48.823 19.69 43.14 13.413 51.155 7.405 18.695 32.723 64.022 
0.0 0.0 0.001 0.0 0.001 0.004 0.001 0.006 0.016 0.045 0.008 0.002 0.054 0.125 266.405 
0.128 0.091 0.365 0.263 0.036 1.535 0.743 7.198 2.065 4.773 6.107 22.198 93.272 119.742 69.926 
0.216 0.332 0.296 0.846 0.071 6.769 38.455 50.161 4.363 10.422 25.967 62.156 57.878 38.138 80.084 
