92.717 15.879 40.068 0.008 0.003 
0.0 0.273 0.0 220.155 0.771 
0.0 0.0 0.0 0.0 224.649 
1.202 268.112 0.154 0.274 0.271 
0.0 0.0 0.0 0.078 229.14 
0.0 0.0 0.0 0.078 229.14 
0.025 0.001 198.134 2.835 0.023 
299.738 0.617 36.137 0.015 8.405 
0.0 0.0 0.0 0.0 219.936 
1.202 268.112 0.154 0.274 0.271 
0.697 157.839 0.147 0.015 3.964 
2.428 21.357 131.491 0.074 0.544 
0.025 0.001 198.134 2.835 0.023 
299.738 0.617 36.137 0.015 8.405 
211.314 0.435 0.086 0.025 5.292 
0.261 58.136 20.471 0.08 146.294 
0.026 0.035 0.009 148.407 0.149 
0.089 0.0 0.15 195.867 0.197 
0.0 0.063 0.0 50.975 32.454 
93.253 0.016 32.695 0.277 70.923 
0.006 1.277 0.45 8.327 103.898 
189.761 53.89 0.038 0.057 1.269 
0.002 0.043 84.563 59.378 0.007 
149.973 0.308 7.703 0.446 0.323 
28.837 110.995 55.723 0.478 0.46 
0.261 58.136 20.471 0.08 146.294 
0.007 7.491 80.558 3.457 16.612 
134.234 0.036 0.001 39.743 5.376 
51.155 12.817 0.931 0.183 100.103 
0.077 0.001 2.033 112.146 3.312 
0.0 0.0 0.0 0.0 170.094 
83.741 3.842 102.973 0.194 0.192 
0.513 0.001 49.515 2.39 87.687 
0.207 30.152 35.507 78.989 3.618 
0.158 0.0 0.008 134.225 0.47 
20.64 3.685 10.616 0.035 89.477 
0.207 30.152 35.507 78.989 3.618 
37.761 0.023 75.526 18.749 0.133 
189.761 53.89 0.038 0.057 1.269 
0.266 59.345 26.017 1.224 32.204 
0.0 0.0 0.0 0.0 170.094 
0.0 0.0 0.0 0.0 191.183 
20.786 80.006 118.502 0.012 6.748 
0.004 4.445 126.772 26.465 75.886 
93.253 0.016 32.695 0.277 70.923 
62.302 0.128 3.2 0.185 2.908 
18.604 8.834 63.698 9.295 0.101 
2.678 59.791 73.446 0.138 0.306 
130.899 91.605 0.035 0.026 1.159 
130.899 91.605 0.035 0.026 1.159 
37.761 0.023 75.526 18.749 0.133 
18.604 8.834 63.698 9.295 0.101 
20.786 80.006 118.502 0.012 6.748 
0.629 140.261 0.424 27.387 5.191 
0.54 120.444 1.76 1.755 0.292 
110.507 19.728 0.003 0.133 4.011 
6.679 149.131 7.987 0.167 4.753 
211.314 0.435 0.086 0.025 5.292 
110.507 19.728 0.003 0.133 4.011 
0.294 42.875 50.491 0.095 2.342 
0.043 0.017 0.0 0.009 204.079 
28.837 110.995 55.723 0.478 0.46 
3.009 0.138 96.946 0.282 0.236 
0.734 0.514 106.706 0.062 15.072 
149.973 0.308 7.703 0.446 0.323 
0.002 0.043 84.563 59.378 0.007 
0.062 0.0 117.922 0.12 3.603 
0.077 0.001 2.033 112.146 3.312 
0.294 42.875 50.491 0.095 2.342 
0.043 0.017 0.0 0.009 204.079 
0.0 0.0 0.0 0.0 191.183 
0.0 0.0 0.247 198.824 15.191 
0.221 0.0 0.017 100.075 3.087 
0.001 0.235 0.113 146.393 0.148 
0.158 0.0 0.008 134.225 0.47 
0.0 0.0 0.261 209.801 6.408 
0.221 0.0 0.017 100.075 3.087 
0.0 0.004 0.0 88.51 0.181 
0.0 0.063 0.0 50.975 32.454 
62.269 0.128 10.287 36.605 3.363 
92.717 15.879 40.068 0.008 0.003 
0.114 27.832 55.863 0.085 7.828 
0.0 0.0 0.261 209.801 6.408 
0.734 0.514 106.706 0.062 15.072 
0.0 0.273 0.0 220.155 0.771 
0.0 0.005 125.828 88.311 0.011 
2.707 23.806 71.076 0.047 0.342 
0.392 87.386 6.694 1.351 0.409 
0.007 7.491 80.558 3.457 16.612 
54.688 144.191 0.031 0.047 4.969 
51.155 12.817 0.931 0.183 100.103 
3.009 0.138 96.946 0.282 0.236 
83.741 3.842 102.973 0.194 0.192 
90.69 4.161 34.997 25.165 0.003 
0.54 120.444 1.76 1.755 0.292 
0.07 1.213 0.45 8.327 103.898 
0.112 16.316 8.798 32.579 8.066 
2.259 9.108 22.722 23.924 0.012 
0.629 140.261 0.424 27.387 5.191 
0.266 59.345 26.017 1.224 32.204 
