16.814 0.968 226.027 0.091 0.012 
0.408 0.018 0.514 250.139 0.012 
0.0 0.0 0.0 0.041 140.731 
162.198 16.928 48.804 4.089 0.065 
51.305 22.94 89.465 14.139 0.003 
0.0 0.0 0.0 0.015 218.13 
0.002 0.0 0.005 0.0 193.038 
0.025 0.016 0.0 0.001 266.17 
4.19 181.48 59.517 0.691 5.638 
5.236 133.508 167.187 0.114 42.049 
119.317 53.349 3.623 0.066 0.036 
72.645 3.271 1.593 56.233 0.007 
5.236 133.508 167.187 0.114 42.049 
3.789 38.931 0.009 190.497 32.044 
0.575 0.248 114.325 0.786 0.006 
146.274 6.647 52.873 0.077 28.286 
1.077 8.91 0.055 244.63 0.7 
119.317 53.349 3.623 0.066 0.036 
4.19 181.48 59.517 0.691 5.638 
25.44 25.527 0.634 138.507 0.009 
4.025 102.627 1.326 0.721 0.299 
71.514 152.783 4.214 0.003 0.628 
0.001 0.0 202.838 7.085 0.059 
0.01 0.085 0.074 178.397 1.202 
162.198 16.928 48.804 4.089 0.065 
146.274 6.647 52.873 0.077 28.286 
0.013 0.0 0.531 49.003 82.803 
69.174 5.702 90.226 0.062 77.203 
0.003 0.028 0.002 0.0 113.204 
0.001 0.0 202.838 7.085 0.059 
56.356 17.591 0.105 0.371 0.02 
71.514 152.783 4.214 0.003 0.628 
16.814 0.968 226.027 0.091 0.012 
32.841 70.161 1.935 131.138 0.632 
28.855 1.765 36.896 181.226 0.012 
0.03 0.001 0.002 0.0 114.995 
25.154 6.393 13.093 72.137 0.321 
0.001 0.0 23.133 82.189 1.193 
0.002 0.0 0.005 0.0 193.038 
3.789 38.931 0.009 190.497 32.044 
0.0 0.012 0.0 0.03 144.434 
0.0 0.0 0.026 0.0 167.588 
33.805 72.221 16.976 3.713 17.41 
12.196 3.131 0.009 41.165 50.551 
15.989 0.148 46.174 77.869 0.356 
51.305 22.94 89.465 14.139 0.003 
0.0 0.0 0.017 100.467 2.304 
0.09 0.337 0.014 117.567 1.804 
47.837 2.905 64.53 73.93 0.009 
34.712 79.188 0.162 0.778 15.778 
0.217 61.711 10.385 52.463 5.683 
1.077 8.91 0.055 244.63 0.7 
11.407 95.076 17.856 11.778 0.038 
0.0 0.0 0.017 100.467 2.304 
0.0 0.0 0.001 0.004 174.896 
0.217 61.711 10.385 52.463 5.683 
1.748 44.569 55.812 0.697 0.283 
42.791 26.819 15.248 0.239 68.331 
52.776 0.489 17.074 1.869 58.233 
32.563 7.256 47.981 63.699 0.007 
8.75 5.614 78.971 0.263 0.005 
0.958 85.845 14.556 9.601 39.015 
0.0 0.0 16.508 26.677 8.26 
42.791 26.819 15.248 0.239 68.331 
0.034 0.0 0.003 0.001 242.53 
0.0 0.0 0.0 0.041 258.213 
0.09 0.337 0.014 117.567 1.804 
0.364 32.6 5.528 27.926 0.003 
17.794 0.165 98.734 0.329 0.006 
8.125 0.075 76.743 0.567 0.575 
28.855 1.765 36.896 181.226 0.012 
12.196 3.131 0.009 41.165 50.551 
0.034 0.0 0.003 0.001 242.53 
0.0 0.0 0.065 0.001 228.635 
28.334 8.844 0.053 30.464 6.748 
0.013 0.0 0.531 49.003 82.803 
1.748 44.569 55.812 0.697 0.283 
32.563 7.256 47.981 63.699 0.007 
11.407 95.076 17.856 11.778 0.038 
2.973 0.729 61.008 41.503 0.014 
0.958 85.845 14.556 9.601 39.015 
32.841 70.161 1.935 131.138 0.632 
40.405 6.512 15.039 1.646 8.739 
36.32 82.856 0.169 0.814 2.45 
17.794 0.165 98.734 0.329 0.006 
4.89 0.045 27.987 0.165 1.018 
2.198 0.02 90.47 0.261 0.256 
44.203 100.841 0.206 0.1 0.978 
0.001 0.0 23.133 82.189 1.193 
71.211 31.84 0.066 0.066 0.005 
52.776 0.489 17.074 1.869 58.233 
0.0 0.0 0.065 0.001 228.635 
0.0 0.0 0.0 0.015 218.13 
28.334 8.844 0.053 30.464 6.748 
47.837 2.905 64.53 73.93 0.009 
8.107 17.319 8.15 54.257 16.8 
69.174 5.702 90.226 0.062 77.203 
5.878 0.265 101.205 0.145 0.03 
34.712 79.188 0.162 0.778 15.778 
44.203 100.841 0.206 0.1 0.978 
