106.561 13.485 19.782 2.242 0.134 
0.0 0.0 0.092 357.866 2.416 
0.037 0.001 0.0 24.362 42.016 
0.0 0.0 0.013 0.328 303.261 
13.707 217.307 22.897 2.522 34.601 
0.054 0.039 0.001 367.584 2.482 
0.03 0.009 0.002 0.013 333.021 
27.296 2.351 243.643 4.382 0.418 
227.661 81.699 18.035 0.002 2.21 
0.064 0.001 0.099 0.001 230.327 
124.196 1.234 191.915 1.682 0.209 
41.469 144.333 10.832 3.153 1.135 
15.047 82.208 40.433 2.203 19.002 
13.707 217.307 22.897 2.522 34.601 
9.49 150.455 49.77 2.565 32.903 
227.661 81.699 18.035 0.002 2.21 
174.097 22.031 32.32 1.586 0.477 
0.064 0.001 0.099 0.001 230.327 
0.0 0.0 0.072 280.957 1.897 
185.557 5.239 31.441 56.173 0.262 
0.005 0.238 54.246 3.516 85.738 
2.176 34.497 11.412 32.266 37.365 
70.341 6.56 226.256 0.084 0.629 
16.836 62.822 0.763 0.558 1.411 
0.003 0.141 0.133 0.012 159.527 
0.008 0.017 0.001 0.008 205.737 
0.045 0.043 0.134 0.179 130.244 
0.0 0.001 1.542 236.204 1.351 
57.474 5.36 184.869 1.569 0.517 
0.0 0.001 1.542 236.204 1.351 
0.271 0.007 0.016 189.521 1.079 
0.0 0.0 0.072 280.957 1.897 
124.196 1.234 191.915 1.682 0.209 
70.341 6.56 226.256 0.084 0.629 
94.785 21.832 1.117 2.924 3.388 
13.835 13.022 67.787 76.298 0.355 
67.916 14.537 135.677 55.985 0.218 
41.469 144.333 10.832 3.153 1.135 
106.561 13.485 19.782 2.242 0.134 
5.55 5.265 156.972 2.69 2.696 
3.488 7.374 27.534 0.616 67.177 
174.097 22.031 32.32 1.586 0.477 
76.692 9.705 35.918 30.916 0.144 
27.296 2.351 243.643 4.382 0.418 
0.0 0.0 1.18 180.778 10.282 
0.0 0.0 0.013 0.328 303.261 
0.03 0.009 0.002 0.013 333.021 
13.835 13.022 67.787 76.298 0.355 
66.272 14.185 132.393 54.629 0.402 
0.035 0.003 99.668 130.03 0.346 
22.907 16.965 38.177 20.032 43.156 
0.035 0.003 99.668 130.03 0.346 
4.314 68.386 4.282 1.234 36.372 
94.785 21.832 1.117 2.924 3.388 
0.049 0.0 84.997 5.488 0.611 
185.557 5.239 31.441 56.173 0.262 
57.474 5.36 184.869 1.569 0.517 
0.001 0.0 0.24 155.362 0.234 
11.733 11.13 12.618 62.557 0.662 
0.756 0.008 170.452 2.745 1.174 
9.49 150.455 49.77 2.565 32.903 
0.005 0.04 0.122 0.981 151.024 
28.531 2.09 17.213 39.695 0.591 
0.045 0.043 0.134 0.179 130.244 
21.18 2.169 112.265 2.174 1.053 
9.83 28.045 29.127 19.498 1.685 
76.692 9.705 35.918 30.916 0.144 
0.065 0.081 0.009 99.728 1.58 
0.0 0.001 0.124 80.378 0.543 
0.003 0.16 0.009 111.033 0.144 
21.18 2.169 112.265 2.174 1.053 
9.83 28.045 29.127 19.498 1.685 
4.314 68.386 4.282 1.234 36.372 
19.403 1.987 91.049 1.803 2.225 
28.531 2.09 17.213 39.695 0.591 
2.176 34.497 11.412 32.266 37.365 
23.71 17.553 9.715 40.694 0.619 
3.14 148.825 5.769 10.179 1.133 
0.464 0.085 122.404 3.054 0.716 
8.847 0.648 23.376 27.278 27.97 
0.464 0.085 122.404 3.054 0.716 
0.005 0.238 54.246 3.516 85.738 
3.488 7.374 27.534 0.616 67.177 
19.403 1.987 91.049 1.803 2.225 
0.001 0.0 0.24 155.362 0.234 
0.003 0.003 0.213 140.82 0.212 
0.0 0.0 1.18 180.778 10.282 
0.013 0.001 0.021 0.001 219.819 
0.007 0.014 0.001 0.001 206.659 
0.084 0.272 0.016 0.187 73.523 
16.836 62.822 0.763 0.558 1.411 
3.14 148.825 5.769 10.179 1.133 
5.55 5.265 156.972 2.69 2.696 
0.049 0.0 84.997 5.488 0.611 
11.733 11.13 12.618 62.557 0.662 
0.229 0.001 10.147 50.79 15.07 
8.847 0.648 23.376 27.278 27.97 
0.32 15.151 39.048 43.52 0.662 
0.013 0.001 0.021 0.001 219.819 
0.065 0.081 0.009 99.728 1.58 
