0.006 0.001 0.0 11.705 336.97 
3.44 274.258 3.763 6.378 5.32 
0.033 0.031 0.0 0.365 185.404 
14.593 0.633 382.327 9.008 1.549 
1.801 0.388 6.443 0.024 249.074 
101.972 9.548 1.511 17.288 0.95 
0.003 0.138 0.035 390.689 2.85 
93.864 4.074 2.538 1.822 0.236 
0.0 0.0 0.001 1.667 292.905 
5.105 130.16 35.001 55.532 0.86 
9.032 230.272 3.242 60.973 4.696 
0.506 0.091 0.008 254.244 1.858 
0.003 0.138 0.035 390.689 2.85 
26.218 0.527 265.038 44.628 13.418 
14.593 0.633 382.327 9.008 1.549 
33.935 1.796 146.921 6.298 7.537 
80.642 0.023 63.99 1.866 21.029 
9.032 230.272 3.242 60.973 4.696 
3.824 86.573 25.255 107.899 0.333 
26.218 0.527 265.038 44.628 13.418 
68.8 2.986 5.466 133.863 13.046 
0.0 0.008 0.1 175.659 51.79 
3.437 0.62 198.656 4.593 50.778 
3.44 274.258 3.763 6.378 5.32 
73.739 119.869 2.623 49.33 3.799 
57.019 22.982 0.699 158.344 2.471 
0.032 0.052 0.021 232.481 4.299 
11.261 0.104 224.103 17.696 51.739 
3.069 64.35 27.411 30.928 10.027 
0.023 0.022 0.07 0.658 333.921 
0.0 0.0 0.001 1.667 292.905 
33.935 1.796 146.921 6.298 7.537 
0.142 0.227 0.15 0.145 116.78 
73.739 119.869 2.623 49.33 3.799 
0.781 0.269 0.018 0.298 155.713 
1.622 36.725 14.712 54.358 10.237 
0.269 0.437 17.714 32.84 79.541 
43.075 13.864 21.414 1.421 9.429 
0.668 2.269 6.819 0.028 225.156 
0.013 0.001 0.001 5.851 193.213 
80.642 0.023 63.99 1.866 21.029 
0.294 0.143 1.021 0.033 261.792 
52.481 85.314 1.867 139.566 1.064 
28.301 0.262 82.811 31.081 41.112 
45.432 1.668 17.965 81.31 3.808 
11.261 0.104 224.103 17.696 51.739 
93.864 4.074 2.538 1.822 0.236 
52.342 25.436 61.7 2.529 7.825 
101.972 9.548 1.511 17.288 0.95 
3.069 64.35 27.411 30.928 10.027 
0.008 0.0 0.003 3.213 105.252 
45.432 1.668 17.965 81.31 3.808 
20.28 8.318 7.99 16.051 1.37 
3.437 0.62 198.656 4.593 50.778 
57.019 22.982 0.699 158.344 2.471 
5.105 130.16 35.001 55.532 0.86 
18.792 0.058 14.953 0.436 163.472 
28.301 0.262 82.811 31.081 41.112 
0.668 2.269 6.819 0.028 225.156 
1.883 0.395 57.198 1.348 66.649 
52.481 85.314 1.867 139.566 1.064 
7.985 0.541 84.494 14.227 0.782 
0.121 24.341 125.71 2.723 37.45 
18.792 0.058 14.953 0.436 163.472 
0.019 0.007 0.655 0.711 244.366 
0.799 18.091 0.057 8.312 33.542 
27.174 36.654 25.951 25.416 0.918 
13.189 1.198 4.019 251.65 0.403 
52.342 25.436 61.7 2.529 7.825 
0.104 20.78 107.321 24.691 37.45 
1.705 2.196 101.939 19.467 0.998 
43.075 13.864 21.414 1.421 9.429 
0.032 0.052 0.021 232.481 4.299 
12.827 0.119 37.533 88.294 40.05 
9.232 0.838 120.621 4.506 39.836 
3.824 86.573 25.255 107.899 0.333 
68.8 2.986 5.466 133.863 13.046 
71.206 12.848 4.375 28.841 0.934 
1.001 0.148 28.842 143.488 1.382 
12.827 0.119 37.533 88.294 40.05 
7.985 0.541 84.494 14.227 0.782 
0.294 0.143 1.021 0.033 261.792 
1.801 0.388 6.443 0.024 249.074 
0.001 0.002 0.007 5.324 175.724 
0.104 20.78 107.321 24.691 37.45 
0.845 1.088 50.523 9.648 4.952 
0.269 0.437 17.714 32.84 79.541 
0.008 0.0 0.003 3.213 105.252 
71.206 12.848 4.375 28.841 0.934 
0.142 0.227 0.15 0.145 116.78 
0.525 0.252 19.497 96.996 0.934 
9.232 0.838 120.621 4.506 39.836 
1.808 7.496 3.57 7.22 70.885 
0.407 9.219 2.689 168.387 2.356 
0.352 0.01 10.743 151.838 4.239 
1.622 36.725 14.712 54.358 10.237 
0.001 0.002 0.007 5.324 175.724 
1.705 2.196 101.939 19.467 0.998 
3.37 6.151 3.632 0.961 13.962 
0.352 0.01 10.743 151.838 4.239 
