1.3 0.377 0.556 0.006 326.297 
2.733 0.443 263.218 0.751 1.846 
0.0 0.005 0.0 2.134 192.419 
0.013 0.001 0.0 5.958 171.817 
53.049 1.109 0.044 135.061 0.123 
0.001 0.609 0.202 384.325 8.895 
0.002 0.002 1.747 0.005 255.789 
1.237 227.247 4.794 0.658 3.62 
194.323 4.063 4.163 0.571 0.132 
0.217 213.113 70.743 54.093 7.688 
2.327 122.319 15.177 0.394 36.691 
0.001 0.609 0.202 384.325 8.895 
0.103 0.004 0.061 253.022 5.847 
0.012 0.027 0.391 180.761 4.185 
0.207 0.178 0.216 252.589 5.847 
127.473 92.538 90.4 0.875 1.28 
0.119 41.671 155.77 16.449 1.56 
0.167 30.752 115.249 0.407 0.687 
154.103 71.63 4.737 0.321 3.571 
38.82 0.281 200.94 0.677 5.559 
10.474 1.308 0.01 90.689 26.816 
15.906 0.69 201.848 12.621 0.178 
3.208 3.857 235.694 2.597 5.667 
166.542 26.991 22.208 0.608 3.117 
74.507 7.407 46.04 32.633 3.709 
0.747 0.164 170.462 12.879 2.851 
0.002 0.002 1.747 0.005 255.789 
0.003 0.048 0.003 99.437 152.608 
0.0 0.005 0.004 3.921 116.169 
19.234 65.289 90.785 28.978 0.158 
127.473 92.538 90.4 0.875 1.28 
0.003 0.048 0.003 99.437 152.608 
0.124 0.02 1.447 0.34 291.963 
53.049 1.109 0.044 135.061 0.123 
96.31 1.304 66.914 46.652 3.268 
3.208 3.857 235.694 2.597 5.667 
2.733 0.443 263.218 0.751 1.846 
79.331 9.907 0.073 17.007 27.82 
1.456 76.55 9.498 16.663 93.751 
0.019 0.979 1.181 0.034 322.453 
0.124 0.02 1.447 0.34 291.963 
0.217 213.113 70.743 54.093 7.688 
154.103 71.63 4.737 0.321 3.571 
0.005 0.011 12.113 59.134 0.334 
177.22 18.224 1.514 0.555 3.056 
0.256 47.042 29.024 25.081 13.948 
120.806 1.499 0.099 9.199 78.525 
0.041 0.001 32.049 156.458 10.746 
0.119 41.671 155.77 16.449 1.56 
0.014 0.448 0.153 0.174 221.736 
0.282 0.131 0.185 0.029 196.852 
14.028 12.222 6.792 120.447 4.715 
0.229 225.603 74.889 0.848 6.965 
108.366 2.179 36.659 23.598 3.945 
43.631 56.208 0.015 19.014 31.104 
47.33 60.974 28.585 10.288 6.702 
14.028 12.222 6.792 120.447 4.715 
0.013 0.001 0.0 5.958 171.817 
0.012 0.027 0.391 180.761 4.185 
78.173 0.724 5.672 14.407 99.195 
43.631 56.208 0.015 19.014 31.104 
6.294 10.808 169.464 0.472 4.32 
5.394 0.754 61.54 25.84 47.77 
0.484 0.863 6.985 0.021 240.333 
39.474 8.683 0.039 39.93 57.899 
0.014 0.448 0.153 0.174 221.736 
0.311 0.038 0.0 145.835 38.252 
0.484 0.863 6.985 0.021 240.333 
24.938 34.282 40.372 7.485 2.786 
24.938 34.282 40.372 7.485 2.786 
5.394 0.754 61.54 25.84 47.77 
7.019 9.042 82.537 7.41 63.253 
194.323 4.063 4.163 0.571 0.132 
0.0 0.005 0.004 3.921 116.169 
0.558 102.424 34.15 21.984 0.745 
2.327 122.319 15.177 0.394 36.691 
0.151 27.667 103.689 15.069 0.687 
166.542 26.991 22.208 0.608 3.117 
0.167 30.752 115.249 0.407 0.687 
0.558 102.424 34.15 21.984 0.745 
39.474 8.683 0.039 39.93 57.899 
74.507 7.407 46.04 32.633 3.709 
47.33 60.974 28.585 10.288 6.702 
27.79 0.559 105.671 44.042 4.112 
185.892 0.116 0.151 31.714 3.371 
185.892 0.116 0.151 31.714 3.371 
29.051 63.357 0.14 0.261 74.465 
105.398 2.674 57.922 4.955 2.645 
0.041 0.001 32.049 156.458 10.746 
10.474 1.308 0.01 90.689 26.816 
5.809 110.561 0.2 45.684 1.183 
29.051 63.357 0.14 0.261 74.465 
78.173 0.724 5.672 14.407 99.195 
120.806 1.499 0.099 9.199 78.525 
33.716 38.081 83.188 0.376 3.588 
1.456 76.55 9.498 16.663 93.751 
98.623 2.295 56.721 0.445 3.651 
171.294 1.586 12.429 31.569 29.831 
3.428 0.414 0.003 136.462 36.714 
34.742 3.454 46.026 21.48 27.659 
