0.033 7.389 0.01 256.102 0.014 
0.0 0.0 0.0 0.0 67.508 
0.0 0.0 0.0 0.0 142.885 
1.08 240.897 0.038 0.057 1.26 
39.871 1.829 15.386 0.058 0.001 
238.874 0.491 0.097 0.028 5.016 
0.0 0.025 192.759 2.758 17.99 
0.0 0.0 0.0 0.0 226.513 
0.0 0.0 0.0 0.0 363.62 
145.529 41.328 0.029 0.04 0.973 
0.0 0.0 0.0 0.0 67.508 
0.145 200.293 0.07 25.088 0.12 
0.145 200.293 0.07 25.088 0.12 
0.0 0.0 0.0 0.0 226.513 
0.0 0.0 0.0 0.0 296.463 
190.151 0.28 0.077 0.023 26.621 
223.829 0.27 26.962 0.011 6.271 
0.0 0.0 0.0 0.0 363.62 
0.0 0.0 0.0 0.0 296.463 
0.0 0.045 84.948 59.649 0.007 
69.918 0.042 139.845 40.836 0.252 
1.08 240.897 0.038 0.057 1.26 
0.672 164.032 0.495 0.007 15.416 
143.782 100.62 0.029 0.029 1.273 
0.002 0.857 119.906 43.796 0.165 
54.398 143.426 0.031 0.047 4.943 
0.0 0.025 192.759 2.758 17.99 
22.808 3.906 164.263 0.011 0.004 
0.317 70.802 33.278 0.025 0.544 
0.0 0.0 0.247 199.064 15.209 
190.192 0.239 0.077 0.023 26.621 
2.111 1.488 110.863 0.251 0.269 
69.918 0.042 139.845 40.836 0.252 
0.05 0.0 0.101 167.391 0.168 
0.035 39.686 46.458 7.576 2.342 
0.047 65.102 0.084 219.277 0.015 
12.987 49.986 74.037 0.008 4.216 
0.102 0.0 0.0 82.063 52.247 
0.108 24.148 48.486 0.003 6.788 
98.088 4.257 10.971 1.621 0.013 
0.068 0.398 65.018 70.013 34.597 
0.236 52.678 18.549 0.11 40.21 
85.808 40.747 1.841 13.096 0.142 
17.431 127.2 57.635 0.494 0.476 
0.0 0.0 0.0 0.0 170.094 
0.0 0.0 0.0 0.0 206.516 
223.829 0.27 26.962 0.011 6.271 
50.915 0.105 161.653 0.025 4.455 
0.001 0.222 0.078 126.244 25.213 
17.431 127.2 57.635 0.494 0.476 
85.808 40.747 1.841 13.096 0.142 
143.782 100.62 0.029 0.029 1.273 
22.856 52.376 4.665 1.142 30.049 
134.711 0.277 16.241 0.007 42.695 
0.0 0.005 81.169 56.968 0.007 
0.672 164.032 0.495 0.007 15.416 
0.54 120.444 1.76 1.755 0.292 
4.719 0.216 152.026 0.089 0.368 
0.007 0.088 0.0 105.365 67.06 
0.026 0.0 1.9 102.347 3.023 
116.032 0.239 0.0 0.328 0.238 
0.125 18.301 6.799 32.579 8.066 
98.088 4.257 10.971 1.621 0.013 
134.711 0.277 16.241 0.007 42.695 
116.032 0.239 0.0 0.328 0.238 
4.719 0.216 152.026 0.089 0.368 
0.102 0.0 0.0 82.063 52.247 
0.033 7.389 0.01 256.102 0.014 
0.025 0.067 0.155 201.576 0.203 
0.001 0.001 0.175 142.578 19.92 
0.0 0.0 0.0 0.0 167.711 
0.0 0.0 0.0 0.0 142.885 
0.001 0.222 0.078 126.244 25.213 
12.987 49.986 74.037 0.008 4.216 
0.072 15.997 37.305 5.444 0.016 
0.068 0.398 65.018 70.013 34.597 
238.874 0.491 0.097 0.028 5.016 
2.111 1.488 110.863 0.251 0.269 
39.871 1.829 15.386 0.058 0.001 
0.0 0.0 0.3 241.641 7.381 
0.072 15.997 37.305 5.444 0.016 
0.123 140.101 0.001 41.506 5.614 
0.002 0.857 119.906 43.796 0.165 
0.317 70.802 33.278 0.025 0.544 
0.0 0.0 0.0 0.0 206.516 
0.001 0.001 0.175 142.578 19.92 
0.0 0.0 0.289 232.28 17.747 
0.007 0.088 0.0 105.365 67.06 
0.125 18.301 6.799 32.579 8.066 
0.0 0.007 0.0 154.434 0.315 
0.05 0.0 0.101 167.391 0.168 
0.0 0.273 0.0 220.155 0.771 
22.808 3.906 164.263 0.011 0.004 
0.026 0.036 0.009 152.632 0.154 
0.0 0.0 0.3 241.641 7.381 
1.102 21.972 61.857 0.021 0.297 
0.0 0.0 0.289 232.28 17.747 
22.856 52.376 4.665 1.142 30.049 
0.021 9.539 1.378 39.879 0.051 
0.035 39.686 46.458 7.576 2.342 
