10.871 0.49 21.726 126.137 1.161 
0.005 0.001 0.0 2.59 325.933 
0.005 0.001 0.0 2.59 325.933 
23.985 198.427 0.382 44.208 5.549 
0.002 0.0 0.002 1.764 222.05 
4.935 125.818 1.59 259.674 6.066 
154.764 63.455 1.326 125.762 2.517 
1.865 2.559 10.269 0.041 175.563 
0.071 0.162 177.065 58.701 7.262 
0.001 0.006 19.69 3.908 281.291 
28.473 73.426 27.68 24.956 11.887 
15.822 25.841 0.253 169.243 55.254 
154.764 63.455 1.326 125.762 2.517 
87.486 150.002 1.123 153.406 6.066 
63.65 15.757 94.107 56.427 1.832 
46.649 28.576 9.16 90.14 16.285 
23.985 198.427 0.382 44.208 5.549 
4.935 125.818 1.59 259.674 6.066 
12.443 0.54 3.627 227.105 6.341 
116.656 7.205 145.845 15.699 1.531 
121.757 9.963 0.623 259.674 6.066 
8.399 17.024 59.019 0.238 105.617 
87.486 150.002 1.123 153.406 6.066 
63.65 15.757 94.107 56.427 1.832 
0.071 0.162 177.065 58.701 7.262 
0.02 0.005 70.78 6.613 158.842 
46.649 28.576 9.16 90.14 16.285 
0.605 54.022 0.094 1.625 219.33 
112.291 27.799 122.471 23.771 2.281 
93.697 32.764 46.605 56.874 1.832 
93.697 32.764 46.605 56.874 1.832 
116.656 7.205 145.845 15.699 1.531 
79.942 22.703 12.498 3.437 4.649 
25.093 67.05 109.199 5.979 1.652 
0.272 0.002 0.575 1.061 239.742 
23.159 31.78 127.543 0.515 7.299 
4.946 126.109 1.288 259.674 6.066 
2.521 2.01 30.03 135.792 3.148 
12.443 0.54 3.627 227.105 6.341 
19.228 13.808 0.201 134.202 43.814 
14.322 0.054 4.016 251.462 5.783 
0.023 0.005 107.474 10.04 144.784 
15.822 25.841 0.253 169.243 55.254 
28.473 73.426 27.68 24.956 11.887 
100.4 6.201 125.521 21.265 1.36 
0.001 0.002 62.19 139.505 6.206 
3.107 25.702 0.049 0.576 294.939 
0.02 0.005 70.78 6.613 158.842 
8.399 17.024 59.019 0.238 105.617 
1.865 2.559 10.269 0.041 175.563 
100.4 6.201 125.521 21.265 1.36 
1.815 2.47 14.317 73.088 1.695 
19.228 13.808 0.201 134.202 43.814 
10.871 0.49 21.726 126.137 1.161 
79.942 22.703 12.498 3.437 4.649 
0.082 0.018 0.005 44.218 196.655 
0.002 0.001 59.794 85.626 32.132 
0.004 0.015 0.066 44.448 122.882 
1.607 20.352 50.422 72.331 17.105 
121.757 9.963 0.623 259.674 6.066 
0.082 0.018 0.005 44.218 196.655 
3.4 0.837 14.158 72.276 1.676 
0.605 54.022 0.094 1.625 219.33 
0.071 0.018 0.005 39.205 174.357 
3.107 25.702 0.049 0.576 294.939 
0.002 0.001 59.794 85.626 32.132 
0.001 0.006 19.69 3.908 281.291 
112.291 27.799 122.471 23.771 2.281 
0.004 0.015 0.066 44.448 122.882 
14.322 0.054 4.016 251.462 5.783 
23.159 31.78 127.543 0.515 7.299 
0.023 0.005 107.474 10.04 144.784 
4.566 2.959 0.023 4.285 129.415 
0.015 0.02 0.002 15.232 235.52 
1.607 20.352 50.422 72.331 17.105 
0.002 0.0 0.002 1.764 222.05 
5.089 0.612 0.003 10.058 172.394 
0.028 0.003 1.361 254.962 30.007 
25.093 67.05 109.199 5.979 1.652 
4.759 1.351 0.018 6.546 138.627 
96.176 27.313 0.37 3.697 5.001 
4.566 2.959 0.023 4.285 129.415 
0.004 0.036 0.342 0.572 20.492 
2.521 2.01 30.03 135.792 3.148 
0.001 0.002 62.19 139.505 6.206 
0.028 0.003 1.361 254.962 30.007 
96.176 27.313 0.37 3.697 5.001 
4.759 1.351 0.018 6.546 138.627 
0.071 0.018 0.005 39.205 174.357 
5.089 0.612 0.003 10.058 172.394 
2.565 0.308 0.002 12.887 172.394 
0.347 0.002 0.5 1.061 239.742 
0.015 0.02 0.002 15.232 235.52 
2.565 0.308 0.002 12.887 172.394 
4.867 0.819 0.017 10.058 172.394 
3.4 0.837 14.158 72.276 1.676 
0.037 0.003 0.342 0.572 20.492 
0.019 0.015 0.292 0.489 17.499 
1.815 2.47 14.317 73.088 1.695 
4.946 126.109 1.288 259.674 6.066 
