6.813 0.619 185.115 78.931 37.34 
0.007 0.001 0.0 11.245 323.756 
0.049 0.002 0.014 225.669 5.873 
232.353 5.975 37.993 19.648 38.567 
1.083 3.84 11.51 0.298 67.791 
0.891 0.093 0.233 1.521 343.732 
6.293 160.435 3.499 145.334 4.883 
5.104 1.263 54.578 20.028 0.645 
24.287 33.328 133.756 0.54 7.655 
6.293 160.435 3.499 145.334 4.883 
192.057 8.266 31.935 16.515 32.417 
92.596 8.959 102.555 6.221 37.173 
6.813 0.619 185.115 78.931 37.34 
126.341 1.42 9.185 38.217 50.552 
24.287 33.328 133.756 0.54 7.655 
92.596 8.959 102.555 6.221 37.173 
60.195 14.913 68.781 4.295 25.208 
232.353 5.975 37.993 19.648 38.567 
192.057 8.266 31.935 16.515 32.417 
0.032 0.073 79.747 179.114 7.968 
0.531 0.187 10.867 41.927 242.933 
0.013 0.047 0.107 69.61 192.537 
126.341 1.42 9.185 38.217 50.552 
0.423 6.463 25.668 121.005 91.626 
67.982 6.577 75.293 10.339 28.312 
3.847 0.947 16.02 197.053 4.027 
40.044 2.029 2.179 88.923 91.077 
0.049 0.002 0.014 225.669 5.873 
13.483 2.403 6.597 1.316 238.459 
5.104 1.263 54.578 20.028 0.645 
0.126 0.054 0.361 143.78 42.524 
60.195 14.913 68.781 4.295 25.208 
0.516 0.212 19.025 1.824 281.938 
1.116 0.022 11.28 1.899 204.072 
6.45 3.676 45.991 100.051 52.89 
9.199 0.399 2.682 167.898 2.965 
2.343 0.365 7.706 2.629 312.483 
6.45 3.676 45.991 100.051 52.89 
0.461 7.047 27.987 113.301 88.784 
0.807 1.039 9.489 193.764 16.354 
39.084 3.855 1.313 88.923 91.077 
0.08 0.007 2.168 149.509 157.053 
1.622 20.999 8.679 3.196 148.104 
1.515 0.236 4.983 4.399 266.715 
0.067 3.522 8.072 2.221 168.853 
24.979 7.094 3.905 29.807 6.139 
2.053 0.324 3.16 109.734 62.617 
19.036 3.392 9.314 1.022 328.308 
1.083 3.84 11.51 0.298 67.791 
0.461 7.047 27.987 113.301 88.784 
0.516 0.212 19.025 1.824 281.938 
1.106 2.829 9.253 11.983 111.057 
0.013 0.047 0.107 69.61 192.537 
2.787 8.326 79.643 26.215 44.639 
9.199 0.399 2.682 167.898 2.965 
0.604 0.041 15.752 30.881 54.603 
67.982 6.577 75.293 10.339 28.312 
10.358 0.427 12.681 85.538 49.486 
0.032 0.073 79.747 179.114 7.968 
0.807 1.039 9.489 193.764 16.354 
1.524 2.543 73.477 5.748 131.646 
0.017 0.004 0.001 9.26 267.039 
0.08 0.007 2.168 149.509 157.053 
0.891 0.093 0.233 1.521 343.732 
0.423 6.463 25.668 121.005 91.626 
0.551 9.57 1.734 5.883 40.056 
13.483 2.403 6.597 1.316 238.459 
1.106 2.829 9.253 11.983 111.057 
3.212 3.265 2.401 13.948 123.369 
3.899 0.657 0.014 8.059 138.124 
1.61 20.852 8.618 3.416 148.104 
19.036 3.392 9.314 1.022 328.308 
0.208 1.453 0.725 3.417 157.924 
10.358 0.427 12.681 85.538 49.486 
2.787 8.326 79.643 26.215 44.639 
0.067 3.522 8.072 2.221 168.853 
0.531 0.187 10.867 41.927 242.933 
5.554 5.78 2.749 38.822 32.587 
1.622 20.999 8.679 3.196 148.104 
1.524 2.543 73.477 5.748 131.646 
3.899 0.657 0.014 8.059 138.124 
0.11 0.114 24.617 30.264 199.052 
1.61 20.852 8.618 3.416 148.104 
11.005 3.125 21.848 29.807 6.139 
2.343 0.365 7.706 2.629 312.483 
2.208 7.829 23.469 0.608 63.214 
0.604 0.041 15.752 30.881 54.603 
3.847 0.947 16.02 197.053 4.027 
0.11 0.114 24.617 30.264 199.052 
24.979 7.094 3.905 29.807 6.139 
1.531 0.136 0.677 3.514 125.782 
0.934 0.097 0.099 1.412 319.185 
2.053 0.324 3.16 109.734 62.617 
11.005 3.125 21.848 29.807 6.139 
39.084 3.855 1.313 88.923 91.077 
5.554 5.78 2.749 38.822 32.587 
1.116 0.022 11.28 1.899 204.072 
3.212 3.265 2.401 13.948 123.369 
0.007 0.001 0.0 11.245 323.756 
1.515 0.236 4.983 4.399 266.715 
