3.04 1.363 23.26 30.642 88.53 
3.04 1.363 23.26 30.642 88.53 
4.835 129.161 8.632 10.007 75.552 
4.835 129.161 8.632 10.007 75.552 
10.115 0.033 10.442 255.215 11.144 
10.115 0.033 10.442 255.215 11.144 
0.057 5.853 15.824 14.716 91.291 
0.057 5.853 15.824 14.716 91.291 
11.269 23.821 67.743 18.452 68.998 
11.269 23.821 67.743 18.452 68.998 
23.765 72.621 70.525 23.868 33.931 
23.765 72.621 70.525 23.868 33.931 
11.372 1.958 1.437 15.7 91.06 
11.372 1.958 1.437 15.7 91.06 
94.775 77.486 7.068 54.037 32.111 
94.775 77.486 7.068 54.037 32.111 
0.087 0.081 0.033 0.056 319.034 
0.087 0.081 0.033 0.056 319.034 
59.916 11.535 0.751 11.026 76.303 
59.916 11.535 0.751 11.026 76.303 
10.828 20.448 91.914 16.412 91.285 
10.828 20.448 91.914 16.412 91.285 
77.305 54.766 11.914 7.099 89.843 
77.305 54.766 11.914 7.099 89.843 
1.66 0.683 11.245 80.173 2.122 
1.66 0.683 11.245 80.173 2.122 
0.067 0.064 0.418 97.826 213.79 
0.067 0.064 0.418 97.826 213.79 
20.459 4.201 76.524 6.53 38.626 
20.459 4.201 76.524 6.53 38.626 
4.154 0.65 2.228 2.023 126.156 
4.154 0.65 2.228 2.023 126.156 
1.761 3.29 0.947 28.789 65.09 
1.761 3.29 0.947 28.789 65.09 
0.016 0.018 2.285 50.033 90.148 
0.016 0.018 2.285 50.033 90.148 
28.477 10.589 2.277 116.66 5.403 
28.477 10.589 2.277 116.66 5.403 
0.202 0.751 0.009 173.041 30.551 
0.202 0.751 0.009 173.041 30.551 
19.012 16.22 7.947 149.614 12.128 
19.012 16.22 7.947 149.614 12.128 
14.332 4.805 36.39 20.365 77.913 
14.332 4.805 36.39 20.365 77.913 
0.36 0.276 141.831 15.144 174.6 
0.36 0.276 141.831 15.144 174.6 
2.593 1.418 79.611 19.963 34.401 
2.593 1.418 79.611 19.963 34.401 
113.057 14.361 5.116 31.903 47.753 
113.057 14.361 5.116 31.903 47.753 
6.024 0.445 4.691 159.769 45.227 
6.024 0.445 4.691 159.769 45.227 
0.479 19.02 11.093 127.33 57.753 
0.479 19.02 11.093 127.33 57.753 
0.04 0.036 4.547 29.454 101.378 
0.04 0.036 4.547 29.454 101.378 
1.51 0.317 0.245 4.872 164.359 
1.51 0.317 0.245 4.872 164.359 
12.265 0.352 75.678 118.946 20.739 
12.265 0.352 75.678 118.946 20.739 
0.047 0.033 0.066 22.349 348.732 
0.047 0.033 0.066 22.349 348.732 
0.806 0.548 1.193 0.027 186.472 
0.806 0.548 1.193 0.027 186.472 
0.31 0.011 4.915 58.189 195.233 
0.31 0.011 4.915 58.189 195.233 
0.016 0.185 0.217 162.306 5.768 
0.016 0.185 0.217 162.306 5.768 
0.24 20.116 15.932 147.803 55.176 
0.24 20.116 15.932 147.803 55.176 
0.329 2.355 0.842 3.211 248.023 
0.329 2.355 0.842 3.211 248.023 
0.065 0.28 1.314 2.156 101.294 
0.065 0.28 1.314 2.156 101.294 
1.476 1.307 0.127 107.691 124.85 
1.476 1.307 0.127 107.691 124.85 
1.166 0.247 0.201 2.953 327.544 
6.215 9.013 73.603 167.199 4.988 
110.545 58.631 87.311 15.746 47.936 
6.152 14.146 187.106 73.291 101.148 
0.819 0.06 11.164 148.837 117.939 
14.705 6.444 10.259 0.123 300.039 
14.907 1.149 17.849 293.969 59.904 
31.195 122.823 64.031 3.496 103.024 
0.186 2.076 9.834 4.774 434.677 
0.186 2.076 9.834 4.774 434.677 
83.009 62.285 14.408 102.22 94.648 
13.083 112.848 69.709 93.374 9.268 
29.667 31.779 9.418 211.828 50.219 
8.629 9.723 103.491 59.472 76.138 
18.026 22.011 152.634 94.756 35.87 
14.907 1.149 17.849 293.969 59.904 
13.553 54.846 153.702 128.488 22.376 
90.164 18.462 76.723 77.954 41.583 
38.084 39.283 65.109 117.179 59.094 
110.545 58.631 87.311 15.746 47.936 
62.629 3.858 45.126 70.817 127.993 
6.152 14.146 187.106 73.291 101.148 
0.283 0.097 0.456 56.601 351.715 
31.195 122.823 64.031 3.496 103.024 
