0.0 0.0 0.0 0.037 233.414 
0.0 0.0 0.292 236.009 5.418 
0.0 0.0 0.0 0.029 100.559 
0.459 0.021 0.578 281.532 0.014 
72.617 155.141 4.279 0.16 0.639 
0.0 0.006 243.98 0.688 5.61 
0.039 0.0 0.0 0.001 255.522 
0.579 51.859 8.793 44.423 0.005 
0.013 0.0 0.038 0.0 176.525 
224.618 23.443 10.22 4.634 0.074 
72.617 155.141 4.279 0.16 0.639 
46.792 106.747 0.218 1.049 1.042 
130.686 5.885 0.087 12.945 0.042 
207.263 1.919 1.149 7.347 3.328 
77.216 34.525 2.345 0.043 0.023 
130.686 5.885 0.087 12.945 0.042 
0.001 0.001 104.34 32.754 68.266 
38.278 77.615 48.098 9.682 0.478 
46.792 106.747 0.218 1.049 1.042 
0.164 0.611 0.025 212.917 3.267 
0.004 0.192 0.001 159.804 3.669 
0.0 0.0 0.0 0.051 175.702 
0.0 0.0 0.037 0.0 130.563 
0.004 0.0 151.258 68.406 6.759 
0.742 0.007 30.534 103.21 0.37 
0.579 51.859 8.793 44.423 0.005 
2.655 67.69 84.765 0.058 21.319 
0.0 0.0 0.0 0.066 227.945 
0.0 0.0 0.0 0.055 190.372 
30.375 0.75 0.006 138.794 1.354 
23.019 49.179 23.143 5.629 62.903 
3.488 2.186 71.54 1.332 38.822 
10.896 0.101 128.306 6.179 13.575 
21.792 21.866 52.608 258.395 0.017 
21.792 21.866 52.608 258.395 0.017 
2.655 67.69 84.765 0.058 21.319 
44.558 0.252 18.597 102.466 0.456 
0.001 0.001 104.34 32.754 68.266 
2.622 1.643 134.628 4.146 93.751 
8.53 0.079 175.006 3.844 1.814 
0.002 0.004 219.761 0.62 5.053 
0.0 0.006 243.98 0.688 5.61 
1.792 45.69 57.215 3.161 14.819 
77.216 34.525 2.345 0.043 0.023 
224.618 23.443 10.22 4.634 0.074 
207.263 1.919 1.149 7.347 3.328 
8.761 72.476 137.817 0.618 1.933 
0.039 0.0 0.0 0.001 255.522 
0.0 0.0 0.0 0.037 233.414 
0.459 0.021 0.578 281.532 0.014 
0.0 0.0 0.292 236.009 5.418 
23.019 49.179 23.143 5.629 62.903 
0.002 0.004 219.761 0.62 5.053 
1.792 45.69 57.215 3.161 14.819 
35.263 2.156 45.09 221.471 0.015 
0.001 0.0 0.031 0.0 110.8 
0.0 0.0 0.037 0.0 130.563 
0.004 0.0 151.258 68.406 6.759 
0.165 0.01 201.981 0.075 0.739 
3.207 6.851 3.224 21.463 21.645 
0.005 0.042 0.036 87.683 0.591 
3.488 2.186 71.54 1.332 38.822 
30.375 0.75 0.006 138.794 1.354 
38.278 77.615 48.098 9.682 0.478 
9.254 1.06 177.945 0.942 0.009 
5.862 0.264 0.009 57.986 0.018 
26.507 0.245 8.576 0.939 29.247 
12.956 0.12 37.416 63.099 0.304 
0.013 0.0 0.038 0.0 176.525 
0.0 0.0 0.0 0.055 190.372 
0.004 0.0 190.529 5.693 6.038 
33.898 10.581 0.063 36.446 0.022 
0.005 0.042 0.036 87.683 0.591 
12.124 12.165 133.535 0.445 0.008 
26.507 0.245 8.576 0.939 29.247 
8.844 18.894 64.919 0.261 0.026 
12.956 0.12 37.416 63.099 0.304 
38.966 1.755 49.069 218.802 0.015 
8.844 18.894 64.919 0.261 0.026 
0.539 0.071 0.013 152.098 1.951 
8.761 72.476 137.817 0.618 1.933 
33.898 10.581 0.063 36.446 0.022 
3.207 6.851 3.224 21.463 21.645 
16.652 0.042 194.775 9.38 0.807 
0.0 0.0 0.0 0.029 100.559 
0.001 0.0 0.031 0.0 110.8 
12.124 12.165 133.535 0.445 0.008 
25.8 1.162 63.103 0.254 0.025 
10.896 0.101 128.306 6.179 13.575 
1.257 0.357 42.201 24.49 0.25 
1.257 0.357 42.201 24.49 0.25 
0.742 0.007 30.534 103.21 0.37 
1.662 6.199 77.903 0.585 8.057 
0.539 0.071 0.013 152.098 1.951 
0.005 0.0 194.831 4.079 6.121 
44.558 0.252 18.597 102.466 0.456 
7.263 0.831 75.753 2.503 8.057 
0.165 0.01 201.981 0.075 0.739 
2.622 1.643 134.628 4.146 93.751 
35.263 2.156 45.09 221.471 0.015 
