0.0 0.0 0.0 0.0 0.0 0.0 0.0 0.0 0.0 0.0 0.0 0.0 0.0 0.0 74.385 
0.0 0.0 0.001 0.0 0.001 0.006 0.009 0.002 0.027 0.638 2.283 3.295 0.0 43.884 189.851 
0.0 0.0 0.0 0.0 0.0 0.0 0.0 0.0 0.019 0.003 0.015 1.287 3.594 4.242 32.4 
0.0 0.0 0.0 0.0 0.0 0.0 0.0 0.0 0.0 0.0 0.0 0.0 150.045 104.13 0.0 
0.0 0.0 0.0 0.0 0.0 0.0 0.0 0.0 0.0 0.001 0.001 0.005 3.924 13.684 170.889 
0.001 0.002 0.002 0.0 0.002 0.006 0.004 0.085 0.429 0.024 0.567 6.324 19.651 4.168 140.813 
0.0 0.0 0.0 0.0 0.0 0.0 0.0 4.914 0.775 0.639 7.522 7.204 33.341 30.621 228.349 
0.0 0.0 0.0 0.0 0.0 0.0 0.0 0.0 0.0 0.0 23.431 31.763 178.031 11.835 5.144 
0.0 0.0 0.0 0.0 0.0 0.0 0.0 0.0 0.0 0.0 0.0 0.0 54.104 81.532 0.0 
0.003 0.003 0.001 0.028 0.135 1.042 2.022 0.0 3.766 9.686 1.554 29.138 125.143 23.598 10.233 
0.0 0.0 0.0 0.0 0.0 0.0 0.0 0.0 0.0 0.0 1.362 2.652 6.288 158.693 87.458 
0.0 0.0 0.0 0.0 0.0 0.0 0.0 0.055 0.063 8.084 8.198 26.456 113.07 49.048 31.329 
0.0 0.0 0.0 0.0 0.0 0.0 0.0 0.0 0.0 0.0 0.0 0.0 0.0 176.154 93.222 
0.0 0.0 0.001 0.0 0.001 0.002 0.026 0.028 0.261 0.034 0.071 1.8 1.264 27.167 140.638 
0.0 0.0 0.0 0.0 0.001 0.002 0.002 0.0 0.015 0.038 0.287 0.238 0.422 7.771 172.856 
0.0 0.0 0.0 0.0 0.0 0.0 0.0 0.03 0.248 0.138 8.493 42.286 98.745 32.055 92.242 
0.0 0.0 0.0 0.0 0.0 0.0 0.0 0.0 0.0 0.0 0.0 0.0 0.0 121.264 23.682 
0.0 0.0 0.0 0.0 0.0 0.0 0.0 0.0 0.0 0.0 0.0 0.0 0.0 96.525 148.795 
0.0 0.0 0.0 0.0 0.0 0.0 0.0 0.0 0.0 0.0 0.0 8.69 24.982 2.757 163.404 
0.0 0.001 0.0 0.001 0.0 0.002 0.0 0.113 3.756 1.716 5.49 33.736 123.438 97.297 92.91 
0.0 0.0 0.0 0.0 0.0 0.0 0.007 0.008 0.013 0.09 0.368 2.18 11.249 53.168 0.0 
0.0 0.0 0.0 0.0 0.0 0.0 0.0 0.0 0.0 3.821 4.7 14.379 17.028 96.984 96.498 
0.0 0.0 0.0 0.0 0.0 0.0 0.0 0.003 0.137 0.077 1.112 6.388 101.663 62.875 0.0 
0.0 0.0 0.0 0.0 0.0 0.0 0.0 0.326 0.306 3.551 1.992 5.314 20.21 26.046 116.216 
0.0 0.0 0.0 0.0 0.0 0.0 0.0 0.0 0.0 0.0 0.0 0.0 75.667 25.996 18.083 
0.0 0.0 0.0 0.0 0.0 0.001 0.0 0.017 0.067 0.583 0.62 0.303 7.23 35.952 290.465 
0.0 0.001 0.001 0.001 0.032 0.016 0.03 0.448 0.308 2.081 1.933 1.351 0.718 18.271 164.592 
0.0 0.0 0.0 0.0 0.0 0.0 0.0 0.0 0.0 0.487 0.384 1.785 0.68 2.756 36.303 
0.0 0.0 0.0 0.0 0.0 0.0 0.0 0.007 0.015 0.04 0.055 0.212 9.753 58.681 99.809 
0.0 0.0 0.0 0.0 0.0 0.0 0.0 0.0 0.0 0.0 0.0 0.0 0.0 0.0 250.712 
0.0 0.0 0.0 0.0 0.0 0.0 0.0 0.0 0.0 0.0 0.0 0.0 0.0 0.0 224.843 
0.0 0.0 0.0 0.0 0.0 0.0 0.0 0.0 0.0 0.0 0.0 0.024 13.217 65.621 84.101 
0.0 0.0 0.0 0.0 0.0 0.0 0.0 0.0 0.0 0.0 0.0 0.0 0.0 0.0 275.564 
0.0 0.0 0.0 0.001 0.002 0.001 0.001 0.022 0.004 0.035 0.853 5.75 6.087 4.511 130.681 
0.03 0.022 0.182 0.119 0.015 1.415 8.041 80.421 4.053 9.681 36.924 63.512 18.861 33.014 25.312 
0.0 0.0 0.0 0.0 0.0 0.0 0.198 0.076 0.1 0.097 1.147 3.141 2.411 29.555 121.17 
0.0 0.0 0.0 0.0 0.0 0.0 0.0 0.0 0.0 0.0 0.0 0.0 0.0 0.0 194.845 
0.0 0.0 0.0 0.0 0.0 0.0 0.0 0.0 0.0 0.0 0.0 0.0 0.0 170.3 121.776 
0.017 0.006 0.01 0.059 0.201 1.294 1.609 0.608 0.557 6.753 10.052 5.583 7.463 52.979 60.397 
0.0 0.0 0.0 0.0 0.0 0.0 0.0 0.0 0.001 0.007 0.021 0.584 1.323 119.809 123.351 
0.0 0.001 0.0 0.0 0.001 0.012 0.069 0.143 0.495 0.239 1.143 0.0 5.954 105.858 138.07 
0.0 0.0 0.0 0.0 0.19 0.228 0.048 0.0 1.029 0.0 0.167 9.368 124.733 20.257 1.552 
0.0 0.0 0.0 0.0 0.0 0.0 0.0 0.09 1.575 0.387 0.0 3.686 21.17 43.054 295.178 
0.0 0.0 0.0 0.0 0.01 0.022 0.026 0.056 0.161 0.382 4.089 2.08 46.388 125.352 15.073 
0.0 0.0 0.0 0.001 0.0 0.008 0.003 0.095 0.518 0.267 0.585 0.665 7.728 29.78 15.278 
0.0 0.0 0.0 0.0 0.0 0.0 0.0 0.0 0.0 0.0 0.0 0.0 0.0 0.0 287.246 
0.0 0.0 0.0 0.0 0.0 0.0 0.0 0.0 0.0 0.0 0.0 0.0 0.0 0.0 148.663 
0.0 0.0 0.005 0.0 0.0 0.012 0.004 0.038 0.651 0.03 4.917 5.066 26.507 24.096 135.954 
0.0 0.0 0.0 0.0 0.0 0.0 0.0 0.0 0.0 0.0 0.0 0.0 0.0 0.0 124.693 
0.0 0.0 0.0 0.0 0.0 0.0 0.0 0.0 0.0 0.0 0.0 0.0 28.041 178.46 22.399 
0.0 0.0 0.0 0.0 0.0 0.0 0.136 0.039 0.003 0.001 0.448 1.41 1.297 0.971 144.169 
0.0 0.0 0.0 0.001 0.0 0.0 0.002 0.087 0.457 1.458 18.462 4.532 55.809 38.587 85.256 
0.0 0.0 0.0 0.0 0.0 0.0 0.0 0.0 0.0 0.0 0.0 5.644 4.284 14.535 60.116 
0.0 0.0 0.001 0.0 0.001 0.007 0.003 0.008 0.006 0.057 0.307 2.168 15.609 23.951 199.112 
0.0 0.0 0.0 0.0 0.0 0.0 0.002 0.01 0.548 0.0 6.291 3.461 56.962 75.93 62.004 
0.0 0.0 0.0 0.0 0.0 0.0 0.0 0.0 0.0 0.872 7.621 94.45 21.96 71.719 0.0 
0.0 0.0 0.0 0.0 0.0 0.0 0.0 0.0 0.0 0.165 12.142 16.461 9.167 264.511 14.776 
0.0 0.0 0.0 0.0 0.0 0.0 0.0 0.0 0.0 0.0 0.0 0.0 0.0 0.0 232.941 
0.035 0.024 0.046 0.212 0.116 0.03 0.144 0.667 9.698 6.101 3.536 35.759 120.858 37.098 0.0 
0.0 0.0 0.0 0.0 0.0 0.0 0.0 0.0 0.0 0.0 0.0 0.0 0.0 156.238 43.86 
0.0 0.0 0.0 0.0 0.0 0.0 0.0 0.0 0.0 0.0 0.0 0.0 0.0 0.0 256.762 
0.0 0.0 0.002 0.007 0.014 0.027 0.01 0.263 0.357 0.138 11.189 41.435 14.816 34.064 147.87 
0.0 0.0 0.0 0.0 0.0 0.0 0.0 0.0 0.0 0.192 0.111 0.545 4.041 16.828 175.079 
0.0 0.0 0.0 0.0 0.0 0.0 0.127 0.001 0.003 0.011 0.963 19.658 23.364 23.784 127.416 
0.0 0.0 0.0 0.0 0.0 0.0 0.011 0.039 0.07 0.044 1.372 27.941 51.174 55.693 177.322 
0.0 0.0 0.0 0.0 0.0 0.0 0.0 0.0 0.0 0.0 0.0 0.0 46.137 57.134 86.368 
0.0 0.0 0.0 0.0 0.0 0.0 0.0 0.0 0.0 0.0 0.0 0.0 0.0 98.064 138.484 
0.0 0.0 0.0 0.0 0.0 0.0 0.0 0.0 0.0 0.0 0.0 0.0 0.0 0.0 74.95 
0.001 0.0 0.001 0.003 0.007 0.027 0.801 5.024 0.0 3.417 3.024 46.779 75.341 0.0 68.723 
0.0 0.0 0.0 0.0 0.0 0.0 0.0 0.0 0.0 0.0 0.0 0.0 0.0 121.689 66.804 
0.006 0.009 0.0 0.002 0.002 0.107 0.013 0.228 0.134 3.274 11.443 17.571 16.105 36.778 76.467 
0.0 0.0 0.0 0.0 0.0 0.0 0.0 0.0 0.0 0.0 0.0 0.0 0.0 76.775 9.891 
0.002 0.0 0.001 0.0 0.014 0.041 0.0 0.007 0.371 1.005 2.091 4.668 16.942 38.56 43.182 
0.0 0.0 0.0 0.0 0.0 0.0 0.0 0.0 0.0 0.0 0.0 0.0 161.137 34.926 10.294 
0.0 0.0 0.0 0.0 0.0 0.0 0.0 0.0 0.0 0.0 1.586 0.807 7.726 3.969 119.776 
0.0 0.0 0.0 0.0 0.0 0.0 0.0 0.0 0.0 0.0 10.831 2.417 20.108 56.454 58.936 
0.0 0.0 0.0 0.0 0.0 0.0 0.012 0.008 0.003 0.012 0.559 0.372 0.218 44.634 37.074 
0.002 0.002 0.013 0.004 0.01 0.311 0.222 0.096 0.127 7.649 4.425 23.772 1.87 10.096 262.981 
0.0 0.0 0.0 0.0 0.0 0.0 0.0 0.0 0.0 0.0 0.0 0.0 0.0 0.0 233.442 
0.0 0.0 0.0 0.0 0.0 0.0 0.0 0.0 0.0 51.945 0.0 17.349 56.002 50.455 48.164 
0.0 0.0 0.0 0.0 0.035 0.414 0.704 0.093 0.552 1.699 2.41 10.126 32.424 53.682 109.003 
0.0 0.0 0.0 0.0 0.0 0.001 0.001 0.001 0.001 0.011 0.736 7.576 43.411 93.943 26.561 
0.0 0.003 0.001 0.001 0.001 0.025 0.064 0.043 0.0 3.004 6.256 65.515 93.035 60.189 29.099 
0.001 0.0 0.0 0.001 0.0 0.002 0.018 0.0 0.181 0.039 0.788 6.305 16.065 2.962 132.11 
0.0 0.0 0.0 0.001 0.002 0.0 0.01 0.011 0.217 0.263 0.262 6.483 0.103 239.14 59.678 
0.0 0.0 0.0 0.073 0.185 0.084 0.105 0.657 0.229 1.166 1.015 18.261 123.742 0.0 39.362 
0.0 0.0 0.0 0.0 0.0 0.0 0.0 0.0 0.0 0.69 7.589 2.553 13.47 25.877 149.984 
0.0 0.0 0.0 0.0 0.0 0.0 0.0 0.0 0.0 0.0 0.0 0.0 0.0 0.0 147.039 
0.0 0.0 0.0 0.0 0.0 0.0 0.0 0.0 0.0 0.0 0.0 0.0 0.0 177.299 63.756 
0.0 0.0 0.0 0.0 0.0 0.0 0.0 0.0 0.0 0.0 0.0 0.0 8.215 222.003 4.51 
0.0 0.0 0.0 0.0 0.0 0.0 0.0 0.0 0.0 0.0 0.0 0.0 0.0 0.0 370.117 
0.0 0.0 0.0 0.0 0.0 0.0 0.69 1.286 0.0 0.471 7.909 6.248 24.523 52.491 158.097 
0.001 0.001 0.007 0.007 0.025 0.005 1.362 0.014 0.762 1.216 0.983 1.613 0.555 0.768 347.675 
0.0 0.0 0.0 0.0 0.0 0.0 0.0 0.0 0.0 0.0 0.0 0.0 0.0 99.875 117.739 
0.0 0.0 0.0 0.0 0.0 0.0 0.0 0.0 0.0 0.0 0.0 0.0 0.0 76.556 103.123 
0.0 0.0 0.0 0.0 0.0 0.0 0.0 0.0 0.0 0.0 0.0 0.497 1.398 13.655 68.349 
0.0 0.0 0.0 0.0 0.0 0.0 0.0 0.0 0.0 0.0 0.0 0.0 5.026 29.567 41.704 
0.0 0.0 0.0 0.0 0.0 0.0 0.0 0.0 0.0 0.0 0.0 0.0 58.703 64.344 62.09 
0.001 0.003 0.004 0.0 0.003 0.001 0.012 0.013 0.002 0.017 4.119 6.982 9.087 110.571 0.0 
0.0 0.0 0.0 0.0 0.0 0.0 0.01 0.004 0.01 0.025 0.0 0.084 0.016 0.169 275.556 
