0.0 0.0 0.0 0.001 0.017 0.009 0.007 0.008 0.218 0.439 0.561 6.103 8.507 54.617 105.122 
0.0 0.0 0.0 0.0 0.0 0.0 0.0 0.0 0.0 0.0 0.0 0.0 0.0 0.0 203.516 
0.0 0.0 0.0 0.0 0.0 0.0 0.0 0.001 0.035 0.017 0.0 1.824 5.094 6.013 45.923 
0.0 0.0 0.0 0.0 0.0 0.0 0.0 0.0 0.0 0.0 0.0 0.0 0.0 39.13 320.426 
0.0 0.0 0.0 0.0 0.0 0.002 0.144 0.061 0.072 0.456 0.378 2.523 0.0 12.654 158.021 
0.0 0.0 0.0 0.0 0.0 0.0 0.0 0.0 0.0 0.0 0.0 5.244 6.607 11.333 39.816 
0.0 0.0 0.0 0.0 0.0 0.0 0.0 0.0 0.0 0.0 0.0 0.0 0.0 88.735 48.488 
0.0 0.0 0.0 0.0 0.0 0.0 0.0 0.0 0.0 0.0 0.0 0.0 0.0 0.0 179.527 
0.0 0.0 0.0 0.0 0.0 0.0 0.0 0.0 0.0 0.0 0.0 0.0 0.0 55.53 10.075 
0.0 0.0 0.0 0.0 0.0 0.0 0.0 0.0 0.0 0.0 0.0 0.0 0.0 0.0 151.192 
0.0 0.0 0.0 0.0 0.0 0.005 0.096 0.007 0.276 0.113 3.109 0.301 24.406 62.373 40.242 
0.0 0.0 0.0 0.0 0.0 0.0 0.0 0.0 0.0 0.0 3.353 20.14 11.115 21.57 8.587 
0.0 0.0 0.0 0.0 0.0 0.0 0.0 0.0 0.0 0.0 0.0 0.0 0.0 0.0 138.363 
0.0 0.0 0.0 0.0 0.0 0.0 0.0 0.0 0.0 0.0 0.0 0.0 0.0 49.08 12.324 
0.0 0.0 0.0 0.0 0.0 0.0 0.0 0.0 0.003 0.025 0.136 0.773 0.049 7.607 169.222 
0.0 0.0 0.0 0.0 0.0 0.0 0.0 0.0 0.0 0.0 0.0 0.0 125.089 26.742 101.136 
0.0 0.0 0.0 0.0 0.0 0.0 0.0 0.0 0.0 0.0 0.0 0.0 105.606 44.803 29.722 
0.0 0.0 0.0 0.0 0.0 0.0 0.0 0.0 0.0 0.0 0.0 2.077 8.34 74.055 86.384 
0.0 0.0 0.0 0.0 0.0 0.0 0.0 0.0 0.0 1.218 3.145 1.072 15.625 1.724 183.69 
0.0 0.0 0.0 0.0 0.0 0.0 0.0 0.0 0.0 0.0 0.0 0.0 0.0 139.946 109.085 
0.0 0.0 0.0 0.0 0.0 0.0 0.002 0.001 0.003 0.048 0.171 1.681 1.837 0.945 110.769 
0.0 0.0 0.0 0.0 0.0 0.0 0.0 0.0 0.0 0.0 0.0 0.0 0.0 49.076 24.68 
0.0 0.0 0.0 0.0 0.0 0.0 0.0 0.001 0.026 0.011 0.092 0.475 7.493 19.231 65.886 
0.0 0.0 0.0 0.0 0.0 0.0 0.186 1.257 1.036 3.274 2.74 7.309 5.702 17.669 78.84 
0.0 0.0 0.0 0.0 0.0 0.0 0.01 0.004 0.005 0.379 4.956 0.915 14.925 1.583 73.137 
0.0 0.0 0.0 0.0 0.0 0.0 0.0 0.0 0.0 0.948 5.316 2.077 6.032 12.713 175.717 
0.0 0.0 0.0 0.0 0.0 0.0 0.0 0.002 0.078 0.398 20.11 6.818 4.115 5.456 241.59 
0.0 0.0 0.0 0.0 0.0 0.0 0.0 0.0 0.0 0.0 0.0 0.0 0.0 0.0 38.068 
0.0 0.0 0.0 0.0 0.0 0.0 0.0 0.015 0.015 0.474 1.212 0.078 53.191 17.788 105.629 
0.0 0.0 0.0 0.0 0.0 0.0 0.0 0.0 0.0 0.0 0.0 0.0 0.0 41.145 99.843 
0.0 0.0 0.0 0.0 0.0 0.0 0.0 0.0 0.0 0.0 0.0 0.0 0.0 0.0 95.414 
0.0 0.0 0.0 0.0 0.0 0.0 0.0 0.001 0.001 0.005 0.013 0.0 11.077 54.997 74.551 
0.0 0.0 0.0 0.0 0.074 0.039 0.027 0.018 0.032 0.051 0.0 0.556 0.0 0.826 150.181 
0.0 0.0 0.0 0.0 0.0 0.0 0.0 0.0 0.001 0.002 0.045 0.307 0.626 39.593 134.301 
0.004 0.012 0.038 0.003 0.002 0.231 0.572 0.89 0.01 0.669 0.864 11.015 13.583 40.676 113.87 
0.0 0.0 0.0 0.0 0.002 0.002 0.001 0.002 0.211 0.747 3.829 0.663 1.979 95.065 10.051 
0.0 0.0 0.0 0.0 0.0 0.0 0.0 0.0 0.0 0.0 0.0 0.0 0.0 0.0 369.688 
0.0 0.0 0.0 0.0 0.0 0.0 0.0 0.0 0.0 0.0 0.0 0.0 28.198 0.0 121.89 
0.0 0.0 0.0 0.0 0.0 0.0 0.0 0.0 0.0 0.0 0.0 0.0 10.889 52.899 145.14 
0.0 0.0 0.0 0.0 0.0 0.0 0.0 0.0 0.0 0.0 0.0 0.0 0.0 0.0 101.588 
0.0 0.0 0.0 0.0 0.0 0.0 0.0 0.0 0.0 0.0 0.0 0.0 0.0 34.256 80.657 
0.0 0.0 0.0 0.0 0.0 0.0 0.0 0.0 0.0 0.0 5.374 3.841 71.119 40.268 55.112 
0.0 0.0 0.0 0.0 0.0 0.0 0.0 0.0 0.0 0.0 0.0 0.0 0.0 0.0 341.229 
0.01 0.0 0.004 0.006 0.021 0.015 0.045 0.096 0.276 0.525 6.201 3.155 70.352 27.568 75.168 
0.0 0.0 0.0 0.0 0.0 0.001 0.004 0.002 0.079 0.037 0.278 2.934 12.038 40.935 21.697 
0.0 0.0 0.0 0.0 0.0 0.0 0.0 0.072 0.055 0.045 0.06 2.693 0.129 115.118 75.395 
0.0 0.0 0.0 0.0 0.0 0.0 0.0 0.0 0.0 0.0 0.0 0.0 0.0 0.0 53.846 
0.0 0.0 0.0 0.0 0.0 0.0 0.0 0.0 0.0 0.456 0.191 0.329 0.484 22.931 54.072 
0.0 0.0 0.0 0.0 0.005 0.017 0.046 0.0 0.776 0.093 10.123 19.326 4.278 47.057 117.859 
0.0 0.0 0.0 0.0 0.0 0.0 0.0 0.0 0.0 0.001 0.067 0.031 0.0 2.59 347.022 
0.0 0.0 0.0 0.0 0.0 0.0 0.0 0.0 0.0 0.238 0.12 1.556 0.0 20.161 36.703 
0.0 0.0 0.0 0.0 0.0 0.0 0.0 0.0 0.0 0.0 0.386 6.634 0.0 119.057 70.661 
0.0 0.0 0.0 0.0 0.0 0.0 0.0 0.0 0.0 0.0 0.0 0.0 0.0 0.0 234.746 
0.0 0.0 0.0 0.0 0.013 0.046 0.02 0.052 0.042 0.067 0.25 0.003 3.012 4.622 38.422 
0.0 0.0 0.0 0.0 0.003 0.0 0.022 0.111 0.707 0.289 12.722 36.535 18.672 18.321 37.835 
0.0 0.0 0.0 0.0 0.0 0.0 0.0 0.0 0.0 0.0 0.0 0.0 0.0 0.0 215.257 
0.0 0.0 0.0 0.0 0.0 0.0 0.0 0.0 0.0 0.0 0.0 0.0 0.0 0.0 250.381 
0.0 0.0 0.0 0.0 0.0 0.0 0.0 0.0 0.0 0.0 0.0 0.0 0.0 0.0 171.608 
0.0 0.0 0.0 0.003 0.001 0.001 0.007 0.006 0.037 0.092 0.24 0.079 5.757 15.289 109.899 
0.0 0.0 0.0 0.0 0.0 0.0 0.0 0.0 0.0 0.0 0.0 0.0 0.0 0.0 91.28 
0.0 0.0 0.006 0.002 0.039 0.0 0.0 0.053 0.042 0.672 0.391 0.794 2.779 14.542 178.847 
0.0 0.0 0.0 0.0 0.0 0.0 0.0 0.0 0.0 0.0 0.0 2.031 1.923 103.387 42.861 
0.004 0.001 0.014 0.006 0.026 0.066 0.003 0.053 0.205 0.965 0.774 0.244 11.26 14.107 223.552 
0.0 0.0 0.0 0.0 0.0 0.0 0.0 0.0 0.0 0.0 0.0 0.0 0.0 16.659 38.06 
0.0 0.0 0.0 0.0 0.0 0.0 0.0 0.0 0.0 0.0 0.0 0.0 0.0 67.008 111.315 
0.001 0.0 0.03 0.019 0.005 0.257 0.008 0.0 0.0 1.05 2.529 18.725 5.699 88.328 54.789 
0.0 0.0 0.0 0.0 0.0 0.0 0.0 0.0 0.0 0.0 0.0 0.0 88.647 125.69 1.341 
0.0 0.0 0.0 0.0 0.0 0.0 0.0 0.0 0.0 0.0 0.0 0.0 0.0 0.0 199.826 
0.0 0.0 0.0 0.0 0.0 0.009 0.005 0.02 0.023 0.151 0.576 15.8 11.527 84.02 26.823 
0.0 0.0 0.0 0.0 0.0 0.0 0.0 0.0 0.0 0.0 0.0 0.0 0.0 0.0 118.475 
0.0 0.0 0.0 0.0 0.0 0.0 0.0 0.0 0.0 0.0 0.0 0.0 0.0 0.0 183.944 
0.0 0.0 0.0 0.017 0.0 0.026 0.004 0.022 0.145 0.07 0.0 0.873 1.999 3.623 114.779 
0.0 0.0 0.0 0.0 0.0 0.0 0.0 0.0 0.0 0.0 0.0 0.0 0.0 0.0 85.601 
0.0 0.0 0.0 0.0 0.0 0.0 0.0 0.0 0.0 0.0 0.0 0.0 108.531 0.0 13.257 
0.0 0.0 0.0 0.0 0.0 0.0 0.0 0.0 0.0 0.0 0.264 0.07 8.533 3.236 166.185 
0.0 0.0 0.0 0.0 0.0 0.0 0.0 0.0 0.0 0.0 0.0 0.0 0.0 0.0 270.872 
0.0 0.0 0.0 0.0 0.0 0.0 0.002 0.002 0.015 0.016 0.157 0.12 0.07 14.382 68.129 
0.0 0.0 0.0 0.0 0.0 0.0 0.0 0.0 0.0 0.0 0.0 0.0 0.0 0.0 124.703 
0.0 0.0 0.0 0.0 0.0 0.0 0.0 0.0 0.0 0.0 0.0 0.0 0.0 0.0 63.0 
0.0 0.0 0.0 0.0 0.0 0.0 0.0 0.0 0.0 0.0 0.0 0.0 0.0 179.433 9.611 
0.0 0.0 0.0 0.0 0.0 0.0 0.0 0.0 0.0 0.0 0.0 0.119 1.568 1.868 75.132 
0.0 0.0 0.0 0.007 0.143 0.105 0.053 0.156 0.52 1.137 0.371 5.561 149.834 0.0 38.236 
0.0 0.0 0.0 0.0 0.0 0.0 0.002 0.682 0.56 0.256 1.505 20.954 56.182 30.109 56.153 
0.0 0.0 0.0 0.0 0.006 0.0 0.011 0.0 0.143 0.41 1.853 14.822 51.397 9.396 0.0 
0.0 0.0 0.0 0.0 0.0 0.0 0.0 0.0 0.0 0.0 0.0 0.0 0.0 134.445 41.985 
0.0 0.0 0.0 0.0 0.0 0.01 0.004 0.0 0.033 0.041 0.436 0.0 1.324 0.343 140.95 
0.0 0.0 0.0 0.0 0.0 0.0 0.0 0.0 0.0 0.0 0.0 0.0 0.0 20.645 69.084 
0.0 0.0 0.0 0.0 0.0 0.0 0.0 0.0 0.0 0.0 0.0 0.0 0.0 0.0 41.627 
0.0 0.0 0.0 0.0 0.0 0.0 0.0 0.0 0.0 0.0 0.0 0.0 40.46 19.966 21.729 
0.0 0.0 0.0 0.0 0.0 0.0 0.0 0.0 0.0 0.0 0.0 0.0 11.963 8.467 54.444 
0.0 0.0 0.0 0.0 0.0 0.0 0.0 0.0 0.0 0.0 0.0 0.0 0.0 0.0 226.487 
0.0 0.0 0.0 0.0 0.0 0.0 0.0 0.0 0.0 0.0 0.0 0.0 0.0 13.401 144.134 
0.0 0.0 0.0 0.0 0.0 0.0 0.0 0.0 0.0 0.0 0.0 0.0 0.0 3.564 169.293 
0.0 0.0 0.0 0.0 0.0 0.0 0.0 0.0 0.0 0.0 0.0 0.491 2.222 23.101 37.421 
0.0 0.0 0.0 0.0 0.0 0.0 0.0 0.0 0.0 0.0 0.0 0.0 0.0 0.0 149.632 
0.0 0.0 0.0 0.0 0.0 0.009 0.007 0.003 0.015 0.036 0.101 0.193 1.025 10.008 50.097 
0.001 0.0 0.003 0.006 0.008 0.0 0.004 0.0 0.021 0.061 0.22 0.09 10.77 0.0 149.967 
0.0 0.0 0.0 0.0 0.0 0.0 0.0 0.001 0.0 0.0 0.001 0.0 1.007 131.825 76.288 
0.0 0.0 0.0 0.0 0.0 0.0 0.0 0.0 0.0 0.0 0.0 2.112 1.72 0.934 41.222 
0.0 0.0 0.0 0.0 0.0 0.0 0.0 0.0 0.0 0.0 0.0 0.0 0.0 0.0 173.299 
