0.001 0.048 0.11 0.004 0.002 0.199 0.464 0.118 109.412 2.146 18.598 147.686 1.533 60.759 1.954 
0.003 0.007 0.107 0.234 0.122 0.029 2.261 20.473 1.043 0.827 215.268 44.817 4.868 62.87 33.041 
0.0 0.0 0.0 0.0 0.002 0.093 0.043 2.19 0.174 111.028 0.863 11.316 2.977 242.99 7.802 
0.0 0.0 0.0 0.0 0.0 0.001 0.001 0.0 1.379 5.908 40.321 31.269 405.716 3.764 2.842 
0.0 0.0 0.0 0.0 0.0 0.0 0.0 0.0 0.0 0.0 0.0 0.119 63.955 278.13 86.415 
0.0 0.0 0.0 0.0 0.0 0.0 0.0 0.009 5.279 234.663 7.206 61.777 42.682 16.178 7.721 
0.0 0.0 0.0 0.0 0.0 0.0 0.003 0.023 0.007 6.837 3.604 78.521 1.055 184.211 3.689 
0.0 0.0 0.0 0.011 0.001 0.0 0.004 0.004 0.023 0.003 8.892 194.711 0.782 123.782 8.615 
0.061 0.068 1.203 0.106 0.104 0.015 4.199 5.6 3.293 0.499 129.892 4.569 2.554 137.367 27.106 
0.0 0.0 0.0 0.0 0.0 0.0 0.0 0.0 0.0 0.0 0.0 0.041 22.09 96.065 227.669 
0.001 0.048 0.11 0.004 0.002 0.199 0.464 0.118 109.412 2.146 18.598 147.686 1.533 60.759 1.954 
0.0 0.0 0.0 0.0 0.0 0.0 0.0 0.0 0.0 0.0 0.0 0.172 149.475 89.668 65.895 
0.0 0.0 0.0 0.0 0.0 0.0 0.0 0.0 0.0 0.0 20.534 9.256 0.483 34.435 178.458 
0.0 0.0 0.0 0.0 0.0 0.0 0.0 0.001 0.016 0.066 104.657 47.21 47.748 80.415 77.129 
0.0 0.0 0.0 0.0 0.0 0.0 0.0 0.0 0.0 0.0 0.0 144.613 86.916 34.234 1.655 
0.003 0.007 0.107 0.234 0.122 0.029 2.261 20.473 1.043 0.827 215.268 44.817 4.868 62.87 33.041 
0.0 0.0 0.0 0.0 0.0 0.002 0.011 0.063 7.073 28.842 13.627 4.534 28.322 154.695 65.304 
0.0 0.0 0.0 0.0 0.0 0.0 0.0 0.0 0.0 0.0 0.0 0.037 19.873 121.509 272.403 
0.0 0.0 0.0 0.005 0.002 0.009 0.013 0.344 43.23 19.658 31.507 106.757 3.555 119.79 39.318 
0.0 0.0 0.0 0.0 0.002 0.093 0.043 2.19 0.174 111.028 0.863 11.316 2.977 242.99 7.802 
0.0 0.003 0.006 0.0 0.0 0.011 0.027 0.007 6.287 0.123 1.069 189.701 1.085 42.985 23.832 
0.004 0.003 0.064 0.011 0.006 0.387 2.142 23.229 48.855 2.545 30.388 61.221 39.491 8.081 1.24 
0.0 0.0 0.0 0.0 0.001 0.005 0.046 0.018 0.029 20.388 35.001 102.559 1.874 101.386 4.799 
0.0 0.0 0.0 0.0 0.0 0.0 0.0 0.0 0.0 0.0 0.0 0.361 194.019 116.472 85.594 
0.0 0.0 0.0 0.0 0.0 0.0 0.001 0.003 0.008 0.047 0.326 117.98 61.907 22.077 1.26 
0.0 0.0 0.0 0.0 0.0 0.0 0.0 0.0 0.035 0.034 88.551 39.945 25.629 60.969 59.245 
0.014 0.006 0.185 0.025 0.015 1.082 3.223 3.586 0.365 0.29 75.378 36.791 82.323 30.058 23.046 
0.0 0.0 0.0 0.0 0.0 0.0 0.0 0.0 0.0 0.0 0.0 0.002 0.086 0.088 153.421 
0.0 0.0 0.0 0.0 0.0 0.0 0.0 0.0 0.0 0.0 0.0 0.0 0.472 231.424 52.06 
0.0 0.0 0.0 0.0 0.0 0.0 0.0 0.0 0.0 0.0 0.0 0.0 0.016 0.15 383.56 
0.0 0.0 0.0 0.0 0.0 0.0 0.006 0.002 0.041 0.687 54.32 1.611 29.638 75.273 1.383 
0.0 0.0 0.0 0.0 0.0 0.001 0.001 0.0 1.379 5.908 40.321 31.269 405.716 3.764 2.842 
0.012 0.013 0.004 0.002 0.011 0.003 0.199 1.804 0.092 0.073 18.967 3.949 79.232 15.431 11.215 
0.0 0.0 0.0 0.0 0.0 0.0 0.0 0.001 0.001 0.002 0.07 0.198 0.005 0.111 335.094 
0.0 0.0 0.0 0.0 0.005 0.019 0.12 0.703 13.734 58.828 27.794 45.616 76.789 88.414 1.714 
0.0 0.0 0.0 0.0 0.0 0.0 0.0 0.0 0.0 0.0 0.0 0.119 63.955 278.13 86.415 
0.0 0.0 0.0 0.0 0.0 0.0 0.0 0.0 0.0 0.0 19.462 8.772 0.458 32.636 169.137 
0.0 0.0 0.0 0.0 0.001 0.0 0.018 0.066 0.006 0.916 21.319 35.664 0.641 60.825 1.826 
0.004 0.004 0.002 0.004 0.021 0.019 0.058 0.023 0.064 0.937 27.611 179.531 3.555 4.601 1.348 
0.0 0.0 0.0 0.0 0.0 0.0 0.0 0.001 0.001 0.008 43.357 19.547 32.905 329.788 8.677 
0.0 0.0 0.0 0.0 0.148 0.425 1.957 0.421 0.221 13.56 3.475 40.92 314.408 29.059 15.105 
0.0 0.0 0.0 0.0 0.0 0.0 0.0 0.009 5.279 234.663 7.206 61.777 42.682 16.178 7.721 
0.0 0.0 0.0 0.0 0.001 0.0 0.057 0.512 0.0 25.728 18.582 20.303 67.005 20.516 4.546 
0.001 0.058 0.01 0.16 0.047 0.017 0.195 0.108 0.637 0.568 2.807 51.262 0.307 38.165 18.436 
0.013 0.005 0.014 0.001 0.0 0.042 0.096 0.024 22.511 13.27 5.947 47.224 53.578 30.935 0.995 
0.0 0.0 0.002 0.001 0.0 0.0 0.004 0.001 0.974 0.019 26.621 172.517 8.301 45.179 27.813 
0.0 0.0 0.0 0.0 0.001 0.0 0.001 0.006 0.0 0.014 0.13 246.459 44.686 11.954 36.702 
0.0 0.001 0.0 0.002 0.001 0.002 0.041 0.001 0.051 0.058 0.632 8.777 0.279 153.757 30.809 
0.0 0.0 0.001 0.001 0.004 0.0 0.011 0.148 0.027 0.47 0.348 1.868 125.488 148.862 8.254 
0.0 0.0 0.0 0.0 0.0 0.0 0.0 0.0 0.0 0.0 0.333 15.357 49.476 76.3 5.281 
0.0 0.0 0.0 0.0 0.0 0.0 0.0 0.0 0.009 0.022 0.695 0.248 0.915 276.629 2.383 
0.0 0.002 0.008 0.022 0.048 0.087 0.044 1.646 49.969 5.652 11.944 20.446 31.667 84.343 29.518 
0.0 0.0 0.0 0.001 0.182 0.179 0.707 3.791 5.493 41.435 20.978 116.237 26.112 29.424 3.748 
0.0 0.0 0.0 0.0 0.0 0.0 0.003 0.023 0.007 6.837 3.604 78.521 1.055 184.211 3.689 
0.0 0.0 0.0 0.0 0.0 0.0 0.002 0.003 0.002 1.556 0.82 4.406 0.081 359.561 10.909 
0.0 0.0 0.0 0.0 0.0 0.0 0.0 0.0 0.0 0.0 0.0 0.029 201.761 29.837 52.877 
0.0 0.0 0.0 0.011 0.001 0.0 0.004 0.004 0.023 0.003 8.892 194.711 0.782 123.782 8.615 
0.0 0.0 0.0 0.0 0.0 0.0 0.008 0.001 0.12 0.04 0.035 92.31 2.775 55.156 3.949 
0.0 0.0 0.0 0.004 0.006 0.04 0.032 0.046 1.566 0.046 0.361 23.371 0.268 7.45 6.486 
0.061 0.068 1.203 0.106 0.104 0.015 4.199 5.6 3.293 0.499 129.892 4.569 2.554 137.367 27.106 
0.034 0.026 0.163 0.097 0.768 0.226 0.398 0.487 38.265 23.649 5.755 10.999 39.74 38.535 2.287 
0.0 0.0 0.0 0.0 0.001 0.001 0.001 0.168 0.991 0.221 20.715 30.455 224.975 6.693 7.46 
0.002 0.005 0.003 0.003 0.0 0.016 0.0 0.022 2.34 0.274 0.547 16.664 84.047 173.368 0.447 
0.0 0.0 0.0 0.0 0.0 0.0 0.0 0.0 0.0 0.001 0.014 3.727 14.001 163.34 49.861 
0.0 0.0 0.0 0.0 0.0 0.0 0.0 0.0 0.007 0.036 2.559 100.409 99.156 58.514 46.942 
0.518 0.463 0.635 0.706 0.602 0.806 1.266 1.042 2.901 8.723 1.961 122.556 2.427 3.141 0.92 
0.0 0.0 0.0 0.0 0.0 0.001 0.007 0.122 3.074 12.93 64.944 36.546 61.519 72.138 69.19 
0.0 0.0 0.0 0.0 0.0 0.0 0.0 0.0 0.0 0.0 0.713 218.746 43.749 32.234 1.84 
0.0 0.001 0.004 0.007 0.001 0.003 0.134 0.001 0.016 0.162 1.261 115.82 0.8 84.151 5.127 
0.0 0.0 0.0 0.0 0.0 0.0 0.003 0.043 10.504 10.297 13.463 0.465 66.307 49.618 11.41 
0.0 0.0 0.0 0.0 0.0 0.0 0.0 0.0 0.002 0.012 0.341 4.631 8.352 251.755 3.267 
0.001 0.0 0.001 0.001 0.002 0.0 0.001 0.008 0.01 0.108 15.139 95.366 1.888 2.444 22.232 
0.007 0.014 0.009 0.061 0.023 0.228 5.689 1.475 13.759 9.334 10.611 72.723 196.511 10.549 2.747 
0.0 0.0 0.0 0.005 0.0 0.001 0.001 0.002 0.068 0.112 2.303 97.068 67.171 67.701 9.371 
0.001 0.002 0.005 0.003 0.0 0.0 0.046 0.016 0.15 0.29 11.526 13.901 0.54 109.179 3.561 
0.003 0.003 0.016 0.007 0.096 0.002 0.998 3.27 2.284 4.787 0.318 33.673 188.373 0.237 6.969 
0.008 0.003 0.044 0.008 0.042 0.556 0.321 8.302 1.504 56.443 35.268 189.448 0.791 8.183 26.386 
0.0 0.0 0.043 0.016 0.032 0.096 0.136 0.299 0.0 0.649 0.496 0.937 0.687 192.086 47.327 
0.0 0.0 0.0 0.0 0.0 0.0 0.0 0.0 0.0 0.0 0.054 0.024 0.001 0.09 348.885 
0.0 0.0 0.002 0.002 0.001 0.0 0.008 0.002 5.563 10.382 3.315 39.031 323.38 3.303 14.373 
0.0 0.0 0.001 0.0 0.002 0.0 0.018 0.039 0.255 2.446 2.845 40.609 149.069 10.61 3.466 
0.0 0.0 0.0 0.0 0.0 0.0 0.0 0.0 0.0 0.0 0.0 0.0 0.017 0.092 94.611 
0.0 0.0 0.0 0.0 0.0 0.0 0.072 0.919 0.397 2.391 6.132 5.984 92.991 108.909 4.572 
0.0 0.0 0.0 0.0 0.002 0.001 0.003 0.007 0.014 0.0 0.005 0.128 0.196 174.652 39.289 
0.0 0.0 0.0 0.0 0.0 0.0 0.001 0.001 0.0 0.003 0.065 0.005 281.722 41.667 64.479 
0.076 0.024 0.053 0.078 0.009 1.032 2.484 5.987 7.915 16.676 7.217 18.729 197.392 5.519 25.994 
0.0 0.0 0.001 0.001 0.013 0.017 0.015 0.002 0.002 0.587 0.227 17.29 69.078 50.315 1.177 
0.0 0.0 0.0 0.0 0.0 0.0 0.0 0.0 0.036 0.487 11.748 21.655 31.882 120.177 3.788 
0.0 0.0 0.0 0.0 0.0 0.0 0.0 0.0 0.016 0.009 0.006 0.031 36.228 85.484 65.486 
0.0 0.0 0.0 0.0 0.027 0.008 0.1 0.355 0.444 0.484 1.94 115.643 41.934 20.742 58.58 
0.001 0.0 0.0 0.001 0.001 0.0 0.002 0.007 0.026 0.32 0.338 10.268 84.618 33.113 2.621 
0.0 0.0 0.0 0.0 0.0 0.0 0.003 0.034 0.176 0.022 0.017 1.359 26.24 247.962 2.36 
0.004 0.002 0.009 0.001 0.063 0.532 0.154 0.706 0.001 13.711 1.721 19.519 0.02 110.946 4.428 
0.0 0.0 0.0 0.0 0.001 0.002 0.001 0.001 0.001 0.016 1.475 5.846 2.119 90.728 39.223 
0.0 0.0 0.0 0.0 0.0 0.0 0.0 0.0 0.002 0.031 1.03 0.237 6.913 242.855 4.197 
0.001 0.0 0.001 0.0 0.097 0.012 0.304 1.204 0.105 8.308 0.989 0.031 45.804 26.731 23.128 
0.0 0.0 0.0 0.0 0.0 0.0 0.0 0.001 0.094 19.868 10.473 5.032 20.82 115.147 5.104 
0.0 0.0 0.0 0.0 0.0 0.002 0.029 0.273 0.059 8.445 21.713 18.089 153.272 20.586 61.256 
0.0 0.0 0.0 0.001 0.042 0.052 0.477 0.853 3.912 8.439 46.976 0.166 31.861 112.387 2.791 
0.0 0.0 0.0 0.0 0.0 0.0 0.0 0.0 0.0 0.0 0.001 0.0 0.032 0.029 142.266 
