0.003 0.122 0.016 0.002 129.042 
0.0 0.0 0.0 0.139 126.747 
0.0 0.0 12.507 1.871 182.496 
1.309 233.299 0.288 15.455 9.306 
0.001 0.0 0.0 7.612 241.24 
18.882 0.092 23.787 95.646 0.002 
7.849 17.364 273.534 3.315 0.004 
213.661 20.126 0.773 14.808 0.011 
0.0 0.002 0.326 0.004 300.497 
0.001 0.0 0.131 339.185 0.021 
90.276 44.574 1.122 40.946 0.005 
196.669 0.003 1.527 0.313 31.114 
0.283 0.002 0.003 155.384 9.936 
0.042 0.0 0.0 238.97 42.459 
7.849 17.364 273.534 3.315 0.004 
0.008 0.0 0.011 108.992 145.506 
0.098 0.274 208.078 0.325 49.195 
1.009 179.928 0.598 11.944 7.192 
1.309 233.299 0.288 15.455 9.306 
0.264 0.765 151.216 13.591 29.46 
0.098 0.274 208.074 0.329 49.195 
0.0 0.0 12.507 1.871 182.496 
3.411 135.32 0.881 18.393 0.024 
1.009 179.928 0.598 11.944 7.192 
0.0 0.0 0.004 23.34 296.317 
0.003 0.004 0.066 0.034 241.776 
4.0 74.449 67.127 1.615 0.004 
37.38 126.955 0.114 11.538 1.053 
4.0 74.449 67.127 1.615 0.004 
2.321 92.089 1.289 1.028 0.1 
18.882 0.092 23.787 95.646 0.002 
0.283 0.002 0.003 155.384 9.936 
0.729 0.001 107.371 19.596 66.241 
17.604 49.673 23.355 2.998 16.431 
0.116 0.057 96.932 1.044 60.474 
77.655 3.148 0.794 14.791 83.504 
0.0 0.0 0.991 0.011 181.758 
0.001 0.046 43.524 84.293 23.342 
196.669 0.003 1.527 0.313 31.114 
0.097 0.004 0.146 297.158 8.808 
0.148 0.328 49.473 85.818 0.739 
0.061 0.041 0.001 264.978 0.017 
0.008 0.0 0.011 108.992 145.506 
53.604 26.467 0.955 5.331 4.387 
16.443 4.39 124.96 9.592 0.11 
213.661 20.126 0.773 14.808 0.011 
53.604 26.467 0.955 5.331 4.387 
27.112 34.685 0.375 26.148 3.568 
0.102 0.004 0.001 0.007 103.017 
0.207 0.008 0.044 312.822 9.272 
0.001 0.0 0.131 339.185 0.021 
63.118 80.748 0.913 0.736 0.036 
17.604 49.673 23.355 2.998 16.431 
33.939 44.466 0.315 7.326 0.013 
77.655 3.148 0.794 14.791 83.504 
40.17 17.9 11.214 0.745 0.005 
0.001 0.001 1.143 24.253 101.937 
90.276 44.574 1.122 40.946 0.005 
0.393 0.868 130.873 39.79 0.005 
13.953 34.86 0.003 3.425 21.637 
0.041 0.0 0.002 245.817 43.676 
0.061 0.041 0.001 264.978 0.017 
0.393 0.868 130.873 39.79 0.005 
63.118 80.748 0.913 0.736 0.036 
0.003 0.122 0.016 0.002 129.042 
3.183 10.483 2.8 26.079 36.858 
0.264 0.765 151.216 13.591 29.46 
0.066 1.236 144.275 1.615 0.004 
72.91 0.129 0.98 0.795 54.369 
3.183 10.483 2.8 26.079 36.858 
0.015 0.0 0.119 72.554 44.947 
27.112 34.685 0.375 26.148 3.568 
2.114 83.863 15.93 0.756 0.106 
72.91 0.129 0.98 0.795 54.369 
27.717 21.435 0.483 4.431 48.036 
0.729 0.001 107.371 19.596 66.241 
11.731 5.792 17.958 57.895 8.906 
16.443 4.39 124.96 9.592 0.11 
37.38 126.955 0.114 11.538 1.053 
77.328 0.016 7.02 4.249 3.58 
11.731 5.792 17.958 57.895 8.906 
2.321 92.089 1.289 1.028 0.1 
39.461 134.023 0.12 12.18 0.193 
0.066 1.236 144.275 1.615 0.004 
0.001 0.046 43.524 84.293 23.342 
13.934 0.025 14.305 46.119 7.094 
0.207 0.008 0.044 312.822 9.272 
0.005 0.004 0.11 64.181 49.765 
0.0 0.0 0.053 302.374 0.076 
11.215 23.002 101.365 7.038 0.006 
0.015 0.0 0.119 72.554 44.947 
2.508 7.076 97.853 7.538 0.005 
37.322 18.428 0.748 0.607 54.026 
0.047 0.133 100.552 50.625 0.157 
11.215 23.002 101.365 7.038 0.006 
0.116 0.057 96.932 1.044 60.474 
0.041 0.0 0.002 245.817 43.676 
0.042 0.0 0.0 238.97 42.459 
0.022 0.026 103.174 43.413 0.104 
0.047 0.133 100.552 50.625 0.157 
