123.706 1.23 191.158 1.675 1.467 
184.306 5.204 31.229 55.794 0.26 
0.0 0.0 0.096 372.771 2.517 
0.0 0.0 0.096 372.771 2.517 
0.0 0.0 0.088 341.781 2.307 
48.402 180.605 2.194 1.605 4.057 
0.037 0.001 0.0 24.362 42.016 
0.003 0.16 0.009 111.033 0.144 
0.09 0.001 0.139 0.001 324.878 
0.09 0.001 0.139 0.001 324.878 
35.176 131.256 1.595 62.388 6.471 
0.0 0.001 1.411 216.108 1.236 
15.047 82.208 40.433 2.203 19.002 
93.215 11.796 17.304 30.916 0.144 
48.402 180.605 2.194 1.605 4.057 
160.191 1.592 9.432 2.745 1.174 
15.047 82.208 40.433 2.203 19.002 
123.706 1.23 191.158 1.675 1.467 
182.394 42.012 2.15 72.911 8.41 
0.259 0.086 0.003 0.009 123.691 
0.077 0.248 0.014 0.17 67.119 
67.868 14.527 135.581 55.945 0.412 
9.56 151.557 50.135 3.387 29.155 
93.215 11.796 17.304 30.916 0.144 
15.938 1.373 142.264 40.956 0.302 
3.579 56.736 18.768 1.268 37.365 
0.645 0.118 170.288 4.248 0.996 
58.476 5.453 188.091 1.75 0.526 
0.011 0.001 0.018 0.01 244.766 
0.029 0.009 0.002 0.983 292.884 
0.006 0.262 0.009 0.012 159.527 
0.01 0.021 0.001 0.001 206.648 
2.999 2.845 50.843 0.909 0.911 
0.106 5.016 74.343 1.274 0.545 
160.191 1.592 9.432 2.745 1.174 
0.012 0.586 133.526 8.655 0.964 
182.394 42.012 2.15 72.911 8.41 
20.934 2.144 110.962 2.149 2.653 
0.01 0.021 0.001 0.001 206.648 
0.011 0.001 0.018 0.01 244.766 
3.579 56.736 18.768 1.268 37.365 
4.084 8.633 24.55 0.597 65.199 
0.029 0.009 0.002 0.983 292.884 
0.645 0.118 170.288 4.248 0.996 
41.113 143.093 10.739 4.842 1.135 
23.688 5.456 14.813 56.196 0.569 
0.005 0.001 0.235 155.362 0.234 
9.752 27.823 28.896 20.03 1.685 
8.663 137.344 45.433 1.902 29.968 
15.602 14.685 76.443 86.042 0.4 
0.268 0.007 0.016 187.498 1.067 
0.049 0.0 84.997 5.488 0.611 
0.002 0.113 0.182 115.69 1.834 
0.0 0.0 0.088 341.781 2.307 
0.0 0.001 0.226 146.534 0.991 
9.56 151.557 50.135 3.387 29.155 
35.176 131.256 1.595 62.388 6.471 
21.255 2.176 99.739 1.975 2.438 
0.037 0.001 0.0 24.362 42.016 
67.868 14.527 135.581 55.945 0.412 
21.255 2.176 99.739 1.975 2.438 
4.084 8.633 24.55 0.597 65.199 
0.0 0.0 1.27 194.494 11.062 
0.786 37.235 16.498 43.52 0.662 
58.476 5.453 188.091 1.75 0.526 
12.466 0.913 8.523 28.536 23.455 
18.028 17.102 19.389 43.52 0.662 
0.045 0.043 0.134 0.179 130.244 
0.007 0.065 0.095 0.982 151.108 
20.934 2.144 110.962 2.149 2.653 
8.663 137.344 45.433 1.902 29.968 
0.0 0.001 1.411 216.108 1.236 
183.838 23.264 34.128 1.675 0.504 
20.815 15.416 34.69 18.202 39.215 
9.752 27.823 28.896 20.03 1.685 
37.429 139.663 1.697 57.539 4.604 
0.049 0.0 84.997 5.488 0.611 
20.815 15.416 34.69 18.202 39.215 
0.786 37.235 16.498 43.52 0.662 
15.602 14.685 76.443 86.042 0.4 
12.466 0.913 8.523 28.536 23.455 
0.065 0.081 0.009 99.728 1.58 
0.012 0.586 133.526 8.655 0.964 
19.606 1.436 11.829 27.278 27.97 
9.703 0.096 142.221 2.437 2.443 
41.113 143.093 10.739 4.842 1.135 
0.259 0.001 10.117 50.79 15.07 
37.429 139.663 1.697 57.539 4.604 
183.838 23.264 34.128 1.675 0.504 
0.065 0.081 0.009 99.728 1.58 
0.0 0.0 1.27 194.494 11.062 
15.938 1.373 142.264 40.956 0.302 
23.688 5.456 14.813 56.196 0.569 
184.306 5.204 31.229 55.794 0.26 
0.005 0.001 0.235 155.362 0.234 
18.028 17.102 19.389 43.52 0.662 
0.0 0.001 0.226 146.534 0.991 
38.953 0.387 75.948 43.992 1.075 
19.606 1.436 11.829 27.278 27.97 
8.847 0.648 23.376 27.278 27.97 
