31.112 12.791 20.363 17.295 9.79 
0.102 4.251 39.769 0.474 21.463 
0.061 0.726 0.167 0.869 141.761 
0.321 32.866 160.412 0.274 3.777 
2.332 7.127 12.285 6.862 11.875 
0.025 0.012 0.015 9.196 149.142 
21.159 28.628 9.337 1.798 25.582 
0.522 0.359 0.008 159.873 19.865 
0.009 0.008 0.0 0.329 153.957 
4.091 1.372 1.983 0.699 113.477 
15.963 190.86 1.981 19.611 40.105 
89.195 23.568 26.632 1.498 15.934 
0.001 0.06 0.969 0.861 96.919 
0.059 0.075 0.006 0.0 186.534 
0.016 0.061 0.084 62.464 1.025 
6.801 9.202 33.315 3.306 25.327 
0.157 0.592 0.007 136.071 12.705 
0.0 0.0 0.011 100.837 173.656 
4.483 27.977 156.899 0.105 0.989 
109.19 49.543 34.545 0.273 17.039 
0.102 0.034 0.038 2.482 136.112 
0.005 0.226 2.116 48.114 51.806 
9.661 69.243 9.244 0.947 42.879 
0.0 0.0 0.001 3.765 292.774 
16.8 25.735 205.595 0.351 4.841 
0.0 0.012 0.214 0.921 65.046 
30.65 0.792 129.296 40.709 5.612 
0.037 0.047 0.014 0.065 216.028 
0.441 0.011 0.396 0.08 168.198 
45.467 61.518 20.064 3.863 16.176 
0.055 0.038 0.001 16.82 101.13 
78.468 16.112 0.735 13.63 45.226 
2.304 0.773 3.539 0.621 100.84 
0.077 0.925 0.01 182.107 32.152 
12.286 0.317 160.064 16.217 7.632 
5.482 34.21 34.71 0.8 8.321 
11.416 3.016 29.923 2.127 22.371 
23.126 10.493 162.503 0.277 37.997 
0.0 0.0 0.001 0.173 230.722 
0.054 0.2 21.803 6.962 12.047 
0.069 0.159 0.199 0.273 126.86 
0.092 0.346 0.004 79.641 44.883 
0.0 0.0 0.02 71.187 3.078 
108.19 49.089 49.333 0.292 36.755 
31.112 12.791 20.363 17.295 9.79 
0.102 4.251 39.769 0.474 21.463 
0.061 0.726 0.167 0.869 141.761 
0.321 32.866 160.412 0.274 3.777 
0.004 0.097 0.017 0.085 268.673 
2.332 7.127 12.285 6.862 11.875 
0.025 0.012 0.015 9.196 149.142 
0.098 0.899 0.0 179.405 6.395 
21.159 28.628 9.337 1.798 25.582 
0.522 0.359 0.008 159.873 19.865 
0.009 0.008 0.0 0.329 153.957 
4.091 1.372 1.983 0.699 113.477 
0.294 1.835 2.448 27.006 1.276 
15.963 190.86 1.981 19.611 40.105 
89.195 23.568 26.632 1.498 15.934 
0.001 0.06 0.969 0.861 96.919 
0.059 0.075 0.006 0.0 186.534 
0.016 0.061 0.084 62.464 1.025 
0.063 0.002 0.819 0.083 175.247 
6.801 9.202 33.315 3.306 25.327 
0.015 0.011 0.069 0.057 201.674 
0.157 0.592 0.007 136.071 12.705 
0.0 0.0 0.011 100.837 173.656 
4.483 27.977 156.899 0.105 0.989 
109.19 49.543 34.545 0.273 17.039 
0.102 0.034 0.038 2.482 136.112 
0.005 0.226 2.116 48.114 51.806 
9.661 69.243 9.244 0.947 42.879 
0.0 0.0 0.001 3.765 292.774 
16.8 25.735 205.595 0.351 4.841 
0.0 0.012 0.214 0.921 65.046 
30.65 0.792 129.296 40.709 5.612 
0.149 1.236 2.871 25.109 3.494 
0.037 0.047 0.014 0.065 216.028 
0.686 0.311 0.0 179.405 6.395 
0.441 0.011 0.396 0.08 168.198 
45.467 61.518 20.064 3.863 16.176 
0.055 0.038 0.001 16.82 101.13 
0.003 0.003 0.016 0.432 201.798 
78.468 16.112 0.735 13.63 45.226 
2.304 0.773 3.539 0.621 100.84 
0.433 2.699 1.445 27.006 1.276 
0.077 0.925 0.01 182.107 32.152 
12.286 0.317 160.064 16.217 7.632 
5.482 34.21 34.71 0.8 8.321 
11.416 3.016 29.923 2.127 22.371 
0.021 0.08 0.071 0.031 269.215 
23.126 10.493 162.503 0.277 37.997 
0.0 0.001 0.013 3.052 157.132 
0.0 0.0 0.001 0.173 230.722 
0.054 0.2 21.803 6.962 12.047 
0.069 0.159 0.199 0.273 126.86 
0.029 0.02 0.034 0.05 177.247 
0.092 0.346 0.004 79.641 44.883 
0.0 0.0 0.02 71.187 3.078 
108.19 49.089 49.333 0.292 36.755 
