2.331 184.519 4.558 0.268 34.05 
0.049 57.99 30.089 0.526 0.062 
4.397 174.409 0.702 0.251 0.397 
45.19 103.902 0.586 0.209 0.104 
95.125 0.679 21.906 12.513 0.116 
31.88 33.435 0.022 33.384 0.043 
57.873 17.487 0.296 0.532 65.093 
9.008 40.813 2.377 0.073 0.047 
30.671 29.535 0.236 0.361 10.801 
0.033 38.197 19.819 1.517 56.819 
87.488 0.048 0.344 0.219 29.257 
0.061 0.014 0.0 263.926 0.115 
24.092 130.051 0.474 14.311 3.916 
0.001 0.131 243.335 25.88 0.595 
35.777 6.936 6.037 20.913 0.358 
0.255 0.437 154.403 0.926 0.02 
0.417 32.985 0.131 25.825 0.016 
0.029 0.061 166.911 29.966 11.754 
0.006 0.0 10.374 119.075 9.896 
0.127 30.124 0.71 22.979 22.376 
26.726 54.5 0.086 0.114 24.405 
3.11 123.387 2.967 0.773 0.129 
7.175 71.316 0.308 0.012 75.178 
0.031 0.0 2.135 32.852 11.63 
17.966 64.812 0.325 8.085 18.793 
47.218 5.782 0.208 1.132 0.12 
0.0 0.0 0.0 0.007 124.537 
0.266 0.271 28.849 0.438 25.267 
0.428 0.0 0.0 112.309 1.043 
4.533 85.484 10.588 2.14 0.092 
12.875 127.96 0.048 71.984 0.092 
0.019 3.536 0.955 51.743 4.3 
0.002 0.178 0.017 28.39 35.126 
0.002 0.0 3.676 0.014 83.394 
0.0 0.0 0.0 0.008 99.207 
205.118 25.118 0.904 1.625 0.081 
1.825 1.694 1.536 83.989 0.044 
4.507 2.28 9.505 4.043 52.094 
1.667 72.418 8.564 1.758 0.726 
0.0 0.019 30.966 81.455 0.043 
2.213 87.798 33.783 0.739 0.054 
2.331 184.519 4.558 0.268 34.05 
0.049 57.99 30.089 0.526 0.062 
4.397 174.409 0.702 0.251 0.397 
0.045 0.011 0.0 196.9 0.085 
0.32 0.296 137.35 0.824 0.06 
45.19 103.902 0.586 0.209 0.104 
14.547 0.181 0.345 2.705 15.062 
0.047 0.006 96.878 12.575 0.048 
95.125 0.679 21.906 12.513 0.116 
31.88 33.435 0.022 33.384 0.043 
6.134 0.195 97.132 2.201 0.094 
57.873 17.487 0.296 0.532 65.093 
0.003 0.0 0.737 193.868 1.001 
9.008 40.813 2.377 0.073 0.047 
30.671 29.535 0.236 0.361 10.801 
0.033 38.197 19.819 1.517 56.819 
87.488 0.048 0.344 0.219 29.257 
0.061 0.014 0.0 263.926 0.115 
0.001 0.103 0.012 0.002 189.887 
24.092 130.051 0.474 14.311 3.916 
0.001 0.131 243.335 25.88 0.595 
35.777 6.936 6.037 20.913 0.358 
35.138 0.019 0.138 6.333 2.484 
0.255 0.437 154.403 0.926 0.02 
0.417 32.985 0.131 25.825 0.016 
16.905 0.21 0.401 0.261 15.061 
0.029 0.061 166.911 29.966 11.754 
0.006 0.0 10.374 119.075 9.896 
0.127 30.124 0.71 22.979 22.376 
0.747 0.0 0.095 97.38 19.743 
0.87 0.005 126.766 0.179 0.114 
26.726 54.5 0.086 0.114 24.405 
3.11 123.387 2.967 0.773 0.129 
7.175 71.316 0.308 0.012 75.178 
0.0 0.308 68.852 3.66 0.017 
0.031 0.0 2.135 32.852 11.63 
17.966 64.812 0.325 8.085 18.793 
47.218 5.782 0.208 1.132 0.12 
0.0 0.0 0.0 0.007 124.537 
0.266 0.271 28.849 0.438 25.267 
0.428 0.0 0.0 112.309 1.043 
4.533 85.484 10.588 2.14 0.092 
0.0 0.0 0.059 208.715 0.091 
12.875 127.96 0.048 71.984 0.092 
0.001 0.111 0.013 0.0 201.782 
30.292 0.016 0.711 10.486 13.581 
0.019 3.536 0.955 51.743 4.3 
0.002 0.178 0.017 28.39 35.126 
0.04 0.003 70.025 1.491 1.659 
0.002 0.0 3.676 0.014 83.394 
7.053 0.088 65.232 0.46 0.009 
0.0 0.0 0.0 0.008 99.207 
205.118 25.118 0.904 1.625 0.081 
1.825 1.694 1.536 83.989 0.044 
4.507 2.28 9.505 4.043 52.094 
1.667 72.418 8.564 1.758 0.726 
0.0 0.019 30.966 81.455 0.043 
2.213 87.798 33.783 0.739 0.054 
0.0 0.005 0.08 109.366 19.82 
