0.004 0.064 0.057 0.0 110.799 
0.013 0.203 370.64 0.103 0.769 
11.654 184.764 106.738 0.084 0.629 
40.918 0.407 54.114 0.506 0.005 
0.0 0.0 0.0 0.056 343.852 
0.0 0.0 0.0 0.056 343.852 
0.0 0.0 0.022 337.037 2.275 
0.0 0.0 0.0 0.056 343.852 
241.964 20.84 15.321 0.001 0.419 
69.579 79.344 164.955 0.002 2.119 
139.567 7.293 82.923 0.064 0.151 
174.219 16.246 107.544 0.082 0.095 
240.895 24.666 12.384 0.038 0.182 
0.0 0.0 0.374 245.325 1.396 
0.0 0.0 0.022 337.037 2.275 
25.886 7.89 277.581 3.191 0.473 
0.013 0.203 370.64 0.103 0.769 
0.059 0.001 0.0 38.904 27.452 
1.061 121.114 186.934 1.638 0.204 
0.001 0.0 0.174 112.504 0.17 
0.004 0.013 0.026 0.002 273.046 
1.884 89.263 3.46 0.657 57.431 
69.579 79.344 164.955 0.002 2.119 
42.848 159.881 38.039 0.001 1.625 
1.248 59.16 3.522 16.422 91.605 
20.488 43.309 187.701 0.021 0.522 
25.886 7.89 277.581 3.191 0.473 
11.654 184.764 106.738 0.084 0.629 
0.0 0.0 1.181 180.778 10.282 
0.119 0.011 222.648 0.001 1.504 
1.061 121.114 186.934 1.638 0.204 
1.446 143.671 5.509 1.046 1.024 
0.001 0.0 1.446 221.568 1.267 
0.0 0.0 1.181 180.778 10.282 
150.949 0.305 24.925 0.765 55.768 
44.01 4.104 0.228 0.336 0.848 
240.895 24.666 12.384 0.038 0.182 
20.488 43.309 187.701 0.021 0.522 
0.029 0.0 0.002 121.324 143.57 
42.848 159.881 38.039 0.001 1.625 
1.446 143.671 5.509 1.046 1.024 
0.007 0.002 0.0 0.219 202.315 
0.0 0.0 0.015 0.004 168.898 
0.004 0.215 0.013 148.841 0.192 
7.629 3.139 27.298 0.61 66.601 
150.949 0.305 24.925 0.765 55.768 
168.882 60.605 13.379 0.001 0.596 
24.598 1.802 50.619 1.235 36.389 
0.001 0.0 1.446 221.568 1.267 
0.0 0.0 0.015 0.004 168.898 
19.704 6.006 211.286 3.8 0.362 
0.0 0.0 0.851 130.369 61.02 
0.0 0.0 0.374 245.325 1.396 
0.016 0.0 0.024 0.001 248.833 
0.004 0.013 0.026 0.002 273.046 
20.364 1.899 54.812 1.236 36.416 
2.825 5.973 60.416 34.708 0.156 
17.999 67.161 0.816 0.597 0.584 
1.884 89.263 3.46 0.657 57.431 
0.065 0.001 0.1 0.001 233.547 
0.013 0.0 0.02 0.001 211.073 
18.168 66.64 35.258 30.348 0.226 
13.714 1.735 118.472 16.61 0.142 
168.882 60.605 13.379 0.001 0.596 
139.567 7.293 82.923 0.064 0.151 
28.909 0.201 85.646 0.608 0.239 
0.021 0.04 104.486 26.425 0.042 
0.001 0.069 142.758 10.503 1.035 
0.004 0.215 0.013 148.841 0.192 
0.648 0.082 162.904 10.56 0.99 
39.188 16.038 9.101 4.151 0.462 
0.004 0.0 0.061 0.001 93.49 
4.64 9.808 36.623 0.819 1.011 
30.232 3.826 59.585 11.615 0.099 
13.714 1.735 118.472 16.61 0.142 
0.001 0.069 142.758 10.503 1.035 
0.551 8.739 16.254 21.198 21.736 
0.065 0.001 0.1 0.001 233.547 
0.016 0.0 0.024 0.001 248.833 
0.075 0.001 131.624 33.289 0.108 
7.629 3.139 27.298 0.61 66.601 
19.704 6.006 211.286 3.8 0.362 
0.0 0.0 0.851 130.369 61.02 
241.964 20.84 15.321 0.001 0.419 
0.075 0.001 131.624 33.289 0.108 
0.002 0.004 0.004 0.005 131.705 
0.0 0.015 0.001 0.0 143.441 
0.002 0.037 0.098 0.0 121.971 
0.004 0.064 0.057 0.0 110.799 
0.119 0.011 222.648 0.001 1.504 
37.254 3.209 16.822 0.363 0.087 
0.002 0.037 0.098 0.0 121.971 
0.002 0.004 0.004 0.005 131.705 
0.029 0.0 0.002 121.324 143.57 
0.001 0.0 0.174 112.504 0.17 
0.007 0.002 0.0 0.219 202.315 
3.672 4.867 21.023 24.532 25.155 
0.013 0.0 0.02 0.001 211.073 
174.219 16.246 107.544 0.082 0.095 
3.672 4.867 21.023 24.532 25.155 
