101.245 32.686 0.157 0.001 98.804 
62.224 0.182 138.063 0.002 0.162 
0.095 33.008 160.007 0.197 0.156 
112.662 0.329 84.65 0.02 0.032 
16.721 2.445 125.699 0.013 5.946 
73.213 1.616 14.267 242.752 0.063 
5.295 150.39 64.724 0.002 0.007 
242.129 0.707 45.432 0.005 0.112 
34.162 0.1 25.668 228.562 0.046 
0.0 0.086 0.0 0.011 352.515 
89.775 0.289 2.53 25.874 77.544 
142.807 5.881 0.302 0.002 90.676 
0.019 0.002 35.755 136.444 0.139 
69.716 0.224 74.763 0.019 26.829 
175.941 3.882 0.365 50.352 0.037 
54.673 39.668 70.678 0.496 0.133 
3.984 113.15 48.697 0.499 0.134 
0.058 20.101 141.371 44.521 0.377 
0.008 0.003 0.01 58.45 0.658 
0.0 0.0 0.096 210.875 0.562 
0.0 0.001 0.002 109.929 42.389 
0.0 0.0 0.186 271.161 0.051 
29.886 0.089 144.89 48.864 0.18 
37.548 27.243 48.54 0.012 69.809 
8.779 25.817 215.162 0.565 0.202 
32.891 0.082 54.663 10.805 1.376 
0.006 0.06 108.171 5.195 47.09 
168.173 0.541 4.74 2.781 115.355 
101.245 32.686 0.157 0.001 98.804 
51.159 72.332 113.099 0.004 8.386 
62.224 0.182 138.063 0.002 0.162 
29.706 83.869 15.474 15.911 2.026 
0.095 33.008 160.007 0.197 0.156 
112.662 0.329 84.65 0.02 0.032 
16.721 2.445 125.699 0.013 5.946 
0.0 0.01 0.094 0.0 233.177 
73.213 1.616 14.267 242.752 0.063 
5.295 150.39 64.724 0.002 0.007 
242.129 0.707 45.432 0.005 0.112 
238.3 0.702 3.476 0.025 0.195 
34.162 0.1 25.668 228.562 0.046 
0.0 0.086 0.0 0.011 352.515 
89.775 0.289 2.53 25.874 77.544 
0.398 6.861 6.524 0.221 39.347 
261.691 5.775 0.543 14.801 0.228 
142.807 5.881 0.302 0.002 90.676 
0.019 0.002 35.755 136.444 0.139 
0.0 0.0 0.011 30.311 92.021 
29.808 2.297 4.214 1.428 34.618 
69.716 0.224 74.763 0.019 26.829 
1.596 8.602 40.814 65.212 0.094 
59.045 49.334 20.068 0.012 0.004 
1.684 11.507 38.419 61.911 0.602 
175.941 3.882 0.365 50.352 0.037 
54.673 39.668 70.678 0.496 0.133 
0.502 57.545 24.132 0.008 13.882 
14.407 205.63 40.743 0.003 0.478 
2.586 16.461 2.091 24.976 0.037 
18.309 65.72 0.068 39.105 0.099 
0.148 51.56 36.501 13.67 0.54 
0.571 16.206 77.431 6.079 26.561 
1.567 179.604 0.045 2.905 0.995 
189.065 0.471 25.823 26.553 3.38 
10.218 12.239 57.069 1.275 33.543 
3.984 113.15 48.697 0.499 0.134 
0.058 20.101 141.371 44.521 0.377 
0.008 0.003 0.01 58.45 0.658 
0.012 0.001 21.867 0.051 66.56 
0.0 0.0 0.096 210.875 0.562 
0.087 17.473 2.305 2.841 85.665 
0.042 0.0 0.054 0.0 214.683 
0.0 0.001 0.002 109.929 42.389 
0.01 0.147 0.0 122.005 0.098 
0.0 0.0 0.186 271.161 0.051 
0.0 0.014 66.877 0.029 60.264 
5.609 4.687 0.641 0.001 92.203 
51.865 43.335 17.628 0.01 0.044 
177.422 0.518 33.29 0.003 0.387 
0.025 0.036 0.0 165.874 5.882 
20.334 138.955 0.324 8.397 0.296 
29.886 0.089 144.89 48.864 0.18 
37.548 27.243 48.54 0.012 69.809 
0.594 147.815 0.11 0.447 0.504 
33.254 211.671 26.889 0.003 0.219 
8.779 25.817 215.162 0.565 0.202 
4.964 47.341 0.151 33.652 0.456 
11.6 33.607 0.011 2.918 12.749 
0.042 0.001 72.31 76.926 1.813 
17.205 5.554 20.844 0.0 119.652 
0.001 0.214 0.001 145.517 1.01 
0.029 0.033 0.068 0.002 152.388 
0.049 151.239 0.022 8.356 0.008 
32.891 0.082 54.663 10.805 1.376 
42.501 94.596 132.592 0.275 0.53 
0.0 0.003 0.027 0.004 123.514 
0.006 0.06 108.171 5.195 47.09 
0.0 0.0 0.036 162.858 1.384 
168.173 0.541 4.74 2.781 115.355 
0.007 0.003 0.003 0.039 147.674 
0.182 20.53 59.186 22.021 26.993 
