40.511 129.602 1.478 2.851 83.736 
127.132 4.031 26.327 10.887 30.232 
0.244 0.699 0.049 262.692 22.52 
0.399 1.585 142.712 11.543 24.726 
0.0 0.0 0.0 1.028 243.98 
0.014 0.001 1.056 0.202 254.655 
0.014 0.001 1.056 0.202 254.655 
97.347 10.417 5.588 2.068 0.085 
72.991 7.471 49.328 7.165 21.674 
0.054 0.002 0.001 0.796 170.735 
0.217 15.974 118.192 18.826 86.205 
127.132 4.031 26.327 10.887 30.232 
97.347 10.417 5.588 2.068 0.085 
40.511 129.602 1.478 2.851 83.736 
18.645 101.776 9.861 7.2 29.874 
0.217 15.974 118.192 18.826 86.205 
96.687 3.515 5.196 0.669 59.811 
2.529 3.77 77.587 52.349 14.07 
9.923 2.572 91.211 14.528 66.526 
0.485 75.509 42.51 16.602 76.02 
42.135 96.892 1.208 2.33 0.105 
0.027 0.046 0.089 4.831 128.425 
54.555 13.061 3.506 94.028 0.121 
0.054 0.002 0.001 0.796 170.735 
1.164 5.785 17.023 248.818 17.788 
0.152 0.683 29.228 17.321 122.611 
8.928 48.737 41.827 1.653 18.565 
0.171 0.188 0.439 211.663 18.145 
20.344 21.312 4.718 122.266 18.178 
13.126 0.035 49.197 165.64 13.507 
42.135 96.892 1.208 2.33 0.105 
12.105 66.076 16.329 73.815 36.166 
18.748 35.99 0.476 56.16 2.8 
1.791 8.904 131.729 25.008 17.292 
72.991 7.471 49.328 7.165 21.674 
5.905 0.219 1.998 193.688 0.148 
33.823 0.766 20.371 104.983 28.717 
5.742 6.147 89.496 27.862 47.798 
12.105 66.076 16.329 73.815 36.166 
62.911 3.519 48.895 1.916 76.794 
62.911 3.519 48.895 1.916 76.794 
3.169 9.875 11.022 79.19 8.07 
2.529 3.77 77.587 52.349 14.07 
0.693 2.073 32.256 106.373 31.746 
2.474 58.201 2.713 23.025 123.845 
1.791 8.904 131.729 25.008 17.292 
5.791 28.79 38.087 116.385 1.247 
0.399 1.585 142.712 11.543 24.726 
6.784 11.457 5.313 135.277 3.993 
54.555 13.061 3.506 94.028 0.121 
2.474 58.201 2.713 23.025 123.845 
8.928 48.737 41.827 1.653 18.565 
2.963 8.864 44.207 148.84 12.137 
1.941 73.967 0.66 63.85 10.974 
0.001 0.052 0.04 198.809 68.073 
5.371 29.32 25.163 46.748 22.904 
9.382 2.664 89.977 28.037 48.098 
10.343 23.785 28.838 49.178 53.832 
16.852 17.653 3.908 101.278 30.354 
0.265 10.089 20.115 37.772 65.964 
0.812 4.035 19.125 248.818 17.788 
10.343 23.785 28.838 49.178 53.832 
1.941 73.967 0.66 63.85 10.974 
18.645 101.776 9.861 7.2 29.874 
37.991 4.478 1.899 116.976 14.099 
18.748 35.99 0.476 56.16 2.8 
2.963 8.864 44.207 148.84 12.137 
0.244 0.699 0.049 262.692 22.52 
0.485 75.509 42.51 16.602 76.02 
35.062 1.61 26.992 61.576 82.033 
13.126 0.035 49.197 165.64 13.507 
5.371 29.32 25.163 46.748 22.904 
13.117 5.268 1.88 134.476 28.508 
35.062 1.61 26.992 61.576 82.033 
11.944 0.379 2.473 153.581 30.232 
0.171 0.188 0.439 211.663 18.145 
20.328 0.054 14.604 106.265 6.817 
33.823 0.766 20.371 104.983 28.717 
6.051 27.17 2.72 94.763 28.401 
18.999 10.187 24.662 56.038 8.588 
0.033 0.181 7.511 39.658 122.611 
6.051 27.17 2.72 94.763 28.401 
0.0 0.0 0.0 1.028 243.98 
20.344 21.312 4.718 122.266 18.178 
0.004 0.004 0.06 125.067 46.277 
5.791 28.79 38.087 116.385 1.247 
16.852 17.653 3.908 101.278 30.354 
17.971 18.826 4.168 134.797 18.946 
18.383 9.856 30.99 14.608 41.545 
3.169 9.875 11.022 79.19 8.07 
11.944 0.379 2.473 153.581 30.232 
18.383 9.856 30.99 14.608 41.545 
96.687 3.515 5.196 0.669 59.811 
0.004 0.004 0.06 125.067 46.277 
37.991 4.478 1.899 116.976 14.099 
9.923 2.572 91.211 14.528 66.526 
0.027 0.046 0.089 4.831 128.425 
9.901 3.977 0.278 196.677 38.842 
18.999 10.187 24.662 56.038 8.588 
1.164 5.785 17.023 248.818 17.788 
