0.002 0.019 0.032 0.022 0.257 0.584 1.533 0.083 19.264 91.316 74.655 2.217 86.375 57.849 2.86 
0.001 0.004 0.001 0.003 0.457 1.788 10.16 0.702 108.909 57.637 63.799 35.034 25.696 61.726 6.548 
0.0 0.0 0.0 0.0 0.0 0.0 0.0 0.0 0.0 0.0 0.0 0.16 83.995 36.021 266.387 
0.018 0.028 0.134 0.091 14.21 1.031 69.924 4.832 8.509 121.629 60.489 40.421 29.646 38.35 6.967 
0.0 0.002 0.001 0.011 0.079 0.332 0.856 2.782 4.492 35.844 102.711 1.737 0.007 168.539 2.716 
0.0 0.0 0.0 0.0 0.006 0.026 0.084 0.022 0.091 0.366 0.539 183.783 161.923 53.85 8.162 
0.002 0.019 0.032 0.022 0.257 0.584 1.533 0.083 19.264 91.316 74.655 2.217 86.375 57.849 2.86 
0.0 0.0 0.0 0.0 0.008 0.001 0.015 0.005 0.063 0.47 0.504 187.444 85.705 23.239 2.545 
0.009 0.025 0.004 0.007 0.016 0.01 1.317 1.764 0.141 6.626 104.851 1.481 81.857 148.84 34.266 
0.0 0.001 0.0 0.0 0.001 0.0 0.047 0.785 0.886 0.15 17.209 84.321 6.928 52.682 79.365 
0.0 0.0 0.002 0.002 0.024 0.0 0.041 0.031 0.081 0.306 0.483 61.318 25.857 213.693 13.005 
0.001 0.004 0.001 0.003 0.457 1.788 10.16 0.702 108.909 57.637 63.799 35.034 25.696 61.726 6.548 
0.006 0.002 0.302 0.047 1.235 7.007 22.416 5.898 24.348 97.71 143.779 3.575 21.231 50.856 7.708 
0.0 0.0 0.0 0.0 0.0 0.0 0.0 0.0 0.0 0.0 0.0 0.16 83.995 36.021 266.387 
0.0 0.0 0.0 0.0 0.001 0.002 0.013 0.001 0.015 0.708 0.263 0.044 0.738 0.362 220.882 
0.018 0.028 0.134 0.091 14.21 1.031 69.924 4.832 8.509 121.629 60.489 40.421 29.646 38.35 6.967 
0.0 0.0 0.0 0.0 0.0 0.001 0.002 0.007 0.008 0.229 1.73 0.777 229.546 25.062 111.198 
0.004 0.0 0.003 0.002 0.015 0.046 0.002 0.168 0.04 0.242 35.184 3.359 139.271 115.699 35.587 
0.004 0.026 0.007 0.019 2.936 11.496 65.311 4.513 38.463 56.825 63.776 35.022 25.687 61.704 6.546 
0.001 0.025 0.015 0.089 0.103 2.951 13.23 5.414 0.825 24.359 137.62 0.998 20.332 16.861 0.706 
0.006 0.001 0.006 0.001 0.987 0.038 1.476 1.149 1.76 4.697 135.486 106.815 25.723 6.041 34.395 
0.0 0.0 0.002 0.0 0.004 0.031 0.099 0.002 0.091 0.367 0.54 184.049 162.158 53.928 8.174 
0.0 0.0 0.0 0.0 0.002 0.004 0.01 0.001 0.122 12.84 8.565 150.16 78.064 52.283 38.526 
0.0 0.002 0.001 0.011 0.079 0.332 0.856 2.782 4.492 35.844 102.711 1.737 0.007 168.539 2.716 
0.0 0.0 0.0 0.0 0.002 0.0 0.033 0.008 0.091 0.263 0.357 132.618 60.637 16.441 1.801 
0.0 0.0 0.006 0.007 0.685 0.304 2.02 1.371 3.595 13.594 21.444 6.191 4.229 153.684 6.264 
0.001 0.0 0.0 0.0 0.009 0.097 0.484 0.405 1.06 0.745 0.995 7.018 0.975 237.111 4.454 
0.025 0.021 0.187 0.101 0.025 0.041 0.152 4.676 0.594 56.602 32.748 88.504 9.377 50.622 7.255 
0.0 0.0 0.0 0.0 0.0 0.0 0.0 0.001 0.012 0.423 0.227 0.437 28.267 12.571 346.324 
0.0 0.0 0.0 0.0 0.0 0.0 0.0 0.0 0.0 0.0 0.001 22.511 0.001 147.107 110.579 
0.012 0.323 0.09 0.216 0.043 0.048 3.298 0.899 5.449 43.482 35.548 87.595 47.663 47.028 2.325 
0.008 0.006 0.006 0.006 0.112 0.53 1.118 0.101 1.639 30.37 12.037 2.029 180.326 60.401 5.166 
0.001 0.003 0.031 0.006 0.015 0.009 1.238 1.659 0.133 6.231 85.848 21.074 81.857 148.84 34.266 
0.672 0.0 0.089 1.352 5.661 6.347 14.306 5.406 15.167 75.872 112.938 3.07 16.695 39.991 2.356 
0.0 0.0 0.001 0.0 0.0 0.0 0.046 0.778 0.878 0.149 17.055 83.566 5.7 51.653 77.815 
0.057 0.515 0.075 0.143 7.11 2.261 20.485 5.024 16.586 10.048 38.116 74.277 0.001 197.8 47.512 
0.0 0.0 0.0 0.001 0.0 0.0 0.015 0.099 0.241 0.071 0.399 1.873 231.554 25.272 112.133 
0.0 0.0 0.0 0.0 0.0 0.0 0.0 0.0 0.0 0.001 0.006 0.0 3.888 13.555 294.42 
0.001 0.004 0.0 0.001 0.003 0.001 0.003 0.028 15.434 7.407 11.759 13.613 0.432 10.408 109.31 
0.028 0.016 0.038 0.005 0.139 0.421 0.055 0.202 0.149 0.912 49.129 48.67 16.115 172.679 34.924 
0.0 0.0 0.0 0.0 0.0 0.0 0.001 0.0 0.01 8.435 35.448 76.166 131.714 139.342 3.347 
0.0 0.0 0.0 0.0 0.003 0.005 0.033 0.313 0.038 1.977 0.492 27.929 127.596 86.99 12.883 
0.01 0.002 0.002 0.002 0.01 0.018 0.009 0.153 0.099 3.283 0.545 5.404 76.879 122.436 5.349 
0.0 0.001 0.0 0.0 0.002 0.0 0.012 0.025 0.014 0.008 0.022 0.245 189.524 7.563 23.893 
0.351 0.199 0.008 0.284 0.274 4.29 24.375 1.007 1.383 16.557 91.046 57.086 18.163 31.794 24.377 
0.0 0.0 0.0 0.0 0.0 0.0 0.0 0.0 0.001 0.001 0.055 0.015 0.745 315.892 5.667 
0.0 0.0 0.0 0.0 0.006 0.007 0.139 0.169 0.356 0.138 11.176 57.346 65.629 67.356 8.088 
0.008 0.007 0.006 0.005 0.027 0.316 0.037 3.444 6.133 0.895 5.707 30.659 43.331 198.903 8.618 
0.0 0.0 0.0 0.0 0.0 0.0 0.0 0.0 0.0 0.006 0.001 0.012 0.343 0.043 351.926 
0.0 0.0 0.0 0.0 0.0 0.0 0.022 0.067 0.037 0.03 0.973 0.106 102.966 123.174 89.013 
0.0 0.0 0.0 0.0 0.0 0.0 0.0 0.024 0.383 4.589 0.287 36.822 174.481 89.786 3.111 
0.0 0.005 0.04 0.053 0.646 0.0 1.118 0.846 2.217 8.383 13.224 75.812 0.004 248.128 51.591 
0.0 0.0 0.0 0.0 0.0 0.0 0.001 0.0 0.016 1.601 0.613 1.669 6.018 152.794 0.293 
0.0 0.0 0.0 0.001 0.004 0.001 0.045 0.01 0.03 0.0 7.961 16.501 1.167 7.247 196.483 
0.0 0.0 0.0 0.0 0.0 0.04 0.003 1.157 1.575 0.276 53.36 14.002 85.676 1.957 109.042 
0.005 0.008 0.003 0.004 1.058 0.298 51.285 2.978 23.8 95.38 47.978 18.742 22.286 113.538 6.753 
0.033 0.014 0.02 0.029 0.006 0.006 0.183 0.056 2.65 0.501 4.749 91.735 117.125 56.929 0.874 
0.0 0.0 0.0 0.0 0.003 0.001 0.002 0.048 1.312 13.271 7.678 41.244 3.245 201.219 7.979 
0.0 0.0 0.0 0.0 0.0 0.002 0.002 0.124 0.537 0.304 0.505 3.3 75.478 3.163 184.904 
0.0 0.0 0.0 0.0 0.0 0.0 0.0 0.002 0.023 0.063 0.013 0.061 0.002 0.21 325.383 
0.0 0.0 0.0 0.0 0.0 0.0 0.0 0.003 0.149 2.072 10.234 1.172 51.133 2.529 42.032 
0.0 0.0 0.0 0.001 0.001 0.006 0.001 0.001 0.001 0.588 6.765 2.354 9.705 56.109 82.304 
0.001 0.001 0.083 0.101 0.106 0.198 0.066 0.63 1.015 1.007 0.177 7.675 30.015 0.742 188.332 
0.0 0.0 0.0 0.0 0.0 0.0 0.0 0.0 0.0 0.001 0.0 0.051 28.296 98.664 185.267 
0.0 0.0 0.0 0.0 0.0 0.001 0.008 0.047 1.077 0.553 0.768 8.375 28.579 6.062 84.694 
0.0 0.0 0.0 0.006 0.001 0.002 0.024 0.115 3.321 3.732 8.173 2.806 58.639 64.297 2.962 
0.0 0.0 0.0 0.0 0.0 0.0 0.0 0.0 0.001 0.002 0.012 0.04 0.091 169.831 87.966 
0.0 0.0 0.0 0.0 0.0 0.0 0.0 0.0 0.0 0.0 0.0 0.242 0.138 65.894 133.429 
0.0 0.0 0.0 0.0 0.0 0.0 0.0 0.001 0.002 0.005 0.044 1.176 0.161 10.735 238.793 
0.008 0.055 0.036 0.096 0.155 0.625 3.348 8.46 4.197 15.153 94.064 2.974 14.148 11.733 0.491 
0.0 0.0 0.0 0.0 0.0 0.0 0.0 0.002 0.017 0.0 3.769 0.624 17.275 14.274 195.877 
0.0 0.0 0.0 0.0 0.0 0.0 0.001 0.0 0.0 0.001 0.008 0.054 2.578 115.864 170.703 
0.0 0.0 0.0 0.0 0.0 0.0 0.0 0.011 0.478 0.109 0.01 1.654 0.224 15.499 105.501 
0.0 0.0 0.0 0.001 0.001 0.0 0.002 0.001 0.006 0.004 0.167 0.088 8.005 2.677 65.269 
0.0 0.0 0.0 0.0 0.002 0.002 0.001 0.023 0.006 0.01 0.521 1.933 4.632 165.953 71.491 
0.0 0.0 0.0 0.0 0.0 0.0 0.0 0.001 0.0 0.004 0.011 0.088 57.234 77.137 143.411 
0.11 0.013 0.104 0.025 0.401 0.18 1.186 0.923 1.048 3.455 99.677 78.584 54.12 5.209 29.656 
0.0 0.0 0.0 0.0 0.001 0.001 0.003 0.029 0.215 0.489 38.54 21.849 154.828 44.286 16.993 
0.0 0.0 0.0 0.0 0.001 0.001 0.0 0.003 0.011 0.008 1.32 61.149 134.759 113.773 6.335 
0.0 0.0 0.0 0.0 0.001 0.002 0.0 0.091 0.474 0.102 0.141 10.115 84.328 123.434 18.459 
0.0 0.0 0.0 0.0 0.004 0.091 0.645 0.701 0.223 1.142 1.578 0.078 30.318 92.602 49.082 
0.0 0.0 0.0 0.0 0.0 0.0 0.0 0.0 0.001 0.002 0.09 0.071 1.613 66.968 323.937 
0.0 0.0 0.003 0.003 0.0 0.014 0.005 0.028 0.007 0.353 0.033 1.689 1.45 16.209 140.858 
0.0 0.0 0.0 0.0 0.0 0.0 0.0 0.001 0.007 0.001 2.444 20.773 1.292 31.289 280.607 
0.0 0.0 0.01 0.027 0.01 0.018 0.076 0.813 0.468 0.308 15.926 60.804 1.043 37.963 60.416 
0.0 0.0 0.0 0.0 0.0 0.0 0.001 0.0 0.001 0.0 0.091 0.266 7.833 24.594 118.42 
0.0 0.0 0.0 0.003 0.0 0.003 0.122 0.029 0.41 2.687 11.566 69.566 60.242 31.876 1.191 
0.0 0.0 0.0 0.0 0.0 0.0 0.0 0.0 0.001 0.031 0.712 3.558 35.735 375.353 16.605 
0.0 0.0 0.0 0.0 0.001 0.001 0.071 0.251 0.359 4.011 1.629 115.015 87.83 59.243 1.733 
0.0 0.0 0.0 0.0 0.0 0.0 0.0 0.003 0.001 0.006 0.001 0.024 7.019 85.896 62.616 
0.0 0.0 0.0 0.0 0.003 0.007 0.043 0.006 0.339 1.199 0.061 4.739 79.741 132.118 43.664 
0.0 0.0 0.0 0.0 0.0 0.0 0.022 0.065 0.041 6.177 0.526 2.639 147.119 8.556 8.671 
0.0 0.0 0.0 0.0 0.0 0.003 0.014 0.012 0.002 0.015 0.025 42.346 49.97 50.93 18.28 
0.0 0.0 0.0 0.0 0.0 0.0 0.0 0.001 8.893 10.273 20.454 88.393 121.165 10.587 32.922 
0.0 0.0 0.0 0.0 0.008 0.002 0.019 0.013 0.034 2.328 0.005 44.043 108.923 3.721 127.735 
0.0 0.0 0.0 0.0 0.0 0.018 0.018 0.005 0.0 0.025 0.136 1.101 31.377 310.946 8.8 
0.0 0.0 0.0 0.0 0.002 0.0 0.021 0.046 0.135 0.668 25.789 44.606 94.673 223.737 7.633 
0.0 0.0 0.0 0.0 0.0 0.0 0.0 0.0 0.001 0.001 0.015 0.109 0.266 4.283 222.04 
0.0 0.0 0.0 0.0 0.002 0.002 0.001 0.003 0.0 0.005 1.067 1.639 0.363 2.722 190.911 
0.0 0.0 0.0 0.0 0.0 0.0 0.0 0.0 0.0 0.0 0.002 0.0 0.171 0.153 328.35 
