0.0 0.004 0.0 301.728 2.904 
0.61 241.148 0.162 0.138 0.85 
0.061 0.009 277.349 4.968 8.689 
0.0 0.0 0.03 130.923 0.334 
0.003 0.061 0.018 0.0 297.182 
0.015 0.0 0.0 0.53 192.612 
0.023 0.001 0.002 0.028 382.599 
115.858 17.291 1.869 51.883 0.0 
0.0 0.0 0.0 22.556 166.462 
244.295 3.964 0.166 0.385 0.001 
0.0 0.0 0.054 187.353 3.91 
0.0 0.0 0.004 292.642 2.817 
165.897 5.265 0.057 0.165 30.29 
243.102 0.947 18.952 0.407 0.001 
10.049 9.852 7.119 0.126 193.381 
0.25 0.004 193.643 2.094 32.284 
16.046 207.773 0.15 11.943 0.034 
0.042 0.007 0.026 0.0 271.424 
0.132 0.048 137.238 0.213 0.0 
117.344 3.724 0.03 26.204 26.034 
0.331 0.003 254.25 4.015 33.001 
156.919 0.686 0.105 34.127 0.0 
0.021 0.031 201.943 0.16 0.516 
10.604 137.299 0.049 23.431 30.29 
8.218 173.611 0.065 5.429 0.903 
0.003 0.061 0.018 0.0 297.182 
0.019 0.0 0.005 0.026 360.793 
0.227 7.332 136.595 125.66 0.039 
1.123 28.631 54.462 86.149 0.143 
0.61 241.148 0.162 0.138 0.85 
45.974 185.416 0.085 0.641 0.034 
0.0 0.0 0.042 146.491 55.843 
81.679 17.524 27.715 75.639 0.517 
0.019 104.988 62.132 1.186 2.604 
16.046 207.773 0.15 11.943 0.034 
69.855 115.093 0.124 0.337 0.027 
31.49 22.858 15.183 34.785 3.003 
9.313 30.113 46.354 64.742 0.087 
55.263 129.126 0.123 0.364 0.106 
0.208 82.311 8.13 0.115 0.052 
55.263 129.126 0.123 0.364 0.106 
114.304 17.059 0.088 50.513 0.0 
0.0 0.0 0.032 172.378 0.012 
9.313 30.113 46.354 64.742 0.087 
34.664 8.588 7.134 14.061 39.315 
31.49 22.858 15.183 34.785 3.003 
111.529 3.539 0.077 24.916 24.754 
0.133 53.199 62.703 3.464 0.305 
0.0 0.0 0.0 22.556 166.462 
3.398 37.829 11.518 59.029 18.412 
95.825 1.787 1.37 0.018 0.057 
0.042 0.007 0.026 0.0 271.424 
0.006 0.0 0.001 81.787 118.354 
0.01 0.1 83.337 0.048 143.361 
79.495 73.581 0.102 57.333 0.001 
15.0 48.504 116.241 0.391 3.878 
0.0 0.0 0.042 146.491 55.843 
69.855 115.093 0.124 0.337 0.027 
2.283 42.892 53.113 2.374 16.582 
3.383 63.559 58.095 0.194 2.2 
0.996 25.406 0.03 5.72 42.483 
45.353 0.177 53.53 85.493 0.471 
3.383 63.559 58.095 0.194 2.2 
0.019 0.0 0.005 0.026 360.793 
0.023 0.001 0.002 0.028 382.599 
8.218 173.611 0.065 5.429 0.903 
0.021 0.0 104.768 1.637 34.363 
88.023 2.793 0.103 0.645 96.992 
45.974 185.416 0.085 0.641 0.034 
0.031 0.318 265.817 0.152 4.121 
0.001 0.002 0.003 19.731 130.508 
0.24 4.506 129.83 3.251 22.703 
0.0 0.0 0.054 187.353 3.91 
0.0 0.0 0.032 172.378 0.012 
95.57 34.523 8.19 0.214 0.0 
0.002 0.053 62.5 13.536 100.542 
79.495 73.581 0.102 57.333 0.001 
0.776 17.901 21.959 0.029 69.084 
0.061 0.009 277.349 4.968 8.689 
0.331 0.003 254.25 4.015 33.001 
0.776 17.901 21.959 0.029 69.084 
0.076 0.016 70.107 8.987 10.105 
81.679 17.524 27.715 75.639 0.517 
0.009 0.097 119.452 133.802 0.023 
0.019 104.988 62.132 1.186 2.604 
0.006 0.0 0.001 81.787 118.354 
0.064 39.741 18.19 2.956 80.536 
0.031 0.318 265.817 0.152 4.121 
115.858 17.291 1.869 51.883 0.0 
88.023 2.793 0.103 0.645 96.992 
0.076 0.016 70.107 8.987 10.105 
15.229 49.246 75.804 0.388 4.103 
0.208 82.311 8.13 0.115 0.052 
74.521 23.385 27.352 0.347 2.704 
0.07 0.002 81.616 0.58 87.145 
70.46 2.236 88.553 0.347 1.275 
10.604 137.299 0.049 23.431 30.29 
10.258 3.706 93.221 56.83 0.0 
0.064 39.741 18.19 2.956 80.536 
0.01 0.1 83.337 0.048 143.361 
