65.247 29.173 1.774 7.613 0.002 
269.794 120.63 0.164 0.004 6.398 
12.258 312.53 1.784 0.105 44.884 
0.0 0.0 269.841 0.101 6.19 
0.0 0.0 0.0 0.044 149.763 
0.0 0.0 0.0 0.0 212.604 
0.0 0.0 0.09 0.0 311.052 
0.0 0.0 0.0 0.022 306.025 
0.018 0.156 0.0 185.479 1.249 
3.906 209.911 1.175 41.331 35.218 
12.258 312.53 1.784 0.105 44.884 
0.0 0.0 83.003 141.434 0.011 
3.906 209.911 1.175 41.331 35.218 
0.018 0.156 0.0 185.479 1.249 
235.225 52.416 0.098 1.963 5.228 
129.847 0.683 41.842 4.05 0.009 
184.905 0.972 0.103 0.931 1.258 
108.295 48.421 143.411 0.003 4.916 
111.024 1.028 189.696 2.059 0.015 
269.794 120.63 0.164 0.004 6.398 
0.0 0.0 83.003 141.434 0.011 
0.525 167.869 28.239 0.136 1.324 
0.007 0.003 0.008 111.838 0.308 
111.024 1.028 189.696 2.059 0.015 
0.034 0.009 0.007 0.0 170.531 
1.275 32.502 15.707 84.318 0.007 
85.925 138.27 0.319 1.124 0.061 
5.025 51.626 4.415 62.298 1.886 
108.295 48.421 143.411 0.003 4.916 
0.0 0.0 0.0 0.017 59.006 
0.0 0.0 0.007 0.008 92.108 
196.126 43.704 54.445 2.008 0.015 
0.029 0.0 0.009 0.001 134.796 
0.0 0.0 0.007 0.009 102.012 
3.078 78.471 98.267 4.224 0.009 
3.078 78.471 98.267 4.224 0.009 
40.684 18.19 70.943 11.212 0.002 
0.001 0.0 0.008 0.0 260.696 
0.001 0.002 0.0 0.0 291.811 
222.208 2.058 0.248 1.124 0.061 
128.893 36.464 35.249 0.002 0.552 
0.955 85.585 121.603 0.282 0.059 
40.684 18.19 70.943 11.212 0.002 
18.224 18.286 0.005 98.015 0.007 
1.217 109.007 7.924 0.333 10.688 
196.126 43.704 54.445 2.008 0.015 
32.907 2.012 0.021 21.562 50.551 
85.925 138.27 0.319 1.124 0.061 
0.002 0.0 0.005 0.0 232.909 
0.001 0.0 0.008 0.0 260.696 
1.183 0.054 241.197 1.654 0.012 
0.001 0.0 211.318 4.965 0.011 
0.001 0.0 263.39 0.084 6.041 
0.27 86.204 14.501 27.543 0.006 
5.025 51.626 4.415 62.298 1.886 
4.124 42.363 3.622 51.12 2.321 
0.398 17.259 224.446 0.048 14.436 
68.356 27.933 135.301 0.086 13.812 
56.348 0.296 0.031 89.929 0.987 
4.124 42.363 3.622 51.12 2.321 
50.025 22.367 0.046 0.047 17.566 
13.962 0.18 5.869 32.339 0.144 
0.034 0.009 0.007 0.0 170.531 
0.0 0.0 0.0 0.044 149.763 
0.001 0.0 56.898 0.388 6.708 
1.183 0.054 241.197 1.654 0.012 
32.907 2.012 0.021 21.562 50.551 
0.398 17.259 224.446 0.048 14.436 
0.001 0.0 211.318 4.965 0.011 
18.224 18.286 0.005 98.015 0.007 
50.025 22.367 0.046 0.047 17.566 
1.827 163.627 11.895 0.082 0.009 
0.955 85.585 121.603 0.282 0.059 
235.225 52.416 0.098 1.963 5.228 
222.208 2.058 0.248 1.124 0.061 
1.217 109.007 7.924 0.333 10.688 
0.251 34.918 42.378 0.029 4.625 
66.165 150.942 0.044 0.002 0.597 
76.787 23.968 0.143 0.107 11.828 
34.569 0.32 3.68 27.982 0.003 
1.275 32.502 15.707 84.318 0.007 
0.001 0.002 0.0 0.0 291.811 
0.0 0.0 0.001 0.015 218.13 
0.002 0.0 0.0 0.005 232.036 
6.431 5.191 0.007 18.793 5.819 
66.165 150.942 0.044 0.002 0.597 
1.91 82.716 27.127 0.315 6.681 
184.905 0.972 0.103 0.931 1.258 
7.34 3.429 12.977 16.564 0.002 
0.0 0.0 93.765 16.637 0.031 
0.27 86.204 14.501 27.543 0.006 
76.787 23.968 0.143 0.107 11.828 
1.977 0.018 81.347 0.235 0.226 
68.356 27.933 135.301 0.086 13.812 
51.866 13.182 4.676 0.094 10.821 
129.847 0.683 41.842 4.05 0.009 
0.474 0.001 19.387 32.098 0.14 
64.367 43.849 0.154 0.73 12.776 
0.029 0.0 0.009 0.001 134.796 
0.004 0.009 0.01 0.0 145.599 
