10.048 3.622 0.0 31.698 153.532 
2.157 6.471 3.093 126.879 36.158 
0.0 0.0 0.0 0.0 79.967 
0.0 0.0 0.0 56.884 36.82 
0.0 0.0 0.0 0.0 134.66 
0.0 0.0 0.0 0.0 124.095 
0.056 0.079 0.345 69.997 97.158 
0.0 11.121 6.129 10.554 58.814 
0.0 0.0 0.0 9.409 169.047 
4.111 0.791 19.809 73.94 48.345 
0.0 0.0 0.0 0.0 125.347 
2.113 1.265 1.086 17.543 118.615 
0.388 11.794 9.744 5.2 19.621 
2.884 18.646 22.733 48.669 52.29 
0.067 0.027 0.071 1.976 118.14 
0.0 0.0 0.0 0.0 158.359 
0.0 0.0 0.0 34.702 39.933 
0.475 0.565 0.965 10.882 109.539 
0.0 0.0 0.0 0.0 170.374 
0.0 0.0 0.0 64.279 13.967 
0.0 0.0 0.0 151.508 34.016 
0.0 0.0 0.0 89.85 38.244 
0.0 0.0 0.0 0.0 204.405 
0.154 0.079 1.078 19.547 89.684 
0.002 0.007 0.0 16.839 120.698 
0.0 0.0 0.0 103.858 35.545 
0.0 0.0 21.642 113.479 10.56 
0.123 0.005 53.525 6.155 117.002 
9.683 0.0 11.482 97.823 58.763 
5.354 0.245 5.033 16.703 110.557 
0.381 0.427 0.099 14.623 35.41 
0.0 0.0 0.0 111.063 14.301 
0.011 1.358 2.239 20.8 136.913 
0.0 0.0 0.0 0.0 142.843 
0.0 0.0 0.0 0.0 121.911 
0.0 3.317 8.126 118.776 8.491 
0.654 0.696 2.506 30.947 123.761 
0.0 0.0 0.0 8.432 133.181 
0.736 0.265 0.0 0.962 167.02 
0.0 0.0 0.0 0.0 141.406 
0.0 0.0 0.0 0.0 149.399 
0.0 7.83 1.572 0.0 94.534 
0.0 0.0 0.0 0.0 291.109 
0.0 0.0 0.0 0.0 74.963 
0.0 0.0 0.0 94.03 16.883 
0.0 0.0 0.0 56.223 86.105 
2.183 2.424 0.564 5.519 259.635 
0.0 0.0 0.0 2.383 72.496 
0.0 0.0 0.0 15.113 47.673 
2.804 3.94 3.666 5.824 154.083 
1.349 2.146 10.056 16.472 58.231 
0.0 0.107 0.317 0.44 172.79 
0.0 0.0 0.0 25.535 55.883 
0.0 0.0 0.578 2.695 51.692 
0.0 0.0 0.0 3.699 127.739 
0.0 0.595 1.489 22.774 194.584 
0.0 0.0 0.0 0.0 291.978 
0.0 0.0 0.0 31.097 23.479 
2.914 1.173 16.957 192.886 0.0 
10.927 10.901 0.0 81.565 64.765 
0.0 0.0 0.0 0.0 55.526 
0.0 0.0 0.0 0.0 160.501 
5.159 10.195 49.981 92.168 56.439 
0.0 0.0 0.0 0.0 135.006 
0.0 0.0 0.0 0.0 205.712 
0.296 0.791 2.111 10.392 20.655 
1.77 0.0 0.0 64.063 54.534 
0.0 0.0 0.0 0.0 228.402 
5.178 5.892 0.0 33.936 56.296 
0.031 2.336 8.3 0.0 50.326 
0.0 0.0 0.0 55.101 119.269 
1.002 2.305 0.029 7.543 85.146 
0.0 0.0 0.0 3.344 136.763 
0.0 0.0 0.0 5.801 77.732 
0.0 0.0 0.0 0.0 65.452 
0.086 0.902 1.286 7.054 38.834 
0.008 0.116 1.707 0.828 262.353 
0.205 0.214 0.421 3.235 54.267 
0.015 0.03 0.489 0.166 75.982 
0.0 0.0 0.0 4.573 38.87 
0.0 5.356 2.907 15.065 97.125 
0.0 0.0 43.737 0.0 136.13 
0.0 0.0 12.726 109.472 67.379 
0.0 0.0 0.0 9.146 71.451 
0.0 0.0 0.0 0.0 89.137 
0.0 0.0 36.142 16.875 30.474 
1.606 9.785 0.859 75.618 97.793 
0.383 2.478 5.864 1.102 189.966 
1.043 0.137 0.883 2.691 125.908 
0.0 4.631 0.075 12.5 96.929 
0.0 0.0 0.0 21.855 63.425 
0.0 0.0 26.893 26.248 0.0 
1.519 0.748 29.056 98.436 13.273 
0.0 9.199 9.979 138.685 73.046 
0.508 0.88 0.012 41.779 53.418 
0.0 0.0 0.0 0.0 116.792 
0.0 0.0 0.0 0.0 115.797 
2.073 0.0 20.307 43.469 126.914 
0.0 0.0 0.0 0.0 133.611 
0.0 0.0 0.0 0.0 66.622 
