0.0 0.0 0.865 0.0 364.989 
230.561 1.775 0.349 2.936 0.322 
0.0 0.0 0.0 0.095 234.561 
0.0 0.0 0.0 0.066 304.073 
0.024 0.002 0.0 119.878 0.0 
0.0 0.0 0.001 334.069 40.612 
0.0 0.003 0.034 0.0 166.698 
34.748 281.08 0.013 0.046 0.452 
0.0 0.0 0.0 0.046 209.724 
0.012 0.02 134.261 9.422 0.206 
156.309 0.031 30.133 0.097 0.255 
8.147 243.572 0.378 0.126 0.361 
0.001 0.012 0.002 231.014 22.882 
230.561 1.775 0.349 2.936 0.322 
12.597 153.397 0.077 0.183 0.238 
46.812 91.073 16.294 0.168 0.404 
0.0 0.0 0.001 334.069 40.612 
0.014 0.001 64.505 4.527 0.099 
0.022 0.002 102.934 0.114 0.004 
156.309 0.031 30.133 0.097 0.255 
115.508 47.489 0.038 2.885 0.883 
86.887 32.258 0.179 0.13 0.045 
0.0 0.0 0.865 0.0 364.989 
0.0 0.0 0.0 0.066 304.073 
34.748 281.08 0.013 0.046 0.452 
8.147 243.572 0.378 0.126 0.361 
0.0 0.002 0.052 0.0 249.542 
113.413 27.341 10.582 0.079 0.19 
0.0 0.08 0.002 0.01 68.433 
0.0 0.043 0.007 0.0 121.69 
0.0 0.0 0.0 166.243 38.742 
0.011 0.002 0.0 119.891 0.0 
27.817 54.118 0.496 44.606 0.005 
1.405 125.727 0.009 0.052 5.139 
0.0 2.059 3.916 42.468 49.513 
0.012 0.02 134.261 9.422 0.206 
0.313 28.055 42.396 0.078 0.745 
0.0 0.028 119.628 0.035 0.172 
0.001 0.001 0.015 78.455 37.162 
45.558 18.73 11.728 4.046 11.095 
1.988 80.106 1.687 43.196 0.107 
45.558 18.73 11.728 4.046 11.095 
0.0 0.013 55.445 0.061 2.243 
0.313 28.055 42.396 0.078 0.745 
0.001 0.002 0.0 46.715 0.002 
67.632 0.166 0.092 4.763 2.936 
67.632 0.166 0.092 4.763 2.936 
86.8 133.586 0.331 0.243 4.499 
1.58 0.162 0.001 0.002 170.08 
0.0 0.0 0.0 0.081 199.376 
0.003 0.001 113.304 0.003 0.29 
0.022 0.002 102.934 0.114 0.004 
0.0 0.0 0.024 174.212 0.147 
0.0 0.012 0.0 198.416 0.113 
0.005 0.001 0.0 100.398 32.038 
0.0 0.013 55.445 0.061 2.243 
0.014 0.001 64.505 4.527 0.099 
46.812 91.073 16.294 0.168 0.404 
115.508 47.489 0.038 2.885 0.883 
0.001 0.042 0.004 0.0 210.705 
3.761 7.317 0.245 44.249 0.858 
0.0 0.0 0.001 0.316 133.457 
16.953 137.134 0.065 0.05 0.221 
0.177 0.002 0.028 0.002 154.649 
16.867 6.934 4.342 1.75 30.575 
0.0 0.0 0.001 212.778 49.587 
0.001 0.012 0.002 231.014 22.882 
0.0 0.028 119.628 0.035 0.172 
0.003 0.001 113.304 0.003 0.29 
0.002 0.0 7.996 0.008 46.526 
0.0 0.0 0.001 212.778 49.587 
0.0 0.012 0.0 198.416 0.113 
24.821 48.29 8.64 0.089 3.307 
0.001 0.001 0.015 78.455 37.162 
0.0 0.002 0.052 0.0 249.542 
0.0 0.0 0.0 0.095 234.561 
24.821 48.29 8.64 0.089 3.307 
0.0 0.08 0.002 0.01 68.433 
1.988 80.106 1.687 43.196 0.107 
0.0 0.003 0.009 0.0 54.457 
0.049 0.0 0.001 225.294 3.155 
0.017 0.001 0.002 90.943 0.441 
16.867 6.934 4.342 1.75 30.575 
0.403 83.162 0.006 1.054 40.076 
0.212 149.959 0.225 0.166 10.498 
0.177 0.002 0.028 0.002 154.649 
0.0 0.0 0.001 0.316 133.457 
0.0 0.043 0.007 0.0 121.69 
0.005 0.001 0.0 100.398 32.038 
12.597 153.397 0.077 0.183 0.238 
26.109 144.279 0.024 0.07 0.065 
27.817 54.118 0.496 44.606 0.005 
0.0 0.0 0.0 0.081 199.376 
0.017 0.001 0.002 90.943 0.441 
26.109 144.279 0.024 0.07 0.065 
0.0 0.0 0.0 166.243 38.742 
14.195 1.791 10.087 6.281 0.102 
1.309 131.567 0.101 0.147 5.379 
0.0 0.0 0.024 174.212 0.147 
0.0 2.059 3.916 42.468 49.513 
