0.116 0.533 232.09 1.183 1.551 
0.235 0.541 5.748 91.364 0.013 
38.883 0.059 35.886 0.475 17.095 
6.28 9.603 0.2 53.318 13.1 
0.0 0.0 0.052 95.983 77.304 
1.807 5.829 97.116 26.46 1.068 
72.312 8.866 21.583 0.477 39.25 
1.14 2.622 27.854 146.733 0.0 
0.026 3.835 49.479 13.474 19.252 
16.631 32.996 19.373 6.386 3.125 
35.944 0.03 72.476 7.507 26.324 
0.004 0.001 0.057 113.931 2.866 
0.738 3.802 58.176 8.038 12.2 
38.135 126.758 2.072 91.845 0.069 
5.227 0.152 52.499 20.187 0.11 
12.651 29.093 0.525 98.602 0.01 
0.106 0.012 0.001 222.609 0.314 
0.385 1.769 122.265 0.633 0.017 
1.074 0.007 17.277 60.862 2.212 
0.834 0.778 15.734 32.356 0.07 
76.565 0.11 12.666 6.185 21.686 
4.669 19.287 1.347 113.235 3.483 
0.0 0.0 0.067 124.995 23.606 
7.423 17.07 0.308 82.219 0.151 
2.498 0.016 18.616 98.069 0.0 
0.081 0.186 1.688 20.37 4.797 
0.063 9.203 114.136 31.171 0.218 
25.149 23.474 0.066 4.472 0.075 
0.322 4.227 56.036 50.124 0.606 
78.822 2.3 9.074 8.348 4.086 
64.725 0.054 25.287 6.235 21.862 
1.402 5.79 88.588 2.095 1.988 
1.482 0.421 21.639 1.63 5.714 
13.271 97.4 1.391 61.643 0.245 
4.475 10.291 0.186 34.878 29.426 
4.788 27.716 1.363 23.101 15.015 
53.025 21.782 0.94 13.778 0.9 
0.0 0.0 0.0 0.538 167.616 
5.609 73.649 8.865 72.906 0.089 
62.233 206.855 3.381 4.47 0.391 
0.116 0.533 232.09 1.183 1.551 
0.235 0.541 5.748 91.364 0.013 
1.094 2.774 37.749 3.822 4.449 
0.0 0.0 0.0 0.0 39.402 
38.883 0.059 35.886 0.475 17.095 
0.014 0.521 0.024 84.361 15.251 
6.28 9.603 0.2 53.318 13.1 
0.0 0.0 0.052 95.983 77.304 
1.807 5.829 97.116 26.46 1.068 
72.312 8.866 21.583 0.477 39.25 
1.14 2.622 27.854 146.733 0.0 
0.65 0.004 4.139 49.947 11.761 
0.026 3.835 49.479 13.474 19.252 
16.631 32.996 19.373 6.386 3.125 
35.944 0.03 72.476 7.507 26.324 
0.004 0.001 0.057 113.931 2.866 
1.031 4.607 41.744 43.766 0.012 
0.738 3.802 58.176 8.038 12.2 
0.444 1.431 65.647 0.428 25.834 
26.968 7.656 13.516 3.332 11.243 
2.202 0.904 35.319 0.05 8.735 
38.135 126.758 2.072 91.845 0.069 
5.227 0.152 52.499 20.187 0.11 
12.651 29.093 0.525 98.602 0.01 
0.106 0.012 0.001 222.609 0.314 
0.385 1.769 122.265 0.633 0.017 
1.074 0.007 17.277 60.862 2.212 
0.834 0.778 15.734 32.356 0.07 
0.0 0.0 0.0 0.0 39.517 
76.565 0.11 12.666 6.185 21.686 
2.718 0.663 38.455 0.265 0.473 
4.669 19.287 1.347 113.235 3.483 
0.0 0.0 0.067 124.995 23.606 
7.423 17.07 0.308 82.219 0.151 
1.841 0.226 72.345 0.378 28.435 
2.498 0.016 18.616 98.069 0.0 
0.081 0.186 1.688 20.37 4.797 
0.529 1.706 0.423 79.347 14.14 
0.063 9.203 114.136 31.171 0.218 
25.149 23.474 0.066 4.472 0.075 
0.322 4.227 56.036 50.124 0.606 
78.822 2.3 9.074 8.348 4.086 
64.725 0.054 25.287 6.235 21.862 
1.402 5.79 88.588 2.095 1.988 
2.848 111.95 1.442 63.942 0.254 
0.285 1.466 61.3 0.4 24.123 
32.863 13.5 18.098 0.409 14.17 
1.482 0.421 21.639 1.63 5.714 
13.271 97.4 1.391 61.643 0.245 
3.41 0.099 34.25 40.305 0.11 
4.475 10.291 0.186 34.878 29.426 
0.022 0.05 0.005 141.996 4.771 
0.293 0.034 0.308 132.481 0.188 
4.788 27.716 1.363 23.101 15.015 
53.025 21.782 0.94 13.778 0.9 
0.0 0.0 0.0 0.538 167.616 
25.37 10.422 13.972 3.445 12.079 
5.609 73.649 8.865 72.906 0.089 
1.927 117.602 1.502 66.577 0.248 
62.233 206.855 3.381 4.47 0.391 
