0.28 380.471 1.507 30.664 0.061 
0.0 0.006 164.166 172.421 0.0 
0.0 0.0 0.0 0.006 440.493 
184.933 8.647 0.223 39.205 40.911 
0.001 0.001 0.0 0.0 364.826 
2.345 7.361 0.032 346.422 0.006 
0.0 0.567 405.126 32.544 0.064 
0.0 0.0 0.0 0.005 365.991 
0.0 0.0 0.0 0.002 340.125 
42.593 90.891 0.001 27.003 0.112 
0.129 174.521 177.189 0.477 0.001 
0.139 281.204 1.135 11.364 3.076 
52.56 2.061 20.43 217.69 0.0 
7.75 361.436 2.925 0.504 0.26 
0.011 0.211 297.222 47.898 8.185 
85.33 3.346 1.994 0.303 36.67 
0.002 0.517 370.696 0.037 0.0 
0.0 0.0 0.002 0.0 136.195 
0.0 0.0 0.0 0.004 211.846 
0.0 0.0 0.0 0.005 365.991 
0.0 0.0 0.0 0.006 440.493 
17.939 0.032 18.232 121.37 0.0 
2.345 7.361 0.032 346.422 0.006 
1.493 0.188 0.066 301.555 0.079 
1.493 0.188 0.066 301.555 0.079 
0.0 0.0 0.302 257.252 0.0 
0.121 14.057 30.397 86.973 23.097 
167.794 6.579 0.498 135.605 7.359 
147.331 7.569 0.683 12.318 0.002 
120.866 16.318 66.544 41.805 0.0 
103.471 3.016 2.394 0.364 52.798 
85.33 3.346 1.994 0.303 36.67 
42.593 90.891 0.001 27.003 0.112 
0.0 0.006 164.166 172.421 0.0 
0.004 0.0 0.0 0.0 315.055 
0.0 0.0 0.0 0.002 269.857 
11.731 60.672 4.221 16.49 29.751 
5.818 271.348 2.655 0.379 49.197 
120.866 16.318 66.544 41.805 0.0 
37.899 0.031 222.924 0.174 0.003 
110.029 4.314 100.251 22.991 0.062 
0.0 0.567 405.126 32.544 0.064 
173.96 31.862 56.337 3.679 1.951 
132.596 42.53 177.672 0.478 0.001 
0.002 0.517 370.696 0.037 0.0 
0.192 217.253 0.877 8.783 2.377 
147.331 7.569 0.683 12.318 0.002 
0.0 0.0 0.302 257.252 0.0 
0.011 0.54 0.022 228.99 0.06 
0.0 0.0 0.0 0.001 89.884 
0.0 0.0 0.0 0.002 125.577 
0.018 0.853 0.008 200.158 0.052 
0.356 245.3 0.573 0.659 41.437 
7.75 361.436 2.925 0.504 0.26 
19.804 36.293 274.36 0.448 0.001 
0.226 10.562 2.811 81.732 61.007 
132.596 42.53 177.672 0.478 0.001 
0.356 245.3 0.573 0.659 41.437 
52.56 2.061 20.43 217.69 0.0 
34.032 0.028 200.181 0.156 0.047 
0.002 0.149 107.422 51.266 42.504 
0.0 0.35 249.791 35.769 6.777 
12.773 27.256 85.822 21.37 7.422 
0.001 0.129 173.871 134.93 0.225 
0.001 0.0 0.0 0.0 242.373 
0.0 0.0 0.0 0.002 269.857 
0.28 380.471 1.507 30.664 0.061 
0.0 0.35 249.791 35.769 6.777 
0.093 7.755 128.311 64.889 34.696 
0.001 0.251 180.056 84.77 1.412 
19.804 36.293 274.36 0.448 0.001 
0.011 31.479 219.236 35.853 6.793 
0.0 0.0 0.0 0.002 340.125 
167.794 6.579 0.498 135.605 7.359 
1.287 1.024 156.08 6.324 0.0 
103.471 3.016 2.394 0.364 52.798 
17.939 0.032 18.232 121.37 0.0 
49.857 1.955 28.35 17.251 0.796 
30.311 47.025 2.572 44.281 0.002 
23.334 57.074 98.15 0.0 0.047 
0.018 0.853 0.008 200.158 0.052 
0.068 0.145 286.235 57.947 8.163 
182.12 3.235 4.966 40.957 1.891 
170.303 6.677 121.79 0.405 0.0 
0.307 211.2 0.853 0.569 75.397 
182.12 3.235 4.966 40.957 1.891 
2.303 196.162 1.901 0.671 0.052 
1.973 0.077 138.499 40.439 6.189 
34.032 0.028 200.181 0.156 0.047 
0.093 7.755 128.311 64.889 34.696 
173.96 31.862 56.337 3.679 1.951 
110.029 4.314 100.251 22.991 0.062 
0.003 0.0 0.0 0.0 222.755 
0.001 0.0 0.0 0.0 242.373 
0.307 211.2 0.853 0.569 75.397 
0.088 4.091 0.04 150.093 0.04 
0.226 10.562 2.811 81.732 61.007 
12.773 27.256 85.822 21.37 7.422 
30.311 47.025 2.572 44.281 0.002 
13.293 35.343 2.835 13.768 17.953 
