0.102 0.001 176.819 11.417 1.271 
0.037 0.001 0.0 24.362 42.016 
197.91 18.456 35.655 1.75 0.526 
112.435 14.228 20.872 37.291 0.174 
0.0 0.0 0.088 341.781 2.307 
0.0 0.0 0.088 341.781 2.307 
42.021 156.798 1.905 64.598 5.169 
0.012 0.001 0.021 0.0 211.145 
0.09 0.001 0.139 0.001 324.878 
48.101 6.087 88.497 4.764 0.681 
112.435 14.228 20.872 37.291 0.174 
0.025 0.398 0.176 232.782 6.986 
171.834 1.708 10.117 2.945 1.26 
5.851 92.755 30.683 2.073 17.843 
0.069 0.001 119.782 30.761 8.511 
3.753 0.803 168.894 44.518 0.328 
9.354 51.105 25.135 1.369 40.44 
5.851 92.755 30.683 2.073 17.843 
34.12 127.316 1.547 52.452 6.05 
0.939 0.216 0.001 0.081 224.484 
0.029 0.009 0.002 0.983 292.884 
197.91 18.456 35.655 1.75 0.526 
9.752 27.823 28.896 20.03 1.685 
9.354 51.105 25.135 1.369 40.44 
42.021 156.798 1.905 64.598 5.169 
0.035 0.033 0.104 0.139 100.776 
0.101 0.068 0.259 0.025 147.113 
8.809 139.661 46.2 1.934 26.705 
171.834 1.708 10.117 2.945 1.26 
0.011 0.53 0.018 0.024 167.126 
0.035 0.096 0.173 117.91 52.015 
11.286 23.857 1.168 1.553 65.199 
13.427 12.638 65.787 74.048 0.344 
25.182 18.65 41.969 22.022 47.443 
22.006 2.253 103.265 48.661 3.432 
13.427 12.638 65.787 74.048 0.344 
0.113 0.364 0.016 0.247 97.386 
0.09 0.001 0.139 0.001 324.878 
0.029 0.009 0.002 0.983 292.884 
0.0 0.0 0.98 150.144 0.859 
0.0 0.0 1.331 203.868 11.595 
38.953 0.387 75.948 43.992 1.075 
0.025 0.398 0.176 232.782 6.986 
0.121 5.724 50.843 0.909 0.911 
48.101 6.087 88.497 4.764 0.681 
4.084 8.633 24.55 0.597 65.199 
0.035 0.096 0.173 117.91 52.015 
0.058 0.072 0.008 89.113 39.272 
23.13 2.368 108.541 2.149 2.653 
9.752 27.823 28.896 20.03 1.685 
19.606 1.436 11.829 27.278 27.97 
34.12 127.316 1.547 52.452 6.05 
25.182 18.65 41.969 22.022 47.443 
0.063 0.078 0.008 95.727 0.647 
0.105 4.972 73.679 1.263 1.265 
0.521 0.005 117.512 7.617 0.848 
43.635 131.709 10.222 4.609 10.746 
0.001 0.002 0.26 168.973 1.142 
8.809 139.661 46.2 1.934 26.705 
45.84 138.365 10.739 4.842 1.135 
0.0 0.0 0.98 150.144 0.859 
19.511 18.509 16.498 43.52 0.662 
0.001 0.002 0.26 168.973 1.142 
0.268 0.007 0.016 187.498 1.067 
22.006 2.253 103.265 48.661 3.432 
0.0 0.0 1.331 203.868 11.595 
0.268 0.007 0.016 187.498 1.067 
0.102 0.001 176.819 11.417 1.271 
0.011 0.53 0.018 0.024 167.126 
0.008 0.066 0.096 0.993 152.797 
43.635 131.709 10.222 4.609 10.746 
0.939 0.216 0.001 0.081 224.484 
11.286 23.857 1.168 1.553 65.199 
0.012 0.001 0.021 0.0 211.145 
23.845 5.492 14.912 56.569 0.68 
0.645 0.118 170.288 4.248 0.996 
38.953 0.387 75.948 43.992 1.075 
4.084 8.633 24.55 0.597 65.199 
0.196 0.001 7.644 38.374 11.386 
23.13 2.368 108.541 2.149 2.653 
23.845 5.492 14.912 56.569 0.68 
45.84 138.365 10.739 4.842 1.135 
12.466 0.913 8.523 28.536 23.455 
12.466 0.913 8.523 28.536 23.455 
0.002 0.112 0.001 73.865 12.989 
13.403 1.154 119.639 34.443 0.254 
0.121 5.724 50.843 0.909 0.911 
19.511 18.509 16.498 43.52 0.662 
0.037 0.001 0.0 24.362 42.016 
0.521 0.005 117.512 7.617 0.848 
0.058 0.072 0.008 89.113 39.272 
3.753 0.803 168.894 44.518 0.328 
0.196 0.001 7.644 38.374 11.386 
19.606 1.436 11.829 27.278 27.97 
0.063 0.078 0.008 95.727 0.647 
0.105 4.972 73.679 1.263 1.265 
0.002 0.112 0.001 73.865 12.989 
0.296 0.098 0.023 0.01 148.454 
0.008 0.066 0.096 0.993 152.797 
0.645 0.118 170.288 4.248 0.996 
