0.0 0.0 0.003 19.736 250.56 
0.0 0.0 0.003 19.736 250.56 
0.0 0.0 0.0 0.144 130.32 
0.293 0.199 0.095 0.006 107.581 
0.002 0.003 8.752 329.253 0.35 
138.74 68.504 2.037 18.683 0.01 
19.553 0.162 24.717 99.383 0.004 
0.045 1.797 270.837 2.023 0.285 
3.354 133.047 8.413 1.556 90.186 
125.168 61.802 1.837 16.855 1.23 
63.987 31.594 1.14 40.678 5.551 
3.354 133.047 8.413 1.556 90.186 
11.127 88.163 0.951 1.077 58.602 
1.26 0.622 195.287 2.188 4.029 
0.045 1.797 270.837 2.023 0.285 
0.005 0.007 6.504 244.95 0.261 
1.235 0.001 0.873 322.76 0.337 
0.005 0.007 6.504 244.95 0.261 
0.035 0.024 0.011 179.826 0.045 
0.407 41.107 12.33 3.778 51.195 
0.0 0.0 0.003 16.766 212.856 
0.0 0.002 110.395 16.513 22.545 
18.718 16.914 83.706 21.633 0.768 
138.74 68.504 2.037 18.683 0.01 
31.801 40.684 22.345 66.963 0.04 
63.987 31.594 1.14 40.678 5.551 
0.262 0.573 0.19 0.011 187.872 
0.024 0.029 0.002 0.016 157.386 
11.833 80.817 81.021 1.866 24.334 
125.168 61.802 1.837 16.855 1.23 
46.462 0.082 8.624 0.593 9.906 
11.53 6.41 53.146 12.886 2.772 
0.262 0.573 0.19 0.011 187.872 
0.0 0.0 0.003 16.766 212.856 
0.001 0.051 111.429 47.605 4.712 
19.553 0.162 24.717 99.383 0.004 
0.007 0.275 35.578 149.252 0.008 
0.035 0.024 0.011 179.826 0.045 
10.304 4.241 132.781 10.336 0.163 
0.0 0.0 0.0 0.144 130.32 
0.145 21.096 145.225 71.084 1.546 
0.014 0.017 0.001 0.037 153.13 
0.145 21.096 145.225 71.084 1.546 
0.074 0.006 173.181 72.87 0.255 
0.441 64.09 13.774 3.752 71.089 
11.783 15.074 5.733 23.012 48.169 
1.26 0.622 195.287 2.188 4.029 
6.591 87.831 0.905 1.024 63.569 
0.034 0.0 73.756 74.323 0.153 
5.76 35.118 8.726 0.533 43.435 
54.613 0.097 10.565 0.702 0.017 
31.801 40.684 22.345 66.963 0.04 
52.635 25.989 0.937 5.235 11.755 
18.718 16.914 83.706 21.633 0.768 
52.635 25.989 0.937 5.235 11.755 
3.877 72.16 0.868 32.345 4.414 
11.833 80.817 81.021 1.866 24.334 
25.614 63.991 0.296 6.307 85.478 
0.001 0.002 0.305 0.088 114.575 
0.336 1.024 161.016 29.378 3.875 
5.76 35.118 8.726 0.533 43.435 
1.377 8.725 0.033 145.735 0.162 
3.405 1.142 31.401 0.386 33.361 
0.021 0.0 0.189 118.557 81.591 
1.917 76.048 0.747 7.326 0.022 
10.304 4.241 132.781 10.336 0.163 
46.462 0.082 8.624 0.593 9.906 
0.021 0.0 0.189 118.557 81.591 
7.256 23.893 6.381 59.44 2.872 
25.614 63.991 0.296 6.307 85.478 
29.239 16.254 15.559 4.283 0.43 
6.837 0.045 41.278 78.583 8.089 
0.355 0.259 0.126 113.177 3.374 
1.086 0.738 21.873 4.287 67.425 
6.837 0.045 41.278 78.583 8.089 
0.0 0.089 0.092 97.55 9.321 
7.256 23.893 6.381 59.44 2.872 
1.652 3.655 48.09 28.881 23.438 
0.162 0.299 0.094 85.046 0.066 
3.877 72.16 0.868 32.345 4.414 
0.034 0.0 73.756 74.323 0.153 
11.783 15.074 5.733 23.012 48.169 
0.045 0.147 0.039 130.607 3.875 
10.027 63.52 0.243 74.323 0.153 
29.239 16.254 15.559 4.283 0.43 
1.917 76.048 0.747 7.326 0.022 
3.539 0.006 36.194 62.94 70.539 
11.439 32.276 15.176 4.132 55.993 
0.078 1.45 169.311 1.895 0.005 
0.44 27.732 5.771 53.76 0.83 
11.439 32.276 15.176 4.132 55.993 
0.336 1.024 161.016 29.378 3.875 
0.44 27.732 5.771 53.76 0.83 
1.377 8.725 0.033 145.735 0.162 
0.0 0.0 0.251 135.675 2.747 
5.829 1.954 46.691 22.218 4.895 
0.001 0.002 0.305 0.088 114.575 
0.0 0.001 0.11 0.131 107.595 
0.005 0.742 0.159 29.537 26.374 
0.06 8.701 52.554 15.377 4.895 
