0.006 0.257 0.398 257.041 9.135 
0.006 0.257 0.398 257.041 9.135 
32.81 2.528 184.953 3.532 28.969 
12.541 5.162 1.032 110.537 2.926 
0.36 123.979 90.978 30.79 43.771 
0.142 0.096 0.313 0.006 193.892 
0.066 0.047 0.001 17.575 274.238 
0.037 0.026 0.052 17.575 274.238 
154.566 4.432 1.681 3.043 16.384 
0.018 0.001 1.289 28.22 129.039 
112.904 14.342 13.722 33.933 8.444 
2.254 6.889 116.123 17.913 25.465 
0.099 34.223 179.637 3.43 39.718 
0.36 123.979 90.978 30.79 43.771 
9.805 67.795 32.261 1.761 37.07 
154.566 4.432 1.681 3.043 16.384 
87.795 20.795 5.415 16.303 8.197 
2.471 98.011 5.858 31.284 4.706 
2.471 98.011 5.858 31.284 4.706 
3.271 0.004 15.712 235.353 10.276 
0.106 0.394 0.005 178.039 28.335 
0.018 0.001 1.289 28.22 129.039 
0.473 0.449 0.812 0.019 187.294 
0.39 0.111 0.005 5.618 199.348 
8.226 38.536 48.119 1.739 52.569 
0.068 0.064 0.026 0.044 249.514 
112.904 14.342 13.722 33.933 8.444 
49.582 35.126 0.895 20.606 30.843 
87.795 20.795 5.415 16.303 8.197 
47.272 32.995 4.679 20.132 3.593 
66.038 56.341 27.605 9.679 10.044 
12.745 4.273 70.877 2.68 16.241 
65.433 13.436 17.79 5.102 36.492 
7.018 5.988 113.577 8.169 8.477 
8.226 38.536 48.119 1.739 52.569 
73.615 5.442 13.229 67.927 42.391 
1.728 7.412 34.791 57.092 15.251 
32.81 2.528 184.953 3.532 28.969 
66.038 56.341 27.605 9.679 10.044 
1.728 7.412 34.791 57.092 15.251 
9.805 67.795 32.261 1.761 37.07 
20.062 6.726 27.919 20.065 13.408 
0.068 0.064 0.026 0.044 249.514 
0.02 0.011 0.038 74.586 94.129 
5.987 0.2 19.2 87.967 7.558 
0.02 0.011 0.038 74.586 94.129 
0.037 0.033 4.637 29.986 106.287 
12.745 4.273 70.877 2.68 16.241 
2.762 1.137 18.708 133.386 3.531 
1.321 0.044 27.107 98.656 8.477 
0.061 0.021 0.098 12.227 75.98 
0.014 0.169 0.11 113.88 4.047 
1.911 12.497 59.103 26.961 15.168 
0.061 0.021 0.098 12.227 75.98 
2.762 1.137 18.708 133.386 3.531 
20.062 6.726 27.919 20.065 13.408 
0.525 0.11 0.085 1.692 57.088 
5.987 0.2 19.2 87.967 7.558 
37.796 14.054 53.354 30.95 4.656 
73.615 5.442 13.229 67.927 42.391 
68.164 5.039 12.249 62.898 54.252 
37.796 14.054 53.354 30.95 4.656 
0.174 0.645 0.008 148.7 26.254 
0.174 0.645 0.008 148.7 26.254 
0.187 0.095 0.339 241.389 8.578 
0.219 0.042 0.157 162.306 5.768 
0.037 0.033 4.637 29.986 106.287 
2.527 10.842 54.841 25.017 14.074 
68.164 5.039 12.249 62.898 54.252 
3.271 0.004 15.712 235.353 10.276 
0.167 13.947 11.046 102.472 38.254 
2.527 10.842 54.841 25.017 14.074 
1.911 12.497 59.103 26.961 15.168 
0.099 34.223 179.637 3.43 39.718 
0.025 0.023 3.728 170.228 30.551 
0.167 13.947 11.046 102.472 38.254 
0.106 0.394 0.005 178.039 28.335 
0.219 0.042 0.157 162.306 5.768 
0.025 0.023 3.728 170.228 30.551 
7.018 5.988 113.577 8.169 8.477 
1.267 33.847 2.262 5.265 21.107 
4.131 6.934 31.592 2.993 22.596 
4.131 6.934 31.592 2.993 22.596 
47.272 32.995 4.679 20.132 3.593 
2.254 6.889 116.123 17.913 25.465 
0.473 0.449 0.812 0.019 187.294 
1.413 1.01 0.017 10.156 195.271 
49.582 35.126 0.895 20.606 30.843 
0.187 0.095 0.339 241.389 8.578 
12.541 5.162 1.032 110.537 2.926 
1.321 0.044 27.107 98.656 8.477 
1.267 33.847 2.262 5.265 21.107 
0.525 0.11 0.085 1.692 57.088 
0.39 0.111 0.005 5.618 199.348 
65.433 13.436 17.79 5.102 36.492 
0.014 0.169 0.11 113.88 4.047 
1.413 1.01 0.017 10.156 195.271 
0.142 0.096 0.313 0.006 193.892 
0.066 0.047 0.001 17.575 274.238 
0.037 0.026 0.052 17.575 274.238 
