0.004 0.007 0.003 0.007 1.076 0.078 5.296 0.366 0.644 250.795 70.883 47.366 30.116 26.042 7.743 
0.0 0.0 0.001 0.0 0.001 0.01 0.032 0.001 0.03 0.166 0.507 121.288 106.862 180.565 8.34 
0.0 0.0 0.0 0.0 0.0 0.0 0.0 0.0 0.0 0.0 0.0 0.188 98.744 20.075 263.799 
0.0 0.005 0.001 0.001 0.002 0.006 0.358 0.301 0.717 0.122 13.925 109.826 8.393 22.513 76.034 
0.001 0.001 0.006 0.004 0.606 0.044 2.983 0.206 0.363 141.257 39.924 26.678 19.567 14.835 4.411 
0.0 0.0 0.0 0.0 0.0 0.002 0.002 0.01 0.01 0.308 2.329 1.046 308.942 33.73 41.921 
0.0 0.0 0.0 0.0 0.0 0.001 0.002 0.008 0.088 0.418 1.199 277.99 0.013 58.553 2.894 
0.005 0.008 0.002 0.038 0.018 0.052 0.279 0.257 0.083 0.172 0.125 1.734 231.045 2.816 92.637 
0.0 0.006 0.05 0.104 1.052 2.221 5.155 3.898 0.523 22.14 34.926 200.23 0.011 112.06 56.287 
0.0 0.003 0.001 0.002 0.328 1.285 12.219 0.783 121.401 64.248 71.117 9.311 25.899 62.214 6.6 
0.004 0.007 0.003 0.007 1.076 0.078 5.296 0.366 0.644 250.795 70.883 47.366 30.116 26.042 7.743 
0.006 0.001 0.005 0.002 0.985 0.038 1.088 0.844 1.426 3.805 109.778 86.548 8.83 4.634 26.383 
0.0 0.0 0.001 0.0 0.001 0.01 0.032 0.001 0.03 0.166 0.507 121.288 106.862 180.565 8.34 
0.002 0.022 0.196 0.257 1.118 2.921 6.78 5.126 0.177 3.284 9.705 84.537 0.005 276.684 33.695 
0.0 0.0 0.0 0.0 0.0 0.0 0.0 0.0 0.0 0.0 0.0 0.027 14.827 146.649 235.579 
0.0 0.0 0.0 0.0 0.0 0.0 0.0 0.0 0.0 0.002 0.007 0.042 2.073 93.137 137.22 
0.062 0.007 0.407 0.053 0.842 0.379 1.139 1.32 1.499 4.944 142.622 112.441 77.438 7.453 42.433 
0.001 0.005 0.032 0.016 0.184 0.418 1.097 0.059 13.792 65.377 53.448 1.587 61.839 41.416 5.943 
0.0 0.0 0.0 0.0 0.0 0.0 0.0 0.0 0.0 0.0 0.0 0.188 98.744 20.075 263.799 
0.002 0.004 0.047 0.027 4.198 2.316 29.724 2.054 3.617 51.704 25.714 1.41 225.435 37.836 6.873 
0.003 0.0 0.001 0.018 0.123 0.515 1.331 4.322 6.978 55.686 62.385 18.903 0.007 77.033 1.945 
0.0 0.0 0.0 0.0 0.002 0.009 0.027 0.007 0.345 0.622 2.34 83.776 76.293 25.373 3.846 
0.0 0.0 0.072 0.03 0.353 0.803 11.364 0.427 8.607 90.737 74.181 2.203 85.827 57.482 2.841 
0.0 0.0 0.0 0.0 0.004 0.0 0.008 0.02 0.068 0.509 0.547 203.251 92.933 25.198 0.933 
0.011 0.013 0.006 0.005 0.008 0.001 0.846 1.133 0.091 4.255 67.33 0.951 52.564 95.578 22.004 
0.0 0.005 0.001 0.001 0.002 0.006 0.358 0.301 0.717 0.122 13.925 109.826 8.393 22.513 76.034 
0.0 0.0 0.002 0.002 0.024 0.0 0.041 0.031 0.081 0.306 0.483 61.318 25.857 213.693 13.005 
0.001 0.008 0.002 0.006 0.871 0.954 13.895 0.89 138.051 73.06 80.87 10.588 22.123 69.26 7.347 
0.0 0.0 0.0 0.0 0.0 0.0 0.0 0.0 0.0 0.0 0.0 0.107 56.213 24.107 178.279 
0.0 0.0 0.0 0.0 0.0 0.001 0.019 0.001 0.019 1.217 0.654 0.084 1.001 0.076 316.155 
0.001 0.001 0.006 0.004 0.606 0.044 2.983 0.206 0.363 141.257 39.924 26.678 19.567 14.835 4.411 
0.0 0.0 0.0 0.0 0.0 0.002 0.002 0.01 0.01 0.308 2.329 1.046 308.942 33.73 41.921 
0.03 0.002 0.007 0.02 3.118 12.209 69.361 4.793 40.848 60.349 67.731 1.398 13.153 22.35 3.163 
0.001 0.005 0.005 0.001 0.897 0.035 1.342 1.044 1.6 4.27 123.168 97.104 9.907 5.199 29.601 
0.002 0.001 0.093 0.014 0.192 1.327 4.245 0.087 3.931 15.774 53.909 0.94 70.501 119.127 5.503 
0.0 0.0 0.0 0.0 0.0 0.001 0.002 0.008 0.088 0.418 1.199 277.99 0.013 58.553 2.894 
0.0 0.0 0.0 0.0 0.002 0.0 0.035 0.008 0.097 0.279 0.377 140.216 64.111 17.384 1.904 
0.0 0.002 0.041 0.051 0.486 0.253 1.681 1.141 2.991 11.312 17.844 5.152 3.519 127.879 5.212 
0.001 0.0 0.0 0.0 0.0 0.015 0.087 0.871 1.035 0.728 0.972 6.855 0.952 231.629 4.351 
0.676 0.565 1.043 0.988 0.25 0.405 0.843 0.75 0.628 59.751 34.57 93.428 9.898 53.438 7.658 
0.0 0.0 0.0 0.0 0.0 0.0 0.0 0.0 0.0 0.001 0.003 67.353 0.002 110.564 115.992 
0.006 0.164 0.046 0.096 0.021 0.399 3.302 0.9 5.456 43.534 35.591 87.701 47.72 47.085 2.328 
0.007 0.005 0.005 0.005 0.097 0.461 0.973 0.088 1.427 26.441 18.807 2.134 189.688 63.537 5.434 
0.269 0.0 0.035 0.541 2.267 2.542 5.729 10.653 9.879 49.42 100.472 2.347 12.763 30.573 1.801 
0.0 0.0 0.0 0.0 0.004 0.0 0.111 1.867 0.003 0.174 56.745 43.569 5.7 51.653 77.815 
0.035 0.314 0.046 0.148 0.19 0.21 4.884 0.507 6.728 2.511 9.526 110.927 0.001 154.014 36.994 
0.0 0.0 0.0 0.0 0.0 0.0 0.0 0.0 0.0 0.002 0.012 0.001 8.415 29.344 276.574 
0.004 0.002 0.001 0.001 0.003 0.001 0.003 0.034 18.799 1.898 10.662 12.342 0.392 9.436 99.11 
0.0 0.0 0.0 0.0 0.0 0.0 0.0 0.006 0.039 32.924 27.425 104.795 77.901 33.403 2.366 
0.0 0.0 0.0 0.001 0.02 0.029 0.093 0.074 0.023 1.211 0.22 16.32 74.56 51.222 7.549 
0.011 0.002 0.002 0.002 0.012 0.02 0.01 0.171 0.438 7.189 0.752 1.278 79.705 126.935 5.545 
0.425 0.241 0.159 0.092 1.458 0.134 10.377 11.233 1.794 0.704 9.452 102.94 173.487 12.448 39.327 
0.0 0.0 0.0 0.0 0.0 0.0 0.0 0.0 0.002 0.001 0.054 0.002 0.61 258.809 4.643 
0.0 0.0 0.0 0.0 0.004 0.005 0.099 0.12 0.253 0.098 13.723 68.397 78.275 80.335 9.646 
0.005 0.008 0.002 0.038 0.018 0.052 0.279 0.257 0.083 0.172 0.125 1.734 231.045 2.816 92.637 
0.0 0.0 0.0 0.0 0.0 0.0 0.0 0.001 0.0 0.014 0.093 0.01 0.043 0.19 304.099 
0.0 0.0 0.0 0.0 0.0 0.0 0.0 0.007 0.118 1.41 0.088 11.314 53.61 161.333 2.314 
0.0 0.006 0.05 0.104 1.052 2.221 5.155 3.898 0.523 22.14 34.926 200.23 0.011 112.06 56.287 
0.0 0.0 0.0 0.0 0.0 0.0 0.0 0.0 0.005 0.488 0.187 1.157 2.834 158.043 0.293 
0.001 0.0 0.0 0.001 0.005 0.001 0.056 0.012 0.037 0.0 9.951 20.625 1.458 9.058 245.581 
0.0 0.0 0.0 0.0 0.0 0.015 0.001 0.937 0.408 0.135 54.884 13.994 85.627 1.956 108.98 
0.003 0.001 0.005 0.004 0.001 0.004 0.008 0.005 0.236 2.592 3.88 74.945 95.689 46.51 0.714 
0.0 0.0 0.0 0.0 0.0 0.0 0.0 0.002 0.023 0.064 0.013 0.062 0.002 0.213 330.213 
0.0 0.0 0.0 0.0 0.0 0.0 0.0 0.012 0.099 1.523 7.523 0.862 109.903 4.684 77.833 
0.0 0.0 0.0 0.0 0.006 0.013 0.003 0.003 0.001 1.358 15.624 5.437 22.415 44.562 97.44 
0.0 0.0 0.0 0.0 0.0 0.0 0.0 0.002 0.002 0.009 0.009 0.053 40.998 0.742 188.332 
0.0 0.0 0.0 0.0 0.0 0.0 0.003 0.018 0.412 0.211 0.732 4.7 19.602 3.95 167.841 
0.0 0.0 0.0 0.016 0.001 0.004 0.062 0.158 5.437 6.11 10.558 4.078 81.639 15.593 2.596 
0.0 0.0 0.0 0.0 0.0 0.0 0.0 0.0 0.001 0.002 0.008 0.029 0.14 210.551 109.058 
0.0 0.0 0.0 0.0 0.0 0.0 0.0 0.0 0.0 0.0 0.0 0.206 0.117 56.022 113.439 
0.0 0.0 0.0 0.0 0.0 0.0 0.0 0.0 0.003 0.005 0.044 1.177 0.135 10.545 234.577 
0.0 0.0 0.0 0.0 0.001 0.072 0.258 1.96 0.753 28.479 92.284 2.918 16.593 11.733 0.491 
0.0 0.0 0.0 0.0 0.0 0.0 0.0 0.003 0.02 0.0 4.334 0.718 19.865 16.414 225.247 
0.0 0.0 0.0 0.0 0.0 0.0 0.001 0.0 0.0 0.006 0.005 0.057 2.724 122.415 180.355 
0.0 0.007 0.002 0.005 0.256 0.05 0.437 0.083 1.154 0.446 0.007 1.175 0.359 24.817 171.629 
0.0 0.0 0.0 0.0 0.0 0.0 0.0 0.0 0.025 0.009 0.018 0.142 9.225 3.047 73.131 
0.0 0.0 0.0 0.001 0.002 0.005 0.001 0.038 0.009 0.015 0.488 1.908 7.455 230.904 39.397 
0.0 0.0 0.0 0.0 0.001 0.0 0.0 0.002 0.001 0.009 0.022 0.183 119.113 41.337 124.755 
0.022 0.003 0.143 0.019 0.296 0.869 1.921 1.495 1.697 5.598 161.483 127.312 60.11 7.84 44.636 
0.0 0.0 0.001 0.0 0.002 0.002 0.014 0.012 0.201 0.458 36.05 4.745 105.076 30.055 11.533 
0.003 0.006 0.014 0.04 0.103 0.072 0.022 0.151 0.919 0.689 1.507 43.925 102.323 86.389 4.81 
0.0 0.0 0.0 0.0 0.0 0.001 0.0 0.022 0.115 0.025 0.034 8.941 70.519 41.812 10.253 
0.0 0.0 0.0 0.0 0.006 0.154 1.09 1.186 0.377 2.852 3.187 0.158 97.387 76.489 70.469 
0.0 0.0 0.0 0.0 0.0 0.0 0.0 0.0 0.0 0.002 0.09 0.071 1.613 66.968 323.937 
0.0 0.0 0.001 0.001 0.003 0.002 0.002 0.008 0.014 0.179 0.017 1.909 1.45 16.209 140.858 
0.0 0.001 0.0 0.001 0.0 0.0 0.002 0.01 0.072 0.01 27.139 103.2 7.256 175.716 89.947 
0.0 0.0 0.0 0.0 0.0 0.0 0.001 0.0 0.001 0.0 0.106 0.31 9.128 28.662 138.004 
0.0 0.0 0.001 0.007 0.013 0.019 0.073 0.079 0.506 3.321 14.294 85.976 74.452 39.395 1.472 
0.0 0.0 0.0 0.0 0.0 0.0 0.0 0.0 0.0 0.012 0.613 2.988 30.004 315.156 13.942 
0.0 0.0 0.0 0.0 0.0 0.0 0.001 0.002 0.003 0.037 0.015 1.058 226.107 64.357 1.883 
0.0 0.0 0.0 0.0 0.001 0.001 0.002 0.592 0.175 1.118 0.15 4.312 4.597 133.333 97.197 
0.0 0.0 0.0 0.0 0.0 0.001 0.004 0.001 0.035 0.851 0.034 2.645 44.5 73.73 24.367 
0.0 0.0 0.0 0.0 0.001 0.0 0.007 0.07 0.037 5.931 0.504 2.531 141.091 8.206 8.315 
0.0 0.0 0.0 0.0 0.0 0.001 0.033 0.024 0.0 0.03 0.048 81.977 65.986 81.643 29.303 
0.0 0.0 0.0 0.0 0.0 0.0 0.0 0.001 10.298 11.896 23.686 102.359 140.308 12.26 38.124 
0.0 0.0 0.0 0.0 0.002 0.0 0.005 0.004 0.01 0.658 1.017 31.013 76.698 2.62 89.945 
0.0 0.0 0.0 0.0 0.0 0.014 0.014 0.004 0.0 0.02 0.108 0.869 25.982 257.001 7.274 
0.0 0.0 0.0 0.0 0.0 0.0 0.0 0.0 0.001 0.002 0.023 0.166 0.255 4.904 254.201 
0.0 0.0 0.0 0.0 0.002 0.002 0.001 0.003 0.0 0.005 1.067 1.639 0.363 2.722 190.911 
0.0 0.001 0.0 0.009 0.003 0.008 0.0 0.008 0.004 0.035 0.317 0.022 33.927 30.214 181.253 
