0.0 0.0 0.001 0.0 268.691 
0.0 0.0 0.0 0.001 344.871 
206.215 0.001 2.107 0.029 1.374 
0.0 0.044 0.0 251.056 10.016 
0.013 0.01 253.235 0.05 1.653 
2.288 350.228 4.776 1.008 2.612 
0.0 0.0 0.0 0.007 407.92 
0.0 0.0 0.0 0.007 407.92 
136.492 0.012 108.286 15.45 0.03 
2.288 350.228 4.776 1.008 2.612 
7.771 198.129 0.431 0.277 61.289 
0.015 0.012 171.476 0.223 0.183 
0.013 0.01 253.235 0.05 1.653 
2.235 92.499 0.828 64.421 1.166 
0.0 0.0 0.0 176.401 77.871 
1.181 180.753 2.465 0.52 68.441 
144.772 0.022 23.926 0.178 0.418 
185.37 0.014 0.109 2.393 4.773 
111.101 1.029 0.026 20.629 4.462 
0.012 0.0 128.262 2.326 0.852 
0.015 0.012 171.476 0.223 0.183 
70.965 14.74 110.195 0.254 5.794 
0.0 0.0 0.017 96.078 128.03 
0.004 0.0 0.0 213.882 1.559 
111.072 0.017 88.125 12.574 15.846 
0.793 0.958 71.256 0.077 130.808 
23.168 31.996 0.43 20.373 17.293 
57.447 69.417 0.091 0.358 0.068 
0.0 0.0 0.0 0.0 181.221 
23.168 31.996 0.43 20.373 17.293 
10.358 4.889 75.077 85.338 0.149 
5.365 0.0 120.658 35.169 37.969 
0.003 0.001 0.0 0.0 218.919 
0.002 0.0 0.0 0.0 261.53 
70.965 14.74 110.195 0.254 5.794 
0.204 0.263 44.168 110.501 1.236 
0.0 0.044 0.0 251.056 10.016 
0.0 0.023 0.0 131.255 48.588 
7.771 198.129 0.431 0.277 61.289 
0.0 0.0 0.0 1.994 289.866 
0.0 0.0 0.0 2.245 326.339 
192.324 1.781 5.03 1.464 0.764 
2.235 92.499 0.828 64.421 1.166 
2.021 0.15 108.054 20.274 0.497 
0.0 0.0 0.0 0.001 380.406 
0.0 0.0 0.0 0.001 344.871 
0.0 0.002 0.039 229.323 0.245 
5.365 0.0 120.658 35.169 37.969 
111.072 0.017 88.125 12.574 15.846 
94.445 0.199 75.08 0.074 12.704 
36.576 54.548 0.465 0.003 42.726 
140.969 56.819 36.832 5.316 0.914 
0.204 0.263 44.168 110.501 1.236 
0.244 45.678 9.95 0.158 43.991 
0.0 0.0 0.0 176.401 77.871 
0.01 0.415 48.069 59.115 4.292 
48.592 58.716 0.039 0.303 1.99 
84.765 1.927 0.758 0.003 40.796 
144.772 0.022 23.926 0.178 0.418 
57.447 69.417 0.091 0.358 0.068 
4.623 6.384 61.627 13.36 0.109 
0.0 0.023 0.0 131.255 48.588 
90.64 3.208 0.022 72.05 0.632 
4.623 6.384 61.627 13.36 0.109 
0.0 0.0 0.0 159.738 70.515 
0.001 0.0 0.0 54.289 197.572 
206.215 0.001 2.107 0.029 1.374 
0.0 0.0 0.0 141.816 62.604 
99.733 0.924 0.024 18.518 35.711 
0.0 0.0 0.0 0.001 380.406 
36.576 54.548 0.465 0.003 42.726 
0.001 0.0 0.0 54.289 197.572 
48.592 58.716 0.039 0.303 1.99 
89.909 3.183 32.429 96.344 1.768 
1.181 180.753 2.465 0.52 68.441 
0.244 45.678 9.95 0.158 43.991 
0.003 0.0 0.0 97.44 31.921 
9.126 49.315 1.93 44.626 0.112 
0.004 0.0 0.0 213.882 1.559 
0.0 0.0 0.007 228.617 0.244 
9.126 49.315 1.93 44.626 0.112 
140.969 56.819 36.832 5.316 0.914 
0.001 0.0 0.0 155.384 68.594 
0.0 0.0 0.0 1.994 289.866 
0.003 0.001 0.0 0.0 218.919 
0.0 0.0 0.001 0.0 268.691 
1.444 0.0 32.477 84.314 10.491 
185.37 0.014 0.109 2.393 4.773 
99.733 0.924 0.024 18.518 35.711 
0.793 0.958 71.256 0.077 130.808 
0.0 0.0 0.0 141.816 62.604 
136.492 0.012 108.286 15.45 0.03 
0.01 0.415 48.069 59.115 4.292 
192.324 1.781 5.03 1.464 0.764 
0.003 0.0 0.0 97.44 31.921 
90.64 3.208 0.022 72.05 0.632 
84.765 1.927 0.758 0.003 40.796 
0.012 0.0 128.262 2.326 0.852 
10.358 4.889 75.077 85.338 0.149 
1.444 0.0 32.477 84.314 10.491 
