18.624 19.83 6.452 34.584 26.398 
3.261 258.096 1.026 0.367 0.183 
201.301 45.978 0.588 36.458 0.254 
7.278 87.435 41.341 4.254 0.069 
53.463 113.015 3.905 2.541 10.319 
1.025 0.126 143.851 32.588 0.077 
167.901 31.951 8.024 1.737 0.187 
22.509 30.102 73.674 2.686 0.115 
21.22 96.148 0.125 5.919 0.635 
0.281 0.329 136.048 0.191 41.016 
1.673 66.377 0.267 0.408 65.556 
0.022 24.832 46.694 3.787 13.383 
34.776 0.019 0.137 0.087 11.63 
5.906 234.272 0.943 0.337 0.534 
111.995 43.735 3.653 0.327 1.374 
0.067 0.016 0.0 293.164 0.127 
0.001 0.123 0.014 0.0 223.54 
34.346 120.801 6.229 3.433 0.341 
1.794 74.598 8.831 21.151 13.178 
61.814 64.829 0.389 7.799 8.482 
0.26 0.224 0.002 56.155 1.313 
48.464 14.644 63.176 2.686 0.115 
0.049 0.029 144.126 4.509 14.575 
127.645 24.745 0.598 16.263 0.374 
0.82 0.1 205.376 12.665 0.095 
1.078 0.326 70.639 6.233 13.905 
0.826 77.754 11.107 38.475 0.659 
88.221 0.048 0.347 15.901 6.237 
37.088 14.483 5.962 14.278 0.618 
0.006 0.0 1.264 226.174 1.17 
2.541 100.807 0.406 0.62 31.283 
0.283 0.261 121.373 12.96 0.059 
17.703 0.01 0.07 47.839 21.472 
18.624 19.83 6.452 34.584 26.398 
6.743 15.503 0.522 79.282 0.028 
3.261 258.096 1.026 0.367 0.183 
201.301 45.978 0.588 36.458 0.254 
7.278 87.435 41.341 4.254 0.069 
0.008 0.0 15.065 2.705 15.061 
53.463 113.015 3.905 2.541 10.319 
1.025 0.126 143.851 32.588 0.077 
167.901 31.951 8.024 1.737 0.187 
0.005 0.0 8.414 96.576 34.356 
29.347 0.21 28.267 6.147 4.89 
0.111 20.646 0.487 15.767 15.353 
0.25 0.021 0.057 47.036 58.196 
0.747 0.0 0.095 97.38 19.743 
1.72 129.48 0.515 0.184 3.058 
0.259 0.001 37.775 19.119 9.162 
22.509 30.102 73.674 2.686 0.115 
21.22 96.148 0.125 5.919 0.635 
0.281 0.329 136.048 0.191 41.016 
1.673 66.377 0.267 0.408 65.556 
13.373 132.916 3.431 0.023 0.331 
0.022 24.832 46.694 3.787 13.383 
0.025 0.508 118.957 1.782 0.028 
34.776 0.019 0.137 0.087 11.63 
0.153 0.553 48.149 4.753 0.461 
5.906 234.272 0.943 0.337 0.534 
20.486 2.509 32.2 1.174 3.056 
0.0 0.0 0.0 0.008 150.434 
0.05 2.064 106.366 46.537 0.076 
2.305 2.343 18.269 0.342 19.706 
0.944 0.0 0.004 109.607 15.12 
33.637 71.105 4.235 19.554 7.67 
21.262 70.788 2.159 2.946 8.185 
111.995 43.735 3.653 0.327 1.374 
5.229 13.11 0.232 73.267 1.186 
0.415 0.0 0.053 122.781 1.14 
0.064 126.08 0.14 2.686 0.115 
0.067 0.016 0.0 293.164 0.127 
0.041 0.404 99.296 50.963 0.065 
0.001 0.123 0.014 0.0 223.54 
34.346 120.801 6.229 3.433 0.341 
2.622 0.001 0.705 38.178 13.581 
0.168 31.38 0.74 23.965 4.3 
1.794 74.598 8.831 21.151 13.178 
61.814 64.829 0.389 7.799 8.482 
0.002 0.202 0.043 35.518 43.946 
0.001 0.0 1.96 0.042 45.232 
0.0 0.0 0.086 0.0 138.06 
0.26 0.224 0.002 56.155 1.313 
12.023 0.149 111.195 0.785 0.015 
48.464 14.644 63.176 2.686 0.115 
0.049 0.029 144.126 4.509 14.575 
0.0 0.0 0.0 0.012 151.576 
127.645 24.745 0.598 16.263 0.374 
0.82 0.1 205.376 12.665 0.095 
2.952 2.739 2.484 135.822 0.07 
1.078 0.326 70.639 6.233 13.905 
0.826 77.754 11.107 38.475 0.659 
88.221 0.048 0.347 15.901 6.237 
37.088 14.483 5.962 14.278 0.618 
0.062 0.739 1.121 0.041 44.326 
0.0 0.0 0.229 183.797 0.202 
0.0 0.0 0.249 0.153 122.364 
0.006 0.0 1.264 226.174 1.17 
0.001 0.064 0.244 80.958 45.412 
2.541 100.807 0.406 0.62 31.283 
0.0 0.007 0.121 165.228 0.072 
