0.373 0.589 0.197 0.005 323.875 
0.0 0.0 0.07 139.617 0.597 
0.0 0.0 0.0 3.923 304.741 
0.002 0.027 0.016 188.853 2.04 
179.727 0.045 10.481 45.562 8.064 
0.001 0.0 0.0 4.498 349.416 
0.0 0.0 0.001 2.842 228.958 
4.038 0.34 333.952 1.33 0.376 
23.248 109.973 75.786 13.197 0.246 
17.327 212.717 13.411 7.136 8.569 
4.038 0.34 333.952 1.33 0.376 
0.007 0.005 219.455 0.863 2.733 
10.275 143.234 0.904 19.679 56.537 
138.661 51.56 1.267 14.292 7.037 
179.727 0.045 10.481 45.562 8.064 
15.064 184.929 11.659 26.974 8.16 
98.786 79.602 10.4 45.211 0.84 
6.139 1.944 27.033 153.321 0.541 
17.327 212.717 13.411 7.136 8.569 
15.064 184.929 11.659 26.974 8.16 
55.543 1.572 3.33 13.029 191.164 
1.333 97.743 101.949 9.281 28.084 
0.015 0.006 0.021 178.281 2.68 
0.0 0.0 0.014 118.649 4.56 
0.022 0.001 0.0 95.761 1.034 
40.391 40.705 135.479 0.262 2.341 
57.848 0.011 165.81 8.701 0.834 
30.148 30.382 103.276 0.644 3.444 
0.0 0.0 0.014 118.649 4.56 
4.991 43.053 137.682 46.093 2.503 
75.385 60.745 7.936 83.191 0.815 
17.48 23.544 2.392 10.775 85.386 
40.391 40.705 135.479 0.262 2.341 
1.043 2.11 0.042 0.013 276.553 
112.081 0.361 115.702 0.897 25.2 
6.139 1.944 27.033 153.321 0.541 
57.848 0.011 165.81 8.701 0.834 
3.17 78.396 45.15 0.15 171.084 
92.203 63.185 6.085 46.459 1.133 
13.216 46.658 171.586 0.91 0.834 
17.48 23.544 2.392 10.775 85.386 
118.177 0.197 21.023 64.541 6.974 
10.275 143.234 0.904 19.679 56.537 
83.066 9.704 59.79 72.813 2.434 
1.043 2.11 0.042 0.013 276.553 
0.0 0.0 0.0 3.18 247.022 
112.081 0.361 115.702 0.897 25.2 
75.385 60.745 7.936 83.191 0.815 
1.153 28.515 50.62 0.095 108.401 
11.251 1.183 89.653 0.401 192.911 
0.373 0.589 0.197 0.005 323.875 
0.655 15.632 39.458 78.09 19.987 
23.248 109.973 75.786 13.197 0.246 
138.661 51.56 1.267 14.292 7.037 
0.001 0.0 0.0 4.498 349.416 
130.071 11.113 49.232 8.875 13.107 
14.487 1.523 115.435 0.517 163.438 
0.647 0.443 192.653 55.744 1.559 
0.012 0.0 215.068 8.367 2.772 
0.0 0.0 0.07 139.617 0.597 
0.012 0.0 0.001 56.097 145.987 
94.245 122.047 1.274 27.727 0.88 
94.245 122.047 1.274 27.727 0.88 
24.232 0.052 69.591 23.298 3.259 
0.647 0.443 192.653 55.744 1.559 
19.71 17.862 2.19 30.886 111.319 
0.005 0.0 0.007 54.07 140.71 
4.34 60.5 57.103 1.08 39.952 
0.261 6.456 11.46 0.022 173.173 
0.022 0.001 0.0 95.761 1.034 
7.791 108.394 79.234 42.124 2.565 
128.067 0.412 1.231 32.191 5.536 
87.929 10.272 54.359 72.813 2.434 
4.34 60.5 57.103 1.08 39.952 
22.19 20.11 20.518 48.794 10.13 
9.501 132.187 8.26 32.322 5.68 
118.177 0.197 21.023 64.541 6.974 
0.0 0.0 0.0 3.923 304.741 
0.002 0.027 0.016 188.853 2.04 
0.015 0.006 0.021 178.281 2.68 
98.402 26.479 109.98 15.672 0.899 
0.0 0.0 0.001 2.842 228.958 
0.0 0.0 0.0 3.18 247.022 
1.333 97.743 101.949 9.281 28.084 
11.433 140.353 52.929 36.936 0.472 
83.066 9.704 59.79 72.813 2.434 
13.208 37.844 17.802 3.209 6.541 
0.005 0.0 0.007 48.414 125.992 
76.256 102.128 1.709 22.952 4.253 
9.501 132.187 8.26 32.322 5.68 
98.402 26.479 109.98 15.672 0.899 
30.148 30.382 103.276 0.644 3.444 
15.763 135.972 8.846 39.853 5.456 
76.256 102.128 1.709 22.952 4.253 
2.044 1.59 1.361 0.009 207.42 
10.62 25.348 31.676 8.621 13.391 
0.655 15.632 39.458 78.09 19.987 
0.005 0.0 0.007 48.414 125.992 
11.251 1.183 89.653 0.401 192.911 
7.791 108.394 79.234 42.124 2.565 
