0.837 0.008 2.855 0.001 202.325 
0.0 0.003 0.683 0.019 222.397 
0.0 0.0 0.166 25.412 127.537 
13.245 205.388 2.095 0.945 34.565 
0.093 0.014 322.776 9.03 11.765 
0.019 0.006 1.705 264.756 0.261 
0.0 0.0 0.037 5.699 208.066 
190.763 1.93 63.471 0.894 0.477 
4.922 0.05 110.828 7.473 0.121 
0.05 0.312 0.001 65.333 76.378 
28.245 92.323 0.834 0.424 36.572 
13.245 205.388 2.095 0.945 34.565 
190.763 1.93 63.471 0.894 0.477 
131.218 48.792 1.246 0.633 0.338 
0.079 0.729 180.259 5.064 41.259 
0.019 0.006 1.705 264.756 0.261 
0.705 0.007 0.356 192.16 0.359 
0.023 0.003 267.221 15.991 10.04 
28.245 92.323 0.834 0.424 36.572 
49.376 1.187 9.483 1.679 68.379 
15.099 56.467 78.367 0.002 6.835 
81.699 4.943 0.6 46.3 1.259 
0.023 0.003 267.221 15.991 10.04 
0.093 0.014 322.776 9.03 11.765 
0.168 0.002 0.179 135.189 0.973 
0.423 0.515 0.002 169.149 26.522 
0.168 0.002 0.179 135.189 0.973 
0.054 0.027 0.05 101.566 3.605 
0.423 0.515 0.002 169.149 26.522 
81.699 4.943 0.6 46.3 1.259 
93.742 34.857 50.299 0.625 0.176 
93.742 34.857 50.299 0.625 0.176 
0.559 0.305 138.111 0.485 13.721 
110.352 49.129 8.415 10.835 4.47 
16.642 0.4 12.11 0.815 33.199 
34.573 18.906 0.512 54.951 0.782 
0.26 0.486 166.634 0.584 7.657 
0.952 0.521 103.903 2.397 55.032 
0.705 0.007 0.356 192.16 0.359 
0.011 0.018 1.734 8.108 131.156 
123.485 7.471 70.695 0.22 8.726 
0.148 0.0 0.074 39.928 160.381 
40.973 20.337 2.342 32.732 0.692 
0.003 0.014 2.642 0.074 149.462 
0.054 0.027 0.05 101.566 3.605 
0.563 26.06 4.993 16.258 17.168 
120.536 44.82 1.144 0.581 0.846 
0.003 0.004 0.097 80.268 2.849 
0.148 0.0 0.074 39.928 160.381 
48.994 1.78 49.456 0.429 46.809 
0.01 0.005 2.365 1.001 184.812 
0.134 0.836 0.009 10.017 200.543 
0.342 3.488 42.772 8.789 95.382 
0.016 0.762 173.802 4.882 83.454 
49.376 1.187 9.483 1.679 68.379 
0.0 0.0 0.382 58.487 101.369 
5.583 1.986 121.824 0.452 0.241 
0.131 23.017 29.213 1.642 19.366 
0.05 0.312 0.001 65.333 76.378 
0.952 0.521 103.903 2.397 55.032 
0.559 0.305 138.111 0.485 13.721 
0.004 0.317 0.021 0.064 173.423 
110.352 49.129 8.415 10.835 4.47 
0.333 13.866 70.504 0.296 49.921 
111.398 2.679 21.394 3.788 3.612 
0.004 0.317 0.021 0.064 173.423 
0.01 0.005 2.365 1.001 184.812 
0.003 0.014 2.642 0.074 149.462 
15.099 56.467 78.367 0.002 6.835 
0.002 0.009 34.564 22.131 97.646 
0.002 0.017 54.7 9.229 110.114 
0.333 13.866 70.504 0.296 49.921 
11.694 38.223 0.345 25.846 0.141 
0.333 0.466 178.272 0.392 83.454 
0.131 23.017 29.213 1.642 19.366 
16.642 0.4 12.11 0.815 33.199 
7.547 0.363 88.338 0.336 3.424 
111.398 2.679 21.394 3.788 3.612 
0.048 0.073 7.219 1.05 111.466 
0.0 0.0 0.037 5.699 208.066 
2.202 0.009 0.117 6.676 119.624 
0.009 0.008 1.048 0.012 217.198 
36.087 55.332 3.589 0.332 1.516 
0.269 1.041 92.427 6.049 4.032 
1.575 1.126 22.415 12.915 38.69 
4.922 0.05 110.828 7.473 0.121 
11.694 38.223 0.345 25.846 0.141 
36.087 55.332 3.589 0.332 1.516 
5.583 1.986 121.824 0.452 0.241 
15.238 2.721 55.731 0.08 26.454 
15.238 2.721 55.731 0.08 26.454 
120.536 44.82 1.144 0.581 0.846 
7.547 0.363 88.338 0.336 3.424 
128.651 0.497 6.815 8.774 3.62 
0.342 3.488 42.772 8.789 95.382 
131.218 48.792 1.246 0.633 0.338 
0.563 26.06 4.993 16.258 17.168 
123.485 7.471 70.695 0.22 8.726 
0.002 0.009 34.564 22.131 97.646 
0.395 0.01 0.076 73.622 0.532 
