26.245 77.018 0.377 45.633 0.004 
0.0 0.0 0.0 0.002 245.728 
47.743 4.841 2.514 0.308 29.259 
0.494 0.0 0.0 191.937 0.624 
19.461 26.589 1.409 0.081 0.235 
0.006 32.277 0.118 7.592 0.784 
0.001 0.0 0.0 137.885 0.008 
12.411 147.323 0.033 2.562 0.056 
25.068 0.231 4.842 2.98 44.243 
0.436 0.0 125.741 0.144 20.243 
167.244 0.538 0.017 3.898 0.054 
97.145 21.63 0.002 1.904 0.659 
0.0 0.0 0.0 0.0 210.103 
51.398 0.006 0.002 7.428 0.235 
11.352 11.881 16.848 0.224 21.976 
75.591 103.017 0.006 0.306 6.118 
43.445 26.106 0.002 1.115 0.004 
0.0 0.0 0.0 0.0 226.385 
0.0 0.0 0.0 0.0 197.931 
42.24 123.956 0.607 3.874 0.005 
0.003 0.525 152.406 0.262 5.239 
151.686 0.488 0.319 2.445 0.886 
0.781 0.001 174.482 4.216 0.057 
31.451 195.003 0.006 0.388 7.757 
20.113 21.14 1.262 14.505 0.0 
0.005 24.141 7.085 6.51 0.187 
0.0 0.0 0.0 23.693 0.008 
20.378 241.896 0.055 4.206 0.016 
0.0 0.0 0.02 7.843 61.535 
0.196 0.001 191.967 0.219 30.83 
0.081 0.048 28.806 14.293 0.236 
0.0 0.0 0.0 0.0 181.381 
4.482 30.966 6.899 22.288 0.01 
1.051 190.53 0.041 4.451 0.062 
55.016 0.003 0.201 0.309 35.011 
0.012 0.011 63.619 0.114 0.003 
5.697 62.531 5.36 18.263 0.032 
0.0 0.0 0.0 0.0 134.246 
58.296 0.007 8.79 0.348 0.132 
26.245 77.018 0.377 45.633 0.004 
97.852 0.958 0.207 1.588 0.032 
0.0 0.0 0.0 0.002 245.728 
47.743 4.841 2.514 0.308 29.259 
0.494 0.0 0.0 191.937 0.624 
19.461 26.589 1.409 0.081 0.235 
0.006 32.277 0.118 7.592 0.784 
0.001 0.0 0.0 137.885 0.008 
12.411 147.323 0.033 2.562 0.056 
25.068 0.231 4.842 2.98 44.243 
105.224 0.012 0.003 2.444 2.112 
73.072 0.235 2.243 0.129 0.374 
0.436 0.0 125.741 0.144 20.243 
167.244 0.538 0.017 3.898 0.054 
97.145 21.63 0.002 1.904 0.659 
0.019 0.001 4.561 2.263 47.746 
0.0 0.0 0.006 0.0 122.361 
0.0 0.0 0.0 0.0 210.103 
51.398 0.006 0.002 7.428 0.235 
11.352 11.881 16.848 0.224 21.976 
75.591 103.017 0.006 0.306 6.118 
43.567 13.478 1.573 13.736 1.419 
96.223 0.005 0.351 0.541 0.049 
43.445 26.106 0.002 1.115 0.004 
0.0 0.0 0.0 0.0 226.385 
0.0 0.0 0.0 0.0 159.785 
0.0 0.0 0.0 0.0 197.931 
42.24 123.956 0.607 3.874 0.005 
4.101 28.335 5.291 19.857 18.956 
0.003 0.525 152.406 0.262 5.239 
151.686 0.488 0.319 2.445 0.886 
0.781 0.001 174.482 4.216 0.057 
0.003 0.031 0.0 118.546 0.059 
36.511 8.361 7.319 12.23 2.603 
4.848 2.913 0.0 0.124 55.015 
0.137 0.001 30.775 0.173 0.17 
98.375 0.054 4.705 0.184 0.413 
4.223 29.18 5.448 20.449 11.826 
0.307 0.0 0.0 119.323 2.344 
31.451 195.003 0.006 0.388 7.757 
20.113 21.14 1.262 14.505 0.0 
0.005 24.141 7.085 6.51 0.187 
0.58 0.064 29.142 0.018 0.009 
0.0 0.0 0.0 23.693 0.008 
20.378 241.896 0.055 4.206 0.016 
0.0 0.0 0.02 7.843 61.535 
109.244 0.012 0.004 0.187 2.146 
68.702 0.15 2.106 1.648 0.359 
0.196 0.001 191.967 0.219 30.83 
3.772 0.84 3.189 0.125 55.288 
0.081 0.048 28.806 14.293 0.236 
0.0 0.0 0.0 0.006 121.68 
0.0 0.0 0.0 0.0 181.381 
4.482 30.966 6.899 22.288 0.01 
1.051 190.53 0.041 4.451 0.062 
55.016 0.003 0.201 0.309 35.011 
0.012 0.011 63.619 0.114 0.003 
0.0 0.0 0.0 0.0 169.718 
5.697 62.531 5.36 18.263 0.032 
0.0 0.0 0.0 0.0 134.246 
58.296 0.007 8.79 0.348 0.132 
