6.328 7.389 2.839 2.584 0.805 3.466 2.215 9.966 52.479 9.042 97.632 20.149 19.828 122.434 38.543 
1.558 1.108 9.321 1.843 0.582 55.381 6.603 18.437 4.259 10.174 38.801 82.442 21.268 21.902 17.175 
0.073 0.11 0.012 29.094 14.558 36.949 134.816 21.03 45.818 6.468 26.915 2.157 43.934 0.92 10.803 
0.003 0.0 0.0 0.005 0.023 0.009 0.078 0.022 0.001 1.188 0.697 16.144 5.069 199.598 0.009 
0.0 0.02 0.004 0.016 0.005 0.251 0.103 0.113 1.424 0.329 2.277 0.47 0.057 0.114 424.344 
0.967 0.498 5.122 1.013 27.475 11.388 8.026 32.186 17.282 149.514 30.68 1.94 0.468 53.178 8.897 
0.016 0.025 0.027 0.062 0.045 0.103 5.601 0.77 30.521 39.997 24.226 190.518 9.246 0.015 0.689 
0.0 0.0 0.0 0.0 0.0 0.0 0.0 0.0 0.0 0.0 0.003 0.051 0.081 0.245 328.621 
0.043 0.066 0.383 0.076 0.01 2.222 7.197 2.903 6.36 1.977 7.541 1.092 259.59 42.8 83.736 
0.0 0.0 0.0 0.102 0.238 0.564 0.218 0.147 1.278 0.058 94.268 264.041 49.863 1.044 7.075 
0.024 0.037 0.212 0.139 0.017 0.011 1.985 3.615 1.045 0.727 2.774 4.772 1.417 399.526 41.116 
0.003 0.006 0.938 0.482 0.06 5.719 32.492 7.124 1.012 224.551 39.739 28.328 3.851 45.055 24.434 
0.004 0.006 0.037 0.021 0.003 0.271 1.287 44.661 0.86 2.719 176.277 101.934 30.271 52.986 27.869 
0.003 0.003 0.027 0.013 0.308 1.365 11.788 2.066 142.157 16.194 0.366 78.561 2.86 2.544 25.507 
0.0 0.0 0.001 0.0 0.001 0.004 0.001 0.006 0.016 0.045 0.008 0.002 0.054 0.125 266.405 
0.0 0.0 0.0 0.0 0.0 0.0 0.0 0.0 0.0 0.0 0.001 0.002 0.177 3.305 343.48 
0.11 7.71 0.506 1.299 10.613 33.564 89.774 14.004 30.511 43.496 21.574 26.193 38.595 0.808 9.49 
0.0 0.0 0.0 0.0 0.001 0.006 0.247 0.085 0.795 0.776 0.004 1.583 35.701 238.174 49.336 
0.162 0.045 0.059 0.136 0.017 0.579 10.319 108.622 31.184 1.032 54.03 7.822 19.745 34.563 110.826 
1.991 3.063 17.67 33.26 2.355 18.941 23.757 17.256 23.586 13.768 63.221 1.495 0.579 41.002 16.438 
2.41 3.708 21.388 12.148 1.668 13.416 16.827 12.223 16.706 49.707 61.009 1.442 2.406 39.91 16.0 
0.0 0.0 0.0 0.0 0.0 0.0 0.0 0.0 0.0 0.001 0.0 0.001 0.061 1.151 257.378 
0.073 0.11 0.012 29.094 14.558 36.949 134.816 21.03 45.818 6.468 26.915 2.157 43.934 0.92 10.803 
0.011 0.017 0.0 4.265 17.843 36.712 98.193 20.566 12.952 4.363 18.158 126.058 46.854 0.981 11.521 
4.05 6.091 2.099 8.141 2.51 8.221 10.826 11.878 79.347 22.653 156.645 32.328 3.9 7.813 22.372 
4.05 6.091 2.099 8.141 2.51 8.221 10.826 11.878 79.347 22.653 156.645 32.328 3.9 7.813 22.372 
0.108 7.55 1.585 6.148 14.57 10.76 14.169 15.546 103.851 29.649 88.35 30.241 3.649 11.971 36.492 
1.197 1.842 10.628 2.101 12.193 9.079 6.398 25.66 13.778 119.196 82.078 1.94 0.468 53.178 8.897 
6.328 7.389 2.839 2.584 0.805 3.466 2.215 9.966 52.479 9.042 97.632 20.149 19.828 122.434 38.543 
1.991 3.063 17.67 33.26 2.355 18.941 23.757 17.256 23.586 13.768 63.221 1.495 0.579 41.002 16.438 
0.967 0.498 5.122 1.013 27.475 11.388 8.026 32.186 17.282 149.514 30.68 1.94 0.468 53.178 8.897 
1.558 1.108 9.321 1.843 0.582 55.381 6.603 18.437 4.259 10.174 38.801 82.442 21.268 21.902 17.175 
2.41 3.708 21.388 12.148 1.668 13.416 16.827 12.223 16.706 49.707 61.009 1.442 2.406 39.91 16.0 
4.71 1.122 0.286 0.955 7.628 0.563 8.057 0.79 31.544 21.383 33.376 4.618 8.673 164.399 119.0 
0.365 0.26 2.185 1.43 0.178 16.975 96.438 68.076 25.349 21.689 9.526 1.967 22.553 28.609 36.038 
0.162 0.045 0.059 0.136 0.017 0.579 10.319 108.622 31.184 1.032 54.03 7.822 19.745 34.563 110.826 
1.609 2.475 14.276 1.932 0.854 0.563 97.862 21.457 24.407 16.985 64.778 111.423 4.057 53.626 41.116 
1.197 1.842 10.628 2.101 12.193 9.079 6.398 25.66 13.778 119.196 82.078 1.94 0.468 53.178 8.897 
0.003 0.003 0.027 0.013 0.308 1.365 11.788 2.066 142.157 16.194 0.366 78.561 2.86 2.544 25.507 
0.0 0.0 0.002 0.022 0.008 0.109 15.224 5.242 9.675 78.029 8.504 2.46 100.745 126.336 34.208 
3.535 0.842 0.058 1.569 6.475 0.478 6.84 0.671 26.778 18.153 65.748 5.485 10.301 100.848 102.345 
1.609 2.475 14.276 1.932 0.854 0.563 97.862 21.457 24.407 16.985 64.778 111.423 4.057 53.626 41.116 
0.11 7.71 0.506 1.299 10.613 33.564 89.774 14.004 30.511 43.496 21.574 26.193 38.595 0.808 9.49 
0.0 0.021 0.001 3.367 1.684 22.384 45.816 7.147 15.571 2.198 9.147 0.733 14.931 0.313 253.066 
4.71 1.122 0.286 0.955 7.628 0.563 8.057 0.79 31.544 21.383 33.376 4.618 8.673 164.399 119.0 
0.011 0.017 0.0 4.265 17.843 36.712 98.193 20.566 12.952 4.363 18.158 126.058 46.854 0.981 11.521 
0.009 0.013 0.0 3.292 13.775 28.341 75.804 2.584 9.029 3.042 12.659 87.881 149.564 0.981 11.521 
0.0 0.0 0.0 0.0 0.007 0.028 0.162 5.294 1.428 30.551 0.079 16.925 0.616 325.325 37.571 
1.46 1.705 0.655 1.382 4.924 1.76 3.01 3.595 27.262 10.58 56.631 11.687 199.35 13.905 36.466 
0.001 0.001 0.19 0.098 0.319 2.341 32.209 0.472 1.6 174.771 30.93 30.954 74.912 45.643 24.753 
0.001 0.001 0.19 0.098 0.319 2.341 32.209 0.472 1.6 174.771 30.93 30.954 74.912 45.643 24.753 
3.535 0.842 0.058 1.569 6.475 0.478 6.84 0.671 26.778 18.153 65.748 5.485 10.301 100.848 102.345 
0.296 0.565 3.007 1.708 3.781 35.952 13.115 15.483 96.062 17.45 2.802 50.171 8.482 106.354 2.407 
2.057 2.401 0.923 0.84 5.889 2.104 4.945 5.426 36.248 6.245 23.82 9.405 158.144 25.072 30.597 
0.0 0.02 0.004 0.016 0.005 0.251 0.103 0.113 1.424 0.329 2.277 0.47 0.057 0.114 424.344 
0.035 0.054 0.313 0.178 0.024 2.324 60.013 22.701 1.591 8.956 107.532 91.827 3.343 44.194 21.53 
0.0 0.0 0.0 0.0 0.0 0.0 0.0 0.0 0.0 0.0 0.001 0.002 0.177 3.305 343.48 
0.602 0.429 3.605 0.13 0.2 19.083 2.275 28.103 32.128 36.08 43.548 2.385 90.807 22.563 17.693 
0.024 0.037 0.212 0.139 0.017 0.011 1.985 3.615 1.045 0.727 2.774 4.772 1.417 399.526 41.116 
0.001 0.001 0.228 0.391 0.026 2.484 14.109 25.7 1.928 210.621 37.274 26.571 29.464 45.643 24.753 
0.08 0.212 0.06 0.055 0.23 0.229 0.301 0.658 0.065 0.194 75.421 8.019 136.776 17.0 25.825 
0.296 0.565 3.007 1.708 3.781 35.952 13.115 15.483 96.062 17.45 2.802 50.171 8.482 106.354 2.407 
0.245 0.174 1.467 1.293 0.134 12.734 72.344 51.068 19.016 16.27 59.277 1.747 21.753 38.078 36.038 
0.009 0.013 0.0 3.292 13.775 28.341 75.804 2.584 9.029 3.042 12.659 87.881 149.564 0.981 11.521 
2.057 2.401 0.923 0.84 5.889 2.104 4.945 5.426 36.248 6.245 23.82 9.405 158.144 25.072 30.597 
0.001 0.058 0.017 0.184 0.011 1.041 2.19 5.521 6.077 1.55 70.009 39.061 11.6 2.045 140.369 
0.341 0.24 0.314 0.895 0.075 7.166 40.712 53.105 4.619 11.033 38.247 70.653 20.981 74.613 87.368 
0.053 0.015 0.019 0.044 0.006 0.189 3.368 35.453 70.478 0.749 39.194 4.0 14.169 39.18 5.078 
0.0 0.0 0.009 0.506 0.022 1.785 22.845 0.338 1.145 96.154 43.608 75.009 66.032 40.233 34.339 
0.0 0.0 0.0 0.0 0.007 0.028 0.162 5.294 1.428 30.551 0.079 16.925 0.616 325.325 37.571 
0.0 0.0 0.003 0.002 0.001 0.026 0.147 0.192 1.365 0.178 8.055 0.081 0.927 261.461 33.215 
0.217 0.334 1.926 1.95 0.08 17.32 56.115 22.63 49.583 15.416 58.795 8.511 21.487 37.611 26.083 
0.137 0.211 1.215 0.641 7.965 3.301 4.141 9.695 5.444 16.198 19.881 0.47 142.046 39.22 15.724 
0.043 0.066 0.383 0.076 0.01 2.222 7.197 2.903 6.36 1.977 7.541 1.092 259.59 42.8 83.736 
0.601 0.427 3.595 0.261 0.114 4.579 43.17 56.31 4.898 46.476 75.712 23.52 2.937 38.828 19.703 
0.0 0.021 0.001 3.367 1.684 22.384 45.816 7.147 15.571 2.198 9.147 0.733 14.931 0.313 253.066 
0.074 0.114 0.678 0.383 0.053 6.792 36.074 0.816 0.836 2.642 171.302 99.057 29.416 51.491 39.479 
0.763 1.175 6.775 2.844 0.486 6.46 83.413 9.78 5.016 11.982 45.7 78.607 2.862 37.832 29.007 
0.044 0.068 0.394 2.218 0.115 10.911 61.986 9.918 3.847 9.189 35.045 5.073 12.807 22.418 56.372 
1.163 1.047 7.725 3.242 0.554 7.366 95.106 17.77 6.017 14.372 13.156 75.508 2.749 36.341 27.863 
0.101 0.072 0.604 0.093 6.11 2.266 1.597 15.92 5.336 46.165 31.789 175.8 0.467 53.134 8.889 
0.04 0.097 0.144 0.143 0.018 0.731 5.281 9.619 20.889 3.795 1.668 220.37 24.247 54.756 33.757 
1.163 1.047 7.725 3.242 0.554 7.366 95.106 17.77 6.017 14.372 13.156 75.508 2.749 36.341 27.863 
0.0 0.0 0.001 0.0 0.001 0.004 0.001 0.006 0.016 0.045 0.008 0.002 0.054 0.125 266.405 
0.011 0.017 0.025 0.047 0.08 0.011 23.829 3.146 1.22 30.543 18.5 145.486 20.567 91.457 11.523 
0.047 0.072 0.416 0.082 0.011 2.417 7.83 3.158 2.887 1.737 6.625 0.959 228.064 37.602 73.567 
0.108 7.55 1.585 6.148 14.57 10.76 14.169 15.546 103.851 29.649 88.35 30.241 3.649 11.971 36.492 
0.0 0.032 0.002 5.215 0.221 9.072 24.266 3.785 8.247 17.466 6.363 119.279 26.795 0.561 102.371 
1.46 1.705 0.655 1.382 4.924 1.76 3.01 3.595 27.262 10.58 56.631 11.687 199.35 13.905 36.466 
0.019 0.013 0.111 0.008 0.006 0.602 3.421 4.463 0.388 146.263 55.146 20.96 21.35 37.372 18.206 
0.016 0.025 0.027 0.062 0.045 0.103 5.601 0.77 30.521 39.997 24.226 190.518 9.246 0.015 0.689 
0.23 0.44 2.342 1.33 0.638 19.132 6.979 1.471 42.323 65.488 49.847 50.171 8.482 106.354 2.407 
0.812 0.948 0.364 0.331 2.325 0.831 1.952 8.074 23.055 8.947 47.893 9.884 168.59 26.582 95.112 
0.096 0.068 0.046 0.513 0.03 2.895 2.75 10.085 11.102 2.832 127.891 71.357 21.19 3.736 25.144 
0.04 0.097 0.144 0.143 0.018 0.731 5.281 9.619 20.889 3.795 1.668 220.37 24.247 54.756 33.757 
0.004 0.005 0.031 0.02 0.003 0.05 0.509 14.899 0.386 1.633 62.538 46.962 1.437 197.233 32.168 
0.812 0.948 0.364 0.331 2.325 0.831 1.952 8.074 23.055 8.947 47.893 9.884 168.59 26.582 95.112 
0.07 0.019 0.233 0.164 0.02 0.701 5.447 63.878 86.19 1.07 56.033 8.111 20.477 35.844 27.482 
0.0 0.0 0.009 0.506 0.022 1.785 22.845 0.338 1.145 96.154 43.608 75.009 66.032 40.233 34.339 
0.0 0.0 0.431 0.322 0.032 3.017 17.138 31.216 0.013 50.466 103.181 7.808 19.71 17.843 16.315 
