0.0 0.0 0.037 0.044 187.889 
0.636 1.079 8.286 355.723 0.255 
68.86 5.805 19.456 7.55 0.03 
0.0 0.0 0.0 0.099 231.383 
0.0 0.0 0.0 0.099 231.383 
108.222 20.225 38.438 2.993 7.59 
0.02 0.044 0.001 0.0 151.4 
0.0 0.0 0.0 0.084 195.47 
0.056 6.503 443.851 13.807 0.136 
3.607 163.556 81.085 0.976 3.526 
0.002 0.286 290.835 44.457 0.088 
0.056 6.503 443.851 13.807 0.136 
0.002 0.064 0.133 34.352 114.7 
1.129 131.546 284.454 47.087 0.136 
0.002 0.001 0.012 0.001 36.073 
6.738 0.512 15.545 133.322 0.109 
43.702 93.257 1.312 7.039 25.513 
0.636 1.079 8.286 355.723 0.255 
0.031 1.226 6.076 260.861 0.187 
1.129 131.546 284.454 47.087 0.136 
0.011 0.001 1.244 225.974 17.0 
49.598 4.181 115.303 13.563 0.127 
3.607 163.556 81.085 0.976 3.526 
93.107 30.171 1.181 26.784 1.11 
0.502 1.428 130.396 30.526 7.837 
88.774 3.481 5.378 28.091 4.299 
43.702 93.257 1.312 7.039 25.513 
69.019 14.172 17.989 131.267 0.331 
31.88 68.03 0.703 20.353 21.239 
0.004 0.177 214.531 46.206 6.184 
108.222 20.225 38.438 2.993 7.59 
13.281 63.409 16.584 4.748 11.085 
38.101 41.572 17.229 3.898 10.133 
0.006 0.0 0.433 67.264 116.583 
0.02 0.044 0.001 0.0 151.4 
0.0 0.0 0.0 0.084 195.47 
13.281 63.409 16.584 4.748 11.085 
25.154 2.121 97.881 10.04 0.224 
1.116 0.069 3.112 109.606 3.895 
0.189 0.142 236.835 11.35 5.89 
38.101 41.572 17.229 3.898 10.133 
0.009 0.004 0.012 0.03 127.768 
93.107 30.171 1.181 26.784 1.11 
25.154 2.121 97.881 10.04 0.224 
0.846 0.274 5.416 232.542 0.048 
0.031 1.226 6.076 260.861 0.187 
49.598 4.181 115.303 13.563 0.127 
9.709 13.094 50.257 0.379 0.104 
29.091 16.937 29.204 3.027 17.477 
5.14 24.541 9.093 21.486 6.815 
0.006 0.0 0.433 67.264 116.583 
31.88 68.03 0.703 20.353 21.239 
0.022 0.909 62.978 7.214 35.711 
30.487 6.26 80.988 7.598 0.178 
29.091 16.937 29.204 3.027 17.477 
0.25 0.081 236.054 12.033 2.031 
0.004 0.177 214.531 46.206 6.184 
1.191 0.1 87.416 7.116 12.686 
88.774 3.481 5.378 28.091 4.299 
8.105 17.295 83.249 1.673 4.457 
0.009 0.004 0.012 0.03 127.768 
1.116 0.069 3.112 109.606 3.895 
5.14 24.541 9.093 21.486 6.815 
0.01 0.002 0.8 124.305 14.149 
35.404 7.27 6.35 1.091 15.02 
0.502 1.428 130.396 30.526 7.837 
0.022 0.909 62.978 7.214 35.711 
41.524 11.331 11.429 2.586 14.934 
0.24 9.989 42.236 7.502 29.684 
45.704 4.026 2.899 32.589 2.914 
41.524 11.331 11.429 2.586 14.934 
34.073 9.003 9.315 2.108 16.334 
0.002 0.286 290.835 44.457 0.088 
0.24 9.989 42.236 7.502 29.684 
0.0 0.0 0.037 0.044 187.889 
9.709 13.094 50.257 0.379 0.104 
45.704 4.026 2.899 32.589 2.914 
6.738 0.512 15.545 133.322 0.109 
0.017 0.037 38.608 37.403 3.073 
69.019 14.172 17.989 131.267 0.331 
0.182 10.865 21.466 18.017 16.899 
34.073 9.003 9.315 2.108 16.334 
0.182 10.865 21.466 18.017 16.899 
0.353 14.658 47.478 8.936 2.886 
0.01 0.002 0.8 124.305 14.149 
0.353 14.658 47.478 8.936 2.886 
8.105 17.295 83.249 1.673 4.457 
0.846 0.274 5.416 232.542 0.048 
0.011 0.001 1.244 225.974 17.0 
30.487 6.26 80.988 7.598 0.178 
35.404 7.27 6.35 1.091 15.02 
1.191 0.1 87.416 7.116 12.686 
0.189 0.142 236.835 11.35 5.89 
0.0 0.183 0.011 34.949 1.202 
0.25 0.081 236.054 12.033 2.031 
0.002 0.064 0.133 34.352 114.7 
68.86 5.805 19.456 7.55 0.03 
0.017 0.037 38.608 37.403 3.073 
0.0 0.183 0.011 34.949 1.202 
0.002 0.001 0.012 0.001 36.073 
