0.486 19.26 11.233 128.935 58.481 
0.486 19.26 11.233 128.935 58.481 
0.151 0.486 0.124 0.213 176.654 
0.151 0.486 0.124 0.213 176.654 
1.239 21.609 92.592 217.284 6.482 
1.239 21.609 92.592 217.284 6.482 
21.539 4.936 74.08 254.613 4.959 
21.539 4.936 74.08 254.613 4.959 
5.455 50.065 1.813 25.389 111.311 
5.455 50.065 1.813 25.389 111.311 
0.499 1.666 1.971 101.434 74.662 
0.499 1.666 1.971 101.434 74.662 
2.129 13.286 73.954 87.009 27.615 
2.129 13.286 73.954 87.009 27.615 
3.714 1.181 10.611 21.259 92.081 
3.714 1.181 10.611 21.259 92.081 
23.201 49.044 139.47 37.989 13.286 
23.201 49.044 139.47 37.989 13.286 
14.042 47.87 81.542 119.047 3.829 
14.042 47.87 81.542 119.047 3.829 
0.185 0.043 0.246 184.02 81.179 
0.185 0.043 0.246 184.02 81.179 
0.182 0.204 0.318 15.172 246.104 
0.182 0.204 0.318 15.172 246.104 
62.514 1.568 37.102 6.53 38.626 
62.514 1.568 37.102 6.53 38.626 
111.99 1.39 25.575 126.071 16.672 
111.99 1.39 25.575 126.071 16.672 
3.52 0.26 2.741 93.347 26.424 
3.52 0.26 2.741 93.347 26.424 
0.616 25.632 17.375 165.809 8.462 
0.616 25.632 17.375 165.809 8.462 
0.294 0.1 0.451 57.244 355.709 
0.294 0.1 0.451 57.244 355.709 
0.31 0.023 4.229 56.377 110.856 
0.31 0.023 4.229 56.377 110.856 
9.577 13.889 113.427 71.557 8.352 
9.577 13.889 113.427 71.557 8.352 
4.63 1.906 13.552 118.523 5.991 
4.63 1.906 13.552 118.523 5.991 
0.202 0.751 0.009 173.041 30.551 
0.202 0.751 0.009 173.041 30.551 
7.163 13.383 3.853 12.547 69.13 
7.163 13.383 3.853 12.547 69.13 
0.036 0.032 4.067 26.349 90.691 
0.036 0.032 4.067 26.349 90.691 
80.319 15.463 70.083 25.329 34.004 
80.319 15.463 70.083 25.329 34.004 
0.377 0.257 0.558 1.432 190.051 
0.377 0.257 0.558 1.432 190.051 
31.195 122.823 64.031 3.496 103.024 
31.195 122.823 64.031 3.496 103.024 
0.558 0.305 0.61 0.792 297.993 
0.558 0.305 0.61 0.792 297.993 
6.237 6.681 1.98 44.536 10.558 
6.237 6.681 1.98 44.536 10.558 
0.004 0.003 0.47 73.079 126.662 
0.004 0.003 0.47 73.079 126.662 
1.759 56.367 130.616 109.19 41.302 
1.759 56.367 130.616 109.19 41.302 
109.792 40.825 8.781 38.801 1.338 
109.792 40.825 8.781 38.801 1.338 
0.571 1.563 1.641 35.585 138.881 
0.571 1.563 1.641 35.585 138.881 
0.108 0.463 2.175 3.569 167.648 
0.108 0.463 2.175 3.569 167.648 
6.564 2.201 16.667 27.983 54.838 
6.564 2.201 16.667 27.983 54.838 
6.948 1.196 0.134 8.801 147.868 
6.948 1.196 0.134 8.801 147.868 
0.355 0.272 139.847 14.932 172.158 
0.355 0.272 139.847 14.932 172.158 
0.07 0.066 0.434 101.373 221.541 
0.07 0.066 0.434 101.373 221.541 
1.809 1.366 2.776 0.064 309.565 
1.809 1.366 2.776 0.064 309.565 
0.327 0.012 5.182 61.35 205.84 
0.327 0.012 5.182 61.35 205.84 
0.24 20.116 15.932 147.803 55.176 
0.24 20.116 15.932 147.803 55.176 
0.728 5.523 100.516 7.491 56.556 
0.728 5.523 100.516 7.491 56.556 
1.019 0.308 12.127 3.024 131.849 
1.019 0.308 12.127 3.024 131.849 
8.717 26.636 7.645 6.149 20.402 
8.717 26.636 7.645 6.149 20.402 
3.441 0.704 82.281 20.632 35.554 
3.441 0.704 82.281 20.632 35.554 
2.796 27.791 130.81 41.424 29.195 
2.796 27.791 130.81 41.424 29.195 
0.131 0.032 0.811 0.293 338.347 
0.131 0.032 0.811 0.293 338.347 
2.338 0.662 0.402 8.002 269.967 
32.171 14.597 22.686 0.273 279.015 
2.32 2.393 3.967 296.281 79.103 
82.596 0.266 85.265 41.725 123.176 
160.974 20.448 7.284 45.424 67.992 
13.745 6.768 123.044 193.394 21.506 
39.438 134.417 75.335 159.738 22.004 
12.93 24.416 158.717 26.12 145.285 
