179.59 1.663 13.031 54.218 7.646 
19.885 9.663 1.638 1.004 322.56 
1.123 9.291 0.005 2.067 221.435 
5.049 128.717 2.807 267.972 6.259 
21.653 5.36 109.627 44.903 1.446 
61.511 1.237 145.673 31.878 9.585 
0.438 0.6 10.285 0.032 161.849 
0.017 0.004 0.006 11.035 318.232 
0.04 0.135 0.531 295.245 71.966 
115.688 39.987 24.817 12.834 39.129 
38.693 99.783 37.616 33.914 16.153 
38.693 99.783 37.616 33.914 16.153 
179.59 1.663 13.031 54.218 7.646 
61.511 1.237 145.673 31.878 9.585 
81.13 3.653 102.164 118.55 2.227 
5.049 128.717 2.807 267.972 6.259 
115.688 39.987 24.817 12.834 39.129 
4.176 7.602 117.896 8.57 103.382 
0.031 0.071 77.963 175.108 5.805 
15.757 26.695 19.418 63.385 30.68 
1.659 25.359 100.707 9.599 81.939 
0.07 2.625 1.46 39.333 214.001 
0.662 13.877 71.51 92.001 87.121 
0.295 0.025 2.736 4.581 163.965 
37.252 17.25 14.767 154.549 2.538 
1.941 24.591 9.301 114.106 27.303 
25.582 0.915 60.843 87.279 20.64 
81.13 3.653 102.164 118.55 2.227 
2.722 2.898 47.862 75.903 47.56 
3.197 11.835 17.338 52.629 134.345 
0.106 5.559 12.74 3.505 266.49 
25.582 0.915 60.843 87.279 20.64 
0.188 7.689 10.864 2.502 230.195 
0.662 13.877 71.51 92.001 87.121 
0.118 0.011 3.2 220.663 84.825 
4.176 7.602 117.896 8.57 103.382 
29.154 0.511 110.792 42.109 36.713 
1.236 1.593 14.54 242.771 11.325 
0.04 0.135 0.531 295.245 71.966 
1.236 1.593 14.54 242.771 11.325 
0.161 0.959 1.29 8.272 290.711 
0.083 0.036 0.422 143.922 42.566 
37.252 17.25 14.767 154.549 2.538 
13.753 0.597 0.747 206.407 5.763 
0.031 0.071 77.963 175.108 5.805 
7.442 1.253 0.026 15.38 54.424 
3.197 11.835 17.338 52.629 134.345 
14.893 4.229 44.756 1.907 6.139 
15.757 26.695 19.418 63.385 30.68 
0.118 0.011 3.2 220.663 84.825 
2.791 6.681 27.867 44.933 81.155 
24.553 6.875 13.105 186.919 6.539 
13.753 0.597 0.747 206.407 5.763 
2.722 2.898 47.862 75.903 47.56 
0.947 1.863 21.867 194.381 30.131 
29.154 0.511 110.792 42.109 36.713 
0.106 5.559 12.74 3.505 266.49 
0.083 0.036 0.422 143.922 42.566 
3.057 7.818 31.39 38.402 70.734 
1.435 16.388 21.417 194.286 41.336 
37.664 2.168 29.14 189.734 24.107 
1.291 16.711 13.079 3.416 148.104 
3.057 7.818 31.39 38.402 70.734 
0.201 0.277 0.635 22.061 141.707 
0.182 0.104 7.468 13.824 281.938 
2.239 4.784 23.614 49.855 64.913 
2.9 7.635 75.499 24.851 42.317 
0.289 0.03 0.671 1.237 279.602 
19.885 9.663 1.638 1.004 322.56 
6.591 2.393 10.563 71.255 37.433 
2.9 7.635 75.499 24.851 42.317 
0.182 0.104 7.468 13.824 281.938 
0.161 0.959 1.29 8.272 290.711 
1.717 14.509 12.872 0.528 54.896 
1.941 24.591 9.301 114.106 27.303 
7.001 0.475 10.981 34.76 61.462 
0.07 2.625 1.46 39.333 214.001 
1.659 25.359 100.707 9.599 81.939 
24.553 6.875 13.105 186.919 6.539 
21.047 2.076 1.198 48.87 50.054 
1.123 9.291 0.005 2.067 221.435 
37.664 2.168 29.14 189.734 24.107 
2.239 4.784 23.614 49.855 64.913 
0.201 0.277 0.635 22.061 141.707 
14.893 4.229 44.756 1.907 6.139 
0.188 7.689 10.864 2.502 230.195 
21.653 5.36 109.627 44.903 1.446 
7.001 0.475 10.981 34.76 61.462 
6.591 2.393 10.563 71.255 37.433 
2.791 6.681 27.867 44.933 81.155 
1.291 16.711 13.079 3.416 148.104 
0.463 8.041 1.457 4.944 163.021 
21.047 2.076 1.198 48.87 50.054 
7.442 1.253 0.026 15.38 54.424 
0.017 0.004 0.006 11.035 318.232 
0.947 1.863 21.867 194.381 30.131 
0.295 0.025 2.736 4.581 163.965 
1.435 16.388 21.417 194.286 41.336 
0.289 0.03 0.671 1.237 279.602 
0.438 0.6 10.285 0.032 161.849 
