0.111 176.368 20.526 4.428 0.129 
0.0 0.0 2.087 0.006 448.66 
0.0 0.0 0.0 0.03 139.926 
0.0 0.179 0.002 358.647 8.287 
62.909 1.265 43.991 0.305 0.038 
324.898 4.397 3.872 0.611 7.709 
0.0 0.0 0.056 302.862 10.561 
0.0 0.002 0.609 0.0 346.693 
0.061 0.813 345.398 0.502 8.009 
0.007 0.001 2.936 0.008 255.6 
0.0 0.0 0.0 0.03 139.926 
263.991 27.147 2.255 0.827 1.378 
324.898 4.397 3.872 0.611 7.709 
201.533 82.265 0.231 0.801 2.433 
0.131 128.373 42.614 21.073 60.271 
0.1 159.355 0.13 0.45 1.3 
201.533 82.265 0.231 0.801 2.433 
1.723 0.035 0.037 198.899 0.13 
0.0 0.0 0.544 257.798 0.865 
66.55 1.391 31.482 28.769 25.049 
0.869 0.595 256.922 0.729 0.168 
0.606 0.176 309.169 0.133 0.14 
0.131 128.373 42.614 21.073 60.271 
58.113 16.852 251.635 0.14 0.148 
36.529 67.591 102.178 0.084 0.074 
106.078 49.535 0.267 0.278 3.606 
173.35 3.624 24.849 58.399 50.847 
0.606 111.264 76.687 0.346 2.923 
0.0 0.0 0.056 302.862 10.561 
0.0 0.0 0.156 347.337 0.996 
173.35 3.624 24.849 58.399 50.847 
0.0 0.0 0.071 146.546 38.365 
237.74 4.781 5.089 1.957 5.764 
139.765 13.895 17.872 26.544 0.129 
0.001 0.0 0.001 106.379 43.784 
0.017 62.291 222.992 0.805 4.427 
0.002 2.702 0.024 0.008 398.6 
0.0 0.0 2.087 0.006 448.66 
1.242 0.128 0.011 0.004 294.215 
0.0 0.006 2.358 0.003 344.937 
121.578 7.74 0.006 95.237 31.289 
0.017 62.291 222.992 0.805 4.427 
5.406 97.238 0.468 29.836 0.086 
0.11 108.48 36.01 47.589 60.271 
121.578 7.74 0.006 95.237 31.289 
2.274 0.369 0.001 0.007 386.44 
0.0 0.002 0.609 0.0 346.693 
0.007 0.001 2.936 0.008 255.6 
11.102 25.327 62.62 28.66 0.083 
1.242 0.128 0.011 0.004 294.215 
46.977 32.164 0.004 58.284 19.148 
0.0 0.652 114.426 155.456 1.972 
0.046 0.834 154.476 44.953 0.13 
2.154 38.746 73.341 33.056 3.312 
0.003 0.0 0.0 0.02 104.518 
26.276 48.619 51.341 0.222 0.082 
58.113 16.852 251.635 0.14 0.148 
0.04 0.0 182.939 25.491 54.55 
2.877 51.747 97.951 0.212 0.987 
16.608 0.347 14.754 59.386 17.8 
0.302 3.222 0.33 180.098 1.512 
246.48 25.346 1.241 0.457 6.317 
0.003 0.001 0.0 278.312 1.304 
1.361 0.087 323.613 0.917 0.464 
0.116 0.002 135.693 16.725 2.36 
138.532 64.69 0.349 0.574 3.159 
0.101 99.039 86.268 13.934 11.112 
263.991 27.147 2.255 0.827 1.378 
0.061 0.813 345.398 0.502 8.009 
16.608 0.347 14.754 59.386 17.8 
0.529 0.362 204.055 0.448 0.292 
21.819 0.262 119.458 0.197 0.092 
0.0 0.652 114.426 155.456 1.972 
0.11 108.48 36.01 47.589 60.271 
0.046 0.834 154.476 44.953 0.13 
0.101 99.039 86.268 13.934 11.112 
242.788 0.532 0.198 33.924 72.598 
0.0 0.03 0.0 79.872 34.533 
17.928 40.9 101.124 0.223 1.192 
7.45 99.494 0.087 0.302 0.917 
0.116 0.002 135.693 16.725 2.36 
0.302 3.222 0.33 180.098 1.512 
0.529 0.362 204.055 0.448 0.292 
21.0 9.807 52.956 0.056 0.624 
1.723 0.035 0.037 198.899 0.13 
0.069 0.157 171.94 1.692 2.69 
0.0 0.03 0.0 79.872 34.533 
0.933 171.286 0.893 3.891 0.115 
36.529 67.591 102.178 0.084 0.074 
46.977 32.164 0.004 58.284 19.148 
0.0 0.0 0.544 257.798 0.865 
0.0 0.0 0.124 275.233 1.552 
2.877 51.747 97.951 0.212 0.987 
11.102 25.327 62.62 28.66 0.083 
0.001 0.001 0.0 0.018 93.668 
242.788 0.532 0.198 33.924 72.598 
0.065 163.284 0.133 0.461 0.413 
66.55 1.391 31.482 28.769 25.049 
0.001 0.0 0.001 106.379 43.784 
1.361 0.087 323.613 0.917 0.464 
