0.383 0.274 0.38 158.841 38.774 
0.383 0.274 0.38 158.841 38.774 
0.025 0.001 0.015 55.449 170.808 
0.025 0.001 0.015 55.449 170.808 
14.266 4.152 91.596 33.15 19.699 
14.266 4.152 91.596 33.15 19.699 
0.031 0.028 3.535 23.79 81.469 
0.031 0.028 3.535 23.79 81.469 
0.979 6.2 34.697 244.909 1.3 
0.979 6.2 34.697 244.909 1.3 
19.807 0.064 20.447 10.006 201.024 
19.807 0.064 20.447 10.006 201.024 
0.13 12.165 58.987 69.4 63.311 
0.13 12.165 58.987 69.4 63.311 
155.299 57.746 12.42 54.883 9.587 
155.299 57.746 12.42 54.883 9.587 
0.114 4.748 3.218 100.157 4.373 
0.114 4.748 3.218 100.157 4.373 
60.439 33.05 66.032 67.091 35.788 
60.439 33.05 66.032 67.091 35.788 
0.014 0.001 0.052 22.427 348.732 
0.014 0.001 0.052 22.427 348.732 
0.143 0.019 0.158 285.897 10.145 
0.143 0.019 0.158 285.897 10.145 
4.776 0.094 2.259 2.051 127.902 
4.776 0.094 2.259 2.051 127.902 
8.68 6.149 190.346 1.21 122.728 
8.68 6.149 190.346 1.21 122.728 
4.08 1.078 0.556 21.852 124.973 
4.08 1.078 0.556 21.852 124.973 
3.52 0.26 2.741 93.347 26.424 
3.52 0.26 2.741 93.347 26.424 
54.388 36.978 80.464 1.521 101.812 
54.388 36.978 80.464 1.521 101.812 
11.412 98.439 60.808 81.452 13.415 
11.412 98.439 60.808 81.452 13.415 
98.67 18.995 58.647 26.924 36.146 
98.67 18.995 58.647 26.924 36.146 
11.323 2.668 26.604 3.813 51.493 
11.323 2.668 26.604 3.813 51.493 
11.612 100.162 61.872 82.877 9.002 
11.612 100.162 61.872 82.877 9.002 
2.818 0.102 1.661 50.909 170.808 
2.818 0.102 1.661 50.909 170.808 
3.329 0.682 79.611 19.963 34.401 
3.329 0.682 79.611 19.963 34.401 
3.329 0.682 79.611 19.963 34.401 
3.329 0.682 79.611 19.963 34.401 
1.953 8.377 39.316 64.519 43.249 
1.953 8.377 39.316 64.519 43.249 
76.717 14.769 66.94 24.193 32.48 
76.717 14.769 66.94 24.193 32.48 
10.197 10.277 9.931 0.12 290.462 
10.197 10.277 9.931 0.12 290.462 
0.264 0.109 1.061 8.46 49.244 
0.264 0.109 1.061 8.46 49.244 
0.005 0.004 0.631 98.056 23.004 
0.005 0.004 0.631 98.056 23.004 
2.245 20.6 0.746 36.168 80.413 
2.245 20.6 0.746 36.168 80.413 
155.792 57.929 12.46 54.167 9.587 
155.792 57.929 12.46 54.167 9.587 
8.942 1.892 2.032 6.616 36.452 
8.942 1.892 2.032 6.616 36.452 
8.942 1.892 2.032 6.616 36.452 
8.942 1.892 2.032 6.616 36.452 
0.277 1.987 0.71 2.709 209.223 
0.277 1.987 0.71 2.709 209.223 
0.061 0.006 0.222 6.231 356.642 
0.061 0.006 0.222 6.231 356.642 
0.18 0.669 0.008 154.302 27.243 
0.18 0.669 0.008 154.302 27.243 
0.18 0.669 0.008 154.302 27.243 
0.18 0.669 0.008 154.302 27.243 
0.171 0.131 0.362 45.033 279.83 
0.171 0.131 0.362 45.033 279.83 
0.354 0.33 0.133 0.228 189.533 
0.354 0.33 0.133 0.228 189.533 
126.1 25.893 7.827 10.314 16.657 
126.1 25.893 7.827 10.314 16.657 
0.27 0.036 0.331 247.371 8.791 
0.27 0.036 0.331 247.371 8.791 
3.404 1.399 2.228 2.023 126.156 
3.404 1.399 2.228 2.023 126.156 
90.697 0.292 93.627 45.817 20.915 
90.697 0.292 93.627 45.817 20.915 
0.029 1.157 1.037 2.67 354.366 
0.029 1.157 1.037 2.67 354.366 
9.5 32.386 55.166 80.539 22.163 
9.5 32.386 55.166 80.539 22.163 
9.5 32.386 55.166 80.539 22.163 
9.5 32.386 55.166 80.539 22.163 
42.679 145.463 81.526 64.749 17.995 
42.679 145.463 81.526 64.749 17.995 
0.013 0.01 2.583 3.129 316.117 
0.013 0.01 2.583 3.129 316.117 
1.29 0.39 15.344 3.826 166.818 
1.29 0.39 15.344 3.826 166.818 
0.077 0.073 0.48 112.201 245.204 
169.559 38.855 26.873 198.271 6.053 
