0.0 0.0 0.001 0.028 0.002 0.01 0.033 0.018 0.17 0.121 0.079 117.527 3.539 202.74 8.511 
0.0 0.0 0.0 0.0 0.0 0.0 0.005 0.018 0.033 0.01 6.784 124.632 98.996 21.363 138.256 
0.0 0.0 0.0 0.0 0.0 0.0 0.0 0.004 0.171 0.102 4.147 9.356 58.991 1.755 96.925 
0.0 0.0 0.001 0.001 0.0 0.002 0.003 0.01 1.821 1.793 88.286 103.543 26.752 144.719 2.285 
0.041 0.036 0.019 0.042 0.219 0.099 0.138 6.798 3.552 6.396 8.636 162.236 3.213 4.158 23.671 
0.0 0.0 0.0 0.0 0.0 0.002 0.003 0.001 0.049 0.263 36.976 65.813 69.564 177.689 2.998 
0.0 0.0 0.0 0.0 0.0 0.0 0.001 0.007 0.001 1.964 1.035 5.56 0.102 326.738 9.986 
0.0 0.0 0.0 0.0 0.0 0.0 0.001 0.013 0.658 1.611 34.211 15.587 164.228 87.105 83.545 
0.0 0.0 0.0 0.0 0.0 0.0 0.0 0.0 0.0 0.0 0.1 0.045 0.076 0.252 411.731 
0.001 0.0 0.004 0.002 1.004 3.886 22.078 28.798 2.505 87.181 45.693 17.984 19.296 33.776 25.897 
0.0 0.0 0.0 0.001 0.0 0.017 0.088 0.049 0.027 0.435 0.2 37.599 121.133 64.248 61.622 
0.0 0.0 0.0 0.0 0.0 0.0 0.0 0.0 0.0 0.0 0.0 0.191 19.857 68.999 171.523 
0.0 0.0 0.01 0.008 0.0 0.021 0.05 0.013 11.748 11.564 129.492 172.247 44.503 80.122 2.801 
0.0 0.0 0.001 0.002 0.0 0.001 0.003 0.001 0.014 0.008 3.498 137.358 91.965 94.946 8.604 
0.0 0.0 0.0 0.0 0.001 0.001 0.0 0.206 0.037 0.145 0.06 109.31 22.589 12.267 46.374 
0.167 0.185 1.231 0.099 0.071 7.725 42.724 55.729 4.847 3.842 41.412 71.232 21.153 37.027 28.389 
0.006 0.004 0.004 0.029 0.04 0.006 0.15 0.032 1.575 8.709 22.367 35.878 141.746 216.665 3.655 
0.0 0.0 0.001 0.028 0.002 0.01 0.033 0.018 0.17 0.121 0.079 117.527 3.539 202.74 8.511 
0.0 0.0 0.0 0.0 0.0 0.0 0.005 0.018 0.033 0.01 6.784 124.632 98.996 21.363 138.256 
0.0 0.0 0.0 0.0 0.0 0.0 0.0 0.004 0.171 0.102 4.147 9.356 58.991 1.755 96.925 
0.0 0.0 0.0 0.001 0.141 0.151 1.674 10.38 9.941 11.162 20.821 8.056 196.532 13.136 38.997 
0.0 0.0 0.022 0.002 0.039 0.018 0.369 1.774 1.069 1.925 65.786 47.378 144.042 5.7 32.451 
0.0 0.0 0.0 0.0 0.001 0.001 0.003 0.005 0.004 0.063 1.701 4.7 27.727 104.128 33.174 
0.0 0.0 0.0 0.0 0.0 0.0 0.001 0.006 0.897 2.084 44.754 20.391 129.906 19.24 59.828 
0.0 0.0 0.0 0.0 0.0 0.0 0.0 0.0 0.0 0.0 0.009 0.125 13.926 48.392 105.467 
0.0 0.0 0.001 0.001 0.0 0.002 0.003 0.01 1.821 1.793 88.286 103.543 26.752 144.719 2.285 
0.041 0.036 0.019 0.042 0.219 0.099 0.138 6.798 3.552 6.396 8.636 162.236 3.213 4.158 23.671 
0.0 0.026 0.027 0.124 0.214 0.024 0.275 0.257 1.011 0.053 8.077 112.206 3.571 85.507 41.305 
0.0 0.0 0.0 0.0 0.0 0.002 0.003 0.001 0.049 0.263 36.976 65.813 69.564 177.689 2.998 
0.001 0.001 0.006 0.176 0.012 0.046 0.189 0.103 0.979 0.568 0.427 97.642 172.736 110.805 10.071 
0.0 0.002 0.003 0.001 0.0 0.011 0.001 0.02 0.016 0.253 6.886 28.104 1.059 110.678 5.878 
0.0 0.0 0.0 0.0 0.0 0.0 0.006 0.002 0.0 0.094 2.649 3.176 14.399 96.623 104.385 
0.001 0.001 0.003 0.002 0.249 0.003 0.706 2.792 1.952 4.832 1.039 33.089 185.106 0.661 12.098 
0.0 0.0 0.0 0.0 0.0 0.0 0.001 0.007 0.001 1.964 1.035 5.56 0.102 326.738 9.986 
0.0 0.0 0.0 0.0 0.0 0.0 0.001 0.013 0.658 1.611 34.211 15.587 164.228 87.105 83.545 
0.0 0.0 0.0 0.0 0.0 0.0 0.002 0.002 0.0 0.12 0.087 0.112 7.76 262.9 65.607 
0.0 0.0 0.001 0.001 0.07 0.008 0.062 0.014 0.43 0.927 21.887 0.243 24.304 211.578 5.084 
0.0 0.0 0.0 0.0 0.0 0.0 0.0 0.0 0.0 0.0 0.1 0.045 0.076 0.252 411.731 
0.001 0.0 0.004 0.002 1.004 3.886 22.078 28.798 2.505 87.181 45.693 17.984 19.296 33.776 25.897 
0.001 0.001 0.001 0.964 1.5 0.152 1.306 1.46 5.743 0.302 2.374 153.519 4.886 98.882 52.975 
0.0 0.0 0.002 0.001 0.047 0.001 0.144 1.204 0.664 2.854 8.327 37.842 211.697 56.957 16.787 
0.0 0.0 0.0 0.012 0.05 0.102 0.904 3.554 0.73 60.427 6.128 114.864 25.804 29.076 5.073 
0.0 0.0 0.0 0.0 0.0 0.0 0.0 0.0 0.003 0.052 0.476 3.019 13.39 0.147 308.233 
0.059 0.066 1.168 0.201 0.063 6.865 37.971 49.529 4.308 3.414 36.804 63.307 47.653 37.173 28.502 
0.0 0.0 0.0 0.001 0.0 0.0 0.002 0.001 0.028 0.154 21.69 38.605 124.608 190.469 3.213 
0.0 0.0 0.0 0.001 0.0 0.017 0.088 0.049 0.027 0.435 0.2 37.599 121.133 64.248 61.622 
0.0 0.0 0.0 0.0 0.0 0.0 0.0 0.0 0.0 0.0 0.0 0.059 1.415 215.915 56.712 
0.0 0.0 0.0 0.0 0.0 0.0 0.0 0.0 0.0 0.0 0.0 0.002 0.161 0.186 302.965 
0.0 0.001 0.003 0.011 0.008 0.012 0.725 1.366 0.126 3.878 3.309 28.01 120.799 109.823 5.627 
0.0 0.0 0.0 0.0 0.0 0.0 0.001 0.002 0.003 0.014 0.034 0.01 35.641 176.959 47.743 
0.005 0.004 0.005 0.002 0.025 0.011 0.236 1.133 0.683 1.229 42.007 25.793 86.55 3.425 19.499 
0.314 0.281 0.091 0.349 0.044 4.141 10.187 16.447 1.431 53.362 30.768 52.923 15.716 27.51 21.092 
0.0 0.0 0.0 0.0 0.0 0.001 0.008 0.005 0.451 0.016 9.24 74.975 214.528 108.458 25.223 
0.0 0.0 0.0 0.0 0.002 0.001 0.002 0.059 0.145 1.755 0.413 47.546 107.654 90.889 5.061 
0.0 0.0 0.0 0.0 0.005 0.025 0.024 0.264 0.445 0.177 5.848 2.975 66.34 179.269 21.556 
0.002 0.009 0.002 0.014 0.004 0.219 0.612 0.358 1.874 1.205 3.741 3.62 15.629 72.658 38.511 
0.0 0.0 0.0 0.522 0.812 0.082 1.145 0.953 1.559 0.051 8.679 153.519 4.886 98.882 52.975 
0.003 0.002 0.005 0.011 0.001 0.01 0.016 0.012 4.402 18.699 4.797 49.338 78.304 105.169 2.231 
0.0 0.0 0.0 0.0 0.001 0.001 0.004 0.006 0.005 0.073 1.991 5.502 32.456 202.431 9.693 
0.004 0.042 0.005 0.011 0.097 0.611 0.079 0.267 1.36 1.893 19.275 14.816 29.924 78.509 5.308 
0.0 0.001 0.019 0.009 0.476 0.007 1.457 1.593 1.69 2.325 1.573 26.142 146.245 39.347 7.026 
0.0 0.0 0.0 0.0 0.0 0.0 0.002 0.003 0.735 1.706 36.642 16.695 106.358 15.753 48.983 
0.0 0.0 0.001 0.005 0.001 0.024 0.071 0.01 0.092 0.209 7.326 53.947 144.646 32.023 18.212 
0.0 0.0 0.0 0.0 0.0 0.0 0.0 0.0 0.0 0.0 0.0 0.191 19.857 68.999 171.523 
0.0 0.0 0.0 0.0 0.0 0.0 0.004 0.014 0.52 0.28 1.121 66.835 65.858 93.434 32.699 
0.0 0.0 0.0 0.0 0.0 0.0 0.0 0.001 0.0 0.004 0.003 0.017 13.552 12.546 253.414 
0.0 0.0 0.0 0.05 0.21 0.617 1.465 8.308 0.797 45.819 14.64 114.864 25.804 29.076 5.073 
0.0 0.0 0.0 0.026 0.146 0.175 0.003 0.955 2.883 7.13 15.372 43.06 122.007 124.886 48.398 
0.0 0.0 0.01 0.008 0.0 0.021 0.05 0.013 11.748 11.564 129.492 172.247 44.503 80.122 2.801 
0.0 0.002 0.004 0.008 0.015 0.367 0.07 0.154 0.883 0.326 1.216 1.57 25.046 210.849 46.969 
0.0 0.0 0.0 0.0 0.0 0.0 0.0 0.0 0.004 0.37 8.189 1.41 28.671 3.164 187.535 
0.0 0.0 0.0 0.002 0.002 0.003 0.123 0.116 0.081 6.557 0.015 3.65 25.112 124.951 28.568 
0.0 0.0 0.0 0.0 0.0 0.0 0.0 0.0 0.0 0.001 0.027 0.142 0.248 0.072 61.728 
0.0 0.0 0.0 0.0 0.0 0.0 0.0 0.0 0.0 0.0 0.003 0.09 2.749 0.025 186.996 
0.0 0.0 0.0 0.0 0.0 0.0 0.0 0.001 0.002 0.002 0.002 0.052 32.347 160.606 79.723 
0.247 0.221 0.115 0.255 1.333 0.599 0.84 41.295 21.579 38.855 52.464 71.7 3.917 5.07 28.864 
0.24 0.171 0.135 0.128 0.028 3.098 17.137 22.353 1.944 1.541 16.611 28.571 111.889 30.141 23.11 
0.0 0.0 0.0 0.0 0.0 0.003 0.008 0.014 0.798 1.271 5.095 55.448 158.656 18.433 23.506 
0.0 0.0 0.0 0.0 0.0 0.0 0.0 0.012 0.027 0.33 0.029 1.711 16.278 203.542 4.521 
0.002 0.011 0.002 0.007 0.003 0.052 0.062 0.061 0.281 0.112 3.684 1.874 41.798 127.667 14.824 
0.001 0.002 0.001 0.001 0.007 0.064 0.188 0.25 0.791 0.558 0.32 0.292 26.017 67.115 36.839 
0.0 0.0 0.0 0.0 0.0 0.0 0.0 0.0 0.0 0.001 0.005 0.014 0.275 0.169 271.112 
0.0 0.0 0.001 0.003 0.011 0.022 0.064 0.44 2.595 0.68 2.834 8.896 4.954 182.531 9.919 
0.001 0.001 0.001 0.048 0.013 0.126 0.214 0.099 3.825 20.414 5.077 52.619 55.618 142.067 2.397 
0.0 0.0 0.001 0.002 0.0 0.001 0.003 0.001 0.014 0.008 3.498 137.358 91.965 94.946 8.604 
0.002 0.001 0.005 0.002 0.0 0.019 0.008 0.041 0.033 0.531 14.43 58.892 2.219 231.929 12.317 
0.0 0.0 0.0 0.0 0.001 0.002 0.007 0.005 0.001 0.202 0.543 0.077 3.992 16.624 172.951 
0.001 0.0 0.0 0.0 0.001 0.005 0.012 0.005 0.0 0.116 19.772 11.902 59.532 63.078 16.665 
0.0 0.0 0.0 0.0 0.001 0.001 0.0 0.206 0.037 0.145 0.06 109.31 22.589 12.267 46.374 
0.0 0.0 0.001 0.0 0.0 0.004 0.047 0.014 0.0 0.051 3.045 3.651 16.553 111.073 97.364 
0.001 0.0 0.002 0.0 0.007 0.023 0.105 0.016 0.881 0.876 1.009 0.651 55.48 90.572 5.247 
0.0 0.0 0.001 0.001 0.078 0.001 0.221 0.876 0.559 19.615 2.106 0.067 97.484 0.348 6.372 
0.0 0.0 0.0 0.0 0.0 0.002 0.016 0.155 0.034 43.046 22.69 39.086 1.245 217.4 9.636 
0.0 0.0 0.0 0.0 0.0 0.0 0.0 0.0 0.019 0.047 1.005 0.458 4.822 239.364 67.658 
0.002 0.008 0.002 0.006 0.358 0.264 0.134 0.274 0.46 1.946 0.605 9.055 105.985 5.06 22.637 
0.003 0.026 0.039 0.7 0.017 0.589 1.489 1.299 0.962 5.251 1.422 72.16 196.866 43.584 41.378 
0.0 0.0 0.0 0.0 0.0 0.0 0.0 0.0 0.0 0.027 0.02 0.25 7.166 242.777 60.585 
0.0 0.001 0.005 0.007 0.511 0.058 0.645 0.124 3.71 8.003 44.549 0.599 59.841 143.004 3.551 
0.0 0.0 0.0 0.0 0.0 0.0 0.0 0.0 0.003 0.0 0.001 0.065 5.659 4.995 49.772 
0.0 0.0 0.0 0.0 0.0 0.0 0.0 0.0 0.0 0.0 0.102 0.01 0.059 0.196 319.398 
