1.846 146.148 3.61 0.212 26.969 
11.811 0.084 72.479 43.111 0.114 
279.624 0.152 1.099 0.7 0.122 
0.787 62.311 0.248 48.785 0.03 
0.034 0.0 63.238 72.009 10.341 
0.13 30.807 0.726 23.501 22.884 
0.671 0.682 7.933 0.138 39.13 
0.005 0.477 0.047 75.854 51.973 
183.526 22.474 0.356 26.409 0.081 
2.213 87.798 33.783 0.739 0.054 
3.85 152.721 0.615 0.22 0.348 
0.045 0.011 0.0 196.9 0.085 
0.046 0.006 94.268 12.236 0.046 
63.312 2.011 0.022 33.388 0.029 
63.892 19.306 0.327 0.587 71.863 
21.63 98.006 5.709 0.175 0.112 
0.035 40.721 21.128 1.617 60.573 
81.756 0.044 0.321 0.205 27.34 
0.061 0.014 0.0 263.926 0.115 
2.393 225.26 0.7 24.274 0.559 
0.0 0.038 69.708 51.767 50.408 
9.039 63.398 1.699 0.443 22.618 
1.013 0.001 69.057 30.217 33.306 
0.0 0.0 0.0 0.008 139.258 
0.03 0.012 0.005 163.322 0.071 
0.001 0.111 0.013 0.0 201.782 
0.046 0.135 0.017 28.39 35.126 
207.54 25.414 0.915 1.644 0.082 
2.638 114.617 1.962 2.536 1.048 
0.0 0.019 48.858 128.489 0.067 
1.846 146.148 3.61 0.212 26.969 
45.19 103.902 0.586 0.209 0.104 
11.811 0.084 72.479 43.111 0.114 
9.593 60.443 0.024 7.447 0.034 
27.476 26.458 0.212 0.323 9.676 
279.624 0.152 1.099 0.7 0.122 
0.017 0.004 0.0 74.879 24.875 
36.625 6.088 6.037 20.913 0.358 
0.374 0.318 154.419 0.926 0.003 
0.787 62.311 0.248 48.785 0.03 
0.022 0.046 124.697 22.387 8.781 
0.034 0.0 63.238 72.009 10.341 
0.13 30.807 0.726 23.501 22.884 
13.787 28.114 0.045 0.059 12.589 
1.864 31.97 0.133 0.005 32.406 
0.09 0.0 6.144 94.554 33.472 
0.671 0.682 7.933 0.138 39.13 
0.497 0.0 0.0 130.358 1.211 
2.087 39.358 4.875 0.985 0.042 
0.045 8.313 2.246 121.64 0.057 
0.005 0.477 0.047 75.854 51.973 
183.526 22.474 0.356 26.409 0.081 
4.559 16.291 2.41 61.146 0.726 
0.0 0.075 122.103 2.599 0.047 
2.213 87.798 33.783 0.739 0.054 
0.049 57.991 30.09 0.526 0.062 
3.85 152.721 0.615 0.22 0.348 
0.045 0.011 0.0 196.9 0.085 
45.19 103.902 0.586 0.209 0.104 
14.547 0.181 0.345 2.705 15.062 
0.046 0.006 94.268 12.236 0.046 
99.999 0.714 23.029 13.154 0.122 
63.312 2.011 0.022 33.388 0.029 
63.892 19.306 0.327 0.587 71.863 
0.078 0.001 0.43 133.252 0.688 
21.63 98.006 5.709 0.175 0.112 
0.035 40.721 21.128 1.617 60.573 
81.756 0.044 0.321 0.205 27.34 
0.061 0.014 0.0 263.926 0.115 
0.013 0.071 154.534 14.311 3.916 
2.393 225.26 0.7 24.274 0.559 
40.674 7.885 0.191 20.913 0.358 
30.907 0.017 4.371 6.333 2.484 
16.905 0.21 0.401 0.261 15.061 
3.097 1.792 0.115 57.407 4.771 
0.0 0.038 69.708 51.767 50.408 
0.006 0.0 0.829 96.475 19.559 
113.519 0.632 14.584 0.18 0.115 
9.039 63.398 1.699 0.443 22.618 
0.0 0.21 46.872 0.007 0.011 
1.013 0.001 69.057 30.217 33.306 
1.219 4.399 0.022 85.547 18.793 
26.475 12.236 0.113 0.826 0.088 
0.0 0.0 0.0 0.008 139.258 
19.218 19.533 0.009 0.578 33.327 
0.007 0.0 0.356 94.962 0.882 
0.03 0.012 0.005 163.322 0.071 
0.001 0.111 0.013 0.0 201.782 
25.852 0.014 0.607 8.949 19.665 
0.005 0.862 8.664 109.338 9.087 
0.046 0.135 0.017 28.39 35.126 
0.04 0.003 70.025 1.491 1.659 
0.001 0.0 3.677 0.014 83.394 
7.053 0.088 65.234 0.46 0.006 
0.0 0.0 0.0 0.008 96.458 
207.54 25.414 0.915 1.644 0.082 
2.638 114.617 1.962 2.536 1.048 
0.0 0.019 48.858 128.489 0.067 
1.306 51.808 19.935 0.436 13.307 
0.0 0.006 0.097 133.024 0.058 
