0.341 15.812 153.946 47.469 0.443 
1.921 0.067 17.048 14.396 0.266 
12.897 166.992 0.12 14.492 3.009 
0.195 0.03 4.075 0.006 365.859 
0.084 0.0 0.012 336.578 10.359 
205.942 19.925 0.257 2.306 40.372 
0.0 0.001 0.0 1.782 223.945 
0.001 0.0 0.025 1.982 374.758 
0.0 0.0 0.069 0.977 131.374 
1.762 0.275 2.394 0.08 383.275 
89.067 8.617 0.111 6.748 18.477 
174.216 7.184 6.618 5.612 32.939 
0.0 0.001 0.0 1.782 223.945 
1.314 143.323 55.491 16.112 28.177 
47.585 4.604 121.158 0.48 3.742 
2.43 61.967 77.988 4.25 24.945 
47.585 4.604 121.158 0.48 3.742 
0.341 15.812 153.946 47.469 0.443 
8.463 109.578 0.134 1.846 1.857 
0.976 24.884 23.682 37.464 0.693 
0.076 88.499 33.982 101.536 20.911 
0.161 0.019 0.007 256.177 0.818 
56.567 4.8 2.436 79.734 2.221 
0.076 0.004 0.012 318.246 5.593 
89.067 8.617 0.111 6.748 18.477 
0.364 52.282 20.198 60.35 12.429 
2.498 63.698 0.075 56.58 1.901 
0.001 0.034 0.01 156.529 0.399 
0.008 0.001 0.021 102.316 2.203 
1.34 146.176 19.431 22.458 24.681 
12.897 166.992 0.12 14.492 3.009 
195.443 0.762 28.218 0.621 23.23 
0.057 0.0 0.008 228.158 23.558 
0.039 0.003 0.012 187.912 2.908 
0.008 0.001 0.002 40.641 174.537 
0.364 52.282 20.198 60.35 12.429 
174.216 7.184 6.618 5.612 32.939 
0.269 0.449 0.569 0.095 173.649 
0.532 6.886 38.902 3.433 34.025 
0.038 0.056 71.834 1.304 103.179 
0.0 0.0 0.069 0.977 131.374 
27.018 20.099 7.511 98.548 2.52 
2.43 61.967 77.988 4.25 24.945 
0.027 0.681 0.044 0.939 212.176 
2.139 99.296 0.089 86.678 2.912 
0.039 0.003 0.012 187.912 2.908 
0.001 0.034 0.01 156.529 0.399 
195.443 0.762 28.218 0.621 23.23 
13.975 14.905 67.528 2.878 2.568 
0.057 0.0 0.008 228.158 23.558 
0.052 0.006 0.016 256.119 0.817 
9.221 2.284 60.193 1.451 9.317 
13.975 14.905 67.528 2.878 2.568 
0.103 1.792 16.245 67.43 69.891 
205.942 19.925 0.257 2.306 40.372 
0.048 0.387 0.027 0.576 130.271 
0.621 10.782 10.442 81.201 84.165 
2.139 99.296 0.089 86.678 2.912 
0.377 0.824 11.45 0.036 66.505 
8.463 109.578 0.134 1.846 1.857 
1.314 143.323 55.491 16.112 28.177 
6.975 90.321 23.595 5.018 5.022 
45.173 1.944 7.511 98.548 2.52 
27.018 20.099 7.511 98.548 2.52 
0.004 0.089 70.442 1.279 101.179 
0.976 24.884 23.682 37.464 0.693 
0.076 0.004 0.012 318.246 5.593 
36.655 9.081 11.091 1.15 7.385 
1.494 19.34 1.281 27.637 34.025 
0.084 0.0 0.012 336.578 10.359 
3.17 7.233 10.506 0.059 84.964 
6.975 90.321 23.595 5.018 5.022 
1.34 146.176 19.431 22.458 24.681 
56.567 4.8 2.436 79.734 2.221 
1.784 1.11 15.144 67.049 10.838 
0.621 10.782 10.442 81.201 84.165 
40.7 1.767 5.171 50.13 9.123 
1.494 19.34 1.281 27.637 34.025 
0.661 0.695 11.623 79.449 0.736 
9.221 2.284 60.193 1.451 9.317 
36.655 9.081 11.091 1.15 7.385 
40.7 1.767 5.171 50.13 9.123 
3.686 0.574 0.089 0.079 376.306 
0.076 88.499 33.982 101.536 20.911 
0.532 6.886 38.902 3.433 34.025 
0.195 0.03 4.075 0.006 365.859 
0.015 0.033 36.329 17.905 1.67 
1.762 0.275 2.394 0.08 383.275 
2.498 63.698 0.075 56.58 1.901 
0.055 0.009 0.603 0.602 212.194 
0.661 0.695 11.623 79.449 0.736 
0.005 0.008 0.002 51.317 220.386 
0.005 0.008 0.002 51.317 220.386 
0.015 0.033 36.329 17.905 1.67 
0.103 1.792 16.245 67.43 69.891 
1.921 0.067 17.048 14.396 0.266 
1.784 1.11 15.144 67.049 10.838 
0.004 0.089 70.442 1.279 101.179 
0.038 0.056 71.834 1.304 103.179 
45.173 1.944 7.511 98.548 2.52 
