0.002 0.276 23.838 106.301 0.272 
1.222 138.949 1.089 0.013 0.825 
14.42 87.718 31.226 52.074 0.193 
40.354 4.33 0.428 0.004 26.542 
21.687 179.647 0.006 0.567 5.705 
0.103 32.15 0.309 0.018 0.635 
39.786 147.753 1.797 11.589 0.419 
101.227 19.234 0.011 2.611 51.096 
80.732 4.938 2.935 38.666 0.664 
1.019 104.465 0.02 53.816 19.124 
183.292 37.637 1.716 0.315 0.465 
45.059 167.338 0.021 0.995 7.565 
20.886 120.942 1.102 0.013 0.835 
4.557 16.922 8.15 1.089 34.292 
0.0 0.001 34.25 16.327 0.985 
11.979 16.208 150.925 0.253 0.93 
0.0 0.041 0.0 185.506 3.037 
3.73 22.688 8.077 62.598 0.352 
116.743 13.137 1.009 12.293 0.747 
17.002 156.027 0.032 0.487 4.903 
0.152 0.041 16.497 73.567 0.188 
0.507 57.637 1.992 0.006 2.6 
0.0 0.0 0.016 0.001 121.243 
0.001 0.009 0.001 153.581 0.557 
0.036 0.065 154.803 0.015 3.018 
30.653 3.449 0.265 43.341 0.406 
32.963 122.415 1.489 36.765 0.404 
0.0 0.036 33.994 0.366 16.554 
0.02 0.004 0.0 218.82 7.757 
66.038 2.472 2.347 12.561 41.515 
31.294 29.171 0.387 1.85 0.968 
0.002 0.276 23.838 106.301 0.272 
57.077 15.361 2.481 0.007 3.239 
0.116 0.212 115.96 0.011 4.122 
1.222 138.949 1.089 0.013 0.825 
0.08 89.506 0.858 0.972 43.997 
0.0 0.0 0.002 126.544 0.656 
14.42 87.718 31.226 52.074 0.193 
40.354 4.33 0.428 0.004 26.542 
1.964 18.021 0.004 16.389 1.289 
21.687 179.647 0.006 0.567 5.705 
0.031 23.423 48.826 0.008 1.183 
0.133 15.075 44.927 0.006 2.6 
0.0 0.0 0.0 0.212 293.233 
4.193 5.673 52.825 0.023 7.528 
0.103 32.15 0.309 0.018 0.635 
39.786 147.753 1.797 11.589 0.419 
101.227 19.234 0.011 2.611 51.096 
0.003 0.01 0.001 128.9 4.57 
80.732 4.938 2.935 38.666 0.664 
0.024 0.003 0.0 97.785 1.905 
1.019 104.465 0.02 53.816 19.124 
183.292 37.637 1.716 0.315 0.465 
0.001 0.0 0.0 37.631 22.139 
0.013 0.003 0.032 51.455 1.899 
57.463 25.945 2.857 0.008 2.989 
0.265 1.485 118.187 0.01 1.118 
0.0 0.004 0.002 59.218 26.317 
0.02 0.184 194.319 11.907 0.431 
45.059 167.338 0.021 0.995 7.565 
20.886 120.942 1.102 0.013 0.835 
0.08 89.506 0.858 0.972 43.997 
4.557 16.922 8.15 1.089 34.292 
0.0 0.001 34.25 16.327 0.985 
11.979 16.208 150.925 0.253 0.93 
3.033 0.386 0.001 46.358 5.975 
0.0 0.041 0.0 185.506 3.037 
0.012 0.018 0.001 108.809 2.12 
3.73 22.688 8.077 62.598 0.352 
0.0 0.0 0.0 69.433 12.572 
0.0 0.008 2.766 0.002 51.504 
116.743 13.137 1.009 12.293 0.747 
17.002 156.027 0.032 0.487 4.903 
0.007 5.233 10.908 23.762 0.653 
60.781 12.481 0.569 0.008 2.723 
0.152 0.041 16.497 73.567 0.188 
0.507 57.637 1.992 0.006 2.6 
0.106 0.259 0.0 94.302 3.356 
0.0 0.0 0.016 0.001 121.243 
0.0 0.0 0.0 0.216 286.766 
0.002 0.013 0.0 0.001 85.91 
8.75 1.115 52.825 0.023 7.528 
0.014 0.019 0.001 122.1 0.981 
0.052 1.898 131.725 0.011 2.116 
0.002 0.544 192.42 27.594 0.46 
0.005 0.001 0.004 0.033 57.213 
0.001 0.009 0.001 153.581 0.557 
0.036 0.065 154.803 0.015 3.018 
0.0 0.044 0.006 0.016 87.912 
30.653 3.449 0.265 43.341 0.406 
0.0 0.0 0.0 0.047 159.94 
32.963 122.415 1.489 36.765 0.404 
0.0 0.036 33.994 0.366 16.554 
0.02 0.004 0.0 218.82 7.757 
66.038 2.472 2.347 12.561 41.515 
0.0 0.0 0.0 0.035 57.231 
0.003 0.34 0.0 133.172 15.1 
31.294 29.171 0.387 1.85 0.968 
0.0 0.001 0.0 59.725 24.794 
0.047 0.059 0.012 0.0 155.623 
