0.364 1.237 3.718 0.015 175.724 
0.004 0.001 0.013 9.422 271.567 
0.009 0.0 0.003 3.331 109.141 
0.007 0.001 0.0 12.806 368.663 
11.232 1.074 242.655 19.161 56.022 
0.04 0.038 0.0 0.444 225.387 
93.864 4.074 2.538 1.822 0.236 
93.864 4.074 2.538 1.822 0.236 
0.042 0.068 0.028 305.028 2.225 
9.032 230.272 3.242 60.973 4.696 
5.105 130.16 35.001 55.532 0.86 
9.032 230.272 3.242 60.973 4.696 
1.817 38.093 164.1 34.67 9.938 
22.11 0.445 223.503 37.634 11.315 
77.902 31.399 1.481 217.369 3.392 
49.33 80.191 1.755 131.185 1.0 
27.57 0.255 80.67 30.277 40.05 
68.8 2.986 5.466 133.863 13.046 
5.105 130.16 35.001 55.532 0.86 
0.007 0.001 0.0 12.806 368.663 
0.061 0.003 1.596 0.038 298.178 
49.33 80.191 1.755 131.185 1.0 
1.18 94.061 1.29 189.407 5.285 
77.902 31.399 1.481 217.369 3.392 
0.066 0.106 0.07 0.423 116.78 
27.57 0.255 80.67 30.277 40.05 
3.853 87.24 25.449 108.73 0.336 
35.819 17.406 42.223 1.731 5.355 
0.274 0.225 0.124 261.748 4.849 
87.8 15.842 1.404 104.974 1.531 
0.395 1.277 0.043 265.24 4.934 
0.042 0.068 0.028 305.028 2.225 
47.118 3.983 131.551 6.298 7.537 
0.525 0.252 19.497 96.996 0.934 
35.819 17.406 42.223 1.731 5.355 
0.104 20.78 107.321 24.691 37.45 
2.811 58.945 25.108 28.331 0.918 
1.883 0.395 57.198 1.348 66.649 
2.811 58.945 25.108 28.331 0.918 
1.839 2.37 109.986 21.004 10.78 
15.043 1.02 159.178 26.803 1.473 
43.075 13.864 21.414 1.421 9.429 
0.269 0.437 17.714 32.84 79.541 
11.232 1.074 242.655 19.161 56.022 
1.883 0.395 57.198 1.348 66.649 
10.748 3.207 138.292 45.512 7.888 
22.11 0.445 223.503 37.634 11.315 
87.8 15.842 1.404 104.974 1.531 
11.504 1.045 150.311 5.615 49.641 
71.206 12.848 4.375 28.841 0.934 
11.261 0.104 224.103 17.696 51.739 
0.358 0.013 11.006 155.549 4.343 
68.8 2.986 5.466 133.863 13.046 
0.004 0.001 0.013 9.422 271.567 
44.385 15.301 16.675 149.829 5.885 
0.865 3.066 0.069 1.116 196.474 
1.18 94.061 1.29 189.407 5.285 
0.954 0.464 0.243 0.038 298.178 
0.294 0.143 1.021 0.033 261.792 
0.104 20.78 107.321 24.691 37.45 
0.007 0.002 0.224 1.112 236.206 
0.008 0.001 0.1 176.05 51.905 
10.748 3.207 138.292 45.512 7.888 
11.504 1.045 150.311 5.615 49.641 
6.661 1.436 3.088 13.979 24.893 
3.853 87.24 25.449 108.73 0.336 
0.492 11.129 3.247 203.274 0.325 
1.636 37.037 14.837 54.819 10.324 
0.008 0.001 0.1 176.05 51.905 
0.492 11.129 3.247 203.274 0.325 
6.661 1.436 3.088 13.979 24.893 
44.385 15.301 16.675 149.829 5.885 
1.564 35.401 10.327 191.736 6.219 
15.02 6.161 0.064 9.32 30.236 
0.018 0.001 0.001 8.271 190.788 
0.364 1.237 3.718 0.015 175.724 
1.754 7.55 3.57 7.22 70.885 
15.043 1.02 159.178 26.803 1.473 
1.564 35.401 10.327 191.736 6.219 
0.009 0.002 0.52 35.19 13.527 
0.269 0.437 17.714 32.84 79.541 
0.525 0.252 19.497 96.996 0.934 
43.075 13.864 21.414 1.421 9.429 
71.206 12.848 4.375 28.841 0.934 
47.118 3.983 131.551 6.298 7.537 
1.817 38.093 164.1 34.67 9.938 
13.056 0.04 10.389 0.303 113.576 
0.007 0.002 0.224 1.112 236.206 
0.04 0.038 0.0 0.444 225.387 
11.158 15.514 6.468 1.682 37.379 
13.056 0.04 10.389 0.303 113.576 
0.294 0.143 1.021 0.033 261.792 
2.309 0.417 133.469 26.23 39.784 
0.985 0.404 7.365 0.198 192.242 
0.358 0.013 11.006 155.549 4.343 
2.309 0.417 133.469 26.23 39.784 
1.754 7.55 3.57 7.22 70.885 
1.839 2.37 109.986 21.004 10.78 
0.896 20.285 0.064 9.32 30.236 
11.261 0.104 224.103 17.696 51.739 
