0.15 236.14 0.48 3.796 2.707 
0.001 0.042 92.912 0.21 169.119 
0.03 0.163 0.211 272.238 3.942 
139.525 3.079 7.325 41.896 0.155 
7.226 205.24 88.33 0.905 2.09 
0.001 0.028 62.62 220.83 4.099 
19.841 58.87 0.058 93.073 0.315 
152.142 26.914 86.855 0.027 14.576 
54.51 38.977 0.19 1.502 44.26 
110.567 50.168 0.119 0.484 27.252 
0.096 11.019 72.899 23.477 49.986 
235.202 48.724 0.577 4.561 3.253 
0.001 0.021 0.149 248.52 95.892 
0.038 0.039 0.24 0.005 370.574 
0.846 96.982 0.937 112.516 1.142 
0.021 0.0 0.014 95.021 104.768 
0.162 0.013 285.674 0.86 6.956 
12.717 5.77 46.979 77.354 2.782 
0.003 0.006 0.176 143.034 156.074 
0.117 7.437 20.892 36.363 2.755 
3.82 65.887 28.98 0.297 61.95 
0.014 2.289 137.539 2.242 66.072 
0.15 236.14 0.48 3.796 2.707 
45.045 0.145 0.433 50.197 6.229 
171.083 1.559 0.528 5.258 47.834 
0.001 0.042 92.912 0.21 169.119 
0.03 0.163 0.211 272.238 3.942 
1.331 2.963 201.089 1.774 0.702 
127.604 91.242 0.445 1.841 2.489 
0.0 0.096 308.663 17.051 55.032 
139.525 3.079 7.325 41.896 0.155 
0.002 0.04 0.207 0.023 312.619 
32.204 201.07 0.474 3.748 2.673 
0.006 0.1 0.012 171.751 66.27 
0.495 99.331 59.303 22.755 2.202 
0.902 103.404 1.517 21.258 0.687 
73.303 0.663 0.055 13.701 15.402 
54.019 160.278 0.049 0.645 37.748 
7.226 205.24 88.33 0.905 2.09 
5.051 35.591 0.043 224.677 2.986 
45.045 0.145 0.433 50.197 6.229 
55.264 178.04 0.173 0.528 1.309 
12.741 2.254 98.345 0.341 2.515 
0.048 0.0 0.052 0.011 179.51 
163.975 3.888 0.514 10.052 47.834 
0.001 0.028 62.62 220.83 4.099 
0.036 64.548 133.947 0.907 8.478 
7.257 8.353 0.032 223.914 0.47 
60.178 0.028 25.03 0.563 0.069 
19.841 58.87 0.058 93.073 0.315 
152.142 26.914 86.855 0.027 14.576 
131.132 42.335 0.352 32.943 1.096 
54.51 38.977 0.19 1.502 44.26 
0.023 0.917 0.002 144.167 24.51 
0.0 0.096 308.866 19.938 51.942 
49.874 160.677 11.111 1.779 9.499 
0.034 0.0 108.065 118.937 12.057 
0.061 0.229 0.001 86.884 3.522 
0.002 0.136 114.934 122.346 4.625 
110.567 50.168 0.119 0.484 27.252 
18.833 0.447 5.205 99.633 1.594 
0.096 11.019 72.899 23.477 49.986 
60.434 0.194 65.506 0.379 22.452 
0.004 0.08 0.035 0.126 281.532 
6.771 26.66 166.241 0.452 4.428 
0.044 0.096 229.811 13.728 3.13 
273.155 6.477 0.856 0.66 26.783 
235.202 48.724 0.577 4.561 3.253 
0.001 0.021 0.149 248.52 95.892 
9.537 0.031 134.277 1.154 0.784 
0.038 0.039 0.24 0.005 370.574 
24.756 79.754 11.474 27.688 0.116 
8.009 130.155 55.03 12.217 2.639 
0.846 96.982 0.937 112.516 1.142 
213.461 0.687 0.84 8.618 14.536 
105.448 121.385 0.461 3.644 2.599 
0.021 0.0 0.014 95.021 104.768 
0.162 0.013 285.674 0.86 6.956 
0.129 0.0 218.228 23.363 0.195 
0.134 8.55 93.978 109.152 0.866 
12.717 5.77 46.979 77.354 2.782 
0.362 41.492 129.883 0.008 0.315 
0.003 0.006 0.176 143.034 156.074 
0.005 0.003 0.371 0.002 169.945 
0.108 0.13 0.115 154.902 5.503 
250.183 7.091 13.574 0.028 5.277 
15.298 22.185 0.076 4.334 17.391 
15.62 45.064 0.238 0.977 22.197 
0.117 7.437 20.892 36.363 2.755 
0.0 0.001 1.138 174.35 29.642 
0.038 0.206 0.266 197.922 10.876 
3.82 65.887 28.98 0.297 61.95 
0.014 2.289 137.539 2.242 66.072 
1.59 0.129 56.858 13.984 1.605 
0.0 0.0 0.406 121.201 5.919 
0.331 0.121 0.024 184.805 5.775 
0.036 0.0 0.001 0.041 64.27 
30.702 15.469 73.753 1.923 0.358 
2.831 19.346 107.194 35.657 0.875 
0.191 21.599 6.715 1.84 57.695 
