0.001 0.0 0.004 1.832 267.678 
25.933 214.54 79.744 0.903 7.416 
0.033 0.112 0.695 352.664 54.998 
10.553 0.458 133.922 8.374 0.118 
0.075 0.012 0.868 0.271 344.171 
0.125 22.944 228.605 0.71 3.636 
180.22 3.624 60.966 0.69 5.67 
0.132 0.17 7.414 0.022 222.62 
0.005 0.014 0.0 8.044 231.963 
0.001 0.097 0.362 192.068 114.877 
135.71 98.518 96.242 0.932 1.362 
25.933 214.54 79.744 0.903 7.416 
0.033 0.112 0.695 352.664 54.998 
9.342 23.705 169.828 33.535 0.182 
0.103 0.004 0.061 253.022 5.847 
113.177 32.821 169.161 0.889 7.299 
0.856 21.571 222.239 0.69 5.667 
0.075 0.012 0.868 0.271 344.171 
0.107 0.017 1.248 0.451 275.678 
45.289 2.797 29.507 52.718 32.173 
10.553 0.458 133.922 8.374 0.118 
152.519 3.189 0.127 26.548 1.33 
180.22 3.624 60.966 0.69 5.67 
80.257 37.305 2.467 30.814 2.334 
113.177 32.821 169.161 0.889 7.299 
1.189 62.501 7.755 13.605 22.255 
69.968 96.013 1.286 8.177 24.131 
100.804 0.933 7.314 18.578 3.321 
133.59 13.737 3.091 0.424 2.334 
9.969 2.831 109.986 3.665 21.511 
1.189 62.501 7.755 13.605 22.255 
0.019 0.003 0.104 1.712 267.678 
0.005 0.014 0.0 8.044 231.963 
1.606 84.413 0.07 16.393 26.816 
0.115 21.132 79.198 7.549 64.438 
152.519 3.189 0.127 26.548 1.33 
0.091 16.723 62.673 26.121 0.495 
2.272 43.236 0.078 17.866 0.463 
18.139 0.748 22.195 149.75 2.953 
0.021 0.047 51.769 116.276 5.173 
2.628 0.118 0.911 223.462 1.656 
11.446 15.096 12.377 77.795 1.806 
0.251 6.404 12.965 59.796 1.229 
25.737 2.647 105.8 4.772 82.913 
0.103 0.004 0.061 253.022 5.847 
135.71 98.518 96.242 0.932 1.362 
3.277 4.505 2.054 0.739 160.929 
100.804 0.933 7.314 18.578 3.321 
59.383 13.063 32.408 5.126 1.702 
7.019 9.042 82.537 7.41 63.253 
18.139 0.748 22.195 149.75 2.953 
0.006 0.0 0.005 4.663 134.472 
0.1 0.002 0.378 200.25 119.771 
19.43 4.274 0.019 133.331 41.096 
1.732 0.036 3.058 0.822 176.849 
0.41 0.066 0.565 0.342 201.598 
25.737 2.647 105.8 4.772 82.913 
0.028 0.036 0.33 165.484 98.976 
0.046 0.002 0.478 220.828 5.112 
45.852 4.559 60.745 5.391 30.497 
0.41 0.066 0.565 0.342 201.598 
1.606 84.413 0.07 16.393 26.816 
3.551 0.879 44.346 40.41 45.552 
19.43 4.274 0.019 133.331 41.096 
0.194 0.659 7.154 174.29 28.362 
56.428 3.485 36.764 4.726 13.948 
0.138 0.27 0.786 94.283 35.221 
80.257 37.305 2.467 30.814 2.334 
53.434 15.175 36.771 3.146 6.185 
0.028 0.036 0.33 165.484 98.976 
76.469 9.55 0.07 16.393 26.816 
7.019 9.042 82.537 7.41 63.253 
0.419 7.276 0.4 110.682 18.479 
3.277 4.505 2.054 0.739 160.929 
1.732 0.036 3.058 0.822 176.849 
69.968 96.013 1.286 8.177 24.131 
0.112 2.853 44.851 145.728 58.786 
53.434 15.175 36.771 3.146 6.185 
59.383 13.063 32.408 5.126 1.702 
45.852 4.559 60.745 5.391 30.497 
0.163 0.04 0.0 96.546 77.628 
3.551 0.879 44.346 40.41 45.552 
0.017 0.14 0.0 74.363 59.791 
0.115 21.132 79.198 7.549 64.438 
0.02 0.351 0.019 163.077 47.177 
20.944 15.204 4.401 25.714 0.483 
11.446 15.096 12.377 77.795 1.806 
0.001 0.097 0.362 192.068 114.877 
0.1 0.002 0.378 200.25 119.771 
76.469 9.55 0.07 16.393 26.816 
0.856 21.571 222.239 0.69 5.667 
0.125 22.944 228.605 0.71 3.636 
0.112 2.853 44.851 145.728 58.786 
0.154 2.446 1.189 98.806 0.481 
2.272 43.236 0.078 17.866 0.463 
0.419 7.276 0.4 110.682 18.479 
56.428 3.485 36.764 4.726 13.948 
0.071 13.128 49.2 20.506 20.307 
0.02 0.351 0.019 163.077 47.177 
0.132 0.17 7.414 0.022 222.62 
