1,0,0,1,1,1,1,0,1,0,1,0,1,0,1,0,1,0,0,1,0,1,0,1,0,1,1,0,0,0,1,0,1,1,0,1,1,0,1 : 14.3553
1,1,0,1,1,0,1,1,1,1,0,0,0,0,1,0,1,0,0,0,0,1,0,1,0,1,1,0,0,0,1,1,1,0,0,1,0,0,0 : 13.1294
1,0,0,0,0,0,0,0,0,1,1,0,0,0,1,1,1,0,1,0,1,0,0,1,0,1,0,1,1,0,0,0,1,1,0,0,0,0,0 : 13.1168
1,1,1,1,0,0,0,0,1,1,0,0,0,1,0,0,1,1,1,1,1,0,1,0,1,1,0,0,0,1,0,0,0,1,1,0,0,1,0 : 13.0451
0,1,1,0,1,0,0,1,1,1,0,0,0,0,1,0,1,0,0,1,0,1,0,0,0,1,1,0,0,1,1,1,1,0,0,1,1,1,1 : 13.0344
0,0,0,1,0,0,1,1,0,0,0,0,0,0,0,0,0,0,0,0,0,0,1,1,0,0,0,1,1,0,0,0,0,1,0,1,1,0,1 : 13.1671
1,0,0,1,0,1,0,0,1,1,1,1,1,1,0,0,1,1,0,1,1,0,0,1,0,0,1,0,1,0,1,0,1,0,0,1,1,1,0 : 14.3553
1,0,0,0,0,1,1,0,0,0,0,0,1,0,0,0,1,0,0,0,0,1,1,1,0,0,1,0,0,0,1,0,1,1,0,0,1,0,1 : 13.2118
0,0,1,1,0,0,0,0,0,1,0,0,0,1,1,1,0,1,1,0,1,1,1,1,0,0,1,0,1,1,0,0,0,1,1,0,0,0,1 : 16.259
0,0,0,0,0,1,0,1,1,0,1,1,0,0,0,1,0,1,0,0,0,1,0,1,1,1,0,0,0,0,1,0,0,0,0,1,1,0,0 : 15.7855
1,1,0,0,1,0,1,1,0,1,0,0,0,0,1,1,0,1,0,0,0,1,0,0,1,1,0,0,0,1,1,0,1,1,0,0,1,1,0 : 13.8373
0,1,0,1,0,1,0,1,0,0,0,1,1,1,1,1,0,0,0,1,0,1,0,0,1,1,0,0,1,0,0,1,0,1,0,1,0,1,0 : 15.4642
1,0,0,1,1,1,0,1,1,1,1,0,1,0,1,0,1,0,0,0,0,0,0,0,0,1,1,0,0,1,0,0,1,1,0,0,1,0,1 : 14.3553
1,0,0,0,1,0,1,0,1,1,1,1,1,0,1,0,1,1,1,1,1,0,1,1,0,1,0,1,0,0,1,0,0,1,1,0,0,0,1 : 13.1283
0,0,0,0,0,0,1,1,1,1,0,0,0,0,1,1,1,0,1,1,0,0,0,1,0,1,0,0,0,1,1,1,1,0,1,0,1,0,0 : 13.0972
1,0,0,1,0,1,1,0,0,1,1,0,0,0,1,0,1,0,0,0,0,1,0,0,0,0,1,0,0,1,1,1,0,1,1,0,0,0,1 : 15.9471
0,1,1,0,0,0,1,0,1,1,0,0,1,1,1,1,0,0,0,0,0,0,0,0,1,1,0,0,1,1,0,0,0,1,0,0,1,0,1 : 13.0344
0,0,0,1,1,0,0,0,1,1,0,1,1,0,1,0,0,0,0,1,1,0,0,1,0,0,0,0,0,0,0,1,0,1,0,1,1,0,1 : 13.1294
1,0,1,0,1,0,0,0,0,1,1,0,0,1,0,0,0,1,1,0,1,0,1,1,0,0,1,1,1,0,0,0,0,0,0,1,0,1,0 : 15.4384
1,1,0,1,0,0,0,1,1,1,1,0,1,0,0,1,1,0,1,0,0,0,0,0,1,1,0,0,0,0,0,1,0,1,0,1,1,1,1 : 13.1294
1,0,0,0,1,1,1,1,0,0,0,0,0,1,1,1,1,0,1,0,0,0,1,0,0,1,1,0,0,1,0,0,1,1,0,0,0,0,0 : 13.0854
1,1,0,0,0,0,0,0,0,1,1,1,0,1,0,0,1,0,0,1,0,0,0,1,0,1,0,1,1,0,0,0,1,1,0,0,1,0,0 : 13.6216
0,0,0,1,1,0,1,1,0,0,0,0,1,0,1,1,1,0,1,0,0,0,0,0,0,1,0,0,1,1,1,0,0,0,0,1,1,1,0 : 13.3506
1,1,0,0,0,1,0,0,0,0,1,1,0,1,0,0,0,0,1,0,1,1,1,1,0,1,1,0,1,0,1,0,0,0,0,1,1,1,1 : 13.2118
1,0,1,0,1,0,0,0,0,1,1,0,0,0,1,0,0,1,1,1,0,1,0,1,1,1,0,1,1,0,0,0,1,0,0,0,0,1,1 : 13.2594
1,1,0,0,1,1,0,1,1,0,0,1,1,1,1,1,1,1,1,0,0,1,1,1,0,1,0,1,0,0,1,0,1,0,0,0,0,0,1 : 15.4335
1,1,0,1,0,0,0,1,1,1,0,0,0,0,0,0,1,0,0,0,1,1,0,0,0,1,0,1,1,0,0,0,1,0,0,1,1,0,1 : 13.1294
1,1,1,0,0,0,1,0,0,0,1,1,0,1,0,1,0,1,0,1,0,0,0,1,1,1,0,0,0,0,1,1,0,1,0,1,1,1,0 : 13.2594
1,1,0,1,0,0,1,0,0,1,1,1,0,1,1,1,0,0,0,0,1,1,0,0,0,0,0,0,1,0,0,1,0,1,1,1,0,0,0 : 13.3384
1,0,0,1,0,1,1,1,0,1,1,0,1,1,1,1,1,0,1,0,1,1,0,1,0,0,0,0,1,0,0,1,0,1,0,1,0,0,0 : 15.4335
1,0,0,0,0,0,1,1,0,1,0,1,1,0,1,1,1,1,1,1,0,1,0,1,0,0,1,0,1,0,0,1,0,1,0,0,0,1,1 : 13.0004
0,0,0,0,1,0,1,0,0,1,1,0,0,0,0,1,1,1,0,0,0,0,1,0,1,0,1,1,1,0,0,0,0,1,0,0,1,0,0 : 13.731
1,1,0,0,1,1,0,1,0,1,1,0,1,1,1,0,0,0,0,0,0,1,1,0,1,0,1,0,0,1,0,1,0,1,0,1,0,1,1 : 13.2118
0,0,1,0,0,0,1,1,1,0,0,0,1,0,1,0,0,0,0,1,0,0,1,1,0,1,1,0,1,0,0,0,0,1,1,0,0,1,0 : 13.1655
1,1,0,1,1,1,0,0,1,0,0,1,1,1,1,0,1,1,0,0,1,0,0,0,1,0,1,0,0,1,0,0,0,0,0,1,0,1,0 : 15.8293
1,1,0,1,0,1,0,0,0,0,0,1,0,0,1,0,0,0,0,1,0,0,1,0,0,1,1,0,0,0,0,1,0,1,0,0,1,0,1 : 15.8336
1,1,0,1,1,0,1,1,1,1,0,1,0,1,1,1,1,0,1,1,0,0,0,0,1,0,1,1,0,0,1,1,1,0,0,1,1,1,0 : 13.1294
0,0,0,1,1,0,0,0,1,1,1,1,1,1,0,0,0,0,1,0,0,1,1,0,0,1,1,0,1,1,0,0,1,0,0,1,0,1,1 : 13.1294
0,1,0,0,0,0,1,1,0,1,1,1,1,0,0,1,1,0,1,0,0,0,1,1,0,0,1,0,0,0,0,0,0,1,0,1,1,1,0 : 15.7156
1,1,0,1,0,1,0,0,0,0,1,0,0,0,1,0,1,0,1,0,0,0,0,0,1,1,0,0,1,1,0,0,0,1,0,1,1,0,0 : 16.2024
1,0,1,0,1,0,0,1,0,1,0,0,0,0,1,0,1,0,1,1,0,0,0,0,0,1,0,0,0,1,0,1,0,1,0,0,1,0,0 : 13.0344
1,0,0,0,0,1,1,1,1,1,1,1,1,1,1,0,1,0,0,1,0,1,1,0,1,0,1,0,0,1,0,0,0,1,0,0,1,1,1 : 14.3553
0,0,1,0,0,0,1,0,1,0,0,0,1,1,1,1,0,1,0,1,0,1,0,0,0,1,0,0,0,1,0,0,0,1,1,0,0,0,1 : 13.0004
1,1,0,0,0,0,1,0,1,0,1,0,1,1,1,0,1,0,0,1,0,1,0,1,0,1,1,0,1,0,1,0,1,1,0,0,1,0,0 : 13.1925
0,0,1,0,0,1,0,1,0,0,1,0,0,0,0,1,1,1,0,1,0,0,0,1,0,1,0,0,0,1,0,0,1,0,0,1,1,1,0 : 15.7855
0,1,0,1,1,1,1,1,1,0,1,0,0,0,0,0,0,0,0,1,1,0,1,0,0,0,0,0,0,0,0,1,1,0,1,0,0,0,1 : 16.5683
1,1,1,1,0,0,0,0,1,1,1,1,1,0,1,1,1,1,0,0,0,0,1,0,1,0,1,0,0,0,1,1,0,1,0,0,0,0,1 : 12.6091
1,1,0,0,0,0,1,0,0,1,0,0,0,1,0,1,1,0,1,0,0,1,1,1,0,0,0,0,0,0,0,1,1,0,0,1,1,0,1 : 13.0015
1,1,1,1,0,0,0,0,0,0,0,0,0,0,1,0,0,0,0,1,0,1,0,0,0,0,1,1,0,1,0,1,1,0,0,0,0,1,0 : 13.2922
0,1,1,1,0,0,0,0,1,1,0,1,1,1,0,1,1,1,1,1,1,1,0,0,0,0,1,0,1,1,0,0,1,1,1,0,0,0,1 : 12.8185
0,1,0,0,0,0,0,1,1,0,1,1,1,1,0,1,1,0,0,1,1,0,0,1,0,1,1,1,1,0,0,0,1,1,1,0,1,0,0 : 13.6216
0,1,0,0,0,0,0,0,1,0,1,0,0,0,1,1,1,0,1,0,1,0,0,0,0,0,0,0,0,0,0,0,0,0,1,0,1,0,0 : 13.0015
1,0,1,0,0,0,1,1,0,1,1,0,1,0,1,1,1,1,0,1,1,1,1,1,1,0,1,0,1,0,1,0,1,0,0,1,0,0,0 : 13.1433
1,0,0,1,0,0,0,1,1,0,1,0,0,1,1,1,1,1,1,1,1,0,0,1,0,1,0,0,0,0,1,0,1,1,1,0,1,0,0 : 13.0451
0,0,0,0,0,0,0,0,1,1,0,1,1,1,1,1,1,0,1,1,0,0,1,0,0,1,0,0,0,0,0,0,0,0,1,0,1,0,0 : 13.0405
1,1,1,0,1,0,0,1,0,1,0,0,1,0,1,1,1,1,0,1,0,0,0,1,1,0,1,0,0,1,1,0,0,0,0,0,1,0,0 : 13.0004
0,1,0,1,1,0,0,0,0,0,0,1,0,0,1,0,1,1,0,0,1,1,0,0,0,1,1,0,1,0,0,0,0,1,0,1,0,0,0 : 14.0434
0,0,0,0,0,0,0,0,0,0,0,1,0,1,1,1,1,0,1,0,0,0,1,0,1,1,0,0,0,0,0,0,1,0,0,0,0,1,1 : 13.0135
0,0,1,1,0,0,0,0,1,0,1,0,0,0,1,1,1,0,0,0,0,1,0,0,0,0,0,0,0,1,0,0,1,1,0,1,1,1,0 : 13.3506
0,1,0,1,1,0,1,1,0,0,1,0,0,1,0,1,1,0,1,1,0,0,0,0,0,0,1,1,0,0,1,1,0,1,0,0,0,0,1 : 13.059
1,1,0,1,0,0,1,0,1,0,0,0,0,0,1,1,0,1,1,1,0,1,0,1,1,0,1,0,0,1,0,1,0,1,1,0,0,0,1 : 13.1543
0,0,1,1,0,0,0,1,0,0,0,0,0,0,0,0,1,0,1,1,1,1,0,1,0,0,0,0,1,0,0,0,1,0,0,0,1,1,1 : 13.2796
0,0,1,0,1,0,0,0,1,1,1,0,0,1,1,0,1,1,0,1,0,1,0,1,0,0,0,0,0,0,0,0,0,0,0,1,0,1,0 : 13.2594
1,0,1,0,0,0,1,0,0,0,0,1,0,1,1,0,1,0,0,0,0,0,0,1,1,0,1,1,0,1,0,1,1,0,0,1,1,0,0 : 13.1815
0,0,1,0,0,0,1,1,0,0,1,0,1,1,0,0,1,1,1,1,0,0,0,1,0,0,1,0,1,1,0,0,0,1,0,1,0,1,1 : 13.0004
1,0,0,1,1,1,0,0,0,1,0,0,0,0,1,1,1,1,1,0,0,1,1,0,0,1,1,0,1,0,1,1,0,1,0,1,0,0,1 : 13.2118
0,1,0,1,1,0,0,1,1,1,0,0,1,1,0,1,0,1,1,1,1,1,0,1,0,1,0,0,0,1,0,0,1,1,0,0,1,0,0 : 13.0451
0,0,1,0,1,0,0,1,1,1,0,0,1,1,0,1,0,1,1,0,0,0,1,1,0,1,1,1,0,1,0,1,1,0,0,0,1,0,0 : 15.4384
1,0,0,1,0,0,0,0,0,1,1,1,1,0,0,0,1,1,1,1,1,0,1,1,0,1,0,0,0,0,0,1,0,1,0,1,0,1,0 : 13.1283
0,0,0,0,0,0,0,1,0,0,1,0,1,1,0,0,1,1,0,0,0,0,1,0,0,0,0,1,0,1,0,0,1,1,0,1,0,1,1 : 15.5122
1,0,0,0,1,1,1,1,1,1,0,1,1,0,0,1,0,0,0,1,0,1,1,0,0,1,1,0,0,0,0,0,0,1,0,1,1,1,0 : 14.3553
0,0,0,1,0,0,1,0,0,0,1,0,1,1,1,0,0,1,1,1,0,0,0,1,0,0,1,0,0,1,0,0,0,1,0,0,0,1,1 : 13.0004
0,1,0,1,0,0,0,0,1,1,1,1,1,0,0,0,1,0,1,1,0,0,1,1,0,1,1,0,0,1,0,0,1,0,0,0,1,1,0 : 16.1022
1,1,0,1,1,0,1,0,1,1,1,0,1,1,1,1,0,0,0,0,1,1,0,1,0,1,1,1,0,1,0,0,1,0,0,1,1,1,0 : 13.1294
1,0,0,1,1,1,1,1,1,1,1,1,0,0,0,0,1,1,1,1,1,0,1,0,0,0,0,0,1,1,1,1,1,0,0,0,1,0,0 : 16.5683
1,1,0,1,0,0,0,0,1,0,1,1,0,0,1,1,1,1,0,1,0,1,0,1,0,0,1,1,0,0,1,0,1,0,0,0,0,1,1 : 13.2121
0,1,0,1,0,1,1,1,1,1,0,1,1,1,0,1,1,1,1,0,1,1,0,1,1,1,0,0,1,0,1,1,1,0,0,1,0,0,0 : 15.4335
1,1,1,0,0,1,0,0,1,0,1,1,0,0,0,1,0,0,0,0,1,1,1,0,0,1,1,0,1,0,1,0,1,1,0,0,0,0,0 : 15.6815
1,0,0,1,0,0,0,1,0,0,0,0,0,1,0,0,1,0,1,1,1,1,1,1,1,1,0,0,1,1,1,0,1,0,0,1,1,0,1 : 13.2796
1,1,1,0,1,0,0,0,0,1,0,1,1,1,0,0,1,1,0,0,0,1,1,1,0,1,1,0,0,1,0,0,1,0,0,1,0,1,0 : 13.1554
0,0,0,0,0,1,0,0,0,0,1,1,1,0,1,0,0,0,1,0,1,0,1,1,1,0,1,1,0,0,1,1,1,0,1,0,0,1,0 : 13.0686
0,1,0,0,0,0,0,1,1,1,0,0,1,1,1,1,0,1,1,1,0,0,0,0,0,1,0,0,1,1,1,1,1,0,0,0,1,1,0 : 13.0004
0,0,1,1,0,0,0,1,1,0,1,1,0,1,0,1,0,0,1,1,0,0,1,1,1,1,0,0,1,1,0,0,1,0,0,1,0,1,0 : 13.0193
1,1,0,1,1,0,0,1,1,0,1,1,1,1,0,1,1,1,1,1,0,1,0,1,0,1,0,0,0,1,1,0,1,0,0,1,0,0,0 : 13.0004
0,0,0,0,1,1,1,0,1,0,0,1,0,0,0,1,0,0,0,1,0,0,0,0,1,1,0,0,1,1,0,0,0,0,0,0,1,0,1 : 15.8986
1,0,0,0,1,0,1,0,0,0,0,1,0,0,1,1,1,0,1,1,0,1,1,1,0,1,1,0,0,1,0,0,0,1,0,0,1,1,1 : 13.0135
0,0,0,1,1,0,0,1,1,1,0,0,0,1,0,0,1,1,0,0,1,0,1,1,1,1,0,0,0,0,0,0,0,0,0,0,0,0,0 : 13.731
1,1,1,0,0,0,1,1,0,1,1,1,1,1,1,1,1,1,1,0,0,0,0,1,1,1,0,0,1,1,1,0,0,1,0,0,0,1,1 : 12.6091
1,1,1,0,0,0,1,0,1,1,1,1,0,1,1,0,1,0,0,1,1,0,0,1,0,1,0,0,0,1,0,0,1,1,0,0,1,0,1 : 13.0344
1,0,0,1,1,0,1,1,0,1,1,0,1,0,1,1,0,1,0,0,1,0,1,0,0,1,1,0,1,1,0,0,1,0,0,1,0,0,0 : 14.0434
0,0,0,1,1,0,0,0,1,0,0,0,0,0,1,0,0,1,1,1,1,1,0,0,0,0,1,0,0,0,1,0,1,1,0,1,1,1,1 : 13.0451
1,0,0,1,1,1,1,1,1,0,1,1,0,0,1,0,1,1,1,0,1,0,1,0,0,0,1,0,0,0,0,0,0,1,0,0,1,1,0 : 14.3553
0,0,0,1,1,0,0,0,0,1,1,1,1,1,0,0,1,1,0,1,1,1,1,0,1,0,1,0,0,1,0,0,1,1,0,1,0,0,0 : 12.8051
1,1,0,0,1,1,1,1,0,1,1,0,1,1,1,1,1,1,0,1,1,1,1,1,0,1,0,0,0,0,0,0,0,1,0,1,1,1,1 : 15.4335
0,0,1,0,1,0,0,0,0,1,0,1,0,0,1,0,1,1,0,1,1,0,0,1,1,0,1,1,1,0,0,0,0,0,0,1,1,0,1 : 12.8051
0,1,0,0,0,1,1,0,0,0,0,0,1,1,1,1,1,0,1,0,1,0,0,0,0,1,1,0,0,1,0,0,1,1,0,0,1,1,1 : 15.2654
1,0,0,0,0,1,1,1,0,0,1,1,0,1,1,0,0,1,0,0,0,0,1,1,0,0,1,0,0,1,1,0,0,0,0,1,1,0,1 : 13.0854
0,0,1,1,0,0,0,0,1,1,1,1,1,0,0,1,0,1,0,1,1,1,0,0,1,0,1,1,1,0,0,0,0,1,0,1,0,0,1 : 12.8051
0,1,0,1,1,0,1,1,1,1,0,1,1,1,0,1,1,0,1,0,0,1,1,0,1,1,0,0,1,0,1,0,0,1,0,1,0,1,1 : 13.1294
1,1,0,0,1,0,0,1,1,1,0,0,0,1,0,0,1,1,0,0,1,0,0,1,1,0,1,0,0,0,0,0,0,1,0,0,0,1,0 : 13.731
