1,0,0,0,1,0,0,1,0,0,0 : 199.9533
1,0,0,0,1,0,0,1,0,0,0 : 199.9533
1,0,0,0,1,0,0,1,0,0,0 : 199.9533
1,0,0,0,1,0,0,1,0,0,0 : 199.9533
1,0,0,0,0,1,0,0,1,1,0 : 200.38
1,0,0,0,0,1,0,0,1,1,0 : 200.38
1,0,0,0,0,1,0,1,1,1,0 : 201.9733
1,0,0,0,0,1,0,1,1,1,0 : 201.9733
1,0,0,0,0,1,0,1,1,1,0 : 201.9733
1,0,0,0,0,1,0,1,1,1,0 : 201.9733
1,0,0,0,0,0,1,0,1,0,0 : 203.9766
1,0,0,0,0,0,1,0,1,0,0 : 203.9766
1,0,0,0,0,0,1,0,1,0,0 : 203.9766
1,0,0,0,0,0,1,0,1,0,0 : 203.9766
1,0,0,0,0,0,1,1,1,0,0 : 204.1766
1,0,0,0,0,0,1,1,1,0,0 : 204.1766
1,0,0,0,1,1,1,0,1,0,0 : 205.7066
1,0,0,0,1,1,1,0,1,0,0 : 205.7066
1,0,0,0,1,1,1,0,1,0,0 : 205.7066
1,0,0,0,1,1,1,0,1,0,0 : 205.7066
1,0,0,0,1,1,1,0,0,0,0 : 207.2333
1,0,0,0,1,1,1,0,0,0,0 : 207.2333
1,0,0,0,1,1,1,0,0,0,0 : 207.2333
1,0,0,0,1,1,1,0,0,0,0 : 207.2333
1,0,0,1,1,0,0,0,0,1,0 : 209.84
1,0,0,1,1,0,0,0,0,1,0 : 209.84
1,0,0,1,1,0,0,1,0,1,0 : 209.84
1,0,0,1,1,0,0,0,0,1,0 : 209.84
1,0,0,1,1,0,0,0,0,1,0 : 209.84
1,0,0,1,1,0,0,1,0,1,0 : 209.84
1,0,0,1,0,1,0,0,0,0,0 : 210.5066
1,0,0,1,0,1,0,0,1,0,0 : 210.5066
1,0,0,1,0,1,0,0,0,0,0 : 210.5066
1,0,0,1,0,1,0,0,1,0,0 : 210.5066
1,0,0,1,0,1,0,0,0,0,0 : 210.5066
1,0,0,1,0,1,0,0,1,0,0 : 210.5066
1,0,0,1,0,1,0,0,0,0,0 : 210.5066
1,0,0,1,0,1,0,0,1,0,0 : 210.5066
1,0,0,1,0,1,0,1,1,1,0 : 212.0533
1,0,0,1,0,1,0,1,1,1,0 : 212.0533
1,0,0,0,0,0,0,1,0,1,1 : 214.6533
1,0,0,0,0,0,0,1,0,1,1 : 214.6533
1,0,0,0,0,0,0,1,0,1,1 : 214.6533
1,0,0,0,0,0,0,1,0,1,1 : 214.6533
1,0,0,0,1,0,1,0,0,1,1 : 214.8866
1,0,0,0,1,0,1,0,0,1,1 : 214.8866
1,0,0,0,1,1,0,1,0,1,1 : 215.1833
1,0,0,0,1,0,0,1,0,1,1 : 215.1833
1,0,0,0,1,1,0,1,0,1,1 : 215.1833
1,0,0,0,1,0,0,1,0,1,1 : 215.1833
1,0,0,0,1,0,1,0,1,0,1 : 215.8533
1,0,0,0,1,0,1,1,1,0,1 : 215.8533
1,0,0,0,1,0,1,1,1,0,1 : 215.8533
1,0,0,0,1,0,1,1,1,0,1 : 215.8533
1,0,0,0,1,0,1,0,1,0,1 : 215.8533
1,0,0,0,1,0,1,1,1,0,1 : 215.8533
1,0,0,0,1,0,1,1,1,0,1 : 215.8533
1,0,0,0,1,0,1,1,1,0,1 : 215.8533
1,0,0,1,1,1,0,1,1,0,0 : 215.9466
1,0,0,1,1,1,0,1,1,0,0 : 215.9466
1,0,0,1,1,1,0,1,1,0,0 : 215.9466
1,0,0,1,1,1,0,1,1,0,0 : 215.9466
1,0,0,1,0,1,1,1,0,0,0 : 217.2366
1,0,0,1,0,1,1,0,0,0,0 : 217.2366
1,0,0,1,0,1,1,1,0,0,0 : 217.2366
1,0,0,1,0,1,1,0,0,0,0 : 217.2366
1,0,1,0,0,0,1,0,1,0,0 : 217.2866
1,0,1,0,0,0,1,0,1,0,0 : 217.2866
1,0,0,0,1,0,1,1,1,1,1 : 218.02
1,0,0,0,1,0,0,1,1,1,1 : 218.02
1,0,0,0,1,0,1,1,1,1,1 : 218.02
1,0,0,0,1,0,0,1,1,1,1 : 218.02
1,1,0,0,0,0,0,0,0,1,0 : 219.1533
1,1,0,0,1,0,0,1,0,1,0 : 219.1533
1,1,0,0,0,0,0,0,0,1,0 : 219.1533
1,1,0,0,1,0,0,0,0,1,0 : 219.1533
1,1,0,0,1,0,0,1,1,1,0 : 219.1533
1,1,0,0,0,0,0,0,0,1,0 : 219.1533
1,1,0,0,1,0,0,1,0,1,0 : 219.1533
1,1,0,0,0,0,0,0,0,1,0 : 219.1533
1,1,0,0,1,0,0,0,0,1,0 : 219.1533
1,1,0,0,1,0,0,1,1,1,0 : 219.1533
1,0,1,0,1,0,1,0,1,1,0 : 219.3966
1,0,1,0,1,0,1,0,1,0,0 : 219.3966
1,0,1,0,1,0,1,1,1,1,0 : 219.3966
1,0,1,0,1,0,1,0,1,0,0 : 219.3966
1,0,1,0,1,0,0,0,1,0,0 : 219.3966
1,0,1,0,1,0,1,0,1,1,0 : 219.3966
1,0,1,0,1,0,1,0,1,0,0 : 219.3966
1,0,1,0,1,0,1,1,1,1,0 : 219.3966
1,0,1,0,1,0,1,0,1,0,0 : 219.3966
1,0,1,0,1,0,0,0,1,0,0 : 219.3966
1,0,1,0,1,0,0,0,0,0,0 : 221.7833
1,0,1,0,1,0,0,0,0,0,0 : 221.7833
1,1,0,0,0,1,0,0,1,1,0 : 223.0133
1,1,0,0,0,1,0,0,1,1,0 : 223.0133
1,1,0,0,0,1,0,1,0,0,0 : 223.2133
1,1,0,0,0,1,0,1,0,0,0 : 223.2133
1,0,1,0,0,1,1,1,0,1,0 : 224.1766
1,0,1,0,0,1,1,1,0,1,0 : 224.1766
