1,1,1,1,0,0,0,1,0,0,1,1,0,1,1,0,1,1,1,0,0,0,0,0,0,0 : 2986.0
1,1,1,1,0,1,0,0,1,0,1,1,0,1,1,1,1,1,1,0,0,0,0,0,0,0 : 2986.0
1,1,1,1,0,0,0,1,1,0,1,1,0,1,1,0,1,1,1,0,1,1,1,1,0,0 : 2986.0
1,1,1,1,0,0,0,1,0,0,1,1,0,1,1,0,1,1,1,0,0,0,0,0,0,0 : 2986.0
1,1,1,1,0,1,0,0,1,0,1,1,0,1,1,1,1,1,1,0,0,0,0,0,0,0 : 2986.0
1,1,1,1,0,0,0,1,1,0,1,1,0,1,1,0,1,1,1,0,1,1,1,1,0,0 : 2986.0
1,1,1,1,0,1,0,0,1,1,1,1,0,1,1,1,1,1,1,0,0,0,0,0,0,0 : 3089.0
1,1,1,1,0,1,0,0,1,1,1,1,0,1,1,1,1,1,1,0,0,0,0,0,0,0 : 3089.0
1,1,1,1,0,0,0,0,1,0,1,1,0,1,1,0,1,1,1,0,0,1,1,1,0,1 : 3106.0
1,1,1,1,0,0,0,0,1,0,1,1,0,1,1,0,1,1,1,0,0,0,1,1,0,1 : 3106.0
1,1,1,1,0,0,1,0,1,0,1,1,0,1,1,0,1,1,1,1,0,1,0,1,0,1 : 3106.0
1,1,1,1,0,0,0,0,1,0,1,1,0,1,1,0,1,1,1,0,0,1,1,1,0,1 : 3106.0
1,1,1,1,0,0,0,0,1,0,1,1,0,1,1,0,1,1,1,0,0,0,1,1,0,1 : 3106.0
1,1,1,1,0,0,1,0,1,0,1,1,0,1,1,0,1,1,1,1,0,1,0,1,0,1 : 3106.0
1,1,1,1,0,1,0,0,1,1,1,1,0,1,1,0,1,1,1,0,0,1,1,1,0,0 : 3127.0
1,1,1,1,0,0,0,0,1,1,1,1,0,1,1,0,1,1,1,0,0,1,1,1,0,0 : 3127.0
1,1,1,1,0,1,1,0,1,1,1,1,0,1,1,0,1,1,1,0,0,1,1,1,0,0 : 3127.0
1,1,1,1,0,1,0,0,1,1,1,1,0,1,1,0,1,1,1,0,0,1,1,1,0,0 : 3127.0
1,1,1,1,0,0,1,0,1,1,1,1,0,1,1,0,1,1,1,0,0,1,1,1,0,0 : 3127.0
1,1,1,1,0,0,0,0,1,1,1,1,0,1,1,0,1,1,1,0,0,1,1,1,0,0 : 3127.0
1,1,1,1,0,1,0,0,1,1,1,1,0,1,1,0,1,1,1,0,0,1,1,1,0,0 : 3127.0
1,1,1,1,0,0,0,0,1,1,1,1,0,1,1,0,1,1,1,0,0,1,1,1,0,0 : 3127.0
1,1,1,1,0,1,1,0,1,1,1,1,0,1,1,0,1,1,1,0,0,1,1,1,0,0 : 3127.0
1,1,1,1,0,1,0,0,1,1,1,1,0,1,1,0,1,1,1,0,0,1,1,1,0,0 : 3127.0
1,1,1,1,0,0,1,0,1,1,1,1,0,1,1,0,1,1,1,0,0,1,1,1,0,0 : 3127.0
1,1,1,1,0,0,0,0,1,1,1,1,0,1,1,0,1,1,1,0,0,1,1,1,0,0 : 3127.0
1,1,1,1,0,1,0,0,0,0,1,1,0,1,1,0,1,1,1,1,0,1,0,1,0,1 : 3139.0
1,1,1,1,0,1,0,0,0,0,1,1,0,1,1,0,1,1,1,1,0,1,0,1,0,1 : 3139.0
1,1,1,1,0,1,0,0,1,0,1,1,0,1,1,1,1,1,1,0,0,1,0,1,0,1 : 3185.0
1,1,1,1,0,1,0,0,1,0,1,1,0,1,1,1,1,1,1,0,0,1,0,0,0,1 : 3185.0
1,1,1,1,0,1,0,0,1,0,1,1,0,1,1,1,1,1,1,0,0,1,0,1,0,1 : 3185.0
1,1,1,1,0,1,0,0,1,0,1,1,0,1,1,1,1,1,1,0,0,1,0,1,0,1 : 3185.0
1,1,1,1,0,1,0,0,1,0,1,1,0,1,1,1,1,1,1,0,0,1,0,0,0,1 : 3185.0
1,1,1,1,0,1,0,0,1,0,1,1,0,1,1,1,1,1,1,0,0,1,0,1,0,1 : 3185.0
1,1,1,1,0,1,0,0,1,0,1,1,0,1,1,1,1,1,1,0,0,1,0,1,0,1 : 3185.0
1,1,1,1,0,1,0,0,1,0,1,1,0,1,1,1,1,1,1,0,0,1,0,1,0,1 : 3185.0
1,1,1,1,0,1,0,0,1,0,1,1,0,1,1,1,1,1,1,0,0,1,0,0,0,1 : 3185.0
1,1,1,1,0,1,0,0,1,0,1,1,0,1,1,1,1,1,1,0,0,1,0,1,0,1 : 3185.0
1,1,1,1,0,1,0,0,1,0,1,1,0,1,1,1,1,1,1,0,0,1,0,1,0,1 : 3185.0
1,1,1,1,0,1,0,0,1,0,1,1,0,1,1,1,1,1,1,0,0,1,0,0,0,1 : 3185.0
1,1,1,1,0,1,0,0,1,0,1,1,0,1,1,1,1,1,1,0,0,1,0,1,0,1 : 3185.0
1,1,1,1,0,1,0,0,1,0,1,1,0,1,1,1,1,1,1,0,0,1,0,1,0,1 : 3185.0
1,1,1,1,0,0,0,0,0,1,1,1,0,1,1,0,1,1,1,0,0,1,1,1,0,1 : 3303.0
1,1,1,1,0,0,0,0,1,1,1,1,0,1,1,0,1,1,1,0,0,1,1,1,0,1 : 3303.0
1,1,1,1,0,0,0,0,1,1,1,1,0,1,1,0,1,1,1,0,0,1,1,1,0,1 : 3303.0
1,1,1,1,0,0,0,0,0,1,1,1,0,1,1,0,1,1,1,0,0,1,1,1,0,1 : 3303.0
1,1,1,1,0,0,0,0,1,1,1,1,0,1,1,0,1,1,1,0,0,1,1,1,0,1 : 3303.0
1,1,1,1,0,0,0,0,1,1,1,1,0,1,1,0,1,1,1,0,0,1,1,1,0,1 : 3303.0
1,1,1,1,0,1,1,1,0,1,1,1,0,1,1,1,1,1,1,1,0,1,0,0,0,0 : 3341.0
1,1,1,1,0,1,1,1,0,1,1,1,0,1,1,1,1,1,1,1,0,1,0,0,0,0 : 3341.0
1,1,1,1,0,1,0,0,0,1,1,1,0,1,1,0,1,1,1,1,0,1,0,1,0,1 : 3517.0
1,1,1,1,0,1,0,0,0,1,1,1,0,1,1,0,1,1,1,1,0,1,0,1,0,1 : 3517.0
1,1,1,1,0,1,0,0,0,1,1,1,0,1,1,0,1,1,1,1,0,1,0,1,0,1 : 3517.0
1,1,1,1,0,1,0,0,0,1,1,1,0,1,1,0,1,1,1,1,0,1,0,1,0,1 : 3517.0
1,1,1,1,0,1,0,1,1,0,1,1,0,1,1,1,1,1,1,0,0,0,0,0,1,0 : 4768.0
1,1,1,1,0,0,0,1,0,0,1,1,0,1,1,1,1,1,1,0,0,0,1,0,1,0 : 4768.0
1,1,1,1,0,1,0,1,1,0,1,1,0,1,1,1,1,1,1,0,0,0,0,0,1,0 : 4768.0
1,1,1,1,0,0,0,1,0,0,1,1,0,1,1,1,1,1,1,0,0,0,1,0,1,0 : 4768.0
1,1,1,1,0,0,0,1,0,0,1,1,0,1,1,1,1,1,1,0,0,0,1,0,1,0 : 4768.0
1,1,1,1,0,1,0,1,1,0,1,1,0,1,1,1,1,1,1,0,0,0,0,0,1,0 : 4768.0
1,1,1,1,0,0,0,1,0,0,1,1,0,1,1,1,1,1,1,0,0,0,1,0,1,0 : 4768.0
1,1,1,1,0,1,0,1,1,0,1,1,0,1,1,1,1,1,1,0,0,0,0,0,1,0 : 4768.0
1,1,1,1,0,0,0,1,0,0,1,1,0,1,1,1,1,1,1,0,0,0,1,0,1,0 : 4768.0
1,1,1,1,0,0,0,1,0,0,1,1,0,1,1,1,1,1,1,0,0,0,1,0,1,0 : 4768.0
1,1,1,1,0,0,1,1,0,0,1,1,0,1,1,0,1,1,1,1,0,0,1,0,1,1 : 4880.0
1,1,1,1,0,0,1,1,0,0,1,1,0,1,1,0,1,1,1,1,0,0,1,0,1,1 : 4880.0
1,1,1,1,0,0,0,0,0,1,1,1,0,1,1,0,1,1,1,0,0,1,1,0,1,1 : 5091.0
1,1,1,1,0,0,0,1,0,1,1,1,0,1,1,0,1,1,1,0,1,1,1,0,1,1 : 5091.0
1,1,1,1,0,0,0,0,0,1,1,1,0,1,1,0,1,1,1,0,0,1,1,0,1,1 : 5091.0
1,1,1,1,0,0,0,0,1,1,1,1,0,1,1,0,1,1,1,1,0,1,1,0,1,1 : 5091.0
1,1,1,1,0,0,0,1,0,1,1,1,0,1,1,0,1,1,1,0,1,1,1,0,1,1 : 5091.0
1,1,1,1,0,0,0,0,0,1,1,1,0,1,1,0,1,1,1,0,0,1,1,0,1,1 : 5091.0
1,1,1,1,0,0,0,1,0,1,1,1,0,1,1,0,1,1,1,0,1,1,1,0,1,1 : 5091.0
1,1,1,1,0,0,0,0,0,1,1,1,0,1,1,0,1,1,1,0,0,1,1,0,1,1 : 5091.0
1,1,1,1,0,0,0,0,1,1,1,1,0,1,1,0,1,1,1,1,0,1,1,0,1,1 : 5091.0
1,1,1,1,0,0,0,1,0,1,1,1,0,1,1,0,1,1,1,0,1,1,1,0,1,1 : 5091.0
1,1,1,1,0,1,1,1,0,0,1,1,1,1,1,0,1,1,1,0,0,0,1,1,0,0 : 5194.0
1,1,1,1,0,1,1,1,0,0,1,1,1,1,1,0,1,1,1,0,0,0,1,1,0,0 : 5194.0
1,1,1,1,0,1,1,1,0,0,1,1,1,1,1,0,1,1,1,0,1,1,1,1,0,0 : 5216.0
1,1,1,1,0,1,1,1,0,0,1,1,1,1,1,0,1,1,1,0,1,1,1,1,0,0 : 5216.0
1,1,1,1,0,1,0,1,1,0,1,1,1,1,1,0,1,1,1,0,0,0,0,0,0,0 : 5220.0
1,1,1,1,0,1,0,1,0,0,1,1,1,1,1,0,1,1,1,0,1,1,1,1,0,0 : 5220.0
1,1,1,1,0,0,0,1,1,0,1,0,1,1,1,0,1,1,1,0,0,1,1,1,0,0 : 5220.0
1,1,1,1,0,1,0,1,1,0,1,0,1,1,1,0,1,1,1,0,0,1,1,1,0,0 : 5220.0
1,1,1,1,0,0,0,1,1,0,1,0,1,1,1,0,1,1,1,0,0,1,1,1,0,0 : 5220.0
1,1,1,1,0,1,0,1,1,0,1,1,1,1,1,0,1,1,1,0,0,0,0,0,0,0 : 5220.0
1,1,1,1,0,1,0,1,0,0,1,1,1,1,1,0,1,1,1,0,1,1,1,1,0,0 : 5220.0
1,1,1,1,0,0,0,1,1,0,1,0,1,1,1,0,1,1,1,0,0,1,1,1,0,0 : 5220.0
1,1,1,1,0,1,0,1,1,0,1,0,1,1,1,0,1,1,1,0,0,1,1,1,0,0 : 5220.0
1,1,1,1,0,0,0,1,1,0,1,0,1,1,1,0,1,1,1,0,0,1,1,1,0,0 : 5220.0
1,1,1,1,0,0,0,0,0,0,1,0,1,1,1,1,1,1,1,1,0,1,1,1,0,0 : 5274.0
1,1,1,1,0,0,0,0,0,0,1,0,1,1,1,1,1,1,1,1,0,1,1,1,0,0 : 5274.0
1,1,1,1,0,0,0,1,0,0,1,0,1,1,1,1,1,1,1,1,0,0,0,1,0,1 : 5338.0
1,1,1,1,0,0,0,1,1,0,1,0,1,1,1,1,1,1,1,1,0,1,0,1,0,1 : 5338.0
1,1,1,1,0,0,0,1,1,0,1,0,1,1,1,1,1,1,1,1,0,1,0,1,0,1 : 5338.0
1,1,1,1,0,1,0,1,1,0,1,0,1,1,1,1,1,1,1,1,0,1,0,1,0,1 : 5338.0
1,1,1,1,0,0,0,1,1,0,1,0,1,1,1,1,1,1,1,1,0,1,0,1,0,1 : 5338.0
1,1,1,1,0,0,0,1,0,0,1,0,1,1,1,1,1,1,1,1,0,0,0,1,0,1 : 5338.0
1,1,1,1,0,0,0,1,1,0,1,0,1,1,1,1,1,1,1,1,0,1,0,1,0,1 : 5338.0
1,1,1,1,0,1,0,1,1,0,1,0,1,1,1,1,1,1,1,1,0,1,0,1,0,1 : 5338.0
