0,1,0,0,0,0,0,1,1,0,0,0,0,1,0,0,0,1 : 0.3651
0,1,0,0,0,0,0,1,1,0,0,0,0,1,0,0,0,1 : 0.3651
0,1,0,0,1,0,0,1,1,0,0,0,0,1,0,0,0,1 : 0.3664
0,1,0,0,1,0,0,1,1,0,0,0,0,1,0,0,0,1 : 0.3664
0,1,0,0,1,0,0,1,1,0,0,0,0,1,0,0,0,1 : 0.3664
0,1,0,0,1,0,0,1,1,0,0,0,0,1,0,0,0,1 : 0.3664
0,1,0,0,1,0,0,1,1,0,0,0,0,1,0,0,0,1 : 0.3664
0,1,0,0,1,0,0,1,1,0,0,0,0,1,0,0,0,1 : 0.3664
0,1,0,1,1,1,0,1,1,0,0,0,0,1,0,0,0,1 : 0.3688
0,1,0,1,1,1,0,1,1,0,0,0,0,1,0,0,0,1 : 0.3688
0,1,0,1,1,1,0,1,1,0,0,0,0,1,1,0,0,0 : 0.3688
0,1,0,1,1,1,0,1,1,0,0,0,0,1,0,0,0,1 : 0.3688
0,1,0,1,1,1,0,1,1,0,0,0,0,1,0,0,0,1 : 0.3688
0,1,0,1,1,1,0,1,1,0,0,0,0,1,1,0,0,0 : 0.3688
0,1,1,1,1,0,1,1,1,0,0,0,0,1,0,0,0,1 : 0.3826
0,1,1,1,1,0,1,1,1,0,0,0,0,1,0,0,0,1 : 0.3826
0,1,0,1,1,0,1,1,1,0,0,0,0,1,0,0,1,0 : 0.383
0,1,0,1,1,0,1,1,1,0,0,0,0,1,0,1,0,0 : 0.383
0,1,0,1,1,0,1,1,1,0,0,0,0,1,0,0,1,0 : 0.383
0,1,0,1,1,0,1,1,1,0,0,0,0,1,0,1,0,0 : 0.383
0,1,0,0,0,0,1,1,1,0,0,0,0,1,0,0,0,1 : 0.3861
0,1,0,0,0,0,1,1,1,0,0,0,0,1,0,0,0,1 : 0.3861
0,1,0,1,1,1,1,1,1,0,0,0,0,1,0,0,1,0 : 0.387
0,1,0,1,1,1,1,1,1,0,0,0,0,1,0,0,1,0 : 0.387
0,1,0,1,0,1,1,1,1,0,0,0,0,1,1,0,0,0 : 0.3943
0,1,0,1,0,1,1,1,1,0,0,0,0,1,1,0,0,0 : 0.3943
0,0,1,1,0,1,0,1,0,1,0,0,0,1,0,0,0,1 : 0.4439
0,0,1,1,0,1,0,1,0,1,0,0,0,1,0,0,0,1 : 0.4439
0,0,1,0,0,0,0,1,0,1,0,0,0,1,0,0,1,0 : 0.4478
0,0,1,0,0,0,0,1,0,1,0,0,0,1,0,0,1,0 : 0.4478
0,0,0,1,0,1,0,1,0,1,0,0,0,1,0,1,0,0 : 0.4526
0,0,0,1,0,1,0,1,0,1,0,0,0,1,0,1,0,0 : 0.4526
0,0,1,0,0,0,1,1,0,1,0,0,0,1,0,0,1,0 : 0.4638
0,0,1,0,0,0,1,1,0,1,0,0,0,1,0,0,1,0 : 0.4638
0,0,0,0,0,1,1,1,0,1,0,0,0,1,0,0,0,1 : 0.4676
0,0,0,0,0,1,1,1,0,1,0,0,0,1,0,0,0,1 : 0.4676
0,0,1,1,0,0,0,1,0,0,1,0,0,1,0,1,0,0 : 0.4971
0,0,1,1,0,0,0,1,0,0,1,0,0,1,0,1,0,0 : 0.4971
0,0,0,0,1,1,0,1,0,0,1,0,0,1,0,0,0,1 : 0.5015
0,0,0,0,1,1,0,1,0,0,1,0,0,1,0,0,0,1 : 0.5015
0,0,0,0,1,1,0,1,0,0,1,0,0,1,0,0,0,1 : 0.5015
0,0,0,0,1,1,0,1,0,0,1,0,0,1,0,0,0,1 : 0.5015
0,0,1,1,0,0,1,1,0,0,1,0,0,1,0,0,0,1 : 0.5153
0,0,1,1,0,0,1,1,0,0,1,0,0,1,0,0,0,1 : 0.5153
0,0,1,1,0,0,1,1,0,0,1,0,0,1,0,0,0,1 : 0.5153
0,0,1,1,0,0,1,1,0,0,1,0,0,1,0,0,0,1 : 0.5153
0,0,1,1,0,0,1,1,1,0,0,0,0,1,0,1,0,0 : 0.5171
0,0,1,1,0,0,1,1,1,0,0,0,0,1,0,1,0,0 : 0.5171
0,1,0,1,1,0,0,1,0,1,0,0,0,1,0,1,0,0 : 0.524
0,1,0,1,1,0,0,1,0,1,0,0,0,1,0,1,0,0 : 0.524
0,1,0,1,1,0,0,1,0,1,0,0,0,1,0,1,0,0 : 0.524
0,1,0,1,1,0,0,1,0,1,0,0,0,1,0,1,0,0 : 0.524
0,1,0,1,1,0,1,1,0,1,0,0,0,1,0,0,1,0 : 0.5247
0,1,0,0,1,1,1,1,0,1,0,0,0,1,0,0,0,1 : 0.5247
0,1,0,0,1,1,1,1,0,1,0,0,0,1,0,0,0,1 : 0.5247
0,1,0,1,1,0,1,1,0,1,0,0,0,1,0,0,1,0 : 0.5247
0,1,0,0,1,1,1,1,0,1,0,0,0,1,0,0,0,1 : 0.5247
0,1,0,0,1,1,1,1,0,1,0,0,0,1,0,0,0,1 : 0.5247
0,0,0,0,1,0,1,1,1,0,0,0,0,1,0,1,0,0 : 0.5268
0,0,0,0,1,0,1,1,1,0,0,0,0,1,0,1,0,0 : 0.5268
0,0,0,0,1,0,1,1,1,0,0,0,0,1,0,1,0,0 : 0.5268
0,0,0,0,1,0,1,1,1,0,0,0,0,1,0,1,0,0 : 0.5268
0,1,1,1,0,1,0,1,0,1,0,0,0,1,0,0,0,1 : 0.5282
0,1,1,1,0,1,1,1,0,1,0,0,0,1,1,0,0,0 : 0.5282
0,1,1,1,0,1,0,1,0,1,0,0,0,1,0,0,0,1 : 0.5282
0,1,1,1,0,1,1,1,0,1,0,0,0,1,1,0,0,0 : 0.5282
0,1,1,0,1,1,1,1,0,1,0,0,0,1,0,0,1,0 : 0.5354
0,1,1,0,1,1,1,1,0,1,0,0,0,1,0,0,1,0 : 0.5354
0,1,1,0,1,1,1,1,0,1,0,0,0,1,0,0,1,0 : 0.5354
0,1,1,0,1,1,1,1,0,1,0,0,0,1,0,0,1,0 : 0.5354
0,1,1,1,0,0,1,1,0,1,0,0,0,1,0,0,1,0 : 0.5388
0,1,1,1,0,0,0,1,0,1,0,0,0,1,1,0,0,0 : 0.5388
0,1,1,1,0,0,1,1,0,1,0,0,0,1,0,0,1,0 : 0.5388
0,1,1,1,0,0,1,1,0,1,0,0,0,1,0,0,1,0 : 0.5388
0,1,1,1,0,0,0,1,0,1,0,0,0,1,1,0,0,0 : 0.5388
0,1,1,1,0,0,1,1,0,1,0,0,0,1,0,0,1,0 : 0.5388
0,0,0,0,0,0,1,1,0,0,0,1,0,1,1,0,0,0 : 0.6433
0,0,0,0,0,0,1,1,0,0,0,1,0,1,1,0,0,0 : 0.6433
0,0,0,0,0,0,1,1,0,0,0,1,0,1,1,0,0,0 : 0.6433
0,0,0,0,0,0,1,1,0,0,0,1,0,1,1,0,0,0 : 0.6433
0,0,1,1,1,1,1,1,0,0,0,1,0,1,0,0,1,0 : 0.6444
0,0,1,1,1,1,1,1,0,0,0,1,0,1,0,0,1,0 : 0.6444
0,0,1,1,1,1,1,1,0,0,0,1,0,1,0,0,1,0 : 0.6444
0,0,1,1,1,1,1,1,0,0,0,1,0,1,0,0,1,0 : 0.6444
0,1,0,1,1,1,1,1,0,0,1,0,0,1,0,0,0,1 : 0.7548
0,1,0,1,1,1,1,1,0,0,1,0,0,1,0,0,0,1 : 0.7548
0,1,0,1,1,1,1,1,0,0,1,0,0,1,0,0,0,1 : 0.7548
0,1,0,1,1,1,1,1,0,0,1,0,0,1,0,0,0,1 : 0.7548
0,0,0,0,1,1,0,1,0,0,0,0,1,1,0,1,0,0 : 0.917
0,0,0,0,1,1,0,1,0,0,0,0,1,1,0,1,0,0 : 0.917
0,0,1,0,1,0,0,1,0,0,0,0,1,1,0,1,0,0 : 0.9206
0,0,1,0,1,0,0,1,0,0,0,0,1,1,0,1,0,0 : 0.9206
0,0,1,0,1,0,0,1,0,0,0,0,1,1,0,1,0,0 : 0.9206
0,0,1,0,1,0,0,1,0,0,0,0,1,1,0,1,0,0 : 0.9206
0,0,1,1,0,1,1,1,0,0,0,0,1,1,1,0,0,0 : 0.9567
0,0,1,1,0,1,1,1,0,0,0,0,1,1,1,0,0,0 : 0.9567
0,1,0,0,1,1,1,1,0,0,0,1,0,1,1,0,0,0 : 1.2462
0,1,1,0,0,1,1,1,0,0,0,1,0,1,0,1,0,0 : 1.2462
0,1,1,0,0,1,1,1,0,0,0,1,0,1,0,1,0,0 : 1.2462
0,1,0,0,1,1,1,1,0,0,0,1,0,1,1,0,0,0 : 1.2462
