1,1,0,1,1,1,1,0,0 : 840.0
1,1,0,0,1,1,1,0,0 : 840.0
1,1,0,1,0,1,1,0,0 : 840.0
1,1,0,0,1,0,0,0,0 : 930.0
1,1,0,1,1,1,1,0,1 : 870.0
1,0,1,1,0,1,0,0,1 : 1020.0
1,1,0,0,1,1,1,0,0 : 840.0
1,1,1,0,1,0,1,0,1 : 870.0
1,1,0,1,0,1,1,0,0 : 840.0
1,1,0,0,1,1,1,0,0 : 840.0
1,1,0,0,1,1,1,0,0 : 840.0
1,1,0,1,1,1,1,0,0 : 840.0
1,1,0,0,0,1,1,0,0 : 840.0
1,1,1,1,0,0,1,0,1 : 870.0
1,1,0,0,0,1,0,0,1 : 900.0
1,1,0,0,0,1,1,0,0 : 840.0
1,1,1,0,1,1,1,0,1 : 870.0
1,1,0,1,1,1,1,0,0 : 840.0
1,1,0,0,1,1,1,0,0 : 840.0
1,1,1,0,1,0,1,0,1 : 870.0
1,1,1,1,0,0,1,0,1 : 870.0
1,1,1,1,1,0,1,0,1 : 870.0
1,0,1,1,1,1,0,0,1 : 1020.0
1,1,0,0,0,1,0,0,0 : 900.0
1,1,0,0,1,1,1,0,0 : 840.0
1,1,0,0,1,0,0,0,1 : 930.0
1,0,1,1,0,1,0,0,1 : 1020.0
1,1,0,1,0,1,1,0,0 : 840.0
1,1,0,1,1,0,0,0,1 : 930.0
1,1,0,1,0,1,1,0,0 : 840.0
1,1,0,0,0,1,1,0,0 : 840.0
1,1,0,1,1,0,1,0,1 : 930.0
1,1,0,0,0,1,1,0,1 : 900.0
1,1,1,1,1,0,1,0,1 : 870.0
1,1,0,0,0,1,1,0,0 : 840.0
1,1,1,1,1,0,1,0,1 : 870.0
1,1,0,0,0,1,0,0,1 : 900.0
1,1,0,0,1,1,0,0,1 : 900.0
1,1,0,0,0,1,0,0,1 : 900.0
1,1,0,0,0,1,1,0,1 : 900.0
1,1,0,1,0,1,1,0,0 : 840.0
1,1,0,0,0,1,0,0,0 : 900.0
1,1,0,0,0,1,0,0,0 : 900.0
1,1,0,0,1,1,0,0,1 : 900.0
1,0,1,1,1,0,0,0,1 : 1020.0
1,1,1,1,0,0,1,0,1 : 870.0
1,1,0,0,0,1,1,0,0 : 840.0
1,1,0,0,0,1,1,0,0 : 840.0
1,1,0,0,0,1,1,0,0 : 840.0
1,1,0,1,1,1,1,0,0 : 840.0
1,1,0,0,0,1,0,0,1 : 900.0
1,1,0,0,0,1,1,0,0 : 840.0
1,1,0,0,1,1,1,0,0 : 840.0
1,1,0,0,1,0,1,0,0 : 930.0
1,1,0,1,0,1,1,0,0 : 840.0
1,1,1,0,0,0,1,0,1 : 870.0
1,1,0,0,1,1,1,0,0 : 840.0
1,1,0,1,1,0,1,0,0 : 930.0
1,1,0,0,0,1,1,0,0 : 840.0
1,1,0,1,0,1,0,0,0 : 930.0
1,1,1,1,0,0,1,0,1 : 870.0
1,1,0,0,0,1,1,0,0 : 840.0
1,1,0,0,1,1,1,0,0 : 840.0
1,1,0,1,1,1,1,0,0 : 840.0
1,1,0,0,1,1,1,0,0 : 840.0
1,0,0,0,0,1,1,0,0 : 990.0
1,0,0,0,0,1,0,0,0 : 1080.0
1,0,0,1,0,1,1,0,0 : 1050.0
1,1,0,0,0,1,1,0,0 : 840.0
1,1,1,0,1,1,1,0,1 : 870.0
1,1,0,0,1,1,0,0,0 : 900.0
1,1,1,1,0,0,1,0,1 : 870.0
1,0,0,0,0,1,1,0,1 : 990.0
1,1,0,0,1,1,1,0,0 : 840.0
1,1,0,1,1,1,1,0,1 : 870.0
1,1,1,0,0,0,1,0,1 : 870.0
1,1,1,0,1,1,1,0,1 : 870.0
1,1,0,0,0,1,1,0,0 : 840.0
1,1,0,0,1,1,0,0,1 : 900.0
1,1,0,0,0,1,0,0,0 : 900.0
1,1,0,1,0,1,1,0,0 : 840.0
1,1,0,1,0,1,1,0,0 : 840.0
1,1,0,1,0,1,1,0,1 : 870.0
1,1,0,1,1,1,1,0,0 : 840.0
1,1,1,0,1,0,1,0,1 : 870.0
1,1,0,1,1,1,1,0,0 : 840.0
1,1,0,1,0,1,1,0,0 : 840.0
1,1,0,0,1,1,0,0,0 : 900.0
1,1,0,0,1,1,1,0,0 : 840.0
1,1,0,0,0,1,0,0,0 : 900.0
1,0,0,0,0,1,1,0,0 : 990.0
1,1,0,0,1,1,0,0,1 : 900.0
1,1,0,0,0,1,1,0,0 : 840.0
1,1,0,0,1,1,1,0,0 : 840.0
1,1,1,0,0,0,1,0,1 : 870.0
1,1,0,0,1,1,0,0,1 : 900.0
1,1,0,0,1,1,1,0,0 : 840.0
1,0,1,1,0,1,0,0,1 : 1020.0
1,0,1,1,0,1,0,0,1 : 1020.0
1,0,1,1,0,1,0,0,1 : 1020.0
