1,1,1,0,0,0,0,0,1,1,0,0,1,1,0,0 : 244.23
1,1,1,0,0,0,0,0,1,1,0,0,1,1,0,0 : 244.23
1,1,1,1,0,0,0,0,1,1,0,0,1,1,0,0 : 244.23
1,1,1,0,0,0,0,0,1,1,0,0,1,1,0,0 : 244.23
1,1,1,0,0,0,0,0,1,1,0,0,1,1,0,0 : 244.23
1,1,1,1,0,0,0,0,1,1,0,0,1,1,0,0 : 244.23
1,1,1,1,0,0,1,1,1,1,0,0,1,1,0,0 : 244.353
1,1,1,1,0,0,1,1,1,1,0,0,1,1,0,0 : 244.353
1,1,1,1,0,0,1,1,1,1,0,0,1,1,0,0 : 244.353
1,1,1,1,0,0,1,1,1,1,0,0,1,1,0,0 : 244.353
1,1,1,0,0,0,0,0,1,0,0,1,1,1,0,0 : 247.483
1,1,1,0,0,0,0,0,1,0,0,1,1,1,0,0 : 247.483
1,1,1,0,0,0,0,0,1,0,0,1,1,1,0,0 : 247.483
1,1,1,0,0,0,0,0,1,0,0,1,1,1,0,0 : 247.483
1,1,1,0,0,0,0,0,1,0,0,1,1,1,0,0 : 247.483
1,1,1,0,0,0,0,0,1,0,0,1,1,1,0,0 : 247.483
1,1,1,1,0,0,0,0,1,0,0,1,1,1,0,0 : 247.483
1,1,1,0,0,0,0,0,1,0,0,1,1,1,0,0 : 247.483
1,1,1,0,0,0,0,0,1,0,0,1,1,1,0,0 : 247.483
1,1,1,0,0,0,0,0,1,0,0,1,1,1,0,0 : 247.483
1,1,1,0,0,0,0,0,1,0,0,1,1,1,0,0 : 247.483
1,1,1,0,0,0,0,0,1,0,0,1,1,1,0,0 : 247.483
1,1,1,0,0,0,0,0,1,0,0,1,1,1,0,0 : 247.483
1,1,1,1,0,0,0,0,1,0,0,1,1,1,0,0 : 247.483
1,1,1,0,1,0,0,1,1,1,0,0,1,1,0,0 : 249.607
1,1,1,0,1,0,0,1,1,1,0,0,1,1,0,0 : 249.607
1,1,1,0,1,0,0,1,1,1,0,0,1,1,0,0 : 249.607
1,1,1,0,1,0,0,1,1,1,0,0,1,1,0,0 : 249.607
1,1,1,0,1,0,1,1,1,1,0,0,1,1,0,0 : 249.607
1,1,1,0,1,0,0,1,1,1,0,0,1,1,0,0 : 249.607
1,1,1,0,1,0,0,1,1,1,0,0,1,1,0,0 : 249.607
1,1,1,0,1,0,0,1,1,1,0,0,1,1,0,0 : 249.607
1,1,1,0,1,0,0,1,1,1,0,0,1,1,0,0 : 249.607
1,1,1,0,1,0,0,1,1,1,0,0,1,1,0,0 : 249.607
1,1,1,0,1,0,0,1,1,1,0,0,1,1,0,0 : 249.607
1,1,1,0,1,0,0,1,1,1,0,0,1,1,0,0 : 249.607
1,1,1,0,1,0,0,1,1,1,0,0,1,1,0,0 : 249.607
1,1,1,0,1,0,1,1,1,1,0,0,1,1,0,0 : 249.607
1,1,1,0,1,0,0,1,1,1,0,0,1,1,0,0 : 249.607
1,1,1,0,1,0,0,1,1,1,0,0,1,1,0,0 : 249.607
1,1,1,0,1,0,0,1,1,1,0,0,1,1,0,0 : 249.607
1,1,1,0,1,0,0,1,1,1,0,0,1,1,0,0 : 249.607
1,1,1,1,1,0,0,0,1,0,0,1,1,1,0,0 : 252.78
1,1,1,1,1,0,0,0,1,0,0,1,1,1,0,0 : 252.78
1,1,1,0,1,0,0,0,1,0,0,1,1,1,0,0 : 252.963
1,1,1,0,1,0,0,0,1,0,0,1,1,1,0,0 : 252.963
1,1,1,0,1,0,1,0,1,0,0,1,1,1,0,0 : 252.963
1,1,1,0,1,0,1,1,1,0,0,1,1,1,0,0 : 252.963
1,1,1,0,1,0,1,1,1,0,0,1,1,1,0,0 : 252.963
1,1,1,0,1,0,1,1,1,0,0,1,1,1,0,0 : 252.963
1,1,1,0,1,0,1,0,1,0,0,1,1,1,0,0 : 252.963
1,1,1,0,1,0,1,1,1,0,0,1,1,1,0,0 : 252.963
1,1,1,0,1,0,1,0,1,0,0,1,1,1,0,0 : 252.963
1,1,1,0,1,0,1,1,1,0,0,1,1,1,0,0 : 252.963
1,1,1,0,1,0,0,0,1,0,0,1,1,1,0,0 : 252.963
1,1,1,0,1,0,0,0,1,0,0,1,1,1,0,0 : 252.963
1,1,1,0,1,0,1,0,1,0,0,1,1,1,0,0 : 252.963
1,1,1,0,1,0,1,1,1,0,0,1,1,1,0,0 : 252.963
1,1,1,0,1,0,1,1,1,0,0,1,1,1,0,0 : 252.963
1,1,1,0,1,0,1,1,1,0,0,1,1,1,0,0 : 252.963
1,1,1,0,1,0,1,0,1,0,0,1,1,1,0,0 : 252.963
1,1,1,0,1,0,1,1,1,0,0,1,1,1,0,0 : 252.963
1,1,1,0,1,0,1,0,1,0,0,1,1,1,0,0 : 252.963
1,1,1,0,1,0,1,1,1,0,0,1,1,1,0,0 : 252.963
1,1,0,1,0,0,0,0,1,1,0,0,1,1,0,0 : 254.033
1,1,0,1,0,0,0,0,1,1,0,0,1,1,0,0 : 254.033
1,1,0,1,0,0,0,0,1,1,0,0,1,1,0,0 : 254.033
1,1,0,1,0,0,0,0,1,1,0,0,1,1,0,0 : 254.033
1,1,0,0,0,0,0,0,1,1,0,0,1,1,0,0 : 254.587
1,1,0,0,0,0,0,0,1,1,0,0,1,1,0,0 : 254.587
1,1,0,0,0,0,0,0,1,1,0,0,1,1,0,0 : 254.587
1,1,0,0,0,0,0,0,1,1,0,0,1,1,0,0 : 254.587
1,1,0,0,0,0,0,0,1,1,0,0,1,1,0,0 : 254.587
1,1,0,0,0,0,0,0,1,1,0,0,1,1,0,0 : 254.587
1,1,0,0,0,0,0,0,1,1,0,0,1,1,0,0 : 254.587
1,1,0,0,0,0,0,0,1,1,0,0,1,1,0,0 : 254.587
1,1,0,1,0,0,0,1,1,0,1,0,1,1,0,0 : 256.32
1,1,0,1,0,0,0,1,1,0,1,0,1,1,0,0 : 256.32
1,1,0,1,0,0,0,1,1,0,1,0,1,1,0,0 : 256.32
1,1,0,1,0,0,0,1,1,0,1,0,1,1,0,0 : 256.32
1,1,0,0,0,0,0,1,1,0,1,0,1,1,0,0 : 256.32
1,1,0,1,0,0,0,1,1,0,1,0,1,1,0,0 : 256.32
1,1,0,1,0,0,0,1,1,0,1,0,1,1,0,0 : 256.32
1,1,0,0,0,0,0,1,1,0,1,0,1,1,0,0 : 256.32
1,1,0,0,0,0,0,1,1,0,1,0,1,1,0,0 : 256.32
1,1,0,1,0,0,0,1,1,0,1,0,1,1,0,0 : 256.32
1,1,0,1,0,0,0,1,1,0,1,0,1,1,0,0 : 256.32
1,1,0,0,0,0,0,1,1,0,1,0,1,1,0,0 : 256.32
1,1,0,1,0,0,0,1,1,0,1,0,1,1,0,0 : 256.32
1,1,0,1,0,0,0,1,1,0,1,0,1,1,0,0 : 256.32
1,1,0,0,0,0,0,1,1,0,1,0,1,1,0,0 : 256.32
1,1,0,1,0,0,0,1,1,0,1,0,1,1,0,0 : 256.32
1,1,0,0,0,0,0,1,1,0,1,0,1,1,0,0 : 256.32
1,1,0,1,0,0,0,1,1,0,1,0,1,1,0,0 : 256.32
1,1,0,1,0,0,0,1,1,0,1,0,1,1,0,0 : 256.32
1,1,0,0,0,0,0,1,1,0,1,0,1,1,0,0 : 256.32
1,1,0,0,0,0,0,1,1,0,1,0,1,1,0,0 : 256.32
1,1,0,0,0,0,0,1,1,0,1,0,1,1,0,0 : 256.32
1,1,0,1,0,0,0,1,1,0,1,0,1,1,0,0 : 256.32
1,1,0,1,0,0,0,1,1,0,1,0,1,1,0,0 : 256.32
