1,1,0,0,1,0,0,0,1,1,0,0,1,0,0,0,1,1,1,1,1,1,1,1,0,1,0,1,1,0,0,0,1,0,0,1,1,1,0 : 12.7139
0,1,0,0,0,0,0,1,1,0,0,0,1,1,1,1,0,1,1,1,1,1,0,1,0,1,0,0,1,1,1,1,1,0,0,0,1,0,0 : 12.7139
1,1,0,0,1,0,0,0,0,0,0,0,1,0,0,0,0,1,1,1,1,1,1,1,0,1,0,1,1,0,0,0,1,0,0,1,1,1,1 : 12.7139
0,1,0,0,0,0,0,0,0,1,0,0,1,0,0,1,1,1,1,1,1,1,1,1,0,1,0,0,1,0,0,0,1,0,0,1,1,1,1 : 12.7139
0,0,0,0,0,0,0,1,1,0,0,0,1,1,1,1,0,1,1,1,1,1,0,1,0,1,0,0,1,1,1,1,1,0,0,0,1,0,0 : 12.7139
0,0,0,0,1,0,0,0,0,0,1,0,0,0,1,0,0,1,1,1,1,0,0,0,0,1,1,0,0,0,1,0,0,0,0,1,1,1,1 : 12.7139
1,1,0,0,1,0,0,0,1,1,0,0,1,0,0,0,1,1,1,1,1,1,1,1,0,1,0,1,1,0,0,0,1,0,0,1,1,1,0 : 12.7139
0,1,0,0,0,0,0,1,1,0,0,0,1,1,1,1,0,1,1,1,1,1,0,1,0,1,0,0,1,1,1,1,1,0,0,0,1,0,0 : 12.7139
1,1,0,0,1,0,0,0,0,0,0,0,1,0,0,0,0,1,1,1,1,1,1,1,0,1,0,1,1,0,0,0,1,0,0,1,1,1,1 : 12.7139
0,1,0,0,0,0,0,0,0,1,0,0,1,0,0,1,1,1,1,1,1,1,1,1,0,1,0,0,1,0,0,0,1,0,0,1,1,1,1 : 12.7139
0,0,0,0,0,0,0,1,1,0,0,0,1,1,1,1,0,1,1,1,1,1,0,1,0,1,0,0,1,1,1,1,1,0,0,0,1,0,0 : 12.7139
0,0,0,0,1,0,0,0,0,0,1,0,0,0,1,0,0,1,1,1,1,0,0,0,0,1,1,0,0,0,1,0,0,0,0,1,1,1,1 : 12.7139
0,0,0,1,1,0,0,0,0,0,1,1,1,1,0,0,0,1,0,1,1,1,1,0,1,0,1,0,0,1,1,0,1,1,0,1,0,0,0 : 12.8051
1,0,0,1,0,0,0,0,0,0,1,1,1,0,0,1,1,1,0,1,1,0,0,1,0,0,0,0,0,0,0,1,0,1,0,1,0,1,0 : 12.8051
0,0,0,1,1,0,0,0,0,1,0,1,0,1,0,0,1,1,0,1,1,1,1,1,1,0,1,0,0,1,0,0,1,1,0,1,0,0,0 : 12.8051
0,0,0,1,1,0,0,0,0,0,1,1,1,1,0,0,1,1,0,1,1,1,1,0,1,0,1,0,0,1,1,0,1,1,0,1,0,0,0 : 12.8051
1,0,0,1,0,0,0,0,1,0,0,1,1,0,0,1,1,1,0,1,1,0,0,1,0,0,0,0,0,0,0,1,0,1,0,1,0,1,0 : 12.8051
0,0,0,1,1,0,0,0,0,0,1,1,1,1,0,0,1,1,0,1,1,1,1,1,1,0,1,0,0,1,0,0,1,1,0,1,0,1,0 : 12.8051
0,0,0,1,1,0,0,0,0,1,1,1,1,1,0,0,1,1,0,1,1,1,1,1,1,0,1,0,0,1,0,0,1,1,0,1,0,0,0 : 12.8051
0,0,0,1,1,0,1,0,0,0,1,1,1,1,0,0,1,1,0,1,1,1,1,0,1,0,1,0,0,1,1,0,1,1,0,1,0,0,0 : 12.8051
1,0,0,1,0,0,0,0,0,0,1,1,1,1,0,1,1,1,0,1,1,0,0,1,0,0,0,0,0,0,0,1,0,1,0,1,0,1,0 : 12.8051
0,0,0,0,1,0,0,0,0,0,1,1,1,1,0,0,1,1,0,1,1,1,1,1,1,0,1,0,0,1,0,0,1,1,0,1,0,0,0 : 12.8051
0,0,0,1,1,0,0,0,0,0,1,1,1,1,0,0,0,1,0,1,1,1,1,0,1,0,1,0,0,1,1,0,1,1,0,1,0,0,0 : 12.8051
1,0,0,1,0,0,0,0,0,0,1,1,1,0,0,1,1,1,0,1,1,0,0,1,0,0,0,0,0,0,0,1,0,1,0,1,0,1,0 : 12.8051
0,0,0,1,1,0,0,0,0,1,0,1,0,1,0,0,1,1,0,1,1,1,1,1,1,0,1,0,0,1,0,0,1,1,0,1,0,0,0 : 12.8051
0,0,0,1,1,0,0,0,0,0,1,1,1,1,0,0,1,1,0,1,1,1,1,0,1,0,1,0,0,1,1,0,1,1,0,1,0,0,0 : 12.8051
1,0,0,1,0,0,0,0,1,0,0,1,1,0,0,1,1,1,0,1,1,0,0,1,0,0,0,0,0,0,0,1,0,1,0,1,0,1,0 : 12.8051
0,0,0,1,1,0,0,0,0,0,1,1,1,1,0,0,1,1,0,1,1,1,1,1,1,0,1,0,0,1,0,0,1,1,0,1,0,1,0 : 12.8051
0,0,0,1,1,0,0,0,0,1,1,1,1,1,0,0,1,1,0,1,1,1,1,1,1,0,1,0,0,1,0,0,1,1,0,1,0,0,0 : 12.8051
0,0,0,1,1,0,1,0,0,0,1,1,1,1,0,0,1,1,0,1,1,1,1,0,1,0,1,0,0,1,1,0,1,1,0,1,0,0,0 : 12.8051
1,0,0,1,0,0,0,0,0,0,1,1,1,1,0,1,1,1,0,1,1,0,0,1,0,0,0,0,0,0,0,1,0,1,0,1,0,1,0 : 12.8051
0,0,0,0,1,0,0,0,0,0,1,1,1,1,0,0,1,1,0,1,1,1,1,1,1,0,1,0,0,1,0,0,1,1,0,1,0,0,0 : 12.8051
0,0,1,0,0,0,1,0,1,0,0,0,1,1,1,1,1,1,0,1,0,1,0,0,0,1,0,1,0,1,0,0,0,1,0,0,0,0,1 : 13.0004
0,0,1,0,0,0,1,0,1,0,0,0,1,1,1,1,0,1,0,1,0,1,0,0,0,1,0,0,0,1,0,0,1,0,1,0,0,0,1 : 13.0004
0,0,1,0,0,0,1,0,1,1,0,0,1,1,1,1,0,1,0,1,0,1,0,0,0,1,0,0,0,1,0,0,0,1,0,1,0,1,1 : 13.0004
0,0,1,0,0,0,1,0,1,1,0,0,1,1,1,1,0,1,0,1,0,1,0,0,0,1,0,1,0,1,0,0,0,0,0,1,0,0,1 : 13.0004
0,0,1,0,0,0,1,0,1,0,0,0,1,1,1,1,0,1,0,1,0,1,0,0,0,1,0,0,1,1,0,0,0,0,1,0,0,0,1 : 13.0004
0,0,0,0,0,0,1,0,1,0,0,0,1,1,1,1,1,1,0,1,0,1,0,0,0,1,0,1,0,1,0,0,0,0,0,0,0,0,1 : 13.0004
0,0,1,0,0,0,1,0,1,0,0,0,1,1,1,1,0,1,0,1,0,1,0,0,0,1,0,0,0,1,0,0,0,0,1,0,0,0,1 : 13.0004
0,0,1,0,0,0,1,0,1,1,0,0,1,1,1,1,0,1,0,1,0,1,0,0,0,1,0,1,0,1,0,0,0,1,0,1,0,1,1 : 13.0004
0,0,1,0,0,0,1,0,1,0,0,0,1,0,1,1,0,1,0,1,0,1,0,0,0,1,0,0,0,1,0,0,0,0,1,0,0,0,1 : 13.0004
0,0,1,0,0,0,1,0,1,1,0,0,1,1,1,1,0,1,0,1,0,0,0,0,0,1,0,1,0,1,0,0,0,1,0,1,0,0,1 : 13.0004
0,0,1,0,0,0,1,0,1,0,0,0,1,1,1,1,1,1,0,1,0,1,0,0,0,1,0,1,0,1,0,0,0,1,0,0,0,0,1 : 13.0004
0,0,1,0,0,0,1,0,1,0,0,0,1,1,1,1,0,1,0,1,0,1,0,0,0,1,0,0,0,1,0,0,1,0,1,0,0,0,1 : 13.0004
0,0,1,0,0,0,1,0,1,1,0,0,1,1,1,1,0,1,0,1,0,1,0,0,0,1,0,0,0,1,0,0,0,1,0,1,0,1,1 : 13.0004
0,0,1,0,0,0,1,0,1,1,0,0,1,1,1,1,0,1,0,1,0,1,0,0,0,1,0,1,0,1,0,0,0,0,0,1,0,0,1 : 13.0004
0,0,1,0,0,0,1,0,1,0,0,0,1,1,1,1,0,1,0,1,0,1,0,0,0,1,0,0,1,1,0,0,0,0,1,0,0,0,1 : 13.0004
0,0,0,0,0,0,1,0,1,0,0,0,1,1,1,1,1,1,0,1,0,1,0,0,0,1,0,1,0,1,0,0,0,0,0,0,0,0,1 : 13.0004
0,0,1,0,0,0,1,0,1,0,0,0,1,1,1,1,0,1,0,1,0,1,0,0,0,1,0,0,0,1,0,0,0,0,1,0,0,0,1 : 13.0004
0,0,1,0,0,0,1,0,1,1,0,0,1,1,1,1,0,1,0,1,0,1,0,0,0,1,0,1,0,1,0,0,0,1,0,1,0,1,1 : 13.0004
0,0,1,0,0,0,1,0,1,0,0,0,1,0,1,1,0,1,0,1,0,1,0,0,0,1,0,0,0,1,0,0,0,0,1,0,0,0,1 : 13.0004
0,0,1,0,0,0,1,0,1,1,0,0,1,1,1,1,0,1,0,1,0,0,0,0,0,1,0,1,0,1,0,0,0,1,0,1,0,0,1 : 13.0004
1,1,0,1,1,0,0,0,0,0,0,0,0,1,1,1,0,0,0,0,0,0,1,1,0,1,0,1,0,1,0,0,1,1,0,0,0,1,1 : 13.0193
1,1,0,1,1,0,0,0,0,0,0,0,0,1,1,1,0,0,0,0,0,0,1,1,0,1,0,0,0,1,0,0,1,1,0,0,0,1,1 : 13.0193
1,1,0,1,1,0,0,0,0,0,0,0,0,1,1,1,0,0,0,0,0,0,1,1,0,1,0,1,0,1,0,0,1,1,0,0,0,1,1 : 13.0193
1,1,0,1,1,0,0,0,0,0,0,0,0,1,1,1,0,0,0,0,0,0,1,1,0,1,0,0,0,1,0,0,1,1,0,0,0,1,1 : 13.0193
0,1,0,1,1,0,1,1,1,0,0,0,0,1,1,0,1,0,1,1,0,0,1,0,0,0,1,1,0,0,1,1,0,1,0,0,0,0,1 : 13.0372
0,1,0,1,1,0,1,1,1,0,0,0,0,1,1,0,1,0,1,1,0,0,0,0,0,0,1,1,0,0,1,1,0,1,0,0,0,0,1 : 13.0372
0,1,0,1,1,0,1,1,1,0,0,0,0,1,1,0,1,0,1,1,0,0,1,0,0,0,1,1,0,0,1,1,0,1,0,0,0,0,1 : 13.0372
0,1,0,1,1,0,1,1,1,0,0,0,0,1,1,0,1,0,1,1,0,0,0,0,0,0,1,1,0,0,1,1,0,1,0,0,0,0,1 : 13.0372
0,1,0,0,1,0,0,0,1,0,0,1,0,0,1,0,0,0,1,1,1,0,0,1,0,1,0,1,0,1,0,1,0,1,0,0,1,1,0 : 13.0405
0,1,0,0,1,0,0,0,1,0,0,1,0,0,1,0,0,0,1,1,1,0,0,1,0,1,0,1,0,1,0,1,0,1,0,0,1,1,0 : 13.0405
0,1,0,1,0,0,0,0,0,1,0,0,1,0,0,1,1,1,1,1,1,1,1,1,0,1,0,0,1,0,0,0,1,0,0,1,1,1,1 : 13.0451
1,0,0,1,0,0,0,1,1,0,0,0,0,1,1,1,1,1,1,1,1,1,0,1,0,1,0,1,0,0,1,0,1,1,1,0,1,0,0 : 13.0451
1,0,0,1,1,0,0,1,1,0,1,0,0,0,0,0,0,1,1,1,1,1,0,0,0,0,1,0,0,0,1,0,0,1,0,0,1,0,1 : 13.0451
1,0,0,1,1,0,0,0,0,0,1,0,0,0,1,0,0,1,1,1,1,0,1,1,0,0,1,0,0,0,0,0,0,1,0,1,1,1,1 : 13.0451
1,1,0,1,1,0,0,0,1,0,1,0,0,0,1,0,0,1,1,1,1,1,1,0,0,0,1,1,0,0,1,0,0,1,0,1,1,1,1 : 13.0451
1,0,0,1,1,0,0,0,1,0,1,0,0,0,1,0,0,1,1,1,1,1,0,0,0,0,1,0,0,0,1,0,0,1,0,0,1,1,1 : 13.0451
1,0,0,1,1,0,0,0,1,0,1,0,0,0,1,0,0,1,1,1,1,0,1,0,0,0,1,0,1,0,1,0,0,1,0,1,1,1,1 : 13.0451
1,0,0,1,0,0,0,1,1,0,0,0,0,0,0,1,1,1,1,1,1,1,0,1,0,1,0,1,0,0,1,0,1,1,0,0,1,0,0 : 13.0451
1,0,0,1,1,0,0,0,0,0,1,0,0,0,1,0,0,1,1,1,1,0,0,0,0,0,1,0,0,0,1,0,0,1,0,1,1,1,1 : 13.0451
1,0,0,1,1,0,0,0,1,1,1,0,0,0,1,0,0,1,1,1,1,1,0,0,0,0,1,0,0,0,1,0,0,1,0,1,1,1,1 : 13.0451
1,0,0,1,0,0,0,0,0,1,1,0,1,0,0,1,1,1,1,1,1,1,1,1,0,0,0,0,0,0,0,1,0,1,0,1,0,0,0 : 13.0451
0,1,0,1,0,0,0,0,0,1,0,0,1,0,0,1,1,1,1,1,1,1,1,1,0,1,0,0,1,0,0,0,1,0,0,1,1,1,1 : 13.0451
1,0,0,1,0,0,0,1,1,0,0,0,0,1,1,1,1,1,1,1,1,1,0,1,0,1,0,1,0,0,1,0,1,1,1,0,1,0,0 : 13.0451
1,0,0,1,1,0,0,1,1,0,1,0,0,0,0,0,0,1,1,1,1,1,0,0,0,0,1,0,0,0,1,0,0,1,0,0,1,0,1 : 13.0451
1,0,0,1,1,0,0,0,0,0,1,0,0,0,1,0,0,1,1,1,1,0,1,1,0,0,1,0,0,0,0,0,0,1,0,1,1,1,1 : 13.0451
1,1,0,1,1,0,0,0,1,0,1,0,0,0,1,0,0,1,1,1,1,1,1,0,0,0,1,1,0,0,1,0,0,1,0,1,1,1,1 : 13.0451
1,0,0,1,1,0,0,0,1,0,1,0,0,0,1,0,0,1,1,1,1,1,0,0,0,0,1,0,0,0,1,0,0,1,0,0,1,1,1 : 13.0451
1,0,0,1,1,0,0,0,1,0,1,0,0,0,1,0,0,1,1,1,1,0,1,0,0,0,1,0,1,0,1,0,0,1,0,1,1,1,1 : 13.0451
1,0,0,1,0,0,0,1,1,0,0,0,0,0,0,1,1,1,1,1,1,1,0,1,0,1,0,1,0,0,1,0,1,1,0,0,1,0,0 : 13.0451
1,0,0,1,1,0,0,0,0,0,1,0,0,0,1,0,0,1,1,1,1,0,0,0,0,0,1,0,0,0,1,0,0,1,0,1,1,1,1 : 13.0451
1,0,0,1,1,0,0,0,1,1,1,0,0,0,1,0,0,1,1,1,1,1,0,0,0,0,1,0,0,0,1,0,0,1,0,1,1,1,1 : 13.0451
1,0,0,1,0,0,0,0,0,1,1,0,1,0,0,1,1,1,1,1,1,1,1,1,0,0,0,0,0,0,0,1,0,1,0,1,0,0,0 : 13.0451
0,1,0,1,1,0,1,1,0,0,1,0,0,0,1,1,1,0,1,1,0,0,1,1,0,0,1,1,0,0,1,0,0,1,0,0,0,1,1 : 13.059
0,1,0,1,1,0,1,1,0,0,1,0,0,1,1,1,1,0,1,1,0,0,1,1,0,0,1,1,0,0,1,0,0,1,0,0,0,0,1 : 13.059
0,1,0,1,1,0,1,1,0,0,1,0,0,0,1,1,1,0,1,1,0,0,1,1,0,0,1,1,0,0,1,0,0,1,0,0,0,1,1 : 13.059
0,1,0,1,1,0,1,1,0,0,1,0,0,1,1,1,1,0,1,1,0,0,1,1,0,0,1,1,0,0,1,0,0,1,0,0,0,0,1 : 13.059
1,1,0,1,0,0,0,0,1,1,0,1,1,0,0,1,1,1,1,1,1,0,1,0,0,0,1,0,1,1,1,0,1,0,0,0,1,0,1 : 13.0713
1,1,0,1,0,0,0,0,1,1,0,1,1,1,0,1,1,1,1,1,1,0,1,0,0,0,1,0,1,1,1,0,1,0,0,0,0,0,1 : 13.0713
1,1,0,1,0,0,0,0,1,1,0,1,1,0,0,1,1,1,1,1,1,0,1,0,0,0,1,0,1,1,1,0,1,0,0,0,1,0,1 : 13.0713
1,1,0,1,0,0,0,0,1,1,0,1,1,1,0,1,1,1,1,1,1,0,1,0,0,0,1,0,1,1,1,0,1,0,0,0,0,0,1 : 13.0713
1,0,0,0,0,0,1,1,0,0,0,1,0,1,1,0,1,0,0,0,0,0,0,1,1,0,1,0,0,1,0,1,1,0,0,0,1,0,1 : 13.1113
1,0,0,0,0,0,1,1,0,0,0,1,0,1,1,0,1,0,0,0,0,0,0,1,1,0,1,0,0,1,0,1,1,0,0,0,1,0,1 : 13.1113
1,0,0,1,0,0,0,0,0,0,1,1,1,0,0,1,1,1,1,1,1,0,1,1,0,0,0,0,1,0,0,1,0,1,0,1,0,0,0 : 13.1283
1,0,0,1,0,0,1,0,1,0,1,1,1,0,1,0,1,1,1,1,1,1,0,1,0,1,0,1,0,0,1,1,1,0,0,0,0,0,0 : 13.1283
0,0,0,1,0,0,1,0,1,0,1,1,1,0,0,1,0,1,1,1,1,1,0,1,0,0,0,1,0,0,1,1,1,0,0,0,0,0,0 : 13.1283
1,0,0,1,0,0,1,1,1,0,1,1,1,0,0,1,1,1,1,1,1,1,0,1,0,0,0,1,0,0,1,0,1,0,0,0,0,0,0 : 13.1283
1,0,0,1,0,0,1,0,1,0,1,1,1,0,0,1,0,1,1,1,1,1,0,1,0,0,0,1,0,0,1,1,1,0,0,0,0,0,0 : 13.1283
1,0,0,1,0,0,1,0,1,0,1,1,1,0,0,0,1,1,1,1,1,1,0,1,0,0,0,1,0,0,1,1,1,0,0,0,0,0,0 : 13.1283
