0,0,0,0,0,0,0,1,1,0,1,0,0,1,0,1,0,1,1,1,1,1,0,1,0,1,0,0,0,0,1,0,1,1,0,0,1,0,0 : 12.7139
0,0,0,0,0,0,0,1,0,1,1,0,0,1,0,0,1,1,1,1,1,1,0,1,0,0,0,0,1,0,1,0,0,0,0,1,0,1,1 : 12.7139
0,0,0,0,0,0,0,1,1,0,1,0,0,1,0,1,1,1,1,1,1,1,1,1,0,1,0,0,0,0,1,0,1,1,1,0,1,0,0 : 12.7139
0,0,0,0,0,0,0,1,0,0,1,0,0,1,0,1,1,1,1,1,1,1,0,1,0,0,0,0,1,0,1,0,0,0,0,1,0,1,0 : 12.7139
0,0,0,0,0,0,0,1,1,0,1,0,0,0,1,1,0,1,1,1,1,1,1,0,0,1,0,0,0,0,1,0,1,1,1,0,1,0,0 : 12.7139
0,0,0,0,0,0,0,1,1,0,1,0,0,1,0,1,0,1,1,1,1,1,0,1,0,1,0,0,0,0,1,0,1,1,0,0,1,0,0 : 12.7139
0,0,0,0,0,0,0,1,0,1,1,0,0,1,0,0,1,1,1,1,1,1,0,1,0,0,0,0,1,0,1,0,0,0,0,1,0,1,1 : 12.7139
0,0,0,0,0,0,0,1,1,0,1,0,0,1,0,1,1,1,1,1,1,1,1,1,0,1,0,0,0,0,1,0,1,1,1,0,1,0,0 : 12.7139
0,0,0,0,0,0,0,1,0,0,1,0,0,1,0,1,1,1,1,1,1,1,0,1,0,0,0,0,1,0,1,0,0,0,0,1,0,1,0 : 12.7139
0,0,0,0,0,0,0,1,1,0,1,0,0,0,1,1,0,1,1,1,1,1,1,0,0,1,0,0,0,0,1,0,1,1,1,0,1,0,0 : 12.7139
0,0,0,0,1,0,1,0,0,1,1,1,0,1,0,0,1,1,0,1,1,1,0,0,1,0,1,0,0,0,0,0,1,1,0,1,0,0,0 : 12.8051
0,0,0,1,1,0,0,0,0,1,1,1,1,1,0,0,1,1,0,1,1,1,1,0,1,0,1,0,0,0,0,0,1,1,1,1,0,0,0 : 12.8051
0,0,0,1,0,0,0,0,0,1,1,1,1,1,0,0,1,1,0,1,1,1,1,0,1,0,1,0,0,0,0,0,0,1,0,1,0,0,0 : 12.8051
0,0,0,0,1,0,1,0,0,1,1,1,0,1,0,0,1,1,0,1,1,1,0,0,1,0,1,0,0,0,0,0,1,1,0,1,0,0,0 : 12.8051
0,0,0,1,1,0,0,0,0,1,1,1,1,1,0,0,1,1,0,1,1,1,1,0,1,0,1,0,0,0,0,0,1,1,1,1,0,0,0 : 12.8051
0,0,0,1,0,0,0,0,0,1,1,1,1,1,0,0,1,1,0,1,1,1,1,0,1,0,1,0,0,0,0,0,0,1,0,1,0,0,0 : 12.8051
0,1,0,1,0,0,0,1,1,1,1,0,1,1,1,0,0,1,1,1,0,0,0,0,0,1,0,0,0,1,0,1,1,0,0,0,1,1,0 : 13.0004
0,0,0,1,0,0,1,0,0,0,1,0,1,1,1,0,0,1,1,1,0,0,0,0,0,0,1,0,1,1,1,0,0,1,1,0,0,1,0 : 13.0004
0,1,0,0,0,0,0,1,1,0,0,0,1,1,1,1,0,1,1,1,0,0,0,0,0,1,0,0,0,1,1,1,1,0,0,0,1,1,0 : 13.0004
0,1,0,1,0,0,0,1,1,1,1,0,1,1,1,0,0,1,1,1,0,0,0,0,0,1,0,0,0,1,0,1,1,0,0,0,1,1,0 : 13.0004
0,0,0,1,0,0,1,0,0,0,1,0,1,1,1,0,0,1,1,1,0,0,0,0,0,0,1,0,1,1,1,0,0,1,1,0,0,1,0 : 13.0004
0,1,0,0,0,0,0,1,1,0,0,0,1,1,1,1,0,1,1,1,0,0,0,0,0,1,0,0,0,1,1,1,1,0,0,0,1,1,0 : 13.0004
1,1,0,0,0,0,0,0,0,0,0,0,0,1,0,1,1,0,1,1,0,1,1,1,0,0,0,0,0,0,0,1,1,0,0,1,1,0,0 : 13.0015
1,1,0,0,0,0,1,0,0,1,0,0,0,1,0,1,1,0,1,1,0,1,0,1,0,0,0,0,0,0,0,1,1,0,0,1,1,0,1 : 13.0015
1,1,0,0,0,0,0,0,0,1,0,0,0,1,0,1,1,0,1,1,0,1,1,1,0,0,0,0,0,0,0,1,1,0,0,1,1,0,1 : 13.0015
1,1,0,0,0,0,0,0,0,0,0,0,0,1,0,1,1,0,1,1,0,1,1,1,0,0,0,0,0,0,0,1,1,0,0,1,1,0,0 : 13.0015
1,1,0,0,0,0,1,0,0,1,0,0,0,1,0,1,1,0,1,1,0,1,0,1,0,0,0,0,0,0,0,1,1,0,0,1,1,0,1 : 13.0015
1,1,0,0,0,0,0,0,0,1,0,0,0,1,0,1,1,0,1,1,0,1,1,1,0,0,0,0,0,0,0,1,1,0,0,1,1,0,1 : 13.0015
1,1,1,0,1,0,0,0,1,1,0,1,1,1,0,0,1,0,0,0,0,1,0,1,0,1,0,0,1,1,0,0,0,0,1,1,0,0,0 : 13.0344
1,1,1,0,1,0,0,0,1,1,0,1,1,1,0,0,1,0,0,0,0,1,0,1,0,1,0,0,1,1,0,0,0,0,1,1,0,0,0 : 13.0344
1,0,0,1,1,0,0,0,1,0,0,0,0,0,1,0,0,1,1,1,1,0,0,0,0,0,1,0,0,0,1,0,1,1,0,0,1,1,1 : 13.0451
0,0,0,1,1,0,0,0,1,0,0,0,0,0,1,0,0,1,1,1,1,0,1,0,0,0,0,0,0,0,1,0,1,1,0,1,1,1,1 : 13.0451
1,1,0,1,0,0,0,1,1,0,1,0,0,1,1,1,1,1,1,1,1,0,0,1,0,1,1,0,0,0,1,0,1,1,1,0,1,0,0 : 13.0451
1,0,0,1,1,0,0,0,1,0,0,0,0,0,1,0,0,1,1,1,1,0,0,0,0,0,1,0,0,0,1,0,1,1,0,0,1,1,1 : 13.0451
0,0,0,1,1,0,0,1,1,0,0,0,0,0,0,0,0,1,1,1,1,0,0,0,0,0,0,0,0,0,1,0,1,1,0,1,1,1,1 : 13.0451
1,0,0,1,1,0,0,0,1,0,0,0,0,0,1,0,0,1,1,1,1,0,0,0,0,0,1,0,0,0,1,0,1,1,0,0,1,1,1 : 13.0451
0,0,0,1,1,0,0,0,1,0,0,0,0,0,1,0,0,1,1,1,1,0,1,0,0,0,0,0,0,0,1,0,1,1,0,1,1,1,1 : 13.0451
1,1,0,1,0,0,0,1,1,0,1,0,0,1,1,1,1,1,1,1,1,0,0,1,0,1,1,0,0,0,1,0,1,1,1,0,1,0,0 : 13.0451
1,0,0,1,1,0,0,0,1,0,0,0,0,0,1,0,0,1,1,1,1,0,0,0,0,0,1,0,0,0,1,0,1,1,0,0,1,1,1 : 13.0451
0,0,0,1,1,0,0,1,1,0,0,0,0,0,0,0,0,1,1,1,1,0,0,0,0,0,0,0,0,0,1,0,1,1,0,1,1,1,1 : 13.0451
0,1,0,1,1,0,1,1,1,0,1,0,0,1,0,1,1,0,1,1,0,0,0,0,0,0,0,1,0,0,1,1,0,1,0,0,0,0,0 : 13.059
0,1,0,1,1,0,1,1,1,0,1,0,0,1,1,1,1,0,1,1,0,0,0,0,0,0,1,1,0,0,1,1,0,1,0,0,0,0,1 : 13.059
0,1,0,1,1,0,1,1,1,0,1,0,0,1,0,1,1,0,1,1,0,0,0,1,0,0,0,1,0,0,1,1,0,1,0,0,0,1,0 : 13.059
0,1,0,1,1,0,1,1,1,0,1,0,0,1,1,1,1,0,1,1,0,0,0,0,0,0,1,1,0,0,1,1,0,1,0,0,0,0,1 : 13.059
0,1,0,1,1,0,1,1,0,0,1,0,1,1,0,1,1,0,1,1,0,0,0,0,0,0,1,1,0,0,1,1,0,1,0,0,0,0,1 : 13.059
0,1,0,1,1,0,1,1,1,0,1,0,0,1,0,1,1,0,1,1,0,0,0,0,0,0,0,1,0,0,1,1,0,1,0,0,0,0,0 : 13.059
0,1,0,1,1,0,1,1,1,0,1,0,0,1,1,1,1,0,1,1,0,0,0,0,0,0,1,1,0,0,1,1,0,1,0,0,0,0,1 : 13.059
0,1,0,1,1,0,1,1,1,0,1,0,0,1,0,1,1,0,1,1,0,0,0,1,0,0,0,1,0,0,1,1,0,1,0,0,0,1,0 : 13.059
0,1,0,1,1,0,1,1,1,0,1,0,0,1,1,1,1,0,1,1,0,0,0,0,0,0,1,1,0,0,1,1,0,1,0,0,0,0,1 : 13.059
0,1,0,1,1,0,1,1,0,0,1,0,1,1,0,1,1,0,1,1,0,0,0,0,0,0,1,1,0,0,1,1,0,1,0,0,0,0,1 : 13.059
0,1,0,1,0,0,0,0,1,1,0,1,0,1,0,1,1,1,1,1,1,0,1,1,1,0,1,0,1,1,0,0,1,1,0,0,0,0,1 : 13.0713
0,1,0,1,0,0,0,0,1,1,0,1,1,1,0,1,1,1,1,1,1,0,1,0,0,0,1,0,0,1,0,0,1,1,1,0,0,0,1 : 13.0713
0,1,0,1,0,0,0,0,1,1,0,1,0,1,0,1,1,1,1,1,1,1,1,1,1,0,1,0,1,1,0,0,1,1,0,0,0,0,1 : 13.0713
0,1,0,1,0,0,0,0,1,1,0,1,0,1,0,1,1,1,1,1,1,0,1,1,1,0,1,0,1,1,0,0,1,1,0,0,0,0,1 : 13.0713
0,1,0,1,0,0,0,0,1,1,0,1,1,0,0,1,1,1,1,1,1,0,1,0,0,0,1,0,1,1,0,0,1,1,0,0,0,0,1 : 13.0713
0,1,0,1,0,0,0,0,1,1,0,1,0,0,0,1,1,1,1,1,1,0,0,0,0,0,1,0,1,1,0,0,1,1,1,0,0,0,1 : 13.0713
0,1,0,1,0,0,0,0,1,1,0,1,0,1,0,1,1,1,1,1,1,0,1,1,1,0,1,0,1,1,0,0,1,1,0,0,0,0,1 : 13.0713
0,1,0,1,0,0,0,0,1,1,0,1,1,1,0,1,1,1,1,1,1,0,1,0,0,0,1,0,0,1,0,0,1,1,1,0,0,0,1 : 13.0713
0,1,0,1,0,0,0,0,1,1,0,1,0,1,0,1,1,1,1,1,1,1,1,1,1,0,1,0,1,1,0,0,1,1,0,0,0,0,1 : 13.0713
0,1,0,1,0,0,0,0,1,1,0,1,0,1,0,1,1,1,1,1,1,0,1,1,1,0,1,0,1,1,0,0,1,1,0,0,0,0,1 : 13.0713
0,1,0,1,0,0,0,0,1,1,0,1,1,0,0,1,1,1,1,1,1,0,1,0,0,0,1,0,1,1,0,0,1,1,0,0,0,0,1 : 13.0713
0,1,0,1,0,0,0,0,1,1,0,1,0,0,0,1,1,1,1,1,1,0,0,0,0,0,1,0,1,1,0,0,1,1,1,0,0,0,1 : 13.0713
0,1,0,0,0,1,1,1,0,0,1,1,1,0,0,1,1,0,0,0,0,0,1,1,0,1,1,0,0,0,0,0,1,1,0,1,0,0,0 : 13.0854
0,1,0,0,0,1,1,1,0,1,1,1,1,0,0,1,1,0,1,0,0,0,1,1,0,0,1,0,0,0,0,0,1,1,0,1,1,1,0 : 13.0854
0,1,0,0,0,1,1,1,0,0,1,1,1,0,0,1,1,0,0,0,0,0,1,1,0,0,1,0,0,0,0,0,1,1,0,1,1,1,1 : 13.0854
0,1,0,0,0,1,1,1,0,0,1,1,1,0,0,1,1,0,0,0,0,0,1,1,0,1,1,0,0,0,0,0,1,1,0,1,0,0,0 : 13.0854
0,1,0,0,0,1,1,1,0,1,1,1,1,0,0,1,1,0,1,0,0,0,1,1,0,0,1,0,0,0,0,0,1,1,0,1,1,1,0 : 13.0854
0,1,0,0,0,1,1,1,0,0,1,1,1,0,0,1,1,0,0,0,0,0,1,1,0,0,1,0,0,0,0,0,1,1,0,1,1,1,1 : 13.0854
0,0,0,1,1,0,0,0,0,1,1,1,1,1,0,0,1,1,1,1,1,1,1,0,1,0,1,0,0,0,0,0,1,1,0,1,0,0,0 : 13.1283
0,0,0,1,1,0,0,0,0,1,1,1,1,1,0,0,1,1,1,1,1,1,1,0,1,0,1,0,0,0,0,0,1,1,0,1,0,0,0 : 13.1283
1,0,0,1,1,0,0,0,1,0,0,1,0,0,1,0,0,1,1,1,1,1,0,0,0,0,1,0,0,0,1,0,1,0,0,1,1,0,1 : 13.1283
0,0,0,0,0,0,0,0,0,1,1,1,1,0,0,0,1,1,1,1,1,1,1,1,0,1,0,0,0,0,0,1,0,1,0,0,0,1,0 : 13.1283
1,0,0,0,0,0,0,0,0,1,1,1,1,0,0,0,1,1,1,1,1,0,1,1,0,1,0,0,0,0,0,0,0,1,0,1,0,1,0 : 13.1283
1,0,0,0,0,0,0,0,0,1,1,1,1,1,0,0,1,1,1,1,1,0,1,1,0,1,0,0,0,0,0,1,0,1,0,1,0,1,0 : 13.1283
1,0,0,0,0,0,0,0,0,1,1,1,1,0,0,0,1,1,1,1,1,0,1,1,0,1,0,0,1,0,0,0,0,1,0,1,0,1,0 : 13.1283
1,0,0,0,0,0,0,0,0,1,1,1,1,0,0,0,1,1,1,1,1,1,1,1,0,1,0,0,0,0,0,1,0,1,0,1,0,1,0 : 13.1283
1,0,0,0,0,0,0,0,0,1,1,1,1,0,0,0,1,1,1,1,1,0,1,1,0,1,0,0,0,0,0,0,0,1,0,1,0,1,0 : 13.1283
1,0,0,0,0,0,0,0,0,1,1,1,0,1,0,0,1,1,1,1,1,0,1,1,0,1,0,0,0,0,0,0,0,1,0,1,0,0,0 : 13.1283
0,0,0,1,1,0,0,0,0,1,1,1,1,1,0,0,1,1,1,1,1,1,1,0,1,0,1,0,0,0,0,0,1,1,0,1,0,0,0 : 13.1283
0,0,0,1,1,0,0,0,0,1,1,1,1,1,0,0,1,1,1,1,1,1,1,0,1,0,1,0,0,0,0,0,1,1,0,1,0,0,0 : 13.1283
1,0,0,1,1,0,0,0,1,0,0,1,0,0,1,0,0,1,1,1,1,1,0,0,0,0,1,0,0,0,1,0,1,0,0,1,1,0,1 : 13.1283
0,0,0,0,0,0,0,0,0,1,1,1,1,0,0,0,1,1,1,1,1,1,1,1,0,1,0,0,0,0,0,1,0,1,0,0,0,1,0 : 13.1283
1,0,0,0,0,0,0,0,0,1,1,1,1,0,0,0,1,1,1,1,1,0,1,1,0,1,0,0,0,0,0,0,0,1,0,1,0,1,0 : 13.1283
1,0,0,0,0,0,0,0,0,1,1,1,1,1,0,0,1,1,1,1,1,0,1,1,0,1,0,0,0,0,0,1,0,1,0,1,0,1,0 : 13.1283
1,0,0,0,0,0,0,0,0,1,1,1,1,0,0,0,1,1,1,1,1,0,1,1,0,1,0,0,1,0,0,0,0,1,0,1,0,1,0 : 13.1283
1,0,0,0,0,0,0,0,0,1,1,1,1,0,0,0,1,1,1,1,1,1,1,1,0,1,0,0,0,0,0,1,0,1,0,1,0,1,0 : 13.1283
1,0,0,0,0,0,0,0,0,1,1,1,1,0,0,0,1,1,1,1,1,0,1,1,0,1,0,0,0,0,0,0,0,1,0,1,0,1,0 : 13.1283
1,0,0,0,0,0,0,0,0,1,1,1,0,1,0,0,1,1,1,1,1,0,1,1,0,1,0,0,0,0,0,0,0,1,0,1,0,0,0 : 13.1283
0,1,1,1,0,0,0,0,1,0,1,0,1,1,0,1,1,0,1,1,0,1,1,1,0,1,0,0,0,1,1,1,1,0,1,1,0,0,0 : 13.1305
0,1,1,1,0,0,0,1,1,0,1,0,1,1,1,1,1,0,1,1,0,1,1,1,0,1,0,0,0,1,1,0,1,0,1,1,0,0,0 : 13.1305
0,1,1,1,0,0,0,0,1,0,1,0,1,1,1,1,1,0,1,1,0,1,1,1,0,1,0,0,0,1,1,1,1,0,1,1,0,0,0 : 13.1305
0,1,1,1,0,0,0,0,1,0,1,0,1,1,0,1,0,0,1,1,0,1,1,0,0,1,1,0,0,1,1,0,1,0,1,1,0,0,0 : 13.1305
0,1,1,1,0,0,0,0,1,0,1,0,1,1,1,1,1,0,1,1,0,1,1,1,0,1,1,0,0,1,1,0,1,0,1,1,0,0,0 : 13.1305
0,1,1,1,0,0,0,0,1,0,1,0,1,1,0,1,1,0,1,1,0,1,1,1,0,1,0,0,0,1,1,1,1,0,1,1,0,0,0 : 13.1305
0,1,1,1,0,0,0,1,1,0,1,0,1,1,1,1,1,0,1,1,0,1,1,1,0,1,0,0,0,1,1,0,1,0,1,1,0,0,0 : 13.1305
0,1,1,1,0,0,0,0,1,0,1,0,1,1,1,1,1,0,1,1,0,1,1,1,0,1,0,0,0,1,1,1,1,0,1,1,0,0,0 : 13.1305
0,1,1,1,0,0,0,0,1,0,1,0,1,1,0,1,0,0,1,1,0,1,1,0,0,1,1,0,0,1,1,0,1,0,1,1,0,0,0 : 13.1305
0,1,1,1,0,0,0,0,1,0,1,0,1,1,1,1,1,0,1,1,0,1,1,1,0,1,1,0,0,1,1,0,1,0,1,1,0,0,0 : 13.1305
0,0,0,1,0,0,0,0,1,0,1,0,1,0,0,1,0,1,0,1,1,1,0,0,1,0,1,1,1,0,0,0,0,1,0,1,0,0,1 : 13.1433
0,0,0,1,1,0,0,0,0,1,1,0,1,1,0,0,1,1,0,1,1,1,1,0,1,0,1,0,0,0,0,0,1,1,0,1,0,0,0 : 13.1433
