1,1,1,1,1,0,0,0,1,0,1,0,1,0,1,0 : 493.893
1,1,0,1,0,0,1,1,1,1,0,0,1,0,1,0 : 366.837
1,1,0,1,0,1,1,0,1,1,0,0,1,0,0,1 : 490.473
1,0,1,1,0,0,1,0,1,1,0,0,1,0,1,0 : 380.18
1,0,1,0,0,0,1,0,1,0,1,0,1,1,0,0 : 262.17
1,0,0,0,0,0,0,0,1,0,1,0,1,0,1,0 : 445.577
1,0,1,1,0,1,0,0,1,0,0,1,1,0,0,1 : 712.87
1,0,0,1,0,1,1,1,1,1,0,0,1,1,0,0 : 305.48
1,1,0,0,0,1,0,0,1,0,0,1,1,0,0,1 : 690.463
1,0,1,0,1,1,0,1,1,1,0,0,1,1,0,0 : 299.85
1,1,0,1,0,1,0,1,1,0,1,0,1,0,1,0 : 544.74
1,1,1,1,1,0,0,0,1,0,0,1,1,1,0,0 : 252.78
1,1,0,0,0,1,1,1,1,0,1,0,1,1,0,0 : 287.037
1,0,1,0,0,0,1,0,1,0,1,0,1,0,0,1 : 490.473
1,1,0,1,0,1,1,0,1,0,0,1,1,1,0,0 : 286.353
1,1,0,1,0,0,1,1,1,0,1,0,1,0,1,0 : 368.63
1,0,0,1,0,0,0,1,1,1,0,0,1,0,1,0 : 439.02
1,1,1,0,1,0,1,1,1,0,0,1,1,0,1,0 : 433.913
1,1,0,0,0,1,1,0,1,1,0,0,1,0,0,1 : 490.473
1,1,1,0,1,0,0,0,1,0,1,0,1,1,0,0 : 251.787
1,0,0,1,0,0,1,0,1,0,1,0,1,0,0,1 : 490.473
1,0,0,0,0,1,0,1,1,0,0,1,1,0,0,1 : 726.917
1,0,1,1,0,0,0,1,1,0,1,0,1,1,0,0 : 262.233
1,1,0,0,1,0,0,1,1,0,1,0,1,0,1,0 : 493.893
1,1,1,0,0,1,0,0,1,0,1,0,1,0,1,0 : 519.583
1,0,1,1,1,1,1,1,1,1,0,0,1,1,0,0 : 295.257
1,1,0,1,1,0,1,0,1,0,1,0,1,1,0,0 : 263.847
1,1,1,0,1,1,0,1,1,0,0,1,1,0,1,0 : 519.583
1,0,1,0,0,0,1,1,1,0,1,0,1,0,0,1 : 510.857
1,1,0,0,0,1,1,0,1,0,0,1,1,1,0,0 : 287.05
1,0,1,0,0,0,1,1,1,0,1,0,1,0,0,1 : 510.857
1,1,1,0,0,0,0,1,1,0,1,0,1,0,1,0 : 439.02
1,0,1,1,0,1,1,0,1,0,1,0,1,0,0,1 : 490.473
1,1,0,1,1,1,1,1,1,0,0,1,1,0,1,0 : 433.913
1,1,1,1,0,1,1,1,1,1,0,0,1,0,1,0 : 407.757
1,1,0,1,0,0,1,1,1,0,1,0,1,0,0,1 : 510.857
1,1,0,0,0,0,0,1,1,0,1,0,1,1,0,0 : 256.32
1,1,0,0,0,0,1,0,1,0,0,1,1,1,0,0 : 258.113
1,0,0,0,0,1,1,0,1,0,1,0,1,0,0,1 : 490.473
1,0,1,0,0,1,0,0,1,1,0,0,1,0,0,1 : 712.87
1,0,1,0,1,1,1,0,1,0,1,0,1,0,1,0 : 482.04
1,1,0,1,1,0,0,1,1,0,1,0,1,0,1,0 : 493.893
1,0,1,1,0,0,1,1,1,0,1,0,1,1,0,0 : 262.17
1,0,1,0,0,1,0,1,1,0,1,0,1,0,1,0 : 519.583
1,0,1,1,1,1,1,1,1,0,0,1,1,0,0,1 : 665.293
1,0,0,0,0,0,1,1,1,0,0,1,1,1,0,0 : 271.337
1,1,0,1,1,0,0,1,1,0,1,0,1,0,1,0 : 493.893
1,1,0,1,0,0,0,0,1,0,0,1,1,1,0,0 : 257.407
1,1,1,1,1,1,1,1,1,0,0,1,1,0,0,1 : 644.357
1,1,1,0,1,0,0,0,1,0,1,0,1,0,0,1 : 705.213
1,1,0,0,0,0,1,1,1,1,0,0,1,1,0,0 : 254.707
1,1,0,0,0,0,1,1,1,0,1,0,1,1,0,0 : 256.32
1,1,1,1,0,0,1,1,1,0,0,1,1,0,1,0 : 363.56
1,0,1,1,0,0,0,1,1,0,1,0,1,1,0,0 : 262.233
1,1,1,0,1,0,0,1,1,1,0,0,1,1,0,0 : 249.607
1,1,0,1,0,0,1,1,1,0,1,0,1,0,0,1 : 510.857
1,1,1,1,1,0,1,1,1,0,0,1,1,1,0,0 : 252.78
1,1,0,1,0,0,0,0,1,0,0,1,1,1,0,0 : 257.407
1,0,0,0,1,0,0,0,1,1,0,0,1,1,0,0 : 276.103
1,1,0,0,1,1,1,1,1,0,0,1,1,1,0,0 : 291.62
1,0,0,0,1,0,1,0,1,0,0,1,1,1,0,0 : 279.097
1,1,1,1,0,1,0,1,1,0,1,0,1,0,1,0 : 536.8769
1,1,1,0,1,1,1,0,1,1,0,0,1,0,1,0 : 456.363
1,1,1,1,0,0,0,0,1,1,0,0,1,0,0,1 : 607.927
1,1,1,1,1,1,0,1,1,1,0,0,1,0,1,0 : 536.95
1,1,0,0,0,1,1,0,1,0,1,0,1,1,0,0 : 287.05
1,0,0,1,0,0,0,1,1,1,0,0,1,1,0,0 : 268.17
1,1,1,1,1,1,1,0,1,0,1,0,1,0,0,1 : 644.357
1,1,0,1,0,1,1,0,1,1,0,0,1,0,0,1 : 490.473
1,0,0,0,1,1,0,0,1,0,1,0,1,1,0,0 : 310.317
1,1,1,0,1,0,0,0,1,1,0,0,1,0,0,1 : 703.5
1,0,0,0,0,0,0,1,1,0,0,1,1,0,0,1 : 604.8869
1,1,1,0,0,0,1,0,1,1,0,0,1,1,0,0 : 244.277
1,0,0,1,0,0,0,0,1,0,1,0,1,0,1,0 : 445.577
1,0,0,0,0,0,1,1,1,0,1,0,1,0,1,0 : 382.01
1,1,1,0,1,1,0,1,1,1,0,0,1,1,0,0 : 279.15
1,0,0,0,1,0,0,0,1,1,0,0,1,1,0,0 : 276.103
1,1,1,1,0,1,0,1,1,1,0,0,1,1,0,0 : 275.4529
1,1,0,0,0,0,1,0,1,0,1,0,1,1,0,0 : 256.3399
1,1,1,0,0,1,1,1,1,0,0,1,1,0,0,1 : 576.247
1,0,1,1,0,0,1,1,1,1,0,0,1,0,0,1 : 506.88
1,1,0,1,0,0,0,1,1,0,0,1,1,1,0,0 : 257.45
1,1,0,0,1,0,1,1,1,0,1,0,1,0,1,0 : 456.363
1,0,1,1,0,0,0,1,1,0,0,1,1,1,0,0 : 263.363
1,1,1,1,1,0,0,0,1,0,1,0,1,0,0,1 : 705.453
1,0,0,0,0,0,1,1,1,1,0,0,1,0,1,0 : 380.147
1,1,0,0,1,1,1,0,1,0,0,1,1,1,0,0 : 291.62
1,1,1,0,1,0,1,1,1,0,1,0,1,0,0,1 : 610.957
1,0,1,1,1,0,1,0,1,1,0,0,1,0,1,0 : 482.59
1,1,1,0,0,1,1,1,1,0,0,1,1,0,1,0 : 407.763
1,0,1,1,1,0,0,0,1,1,0,0,1,0,0,1 : 729.3
1,1,1,0,1,0,0,1,1,1,0,0,1,0,0,1 : 703.5
1,1,0,0,1,0,1,1,1,0,1,0,1,0,0,1 : 610.957
1,1,1,1,0,0,0,1,1,0,0,1,1,0,1,0 : 439.02
1,1,1,0,0,0,1,0,1,1,0,0,1,1,0,0 : 244.277
1,1,0,0,0,1,1,0,1,0,1,0,1,0,0,1 : 490.473
1,1,1,0,0,0,0,0,1,1,0,0,1,1,0,0 : 244.23
1,0,1,0,0,0,1,0,1,0,0,1,1,0,0,1 : 555.633
1,1,1,0,0,0,1,1,1,1,0,0,1,1,0,0 : 244.333
1,1,1,1,1,1,0,1,1,1,0,0,1,0,0,1 : 775.54
