1,0,0,0,1,1,0,0,1,1,0 : 200.38
1,0,0,0,1,1,0,0,0,1,0 : 200.38
1,0,0,0,1,1,0,0,1,1,0 : 200.38
1,0,0,0,1,1,0,0,1,1,0 : 200.38
1,0,0,0,1,1,0,0,1,1,0 : 200.38
1,0,0,0,1,1,0,0,0,1,0 : 200.38
1,0,0,0,1,1,0,0,1,1,0 : 200.38
1,0,0,0,1,1,0,0,0,1,0 : 200.38
1,0,0,0,1,1,0,0,1,1,0 : 200.38
1,0,0,0,1,1,0,0,1,1,0 : 200.38
1,0,0,0,1,1,0,0,1,1,0 : 200.38
1,0,0,0,1,1,0,0,0,1,0 : 200.38
1,0,0,0,1,1,0,1,1,1,0 : 201.9733
1,0,0,0,1,1,0,1,1,1,0 : 201.9733
1,0,0,0,0,1,0,1,1,1,0 : 201.9733
1,0,0,0,1,1,0,1,1,1,0 : 201.9733
1,0,0,0,1,1,0,1,1,1,0 : 201.9733
1,0,0,0,0,1,0,1,1,1,0 : 201.9733
1,0,0,0,1,1,0,0,1,0,0 : 203.9333
1,0,0,0,0,1,0,0,1,0,0 : 203.9333
1,0,0,0,1,1,0,0,1,0,0 : 203.9333
1,0,0,0,1,1,0,0,1,0,0 : 203.9333
1,0,0,0,0,1,0,0,1,0,0 : 203.9333
1,0,0,0,1,1,0,0,1,0,0 : 203.9333
1,0,0,0,0,0,1,0,1,0,0 : 203.9766
1,0,0,0,0,0,1,0,1,0,0 : 203.9766
1,0,0,0,0,0,1,0,1,0,0 : 203.9766
1,0,0,0,0,0,1,0,1,0,0 : 203.9766
1,0,0,0,1,1,1,0,1,0,0 : 205.7066
1,0,0,0,1,1,1,0,1,0,0 : 205.7066
1,0,0,0,1,1,1,0,1,0,0 : 205.7066
1,0,0,0,1,1,1,0,1,0,0 : 205.7066
1,0,0,0,1,1,1,1,0,0,0 : 207.2333
1,0,0,0,1,1,1,1,0,0,0 : 207.2333
1,0,0,1,0,0,0,1,0,0,0 : 207.7466
1,0,0,1,0,0,0,1,0,0,0 : 207.7466
1,0,0,1,1,0,0,1,0,0,0 : 209.84
1,0,0,1,1,0,0,1,0,0,0 : 209.84
1,0,0,1,0,0,0,1,1,1,0 : 210.2366
1,0,0,1,0,0,0,1,1,1,0 : 210.2366
1,0,0,1,0,0,0,1,1,1,0 : 210.2366
1,0,0,1,0,0,0,1,1,1,0 : 210.2366
1,0,0,1,0,1,0,0,0,0,0 : 210.5066
1,0,0,1,0,1,0,0,0,0,0 : 210.5066
1,0,0,1,0,1,0,0,0,0,0 : 210.5066
1,0,0,1,0,1,0,0,0,0,0 : 210.5066
1,0,0,1,0,1,0,0,0,0,0 : 210.5066
1,0,0,1,0,1,0,0,0,0,0 : 210.5066
1,0,0,0,1,1,0,0,0,1,1 : 214.2433
1,0,0,0,1,1,0,0,0,1,1 : 214.2433
1,0,0,0,0,0,0,1,0,1,1 : 214.6533
1,0,0,0,0,0,0,1,0,1,1 : 214.6533
1,0,0,0,1,0,1,0,0,1,1 : 214.8866
1,0,0,0,1,1,1,0,0,1,1 : 214.8866
1,0,0,0,1,0,1,0,0,1,1 : 214.8866
1,0,0,0,1,0,1,0,0,1,1 : 214.8866
1,0,0,0,1,1,1,0,0,1,1 : 214.8866
1,0,0,0,1,0,1,0,0,1,1 : 214.8866
1,0,0,0,1,1,0,1,0,1,1 : 215.1833
1,0,0,0,1,1,0,1,0,1,1 : 215.1833
1,0,0,0,1,1,0,1,0,1,1 : 215.1833
1,0,0,0,1,1,0,1,0,1,1 : 215.1833
1,0,0,0,1,1,0,1,0,1,1 : 215.1833
1,0,0,0,1,1,0,1,0,1,1 : 215.1833
1,0,0,1,1,1,1,0,1,1,0 : 215.3666
1,0,0,1,1,1,1,0,0,1,0 : 215.3666
1,0,0,1,1,1,1,0,1,1,0 : 215.3666
1,0,0,1,1,1,1,0,0,1,0 : 215.3666
1,0,0,1,0,1,1,0,1,0,0 : 215.47
1,0,0,1,0,1,1,0,1,0,0 : 215.47
1,0,0,1,0,1,1,0,1,0,0 : 215.47
1,0,0,1,0,1,1,0,1,0,0 : 215.47
1,0,0,1,0,1,1,0,1,0,0 : 215.47
1,0,0,1,0,1,1,0,1,0,0 : 215.47
1,0,0,1,0,1,1,0,1,0,0 : 215.47
1,0,0,1,0,1,1,0,1,0,0 : 215.47
1,0,0,0,0,0,0,0,1,1,1 : 215.6066
1,0,0,0,0,0,1,0,1,1,1 : 215.6066
1,0,0,0,0,0,0,0,1,1,1 : 215.6066
1,0,0,0,0,0,0,1,1,1,1 : 215.6066
1,0,0,0,0,0,0,0,1,1,1 : 215.6066
1,0,0,0,0,0,1,0,1,1,1 : 215.6066
1,0,0,0,0,0,0,0,1,1,1 : 215.6066
1,0,0,0,0,0,0,1,1,1,1 : 215.6066
1,0,0,1,1,1,0,1,0,1,0 : 215.9466
1,0,0,1,1,1,0,1,0,1,0 : 215.9466
1,0,0,1,1,1,0,1,0,1,0 : 215.9466
1,0,0,1,1,1,0,1,0,1,0 : 215.9466
1,0,0,1,1,1,0,1,0,1,0 : 215.9466
1,0,0,1,1,1,0,1,0,1,0 : 215.9466
1,0,0,1,1,1,0,1,0,1,0 : 215.9466
1,0,0,1,1,1,0,1,0,1,0 : 215.9466
1,0,0,0,0,0,1,0,1,0,1 : 216.2233
1,0,0,0,0,0,1,0,1,0,1 : 216.2233
1,0,0,0,0,0,1,0,1,0,1 : 216.2233
1,0,0,0,0,0,1,0,1,0,1 : 216.2233
1,0,0,0,0,0,1,0,1,0,1 : 216.2233
1,0,0,0,0,0,1,0,1,0,1 : 216.2233
1,0,0,0,1,0,0,0,0,0,1 : 216.6366
1,0,0,0,1,0,1,0,0,0,1 : 216.6366
