1,0,1,0,0,1,1,1,0,1,1 : 234.65
1,0,0,0,1,0,1,1,1,1,0 : 202.68
1,1,0,1,0,1,0,0,1,0,0 : 233.6666
1,0,1,0,1,0,1,0,1,1,0 : 219.3966
1,1,1,0,1,0,1,1,0,1,0 : 246.0266
1,0,0,0,0,1,1,1,1,1,1 : 219.37
1,0,1,0,1,1,0,1,1,1,0 : 224.1766
1,0,0,0,1,0,1,0,0,0,0 : 207.2333
1,1,1,1,0,0,0,1,0,1,0 : 250.62
1,0,0,1,0,1,0,1,1,1,0 : 212.0533
1,1,1,1,1,1,1,1,0,1,1 : 252.6833
1,0,0,1,1,1,0,0,0,0,0 : 210.5066
1,1,1,0,1,0,0,0,0,0,1 : 249.5766
1,1,1,1,0,1,1,1,1,0,0 : 257.17
1,1,0,1,0,1,0,0,0,0,0 : 233.6666
1,0,0,0,1,0,0,1,0,0,0 : 199.9533
1,0,1,0,0,1,0,1,0,1,1 : 234.65
1,1,0,0,1,0,0,0,0,0,0 : 219.1533
1,0,0,1,0,0,0,0,0,0,0 : 207.7466
1,0,0,0,1,0,0,0,1,1,0 : 199.6833
1,0,0,1,1,1,1,1,0,1,0 : 214.48
1,0,0,1,0,1,0,1,1,1,0 : 212.0533
1,0,1,0,1,1,0,0,1,0,0 : 224.0733
1,0,0,0,1,0,0,1,0,1,0 : 199.6833
1,1,0,0,1,0,0,0,1,0,0 : 219.1533
1,1,0,1,1,1,0,1,1,0,0 : 241.8966
1,1,0,0,1,1,0,1,1,0,1 : 230.2366
1,0,0,0,1,0,0,0,0,1,0 : 199.6833
1,1,0,1,1,0,1,1,1,0,1 : 249.0866
1,1,0,1,0,1,0,1,0,0,0 : 238.62
1,0,1,1,1,1,1,1,1,0,0 : 223.52
1,0,0,1,0,0,1,0,0,1,0 : 210.7066
1,1,0,1,0,0,1,1,1,1,0 : 235.97
1,0,0,0,1,1,1,0,1,0,0 : 205.7066
1,0,0,0,1,1,1,1,1,0,0 : 205.7066
1,1,0,0,0,0,1,1,1,0,0 : 227.78
1,0,0,0,1,1,1,0,1,1,0 : 202.68
1,1,1,1,1,1,1,0,0,0,1 : 252.6833
1,0,1,0,0,0,1,0,0,0,0 : 220.4233
1,0,1,0,1,0,1,0,1,0,1 : 257.3333
1,1,0,1,1,1,0,1,0,0,0 : 241.8966
1,0,1,0,0,0,1,0,1,0,0 : 217.2866
1,0,1,1,1,0,1,0,1,1,0 : 229.56
1,1,1,1,1,1,1,1,0,0,1 : 252.6833
1,1,1,1,1,1,0,0,0,1,0 : 246.94
1,1,0,0,1,1,0,0,0,1,0 : 223.0133
1,0,1,0,1,0,1,0,1,1,0 : 219.3966
1,0,0,1,0,1,0,0,1,1,0 : 210.5066
1,0,0,0,1,1,1,1,0,1,0 : 202.68
1,1,0,0,1,0,1,1,1,0,0 : 227.78
1,0,0,0,0,1,0,0,0,1,0 : 200.38
1,0,0,0,0,1,1,0,1,1,1 : 219.37
1,0,1,1,0,1,1,0,0,0,1 : 250.2433
1,0,1,0,1,0,1,1,0,1,0 : 218.89
1,0,0,0,0,0,1,1,0,1,1 : 214.6533
1,1,0,0,0,0,0,0,1,1,0 : 219.1533
1,0,0,0,0,0,1,0,1,1,1 : 215.6066
1,0,0,0,0,0,1,1,1,1,1 : 215.6066
1,1,0,0,1,0,1,0,1,0,1 : 235.7333
1,1,0,0,0,0,0,0,1,1,0 : 219.1533
1,1,1,0,1,0,1,0,0,0,0 : 246.0266
1,1,0,1,0,1,1,1,0,0,1 : 237.3466
1,1,0,1,1,1,1,1,1,0,0 : 256.97
1,0,1,0,0,1,1,0,0,1,0 : 224.0733
1,0,0,1,0,1,0,0,1,0,0 : 210.5066
1,0,0,0,0,0,0,0,0,1,1 : 212.4466
1,1,0,0,1,1,0,0,1,0,0 : 223.0133
1,0,0,0,0,0,0,1,1,1,1 : 215.6066
1,1,0,0,1,1,1,1,0,1,0 : 225.7733
1,0,1,0,0,0,1,0,1,1,0 : 219.3866
1,0,0,0,0,1,1,1,1,0,1 : 215.19
1,0,0,0,0,1,1,0,1,0,1 : 215.19
1,0,1,0,1,0,1,0,1,1,0 : 219.3966
1,0,1,0,0,1,0,0,1,1,0 : 224.0733
1,0,0,1,0,1,0,0,1,1,0 : 210.5066
1,0,1,0,0,1,0,1,1,1,1 : 235.96
1,0,0,0,1,1,0,1,1,1,0 : 201.9733
1,0,0,1,1,0,0,1,0,1,0 : 209.84
1,0,0,1,0,1,0,0,0,1,1 : 256.06
1,1,1,1,1,0,0,1,1,1,0 : 243.7833
1,0,0,0,1,1,1,0,0,0,0 : 207.2333
1,1,1,0,0,1,1,1,0,1,0 : 240.9833
1,0,1,0,0,0,0,0,0,1,1 : 233.23
1,0,0,0,1,1,0,1,0,1,1 : 215.1833
1,1,1,0,1,0,1,0,0,1,1 : 253.5066
1,0,1,0,1,1,0,0,0,1,1 : 234.65
1,1,0,0,0,1,1,1,1,1,1 : 230.2366
1,1,0,1,0,0,0,1,1,1,0 : 235.97
1,0,0,1,1,1,1,1,1,1,0 : 214.48
1,0,0,0,0,1,0,0,1,1,0 : 200.38
1,1,0,0,0,1,1,1,1,0,0 : 224.3366
1,1,0,0,0,0,1,1,0,1,0 : 225.7733
1,0,0,0,1,0,1,1,1,1,1 : 218.02
1,0,1,0,1,1,0,1,1,0,0 : 224.1766
1,1,0,0,1,0,0,1,1,1,1 : 230.2366
1,1,0,1,1,0,1,1,1,0,1 : 249.0866
1,0,0,0,0,0,1,0,0,1,0 : 200.66
1,1,0,1,0,1,1,1,0,1,0 : 232.9566
1,1,1,0,0,1,0,1,1,1,0 : 240.9833
1,0,1,0,1,0,0,0,0,1,1 : 233.23
