1,1,1,0,0,0,1,0,1,1,0,0,1,1,0,0 : 244.277
1,1,1,0,0,0,1,0,1,1,0,0,1,1,0,0 : 244.277
1,1,1,0,0,0,1,0,1,1,0,0,1,1,0,0 : 244.277
1,1,1,0,0,0,1,0,1,1,0,0,1,1,0,0 : 244.277
1,1,1,0,0,0,1,0,1,1,0,0,1,1,0,0 : 244.277
1,1,1,0,0,0,1,0,1,1,0,0,1,1,0,0 : 244.277
1,1,1,0,0,0,1,0,1,1,0,0,1,1,0,0 : 244.277
1,1,1,0,0,0,1,0,1,1,0,0,1,1,0,0 : 244.277
1,1,1,0,0,0,0,1,1,1,0,0,1,1,0,0 : 244.303
1,1,1,0,0,0,0,1,1,1,0,0,1,1,0,0 : 244.303
1,1,1,0,0,0,0,1,1,1,0,0,1,1,0,0 : 244.303
1,1,1,0,0,0,0,1,1,1,0,0,1,1,0,0 : 244.303
1,1,1,0,0,0,0,1,1,1,0,0,1,1,0,0 : 244.303
1,1,1,0,0,0,0,1,1,1,0,0,1,1,0,0 : 244.303
1,1,1,1,0,0,0,1,1,0,1,0,1,1,0,0 : 246.273
1,1,1,1,0,0,0,1,1,0,1,0,1,1,0,0 : 246.273
1,1,1,1,0,0,0,1,1,0,1,0,1,1,0,0 : 246.273
1,1,1,1,0,0,0,1,1,0,1,0,1,1,0,0 : 246.273
1,1,1,1,0,0,0,1,1,0,0,1,1,1,0,0 : 247.507
1,1,1,0,0,0,0,1,1,0,0,1,1,1,0,0 : 247.507
1,1,1,0,0,0,0,1,1,0,0,1,1,1,0,0 : 247.507
1,1,1,1,0,0,0,1,1,0,0,1,1,1,0,0 : 247.507
1,1,1,0,0,0,0,1,1,0,0,1,1,1,0,0 : 247.507
1,1,1,0,0,0,0,1,1,0,0,1,1,1,0,0 : 247.507
1,1,1,0,1,0,1,1,1,1,0,0,1,1,0,0 : 249.607
1,1,1,0,1,0,1,1,1,1,0,0,1,1,0,0 : 249.607
1,1,1,0,1,0,0,1,1,1,0,0,1,1,0,0 : 249.607
1,1,1,0,1,0,0,1,1,1,0,0,1,1,0,0 : 249.607
1,1,1,0,1,0,1,1,1,1,0,0,1,1,0,0 : 249.607
1,1,1,0,1,0,1,1,1,1,0,0,1,1,0,0 : 249.607
1,1,1,0,1,0,0,1,1,1,0,0,1,1,0,0 : 249.607
1,1,1,0,1,0,1,1,1,1,0,0,1,1,0,0 : 249.607
1,1,1,0,1,0,1,1,1,1,0,0,1,1,0,0 : 249.607
1,1,1,0,1,0,0,1,1,1,0,0,1,1,0,0 : 249.607
1,1,1,0,1,0,0,1,1,1,0,0,1,1,0,0 : 249.607
1,1,1,0,1,0,1,1,1,1,0,0,1,1,0,0 : 249.607
1,1,1,0,1,0,1,1,1,1,0,0,1,1,0,0 : 249.607
1,1,1,0,1,0,0,1,1,1,0,0,1,1,0,0 : 249.607
1,1,1,1,1,0,1,1,1,0,0,1,1,1,0,0 : 252.78
1,1,1,1,1,0,0,1,1,0,0,1,1,1,0,0 : 252.78
1,1,1,1,1,0,1,1,1,0,0,1,1,1,0,0 : 252.78
1,1,1,1,1,0,1,1,1,0,0,1,1,1,0,0 : 252.78
1,1,1,1,1,0,1,1,1,0,0,1,1,1,0,0 : 252.78
1,1,1,1,1,0,0,1,1,0,0,1,1,1,0,0 : 252.78
1,1,1,1,1,0,1,1,1,0,0,1,1,1,0,0 : 252.78
1,1,1,1,1,0,0,1,1,0,0,1,1,1,0,0 : 252.78
1,1,1,1,1,0,1,1,1,0,0,1,1,1,0,0 : 252.78
1,1,1,1,1,0,1,1,1,0,0,1,1,1,0,0 : 252.78
1,1,1,1,1,0,1,1,1,0,0,1,1,1,0,0 : 252.78
1,1,1,1,1,0,0,1,1,0,0,1,1,1,0,0 : 252.78
1,1,1,0,1,0,1,1,1,0,0,1,1,1,0,0 : 252.963
1,1,1,0,1,0,1,1,1,0,0,1,1,1,0,0 : 252.963
1,1,1,0,1,0,0,1,1,0,0,1,1,1,0,0 : 252.963
1,1,1,0,1,0,1,1,1,0,0,1,1,1,0,0 : 252.963
1,1,1,0,1,0,1,1,1,0,0,1,1,1,0,0 : 252.963
1,1,1,0,1,0,1,1,1,0,0,1,1,1,0,0 : 252.963
1,1,1,0,1,0,1,1,1,0,0,1,1,1,0,0 : 252.963
1,1,1,0,1,0,0,1,1,0,0,1,1,1,0,0 : 252.963
1,1,1,0,1,0,1,1,1,0,0,1,1,1,0,0 : 252.963
1,1,1,0,1,0,1,1,1,0,0,1,1,1,0,0 : 252.963
1,1,1,0,1,0,1,1,1,0,0,1,1,1,0,0 : 252.963
1,1,1,0,1,0,1,1,1,0,0,1,1,1,0,0 : 252.963
1,1,1,0,1,0,0,1,1,0,0,1,1,1,0,0 : 252.963
1,1,1,0,1,0,1,1,1,0,0,1,1,1,0,0 : 252.963
1,1,1,0,1,0,1,1,1,0,0,1,1,1,0,0 : 252.963
1,1,1,0,1,0,1,1,1,0,0,1,1,1,0,0 : 252.963
1,1,1,0,1,0,1,1,1,0,0,1,1,1,0,0 : 252.963
1,1,1,0,1,0,0,1,1,0,0,1,1,1,0,0 : 252.963
1,1,1,0,1,0,1,1,1,0,0,1,1,1,0,0 : 252.963
1,1,1,0,1,0,1,1,1,0,0,1,1,1,0,0 : 252.963
1,1,0,0,0,0,1,0,1,1,0,0,1,1,0,0 : 254.587
1,1,0,0,0,0,0,0,1,1,0,0,1,1,0,0 : 254.587
1,1,0,0,0,0,0,0,1,1,0,0,1,1,0,0 : 254.587
1,1,0,0,0,0,1,0,1,1,0,0,1,1,0,0 : 254.587
1,1,0,0,0,0,0,0,1,1,0,0,1,1,0,0 : 254.587
1,1,0,0,0,0,0,0,1,1,0,0,1,1,0,0 : 254.587
1,1,0,0,0,0,0,1,1,1,0,0,1,1,0,0 : 254.707
1,1,0,0,0,0,0,1,1,1,0,0,1,1,0,0 : 254.707
1,1,0,0,0,0,0,1,1,1,0,0,1,1,0,0 : 254.707
1,1,0,0,0,0,0,1,1,1,0,0,1,1,0,0 : 254.707
1,1,0,1,0,0,0,1,1,0,1,0,1,1,0,0 : 256.32
1,1,0,0,0,0,0,1,1,0,1,0,1,1,0,0 : 256.32
1,1,0,1,0,0,0,1,1,0,1,0,1,1,0,0 : 256.32
1,1,0,0,0,0,0,1,1,0,1,0,1,1,0,0 : 256.32
1,0,1,0,0,0,0,1,1,1,0,0,1,1,0,0 : 260.38
1,0,1,0,0,0,0,0,1,1,0,0,1,1,0,0 : 260.38
1,0,1,0,0,0,0,1,1,1,0,0,1,1,0,0 : 260.38
1,0,1,0,0,0,0,0,1,1,0,0,1,1,0,0 : 260.38
1,0,1,0,0,0,1,0,1,1,0,0,1,1,0,0 : 260.38
1,0,1,0,0,0,0,0,1,1,0,0,1,1,0,0 : 260.38
1,0,1,0,0,0,0,0,1,1,0,0,1,1,0,0 : 260.38
1,0,1,0,0,0,0,0,1,1,0,0,1,1,0,0 : 260.38
1,0,1,0,0,0,1,0,1,1,0,0,1,1,0,0 : 260.38
1,0,1,0,0,0,0,0,1,1,0,0,1,1,0,0 : 260.38
1,0,1,0,0,0,1,0,1,1,0,0,1,1,0,0 : 260.38
1,0,1,0,0,0,0,0,1,1,0,0,1,1,0,0 : 260.38
1,0,1,0,0,0,0,0,1,1,0,0,1,1,0,0 : 260.38
1,0,1,0,0,0,0,0,1,1,0,0,1,1,0,0 : 260.38
1,0,1,0,0,0,0,0,1,1,0,0,1,1,0,0 : 260.38
1,0,1,0,0,0,1,0,1,1,0,0,1,1,0,0 : 260.38
