1,1,1,1,0,1,0,0,1,0,1,1,0,1,1,1,1,1,1,1,0,1,0,1,0,0 : 2986.0
1,1,1,1,0,1,0,0,1,0,1,1,0,1,1,1,1,1,1,1,0,1,0,1,0,0 : 2986.0
1,1,1,1,0,1,0,0,1,0,1,1,0,1,1,0,1,1,1,0,0,1,0,1,0,0 : 2986.0
1,1,1,1,0,1,0,0,1,0,1,1,0,1,1,1,1,1,1,1,0,1,0,0,0,0 : 2986.0
1,1,1,1,0,1,0,0,1,0,1,1,0,1,1,1,1,1,1,1,0,1,0,1,0,0 : 2986.0
1,1,1,1,0,1,0,0,1,0,1,1,0,1,1,0,1,1,1,0,0,1,0,1,0,0 : 2986.0
1,1,1,1,0,0,0,1,0,0,1,1,0,1,1,0,1,1,1,1,0,1,1,1,0,0 : 2986.0
1,1,1,1,0,1,0,0,1,0,1,1,0,1,1,1,1,1,1,1,0,1,0,1,0,0 : 2986.0
1,1,1,1,0,1,0,0,1,0,1,1,0,1,1,1,1,1,1,1,0,1,0,1,0,0 : 2986.0
1,1,1,1,0,1,0,0,1,0,1,1,0,1,1,0,1,1,1,0,0,1,0,1,0,0 : 2986.0
1,1,1,1,0,1,0,0,1,0,1,1,0,1,1,1,1,1,1,1,0,1,0,0,0,0 : 2986.0
1,1,1,1,0,1,0,0,1,0,1,1,0,1,1,1,1,1,1,1,0,1,0,1,0,0 : 2986.0
1,1,1,1,0,1,0,0,1,0,1,1,0,1,1,0,1,1,1,0,0,1,0,1,0,0 : 2986.0
1,1,1,1,0,0,0,1,0,0,1,1,0,1,1,0,1,1,1,1,0,1,1,1,0,0 : 2986.0
1,1,1,1,0,1,0,0,1,1,1,1,0,1,1,0,1,1,1,0,0,1,0,0,0,1 : 3058.0
1,1,1,1,0,1,0,0,1,1,1,1,0,1,1,0,1,1,1,0,0,1,0,0,0,1 : 3058.0
1,1,1,1,0,1,0,0,1,1,1,1,0,1,1,0,1,1,1,0,0,1,0,0,0,1 : 3058.0
1,1,1,1,0,1,0,0,1,1,1,1,0,1,1,0,1,1,1,0,0,1,0,0,0,1 : 3058.0
1,1,1,1,0,1,0,0,1,1,1,1,0,1,1,0,1,1,1,0,0,1,0,0,0,1 : 3058.0
1,1,1,1,0,1,0,0,1,1,1,1,0,1,1,0,1,1,1,0,0,1,0,0,0,1 : 3058.0
1,1,1,1,0,1,0,0,1,1,1,1,0,1,1,0,1,1,1,0,0,1,0,1,0,0 : 3127.0
1,1,1,1,0,0,0,0,1,1,1,1,0,1,1,0,1,1,1,0,0,1,0,1,0,0 : 3127.0
1,1,1,1,0,1,0,0,1,1,1,1,0,1,1,1,1,1,1,0,0,1,0,0,0,0 : 3127.0
1,1,1,1,0,1,0,0,1,1,1,1,0,1,1,0,1,1,1,0,0,1,0,1,0,0 : 3127.0
1,1,1,1,0,1,0,0,0,1,1,1,0,1,1,1,1,1,1,0,0,1,0,0,0,0 : 3127.0
1,1,1,1,0,0,0,0,1,1,1,1,0,1,1,1,1,1,1,0,0,1,0,0,0,0 : 3127.0
1,1,1,1,0,1,0,0,1,1,1,1,0,1,1,0,1,1,1,0,0,1,0,1,0,0 : 3127.0
1,1,1,1,0,0,0,0,1,1,1,1,0,1,1,0,1,1,1,0,0,1,0,1,0,0 : 3127.0
1,1,1,1,0,1,0,0,1,1,1,1,0,1,1,1,1,1,1,0,0,1,0,0,0,0 : 3127.0
1,1,1,1,0,1,0,0,1,1,1,1,0,1,1,0,1,1,1,0,0,1,0,1,0,0 : 3127.0
1,1,1,1,0,1,0,0,0,1,1,1,0,1,1,1,1,1,1,0,0,1,0,0,0,0 : 3127.0
1,1,1,1,0,0,0,0,1,1,1,1,0,1,1,1,1,1,1,0,0,1,0,0,0,0 : 3127.0
1,1,1,1,0,0,0,0,1,0,1,1,0,1,1,1,1,1,1,0,0,1,0,1,0,1 : 3185.0
1,1,1,1,0,0,0,0,1,0,1,1,0,1,1,1,1,1,1,0,0,1,0,1,0,1 : 3185.0
1,1,1,1,0,1,1,1,0,0,1,1,0,1,1,0,1,1,1,0,0,1,1,1,0,1 : 3232.0
1,1,1,1,0,0,1,1,0,0,1,1,0,1,1,0,1,1,1,0,0,1,0,1,0,1 : 3232.0
1,1,1,1,0,1,1,1,0,0,1,1,0,1,1,0,1,1,1,0,0,1,0,1,0,1 : 3232.0
1,1,1,1,0,0,1,1,0,0,1,1,0,1,1,0,1,1,1,0,0,1,1,1,0,1 : 3232.0
1,1,1,1,0,0,1,1,0,0,1,1,0,1,1,0,1,1,1,0,0,1,0,1,0,1 : 3232.0
1,1,1,1,0,1,1,1,0,0,1,1,0,1,1,0,1,1,1,0,0,1,1,1,0,1 : 3232.0
1,1,1,1,0,0,1,1,0,0,1,1,0,1,1,0,1,1,1,0,0,1,0,1,0,1 : 3232.0
1,1,1,1,0,1,1,1,0,0,1,1,0,1,1,0,1,1,1,0,0,1,0,1,0,1 : 3232.0
1,1,1,1,0,0,1,1,0,0,1,1,0,1,1,0,1,1,1,0,0,1,1,1,0,1 : 3232.0
1,1,1,1,0,0,1,1,0,0,1,1,0,1,1,0,1,1,1,0,0,1,0,1,0,1 : 3232.0
1,1,1,1,0,1,0,0,0,1,1,1,0,1,1,0,1,1,1,1,0,0,0,0,0,0 : 3336.0
1,1,1,1,0,1,0,0,0,1,1,1,0,1,1,0,1,1,1,1,0,1,1,1,0,0 : 3336.0
1,1,1,1,0,1,0,0,0,1,1,1,0,1,1,1,1,1,1,1,0,1,0,0,0,0 : 3336.0
1,1,1,1,0,1,0,0,0,1,1,1,0,1,1,1,1,1,1,1,0,0,0,0,0,0 : 3336.0
1,1,1,1,0,0,0,0,1,1,1,1,0,1,1,1,1,1,1,1,0,0,0,1,0,0 : 3336.0
1,1,1,1,0,1,0,0,0,1,1,1,0,1,1,1,1,1,1,1,0,1,0,0,0,0 : 3336.0
1,1,1,1,0,1,0,0,1,1,1,1,0,1,1,1,1,1,1,1,0,1,0,1,0,0 : 3336.0
1,1,1,1,0,1,0,0,0,1,1,1,0,1,1,0,1,1,1,1,0,0,0,0,0,0 : 3336.0
1,1,1,1,0,1,0,0,0,1,1,1,0,1,1,0,1,1,1,1,0,1,1,1,0,0 : 3336.0
1,1,1,1,0,1,0,0,0,1,1,1,0,1,1,1,1,1,1,1,0,1,0,0,0,0 : 3336.0
1,1,1,1,0,1,0,0,0,1,1,1,0,1,1,1,1,1,1,1,0,0,0,0,0,0 : 3336.0
1,1,1,1,0,0,0,0,1,1,1,1,0,1,1,1,1,1,1,1,0,0,0,1,0,0 : 3336.0
1,1,1,1,0,1,0,0,0,1,1,1,0,1,1,1,1,1,1,1,0,1,0,0,0,0 : 3336.0
1,1,1,1,0,1,0,0,1,1,1,1,0,1,1,1,1,1,1,1,0,1,0,1,0,0 : 3336.0
1,1,1,1,0,1,0,1,1,1,1,1,0,1,1,1,1,1,1,1,0,1,0,1,0,0 : 3341.0
1,1,1,1,0,0,1,1,0,1,1,1,0,1,1,0,1,1,1,1,0,0,1,1,0,0 : 3341.0
1,1,1,1,0,0,1,1,0,1,1,1,0,1,1,0,1,1,1,1,0,0,1,1,0,0 : 3341.0
1,1,1,1,0,0,1,1,0,1,1,1,0,1,1,0,1,1,1,1,0,1,1,1,0,0 : 3341.0
1,1,1,1,0,1,0,1,1,1,1,1,0,1,1,1,1,1,1,1,0,1,0,1,0,0 : 3341.0
1,1,1,1,0,0,1,1,0,1,1,1,0,1,1,0,1,1,1,1,0,0,1,1,0,0 : 3341.0
1,1,1,1,0,0,1,1,0,1,1,1,0,1,1,0,1,1,1,1,0,0,1,1,0,0 : 3341.0
1,1,1,1,0,0,1,1,0,1,1,1,0,1,1,0,1,1,1,1,0,1,1,1,0,0 : 3341.0
1,1,1,1,0,0,0,0,1,1,1,1,0,1,1,0,1,1,1,1,0,1,1,1,0,1 : 3517.0
1,1,1,1,0,1,0,0,0,1,1,1,0,1,1,1,1,1,1,1,0,0,0,0,0,1 : 3517.0
1,1,1,1,0,1,0,0,0,1,1,1,0,1,1,1,1,1,1,1,0,0,0,0,0,1 : 3517.0
1,1,1,1,0,0,0,0,1,1,1,1,0,1,1,1,1,1,1,1,0,1,1,1,0,1 : 3517.0
1,1,1,1,0,1,0,0,0,1,1,1,0,1,1,0,1,1,1,1,0,0,0,1,0,1 : 3517.0
1,1,1,1,0,1,0,0,0,1,1,1,0,1,1,1,1,1,1,1,0,0,0,0,0,1 : 3517.0
1,1,1,1,0,1,0,0,0,1,1,1,0,1,1,1,1,1,1,1,0,0,0,0,0,1 : 3517.0
1,1,1,1,0,0,0,0,1,1,1,1,0,1,1,0,1,1,1,1,0,1,1,1,0,1 : 3517.0
1,1,1,1,0,1,0,0,0,1,1,1,0,1,1,1,1,1,1,1,0,0,0,0,0,1 : 3517.0
1,1,1,1,0,1,0,0,0,1,1,1,0,1,1,1,1,1,1,1,0,0,0,0,0,1 : 3517.0
1,1,1,1,0,0,0,0,1,1,1,1,0,1,1,1,1,1,1,1,0,1,1,1,0,1 : 3517.0
1,1,1,1,0,1,0,0,0,1,1,1,0,1,1,0,1,1,1,1,0,0,0,1,0,1 : 3517.0
1,1,1,1,0,1,0,0,0,1,1,1,0,1,1,1,1,1,1,1,0,0,0,0,0,1 : 3517.0
1,1,1,1,0,1,0,0,0,1,1,1,0,1,1,1,1,1,1,1,0,0,0,0,0,1 : 3517.0
1,1,1,1,0,0,1,1,0,1,1,1,0,1,1,0,1,1,1,0,0,0,0,0,0,1 : 3605.0
1,1,1,1,0,0,1,1,0,1,1,1,0,1,1,0,1,1,1,0,0,1,0,1,0,1 : 3605.0
1,1,1,1,0,1,1,1,0,1,1,1,0,1,1,1,1,1,1,0,0,1,0,0,0,1 : 3605.0
1,1,1,1,0,1,1,1,0,1,1,1,0,1,1,1,1,1,1,0,0,1,0,1,0,1 : 3605.0
1,1,1,1,0,0,1,1,0,1,1,1,0,1,1,0,1,1,1,0,0,1,0,1,0,1 : 3605.0
1,1,1,1,0,1,1,1,0,1,1,1,0,1,1,1,1,1,1,0,0,1,0,1,0,1 : 3605.0
1,1,1,1,0,0,1,1,0,1,1,1,0,1,1,0,1,1,1,0,0,0,0,0,0,1 : 3605.0
1,1,1,1,0,0,1,1,0,1,1,1,0,1,1,0,1,1,1,0,0,1,0,1,0,1 : 3605.0
1,1,1,1,0,1,1,1,0,1,1,1,0,1,1,1,1,1,1,0,0,1,0,0,0,1 : 3605.0
1,1,1,1,0,1,1,1,0,1,1,1,0,1,1,1,1,1,1,0,0,1,0,1,0,1 : 3605.0
1,1,1,1,0,0,1,1,0,1,1,1,0,1,1,0,1,1,1,0,0,1,0,1,0,1 : 3605.0
1,1,1,1,0,1,1,1,0,1,1,1,0,1,1,1,1,1,1,0,0,1,0,1,0,1 : 3605.0
1,1,1,1,0,0,0,1,1,0,1,1,0,1,1,0,1,1,1,1,0,0,1,0,1,0 : 4787.0
1,1,1,1,0,0,0,1,1,0,1,1,0,1,1,0,1,1,1,1,0,0,1,0,1,0 : 4787.0
1,1,1,1,0,0,1,1,0,0,1,1,0,1,1,0,1,1,1,1,0,1,1,0,1,1 : 4880.0
1,1,1,1,0,0,1,1,0,0,1,1,0,1,1,0,1,1,1,1,0,1,1,0,1,1 : 4880.0
1,1,1,1,0,0,1,1,0,0,1,1,0,1,1,0,1,1,1,1,1,1,1,0,1,1 : 4880.0
1,1,1,1,0,0,1,1,0,0,1,1,0,1,1,0,1,1,1,1,0,1,1,0,1,1 : 4880.0
1,1,1,1,0,0,1,1,0,0,1,1,0,1,1,0,1,1,1,1,0,0,1,0,1,1 : 4880.0
1,1,1,1,0,0,1,1,0,0,1,1,0,1,1,0,1,1,1,1,0,0,1,0,1,1 : 4880.0
