1,1,1,0,0,0,1,0,1,1,0,0,1,1,0,0 : 244.277
1,1,1,0,0,0,1,0,1,1,0,0,1,1,0,0 : 244.277
1,1,0,0,0,0,0,1,1,0,1,0,1,1,0,0 : 256.32
1,1,0,0,0,0,0,1,1,0,1,0,1,1,0,0 : 256.32
1,1,0,0,0,0,0,0,1,0,1,0,1,1,0,0 : 256.333
1,1,0,0,0,0,0,0,1,0,1,0,1,1,0,0 : 256.333
1,1,0,1,0,0,0,1,1,0,0,1,1,1,0,0 : 257.45
1,1,0,1,0,0,0,1,1,0,0,1,1,1,0,0 : 257.45
1,0,1,0,0,0,0,0,1,1,0,0,1,1,0,0 : 260.38
1,0,1,0,0,0,0,0,1,1,0,0,1,1,0,0 : 260.38
1,1,0,0,1,0,1,1,1,0,0,1,1,1,0,0 : 263.207
1,1,0,0,1,0,1,1,1,0,0,1,1,1,0,0 : 263.207
1,1,0,0,1,0,1,1,1,0,0,1,1,1,0,0 : 263.207
1,1,0,0,1,0,1,1,1,0,0,1,1,1,0,0 : 263.207
1,1,0,0,1,0,1,1,1,0,0,1,1,1,0,0 : 263.207
1,1,0,0,1,0,1,1,1,0,0,1,1,1,0,0 : 263.207
1,0,1,1,0,0,1,1,1,0,0,1,1,1,0,0 : 263.363
1,0,1,1,0,0,1,1,1,0,0,1,1,1,0,0 : 263.363
1,0,0,0,1,0,1,0,1,0,0,1,1,1,0,0 : 279.097
1,0,0,0,1,0,1,0,1,0,0,1,1,1,0,0 : 279.097
1,1,1,0,1,1,0,1,1,1,0,0,1,1,0,0 : 279.15
1,1,1,1,1,1,1,1,1,1,0,0,1,1,0,0 : 279.15
1,1,1,0,1,1,0,1,1,1,0,0,1,1,0,0 : 279.15
1,1,1,1,1,1,1,1,1,1,0,0,1,1,0,0 : 279.15
1,1,0,0,0,1,0,0,1,0,0,1,1,1,0,0 : 287.05
1,1,0,0,0,1,1,0,1,0,1,0,1,1,0,0 : 287.05
1,1,0,0,0,1,0,0,1,0,0,1,1,1,0,0 : 287.05
1,1,0,0,0,1,1,0,1,0,1,0,1,1,0,0 : 287.05
1,0,1,0,0,1,0,1,1,1,0,0,1,1,0,0 : 299.85
1,0,1,1,0,1,0,1,1,0,1,0,1,1,0,0 : 299.85
1,0,1,1,0,1,0,1,1,0,0,1,1,1,0,0 : 299.85
1,0,1,0,0,1,0,1,1,1,0,0,1,1,0,0 : 299.85
1,0,1,1,0,1,0,1,1,0,1,0,1,1,0,0 : 299.85
1,0,1,1,0,1,0,1,1,0,0,1,1,1,0,0 : 299.85
1,0,0,0,1,1,0,0,1,1,0,0,1,1,0,0 : 305.48
1,0,0,0,1,1,0,0,1,1,0,0,1,1,0,0 : 305.48
1,0,0,1,0,1,1,1,1,0,1,0,1,1,0,0 : 310.283
1,0,0,1,0,1,1,1,1,0,1,0,1,1,0,0 : 310.283
1,0,0,0,1,1,0,0,1,0,1,0,1,1,0,0 : 310.317
1,0,0,0,1,1,0,0,1,0,1,0,1,1,0,0 : 310.317
1,0,0,0,0,1,1,1,1,0,0,1,1,1,0,0 : 310.673
1,0,0,0,0,1,1,1,1,0,0,1,1,1,0,0 : 310.673
1,1,0,1,0,0,1,1,1,0,1,0,1,0,1,0 : 368.63
1,1,0,1,0,0,1,1,1,0,1,0,1,0,1,0 : 368.63
1,0,1,1,0,0,1,1,1,0,0,1,1,0,1,0 : 380.18
1,0,1,0,0,0,1,1,1,1,0,0,1,0,1,0 : 380.18
1,0,1,1,0,0,1,1,1,0,0,1,1,0,1,0 : 380.18
1,0,1,0,0,0,1,1,1,1,0,0,1,0,1,0 : 380.18
1,0,1,0,0,0,1,0,1,0,1,0,1,0,1,0 : 382.01
1,0,1,0,0,0,1,0,1,0,1,0,1,0,1,0 : 382.01
1,1,1,1,0,1,1,1,1,1,0,0,1,0,1,0 : 407.757
1,1,1,1,0,1,1,1,1,1,0,0,1,0,1,0 : 407.757
1,1,1,0,0,1,1,0,1,0,0,1,1,0,1,0 : 407.763
1,1,1,0,0,1,1,0,1,0,0,1,1,0,1,0 : 407.763
1,1,1,0,1,0,1,1,1,0,0,1,1,0,1,0 : 433.913
1,1,1,0,1,0,1,1,1,0,0,1,1,0,1,0 : 433.913
1,1,0,1,0,0,0,1,1,0,1,0,1,0,1,0 : 439.02
1,0,0,1,0,0,0,1,1,1,0,0,1,0,1,0 : 439.02
1,1,1,0,0,0,0,1,1,0,1,0,1,0,1,0 : 439.02
1,1,0,1,0,0,0,1,1,0,1,0,1,0,1,0 : 439.02
1,0,0,1,0,0,0,1,1,1,0,0,1,0,1,0 : 439.02
1,1,1,0,0,0,0,1,1,0,1,0,1,0,1,0 : 439.02
1,0,0,0,0,0,0,0,1,0,1,0,1,0,1,0 : 445.577
1,0,0,0,0,0,0,0,1,0,1,0,1,0,1,0 : 445.577
1,1,0,0,1,1,1,1,1,1,0,0,1,0,1,0 : 456.363
1,1,0,0,1,1,1,1,1,1,0,0,1,0,1,0 : 456.363
1,0,1,0,1,1,1,0,1,1,0,0,1,0,1,0 : 482.59
1,0,1,1,1,1,1,0,1,1,0,0,1,0,1,0 : 482.59
1,0,1,0,1,1,1,0,1,1,0,0,1,0,1,0 : 482.59
1,0,1,1,1,1,1,0,1,1,0,0,1,0,1,0 : 482.59
1,0,0,1,0,0,1,0,1,0,1,0,1,0,0,1 : 490.473
1,1,1,1,0,0,1,0,1,1,0,0,1,0,0,1 : 490.473
1,0,0,1,0,0,1,0,1,0,1,0,1,0,0,1 : 490.473
1,1,1,1,0,0,1,0,1,1,0,0,1,0,0,1 : 490.473
1,1,0,0,1,0,0,1,1,0,1,0,1,0,1,0 : 493.893
1,1,0,0,1,0,0,1,1,0,1,0,1,0,1,0 : 493.893
1,0,1,0,0,0,1,1,1,0,1,0,1,0,0,1 : 510.857
1,1,1,0,0,0,1,1,1,0,1,0,1,0,0,1 : 510.857
1,1,0,1,0,0,1,1,1,0,1,0,1,0,0,1 : 510.857
1,0,0,0,0,1,1,1,1,0,1,0,1,0,0,1 : 510.857
1,0,1,0,0,0,1,1,1,0,1,0,1,0,0,1 : 510.857
1,1,1,0,0,0,1,1,1,0,1,0,1,0,0,1 : 510.857
1,1,0,1,0,0,1,1,1,0,1,0,1,0,0,1 : 510.857
1,0,0,0,0,1,1,1,1,0,1,0,1,0,0,1 : 510.857
1,1,1,1,0,1,0,1,1,0,1,0,1,0,1,0 : 536.8769
1,1,1,1,0,1,0,1,1,0,1,0,1,0,1,0 : 536.8769
1,0,1,1,0,1,0,0,1,1,0,0,1,0,1,0 : 536.95
1,1,1,1,1,1,0,1,1,1,0,0,1,0,1,0 : 536.95
1,0,1,1,0,1,0,0,1,1,0,0,1,0,1,0 : 536.95
1,1,1,1,1,1,0,1,1,1,0,0,1,0,1,0 : 536.95
1,0,1,1,0,1,1,0,1,0,0,1,1,0,0,1 : 555.633
1,1,1,1,0,1,1,0,1,0,0,1,1,0,0,1 : 555.633
1,1,1,0,0,0,1,0,1,0,0,1,1,0,0,1 : 555.633
1,0,1,1,0,1,1,0,1,0,0,1,1,0,0,1 : 555.633
1,1,1,1,0,1,1,0,1,0,0,1,1,0,0,1 : 555.633
1,1,1,0,0,0,1,0,1,0,0,1,1,0,0,1 : 555.633
1,1,1,0,0,1,1,1,1,0,0,1,1,0,0,1 : 576.247
1,1,1,0,0,1,1,1,1,0,0,1,1,0,0,1 : 576.247
1,0,0,0,1,0,1,1,1,0,1,0,1,0,0,1 : 631.053
1,0,0,0,1,0,1,1,1,0,1,0,1,0,0,1 : 631.053
