1,0,0,0,0,1,1,1,0,1,1 : 214.6533
1,0,0,0,1,0,0,1,1,1,0 : 199.6833
1,1,0,0,1,1,0,1,1,0,0 : 223.2133
1,1,1,0,0,0,1,0,1,1,0 : 240.1633
1,0,1,1,0,1,1,1,0,1,1 : 250.2433
1,0,0,0,0,1,0,1,1,0,0 : 202.9366
1,0,0,1,1,1,0,0,1,1,0 : 210.5066
1,0,0,0,1,1,0,0,1,0,1 : 213.9966
1,0,1,0,0,0,0,1,0,1,0 : 218.89
1,0,0,1,0,1,0,1,1,1,0 : 212.0533
1,0,0,1,0,0,1,1,0,0,0 : 210.7066
1,0,0,1,1,0,0,0,0,1,0 : 209.84
1,0,0,0,0,0,0,1,1,1,1 : 215.6066
1,0,0,0,0,1,0,0,0,1,0 : 200.38
1,1,0,0,0,1,0,1,1,0,0 : 223.2133
1,0,0,0,1,0,0,1,0,0,0 : 199.9533
1,0,1,0,0,0,1,1,0,0,0 : 220.4233
1,0,0,0,1,0,0,1,1,1,0 : 199.6833
1,0,0,0,1,0,0,0,0,0,0 : 201.5466
1,1,0,0,1,1,0,0,0,0,0 : 223.0133
1,0,0,1,1,1,0,0,1,1,0 : 210.5066
1,0,1,1,0,0,0,0,0,1,0 : 226.13
1,0,0,0,0,0,0,0,1,0,0 : 201.1533
1,0,0,1,1,0,0,1,0,1,0 : 209.84
1,0,0,0,1,0,0,1,0,0,0 : 199.9533
1,0,0,0,0,1,0,0,1,1,0 : 200.38
1,0,0,0,0,0,1,0,0,1,1 : 214.37
1,0,0,1,0,0,0,1,0,1,0 : 207.7466
1,0,0,1,1,1,0,0,0,1,0 : 210.5066
1,1,0,0,0,1,0,1,0,0,0 : 223.2133
1,1,1,0,1,0,1,1,1,0,0 : 239.9266
1,1,0,1,0,0,1,0,1,1,0 : 233.6666
1,1,0,1,0,0,1,1,0,1,0 : 232.9566
1,0,0,0,0,1,0,1,1,0,0 : 202.9366
1,0,0,0,1,0,1,1,1,0,0 : 205.7066
1,0,0,0,0,0,1,1,1,1,0 : 205.99
1,0,0,0,1,1,1,0,1,1,0 : 202.68
1,0,1,0,1,0,1,1,0,1,0 : 218.89
1,0,1,0,0,0,1,0,1,1,0 : 219.3866
1,0,1,0,1,0,0,1,0,0,0 : 221.7833
1,0,0,0,1,1,1,0,0,0,0 : 207.2333
1,0,0,0,0,0,0,0,1,0,0 : 201.1533
1,0,0,0,0,1,1,0,1,1,0 : 203.9766
1,0,0,0,1,1,0,1,0,0,0 : 202.9366
1,1,0,0,1,0,0,0,0,1,0 : 219.1533
1,1,0,0,1,1,0,0,1,1,0 : 223.0133
1,0,0,0,1,1,0,0,1,1,0 : 200.38
1,1,0,0,1,1,0,0,1,0,0 : 223.0133
1,0,0,0,1,1,0,0,1,1,0 : 200.38
1,0,0,0,1,0,1,1,0,1,1 : 215.1833
1,1,0,0,0,0,1,0,0,1,0 : 227.1833
1,0,0,0,1,1,1,0,1,1,0 : 202.68
1,0,0,0,1,1,0,0,0,1,0 : 200.38
1,0,0,0,1,0,0,1,1,1,1 : 218.02
1,0,0,0,0,0,1,0,0,1,0 : 200.66
1,0,0,0,1,1,0,0,1,1,0 : 200.38
1,0,1,1,0,0,0,0,0,0,0 : 226.13
1,0,0,0,1,0,0,1,1,0,1 : 213.9966
1,0,0,0,1,1,1,0,0,1,0 : 202.68
1,0,0,0,1,0,0,0,1,1,0 : 199.6833
1,0,0,0,1,1,0,0,0,1,0 : 200.38
1,1,0,1,0,1,1,1,0,0,1 : 237.3466
1,0,0,0,0,1,1,1,1,0,0 : 204.1766
1,1,1,0,1,0,0,0,1,1,0 : 244.5933
1,0,0,0,0,0,0,0,1,0,0 : 201.1533
1,0,0,0,1,0,0,1,0,1,0 : 199.6833
1,0,0,0,1,0,0,1,1,1,0 : 199.6833
1,0,0,0,0,0,0,1,0,1,0 : 199.6833
1,0,0,0,1,1,1,1,1,1,0 : 202.68
1,0,0,0,1,1,0,0,1,0,0 : 203.9333
1,0,0,0,0,1,0,0,0,0,0 : 203.9333
1,0,0,0,1,1,0,0,1,1,0 : 200.38
1,1,0,0,0,0,1,0,0,0,0 : 227.78
1,0,0,0,1,0,0,1,0,1,1 : 215.1833
1,0,1,1,1,0,0,0,1,1,0 : 227.0133
1,0,0,0,0,1,1,0,0,1,0 : 205.3633
1,0,0,0,1,0,0,1,1,1,0 : 199.6833
1,0,0,0,0,0,0,0,0,1,0 : 199.6833
1,0,0,0,0,0,0,0,1,0,1 : 213.5333
1,0,0,0,1,1,0,1,1,0,0 : 202.9366
1,0,0,0,1,0,1,0,0,1,0 : 202.68
1,1,0,0,0,0,0,1,0,1,0 : 219.1533
1,0,0,0,1,0,0,0,1,0,1 : 213.9966
1,0,0,0,0,1,0,1,0,1,1 : 214.6533
1,0,0,1,0,0,0,0,1,1,0 : 210.2366
1,1,0,0,0,0,0,0,1,1,0 : 219.1533
1,0,0,0,1,1,0,0,1,1,0 : 200.38
1,0,1,1,0,0,0,0,1,0,0 : 227.0133
1,0,0,0,1,1,1,0,0,0,0 : 207.2333
1,0,0,0,0,1,0,0,1,1,0 : 200.38
1,0,1,0,0,1,1,1,1,0,0 : 224.1766
1,0,0,0,0,0,1,1,0,0,0 : 202.3866
1,0,0,1,0,1,0,1,1,1,0 : 212.0533
1,0,1,0,1,1,1,1,1,0,0 : 224.1766
1,0,0,0,0,0,0,0,1,0,0 : 201.1533
1,1,0,0,1,0,0,1,1,0,1 : 230.2366
1,0,0,0,0,1,1,1,1,0,0 : 204.1766
1,0,0,0,0,1,1,1,0,1,0 : 205.3633
1,0,0,0,1,0,1,1,0,1,0 : 202.68
1,0,1,0,1,0,0,1,0,0,0 : 221.7833
