1,1,1,1,0,0,0,1,0,0,1,1,0,1,1,1,1,1,1,1,0,1,1,1,0,0 : 3053.0
1,1,1,1,0,0,1,1,0,0,1,1,0,1,1,1,1,1,1,0,0,1,1,1,0,1 : 3053.0
1,1,1,1,0,0,0,1,0,0,1,1,0,1,1,1,1,1,1,1,0,1,1,1,0,0 : 3053.0
1,1,1,1,0,0,1,1,0,0,1,1,0,1,1,1,1,1,1,0,0,1,1,1,0,1 : 3053.0
1,1,1,1,0,1,0,0,1,0,1,1,0,1,1,0,1,1,1,0,0,0,0,1,0,0 : 3139.0
1,1,1,1,0,1,1,0,1,0,1,1,0,1,1,0,1,1,1,1,0,0,1,1,0,1 : 3139.0
1,1,1,1,0,1,0,0,1,0,1,1,0,1,1,0,1,1,1,0,0,0,0,1,0,0 : 3139.0
1,1,1,1,0,1,1,0,1,0,1,1,0,1,1,0,1,1,1,1,0,0,1,1,0,1 : 3139.0
1,1,1,0,1,1,1,1,0,1,1,1,0,1,1,1,1,1,1,0,0,1,0,1,0,0 : 3154.0
1,1,1,0,1,1,1,1,0,1,1,1,0,1,1,1,1,1,1,0,0,1,0,1,0,0 : 3154.0
1,1,1,1,0,1,0,1,0,0,1,1,0,1,1,0,1,1,1,1,0,0,1,1,0,1 : 3182.0
1,1,1,1,0,1,0,1,0,0,1,1,0,1,1,0,1,1,1,1,0,0,1,1,0,1 : 3182.0
1,1,1,1,0,0,0,0,0,1,1,1,0,1,1,1,1,1,1,0,0,0,1,1,0,0 : 3341.0
1,1,1,1,0,0,0,0,0,1,1,1,0,1,1,1,1,1,1,0,0,0,1,1,0,0 : 3341.0
1,1,1,1,0,0,1,1,0,1,1,1,0,1,1,1,1,1,1,1,0,1,0,0,0,1 : 3605.0
1,1,1,1,0,0,0,0,0,1,1,1,0,1,1,1,1,1,1,0,0,0,0,1,0,1 : 3605.0
1,1,1,1,0,0,0,1,0,1,1,1,0,1,1,1,1,1,1,1,0,0,0,1,0,1 : 3605.0
1,1,1,1,0,0,1,1,0,1,1,1,0,1,1,1,1,1,1,1,0,1,0,0,0,1 : 3605.0
1,1,1,1,0,0,0,0,0,1,1,1,0,1,1,1,1,1,1,0,0,0,0,1,0,1 : 3605.0
1,1,1,1,0,0,0,1,0,1,1,1,0,1,1,1,1,1,1,1,0,0,0,1,0,1 : 3605.0
1,1,1,1,0,1,1,0,1,0,1,1,0,1,1,0,1,1,1,1,0,1,0,1,1,0 : 4668.0
1,1,1,1,0,1,1,0,1,0,1,1,0,1,1,0,1,1,1,1,0,1,0,1,1,0 : 4668.0
1,1,1,1,0,1,0,0,1,0,1,1,0,1,1,0,1,1,1,0,0,1,0,1,1,1 : 4907.0
1,1,1,1,0,1,0,0,0,0,1,1,0,1,1,0,1,1,1,1,0,1,1,0,1,1 : 4907.0
1,1,1,1,0,1,0,0,1,0,1,1,0,1,1,0,1,1,1,0,0,1,0,1,1,1 : 4907.0
1,1,1,1,0,1,0,0,0,0,1,1,0,1,1,0,1,1,1,1,0,1,1,0,1,1 : 4907.0
1,1,1,0,1,1,1,1,0,1,1,1,0,1,1,1,1,1,1,0,1,1,1,0,1,1 : 5048.0
1,1,1,0,1,1,1,1,0,1,1,1,0,1,1,1,1,1,1,0,1,1,1,0,1,1 : 5048.0
1,1,1,1,0,0,0,0,0,1,1,1,0,1,1,1,1,1,1,1,0,1,1,0,1,0 : 5062.0
1,1,1,1,0,0,0,0,0,1,1,1,0,1,1,0,1,1,1,1,0,0,1,0,1,1 : 5062.0
1,1,1,1,0,0,0,0,0,1,1,1,0,1,1,1,1,1,1,1,0,1,1,0,1,0 : 5062.0
1,1,1,1,0,0,0,0,0,1,1,1,0,1,1,0,1,1,1,1,0,0,1,0,1,1 : 5062.0
1,1,1,1,0,0,1,0,1,1,1,1,0,1,1,1,1,1,1,1,0,1,0,0,1,1 : 5091.0
1,1,1,1,0,0,1,0,1,1,1,1,0,1,1,1,1,1,1,1,0,1,0,0,1,1 : 5091.0
1,1,1,1,0,0,1,0,1,0,1,0,1,1,1,0,1,1,1,0,1,1,1,1,0,0 : 5186.0
1,1,1,1,0,1,0,0,0,0,1,0,1,1,1,0,1,1,1,1,1,1,1,1,0,0 : 5186.0
1,1,1,1,0,0,1,0,1,0,1,0,1,1,1,0,1,1,1,0,1,1,1,1,0,0 : 5186.0
1,1,1,1,0,1,0,0,0,0,1,0,1,1,1,0,1,1,1,1,1,1,1,1,0,0 : 5186.0
1,1,1,1,0,0,0,0,0,0,1,1,1,1,1,0,1,1,1,1,0,0,0,0,0,0 : 5207.0
1,1,1,1,0,0,0,0,0,0,1,1,1,1,1,0,1,1,1,0,0,1,1,1,0,0 : 5207.0
1,1,1,1,0,0,0,0,0,0,1,1,1,1,1,0,1,1,1,1,0,0,0,0,0,0 : 5207.0
1,1,1,1,0,0,0,0,0,0,1,1,1,1,1,0,1,1,1,0,0,1,1,1,0,0 : 5207.0
1,1,1,1,0,1,0,1,1,0,1,0,1,1,1,0,1,1,1,1,1,1,1,1,0,0 : 5216.0
1,1,1,1,0,1,0,1,1,0,1,0,1,1,1,0,1,1,1,1,1,1,1,1,0,0 : 5216.0
1,1,1,1,0,0,1,0,1,0,1,0,1,1,1,1,1,1,1,0,0,1,0,1,0,0 : 5220.0
1,1,1,1,0,0,1,0,1,0,1,0,1,1,1,1,1,1,1,0,0,1,0,1,0,0 : 5220.0
1,1,1,0,1,1,1,1,0,0,1,1,1,1,1,1,1,1,1,0,1,1,1,1,0,0 : 5233.0
1,1,1,0,1,1,1,1,0,0,1,1,1,1,1,1,1,1,1,0,0,0,0,0,0,0 : 5233.0
1,1,1,0,1,1,1,0,1,0,1,0,1,1,1,1,1,1,1,0,0,1,0,0,0,0 : 5233.0
1,1,1,0,1,1,1,1,0,0,1,1,1,1,1,1,1,1,1,0,1,1,1,1,0,0 : 5233.0
1,1,1,0,1,1,1,1,0,0,1,1,1,1,1,1,1,1,1,0,0,0,0,0,0,0 : 5233.0
1,1,1,0,1,1,1,0,1,0,1,0,1,1,1,1,1,1,1,0,0,1,0,0,0,0 : 5233.0
1,1,1,1,0,0,0,1,1,0,1,0,1,1,1,1,1,1,1,1,1,1,1,1,0,1 : 5339.0
1,1,1,1,0,0,0,1,1,0,1,0,1,1,1,1,1,1,1,1,1,1,1,1,0,1 : 5339.0
1,1,1,0,1,1,1,0,1,0,1,0,1,1,1,1,1,1,1,0,0,0,0,0,0,1 : 5387.0
1,1,1,0,1,1,1,0,1,0,1,0,1,1,1,1,1,1,1,0,0,0,0,0,0,1 : 5387.0
1,1,1,1,0,0,0,0,1,1,1,0,1,1,1,1,1,1,1,0,0,1,0,1,0,0 : 5419.0
1,1,1,1,0,1,0,0,0,1,1,0,1,1,1,1,1,1,1,1,1,1,1,1,0,0 : 5419.0
1,1,1,0,1,1,1,1,0,1,1,1,1,1,1,0,1,1,1,0,0,1,1,1,0,0 : 5419.0
1,1,1,1,0,0,0,0,1,1,1,0,1,1,1,1,1,1,1,0,0,1,0,1,0,0 : 5419.0
1,1,1,1,0,1,0,0,0,1,1,0,1,1,1,1,1,1,1,1,1,1,1,1,0,0 : 5419.0
1,1,1,0,1,1,1,1,0,1,1,1,1,1,1,0,1,1,1,0,0,1,1,1,0,0 : 5419.0
1,1,1,1,0,1,1,1,0,1,1,1,1,1,1,1,1,1,1,1,0,1,0,0,0,0 : 5421.0
1,1,1,1,0,1,1,1,0,1,1,1,1,1,1,1,1,1,1,1,0,1,0,0,0,0 : 5421.0
1,1,1,1,0,0,0,0,1,1,1,1,1,1,1,1,1,1,1,1,0,1,1,1,0,1 : 5457.0
1,1,1,1,0,0,0,0,1,1,1,1,1,1,1,1,1,1,1,1,0,1,1,1,0,1 : 5457.0
1,1,1,1,0,0,0,1,0,1,1,0,1,1,1,0,1,1,1,1,0,0,1,1,0,1 : 5499.0
1,1,1,1,0,1,1,1,0,1,1,1,1,1,1,0,1,1,1,0,0,1,0,1,0,1 : 5499.0
1,1,1,1,0,1,0,0,1,1,1,1,1,1,1,0,1,1,1,0,0,0,0,1,0,1 : 5499.0
1,1,1,1,0,1,0,1,0,1,1,1,1,1,1,0,1,1,1,0,1,1,1,1,0,1 : 5499.0
1,1,1,1,0,0,0,1,0,1,1,0,1,1,1,0,1,1,1,1,0,0,1,1,0,1 : 5499.0
1,1,1,1,0,1,1,1,0,1,1,1,1,1,1,0,1,1,1,0,0,1,0,1,0,1 : 5499.0
1,1,1,1,0,1,0,0,1,1,1,1,1,1,1,0,1,1,1,0,0,0,0,1,0,1 : 5499.0
1,1,1,1,0,1,0,1,0,1,1,1,1,1,1,0,1,1,1,0,1,1,1,1,0,1 : 5499.0
1,1,1,0,1,1,1,0,1,0,1,1,1,1,1,0,1,1,1,0,0,0,0,1,1,0 : 14638.0
1,1,1,1,0,0,1,0,1,0,1,1,1,1,1,0,1,1,1,0,0,0,0,0,1,0 : 14638.0
1,1,1,1,0,1,0,0,0,0,1,1,1,1,1,1,1,1,1,0,0,0,0,1,1,0 : 14638.0
1,1,1,0,1,1,1,0,1,0,1,1,1,1,1,0,1,1,1,0,0,0,0,1,1,0 : 14638.0
1,1,1,1,0,0,1,0,1,0,1,1,1,1,1,0,1,1,1,0,0,0,0,0,1,0 : 14638.0
1,1,1,1,0,1,0,0,0,0,1,1,1,1,1,1,1,1,1,0,0,0,0,1,1,0 : 14638.0
1,1,1,1,0,0,0,1,1,0,1,1,1,1,1,1,1,1,1,1,0,0,1,0,1,1 : 14694.0
1,1,1,1,0,0,0,1,1,0,1,1,1,1,1,1,1,1,1,1,0,0,1,0,1,1 : 14694.0
1,1,1,1,0,1,0,1,0,0,1,1,1,1,1,0,1,1,1,1,0,1,0,1,1,0 : 14785.0
1,1,1,0,1,1,1,0,1,0,1,1,1,1,1,1,1,1,1,1,0,1,0,1,1,0 : 14785.0
1,1,1,1,0,0,1,0,1,0,1,0,1,1,1,1,1,1,1,1,0,1,1,0,1,0 : 14785.0
1,1,1,1,0,1,0,1,0,0,1,1,1,1,1,0,1,1,1,1,0,1,0,1,1,0 : 14785.0
1,1,1,0,1,1,1,0,1,0,1,1,1,1,1,1,1,1,1,1,0,1,0,1,1,0 : 14785.0
1,1,1,1,0,0,1,0,1,0,1,0,1,1,1,1,1,1,1,1,0,1,1,0,1,0 : 14785.0
1,1,1,1,0,0,0,0,0,0,1,1,1,1,1,0,1,1,1,0,1,1,1,0,1,1 : 14786.0
1,1,1,1,0,0,0,0,1,0,1,0,1,1,1,1,1,1,1,0,0,0,0,1,1,1 : 14786.0
1,1,1,1,0,0,0,0,0,0,1,1,1,1,1,0,1,1,1,0,1,1,1,0,1,1 : 14786.0
1,1,1,1,0,0,0,0,1,0,1,0,1,1,1,1,1,1,1,0,0,0,0,1,1,1 : 14786.0
1,1,1,1,0,0,1,0,1,0,1,1,1,1,1,0,1,1,1,1,0,0,0,1,1,1 : 14905.0
1,1,1,1,0,1,1,0,1,0,1,1,1,1,1,0,1,1,1,1,0,1,1,0,1,1 : 14905.0
1,1,1,1,0,1,0,0,1,0,1,0,1,1,1,1,1,1,1,1,0,1,0,0,1,1 : 14905.0
1,1,1,1,0,1,0,0,1,0,1,0,1,1,1,0,1,1,1,1,0,1,0,0,1,1 : 14905.0
1,1,1,1,0,0,0,0,1,0,1,1,1,1,1,0,1,1,1,1,0,0,0,1,1,1 : 14905.0
1,1,1,1,0,1,1,0,1,0,1,1,1,1,1,0,1,1,1,1,0,1,1,0,1,1 : 14905.0
1,1,1,1,0,0,1,0,1,0,1,1,1,1,1,0,1,1,1,1,0,0,0,1,1,1 : 14905.0
1,1,1,1,0,1,0,0,1,0,1,0,1,1,1,1,1,1,1,1,0,1,0,0,1,1 : 14905.0
