1,0,1,0,1,1,1,0,1,0,1,0,1,1,0,0 : 295.62
1,0,1,0,0,0,1,0,1,1,0,0,1,0,1,0 : 380.18
1,1,0,1,1,0,1,1,1,0,1,0,1,0,0,1 : 610.957
1,1,1,0,0,1,1,0,1,1,0,0,1,0,1,0 : 407.757
1,1,0,0,0,0,1,0,1,0,1,0,1,0,1,0 : 368.63
1,1,1,0,0,0,1,1,1,0,1,0,1,0,1,0 : 363.56
1,1,1,0,1,1,1,1,1,0,0,1,1,0,1,0 : 433.913
1,0,0,1,0,0,1,0,1,1,0,0,1,0,0,1 : 490.473
1,1,0,0,0,1,1,1,1,0,1,0,1,0,0,1 : 510.857
1,1,0,0,0,0,0,0,1,0,1,0,1,1,0,0 : 256.333
1,1,1,0,0,1,1,1,1,0,1,0,1,1,0,0 : 275.973
1,0,0,0,1,0,0,1,1,0,0,1,1,1,0,0 : 276.103
1,1,0,0,0,0,1,1,1,0,1,0,1,1,0,0 : 256.32
1,0,1,0,0,0,1,0,1,0,1,0,1,0,0,1 : 490.473
1,1,1,1,0,1,1,0,1,0,0,1,1,0,0,1 : 555.633
1,1,0,1,0,0,1,1,1,0,1,0,1,1,0,0 : 256.32
1,1,0,0,0,0,1,1,1,1,0,0,1,0,1,0 : 367.543
1,1,1,0,0,0,1,1,1,1,0,0,1,0,1,0 : 361.7029
1,1,0,0,0,1,1,0,1,1,0,0,1,0,0,1 : 490.473
1,1,1,0,0,0,0,1,1,0,1,0,1,1,0,0 : 246.41
1,0,0,0,1,0,1,0,1,1,0,0,1,0,1,0 : 482.59
1,1,1,0,1,1,1,1,1,0,0,1,1,0,0,1 : 644.357
1,1,1,1,0,0,0,0,1,0,1,0,1,1,0,0 : 246.273
1,1,0,0,1,0,1,1,1,0,1,0,1,0,1,0 : 456.363
1,0,1,0,0,1,1,1,1,0,1,0,1,0,1,0 : 432.757
1,1,1,0,1,1,1,1,1,1,0,0,1,1,0,0 : 279.15
1,1,0,0,1,0,1,0,1,0,1,0,1,1,0,0 : 263.207
1,1,1,0,0,1,1,0,1,0,0,1,1,1,0,0 : 275.923
1,1,1,1,0,0,0,1,1,1,0,0,1,1,0,0 : 244.353
1,1,0,1,0,1,1,0,1,0,0,1,1,1,0,0 : 286.353
1,1,1,1,0,0,0,1,1,0,1,0,1,1,0,0 : 246.273
1,1,1,0,0,0,1,1,1,0,1,0,1,0,1,0 : 363.56
1,0,1,1,0,0,1,0,1,0,1,0,1,0,1,0 : 382.01
1,1,0,1,1,1,1,1,1,0,0,1,1,0,1,0 : 433.913
1,1,1,1,0,0,1,1,1,1,0,0,1,0,1,0 : 361.7029
1,1,0,1,0,0,1,1,1,1,0,0,1,0,0,1 : 506.88
1,1,0,0,0,0,0,1,1,0,1,0,1,1,0,0 : 256.32
1,1,1,0,0,0,1,0,1,1,0,0,1,1,0,0 : 244.277
1,0,1,0,0,1,1,1,1,0,1,0,1,1,0,0 : 295.683
1,0,1,0,0,0,1,1,1,1,0,0,1,0,1,0 : 380.18
1,0,1,0,0,0,1,1,1,1,0,0,1,0,1,0 : 380.18
1,0,0,1,1,0,1,1,1,1,0,0,1,0,1,0 : 482.59
1,0,1,1,0,0,1,1,1,0,0,1,1,1,0,0 : 263.363
1,0,0,0,0,1,1,0,1,0,1,0,1,0,0,1 : 490.473
1,0,1,1,1,0,1,1,1,0,0,1,1,0,0,1 : 631.583
1,1,0,0,1,0,1,0,1,0,0,1,1,1,0,0 : 263.207
1,0,1,0,1,0,1,1,1,0,0,1,1,0,1,0 : 445.667
1,1,0,0,0,0,0,1,1,1,0,0,1,1,0,0 : 254.707
1,0,0,1,1,0,1,0,1,1,0,0,1,0,1,0 : 482.59
1,1,1,0,0,0,0,0,1,0,0,1,1,1,0,0 : 247.483
1,1,0,0,1,1,1,1,1,1,0,0,1,0,1,0 : 456.363
1,1,1,0,0,0,1,1,1,0,1,0,1,1,0,0 : 246.58
1,1,1,0,0,0,1,0,1,0,0,1,1,1,0,0 : 247.693
1,1,1,1,0,1,1,1,1,0,1,0,1,1,0,0 : 275.407
1,1,1,0,1,0,0,1,1,1,0,0,1,1,0,0 : 249.607
1,0,0,1,0,0,1,0,1,0,1,0,1,0,0,1 : 490.473
1,1,0,1,0,0,0,1,1,0,1,0,1,1,0,0 : 256.32
1,1,1,1,0,0,0,0,1,1,0,0,1,1,0,0 : 244.23
1,1,1,0,0,0,0,0,1,1,0,0,1,1,0,0 : 244.23
1,1,0,0,0,0,0,1,1,1,0,0,1,1,0,0 : 254.707
1,0,1,0,0,0,0,0,1,0,0,1,1,1,0,0 : 263.363
1,1,1,1,0,0,1,1,1,1,0,0,1,0,1,0 : 361.7029
1,1,1,0,0,1,1,0,1,0,1,0,1,0,1,0 : 408.073
1,1,0,0,0,0,1,1,1,1,0,0,1,1,0,0 : 254.707
1,1,1,1,0,0,1,1,1,1,0,0,1,0,1,0 : 361.7029
1,1,1,0,0,0,1,0,1,0,1,0,1,1,0,0 : 246.543
1,0,1,1,0,0,1,1,1,1,0,0,1,0,1,0 : 380.18
1,0,1,0,0,1,1,1,1,0,1,0,1,0,0,1 : 510.857
1,1,1,1,0,0,1,0,1,1,0,0,1,0,0,1 : 490.473
1,1,0,0,0,0,1,1,1,0,1,0,1,1,0,0 : 256.32
1,1,0,0,1,1,1,0,1,0,1,0,1,0,0,1 : 651.703
1,0,0,0,0,0,0,1,1,0,0,1,1,0,0,1 : 604.8869
1,1,1,0,0,0,1,0,1,1,0,0,1,1,0,0 : 244.277
1,0,0,1,1,0,0,0,1,0,1,0,1,1,0,0 : 275.373
1,0,0,1,0,0,1,1,1,0,1,0,1,1,0,0 : 271.337
1,1,1,1,0,0,0,0,1,1,0,0,1,1,0,0 : 244.23
1,1,1,0,1,0,1,0,1,1,0,0,1,1,0,0 : 249.497
1,0,1,1,0,0,0,1,1,0,0,1,1,1,0,0 : 263.363
1,1,1,0,1,0,1,1,1,0,0,1,1,1,0,0 : 252.963
1,1,1,1,0,1,1,1,1,0,0,1,1,0,0,1 : 575.553
1,0,1,1,0,0,1,0,1,0,1,0,1,0,0,1 : 490.473
1,1,0,1,0,0,0,1,1,0,0,1,1,1,0,0 : 257.45
1,1,0,1,0,0,0,1,1,0,1,0,1,1,0,0 : 256.32
1,1,1,0,0,0,0,1,1,0,0,1,1,1,0,0 : 247.507
1,1,1,0,1,0,0,1,1,0,1,0,1,0,0,1 : 705.213
1,1,1,1,0,0,1,1,1,1,0,0,1,0,1,0 : 361.7029
1,1,1,1,0,0,0,1,1,0,1,0,1,1,0,0 : 246.273
1,1,0,0,1,0,1,0,1,0,1,0,1,0,1,0 : 456.363
1,0,1,1,0,0,0,1,1,1,0,0,1,0,1,0 : 439.02
1,1,1,0,0,0,1,1,1,0,0,1,1,0,1,0 : 363.56
1,0,1,0,0,0,0,1,1,1,0,0,1,1,0,0 : 260.38
1,1,1,1,0,0,1,1,1,1,0,0,1,0,1,0 : 361.7029
1,1,0,0,0,0,1,1,1,0,1,0,1,0,0,1 : 510.857
1,1,1,0,0,1,1,1,1,0,0,1,1,0,1,0 : 407.763
1,0,1,1,0,0,1,1,1,1,0,0,1,1,0,0 : 259.903
1,0,0,1,0,1,1,0,1,0,1,0,1,0,1,0 : 432.757
1,0,1,0,0,0,0,0,1,1,0,0,1,1,0,0 : 260.38
1,0,1,0,0,0,1,0,1,1,0,0,1,0,0,1 : 490.473
1,1,1,0,0,0,1,1,1,1,0,0,1,1,0,0 : 244.333
1,0,0,0,0,1,0,1,1,1,0,0,1,0,1,0 : 519.583
