0,1,0,0,1,0,0,1,1,0,0,0,0,1,1,0,0,0 : 0.3633
0,1,0,0,1,0,0,1,1,0,0,0,0,1,1,0,0,0 : 0.3633
0,1,1,1,1,0,0,1,1,0,0,0,0,1,0,0,1,0 : 0.3634
0,1,0,1,1,0,0,1,1,0,0,0,0,1,0,0,1,0 : 0.3634
0,1,0,1,1,0,0,1,1,0,0,0,0,1,0,0,1,0 : 0.3634
0,1,1,1,1,0,0,1,1,0,0,0,0,1,0,0,1,0 : 0.3634
0,1,1,1,1,0,0,1,1,0,0,0,0,1,0,0,1,0 : 0.3634
0,1,0,1,1,0,0,1,1,0,0,0,0,1,0,0,1,0 : 0.3634
0,1,1,1,1,0,0,1,1,0,0,0,0,1,0,0,1,0 : 0.3634
0,1,1,1,1,0,0,1,1,0,0,0,0,1,0,0,1,0 : 0.3634
0,1,0,1,1,0,0,1,1,0,0,0,0,1,0,0,1,0 : 0.3634
0,1,0,1,1,0,0,1,1,0,0,0,0,1,0,0,1,0 : 0.3634
0,1,1,1,1,0,0,1,1,0,0,0,0,1,0,0,1,0 : 0.3634
0,1,1,1,1,0,0,1,1,0,0,0,0,1,0,0,1,0 : 0.3634
0,1,0,1,1,0,0,1,1,0,0,0,0,1,0,0,1,0 : 0.3634
0,1,1,1,1,0,0,1,1,0,0,0,0,1,0,0,1,0 : 0.3634
0,1,0,0,0,0,0,1,1,0,0,0,0,1,1,0,0,0 : 0.3651
0,1,0,0,0,0,0,1,1,0,0,0,0,1,1,0,0,0 : 0.3651
0,1,0,0,0,0,0,1,1,0,0,0,0,1,1,0,0,0 : 0.3651
0,1,0,0,0,0,0,1,1,0,0,0,0,1,1,0,0,0 : 0.3651
0,1,0,0,0,0,0,1,1,0,0,0,0,1,1,0,0,0 : 0.3651
0,1,0,0,0,0,0,1,1,0,0,0,0,1,1,0,0,0 : 0.3651
0,1,0,0,0,0,0,1,1,0,0,0,0,1,1,0,0,0 : 0.3651
0,1,0,0,0,0,0,1,1,0,0,0,0,1,1,0,0,0 : 0.3651
0,1,0,1,1,1,0,1,1,0,0,0,0,1,1,0,0,0 : 0.3688
0,1,0,1,1,1,0,1,1,0,0,0,0,1,1,0,0,0 : 0.3688
0,1,1,1,1,1,0,1,1,0,0,0,0,1,1,0,0,0 : 0.3688
0,1,0,1,1,1,0,1,1,0,0,0,0,1,1,0,0,0 : 0.3688
0,1,0,1,1,1,0,1,1,0,0,0,0,1,1,0,0,0 : 0.3688
0,1,1,1,1,1,0,1,1,0,0,0,0,1,1,0,0,0 : 0.3688
0,1,1,1,1,1,0,1,1,0,0,0,0,1,1,0,0,0 : 0.3688
0,1,0,1,1,1,0,1,1,0,0,0,0,1,1,0,0,0 : 0.3688
0,1,0,1,1,1,0,1,1,0,0,0,0,1,1,0,0,0 : 0.3688
0,1,1,1,1,1,0,1,1,0,0,0,0,1,1,0,0,0 : 0.3688
0,1,0,1,1,1,0,1,1,0,0,0,0,1,1,0,0,0 : 0.3688
0,1,0,1,1,1,0,1,1,0,0,0,0,1,1,0,0,0 : 0.3688
0,1,1,1,1,1,0,1,1,0,0,0,0,1,1,0,0,0 : 0.3688
0,1,1,1,1,1,0,1,1,0,0,0,0,1,1,0,0,0 : 0.3688
0,1,1,1,1,0,1,1,1,0,0,0,0,1,0,0,1,0 : 0.383
0,1,1,1,1,0,1,1,1,0,0,0,0,1,0,0,1,0 : 0.383
0,1,0,1,1,0,1,1,1,0,0,0,0,1,1,0,0,0 : 0.3874
0,1,0,0,1,0,1,1,1,0,0,0,0,1,1,0,0,0 : 0.3874
0,1,0,1,1,0,1,1,1,0,0,0,0,1,1,0,0,0 : 0.3874
0,1,0,1,1,0,1,1,1,0,0,0,0,1,1,0,0,0 : 0.3874
0,1,0,1,1,0,1,1,1,0,0,0,0,1,1,0,0,0 : 0.3874
0,1,0,0,1,0,1,1,1,0,0,0,0,1,1,0,0,0 : 0.3874
0,1,0,1,1,0,1,1,1,0,0,0,0,1,1,0,0,0 : 0.3874
0,1,0,1,1,0,1,1,1,0,0,0,0,1,1,0,0,0 : 0.3874
0,1,0,1,1,1,1,1,1,0,0,0,0,1,1,0,0,0 : 0.3897
0,1,0,1,1,1,1,1,1,0,0,0,0,1,1,0,0,0 : 0.3897
0,1,0,1,1,1,1,1,1,0,0,0,0,1,1,0,0,0 : 0.3897
0,1,0,1,1,1,1,1,1,0,0,0,0,1,1,0,0,0 : 0.3897
0,0,1,1,0,1,0,1,0,1,0,0,0,1,0,0,0,1 : 0.4439
0,0,1,1,0,1,0,1,0,1,0,0,0,1,0,0,0,1 : 0.4439
0,0,1,1,0,1,0,1,0,1,0,0,0,1,0,0,0,1 : 0.4439
0,0,1,1,0,1,0,1,0,1,0,0,0,1,0,0,0,1 : 0.4439
0,0,1,1,0,1,0,1,0,1,0,0,0,1,0,0,0,1 : 0.4439
0,0,1,1,0,1,0,1,0,1,0,0,0,1,0,0,0,1 : 0.4439
0,0,1,1,0,1,0,1,0,1,0,0,0,1,0,0,0,1 : 0.4439
0,0,1,1,0,1,0,1,0,1,0,0,0,1,0,0,0,1 : 0.4439
0,0,1,1,0,1,0,1,0,1,0,0,0,1,0,0,0,1 : 0.4439
0,0,1,1,0,1,0,1,0,1,0,0,0,1,0,0,0,1 : 0.4439
0,0,1,1,0,1,0,1,0,1,0,0,0,1,0,0,0,1 : 0.4439
0,0,1,1,0,1,0,1,0,1,0,0,0,1,0,0,0,1 : 0.4439
0,0,1,0,1,0,0,1,0,1,0,0,0,1,0,0,1,0 : 0.4455
0,0,1,0,1,0,0,1,0,1,0,0,0,1,0,0,1,0 : 0.4455
0,0,1,0,1,0,0,1,0,1,0,0,0,1,0,0,1,0 : 0.4455
0,0,1,0,1,0,0,1,0,1,0,0,0,1,0,0,1,0 : 0.4455
0,0,0,0,1,0,0,1,0,1,0,0,0,1,1,0,0,0 : 0.4505
0,0,0,0,1,1,0,1,0,1,0,0,0,1,1,0,0,0 : 0.4505
0,0,0,0,1,1,0,1,0,1,0,0,0,1,1,0,0,0 : 0.4505
0,0,0,0,1,1,0,1,0,1,0,0,0,1,1,0,0,0 : 0.4505
0,0,0,0,1,0,0,1,0,1,0,0,0,1,1,0,0,0 : 0.4505
0,0,0,0,1,1,0,1,0,1,0,0,0,1,1,0,0,0 : 0.4505
0,0,0,0,1,1,0,1,0,1,0,0,0,1,1,0,0,0 : 0.4505
0,0,0,0,0,1,0,1,0,1,0,0,0,1,1,0,0,0 : 0.4505
0,0,0,0,1,1,0,1,0,1,0,0,0,1,1,0,0,0 : 0.4505
0,0,0,0,1,0,0,1,0,1,0,0,0,1,1,0,0,0 : 0.4505
0,0,0,0,1,1,0,1,0,1,0,0,0,1,1,0,0,0 : 0.4505
0,0,0,0,1,1,0,1,0,1,0,0,0,1,1,0,0,0 : 0.4505
0,0,0,0,1,1,0,1,0,1,0,0,0,1,1,0,0,0 : 0.4505
0,0,0,0,1,0,0,1,0,1,0,0,0,1,1,0,0,0 : 0.4505
0,0,0,0,1,1,0,1,0,1,0,0,0,1,1,0,0,0 : 0.4505
0,0,0,0,1,1,0,1,0,1,0,0,0,1,1,0,0,0 : 0.4505
0,0,0,0,0,1,0,1,0,1,0,0,0,1,1,0,0,0 : 0.4505
0,0,0,0,1,1,0,1,0,1,0,0,0,1,1,0,0,0 : 0.4505
0,0,0,1,0,0,0,1,0,1,0,0,0,1,0,1,0,0 : 0.4525
0,0,0,1,0,0,0,1,0,1,0,0,0,1,0,1,0,0 : 0.4525
0,0,0,1,1,1,0,1,0,1,0,0,0,1,0,0,0,1 : 0.4526
0,0,0,1,1,1,0,1,0,1,0,0,0,1,0,0,0,1 : 0.4526
0,0,0,1,0,1,0,1,0,1,0,0,0,1,0,1,0,0 : 0.4526
0,0,0,1,1,1,0,1,0,1,0,0,0,1,0,0,0,1 : 0.4526
0,0,0,1,1,1,0,1,0,1,0,0,0,1,0,0,0,1 : 0.4526
0,0,0,1,0,1,0,1,0,1,0,0,0,1,0,1,0,0 : 0.4526
0,0,0,1,1,1,0,1,0,1,0,0,0,1,0,0,0,1 : 0.4526
0,0,0,1,1,1,0,1,0,1,0,0,0,1,0,0,0,1 : 0.4526
0,0,0,1,0,1,0,1,0,1,0,0,0,1,0,1,0,0 : 0.4526
0,0,0,1,1,1,0,1,0,1,0,0,0,1,0,0,0,1 : 0.4526
0,0,0,1,1,1,0,1,0,1,0,0,0,1,0,0,0,1 : 0.4526
0,0,0,1,0,1,0,1,0,1,0,0,0,1,0,1,0,0 : 0.4526
