1,1,1,1,0,1,0,1,1,0,1,1,0,1,1,0,1,1,1,0,0,1,0,1,0,0 : 2986.0
1,1,1,1,0,1,0,1,1,0,1,1,0,1,1,0,1,1,1,0,0,1,0,1,0,0 : 2986.0
1,1,1,1,0,0,1,1,0,0,1,1,0,1,1,1,1,1,1,1,0,1,0,0,0,1 : 3053.0
1,1,1,1,0,0,1,1,0,0,1,1,0,1,1,1,1,1,1,1,0,1,0,0,0,1 : 3053.0
1,1,1,1,0,1,0,0,1,1,1,1,0,1,1,0,1,1,1,0,0,1,0,0,0,1 : 3058.0
1,1,1,1,0,0,0,0,1,1,1,1,0,1,1,0,1,1,1,1,0,1,0,0,0,1 : 3058.0
1,1,1,1,0,1,1,0,1,1,1,1,0,1,1,0,1,1,1,0,0,1,0,0,0,1 : 3058.0
1,1,1,1,0,1,0,0,1,1,1,1,0,1,1,0,1,1,1,0,0,1,0,0,0,1 : 3058.0
1,1,1,1,0,0,0,0,1,1,1,1,0,1,1,0,1,1,1,1,0,1,0,0,0,1 : 3058.0
1,1,1,1,0,1,1,0,1,1,1,1,0,1,1,0,1,1,1,0,0,1,0,0,0,1 : 3058.0
1,1,1,1,0,0,0,0,1,1,1,1,0,1,1,0,1,1,1,1,0,1,0,0,0,0 : 3065.0
1,1,1,1,0,0,0,0,1,1,1,1,0,1,1,0,1,1,1,1,0,1,0,0,0,0 : 3065.0
1,1,1,1,0,0,0,0,1,0,1,1,0,1,1,0,1,1,1,1,0,1,0,0,0,1 : 3138.0
1,1,1,1,0,0,0,0,1,0,1,1,0,1,1,0,1,1,1,1,0,1,0,0,0,1 : 3138.0
1,1,1,1,0,1,0,0,1,0,1,1,0,1,1,0,1,1,1,1,0,0,0,1,0,0 : 3139.0
1,1,1,1,0,1,0,0,1,0,1,1,0,1,1,0,1,1,1,1,0,0,0,1,0,0 : 3139.0
1,1,1,1,0,0,1,1,0,0,1,1,0,1,1,0,1,1,1,1,0,1,1,1,0,1 : 3155.0
1,1,1,1,0,0,1,1,0,0,1,1,0,1,1,0,1,1,1,0,0,1,1,1,0,1 : 3155.0
1,1,1,1,0,0,1,1,0,0,1,1,0,1,1,0,1,1,1,1,1,1,1,1,0,1 : 3155.0
1,1,1,1,0,0,1,1,0,0,1,1,0,1,1,0,1,1,1,0,0,1,1,1,0,1 : 3155.0
1,1,1,1,0,1,0,1,1,0,1,1,0,1,1,0,1,1,1,1,1,1,1,1,0,1 : 3155.0
1,1,1,1,0,0,1,1,0,0,1,1,0,1,1,0,1,1,1,0,0,1,1,1,0,1 : 3155.0
1,1,1,1,0,0,1,1,0,0,1,1,0,1,1,0,1,1,1,1,1,1,1,1,0,1 : 3155.0
1,1,1,1,0,1,0,1,0,0,1,1,0,1,1,0,1,1,1,1,1,1,1,1,0,1 : 3155.0
1,1,1,1,0,0,1,1,0,0,1,1,0,1,1,0,1,1,1,1,0,1,1,1,0,1 : 3155.0
1,1,1,1,0,0,1,1,0,0,1,1,0,1,1,0,1,1,1,0,0,1,1,1,0,1 : 3155.0
1,1,1,1,0,0,1,1,0,0,1,1,0,1,1,0,1,1,1,1,1,1,1,1,0,1 : 3155.0
1,1,1,1,0,0,1,1,0,0,1,1,0,1,1,0,1,1,1,0,0,1,1,1,0,1 : 3155.0
1,1,1,1,0,1,0,1,1,0,1,1,0,1,1,0,1,1,1,1,1,1,1,1,0,1 : 3155.0
1,1,1,1,0,0,1,1,0,0,1,1,0,1,1,0,1,1,1,0,0,1,1,1,0,1 : 3155.0
1,1,1,1,0,0,1,1,0,0,1,1,0,1,1,0,1,1,1,1,1,1,1,1,0,1 : 3155.0
1,1,1,1,0,1,0,1,0,0,1,1,0,1,1,0,1,1,1,1,1,1,1,1,0,1 : 3155.0
1,1,1,1,0,1,0,1,1,0,1,1,0,1,1,0,1,1,1,0,0,0,0,1,0,0 : 3182.0
1,1,1,1,0,1,0,1,1,0,1,1,0,1,1,0,1,1,1,0,0,0,0,1,0,0 : 3182.0
1,1,1,1,0,0,0,0,0,1,1,1,0,1,1,1,1,1,1,0,0,0,1,1,0,0 : 3341.0
1,1,1,1,0,0,0,0,0,1,1,1,0,1,1,1,1,1,1,0,0,0,0,1,0,0 : 3341.0
1,1,1,1,0,0,0,1,0,1,1,1,0,1,1,1,1,1,1,0,0,0,0,1,0,0 : 3341.0
1,1,1,1,0,0,0,0,0,1,1,1,0,1,1,1,1,1,1,0,0,0,0,1,0,0 : 3341.0
1,1,1,1,0,0,0,0,0,1,1,1,0,1,1,1,1,1,1,0,0,0,1,1,0,0 : 3341.0
1,1,1,1,0,0,0,1,0,1,1,1,0,1,1,1,1,1,1,0,0,0,1,1,0,0 : 3341.0
1,1,1,1,0,0,0,1,0,1,1,1,0,1,1,1,1,1,1,0,0,0,0,1,0,0 : 3341.0
1,1,1,1,0,0,0,0,0,1,1,1,0,1,1,1,1,1,1,0,0,0,1,1,0,0 : 3341.0
1,1,1,1,0,0,0,0,0,1,1,1,0,1,1,1,1,1,1,0,0,0,0,1,0,0 : 3341.0
1,1,1,1,0,0,0,1,0,1,1,1,0,1,1,1,1,1,1,0,0,0,0,1,0,0 : 3341.0
1,1,1,1,0,0,0,0,0,1,1,1,0,1,1,1,1,1,1,0,0,0,0,1,0,0 : 3341.0
1,1,1,1,0,0,0,0,0,1,1,1,0,1,1,1,1,1,1,0,0,0,1,1,0,0 : 3341.0
1,1,1,1,0,0,0,1,0,1,1,1,0,1,1,1,1,1,1,0,0,0,1,1,0,0 : 3341.0
1,1,1,1,0,0,0,1,0,1,1,1,0,1,1,1,1,1,1,0,0,0,0,1,0,0 : 3341.0
1,1,1,1,0,0,0,0,0,1,1,1,0,1,1,1,1,1,1,0,0,0,0,1,0,1 : 3605.0
1,1,1,1,0,0,0,1,0,1,1,1,0,1,1,1,1,1,1,0,0,1,0,1,0,1 : 3605.0
1,1,1,1,0,0,0,1,0,1,1,1,0,1,1,1,1,1,1,0,0,0,0,1,0,1 : 3605.0
1,1,1,1,0,1,0,0,0,1,1,1,0,1,1,0,1,1,1,0,0,0,0,0,0,1 : 3605.0
1,1,1,1,0,0,0,1,0,1,1,1,0,1,1,1,1,1,1,0,0,0,0,1,0,1 : 3605.0
1,1,1,1,0,0,0,0,0,1,1,1,0,1,1,1,1,1,1,0,0,0,0,1,0,1 : 3605.0
1,1,1,1,0,0,0,1,0,1,1,1,0,1,1,1,1,1,1,0,0,1,0,1,0,1 : 3605.0
1,1,1,1,0,0,0,1,0,1,1,1,0,1,1,1,1,1,1,0,0,0,0,1,0,1 : 3605.0
1,1,1,1,0,1,0,0,0,1,1,1,0,1,1,0,1,1,1,0,0,0,0,0,0,1 : 3605.0
1,1,1,1,0,0,0,1,0,1,1,1,0,1,1,1,1,1,1,0,0,0,0,1,0,1 : 3605.0
1,1,1,1,0,0,0,1,1,0,1,1,0,1,1,0,1,1,1,0,0,1,0,0,1,0 : 4668.0
1,1,1,1,0,0,0,1,1,0,1,1,0,1,1,0,1,1,1,0,0,1,0,1,1,0 : 4668.0
1,1,1,1,0,0,0,1,1,0,1,1,0,1,1,0,1,1,1,0,0,1,0,0,1,0 : 4668.0
1,1,1,1,0,0,0,1,1,0,1,1,0,1,1,0,1,1,1,0,0,1,0,1,1,0 : 4668.0
1,1,1,0,1,1,1,0,1,0,1,1,0,1,1,0,1,1,1,0,0,1,0,0,1,0 : 4668.0
1,1,1,1,0,0,0,1,1,0,1,1,0,1,1,0,1,1,1,0,0,1,0,1,1,0 : 4668.0
1,1,1,1,0,0,0,1,1,0,1,1,0,1,1,0,1,1,1,0,0,1,0,0,1,0 : 4668.0
1,1,1,1,0,0,0,1,1,0,1,1,0,1,1,0,1,1,1,0,0,1,0,1,1,0 : 4668.0
1,1,1,1,0,0,0,1,1,0,1,1,0,1,1,0,1,1,1,0,0,1,0,0,1,0 : 4668.0
1,1,1,1,0,0,0,1,1,0,1,1,0,1,1,0,1,1,1,0,0,1,0,1,1,0 : 4668.0
1,1,1,0,1,1,1,0,1,0,1,1,0,1,1,0,1,1,1,0,0,1,0,0,1,0 : 4668.0
1,1,1,1,0,0,0,1,1,0,1,1,0,1,1,0,1,1,1,0,0,1,0,1,1,0 : 4668.0
1,1,1,1,0,0,0,1,1,0,1,1,0,1,1,1,1,1,1,0,0,0,0,0,1,1 : 4880.0
1,1,1,1,0,0,0,1,1,0,1,1,0,1,1,1,1,1,1,0,0,0,0,0,1,1 : 4880.0
1,1,1,1,0,0,0,1,1,0,1,1,0,1,1,1,1,1,1,0,0,0,0,0,1,1 : 4880.0
1,1,1,1,0,0,0,1,1,0,1,1,0,1,1,1,1,1,1,0,0,0,0,0,1,1 : 4880.0
1,1,1,1,0,1,0,0,1,1,1,1,0,1,1,0,1,1,1,0,0,0,0,1,1,0 : 5048.0
1,1,1,1,0,0,0,0,0,1,1,1,0,1,1,1,1,1,1,0,0,1,1,0,1,1 : 5048.0
1,1,1,1,0,0,0,0,0,1,1,1,0,1,1,1,1,1,1,0,0,1,1,0,1,1 : 5048.0
1,1,1,1,0,0,0,0,0,1,1,1,0,1,1,1,1,1,1,0,0,1,1,0,1,1 : 5048.0
1,1,1,1,0,1,0,0,1,1,1,1,0,1,1,0,1,1,1,0,0,0,0,1,1,0 : 5048.0
1,1,1,1,0,0,0,0,0,1,1,1,0,1,1,1,1,1,1,0,0,1,1,0,1,1 : 5048.0
1,1,1,1,0,0,0,0,0,1,1,1,0,1,1,1,1,1,1,0,0,1,1,0,1,1 : 5048.0
1,1,1,1,0,0,0,0,0,1,1,1,0,1,1,1,1,1,1,0,0,1,1,0,1,1 : 5048.0
1,1,1,1,0,1,1,1,0,1,1,1,0,1,1,1,1,1,1,1,0,1,1,0,1,1 : 5062.0
1,1,1,1,0,0,0,0,0,1,1,1,0,1,1,1,1,1,1,1,0,0,1,0,1,1 : 5062.0
1,1,1,1,0,1,0,0,0,1,1,1,0,1,1,1,1,1,1,1,0,1,0,0,1,1 : 5062.0
1,1,1,1,0,1,0,0,0,1,1,1,0,1,1,1,1,1,1,1,0,1,1,0,1,1 : 5062.0
1,1,1,1,0,0,0,0,0,1,1,1,0,1,1,1,1,1,1,1,0,0,1,0,1,1 : 5062.0
1,1,1,1,0,0,1,1,0,1,1,1,0,1,1,1,1,1,1,1,0,1,0,0,1,1 : 5062.0
1,1,1,1,0,1,0,1,0,1,1,1,0,1,1,0,1,1,1,1,0,0,1,0,1,0 : 5062.0
1,1,1,1,0,1,1,1,0,1,1,1,0,1,1,1,1,1,1,1,0,0,1,0,1,1 : 5062.0
1,1,1,1,0,0,0,0,0,1,1,1,0,1,1,1,1,1,1,1,0,1,0,0,1,1 : 5062.0
1,1,1,1,0,0,0,0,0,1,1,1,0,1,1,1,1,1,1,1,0,1,1,0,1,1 : 5062.0
1,1,1,1,0,0,0,1,0,1,1,1,0,1,1,1,1,1,1,1,0,1,0,0,1,1 : 5062.0
1,1,1,1,0,1,0,0,0,1,1,1,0,1,1,0,1,1,1,1,0,0,1,0,1,0 : 5062.0
1,1,1,1,0,0,0,0,0,1,1,1,0,1,1,1,1,1,1,1,0,0,1,0,1,1 : 5062.0
1,1,1,1,0,1,1,1,0,1,1,1,0,1,1,1,1,1,1,1,0,1,1,0,1,1 : 5062.0
1,1,1,1,0,1,0,0,0,1,1,1,0,1,1,1,1,1,1,1,0,1,0,0,1,1 : 5062.0
1,1,1,1,0,1,0,0,0,1,1,1,0,1,1,1,1,1,1,1,0,1,1,0,1,1 : 5062.0
1,1,1,1,0,0,0,0,0,1,1,1,0,1,1,1,1,1,1,1,0,0,1,0,1,1 : 5062.0
1,1,1,1,0,0,1,1,0,1,1,1,0,1,1,1,1,1,1,1,0,1,0,0,1,1 : 5062.0
