1,1,1,1,0,0,0,1,1,0,1,0,1,0,1,1,1,0,1,1,0,0,0,0,0,1,1,0,0,0,0,1,1,0,0,0,0,1,0 : 13.0769
1,1,0,1,0,0,1,0,0,0,0,1,0,0,0,1,1,0,1,1,1,1,1,1,0,0,0,0,1,0,1,0,1,0,0,1,0,1,1 : 13.5935
0,0,0,0,0,0,1,1,0,1,0,1,0,1,1,0,0,0,1,0,0,1,0,1,0,1,0,1,0,0,1,0,1,0,0,0,0,1,1 : 13.3695
0,1,1,1,0,0,0,0,0,0,1,1,1,1,0,1,1,0,0,0,1,0,0,1,1,1,0,0,1,1,0,0,1,0,0,0,0,0,0 : 13.1284
0,0,0,1,0,0,0,0,1,1,1,1,0,0,0,1,0,1,1,0,0,1,0,1,0,1,1,0,1,1,0,0,0,0,0,0,1,1,0 : 13.1284
0,1,0,0,0,1,1,1,1,0,0,1,0,1,1,1,0,1,1,1,1,0,1,0,0,0,1,0,0,0,0,0,0,0,0,0,1,0,0 : 13.4596
1,1,0,1,1,0,1,0,1,1,1,0,1,1,1,1,0,1,0,1,1,0,1,0,0,0,0,0,0,1,0,0,0,1,0,0,1,1,0 : 14.2626
1,1,0,0,1,0,1,1,1,1,0,1,1,1,0,0,1,1,1,1,1,1,0,1,1,0,1,0,0,0,1,0,0,1,0,1,1,1,1 : 13.6324
0,0,0,0,0,0,1,1,1,0,1,0,1,0,0,1,1,0,1,0,0,0,1,1,0,0,0,1,1,0,0,0,0,1,0,0,1,0,0 : 13.0769
0,1,1,1,0,0,0,1,1,1,0,1,0,0,0,1,0,0,0,1,0,1,1,1,0,0,1,0,1,0,1,1,1,0,0,0,1,1,1 : 13.4238
0,1,0,1,1,1,1,0,1,0,1,0,0,1,1,1,0,1,0,0,0,1,0,0,0,0,0,1,0,0,1,0,0,1,0,1,0,1,0 : 13.4596
1,1,0,0,0,0,1,1,1,1,0,0,1,0,1,0,1,0,1,1,1,0,1,0,1,1,0,1,1,0,0,1,0,1,0,0,1,1,0 : 13.3695
0,0,0,0,0,0,0,0,0,0,0,1,0,1,0,1,0,1,0,0,0,1,0,1,0,1,0,0,0,1,1,0,0,0,1,0,0,1,0 : 13.1284
0,0,0,0,1,0,0,1,0,0,1,1,0,0,1,0,0,0,1,0,1,0,0,1,1,1,0,0,0,0,0,0,0,0,0,1,0,0,1 : 13.1175
0,1,0,0,1,1,1,0,1,1,0,1,1,1,1,0,0,1,1,0,0,0,1,1,1,1,0,0,1,1,0,0,0,1,1,1,0,0,0 : 14.4688
1,1,0,0,0,0,1,1,1,1,0,1,0,1,1,1,0,1,1,0,0,1,0,0,1,1,0,0,0,1,1,0,1,1,0,0,1,1,1 : 13.1284
0,0,0,1,0,0,1,1,0,0,0,1,1,0,0,0,1,0,1,1,1,1,1,0,0,0,1,1,0,0,1,1,0,1,0,1,1,1,0 : 13.7606
0,0,0,1,1,1,0,1,0,0,1,1,0,0,0,1,0,1,0,0,0,0,0,1,0,1,0,0,0,1,1,0,0,0,0,0,0,0,0 : 13.4596
1,0,0,1,0,0,1,1,0,1,1,1,0,0,1,1,1,0,1,0,0,1,0,0,0,0,0,1,0,1,0,0,1,0,0,1,0,1,0 : 13.1284
0,1,0,0,0,0,0,1,0,0,0,1,0,0,0,0,0,1,0,0,1,1,0,1,0,0,0,0,1,0,1,0,1,0,0,0,0,0,0 : 13.6114
0,1,0,1,1,1,1,1,0,0,1,0,1,0,0,0,1,1,1,0,0,1,0,0,1,0,1,1,0,0,1,0,0,1,0,1,1,1,0 : 14.4688
1,0,0,1,0,0,0,1,1,1,0,1,0,1,1,1,1,1,0,0,1,0,0,0,0,0,0,0,0,1,1,0,1,1,0,0,0,1,0 : 13.1284
1,1,0,1,0,0,1,1,1,1,0,1,0,1,0,1,1,1,0,1,1,1,0,1,1,1,0,0,1,1,0,0,0,0,0,1,1,0,0 : 13.1284
1,0,0,1,1,1,1,1,1,0,1,1,1,0,0,1,0,1,0,1,1,0,1,0,0,0,1,0,0,0,1,1,0,1,0,1,0,0,0 : 13.4596
0,1,0,0,0,1,0,1,1,0,1,1,0,1,1,1,0,0,0,0,0,1,0,1,0,0,1,0,1,0,1,1,0,1,1,0,0,0,1 : 13.4596
1,0,1,0,0,0,1,1,0,0,1,1,1,0,0,0,0,1,0,0,1,0,1,1,0,0,0,0,0,1,0,1,1,0,0,1,0,1,0 : 13.7606
1,1,0,1,0,1,1,1,0,0,0,1,0,0,1,1,1,1,0,0,0,1,0,1,0,0,0,1,0,0,1,0,1,1,0,1,0,0,0 : 13.4596
1,0,0,0,0,0,0,0,1,1,1,1,1,0,1,1,0,1,1,1,0,0,0,1,0,1,1,0,0,1,0,1,0,1,0,1,1,0,0 : 13.1284
0,1,0,1,0,0,0,0,1,1,1,1,0,0,0,1,0,0,1,0,1,1,0,1,0,0,1,0,1,1,1,1,1,0,0,1,0,0,0 : 13.1284
0,0,0,0,1,1,0,1,0,1,1,1,1,1,0,1,1,0,0,1,0,1,1,1,0,0,0,1,0,0,1,0,0,1,0,0,1,1,1 : 14.3946
1,0,1,0,1,0,0,0,1,0,0,0,1,1,0,1,1,0,0,0,1,1,0,1,0,0,1,0,0,1,0,1,1,0,0,0,1,1,1 : 14.2626
1,0,0,1,0,0,0,1,1,0,1,0,0,1,1,1,1,1,1,1,0,0,0,0,1,0,1,0,0,1,1,0,0,1,0,0,0,0,1 : 13.1284
1,0,0,1,0,0,0,0,0,1,1,0,1,1,1,1,0,0,0,0,0,0,0,0,0,0,1,0,0,1,0,0,0,1,0,0,1,1,1 : 13.1284
1,1,1,0,0,1,0,0,1,0,1,1,0,0,0,1,0,1,1,0,0,1,0,0,0,0,0,0,0,1,0,0,0,1,0,1,0,1,0 : 13.4596
1,0,1,1,0,0,0,0,1,0,1,1,1,0,1,1,0,0,0,1,0,0,0,1,0,0,1,0,1,1,1,0,0,1,0,1,0,1,1 : 13.1284
1,0,0,1,0,0,1,0,0,0,0,1,1,0,1,0,1,0,0,0,1,0,1,1,0,1,0,0,0,0,1,0,1,0,1,1,0,0,0 : 13.3695
1,0,1,0,0,1,0,1,1,1,1,1,0,0,1,1,0,1,1,0,0,0,0,1,0,1,0,1,0,1,0,0,0,0,0,1,1,0,0 : 14.3946
1,1,0,1,0,0,1,0,1,1,0,1,0,0,1,1,1,0,0,0,1,1,0,1,0,0,0,0,1,1,1,0,1,0,0,1,1,1,1 : 13.1284
1,0,1,0,0,0,1,0,0,1,1,1,0,0,1,0,0,1,1,1,0,1,1,0,1,1,0,0,1,1,1,0,0,1,0,0,0,1,0 : 13.3695
0,0,0,1,1,1,1,1,1,0,0,0,1,1,0,1,0,1,1,0,1,1,0,1,0,0,0,0,1,0,0,0,1,0,0,0,0,0,0 : 13.4596
0,0,0,1,0,1,1,1,0,0,1,0,0,0,1,1,0,1,0,1,0,1,0,1,0,1,1,0,0,0,1,1,1,0,1,0,0,0,1 : 13.4596
0,1,0,1,0,0,0,1,0,0,0,0,0,1,1,1,0,0,0,1,1,0,0,0,0,0,0,0,1,1,1,0,1,0,0,1,0,0,1 : 13.1284
1,0,0,1,0,1,0,0,0,0,0,0,0,0,0,1,1,0,0,0,1,0,1,0,1,0,1,0,1,0,1,0,1,1,0,0,1,1,1 : 13.4596
1,0,0,1,0,1,1,1,1,0,0,0,0,0,1,1,0,0,1,0,0,1,1,0,0,0,1,0,0,1,1,1,0,1,0,0,0,1,0 : 13.4596
1,1,0,1,0,0,0,1,1,0,1,0,1,1,1,1,0,1,0,1,0,1,0,0,0,0,0,0,0,1,1,0,1,0,0,1,0,1,1 : 13.1284
1,0,1,1,0,0,0,0,0,1,0,1,0,0,0,1,0,0,1,0,1,1,0,0,1,1,0,0,1,1,0,0,1,0,0,1,0,1,1 : 13.1284
0,0,0,0,0,1,1,0,1,1,0,1,1,1,1,1,0,0,1,1,1,1,1,0,0,1,1,0,0,0,0,0,1,0,0,1,1,1,1 : 14.3946
1,1,0,0,0,1,0,0,1,0,0,1,0,1,0,1,1,0,1,1,1,1,1,0,0,0,1,0,0,0,1,0,1,0,0,0,1,0,0 : 13.4596
0,0,0,1,0,0,0,1,1,0,1,1,0,0,1,1,0,1,1,0,0,0,0,1,0,1,0,0,0,1,0,0,0,0,0,1,1,0,1 : 13.1284
1,1,0,1,1,1,1,1,0,0,1,0,0,0,1,1,0,0,1,1,0,0,1,0,0,0,0,0,1,0,0,1,0,1,0,0,0,1,0 : 13.4596
1,0,1,0,0,0,1,1,0,0,0,1,0,1,0,1,1,1,0,0,0,1,0,0,1,1,0,0,1,1,1,0,0,1,0,0,0,0,0 : 13.1284
1,0,0,1,0,0,1,0,1,0,0,0,0,0,1,0,0,0,1,0,0,1,1,0,1,0,1,0,0,1,0,0,1,1,0,1,0,0,0 : 13.7606
1,0,0,1,0,1,0,1,1,0,1,1,1,0,1,1,0,1,1,1,1,0,1,1,0,1,1,0,0,0,0,0,1,0,1,1,0,0,0 : 13.4596
0,1,0,0,0,0,1,0,1,1,0,1,1,1,1,1,1,0,1,0,0,1,0,1,0,1,1,0,1,0,1,0,1,0,0,0,1,1,1 : 13.0769
1,1,0,0,0,0,1,1,1,0,0,0,1,0,0,1,0,1,1,1,0,0,0,0,0,0,0,0,0,0,0,0,0,1,0,0,1,0,1 : 13.1298
0,1,0,0,0,1,1,0,1,0,0,0,1,1,1,1,1,1,1,0,1,0,1,1,0,0,1,0,1,0,1,1,1,0,0,1,1,1,0 : 13.4596
0,0,0,1,0,0,1,0,1,1,1,1,0,1,0,1,0,0,0,1,0,0,1,1,0,1,0,0,0,0,1,0,1,0,0,0,0,1,1 : 13.4238
0,1,0,1,0,1,0,0,0,0,0,1,0,0,0,1,1,0,1,0,1,0,1,1,1,1,0,0,0,1,0,0,1,1,0,1,1,0,1 : 13.4596
1,1,0,1,0,0,1,0,0,1,0,1,1,0,1,0,0,0,1,0,1,0,0,1,0,1,0,0,1,0,1,0,1,0,0,0,0,1,0 : 13.3695
0,1,1,1,0,0,0,0,1,0,0,0,0,1,1,1,0,0,1,1,0,1,0,1,1,0,1,0,1,1,1,0,1,0,0,1,1,1,1 : 13.1284
1,0,0,0,0,1,0,0,1,0,1,1,1,1,0,1,1,1,1,0,1,1,1,1,0,0,0,0,1,1,1,0,0,1,0,0,1,1,0 : 13.4596
1,0,0,1,0,0,0,0,1,0,1,1,1,0,1,1,0,0,0,1,1,0,0,0,1,0,1,1,0,1,0,0,1,0,0,0,0,0,0 : 13.1284
1,0,0,0,1,1,1,0,0,0,1,1,0,0,1,1,0,1,1,0,1,1,0,0,1,1,0,0,1,1,1,1,0,1,0,0,0,1,0 : 13.4596
1,1,0,1,0,0,1,0,1,0,1,1,1,0,1,1,1,0,1,1,1,1,0,0,0,1,1,0,0,0,0,0,0,1,0,0,1,1,0 : 13.0769
1,1,0,0,0,1,1,1,0,0,0,1,0,1,0,1,1,1,0,1,0,0,0,0,0,1,1,0,0,0,1,0,1,0,1,0,0,1,0 : 13.4596
0,1,1,1,0,0,0,1,0,1,0,0,0,0,0,1,1,0,0,0,0,0,0,1,0,0,1,0,1,1,0,0,1,0,0,1,0,0,0 : 13.1284
1,0,0,1,1,0,0,1,0,0,1,0,0,1,1,0,0,1,0,0,1,0,0,0,0,0,0,0,1,0,1,0,1,1,0,0,0,1,1 : 13.5463
1,1,0,0,0,0,0,0,1,1,0,0,0,0,0,1,0,0,1,0,1,0,0,1,1,0,1,1,0,1,0,0,1,1,0,0,1,0,0 : 13.1284
0,0,0,1,0,0,0,1,0,0,1,1,0,0,0,0,0,1,0,0,0,0,0,0,1,1,0,1,0,0,1,1,1,0,0,0,0,1,0 : 13.8373
1,1,0,0,1,1,0,0,1,0,0,1,0,0,0,1,1,0,1,0,0,0,0,0,0,0,0,0,0,1,1,0,1,1,0,0,0,1,0 : 13.4596
1,0,0,1,1,0,1,0,1,0,1,0,1,1,0,0,0,0,0,0,1,1,1,0,0,0,0,0,0,1,0,0,1,1,0,1,0,0,1 : 13.6324
1,1,0,1,0,0,0,0,1,0,1,1,0,0,1,1,1,0,1,0,1,0,0,0,0,1,0,0,0,1,1,0,0,1,0,1,1,0,0 : 13.1284
1,0,0,0,0,0,0,1,1,1,1,1,0,1,0,1,1,1,1,0,0,1,0,1,0,0,0,0,0,1,0,0,0,1,0,0,1,0,0 : 13.1284
1,1,0,1,0,1,0,1,0,0,1,0,0,0,0,1,1,0,0,0,1,0,0,0,0,0,1,0,1,0,0,0,1,1,0,1,1,1,1 : 13.4596
1,0,0,1,0,1,0,0,0,0,0,1,0,0,0,1,0,0,0,1,1,0,1,1,0,0,0,0,1,1,1,0,1,0,0,1,1,0,0 : 13.4596
1,1,1,1,0,0,0,1,1,1,0,1,0,1,0,1,0,0,1,0,0,1,1,0,0,0,0,0,0,0,1,0,1,1,0,0,1,1,1 : 13.3165
0,1,1,0,0,1,0,0,1,0,1,1,0,1,0,1,1,0,1,0,1,1,0,1,0,0,0,0,1,0,1,1,0,1,0,0,1,1,0 : 13.4596
1,1,0,1,0,1,1,1,0,0,0,1,0,0,1,1,0,0,0,1,1,0,0,0,0,1,0,0,0,0,1,1,1,0,0,1,0,1,0 : 13.4596
1,1,0,1,1,0,1,0,0,0,1,1,0,1,0,0,1,1,0,0,0,0,1,1,0,0,1,1,0,1,0,0,0,1,1,0,0,0,1 : 13.6324
1,1,0,0,1,1,0,1,1,0,0,1,0,0,1,1,1,1,0,1,1,1,1,1,0,0,1,0,1,0,0,0,1,1,0,1,1,0,0 : 13.4596
1,0,0,0,0,1,0,1,1,0,0,0,0,0,1,1,0,1,0,0,0,1,1,0,0,0,0,0,1,0,1,0,0,1,0,1,0,1,0 : 13.4596
1,1,1,1,0,0,0,1,0,0,0,0,1,1,1,1,0,0,0,0,0,0,0,0,1,1,0,0,0,1,1,0,1,1,0,1,1,0,0 : 13.1284
0,0,0,0,0,1,0,1,0,0,0,0,0,0,0,1,1,1,1,0,0,1,1,1,0,0,1,0,0,0,0,1,1,0,0,1,0,0,1 : 13.4596
1,1,0,1,0,0,0,0,1,0,0,0,1,0,1,1,1,0,0,1,1,0,0,0,0,1,1,0,1,1,1,0,1,0,0,0,0,0,0 : 13.1284
0,1,1,0,0,1,0,1,1,0,1,0,1,1,1,1,0,0,1,1,0,0,0,0,0,0,1,0,1,1,1,0,1,1,0,0,1,0,0 : 13.4596
0,0,0,1,0,0,1,1,1,0,0,0,1,0,1,1,1,1,1,0,0,0,0,0,0,0,0,0,1,0,0,0,0,0,0,0,1,1,1 : 13.0769
1,0,0,1,0,0,1,1,1,0,0,1,1,0,1,1,1,1,1,0,1,0,0,0,0,1,0,0,1,0,1,1,0,1,0,0,1,0,0 : 13.0769
1,0,0,1,0,1,1,1,1,0,0,1,1,0,1,1,0,1,1,0,0,0,1,0,1,0,1,0,1,0,0,0,1,1,0,1,0,0,0 : 13.4596
1,0,0,0,1,0,1,1,0,1,0,0,0,0,0,0,0,1,0,1,1,1,0,0,0,0,0,1,1,0,0,0,0,1,0,0,0,1,1 : 13.6324
0,0,0,1,0,0,1,1,1,0,1,0,0,0,1,1,0,0,0,1,0,0,0,1,0,1,0,0,0,1,0,0,1,0,0,1,1,1,0 : 13.1284
0,1,0,0,0,0,1,0,1,0,0,1,0,1,1,1,0,0,0,0,1,0,0,0,0,0,1,0,0,1,1,0,0,0,0,0,1,1,0 : 13.1284
1,0,0,1,0,0,0,1,0,1,1,1,1,0,0,1,0,0,0,1,1,0,0,0,1,1,0,0,0,1,0,0,1,1,0,0,1,0,0 : 13.1284
0,1,0,0,1,0,0,1,1,1,1,1,1,1,0,1,1,0,1,0,0,1,1,1,1,1,0,0,1,1,1,0,1,1,0,0,1,0,0 : 14.2626
0,1,0,1,0,0,1,0,1,1,1,1,1,1,0,1,0,0,0,1,0,0,0,0,0,0,0,1,0,1,0,0,0,1,0,0,1,1,0 : 13.1284
1,0,0,0,0,0,1,0,0,1,1,0,1,1,0,1,1,0,0,1,1,0,0,1,0,0,0,0,0,1,1,1,1,0,0,1,1,0,1 : 13.1284
0,1,0,1,0,1,0,1,0,0,0,0,1,0,1,1,1,0,0,0,1,1,1,0,0,1,1,0,0,1,1,0,0,0,0,0,1,1,0 : 13.4596
1,0,0,0,1,0,1,1,1,1,1,1,0,1,1,0,0,1,1,0,0,1,0,0,0,1,0,0,0,0,0,0,0,1,0,0,1,1,0 : 13.3695
0,0,0,1,1,1,0,1,0,0,0,0,1,1,1,1,1,0,0,1,1,1,0,1,0,1,0,0,1,0,1,0,0,1,0,0,1,0,0 : 13.4596
0,0,1,1,0,0,0,0,0,0,1,1,1,0,1,1,0,1,1,0,1,0,0,1,0,0,1,0,1,1,1,1,0,1,0,1,0,1,1 : 13.1284
0,0,0,1,0,0,0,0,0,1,0,1,0,0,1,1,0,0,0,0,1,0,0,1,0,0,1,0,0,1,0,1,1,0,0,0,0,1,1 : 13.1284
