1,0,0,0,0,0,0,0,1,0,1,0,1,1,0,1,1,1,1,1,1,0,0,1,0,1,0,0,0,0,1,0,1,1,0,0,1,0,0 : 12.7139
1,0,0,0,0,0,0,1,1,0,1,0,0,1,0,1,1,1,1,1,1,0,0,1,0,1,0,0,0,0,1,0,1,1,0,1,1,0,0 : 12.7139
1,0,0,0,0,0,0,1,1,0,1,0,0,1,0,1,1,1,1,1,1,0,0,1,0,1,0,0,0,0,1,0,1,1,0,0,1,0,0 : 12.7139
1,0,0,0,0,0,0,1,1,0,1,0,0,1,0,0,1,1,1,1,1,0,0,1,0,1,0,0,0,0,1,0,1,1,0,1,1,0,1 : 12.7139
1,0,0,0,0,0,0,0,1,0,1,0,1,1,0,1,1,1,1,1,1,0,0,1,0,1,0,0,0,0,1,0,1,1,0,0,1,0,0 : 12.7139
1,0,0,0,0,0,0,1,1,0,1,0,0,1,0,1,1,1,1,1,1,0,0,1,0,1,0,0,0,0,1,0,1,1,0,1,1,0,0 : 12.7139
1,0,0,0,0,0,0,1,1,0,1,0,0,1,0,1,1,1,1,1,1,0,0,1,0,1,0,0,0,0,1,0,1,1,0,0,1,0,0 : 12.7139
1,0,0,0,0,0,0,1,1,0,1,0,0,1,0,0,1,1,1,1,1,0,0,1,0,1,0,0,0,0,1,0,1,1,0,1,1,0,1 : 12.7139
1,1,0,1,1,0,0,0,0,1,1,1,1,0,1,0,1,1,0,1,1,1,1,0,1,0,1,0,0,1,0,0,1,1,0,1,0,0,0 : 12.8051
0,0,1,1,0,0,0,0,0,1,1,1,1,0,1,1,0,1,0,1,1,0,0,0,1,0,1,0,1,0,0,0,0,0,0,1,0,0,1 : 12.8051
0,0,0,1,0,0,0,1,0,1,1,1,1,0,1,1,1,1,0,1,1,0,0,0,1,0,1,1,1,0,0,0,0,0,0,1,0,0,1 : 12.8051
1,0,0,1,1,0,0,0,0,1,1,1,1,0,0,0,1,1,0,1,1,1,1,0,1,0,1,0,0,1,0,0,1,0,0,1,0,0,0 : 12.8051
0,0,1,0,1,0,0,0,1,0,0,1,0,1,0,0,1,1,0,1,1,0,1,1,1,0,1,1,1,0,0,1,0,1,0,1,1,0,0 : 12.8051
0,0,1,1,0,0,0,0,0,1,1,1,1,0,1,1,0,1,0,1,1,0,1,0,1,0,1,0,1,0,0,0,0,0,0,1,0,0,1 : 12.8051
0,0,1,1,0,0,0,0,0,1,1,1,1,0,1,1,1,1,0,1,1,0,0,0,1,0,1,1,1,0,0,0,0,0,0,1,1,0,1 : 12.8051
1,1,0,1,1,0,0,0,0,1,1,1,1,0,1,0,1,1,0,1,1,1,1,0,1,0,1,0,0,1,0,0,1,1,0,1,0,0,0 : 12.8051
0,0,1,1,0,0,0,0,0,1,1,1,1,0,1,1,0,1,0,1,1,0,0,0,1,0,1,0,1,0,0,0,0,0,0,1,0,0,1 : 12.8051
0,0,0,1,0,0,0,1,0,1,1,1,1,0,1,1,1,1,0,1,1,0,0,0,1,0,1,1,1,0,0,0,0,0,0,1,0,0,1 : 12.8051
1,0,0,1,1,0,0,0,0,1,1,1,1,0,0,0,1,1,0,1,1,1,1,0,1,0,1,0,0,1,0,0,1,0,0,1,0,0,0 : 12.8051
0,0,1,0,1,0,0,0,1,0,0,1,0,1,0,0,1,1,0,1,1,0,1,1,1,0,1,1,1,0,0,1,0,1,0,1,1,0,0 : 12.8051
0,0,1,1,0,0,0,0,0,1,1,1,1,0,1,1,0,1,0,1,1,0,1,0,1,0,1,0,1,0,0,0,0,0,0,1,0,0,1 : 12.8051
0,0,1,1,0,0,0,0,0,1,1,1,1,0,1,1,1,1,0,1,1,0,0,0,1,0,1,1,1,0,0,0,0,0,0,1,1,0,1 : 12.8051
0,1,0,0,0,0,0,1,0,1,0,0,1,1,1,1,0,1,1,1,0,1,0,0,0,1,0,0,1,1,1,1,1,0,0,0,1,1,0 : 13.0004
0,0,0,1,0,0,1,0,0,0,1,0,1,1,1,1,0,1,1,1,0,0,0,1,0,0,1,0,0,1,1,0,0,0,0,0,0,1,1 : 13.0004
0,1,0,0,0,0,0,1,1,1,0,0,1,1,1,1,0,1,1,1,0,0,0,0,0,0,0,0,1,1,1,1,1,0,0,0,1,1,0 : 13.0004
0,1,0,0,0,0,0,1,0,1,0,0,1,1,0,1,0,1,1,1,0,0,0,0,0,1,0,0,1,0,1,1,1,0,0,0,1,1,0 : 13.0004
0,1,0,0,0,0,0,1,0,1,0,0,1,1,1,1,0,1,1,1,0,1,0,0,0,1,0,0,1,1,1,1,1,0,0,0,1,1,0 : 13.0004
0,0,0,1,0,0,1,0,0,0,1,0,1,1,1,1,0,1,1,1,0,0,0,1,0,0,1,0,0,1,1,0,0,0,0,0,0,1,1 : 13.0004
0,1,0,0,0,0,0,1,1,1,0,0,1,1,1,1,0,1,1,1,0,0,0,0,0,0,0,0,1,1,1,1,1,0,0,0,1,1,0 : 13.0004
0,1,0,0,0,0,0,1,0,1,0,0,1,1,0,1,0,1,1,1,0,0,0,0,0,1,0,0,1,0,1,1,1,0,0,0,1,1,0 : 13.0004
1,0,0,1,1,0,0,0,1,0,1,0,1,0,1,0,0,1,1,1,1,1,0,0,0,0,1,0,1,0,1,0,1,1,0,1,1,1,1 : 13.0451
1,0,0,1,1,0,0,0,1,0,1,0,0,0,1,0,0,1,1,1,1,1,0,0,0,0,1,0,1,0,1,0,1,0,0,1,1,1,1 : 13.0451
1,0,0,1,1,0,0,0,1,0,1,0,1,0,1,0,0,1,1,1,1,1,0,0,0,0,1,0,1,0,1,0,1,1,0,1,1,1,1 : 13.0451
1,0,0,1,1,0,0,0,1,0,1,0,0,0,1,0,0,1,1,1,1,1,0,0,0,0,1,0,1,0,1,0,1,0,0,1,1,1,1 : 13.0451
0,1,0,1,1,0,1,1,0,0,1,0,0,1,0,1,1,0,1,1,0,0,0,0,0,0,1,1,0,0,1,1,0,1,0,0,0,1,1 : 13.059
0,1,0,1,1,0,1,1,0,0,1,0,0,1,0,1,1,0,1,1,0,0,0,0,0,0,1,1,0,0,1,1,0,1,0,0,0,1,1 : 13.059
1,0,1,1,0,0,0,1,0,0,0,0,1,0,1,1,1,0,0,0,0,0,0,1,0,0,1,0,0,0,0,1,0,1,0,1,0,0,1 : 13.059
0,1,0,1,1,0,1,1,0,0,1,0,0,1,0,1,1,0,1,1,0,0,0,0,0,0,1,1,0,0,1,1,0,1,0,0,0,1,1 : 13.059
0,1,0,1,1,0,1,1,0,0,1,0,0,1,0,1,1,0,1,1,0,0,0,0,0,0,1,1,0,0,1,1,0,1,0,0,0,1,1 : 13.059
0,1,0,1,1,0,1,1,0,0,1,0,0,1,0,1,1,0,1,1,0,0,0,0,0,0,1,1,0,0,1,1,0,1,0,0,0,1,1 : 13.059
0,1,0,1,1,0,1,1,0,0,1,0,0,1,0,1,1,0,1,1,0,0,0,0,0,0,1,1,0,0,1,1,0,1,0,0,0,1,1 : 13.059
1,0,1,1,0,0,0,1,0,0,0,0,1,0,1,1,1,0,0,0,0,0,0,1,0,0,1,0,0,0,0,1,0,1,0,1,0,0,1 : 13.059
0,1,0,1,1,0,1,1,0,0,1,0,0,1,0,1,1,0,1,1,0,0,0,0,0,0,1,1,0,0,1,1,0,1,0,0,0,1,1 : 13.059
0,1,0,1,1,0,1,1,0,0,1,0,0,1,0,1,1,0,1,1,0,0,0,0,0,0,1,1,0,0,1,1,0,1,0,0,0,1,1 : 13.059
0,1,0,1,0,0,0,0,1,1,0,1,1,0,0,1,1,1,1,1,1,1,0,0,0,0,1,0,1,1,0,0,1,1,0,0,0,0,1 : 13.0713
0,1,0,1,0,0,0,0,1,1,0,1,1,0,0,1,1,1,1,1,1,1,0,0,0,0,1,0,1,1,0,0,1,1,0,0,0,0,1 : 13.0713
0,1,0,1,0,0,0,0,1,1,0,1,1,0,0,1,1,1,1,1,1,1,0,0,0,0,1,0,1,1,0,0,1,1,0,0,0,0,1 : 13.0713
0,1,0,1,0,0,0,0,1,1,0,1,1,0,0,1,1,1,1,1,1,1,0,0,0,0,1,0,1,1,0,0,1,1,0,0,0,0,1 : 13.0713
0,1,0,1,0,0,0,0,1,1,0,1,1,0,0,1,1,1,1,1,1,1,0,0,0,0,1,0,1,1,0,0,1,1,0,0,0,0,1 : 13.0713
0,1,0,1,0,0,0,0,1,1,0,1,1,0,0,1,1,1,1,1,1,1,0,0,0,0,1,0,1,1,0,0,1,1,0,0,0,0,1 : 13.0713
1,0,0,1,0,0,0,0,0,1,1,1,0,0,0,0,1,1,1,1,1,0,1,1,0,1,0,0,0,0,0,1,0,1,0,1,0,0,0 : 13.1283
0,0,0,1,0,0,0,0,0,0,1,1,1,0,0,0,1,1,1,1,1,0,1,1,0,1,0,0,0,0,0,1,0,1,0,1,0,0,0 : 13.1283
1,0,0,1,0,0,0,0,0,1,1,1,0,0,0,0,1,1,1,1,1,0,1,1,0,1,0,0,0,0,0,1,0,1,0,1,0,0,0 : 13.1283
0,0,0,1,0,0,0,0,0,0,1,1,1,0,0,0,1,1,1,1,1,0,1,1,0,1,0,0,0,0,0,1,0,1,0,1,0,0,0 : 13.1283
1,1,0,1,1,0,1,1,1,1,0,1,0,1,1,0,1,0,1,1,1,0,0,0,1,0,1,1,0,0,1,1,1,0,0,1,1,1,0 : 13.1294
1,1,0,1,1,0,1,1,1,1,0,1,0,1,1,1,1,0,1,1,0,0,0,0,1,0,1,1,0,0,1,1,1,0,0,1,1,1,0 : 13.1294
1,1,0,1,1,0,1,1,1,1,0,1,0,1,1,0,1,0,1,1,1,0,0,0,1,0,1,1,0,0,1,1,1,0,0,1,1,1,0 : 13.1294
1,1,0,1,1,0,1,1,1,1,0,1,0,1,1,1,1,0,1,1,0,0,0,0,1,0,1,1,0,0,1,1,1,0,0,1,1,1,0 : 13.1294
0,0,1,1,0,0,0,1,1,0,1,0,1,1,0,1,0,0,1,1,0,1,0,1,1,1,0,0,1,1,0,0,1,0,0,1,0,1,0 : 13.1305
0,0,1,1,0,0,0,1,1,0,1,0,1,1,0,1,0,0,1,1,0,1,0,1,1,1,0,0,1,1,0,0,1,0,0,1,0,1,0 : 13.1305
1,1,1,0,0,0,1,0,0,0,1,1,0,0,0,0,0,0,0,1,1,1,0,1,0,0,1,0,0,1,0,1,1,0,0,0,0,1,0 : 13.1815
1,1,1,0,0,0,1,0,0,0,1,1,0,0,0,0,0,0,0,1,1,1,0,1,0,0,1,0,0,1,0,1,1,0,0,0,0,0,0 : 13.1815
1,1,1,0,0,0,1,0,0,0,1,1,0,0,0,0,0,0,0,1,1,1,0,1,0,0,1,0,0,1,0,1,1,0,0,0,0,1,0 : 13.1815
1,1,1,0,0,0,1,0,0,0,1,1,0,0,0,0,0,0,0,1,1,1,0,1,0,0,1,0,0,1,0,1,1,0,0,0,0,0,0 : 13.1815
1,1,1,0,0,0,1,0,0,0,1,1,0,0,0,0,0,0,0,1,1,1,0,1,0,0,1,0,0,1,0,1,1,0,0,0,0,1,0 : 13.1815
1,1,1,0,0,0,1,0,0,0,1,1,0,0,0,0,0,0,0,1,1,1,0,1,0,0,1,0,0,1,0,1,1,0,0,0,0,0,0 : 13.1815
1,1,1,0,0,0,1,0,0,0,1,1,0,0,0,0,0,0,0,1,1,1,0,1,0,0,1,0,0,1,0,1,1,0,0,0,0,1,0 : 13.1815
1,1,1,0,0,0,1,0,0,0,1,1,0,0,0,0,0,0,0,1,1,1,0,1,0,0,1,0,0,1,0,1,1,0,0,0,0,0,0 : 13.1815
1,0,0,1,1,1,0,0,0,1,0,0,0,0,1,1,1,1,1,0,0,1,1,0,0,1,1,0,0,0,1,1,0,1,0,1,0,0,1 : 13.2118
0,0,0,1,0,1,0,0,0,0,0,0,1,0,1,0,1,0,1,0,1,1,1,0,1,0,1,1,0,0,1,0,0,0,1,0,0,1,0 : 13.2118
1,0,0,1,0,1,0,0,0,1,1,0,0,0,1,1,1,1,1,0,0,1,1,0,0,1,1,0,0,0,0,1,0,1,0,1,0,1,1 : 13.2118
1,0,0,1,0,1,0,0,0,1,0,0,0,0,1,1,1,1,1,0,0,1,1,0,0,1,1,0,1,0,1,1,0,1,0,1,0,0,1 : 13.2118
1,0,0,1,0,1,0,0,0,0,0,0,0,0,1,1,1,1,1,0,0,1,1,0,0,1,1,0,0,0,1,1,0,1,0,1,0,0,1 : 13.2118
1,0,0,1,1,1,0,0,0,1,0,0,0,0,1,1,1,1,1,0,0,1,1,0,0,1,1,0,0,0,1,1,0,1,0,1,0,0,1 : 13.2118
0,0,0,1,0,1,0,0,0,0,0,0,1,0,1,0,1,0,1,0,1,1,1,0,1,0,1,1,0,0,1,0,0,0,1,0,0,1,0 : 13.2118
1,0,0,1,0,1,0,0,0,1,1,0,0,0,1,1,1,1,1,0,0,1,1,0,0,1,1,0,0,0,0,1,0,1,0,1,0,1,1 : 13.2118
1,0,0,1,0,1,0,0,0,1,0,0,0,0,1,1,1,1,1,0,0,1,1,0,0,1,1,0,1,0,1,1,0,1,0,1,0,0,1 : 13.2118
1,0,0,1,0,1,0,0,0,0,0,0,0,0,1,1,1,1,1,0,0,1,1,0,0,1,1,0,0,0,1,1,0,1,0,1,0,0,1 : 13.2118
0,0,1,0,1,0,0,0,1,0,0,1,1,0,1,0,0,0,1,1,1,0,0,1,0,0,0,1,0,1,0,1,0,1,0,0,1,0,0 : 13.2471
0,0,1,0,1,0,0,0,1,0,0,1,1,0,1,0,0,0,1,1,1,1,0,1,0,0,0,0,0,1,0,1,0,1,0,1,1,0,0 : 13.2471
0,0,1,0,1,0,0,1,1,0,1,1,1,0,1,0,0,0,1,1,1,0,0,1,0,0,0,1,0,1,0,1,0,1,0,0,1,0,0 : 13.2471
0,0,1,0,1,0,0,0,1,0,0,1,1,0,1,0,0,0,1,1,1,0,0,1,0,0,0,0,1,1,0,1,0,1,0,1,1,0,0 : 13.2471
0,0,1,0,1,0,0,0,1,0,0,1,1,0,1,0,0,0,1,1,1,0,0,1,0,0,0,1,0,1,0,1,0,1,0,0,1,0,0 : 13.2471
0,0,1,0,1,0,0,0,1,0,0,1,1,0,1,0,0,0,1,1,1,1,0,1,0,0,0,0,0,1,0,1,0,1,0,1,1,0,0 : 13.2471
0,0,1,0,1,0,0,1,1,0,1,1,1,0,1,0,0,0,1,1,1,0,0,1,0,0,0,1,0,1,0,1,0,1,0,0,1,0,0 : 13.2471
0,0,1,0,1,0,0,0,1,0,0,1,1,0,1,0,0,0,1,1,1,0,0,1,0,0,0,0,1,1,0,1,0,1,0,1,1,0,0 : 13.2471
0,0,1,0,1,0,0,0,1,1,1,0,0,1,1,0,0,1,0,1,0,1,0,1,0,0,0,0,0,0,0,0,0,0,0,1,0,1,0 : 13.2594
0,1,1,0,1,0,0,0,1,1,1,0,0,1,1,0,1,1,0,1,0,1,0,1,0,0,0,0,0,0,0,0,0,0,0,1,0,1,0 : 13.2594
0,0,1,0,1,0,0,0,1,1,1,0,0,1,1,0,1,1,0,1,0,1,0,1,0,0,0,0,0,0,0,0,0,0,0,1,0,1,0 : 13.2594
0,0,1,0,1,0,0,0,1,1,1,0,0,1,1,0,0,1,0,1,0,1,0,1,0,0,0,0,0,0,0,0,0,0,0,1,0,1,0 : 13.2594
0,1,1,0,1,0,0,0,1,1,1,0,0,1,1,0,1,1,0,1,0,1,0,1,0,0,0,0,0,0,0,0,0,0,0,1,0,1,0 : 13.2594
0,0,1,0,1,0,0,0,1,1,1,0,0,1,1,0,1,1,0,1,0,1,0,1,0,0,0,0,0,0,0,0,0,0,0,1,0,1,0 : 13.2594
0,0,1,0,0,0,1,1,1,0,0,0,1,0,1,0,0,0,0,1,0,0,0,1,1,0,1,0,1,0,0,0,0,0,1,0,0,1,0 : 13.2877
0,0,1,0,0,0,1,1,1,0,0,0,1,0,1,0,0,0,0,1,0,0,0,1,1,0,1,0,1,0,0,0,1,0,1,0,0,1,0 : 13.2877
0,0,1,0,0,0,1,1,1,0,0,0,1,0,1,0,0,0,0,1,0,0,0,1,1,0,1,0,1,0,0,0,0,0,1,0,0,1,0 : 13.2877
0,0,1,0,0,0,1,1,1,0,0,0,1,0,1,0,0,0,0,1,0,0,0,1,1,0,1,0,1,0,0,0,1,0,1,0,0,1,0 : 13.2877
1,1,0,1,0,0,1,0,0,0,1,1,0,1,0,1,0,1,0,0,1,1,1,1,0,0,0,0,0,0,0,1,0,1,1,1,0,0,0 : 13.3019
1,1,0,1,0,0,1,0,0,0,1,1,0,1,0,1,0,1,0,0,1,1,1,1,0,0,0,0,0,0,0,1,0,1,1,1,0,0,0 : 13.3019
1,0,0,1,0,0,0,1,1,0,1,0,1,0,0,1,1,0,1,0,0,0,0,0,0,1,0,0,0,0,0,0,0,1,0,1,1,0,1 : 13.3506
1,0,0,1,0,0,0,1,1,0,1,0,1,0,0,1,1,0,1,0,0,0,0,0,0,1,0,0,0,0,0,0,0,1,0,1,1,0,1 : 13.3506
