0,0,0,0,0,0,0,1,0,0,1,0,0,1,0,0,1,1,1,1,1,1,0,1,0,0,0,0,1,0,1,0,0,0,0,1,0,1,1 : 12.7139
0,0,0,0,0,0,0,1,1,0,1,0,0,1,1,1,0,1,1,1,1,1,0,1,0,1,0,0,0,0,1,0,1,1,1,0,1,0,0 : 12.7139
0,0,0,0,0,0,0,1,0,0,1,0,0,1,0,0,1,1,1,1,1,1,0,1,0,0,0,0,1,0,1,0,0,0,0,1,0,1,1 : 12.7139
0,0,0,0,0,0,0,1,1,0,1,0,0,1,1,1,0,1,1,1,1,1,0,1,0,1,0,0,0,0,1,0,1,1,1,0,1,0,0 : 12.7139
0,0,0,1,1,0,0,0,0,1,1,1,1,1,0,0,1,1,0,1,1,1,1,0,1,0,1,0,0,0,0,0,1,1,0,1,0,0,0 : 12.8051
0,0,1,1,0,0,0,0,1,1,1,1,1,0,0,1,0,1,0,1,1,1,0,0,1,0,1,1,1,0,0,0,0,1,0,1,0,0,1 : 12.8051
0,0,0,1,1,0,0,0,0,1,1,1,1,1,0,0,1,1,0,1,1,1,1,0,1,0,1,0,0,0,0,0,1,1,1,1,0,0,0 : 12.8051
0,0,0,1,1,0,0,0,0,1,1,1,1,1,0,0,1,1,0,1,1,1,1,0,1,0,1,0,0,0,0,0,1,1,0,1,0,0,0 : 12.8051
0,0,1,1,0,0,0,0,1,1,1,1,1,0,0,1,0,1,0,1,1,1,0,0,1,0,1,1,1,0,0,0,0,1,0,1,0,0,1 : 12.8051
0,0,0,1,1,0,0,0,0,1,1,1,1,1,0,0,1,1,0,1,1,1,1,0,1,0,1,0,0,0,0,0,1,1,1,1,0,0,0 : 12.8051
0,0,0,1,0,0,1,0,0,0,0,0,1,1,1,0,0,1,1,1,0,0,0,0,0,0,1,0,1,1,0,0,0,1,1,0,0,1,0 : 13.0004
0,1,0,0,0,0,0,1,1,1,1,0,1,1,1,1,0,1,1,1,0,0,0,0,0,1,0,0,0,1,0,1,1,0,0,0,1,1,0 : 13.0004
0,0,0,1,0,0,1,0,0,0,0,0,1,1,1,0,0,1,1,1,0,0,0,0,0,0,1,0,1,1,0,0,0,1,1,0,0,1,0 : 13.0004
0,1,0,0,0,0,0,1,1,1,1,0,1,1,1,1,0,1,1,1,0,0,0,0,0,1,0,0,0,1,0,1,1,0,0,0,1,1,0 : 13.0004
1,1,0,0,0,0,1,0,0,1,0,0,0,1,0,1,1,0,1,1,0,1,1,1,0,0,0,0,0,0,0,1,1,0,0,1,1,0,1 : 13.0015
1,1,0,0,0,0,1,0,0,1,0,0,0,1,0,1,1,0,1,1,0,1,1,1,0,0,0,0,0,0,0,1,1,0,0,1,1,0,1 : 13.0015
1,1,0,1,0,0,0,1,1,0,1,0,0,1,1,1,1,1,1,1,1,0,0,1,0,1,1,0,0,0,1,0,1,1,1,0,1,0,0 : 13.0451
0,0,0,1,1,0,0,0,1,0,0,0,0,0,1,0,0,1,1,1,1,1,0,0,0,0,1,0,0,0,1,0,1,1,0,0,1,1,1 : 13.0451
1,0,0,1,1,0,0,0,1,0,0,0,0,0,1,0,0,1,1,1,1,0,0,0,0,0,0,0,0,0,1,0,1,1,0,1,1,1,1 : 13.0451
1,1,0,1,0,0,0,1,1,0,1,0,0,1,1,1,1,1,1,1,1,0,0,1,0,1,1,0,0,0,1,0,1,1,1,0,1,0,0 : 13.0451
0,0,0,1,1,0,0,0,1,0,0,0,0,0,1,0,0,1,1,1,1,1,0,0,0,0,1,0,0,0,1,0,1,1,0,0,1,1,1 : 13.0451
1,0,0,1,1,0,0,0,1,0,0,0,0,0,1,0,0,1,1,1,1,0,0,0,0,0,0,0,0,0,1,0,1,1,0,1,1,1,1 : 13.0451
0,1,0,1,1,0,1,1,1,0,1,0,0,1,1,1,1,0,1,1,0,0,0,0,0,0,0,1,0,0,1,1,0,1,0,0,0,0,1 : 13.059
0,1,0,1,1,0,1,1,1,0,1,0,0,1,1,1,1,0,1,1,0,0,0,0,0,0,0,1,0,0,1,1,0,1,0,0,0,0,1 : 13.059
0,1,0,1,0,0,0,0,1,1,0,1,0,1,0,1,1,1,1,1,1,0,1,0,1,0,1,0,1,1,0,0,1,1,0,0,0,0,1 : 13.0713
0,1,0,1,0,0,0,0,1,1,0,1,1,0,0,1,1,1,1,1,1,0,1,0,0,0,1,0,1,1,0,0,1,1,1,0,0,0,1 : 13.0713
0,1,0,1,0,0,0,0,1,1,0,1,0,1,0,1,1,1,1,1,1,0,1,0,1,0,1,0,1,1,0,0,1,1,0,0,0,0,1 : 13.0713
0,1,0,1,0,0,0,0,1,1,0,1,1,0,0,1,1,1,1,1,1,0,1,0,0,0,1,0,1,1,0,0,1,1,1,0,0,0,1 : 13.0713
0,1,0,0,0,1,1,1,0,1,1,1,1,0,0,1,1,0,1,0,0,0,1,1,0,0,1,0,0,0,0,0,0,1,0,1,1,1,0 : 13.0854
0,1,0,0,0,1,1,1,0,1,1,1,1,0,0,1,1,0,1,0,0,0,1,1,0,0,1,0,0,0,0,0,0,1,0,1,1,1,0 : 13.0854
1,0,0,0,0,0,0,0,0,1,1,1,1,0,0,0,1,1,1,1,1,0,1,1,0,1,0,0,0,0,0,1,0,1,0,1,0,1,0 : 13.1283
1,0,0,0,0,0,0,0,0,1,1,1,1,0,0,0,1,1,1,1,1,0,1,1,0,1,0,0,0,0,0,0,0,1,0,1,0,1,0 : 13.1283
1,0,0,0,0,0,0,0,0,1,1,1,1,0,0,0,1,1,1,1,1,0,1,1,0,1,0,0,0,0,0,1,0,1,0,1,0,1,0 : 13.1283
1,0,0,0,0,0,0,0,0,1,1,1,1,0,0,0,1,1,1,1,1,0,1,1,0,1,0,0,0,0,0,0,0,1,0,1,0,1,0 : 13.1283
0,0,1,1,0,0,0,0,1,1,1,1,0,0,0,1,0,0,0,1,1,1,0,0,1,0,1,1,1,0,0,0,0,1,0,1,0,0,1 : 13.1294
0,0,1,1,0,0,0,0,1,1,1,1,0,0,0,1,0,0,0,1,1,1,0,0,1,0,1,1,1,0,0,0,0,1,0,1,0,0,1 : 13.1294
0,1,1,1,0,0,0,0,1,0,1,0,1,1,1,1,1,0,1,1,0,1,1,1,0,1,0,0,0,1,1,0,1,0,1,1,0,0,0 : 13.1305
0,1,1,1,0,0,0,1,1,0,1,0,1,1,1,1,1,0,1,1,0,1,1,1,0,1,0,0,0,1,1,0,1,0,1,1,0,0,0 : 13.1305
0,1,1,1,0,0,0,0,1,0,1,0,1,1,1,1,1,0,1,1,0,1,1,1,0,1,0,0,0,1,1,0,1,0,1,1,0,0,0 : 13.1305
0,1,1,1,0,0,0,1,1,0,1,0,1,1,1,1,1,0,1,1,0,1,1,1,0,1,0,0,0,1,1,0,1,0,1,1,0,0,0 : 13.1305
1,1,0,1,0,0,1,0,1,0,0,0,0,0,1,0,0,1,1,1,0,1,0,1,1,0,1,0,0,1,0,1,0,1,1,0,0,0,1 : 13.1543
1,1,0,1,0,0,1,0,1,0,0,0,0,0,1,0,0,1,1,1,0,1,0,1,1,0,1,0,0,1,0,1,0,1,1,0,0,0,1 : 13.1543
0,1,0,1,1,0,1,1,0,0,1,0,0,1,0,0,1,0,1,1,0,0,0,0,0,0,1,1,0,0,1,1,0,1,0,0,0,0,1 : 13.1924
0,1,0,1,1,0,1,1,0,0,1,0,0,1,0,0,1,0,1,1,0,0,0,0,0,0,1,1,0,0,1,1,0,1,0,0,0,0,1 : 13.1924
0,0,0,1,0,1,0,0,0,0,1,0,1,0,1,0,0,0,1,0,1,1,1,0,1,0,1,1,0,0,1,0,0,0,1,0,0,1,0 : 13.2118
0,0,0,1,0,1,0,0,0,0,1,0,0,0,1,0,0,0,1,0,1,1,1,0,1,0,1,1,0,0,1,0,0,0,1,0,0,1,0 : 13.2118
0,0,0,1,0,1,0,0,0,0,1,0,1,0,1,0,0,0,1,0,1,1,1,0,1,0,1,1,0,0,1,0,0,0,1,0,0,1,0 : 13.2118
0,0,0,1,0,1,0,0,0,0,1,0,0,0,1,0,0,0,1,0,1,1,1,0,1,0,1,1,0,0,1,0,0,0,1,0,0,1,0 : 13.2118
1,0,1,1,0,0,0,1,0,1,0,0,1,0,1,1,1,1,0,0,0,0,0,1,0,0,1,0,0,0,0,1,0,1,0,1,0,0,1 : 13.2412
1,0,1,1,0,0,0,1,0,1,0,0,1,0,1,1,1,1,0,0,0,0,0,1,0,0,1,0,0,0,0,1,0,1,0,1,0,0,1 : 13.2412
1,0,1,1,0,0,0,1,0,1,0,0,1,0,1,1,1,1,0,0,0,0,0,1,0,0,1,0,0,0,0,1,0,1,0,1,0,0,1 : 13.2412
1,0,1,1,0,0,0,1,0,1,0,0,1,0,1,1,1,1,0,0,0,0,0,1,0,0,1,0,0,0,0,1,0,1,0,1,0,0,1 : 13.2412
1,0,1,0,1,0,0,1,0,1,0,1,0,0,1,0,1,0,1,1,0,0,0,0,0,0,0,0,0,1,0,1,0,1,0,0,1,0,0 : 13.2471
1,0,1,0,1,0,0,1,0,1,0,1,0,0,1,0,1,0,1,1,0,0,0,0,0,0,0,0,0,1,0,1,0,1,0,0,0,0,0 : 13.2471
0,0,1,0,1,0,0,0,0,0,0,1,0,0,1,0,1,0,1,0,1,1,0,1,1,0,1,1,1,0,0,0,0,0,0,1,1,0,1 : 13.2471
1,0,1,0,1,0,0,1,0,1,0,1,0,0,1,0,1,0,1,1,0,0,0,0,0,0,0,0,0,1,0,1,0,1,0,0,1,0,0 : 13.2471
1,0,1,0,1,0,0,1,0,1,0,1,0,0,1,0,1,0,1,1,0,0,0,0,0,0,0,0,0,1,0,1,0,1,0,0,0,0,0 : 13.2471
0,0,1,0,1,0,0,0,0,0,0,1,0,0,1,0,1,0,1,0,1,1,0,1,1,0,1,1,1,0,0,0,0,0,0,1,1,0,1 : 13.2471
1,0,1,0,1,0,0,0,0,1,1,0,0,0,1,0,0,1,1,1,0,1,0,1,1,1,0,1,1,0,0,0,1,0,0,0,0,1,1 : 13.2594
0,0,1,0,1,0,0,0,1,1,1,1,0,1,1,0,1,1,0,1,0,1,0,1,0,0,0,0,0,0,0,0,0,1,0,1,0,1,0 : 13.2594
1,0,1,0,1,0,0,0,0,1,1,0,0,0,1,0,0,1,0,1,0,1,0,1,1,1,0,1,1,0,0,0,1,0,0,0,0,1,1 : 13.2594
0,0,1,0,1,0,0,0,1,1,1,1,0,1,1,0,0,1,1,1,0,1,0,1,0,0,0,0,0,0,0,0,0,1,0,1,0,1,0 : 13.2594
1,0,1,0,1,0,0,0,0,1,1,0,0,0,1,0,0,1,1,1,0,1,0,1,1,1,0,1,1,0,0,0,1,0,0,0,0,1,1 : 13.2594
0,0,1,0,1,0,0,0,1,1,1,1,0,1,1,0,1,1,0,1,0,1,0,1,0,0,0,0,0,0,0,0,0,1,0,1,0,1,0 : 13.2594
1,0,1,0,1,0,0,0,0,1,1,0,0,0,1,0,0,1,0,1,0,1,0,1,1,1,0,1,1,0,0,0,1,0,0,0,0,1,1 : 13.2594
0,0,1,0,1,0,0,0,1,1,1,1,0,1,1,0,0,1,1,1,0,1,0,1,0,0,0,0,0,0,0,0,0,1,0,1,0,1,0 : 13.2594
0,0,1,0,0,0,1,1,1,0,0,0,0,0,0,0,0,1,0,0,0,0,0,1,0,0,1,1,1,0,0,0,0,1,0,1,1,1,0 : 13.2694
0,0,1,0,0,0,1,1,1,0,0,0,1,1,0,0,0,1,0,0,0,0,0,1,0,0,1,1,1,0,0,0,0,1,0,1,0,0,0 : 13.2694
0,0,1,0,0,0,1,1,1,0,0,0,0,0,0,0,0,1,0,0,0,0,0,1,0,0,1,1,1,0,0,0,0,1,0,1,1,1,0 : 13.2694
0,0,1,0,0,0,1,1,1,0,0,0,1,1,0,0,0,1,0,0,0,0,0,1,0,0,1,1,1,0,0,0,0,1,0,1,0,0,0 : 13.2694
1,1,0,1,0,0,1,1,1,0,1,0,0,1,0,0,1,0,1,1,1,1,1,0,0,1,1,0,1,1,0,0,0,1,0,0,0,1,1 : 13.2796
1,0,0,1,0,0,0,1,0,0,0,0,0,1,0,0,1,0,1,1,1,1,0,1,1,1,0,0,1,0,1,0,1,0,0,1,1,0,1 : 13.2796
1,0,0,1,0,0,0,0,0,0,0,0,0,1,0,0,1,0,1,1,1,1,1,0,1,1,0,0,1,1,1,0,1,0,0,1,0,0,1 : 13.2796
1,1,0,1,0,0,1,1,1,0,1,0,0,1,0,0,1,0,1,1,1,1,1,0,0,1,1,0,1,1,0,0,0,1,0,0,0,1,1 : 13.2796
1,0,0,1,0,0,0,1,0,0,0,0,0,1,0,0,1,0,1,1,1,1,0,1,1,1,0,0,1,0,1,0,1,0,0,1,1,0,1 : 13.2796
1,0,0,1,0,0,0,0,0,0,0,0,0,1,0,0,1,0,1,1,1,1,1,0,1,1,0,0,1,1,1,0,1,0,0,1,0,0,1 : 13.2796
1,0,1,0,0,0,1,0,0,0,0,0,0,0,1,0,1,0,0,0,0,0,0,1,1,0,1,1,0,1,0,0,1,0,0,0,0,0,0 : 13.2877
1,0,1,0,0,0,1,0,0,0,0,0,0,0,1,0,1,0,0,0,0,0,0,1,1,0,1,1,0,1,0,0,1,0,0,0,0,0,0 : 13.2877
1,1,0,1,0,0,1,1,0,0,0,1,1,0,0,0,1,0,0,0,0,0,0,1,0,0,0,1,0,1,0,0,1,0,0,0,1,0,0 : 13.2922
1,1,0,1,0,0,1,1,0,0,1,1,1,0,1,0,1,0,0,0,0,0,0,1,0,0,0,0,0,1,0,0,1,0,1,0,1,0,0 : 13.2922
1,1,0,1,0,0,1,1,0,0,0,1,1,0,0,0,1,0,0,0,0,0,0,1,0,0,0,1,0,1,0,0,1,0,0,0,1,0,0 : 13.2922
1,1,0,1,0,0,1,1,0,0,1,1,1,0,1,0,1,0,0,0,0,0,0,1,0,0,0,0,0,1,0,0,1,0,1,0,1,0,0 : 13.2922
1,1,0,1,0,0,1,0,0,1,0,0,0,1,0,1,1,0,1,0,1,1,1,1,0,0,0,0,0,0,0,1,1,0,0,1,1,0,1 : 13.3384
1,1,0,1,0,0,1,0,0,1,0,0,0,1,0,1,1,0,1,0,1,1,1,1,0,0,0,0,0,0,0,1,1,0,0,1,1,0,1 : 13.3384
0,0,1,1,0,0,0,0,1,0,1,0,0,0,1,1,1,0,0,0,0,1,0,0,0,0,0,0,0,1,0,0,1,1,0,1,1,1,0 : 13.3506
0,0,1,1,0,0,0,0,1,0,1,0,0,1,1,1,1,0,0,0,0,1,0,0,0,0,0,0,0,0,0,0,1,1,0,1,1,1,0 : 13.3506
0,0,1,1,0,0,0,0,1,0,1,0,0,0,1,1,1,0,0,0,0,1,0,0,0,0,0,0,0,1,0,0,1,1,0,1,1,1,0 : 13.3506
0,0,1,1,0,0,0,0,1,0,1,0,0,1,1,1,1,0,0,0,0,1,0,0,0,0,0,0,0,0,0,0,1,1,0,1,1,1,0 : 13.3506
1,0,0,0,0,0,1,0,0,0,0,0,1,1,1,0,1,0,0,0,0,0,0,1,1,0,1,1,0,1,0,1,1,0,0,1,0,0,0 : 13.5321
1,0,0,0,0,0,1,0,0,0,0,0,1,1,1,0,1,0,0,0,0,0,0,1,1,0,1,1,0,1,0,1,1,0,0,1,0,0,0 : 13.5321
1,1,1,0,1,0,0,0,1,1,0,1,1,1,0,0,1,0,0,0,0,1,1,1,0,1,1,0,1,1,0,0,0,0,1,1,0,0,0 : 13.5423
1,1,1,0,1,0,0,0,0,1,0,1,1,1,0,0,1,0,0,0,0,1,1,1,0,1,1,0,1,1,1,0,0,0,1,1,0,0,0 : 13.5423
1,1,1,0,1,0,0,0,1,1,0,1,1,1,0,0,1,0,0,0,0,1,1,1,0,1,1,0,1,1,0,0,0,0,1,1,0,0,0 : 13.5423
1,1,1,0,1,0,0,0,0,1,0,1,1,1,0,0,1,0,0,0,0,1,1,1,0,1,1,0,1,1,1,0,0,0,1,1,0,0,0 : 13.5423
1,1,0,1,0,0,1,0,1,0,0,0,0,0,1,0,0,1,1,1,1,1,0,1,1,0,1,0,0,1,0,0,0,1,1,0,0,0,1 : 13.5619
1,1,0,1,0,0,1,0,1,0,0,0,0,0,1,0,0,1,1,1,1,1,0,1,1,0,1,0,0,1,0,0,0,1,1,0,0,0,1 : 13.5619
1,1,0,0,0,0,1,1,0,1,0,1,0,1,1,0,0,1,0,1,1,1,1,1,1,1,0,0,0,1,0,0,1,1,1,0,0,1,0 : 13.6112
1,1,0,0,0,0,1,1,0,1,0,1,0,1,1,0,0,1,0,1,1,1,1,1,1,1,0,0,0,1,0,0,1,1,1,0,0,1,0 : 13.6112
0,1,1,0,0,0,1,0,1,0,1,1,1,1,1,0,0,0,0,0,1,1,0,1,0,1,1,0,0,0,1,0,1,1,1,0,1,0,0 : 13.6466
0,1,1,0,0,0,1,0,1,0,1,1,1,1,1,0,0,0,0,0,1,1,0,1,0,1,1,0,0,0,1,0,1,1,1,0,1,0,0 : 13.6466
