1,0,0,0,1,0,0,0,0,1,0 : 199.6833
1,0,0,0,1,0,0,0,0,1,0 : 199.6833
1,0,0,0,1,0,0,0,0,1,0 : 199.6833
1,0,0,0,1,0,0,0,0,1,0 : 199.6833
1,0,0,0,1,0,0,1,0,0,0 : 199.9533
1,0,0,0,1,0,0,1,0,0,0 : 199.9533
1,0,0,0,1,0,0,1,0,0,0 : 199.9533
1,0,0,0,1,0,0,1,0,0,0 : 199.9533
1,0,0,0,1,1,0,0,0,1,0 : 200.38
1,0,0,0,0,1,0,0,0,1,0 : 200.38
1,0,0,0,1,1,0,0,0,1,0 : 200.38
1,0,0,0,0,1,0,0,0,1,0 : 200.38
1,0,0,0,0,1,1,1,0,1,0 : 205.3633
1,0,0,0,0,1,1,1,0,1,0 : 205.3633
1,0,0,0,1,1,1,0,1,0,0 : 205.7066
1,0,0,0,1,1,1,0,1,0,0 : 205.7066
1,0,0,0,1,1,1,0,1,0,0 : 205.7066
1,0,0,0,1,1,1,0,1,0,0 : 205.7066
1,0,0,0,1,1,1,0,1,0,0 : 205.7066
1,0,0,0,1,1,1,0,1,0,0 : 205.7066
1,0,0,0,1,1,1,0,0,0,0 : 207.2333
1,0,0,0,1,1,1,0,0,0,0 : 207.2333
1,0,0,0,1,1,1,0,0,0,0 : 207.2333
1,0,0,0,1,1,1,0,0,0,0 : 207.2333
1,0,0,0,1,1,1,0,0,0,0 : 207.2333
1,0,0,0,1,1,1,0,0,0,0 : 207.2333
1,0,0,0,1,1,1,0,0,0,0 : 207.2333
1,0,0,0,1,1,1,0,0,0,0 : 207.2333
1,0,0,1,0,0,0,0,0,0,0 : 207.7466
1,0,0,1,0,0,0,0,0,0,0 : 207.7466
1,0,0,1,0,0,0,0,1,0,0 : 208.37
1,0,0,1,0,0,0,0,1,0,0 : 208.37
1,0,0,1,0,0,0,0,1,0,0 : 208.37
1,0,0,1,0,0,0,0,1,0,0 : 208.37
1,0,0,1,0,0,0,0,1,0,0 : 208.37
1,0,0,1,0,0,0,0,1,0,0 : 208.37
1,0,0,1,0,0,0,0,1,0,0 : 208.37
1,0,0,1,0,0,0,0,1,0,0 : 208.37
1,0,0,1,1,0,0,1,0,1,0 : 209.84
1,0,0,1,1,0,0,1,0,1,0 : 209.84
1,0,0,1,1,0,0,1,0,1,0 : 209.84
1,0,0,1,1,0,0,1,0,1,0 : 209.84
1,0,0,1,0,1,0,0,1,0,0 : 210.5066
1,0,0,1,0,1,0,0,1,0,0 : 210.5066
1,0,0,1,0,1,0,0,1,0,0 : 210.5066
1,0,0,1,0,1,0,0,1,0,0 : 210.5066
1,0,0,1,0,0,1,0,1,0,0 : 210.7066
1,0,0,1,0,0,1,0,0,0,0 : 210.7066
1,0,0,1,0,0,1,0,0,0,0 : 210.7066
1,0,0,1,0,0,1,0,1,0,0 : 210.7066
1,0,0,1,0,0,1,0,0,0,0 : 210.7066
1,0,0,1,0,0,1,0,0,0,0 : 210.7066
1,0,0,1,0,1,0,1,1,1,0 : 212.0533
1,0,0,1,0,1,0,1,0,1,0 : 212.0533
1,0,0,1,0,1,0,1,1,1,0 : 212.0533
1,0,0,1,0,1,0,1,0,1,0 : 212.0533
1,0,0,1,0,1,0,1,1,1,0 : 212.0533
1,0,0,1,0,1,0,1,0,1,0 : 212.0533
1,0,0,1,0,1,0,1,1,1,0 : 212.0533
1,0,0,1,0,1,0,1,0,1,0 : 212.0533
1,0,0,0,0,0,0,0,1,0,1 : 213.5333
1,0,0,0,0,0,0,1,1,0,1 : 213.5333
1,0,0,0,0,0,0,0,1,0,1 : 213.5333
1,0,0,0,0,0,0,1,1,0,1 : 213.5333
1,0,0,0,1,0,0,0,1,0,1 : 213.9966
1,0,0,0,1,0,0,0,1,0,1 : 213.9966
1,0,0,0,1,0,0,0,1,0,1 : 213.9966
1,0,0,0,1,0,0,0,1,0,1 : 213.9966
1,0,0,1,1,1,1,1,0,1,0 : 214.48
1,0,0,1,1,1,1,1,0,1,0 : 214.48
1,0,0,1,1,1,1,1,0,1,0 : 214.48
1,0,0,1,1,1,1,1,0,1,0 : 214.48
1,0,0,1,1,1,1,1,0,1,0 : 214.48
1,0,0,1,1,1,1,1,0,1,0 : 214.48
1,0,0,0,0,1,1,1,0,1,1 : 214.6533
1,0,0,0,0,1,1,1,0,1,1 : 214.6533
1,0,0,0,1,1,0,1,0,1,1 : 215.1833
1,0,0,0,1,1,0,1,0,1,1 : 215.1833
1,0,0,0,1,1,0,1,0,1,1 : 215.1833
1,0,0,0,1,1,0,1,0,1,1 : 215.1833
1,0,0,0,1,1,0,1,0,1,1 : 215.1833
1,0,0,0,1,1,0,1,0,1,1 : 215.1833
1,0,0,0,1,1,0,1,0,1,1 : 215.1833
1,0,0,0,1,1,0,1,0,1,1 : 215.1833
1,0,0,0,0,1,1,0,1,0,1 : 215.19
1,0,0,0,0,1,1,0,1,0,1 : 215.19
1,0,0,0,0,1,1,0,1,0,1 : 215.19
1,0,0,0,0,1,1,0,1,0,1 : 215.19
1,0,0,1,1,1,1,0,0,0,0 : 215.3666
1,0,0,1,1,1,1,0,0,0,0 : 215.3666
1,0,0,1,1,1,1,0,0,0,0 : 215.3666
1,0,0,1,1,1,1,0,0,0,0 : 215.3666
1,0,0,1,1,1,1,0,0,0,0 : 215.3666
1,0,0,1,1,1,1,0,0,0,0 : 215.3666
1,0,0,1,1,1,1,0,0,0,0 : 215.3666
1,0,0,1,1,1,1,0,0,0,0 : 215.3666
1,0,0,1,1,1,1,0,0,0,0 : 215.3666
1,0,0,1,1,1,1,0,0,0,0 : 215.3666
1,0,0,1,0,1,1,1,1,1,0 : 215.47
1,0,0,1,0,1,1,1,1,1,0 : 215.47
