1,0,0,0,1,1,0,0,1,1,0 : 200.38
1,0,0,0,1,1,0,0,1,1,0 : 200.38
1,0,0,0,1,1,0,1,1,1,0 : 201.9733
1,0,0,0,1,1,0,1,1,1,0 : 201.9733
1,0,0,0,1,1,1,0,1,1,0 : 202.68
1,0,0,0,1,1,1,0,1,1,0 : 202.68
1,0,0,0,0,1,1,0,1,1,0 : 203.9766
1,0,0,0,0,1,1,0,1,1,0 : 203.9766
1,0,0,0,1,1,1,0,0,0,0 : 207.2333
1,0,0,0,1,1,1,0,0,0,0 : 207.2333
1,0,0,1,1,0,0,1,0,0,0 : 209.84
1,0,0,1,1,0,0,1,0,1,0 : 209.84
1,0,0,1,1,0,0,1,0,1,0 : 209.84
1,0,0,1,1,0,0,1,0,0,0 : 209.84
1,0,0,1,1,0,0,1,0,1,0 : 209.84
1,0,0,1,1,0,0,1,0,1,0 : 209.84
1,0,0,1,1,1,0,0,0,0,0 : 210.5066
1,0,0,1,1,1,0,0,0,0,0 : 210.5066
1,0,0,1,0,1,0,1,1,1,0 : 212.0533
1,0,0,1,0,1,0,1,1,0,0 : 212.0533
1,0,0,1,0,1,0,1,1,1,0 : 212.0533
1,0,0,1,0,1,0,1,1,0,0 : 212.0533
1,0,0,1,1,1,1,1,0,1,0 : 214.48
1,0,0,1,1,1,1,1,0,1,0 : 214.48
1,0,0,0,0,0,1,1,0,1,1 : 214.6533
1,0,0,0,0,0,0,1,0,1,1 : 214.6533
1,0,0,0,0,0,1,1,0,1,1 : 214.6533
1,0,0,0,0,0,0,1,0,1,1 : 214.6533
1,0,0,0,1,1,0,1,0,1,1 : 215.1833
1,0,0,0,1,1,0,1,0,1,1 : 215.1833
1,0,0,1,1,1,0,1,1,1,0 : 215.9466
1,0,0,1,1,1,0,1,1,1,0 : 215.9466
1,0,0,0,0,0,1,0,1,0,1 : 216.2233
1,0,0,0,0,0,1,0,1,0,1 : 216.2233
1,0,0,0,1,0,1,0,0,0,1 : 216.6366
1,0,0,0,1,0,1,0,0,0,1 : 216.6366
1,0,0,1,1,0,1,1,1,1,0 : 216.9133
1,0,0,1,1,0,1,1,1,1,0 : 216.9133
1,0,0,1,0,1,1,0,0,1,0 : 217.2366
1,0,0,1,0,1,1,0,0,1,0 : 217.2366
1,0,1,0,0,0,1,0,1,0,0 : 217.2866
1,0,1,0,0,0,1,0,1,0,0 : 217.2866
1,0,0,0,1,0,1,1,1,1,1 : 218.02
1,0,0,0,1,0,1,1,1,1,1 : 218.02
1,1,0,0,1,0,0,0,0,0,0 : 219.1533
1,1,0,0,1,0,0,0,0,0,0 : 219.1533
1,0,1,0,1,0,1,0,0,0,0 : 221.0566
1,0,1,0,1,0,1,0,0,0,0 : 221.0566
1,1,0,0,1,1,0,0,1,1,0 : 223.0133
1,1,0,0,1,1,0,0,1,1,0 : 223.0133
1,0,1,0,1,1,0,0,1,1,0 : 224.0733
1,0,1,0,1,1,0,0,1,0,0 : 224.0733
1,0,1,0,0,1,1,0,0,1,0 : 224.0733
1,0,1,0,1,1,1,0,1,0,0 : 224.0733
1,0,1,0,1,1,0,0,1,1,0 : 224.0733
1,0,1,0,1,1,0,0,1,0,0 : 224.0733
1,0,1,0,0,1,1,0,0,1,0 : 224.0733
1,0,1,0,1,1,1,0,1,0,0 : 224.0733
1,0,1,0,0,1,0,1,0,1,0 : 224.1766
1,0,1,0,0,1,0,1,0,1,0 : 224.1766
1,1,0,0,1,1,1,1,0,1,0 : 225.7733
1,1,0,0,0,0,1,1,0,1,0 : 225.7733
1,1,0,0,1,1,1,1,0,1,0 : 225.7733
1,1,0,0,0,0,1,1,0,1,0 : 225.7733
1,0,1,1,0,0,0,0,0,0,0 : 226.13
1,0,1,1,0,0,0,0,0,0,0 : 226.13
1,1,0,0,0,0,1,1,1,0,0 : 227.78
1,1,0,0,1,0,1,1,1,0,0 : 227.78
1,1,0,0,0,0,1,1,1,0,0 : 227.78
1,1,0,0,1,0,1,1,1,0,0 : 227.78
1,0,1,1,1,0,1,1,1,1,0 : 229.56
1,0,1,1,1,0,1,1,1,1,0 : 229.56
1,1,0,0,1,0,0,1,1,0,1 : 230.2366
1,1,0,0,1,0,0,1,1,0,1 : 230.2366
1,0,1,1,0,0,1,1,1,1,0 : 230.9433
1,0,1,1,0,0,1,1,1,1,0 : 230.9433
1,1,0,0,1,0,0,0,1,1,1 : 232.18
1,1,0,0,1,0,0,0,1,1,1 : 232.18
1,1,0,1,0,1,1,0,1,0,0 : 233.6666
1,1,0,1,0,1,1,0,1,0,0 : 233.6666
1,0,1,0,0,1,0,1,0,1,1 : 234.65
1,0,1,0,1,1,1,0,0,1,1 : 234.65
1,0,1,0,0,1,0,1,0,1,1 : 234.65
1,0,1,0,1,1,1,0,0,1,1 : 234.65
1,1,0,0,1,0,1,0,1,0,1 : 235.7333
1,1,0,0,1,0,1,0,1,0,1 : 235.7333
1,0,1,0,1,1,0,0,1,1,1 : 235.96
1,0,1,0,0,1,0,0,1,1,1 : 235.96
1,0,1,0,1,1,0,0,1,1,1 : 235.96
1,0,1,0,0,1,0,0,1,1,1 : 235.96
1,1,0,1,0,1,0,1,0,0,0 : 238.62
1,1,0,1,0,1,0,1,0,0,0 : 238.62
1,1,1,0,0,0,0,1,1,1,0 : 240.1633
1,1,1,0,0,0,0,1,1,1,0 : 240.1633
1,1,1,0,0,1,1,1,0,1,0 : 240.9833
1,1,1,0,0,1,1,1,0,1,0 : 240.9833
1,1,0,1,1,1,0,1,1,0,0 : 241.8966
1,1,0,1,1,1,0,1,1,0,0 : 241.8966
1,0,0,1,0,0,0,0,1,1,1 : 247.3733
1,1,0,1,1,0,0,0,1,0,1 : 247.3733
