1,1,0,1,0,0,1,1,1,0,1,0,1,0,1,0 : 368.63
1,1,0,0,0,1,1,0,1,1,0,0,1,0,1,0 : 414.737
1,1,0,1,0,1,1,0,1,0,1,0,1,0,0,1 : 490.473
1,0,1,1,0,1,1,0,1,1,0,0,1,0,1,0 : 432.757
1,0,1,0,0,0,1,0,1,0,1,0,1,1,0,0 : 262.17
1,1,1,1,0,0,0,1,1,1,0,0,1,1,0,0 : 244.353
1,1,0,0,0,0,0,1,1,0,0,1,1,1,0,0 : 257.927
1,0,0,1,0,0,1,1,1,1,0,0,1,0,0,1 : 506.88
1,0,0,1,0,0,1,0,1,0,0,1,1,0,0,1 : 555.633
1,1,1,1,0,0,1,0,1,1,0,0,1,1,0,0 : 244.277
1,1,1,1,0,0,1,1,1,0,1,0,1,0,1,0 : 363.56
1,1,1,1,1,0,0,1,1,1,0,0,1,1,0,0 : 249.363
1,1,0,0,0,0,0,1,1,0,1,0,1,1,0,0 : 256.32
1,0,1,0,0,0,1,0,1,0,1,0,1,0,0,1 : 490.473
1,1,1,1,0,1,1,0,1,0,0,1,1,0,0,1 : 555.633
1,1,0,1,0,0,1,1,1,0,1,0,1,0,1,0 : 368.63
1,1,0,1,0,0,0,1,1,1,0,0,1,1,0,0 : 254.033
1,1,1,0,0,0,1,1,1,0,0,1,1,0,1,0 : 363.56
1,1,0,0,0,1,1,0,1,1,0,0,1,0,0,1 : 490.473
1,1,1,0,0,0,0,0,1,0,1,0,1,1,0,0 : 246.487
1,0,0,1,0,0,1,0,1,0,1,0,1,1,0,0 : 271.337
1,0,0,0,0,1,1,0,1,0,0,1,1,0,0,1 : 555.633
1,1,1,0,0,0,0,0,1,0,1,0,1,1,0,0 : 246.487
1,1,0,0,0,0,1,0,1,0,1,0,1,0,1,0 : 368.63
1,1,0,0,0,0,1,1,1,0,0,1,1,1,0,0 : 258.113
1,1,1,1,0,0,0,1,1,1,0,0,1,1,0,0 : 244.353
1,1,0,1,1,0,1,0,1,0,1,0,1,1,0,0 : 263.847
1,0,0,0,0,1,1,0,1,0,0,1,1,0,0,1 : 555.633
1,0,1,1,0,0,1,1,1,1,0,0,1,0,1,0 : 380.18
1,1,1,1,0,0,0,0,1,1,0,0,1,1,0,0 : 244.23
1,0,0,0,0,0,1,0,1,1,0,0,1,0,1,0 : 380.147
1,1,1,0,0,0,0,1,1,0,1,0,1,0,1,0 : 439.02
1,0,1,1,0,1,1,0,1,0,1,0,1,0,0,1 : 490.473
1,1,1,1,0,0,1,1,1,0,0,1,1,0,1,0 : 363.56
1,1,1,1,0,0,1,1,1,1,0,0,1,0,1,0 : 361.7029
1,1,0,1,0,0,1,1,1,1,0,0,1,0,0,1 : 506.88
1,1,1,1,0,0,1,1,1,0,1,0,1,1,0,0 : 246.273
1,1,0,0,0,0,1,1,1,0,1,0,1,1,0,0 : 256.32
1,0,0,0,0,1,1,1,1,0,1,0,1,0,0,1 : 510.857
1,0,1,0,0,0,1,1,1,1,0,0,1,0,0,1 : 506.88
1,0,1,0,0,1,1,0,1,1,0,0,1,1,0,0 : 295.257
1,1,1,0,0,0,1,1,1,0,1,0,1,0,1,0 : 363.56
1,1,1,0,0,0,1,1,1,0,1,0,1,1,0,0 : 246.58
1,1,1,0,0,1,1,0,1,0,1,0,1,0,0,1 : 490.473
1,1,1,1,1,0,1,0,1,0,0,1,1,1,0,0 : 252.78
1,0,1,1,0,1,1,1,1,0,0,1,1,1,0,0 : 295.683
1,1,1,1,0,0,1,1,1,0,0,1,1,0,1,0 : 363.56
1,1,0,1,0,0,1,0,1,0,0,1,1,1,0,0 : 257.407
1,1,1,1,0,0,0,1,1,0,1,0,1,1,0,0 : 246.273
1,1,1,1,0,0,1,1,1,0,1,0,1,1,0,0 : 246.273
1,1,0,0,0,1,1,0,1,1,0,0,1,0,1,0 : 414.737
1,0,1,1,1,0,1,1,1,0,1,0,1,1,0,0 : 269.95
1,1,1,1,0,0,1,0,1,0,0,1,1,1,0,0 : 247.537
1,1,1,1,0,0,0,1,1,0,1,0,1,1,0,0 : 246.273
1,1,1,0,0,0,0,1,1,0,1,0,1,1,0,0 : 246.41
1,1,0,1,0,0,1,0,1,0,1,0,1,0,0,1 : 490.473
1,1,0,0,1,0,0,1,1,1,0,0,1,1,0,0 : 261.31
1,1,0,1,0,0,0,0,1,0,1,0,1,1,0,0 : 256.333
1,1,1,0,0,0,0,0,1,1,0,0,1,1,0,0 : 244.23
1,0,0,1,0,0,0,1,1,0,0,1,1,1,0,0 : 271.337
1,1,0,1,0,0,1,0,1,0,0,1,1,1,0,0 : 257.407
1,1,1,1,0,0,0,0,1,0,1,0,1,0,1,0 : 445.577
1,1,1,1,0,0,1,1,1,0,1,0,1,1,0,0 : 246.273
1,1,1,0,0,0,1,0,1,1,0,0,1,0,1,0 : 362.037
1,1,0,0,0,1,1,0,1,0,0,1,1,1,0,0 : 287.05
1,1,1,0,0,0,1,1,1,0,1,0,1,1,0,0 : 246.58
1,0,1,1,0,0,0,1,1,1,0,0,1,0,0,1 : 607.7
1,1,1,0,1,0,1,0,1,1,0,0,1,0,1,0 : 456.363
1,1,0,0,0,1,1,0,1,1,0,0,1,1,0,0 : 287.05
1,1,1,0,1,0,0,0,1,1,0,0,1,1,0,0 : 249.497
1,1,1,1,0,1,1,0,1,1,0,0,1,0,0,1 : 490.473
1,0,0,0,0,0,0,1,1,0,0,1,1,0,0,1 : 604.8869
1,1,1,0,0,0,1,0,1,1,0,0,1,1,0,0 : 244.277
1,1,1,0,0,0,1,0,1,0,1,0,1,0,1,0 : 364.76
1,0,1,0,0,0,1,0,1,0,1,0,1,0,0,1 : 490.473
1,1,1,0,0,0,0,1,1,0,1,0,1,1,0,0 : 246.41
1,1,0,0,1,0,1,0,1,1,0,0,1,1,0,0 : 261.31
1,1,1,1,0,0,1,1,1,0,1,0,1,1,0,0 : 246.273
1,1,1,1,0,0,1,1,1,0,0,1,1,1,0,0 : 247.537
1,1,1,0,0,1,1,0,1,0,0,1,1,0,0,1 : 555.633
1,1,0,0,0,0,1,0,1,1,0,0,1,0,0,1 : 490.473
1,1,0,1,0,0,1,0,1,0,0,1,1,1,0,0 : 257.407
1,1,0,0,0,0,1,1,1,0,1,0,1,1,0,0 : 256.32
1,1,1,1,0,1,0,1,1,0,0,1,1,1,0,0 : 275.4529
1,1,1,0,0,0,1,1,1,0,1,0,1,0,0,1 : 510.857
1,1,0,0,0,0,1,1,1,1,0,0,1,0,1,0 : 367.543
1,1,1,0,0,1,1,0,1,0,1,0,1,1,0,0 : 275.923
1,1,1,0,1,0,1,1,1,0,1,0,1,1,0,0 : 251.787
1,1,1,1,0,0,1,0,1,1,0,0,1,0,1,0 : 362.037
1,1,1,0,0,1,1,1,1,0,0,1,1,0,1,0 : 407.763
1,0,1,1,0,0,0,1,1,1,0,0,1,0,0,1 : 607.7
1,1,1,0,1,0,1,1,1,0,0,1,1,0,1,0 : 433.913
1,1,0,0,1,0,1,1,1,0,1,0,1,0,1,0 : 456.363
1,1,0,1,0,0,1,1,1,0,0,1,1,0,1,0 : 369.617
1,1,1,1,0,0,1,1,1,1,0,0,1,1,0,0 : 244.353
1,1,1,0,0,0,1,1,1,0,1,0,1,1,0,0 : 246.58
1,1,1,0,0,0,0,1,1,1,0,0,1,1,0,0 : 244.303
1,0,1,0,0,0,1,0,1,0,1,0,1,1,0,0 : 262.17
1,1,1,0,0,0,1,0,1,1,0,0,1,1,0,0 : 244.277
1,1,1,1,0,1,0,0,1,1,0,0,1,0,0,1 : 680.727
