1,0,0,0,0,0,0,0,0,1,1,0,0,1,1,1,0,0,0,0,0,0,0,0,0,0,1,0,0,1,0,0,0,1,0,0,1,1,1 : 13.1284
1,1,0,1,0,0,1,0,1,1,0,1,0,0,0,1,1,0,0,1,1,1,0,1,0,0,1,0,1,1,1,1,1,0,0,0,1,0,1 : 13.1284
1,1,0,0,0,0,0,0,1,0,0,0,0,0,0,1,0,0,1,0,1,0,0,1,1,0,1,1,0,1,0,0,1,1,0,0,0,0,0 : 13.1284
0,0,1,0,0,0,1,1,0,0,1,0,1,0,1,1,0,1,1,1,1,0,0,1,0,0,0,0,1,1,0,1,0,1,0,0,0,1,1 : 13.1284
0,0,0,0,0,0,0,0,1,1,0,1,0,0,1,1,0,0,1,0,0,0,0,1,0,0,0,0,1,1,1,1,1,0,0,0,0,1,1 : 13.1284
1,1,0,1,0,0,1,1,1,1,0,1,0,0,0,1,1,0,0,1,1,1,0,1,0,0,1,0,1,1,1,1,1,0,0,0,0,0,1 : 13.1284
1,1,0,0,0,0,0,0,1,0,0,0,0,0,0,1,0,0,1,0,1,0,0,1,1,0,1,1,0,1,0,0,1,1,0,0,0,0,0 : 13.1284
1,1,0,0,0,0,1,0,1,1,0,0,0,1,1,1,0,0,1,0,1,1,0,1,0,0,1,0,1,1,0,0,1,0,0,0,0,0,0 : 13.1284
1,0,0,0,0,0,0,0,0,1,1,0,0,1,1,1,0,0,0,0,0,0,0,0,0,0,1,0,0,1,0,0,0,1,0,0,1,1,1 : 13.1284
1,1,0,1,0,0,1,0,1,1,0,1,0,0,0,1,1,0,0,1,1,1,0,1,0,0,1,0,1,1,1,1,1,0,0,0,1,0,1 : 13.1284
1,1,0,0,0,0,0,0,1,0,0,0,0,0,0,1,0,0,1,0,1,0,0,1,1,0,1,1,0,1,0,0,1,1,0,0,0,0,0 : 13.1284
0,0,1,0,0,0,1,1,0,0,1,0,1,0,1,1,0,1,1,1,1,0,0,1,0,0,0,0,1,1,0,1,0,1,0,0,0,1,1 : 13.1284
0,0,0,0,0,0,0,0,1,1,0,1,0,0,1,1,0,0,1,0,0,0,0,1,0,0,0,0,1,1,1,1,1,0,0,0,0,1,1 : 13.1284
1,1,0,1,0,0,1,1,1,1,0,1,0,0,0,1,1,0,0,1,1,1,0,1,0,0,1,0,1,1,1,1,1,0,0,0,0,0,1 : 13.1284
1,1,0,0,0,0,0,0,1,0,0,0,0,0,0,1,0,0,1,0,1,0,0,1,1,0,1,1,0,1,0,0,1,1,0,0,0,0,0 : 13.1284
1,1,0,0,0,0,1,0,1,1,0,0,0,1,1,1,0,0,1,0,1,1,0,1,0,0,1,0,1,1,0,0,1,0,0,0,0,0,0 : 13.1284
1,1,0,0,0,0,1,0,1,1,0,0,0,1,1,1,0,0,1,1,1,1,0,1,0,0,0,0,1,0,0,1,1,0,0,0,0,0,0 : 13.3165
1,0,0,1,0,0,0,0,1,1,1,1,0,1,0,1,0,0,1,0,0,0,1,1,0,1,0,0,0,0,1,1,1,0,0,0,0,1,1 : 13.3165
1,1,0,0,0,0,1,0,1,1,0,0,0,1,1,1,0,0,1,1,1,1,0,1,0,0,0,0,1,0,0,1,1,0,0,0,0,0,0 : 13.3165
1,0,0,1,0,0,0,0,1,1,1,1,0,1,0,1,0,0,1,0,0,0,1,1,0,1,0,0,0,0,1,1,1,0,0,0,0,1,1 : 13.3165
1,1,0,0,0,0,1,1,1,1,1,0,1,1,1,0,1,0,1,1,1,0,1,0,1,1,0,1,1,0,0,1,0,1,0,0,0,1,0 : 13.3695
1,0,0,0,1,0,1,1,1,1,0,1,0,0,1,0,1,1,0,1,1,1,0,1,1,1,0,0,1,0,0,0,1,1,0,0,1,0,0 : 13.3695
1,1,0,0,0,0,1,1,1,1,1,0,1,1,1,0,1,0,1,1,1,0,1,0,1,1,0,1,1,0,0,1,0,1,0,1,1,1,0 : 13.3695
0,0,0,0,1,0,1,1,0,0,1,1,0,0,1,0,0,0,0,1,1,0,0,1,1,1,0,0,0,0,0,0,0,0,0,1,0,0,1 : 13.3695
1,0,0,0,1,0,1,1,1,0,0,1,0,0,1,0,1,1,0,1,1,1,0,1,1,1,0,0,1,0,0,0,1,1,0,1,1,0,0 : 13.3695
1,1,0,0,0,0,1,1,1,1,1,0,1,1,1,0,1,0,1,1,1,0,1,0,1,1,0,1,1,0,0,1,0,1,0,0,0,1,0 : 13.3695
1,0,0,0,1,0,1,1,1,1,0,1,0,0,1,0,1,1,0,1,1,1,0,1,1,1,0,0,1,0,0,0,1,1,0,0,1,0,0 : 13.3695
1,1,0,0,0,0,1,1,1,1,1,0,1,1,1,0,1,0,1,1,1,0,1,0,1,1,0,1,1,0,0,1,0,1,0,1,1,1,0 : 13.3695
0,0,0,0,1,0,1,1,0,0,1,1,0,0,1,0,0,0,0,1,1,0,0,1,1,1,0,0,0,0,0,0,0,0,0,1,0,0,1 : 13.3695
1,0,0,0,1,0,1,1,1,0,0,1,0,0,1,0,1,1,0,1,1,1,0,1,1,1,0,0,1,0,0,0,1,1,0,1,1,0,0 : 13.3695
1,0,0,1,0,0,1,0,1,1,1,1,0,1,0,1,1,0,0,0,0,0,1,1,0,1,0,0,0,0,1,0,1,0,0,0,0,1,1 : 13.4238
1,0,0,1,0,0,1,0,1,1,1,1,0,1,0,1,1,0,0,0,0,0,1,1,0,1,0,0,0,0,1,0,1,0,0,0,0,1,1 : 13.4238
0,1,0,0,0,1,1,1,0,0,0,1,0,0,0,1,1,1,1,1,1,0,1,0,0,0,1,0,0,0,0,0,0,0,0,0,1,0,1 : 13.4596
0,1,0,1,1,1,1,0,1,0,1,0,0,0,1,1,0,0,0,0,0,1,0,1,0,0,0,1,0,0,1,0,0,0,0,1,0,1,0 : 13.4596
0,0,0,1,1,1,1,1,1,0,0,0,1,1,0,1,0,1,1,0,1,1,0,0,0,1,0,0,1,0,0,0,1,0,0,0,0,0,0 : 13.4596
1,0,0,1,0,1,1,1,1,0,0,0,0,0,1,1,0,1,1,0,0,1,1,1,1,0,1,0,0,1,1,1,0,1,0,0,0,1,0 : 13.4596
1,0,0,1,0,1,1,0,1,0,0,0,0,0,1,1,0,0,1,0,0,1,1,0,1,0,1,0,0,0,0,0,1,1,0,1,0,0,0 : 13.4596
1,0,0,1,1,1,0,0,1,0,1,1,0,1,1,1,1,0,0,1,1,1,0,1,1,0,1,1,0,1,0,1,1,0,0,0,0,1,0 : 13.4596
0,0,0,1,0,1,0,0,1,0,1,0,0,0,1,1,0,1,0,1,1,0,1,1,0,0,1,0,0,1,0,0,0,1,0,1,1,1,1 : 13.4596
0,1,0,1,1,1,1,0,1,0,1,0,0,0,1,1,0,1,0,0,0,1,0,0,0,0,0,1,0,0,1,0,0,1,0,1,0,1,0 : 13.4596
0,0,0,1,1,1,1,1,1,0,0,0,1,1,0,1,0,1,0,0,1,1,0,1,0,1,0,0,1,0,0,1,1,0,0,0,0,0,0 : 13.4596
1,0,0,1,0,1,1,0,1,0,0,0,0,0,1,1,0,0,1,0,0,1,1,0,0,0,1,0,0,1,0,0,1,1,0,1,0,0,0 : 13.4596
0,0,0,1,0,1,0,1,1,0,1,0,0,0,1,1,0,1,0,1,1,0,1,1,0,0,0,0,1,1,0,0,1,1,0,1,1,1,1 : 13.4596
1,1,0,1,0,1,0,1,1,0,1,0,0,0,1,1,1,1,0,1,0,0,1,1,0,1,0,0,1,1,0,0,1,0,0,0,1,1,0 : 13.4596
1,0,0,0,1,1,0,1,0,0,0,1,0,0,1,1,0,1,1,0,0,0,1,0,1,1,0,0,1,0,0,0,1,0,0,0,1,1,0 : 13.4596
0,1,0,0,0,1,1,1,0,0,0,1,0,0,0,1,1,1,1,1,1,0,1,0,0,0,1,0,0,0,0,0,0,0,0,0,1,0,1 : 13.4596
0,1,0,1,1,1,1,0,1,0,1,0,0,0,1,1,0,0,0,0,0,1,0,1,0,0,0,1,0,0,1,0,0,0,0,1,0,1,0 : 13.4596
0,0,0,1,1,1,1,1,1,0,0,0,1,1,0,1,0,1,1,0,1,1,0,0,0,1,0,0,1,0,0,0,1,0,0,0,0,0,0 : 13.4596
1,0,0,1,0,1,1,1,1,0,0,0,0,0,1,1,0,1,1,0,0,1,1,1,1,0,1,0,0,1,1,1,0,1,0,0,0,1,0 : 13.4596
1,0,0,1,0,1,1,0,1,0,0,0,0,0,1,1,0,0,1,0,0,1,1,0,1,0,1,0,0,0,0,0,1,1,0,1,0,0,0 : 13.4596
1,0,0,1,1,1,0,0,1,0,1,1,0,1,1,1,1,0,0,1,1,1,0,1,1,0,1,1,0,1,0,1,1,0,0,0,0,1,0 : 13.4596
0,0,0,1,0,1,0,0,1,0,1,0,0,0,1,1,0,1,0,1,1,0,1,1,0,0,1,0,0,1,0,0,0,1,0,1,1,1,1 : 13.4596
0,1,0,1,1,1,1,0,1,0,1,0,0,0,1,1,0,1,0,0,0,1,0,0,0,0,0,1,0,0,1,0,0,1,0,1,0,1,0 : 13.4596
0,0,0,1,1,1,1,1,1,0,0,0,1,1,0,1,0,1,0,0,1,1,0,1,0,1,0,0,1,0,0,1,1,0,0,0,0,0,0 : 13.4596
1,0,0,1,0,1,1,0,1,0,0,0,0,0,1,1,0,0,1,0,0,1,1,0,0,0,1,0,0,1,0,0,1,1,0,1,0,0,0 : 13.4596
0,0,0,1,0,1,0,1,1,0,1,0,0,0,1,1,0,1,0,1,1,0,1,1,0,0,0,0,1,1,0,0,1,1,0,1,1,1,1 : 13.4596
1,1,0,1,0,1,0,1,1,0,1,0,0,0,1,1,1,1,0,1,0,0,1,1,0,1,0,0,1,1,0,0,1,0,0,0,1,1,0 : 13.4596
1,0,0,0,1,1,0,1,0,0,0,1,0,0,1,1,0,1,1,0,0,0,1,0,1,1,0,0,1,0,0,0,1,0,0,0,1,1,0 : 13.4596
0,0,1,0,0,0,1,1,0,0,1,0,1,0,1,0,0,1,1,0,1,0,0,1,0,0,0,0,1,1,0,1,0,1,0,0,0,1,1 : 13.6324
1,1,0,1,0,0,1,0,0,0,0,1,0,0,0,0,1,0,0,1,1,1,1,1,0,0,0,0,1,1,1,0,0,0,0,1,0,1,1 : 13.6324
0,0,1,0,0,0,1,1,0,0,1,0,1,0,1,0,0,1,1,0,1,0,0,1,0,0,0,0,1,1,0,1,0,1,0,0,0,1,1 : 13.6324
1,1,0,1,0,0,1,0,0,0,0,1,0,0,0,0,1,0,0,1,1,1,1,1,0,0,0,0,1,1,1,0,0,0,0,1,0,1,1 : 13.6324
0,1,0,1,0,0,0,0,0,1,0,1,0,0,0,1,0,0,0,1,0,0,0,1,0,1,0,1,0,0,1,0,1,1,0,0,1,1,0 : 13.7428
0,1,0,1,0,0,0,0,0,1,0,1,0,0,0,1,0,0,0,1,0,0,0,1,0,1,0,1,0,0,1,0,1,1,0,0,1,1,0 : 13.7428
0,0,0,0,0,0,0,0,1,1,0,1,0,0,1,0,0,0,1,0,1,0,0,1,0,0,0,0,1,0,1,1,1,0,0,0,1,1,1 : 13.7555
0,0,0,0,0,0,0,0,1,1,0,1,0,0,1,0,0,0,1,0,1,0,0,1,0,0,0,0,1,0,1,1,1,0,0,0,1,1,1 : 13.7555
1,1,0,0,1,0,1,1,1,1,1,0,1,1,0,0,0,1,0,1,0,1,0,1,1,0,1,0,0,0,1,0,0,1,0,1,1,0,0 : 13.7606
1,0,0,1,1,0,1,0,0,0,1,1,1,0,0,0,0,1,0,0,1,0,1,0,0,0,0,0,0,0,1,1,0,1,0,1,0,0,0 : 13.7606
1,1,0,0,1,0,1,1,1,1,1,0,1,1,0,0,0,1,1,0,0,1,0,1,1,0,1,0,0,1,1,0,0,1,0,1,0,0,0 : 13.7606
0,0,0,0,0,0,1,1,0,0,0,0,1,0,0,0,0,0,1,0,0,0,1,1,0,0,0,1,1,0,0,0,1,1,0,0,1,1,0 : 13.7606
1,1,0,0,1,0,1,1,1,1,1,0,1,1,0,0,0,1,0,1,0,1,0,1,1,0,1,0,0,0,1,0,0,1,0,1,1,0,0 : 13.7606
1,0,0,1,1,0,1,0,0,0,1,1,1,0,0,0,0,1,0,0,1,0,1,0,0,0,0,0,0,0,1,1,0,1,0,1,0,0,0 : 13.7606
1,1,0,0,1,0,1,1,1,1,1,0,1,1,0,0,0,1,1,0,0,1,0,1,1,0,1,0,0,1,1,0,0,1,0,1,0,0,0 : 13.7606
0,0,0,0,0,0,1,1,0,0,0,0,1,0,0,0,0,0,1,0,0,0,1,1,0,0,0,1,1,0,0,0,1,1,0,0,1,1,0 : 13.7606
1,1,0,0,0,0,0,1,0,1,0,0,0,1,0,0,0,0,1,0,0,1,0,1,0,0,0,1,0,0,1,0,1,1,0,0,0,1,1 : 13.7919
1,1,0,0,0,0,0,1,0,1,0,0,0,1,0,0,0,0,1,0,0,1,0,1,0,0,0,1,0,0,1,0,1,1,0,0,0,1,1 : 13.7919
1,0,0,1,0,0,0,0,0,1,0,0,0,1,0,1,1,1,0,0,1,0,1,1,0,0,1,0,1,0,1,0,1,1,0,0,0,1,1 : 13.8582
0,1,0,0,0,0,1,0,0,1,0,0,1,0,1,1,0,0,0,0,1,1,0,1,0,0,1,0,0,0,1,1,0,1,1,0,0,1,0 : 13.8582
1,1,0,1,0,0,0,0,0,1,0,0,0,1,0,1,1,1,0,0,1,0,1,1,0,0,1,0,1,0,1,0,1,1,0,0,0,1,1 : 13.8582
1,0,0,1,0,0,0,0,0,1,0,0,0,1,0,1,1,1,0,0,1,0,1,1,0,0,1,0,1,0,1,0,1,1,0,0,0,1,1 : 13.8582
0,1,0,0,0,0,1,0,0,1,0,0,1,0,1,1,0,0,0,0,1,1,0,1,0,0,1,0,0,0,1,1,0,1,1,0,0,1,0 : 13.8582
1,1,0,1,0,0,0,0,0,1,0,0,0,1,0,1,1,1,0,0,1,0,1,1,0,0,1,0,1,0,1,0,1,1,0,0,0,1,1 : 13.8582
1,1,0,1,0,0,0,1,0,0,0,1,0,0,0,0,1,0,1,1,1,1,1,0,0,1,0,0,1,1,1,0,1,1,0,1,0,1,1 : 13.996
1,1,0,1,0,0,0,1,0,0,0,1,0,0,0,0,1,0,1,1,1,1,1,0,0,1,0,0,1,1,1,0,1,1,0,1,0,1,1 : 13.996
1,0,1,1,0,0,0,1,0,1,0,1,0,0,0,0,0,0,0,0,1,1,0,0,0,1,0,0,1,0,0,0,1,0,0,1,0,1,1 : 14.2411
1,1,1,1,0,0,0,1,0,1,0,1,0,0,0,0,0,0,0,0,1,1,0,0,0,1,0,0,1,1,0,0,1,0,0,1,0,1,1 : 14.2411
1,0,1,1,0,0,0,1,0,1,0,1,0,0,0,0,0,0,0,0,1,1,0,0,0,1,0,0,1,0,0,0,1,0,0,1,0,1,1 : 14.2411
1,1,1,1,0,0,0,1,0,1,0,1,0,0,0,0,0,0,0,0,1,1,0,0,0,1,0,0,1,1,0,0,1,0,0,1,0,1,1 : 14.2411
1,1,0,1,0,1,0,1,1,1,1,0,0,0,1,1,1,1,0,1,0,0,1,1,0,1,0,0,1,1,0,0,1,0,0,0,1,1,0 : 14.3946
1,0,0,1,0,1,0,1,0,1,0,0,0,1,0,1,0,1,0,1,1,1,1,1,0,0,0,0,1,1,1,0,1,0,0,0,1,0,0 : 14.3946
1,0,0,1,1,1,1,1,1,1,0,1,1,0,1,1,1,1,0,1,1,0,1,0,0,0,1,1,1,0,0,0,0,1,0,0,1,0,0 : 14.3946
0,0,0,0,1,1,0,1,0,1,1,0,1,1,1,1,1,0,0,1,0,1,1,1,0,0,0,1,0,0,1,0,0,1,0,0,1,1,1 : 14.3946
1,0,0,1,0,1,1,1,1,1,0,0,0,0,0,1,0,0,0,1,0,0,1,0,0,1,0,0,0,0,1,0,0,1,0,0,1,0,1 : 14.3946
1,1,0,0,0,1,0,1,0,1,1,1,0,1,0,1,1,1,0,0,1,0,0,0,0,1,1,0,1,1,1,0,1,0,0,1,1,1,1 : 14.3946
1,0,0,1,0,1,0,1,0,1,0,0,0,1,0,1,0,1,0,1,1,1,1,1,0,0,0,0,1,1,1,0,1,0,0,0,1,0,0 : 14.3946
1,1,0,1,1,1,1,1,1,1,1,1,1,0,1,1,0,1,0,1,1,1,1,0,0,0,1,1,1,0,0,0,0,1,0,0,1,0,0 : 14.3946
0,0,0,0,1,1,0,1,0,1,1,0,1,1,1,1,1,0,0,1,0,0,1,1,0,0,0,1,0,0,1,0,0,1,0,0,1,1,1 : 14.3946
1,1,0,1,0,1,1,1,1,1,0,0,0,0,0,1,0,0,0,1,0,1,1,0,0,1,1,0,0,0,1,0,0,1,0,0,1,0,0 : 14.3946
1,1,0,0,0,1,0,1,0,1,1,1,0,1,0,1,1,1,0,0,1,0,0,0,0,1,1,0,1,1,1,0,1,0,0,1,1,0,1 : 14.3946
1,0,0,1,0,1,0,1,0,1,0,0,0,1,0,1,0,1,0,1,1,1,1,1,0,0,0,0,1,1,1,0,1,0,0,0,1,0,0 : 14.3946
