1,1,0,1,1,1,1,0,1,0,1,0,1,0,1,0 : 456.363
1,0,1,0,1,1,1,0,1,1,0,0,1,0,1,0 : 482.59
1,1,1,0,1,1,1,0,1,0,1,0,1,0,0,1 : 644.357
1,0,1,1,0,0,1,0,1,1,0,0,1,0,1,0 : 380.18
1,0,0,0,0,0,1,0,1,1,0,0,1,0,1,0 : 380.147
1,0,0,0,0,0,1,0,1,1,0,0,1,0,1,0 : 380.147
1,0,1,1,0,1,1,0,1,0,0,1,1,0,0,1 : 555.633
1,0,0,1,0,1,1,0,1,1,0,0,1,0,0,1 : 490.473
1,1,0,0,0,1,1,0,1,0,0,1,1,0,0,1 : 555.633
1,1,1,1,0,1,1,1,1,1,0,0,1,1,0,0 : 275.407
1,0,0,0,0,0,0,1,1,0,1,0,1,0,1,0 : 439.02
1,1,0,0,1,1,1,1,1,1,0,0,1,1,0,0 : 291.62
1,1,1,1,0,1,1,1,1,0,1,0,1,1,0,0 : 275.407
1,0,1,0,0,0,1,0,1,0,1,0,1,0,0,1 : 490.473
1,1,1,1,0,1,1,0,1,0,0,1,1,0,0,1 : 555.633
1,1,1,1,0,0,1,0,1,0,1,0,1,0,1,0 : 365.04
1,0,0,1,0,0,1,1,1,0,1,0,1,1,0,0 : 271.337
1,1,1,0,1,0,1,1,1,0,0,1,1,0,1,0 : 433.913
1,1,1,0,0,1,0,0,1,1,0,0,1,1,0,0 : 275.923
1,1,1,0,0,0,1,1,1,0,0,1,1,1,0,0 : 247.693
1,0,0,1,0,0,1,0,1,0,1,0,1,0,0,1 : 490.473
1,1,1,0,0,1,0,1,1,0,0,1,1,0,0,1 : 680.727
1,1,1,1,0,0,0,1,1,0,1,0,1,1,0,0 : 246.273
1,1,0,1,0,0,1,1,1,0,1,0,1,0,1,0 : 368.63
1,1,0,1,0,1,1,1,1,0,1,0,1,0,1,0 : 413.88
1,1,1,1,1,0,1,1,1,1,0,0,1,1,0,0 : 249.44
1,1,1,1,0,0,1,0,1,0,1,0,1,0,1,0 : 365.04
1,1,1,0,1,1,1,0,1,0,0,1,1,0,0,1 : 644.357
1,0,1,1,0,0,0,1,1,1,0,0,1,0,0,1 : 607.7
1,1,0,0,0,0,1,0,1,0,0,1,1,1,0,0 : 258.113
1,0,1,0,0,0,1,1,1,0,1,0,1,0,0,1 : 510.857
1,0,1,0,0,0,1,1,1,1,0,0,1,0,1,0 : 380.18
1,0,1,1,0,1,1,0,1,0,1,0,1,0,0,1 : 490.473
1,1,1,0,0,1,1,0,1,0,0,1,1,1,0,0 : 275.923
1,1,1,0,0,0,1,1,1,1,0,0,1,0,1,0 : 361.7029
1,0,0,1,0,0,1,1,1,0,1,0,1,0,1,0 : 382.01
1,1,1,0,0,0,0,0,1,1,0,0,1,1,0,0 : 244.23
1,1,0,0,0,0,0,0,1,0,0,1,1,1,0,0 : 257.927
1,0,0,1,0,1,1,1,1,1,0,0,1,0,1,0 : 432.757
1,1,1,0,0,1,0,1,1,1,0,0,1,0,0,1 : 680.727
1,1,1,0,1,0,1,1,1,1,0,0,1,0,1,0 : 456.363
1,1,0,1,1,0,1,1,1,0,1,0,1,0,1,0 : 456.363
1,1,1,1,0,0,1,1,1,0,0,1,1,1,0,0 : 247.537
1,1,1,0,0,1,0,0,1,0,1,0,1,1,0,0 : 275.923
1,0,1,1,0,1,1,1,1,0,0,1,1,0,0,1 : 575.553
1,1,1,0,1,0,0,1,1,0,0,1,1,1,0,0 : 252.963
1,1,1,1,0,0,0,1,1,0,1,0,1,0,1,0 : 439.02
1,1,0,1,0,0,0,1,1,1,0,0,1,1,0,0 : 254.033
1,1,0,1,1,1,1,1,1,0,0,1,1,0,1,0 : 433.913
1,1,1,0,1,0,0,0,1,0,1,0,1,0,0,1 : 705.213
1,1,0,0,1,0,1,1,1,1,0,0,1,1,0,0 : 261.31
1,1,0,1,0,0,1,1,1,0,1,0,1,1,0,0 : 256.32
1,1,0,0,0,0,1,1,1,0,0,1,1,0,1,0 : 369.617
1,1,0,0,0,0,0,1,1,0,1,0,1,1,0,0 : 256.32
1,1,1,0,1,0,0,1,1,1,0,0,1,1,0,0 : 249.607
1,1,0,1,0,0,1,1,1,1,0,0,1,0,0,1 : 506.88
1,1,0,0,1,0,0,0,1,0,0,1,1,1,0,0 : 263.207
1,1,0,1,0,0,0,0,1,0,0,1,1,1,0,0 : 257.407
1,1,1,0,0,0,0,1,1,1,0,0,1,1,0,0 : 244.303
1,1,1,0,1,0,1,0,1,0,0,1,1,1,0,0 : 252.963
1,1,0,1,0,0,1,0,1,0,1,0,1,1,0,0 : 256.3399
1,1,1,1,0,1,1,0,1,0,1,0,1,1,0,0 : 275.39
1,1,1,0,0,0,1,1,1,0,1,0,1,0,1,0 : 363.56
1,1,1,1,0,0,1,0,1,1,0,0,1,0,0,1 : 490.473
1,0,0,1,0,0,1,1,1,0,1,0,1,0,1,0 : 382.01
1,1,0,1,0,1,1,1,1,0,1,0,1,1,0,0 : 286.43
1,0,1,1,0,0,0,1,1,1,0,0,1,0,0,1 : 607.7
1,0,1,0,0,1,1,1,1,0,1,0,1,0,0,1 : 510.857
1,1,1,1,0,1,1,0,1,1,0,0,1,0,0,1 : 490.473
1,0,0,0,1,1,1,0,1,1,0,0,1,1,0,0 : 305.48
1,1,1,0,1,0,0,0,1,1,0,0,1,0,0,1 : 703.5
1,0,0,0,0,0,0,1,1,0,0,1,1,0,0,1 : 604.8869
1,1,1,0,0,0,1,0,1,1,0,0,1,1,0,0 : 244.277
1,1,0,1,0,0,0,0,1,0,1,0,1,0,1,0 : 445.577
1,0,1,0,0,0,1,0,1,0,1,0,1,0,0,1 : 490.473
1,1,1,0,1,0,0,1,1,0,1,0,1,1,0,0 : 251.787
1,1,1,0,1,0,1,0,1,1,0,0,1,1,0,0 : 249.497
1,1,0,1,0,0,1,1,1,0,0,1,1,1,0,0 : 257.5299
1,1,1,0,0,0,1,1,1,0,0,1,1,1,0,0 : 247.693
1,1,0,1,1,0,0,1,1,0,0,1,1,0,1,0 : 493.893
1,1,0,1,1,0,1,0,1,1,0,0,1,0,0,1 : 616.97
1,1,0,1,0,0,0,1,1,0,0,1,1,1,0,0 : 257.45
1,1,0,0,0,0,1,1,1,0,1,0,1,0,1,0 : 368.63
1,1,0,0,0,1,0,1,1,0,0,1,1,1,0,0 : 287.037
1,1,1,1,1,0,0,0,1,0,1,0,1,1,0,0 : 251.637
1,0,0,0,0,0,1,1,1,1,0,0,1,0,1,0 : 380.147
1,1,0,1,1,0,1,0,1,0,0,1,1,1,0,0 : 263.847
1,1,1,0,1,0,0,1,1,0,1,0,1,0,1,0 : 493.893
1,1,1,1,0,0,1,1,1,1,0,0,1,0,1,0 : 361.7029
1,0,0,0,0,0,0,0,1,0,0,1,1,1,0,0 : 271.337
1,0,1,1,0,0,1,1,1,1,0,0,1,0,0,1 : 506.88
1,1,1,0,1,0,1,1,1,1,0,0,1,0,0,1 : 616.97
1,1,1,0,0,0,1,1,1,0,1,0,1,0,1,0 : 363.56
1,1,1,1,0,0,0,1,1,0,0,1,1,0,1,0 : 439.02
1,1,1,1,0,0,1,1,1,1,0,0,1,1,0,0 : 244.353
1,1,0,0,1,1,1,0,1,0,1,0,1,0,0,1 : 651.703
1,0,1,0,0,0,0,0,1,1,0,0,1,1,0,0 : 260.38
1,0,1,0,0,0,1,1,1,0,0,1,1,1,0,0 : 263.363
1,1,1,0,0,0,1,1,1,1,0,0,1,0,1,0 : 361.7029
1,1,1,1,1,1,0,1,1,1,0,0,1,0,0,1 : 775.54
