1,0,0,0,0,1,1,0,0,1,1 : 214.37
1,0,0,0,1,0,1,1,1,1,0 : 202.68
1,1,0,0,0,1,0,0,1,0,0 : 223.0133
1,0,0,0,0,0,0,1,1,1,0 : 199.6833
1,0,0,0,1,1,0,1,1,1,0 : 201.9733
1,0,0,0,0,0,1,0,0,1,0 : 200.66
1,0,1,0,1,1,0,1,1,1,0 : 224.1766
1,0,0,0,0,0,0,0,0,1,0 : 199.6833
1,0,0,1,0,0,0,1,1,0,0 : 208.37
1,0,0,1,0,1,0,1,1,1,0 : 212.0533
1,0,0,0,1,0,1,1,0,1,0 : 202.68
1,0,0,1,1,1,0,0,0,0,0 : 210.5066
1,0,1,1,1,0,1,0,0,0,0 : 231.77
1,1,0,0,1,0,0,0,1,0,0 : 219.1533
1,0,0,1,0,1,0,0,0,0,0 : 210.5066
1,0,0,0,1,0,0,0,0,1,0 : 199.6833
1,1,0,1,0,1,0,1,0,1,0 : 232.9566
1,1,0,0,1,0,0,0,0,0,0 : 219.1533
1,0,0,0,0,0,0,0,1,1,0 : 199.6833
1,0,0,0,1,0,0,0,1,1,0 : 199.6833
1,0,0,0,1,1,1,1,0,1,0 : 202.68
1,0,0,1,0,1,0,0,1,0,0 : 210.5066
1,0,0,1,1,0,0,0,0,0,0 : 209.84
1,0,0,0,1,0,0,1,0,1,0 : 199.6833
1,0,0,0,1,0,0,1,1,0,0 : 199.9533
1,0,0,0,1,0,0,0,1,1,0 : 199.6833
1,0,0,0,1,1,0,1,1,0,1 : 213.9966
1,0,0,0,1,0,0,0,0,1,0 : 199.6833
1,1,0,1,1,0,1,1,1,0,1 : 249.0866
1,0,0,1,0,1,0,0,0,0,0 : 210.5066
1,0,0,1,1,1,1,0,1,1,0 : 215.3666
1,0,0,1,1,0,0,1,0,1,0 : 209.84
1,0,0,0,0,0,1,1,1,1,1 : 215.6066
1,0,0,0,1,0,0,0,1,0,0 : 201.5466
1,0,0,0,1,1,1,1,1,0,0 : 205.7066
1,0,0,0,1,0,0,1,1,0,0 : 199.9533
1,0,0,0,1,1,1,0,1,1,0 : 202.68
1,1,1,1,1,1,1,0,0,0,1 : 252.6833
1,0,0,0,0,0,1,1,0,0,0 : 202.3866
1,0,1,0,1,0,0,0,0,1,0 : 218.89
1,0,1,0,1,1,0,0,1,0,0 : 224.0733
1,0,0,0,0,0,1,0,1,0,0 : 203.9766
1,0,0,0,0,1,1,0,0,1,0 : 205.3633
1,1,0,0,1,1,1,1,0,0,0 : 227.12
1,1,1,0,1,1,0,1,0,1,0 : 240.9833
1,1,0,0,1,0,0,0,0,1,0 : 219.1533
1,0,0,0,1,0,0,1,0,1,0 : 199.6833
1,0,0,1,0,1,0,0,1,1,0 : 210.5066
1,0,0,0,1,1,0,1,0,1,0 : 201.9733
1,0,0,0,1,0,0,1,1,1,0 : 199.6833
1,0,0,0,1,0,0,0,0,1,0 : 199.6833
1,0,0,1,1,1,1,1,0,1,0 : 214.48
1,0,1,0,1,1,1,0,0,0,0 : 224.0733
1,0,0,1,1,1,0,0,1,1,0 : 210.5066
1,0,0,0,1,0,0,0,0,1,0 : 199.6833
1,0,0,0,0,0,0,0,0,1,0 : 199.6833
1,0,0,0,0,0,1,0,1,1,0 : 203.9766
1,0,0,0,0,0,0,1,0,1,0 : 199.6833
1,1,0,0,1,0,1,0,1,0,1 : 235.7333
1,1,0,0,0,0,0,0,1,1,0 : 219.1533
1,1,0,0,1,0,0,0,0,0,0 : 219.1533
1,1,0,1,0,1,1,1,0,0,1 : 237.3466
1,1,0,1,0,0,1,1,1,1,0 : 235.97
1,0,1,0,0,1,1,0,0,1,0 : 224.0733
1,0,0,0,1,0,0,0,1,0,0 : 201.5466
1,0,0,0,0,0,0,0,0,1,1 : 212.4466
1,1,0,0,1,1,0,0,1,0,0 : 223.0133
1,0,0,0,0,0,0,0,1,1,0 : 199.6833
1,0,0,0,1,1,0,0,0,0,0 : 203.9333
1,0,0,0,0,1,1,0,1,1,0 : 203.9766
1,0,0,0,0,1,0,1,1,1,0 : 201.9733
1,0,0,0,0,1,1,1,1,0,0 : 204.1766
1,0,0,0,0,0,1,0,0,1,0 : 200.66
1,0,1,0,0,1,0,0,1,1,0 : 224.0733
1,0,0,0,1,0,0,0,0,0,0 : 201.5466
1,0,0,1,0,0,0,1,0,0,0 : 207.7466
1,0,0,0,1,1,0,1,1,1,0 : 201.9733
1,0,0,1,1,0,0,1,0,1,0 : 209.84
1,1,0,0,0,1,1,0,1,1,0 : 229.2433
1,0,1,1,1,0,0,1,1,1,0 : 227.0133
1,0,0,0,0,1,0,0,0,0,0 : 203.9333
1,0,0,0,0,1,0,0,0,1,0 : 200.38
1,0,1,1,1,0,0,0,0,1,0 : 226.13
1,0,0,0,1,0,0,1,0,1,0 : 199.6833
1,1,1,0,1,1,0,0,0,1,1 : 251.3633
1,1,0,0,1,1,0,0,1,1,0 : 223.0133
1,0,0,0,1,1,1,1,1,1,0 : 202.68
1,0,0,1,0,1,0,1,1,1,0 : 212.0533
1,0,0,1,1,1,1,1,1,1,0 : 214.48
1,0,0,0,0,1,0,0,1,1,0 : 200.38
1,1,0,0,1,1,0,0,1,0,0 : 223.0133
1,0,0,0,0,0,1,1,0,1,0 : 200.66
1,0,0,0,0,0,0,1,1,1,0 : 199.6833
1,0,0,0,1,1,0,1,1,0,0 : 202.9366
1,1,0,0,1,0,0,1,1,1,1 : 230.2366
1,0,0,0,1,1,1,1,0,0,0 : 207.2333
1,0,0,0,0,0,1,0,0,1,0 : 200.66
1,0,0,1,0,1,1,1,0,1,0 : 217.2366
1,1,0,0,0,1,0,1,1,1,0 : 223.2133
1,0,0,0,1,0,0,1,0,1,1 : 215.1833
