1,1,0,0,0,0,1,0,1,1,0,0,1,1,0,0 : 254.587
1,1,0,0,0,0,1,0,1,1,0,0,1,1,0,0 : 254.587
1,1,0,0,0,0,1,0,1,1,0,0,1,1,0,0 : 254.587
1,1,0,0,0,0,1,0,1,1,0,0,1,1,0,0 : 254.587
1,1,0,0,0,0,0,1,1,0,1,0,1,1,0,0 : 256.32
1,1,0,0,0,0,1,1,1,0,1,0,1,1,0,0 : 256.32
1,1,0,0,0,0,0,1,1,0,1,0,1,1,0,0 : 256.32
1,1,0,0,0,0,1,1,1,0,1,0,1,1,0,0 : 256.32
1,1,0,0,0,0,1,0,1,0,0,1,1,1,0,0 : 258.113
1,1,0,0,0,0,1,0,1,0,0,1,1,1,0,0 : 258.113
1,0,1,0,0,0,0,0,1,1,0,0,1,1,0,0 : 260.38
1,0,1,0,0,0,0,0,1,1,0,0,1,1,0,0 : 260.38
1,0,1,1,0,0,0,1,1,0,1,0,1,1,0,0 : 262.233
1,0,1,1,0,0,0,1,1,0,1,0,1,1,0,0 : 262.233
1,1,0,0,1,0,1,1,1,0,0,1,1,1,0,0 : 263.207
1,1,0,0,1,0,1,1,1,0,0,1,1,1,0,0 : 263.207
1,1,0,0,1,0,1,1,1,0,0,1,1,1,0,0 : 263.207
1,1,0,0,1,0,1,1,1,0,0,1,1,1,0,0 : 263.207
1,0,1,0,0,0,1,1,1,0,0,1,1,1,0,0 : 263.363
1,0,1,0,0,0,1,1,1,0,0,1,1,1,0,0 : 263.363
1,1,0,1,1,0,0,0,1,0,0,1,1,1,0,0 : 263.847
1,1,0,1,1,0,0,0,1,0,0,1,1,1,0,0 : 263.847
1,1,0,1,1,0,0,0,1,0,0,1,1,1,0,0 : 263.847
1,1,0,1,1,0,0,0,1,0,0,1,1,1,0,0 : 263.847
1,0,1,1,1,0,1,1,1,1,0,0,1,1,0,0 : 266.67
1,0,1,1,1,0,1,1,1,1,0,0,1,1,0,0 : 266.67
1,0,1,1,1,0,1,1,1,1,0,0,1,1,0,0 : 266.67
1,0,1,1,1,0,1,1,1,1,0,0,1,1,0,0 : 266.67
1,0,0,0,0,0,0,0,1,0,0,1,1,1,0,0 : 271.337
1,0,0,0,0,0,0,0,1,0,0,1,1,1,0,0 : 271.337
1,0,0,0,0,0,0,0,1,0,0,1,1,1,0,0 : 271.337
1,0,0,0,0,0,0,0,1,0,0,1,1,1,0,0 : 271.337
1,0,0,0,1,0,1,0,1,0,0,1,1,1,0,0 : 279.097
1,0,0,0,1,0,1,0,1,1,0,0,1,1,0,0 : 279.097
1,0,0,0,1,0,1,0,1,0,0,1,1,1,0,0 : 279.097
1,0,0,0,1,0,1,0,1,1,0,0,1,1,0,0 : 279.097
1,1,1,0,1,1,0,1,1,1,0,0,1,1,0,0 : 279.15
1,1,1,0,1,1,0,1,1,1,0,0,1,1,0,0 : 279.15
1,1,1,0,1,1,0,1,1,1,0,0,1,1,0,0 : 279.15
1,1,1,0,1,1,0,1,1,1,0,0,1,1,0,0 : 279.15
1,1,0,0,1,1,1,1,1,0,0,1,1,1,0,0 : 291.62
1,1,0,0,1,1,1,1,1,0,0,1,1,1,0,0 : 291.62
1,1,0,0,1,1,1,1,1,0,0,1,1,1,0,0 : 291.62
1,1,0,0,1,1,1,1,1,0,0,1,1,1,0,0 : 291.62
1,0,1,0,0,1,1,1,1,0,0,1,1,1,0,0 : 295.683
1,0,1,0,0,1,1,1,1,0,0,1,1,1,0,0 : 295.683
1,0,1,0,0,1,0,1,1,1,0,0,1,1,0,0 : 299.85
1,0,1,1,1,1,0,1,1,0,0,1,1,1,0,0 : 299.85
1,0,1,0,0,1,0,1,1,0,0,1,1,1,0,0 : 299.85
1,0,1,0,1,1,0,1,1,1,0,0,1,1,0,0 : 299.85
1,0,1,1,0,1,0,1,1,0,0,1,1,1,0,0 : 299.85
1,0,1,0,0,1,0,1,1,0,0,1,1,1,0,0 : 299.85
1,0,1,0,0,1,0,1,1,1,0,0,1,1,0,0 : 299.85
1,0,1,1,1,1,0,1,1,0,0,1,1,1,0,0 : 299.85
1,0,1,0,0,1,0,1,1,0,0,1,1,1,0,0 : 299.85
1,0,1,0,1,1,0,1,1,1,0,0,1,1,0,0 : 299.85
1,0,1,1,0,1,0,1,1,0,0,1,1,1,0,0 : 299.85
1,0,1,0,0,1,0,1,1,0,0,1,1,1,0,0 : 299.85
1,0,0,0,1,1,0,1,1,0,1,0,1,1,0,0 : 310.317
1,0,0,0,1,1,0,1,1,0,1,0,1,1,0,0 : 310.317
1,0,0,0,1,1,0,1,1,0,1,0,1,1,0,0 : 310.317
1,0,0,0,1,1,0,1,1,0,1,0,1,1,0,0 : 310.317
1,1,1,0,0,0,1,1,1,1,0,0,1,0,1,0 : 361.7029
1,1,1,0,0,0,1,1,1,1,0,0,1,0,1,0 : 361.7029
1,1,1,0,0,0,1,1,1,1,0,0,1,0,1,0 : 361.7029
1,1,1,0,0,0,1,1,1,1,0,0,1,0,1,0 : 361.7029
1,1,1,0,0,1,1,1,1,0,0,1,1,0,1,0 : 407.763
1,1,1,0,0,1,1,1,1,0,0,1,1,0,1,0 : 407.763
1,1,1,1,0,1,1,1,1,0,1,0,1,0,1,0 : 408.073
1,1,1,1,0,1,1,1,1,0,1,0,1,0,1,0 : 408.073
1,1,1,1,0,1,1,1,1,0,1,0,1,0,1,0 : 408.073
1,1,1,1,0,1,1,1,1,0,1,0,1,0,1,0 : 408.073
1,1,1,0,1,0,1,1,1,0,0,1,1,0,1,0 : 433.913
1,1,0,1,1,1,1,1,1,0,0,1,1,0,1,0 : 433.913
1,1,1,0,1,0,1,1,1,0,0,1,1,0,1,0 : 433.913
1,1,0,1,1,1,1,1,1,0,0,1,1,0,1,0 : 433.913
1,1,1,0,1,0,1,1,1,0,0,1,1,0,1,0 : 433.913
1,1,0,1,1,1,1,1,1,0,0,1,1,0,1,0 : 433.913
1,1,1,0,1,0,1,1,1,0,0,1,1,0,1,0 : 433.913
1,1,0,1,1,1,1,1,1,0,0,1,1,0,1,0 : 433.913
1,1,1,1,0,0,0,1,1,0,0,1,1,0,1,0 : 439.02
1,0,0,1,0,0,0,1,1,1,0,0,1,0,1,0 : 439.02
1,1,1,0,0,0,0,1,1,0,1,0,1,0,1,0 : 439.02
1,0,0,1,0,0,0,1,1,0,0,1,1,0,1,0 : 439.02
1,0,0,1,0,0,0,1,1,1,0,0,1,0,1,0 : 439.02
1,1,1,0,0,0,0,1,1,0,1,0,1,0,1,0 : 439.02
1,0,0,1,0,0,0,1,1,0,0,1,1,0,1,0 : 439.02
1,1,0,0,0,0,0,1,1,0,1,0,1,0,1,0 : 439.02
1,1,1,1,0,0,0,1,1,0,0,1,1,0,1,0 : 439.02
1,0,0,1,0,0,0,1,1,1,0,0,1,0,1,0 : 439.02
1,1,1,0,0,0,0,1,1,0,1,0,1,0,1,0 : 439.02
1,0,0,1,0,0,0,1,1,0,0,1,1,0,1,0 : 439.02
1,0,0,1,0,0,0,1,1,1,0,0,1,0,1,0 : 439.02
1,1,1,0,0,0,0,1,1,0,1,0,1,0,1,0 : 439.02
1,0,0,1,0,0,0,1,1,0,0,1,1,0,1,0 : 439.02
1,1,0,0,0,0,0,1,1,0,1,0,1,0,1,0 : 439.02
1,0,0,0,1,0,1,0,1,0,0,1,1,0,1,0 : 445.667
1,0,0,0,1,0,1,0,1,0,0,1,1,0,1,0 : 445.667
1,1,0,0,1,1,1,1,1,1,0,0,1,0,1,0 : 456.363
1,1,0,0,1,1,1,1,1,1,0,0,1,0,1,0 : 456.363
