1,0,0,0,1,1,1,0,1,0,0 : 205.0866
1,0,0,0,1,1,0,1,1,0,0 : 205.0866
1,0,0,0,0,0,1,0,1,1,0 : 205.0866
1,0,0,0,1,1,1,0,0,1,0 : 205.0866
1,0,0,0,1,1,1,0,1,0,0 : 205.0866
1,0,0,0,1,1,0,1,1,0,0 : 205.0866
1,0,0,0,0,0,1,0,1,1,0 : 205.0866
1,0,0,0,1,1,1,0,0,1,0 : 205.0866
1,0,0,1,0,1,1,0,0,0,0 : 214.05
1,0,0,1,1,0,1,0,0,0,0 : 214.05
1,0,0,1,1,0,0,0,0,1,0 : 214.05
1,0,0,1,1,1,1,1,0,1,0 : 214.05
1,0,0,1,1,1,0,0,0,1,0 : 214.05
1,0,0,1,1,1,1,0,0,0,0 : 214.05
1,0,0,1,0,1,1,0,0,0,0 : 214.05
1,0,0,1,1,0,1,0,0,0,0 : 214.05
1,0,0,1,1,0,0,0,0,1,0 : 214.05
1,0,0,1,1,1,1,1,0,1,0 : 214.05
1,0,0,1,1,1,0,0,0,1,0 : 214.05
1,0,0,1,1,1,1,0,0,0,0 : 214.05
1,0,0,1,1,0,0,0,1,0,0 : 215.9466
1,0,0,1,1,1,0,1,1,1,0 : 215.9466
1,0,0,1,1,1,0,0,1,0,0 : 215.9466
1,0,0,1,0,0,1,0,1,1,0 : 215.9466
1,0,0,1,0,1,1,0,1,0,0 : 215.9466
1,0,0,1,1,0,0,0,1,0,0 : 215.9466
1,0,0,1,1,1,0,1,1,1,0 : 215.9466
1,0,0,1,1,1,0,0,1,0,0 : 215.9466
1,0,0,1,0,0,1,0,1,1,0 : 215.9466
1,0,0,1,0,1,1,0,1,0,0 : 215.9466
1,0,0,0,0,1,1,1,1,0,1 : 217.0733
1,0,0,0,1,0,1,1,1,0,1 : 217.0733
1,0,0,0,0,0,1,1,1,0,1 : 217.0733
1,0,0,0,0,1,1,1,1,0,1 : 217.0733
1,0,0,0,1,0,1,1,1,0,1 : 217.0733
1,0,0,0,0,0,1,1,1,0,1 : 217.0733
1,0,1,0,0,0,1,1,0,1,0 : 217.2866
1,0,1,0,0,0,1,1,0,1,0 : 217.2866
1,0,0,0,1,1,0,0,1,0,1 : 218.0733
1,0,0,0,1,0,1,0,1,0,1 : 218.0733
1,0,0,0,1,0,1,0,1,0,1 : 218.0733
1,0,0,0,1,1,0,0,1,0,1 : 218.0733
1,0,0,0,1,0,1,0,1,0,1 : 218.0733
1,0,0,0,1,0,1,0,1,0,1 : 218.0733
1,0,1,0,0,0,0,0,0,1,0 : 218.8166
1,0,1,0,0,0,0,0,1,1,0 : 218.8166
1,0,1,0,0,0,0,0,0,1,0 : 218.8166
1,0,1,0,0,0,0,0,1,1,0 : 218.8166
1,0,1,0,0,1,1,0,1,1,0 : 219.9666
1,0,1,0,0,1,1,0,1,1,0 : 219.9666
1,0,1,0,0,1,1,0,1,1,0 : 219.9666
1,0,1,0,0,1,1,0,1,1,0 : 219.9666
1,0,1,0,1,0,0,1,0,1,0 : 220.8633
1,0,1,0,1,0,0,1,0,1,0 : 220.8633
1,1,0,0,0,1,1,0,0,1,0 : 223.2133
1,1,0,0,0,1,0,1,0,0,0 : 223.2133
1,1,0,0,0,1,1,0,0,1,0 : 223.2133
1,1,0,0,0,1,1,1,0,1,0 : 223.2133
1,1,0,0,0,1,1,0,0,1,0 : 223.2133
1,1,0,0,0,1,0,1,0,0,0 : 223.2133
1,1,0,0,0,1,1,0,0,1,0 : 223.2133
1,1,0,0,0,1,1,1,0,1,0 : 223.2133
1,1,0,0,0,0,1,0,1,1,0 : 223.3366
1,1,0,0,1,0,0,0,0,0,0 : 223.3366
1,1,0,0,0,0,1,0,1,1,0 : 223.3366
1,1,0,0,1,0,0,0,0,0,0 : 223.3366
1,1,0,0,1,0,1,1,1,1,0 : 223.4933
1,1,0,0,1,0,0,1,0,1,0 : 223.4933
1,1,0,0,0,0,1,1,0,1,0 : 223.4933
1,1,0,0,1,0,0,1,0,1,0 : 223.4933
1,1,0,0,1,0,1,1,1,1,0 : 223.4933
1,1,0,0,1,0,0,1,0,1,0 : 223.4933
1,1,0,0,0,0,1,1,0,1,0 : 223.4933
1,1,0,0,1,0,0,1,0,1,0 : 223.4933
1,0,1,1,0,0,1,1,1,1,0 : 225.7966
1,0,1,1,1,0,0,1,1,1,0 : 225.7966
1,0,1,1,0,0,1,1,1,1,0 : 225.7966
1,0,1,1,1,0,0,1,1,1,0 : 225.7966
1,1,0,0,0,0,0,0,0,0,1 : 230.79
1,1,0,0,1,0,1,0,0,0,1 : 230.79
1,1,0,0,1,1,0,0,0,0,1 : 230.79
1,1,0,0,0,0,0,0,0,0,1 : 230.79
1,1,0,0,1,0,1,0,0,0,1 : 230.79
1,1,0,0,1,1,0,0,0,0,1 : 230.79
1,0,1,0,1,0,0,0,0,1,1 : 231.62
1,0,1,0,1,1,0,0,0,1,1 : 231.62
1,0,1,0,0,0,0,1,0,1,1 : 231.62
1,0,1,0,1,0,0,0,0,1,1 : 231.62
1,0,1,0,1,1,0,0,0,1,1 : 231.62
1,0,1,0,0,0,0,1,0,1,1 : 231.62
1,0,1,1,1,1,1,0,0,0,0 : 232.1433
1,0,1,1,1,1,1,0,0,0,0 : 232.1433
1,1,0,1,1,0,0,0,0,1,0 : 233.6666
1,1,0,1,1,0,0,0,0,1,0 : 233.6666
1,0,1,0,1,1,1,0,0,0,1 : 234.0633
1,0,1,0,1,1,1,0,0,0,1 : 234.0633
1,0,1,0,1,0,0,0,1,0,1 : 234.56
1,0,1,0,1,0,0,0,1,0,1 : 234.56
1,1,1,0,1,0,0,0,0,1,0 : 236.8866
1,1,1,0,1,0,0,0,0,1,0 : 236.8866
