0,1,0,1,0,0,0,1,0,0,1,0,0,1,1,0,1,1,1,1,1,0,1,1,0,0,1,0,0,1,1,1,1,0,0,0,1,0,1 : 12.6877
0,1,0,1,1,1,1,1,0,0,0,1,0,0,0,0,1,1,0,1,1,0,0,0,0,1,0,0,1,1,1,0,0,0,0,1,0,0,1 : 12.6877
0,1,0,1,0,0,0,1,0,0,1,0,0,1,1,0,1,1,1,1,1,0,1,1,0,0,0,0,0,0,1,1,1,0,0,1,1,0,1 : 12.6877
0,1,0,1,1,1,1,0,0,0,1,1,0,1,1,0,1,1,0,0,1,0,0,1,0,1,0,0,1,1,0,0,1,0,0,0,0,0,1 : 12.6877
0,1,0,1,0,0,0,1,0,0,1,0,0,1,1,0,1,1,1,1,1,1,1,1,0,0,0,0,0,1,1,1,1,0,0,1,1,0,1 : 12.6877
0,1,0,1,1,1,1,0,0,0,1,1,0,1,0,0,1,1,0,1,1,0,0,1,0,1,1,0,1,1,0,0,1,0,0,0,0,0,1 : 12.6877
0,1,0,1,0,0,0,1,0,0,0,0,0,1,1,0,1,1,1,1,1,0,1,1,0,0,1,0,0,1,1,1,1,0,0,0,1,0,1 : 12.6877
0,1,0,1,0,0,0,1,0,0,1,0,0,0,1,0,1,1,1,1,1,0,1,1,0,0,0,0,0,1,1,1,1,0,0,1,1,0,1 : 12.6877
0,1,0,1,1,1,1,0,0,0,1,1,0,0,1,0,1,1,0,1,1,0,0,1,0,1,0,0,1,1,0,0,1,0,0,0,1,0,1 : 12.6877
0,1,0,1,1,1,1,0,0,0,1,1,0,1,0,0,1,1,0,0,1,0,0,1,0,1,1,0,1,1,0,0,1,0,0,0,0,0,1 : 12.6877
0,1,0,1,0,0,0,1,0,0,1,0,0,1,1,0,1,1,1,1,1,0,1,1,0,0,1,0,0,1,1,1,1,0,0,0,1,0,1 : 12.6877
0,1,0,1,1,1,1,1,0,0,0,1,0,0,0,0,1,1,0,1,1,0,0,0,0,1,0,0,1,1,1,0,0,0,0,1,0,0,1 : 12.6877
0,1,0,1,0,0,0,1,0,0,1,0,0,1,1,0,1,1,1,1,1,0,1,1,0,0,0,0,0,0,1,1,1,0,0,1,1,0,1 : 12.6877
0,1,0,1,1,1,1,0,0,0,1,1,0,1,1,0,1,1,0,0,1,0,0,1,0,1,0,0,1,1,0,0,1,0,0,0,0,0,1 : 12.6877
0,1,0,1,0,0,0,1,0,0,1,0,0,1,1,0,1,1,1,1,1,1,1,1,0,0,0,0,0,1,1,1,1,0,0,1,1,0,1 : 12.6877
0,1,0,1,1,1,1,0,0,0,1,1,0,1,0,0,1,1,0,1,1,0,0,1,0,1,1,0,1,1,0,0,1,0,0,0,0,0,1 : 12.6877
0,1,0,1,0,0,0,1,0,0,0,0,0,1,1,0,1,1,1,1,1,0,1,1,0,0,1,0,0,1,1,1,1,0,0,0,1,0,1 : 12.6877
0,1,0,1,0,0,0,1,0,0,1,0,0,0,1,0,1,1,1,1,1,0,1,1,0,0,0,0,0,1,1,1,1,0,0,1,1,0,1 : 12.6877
0,1,0,1,1,1,1,0,0,0,1,1,0,0,1,0,1,1,0,1,1,0,0,1,0,1,0,0,1,1,0,0,1,0,0,0,1,0,1 : 12.6877
0,1,0,1,1,1,1,0,0,0,1,1,0,1,0,0,1,1,0,0,1,0,0,1,0,1,1,0,1,1,0,0,1,0,0,0,0,0,1 : 12.6877
1,1,0,0,0,0,1,0,0,1,1,0,1,1,0,1,1,1,1,0,1,0,0,1,0,1,1,0,1,1,1,0,0,0,0,0,0,0,0 : 12.7358
1,1,0,0,0,0,1,0,0,1,1,0,1,1,0,1,1,1,1,0,1,0,0,1,0,1,1,0,1,1,1,0,0,0,0,0,0,0,0 : 12.7358
0,0,0,1,1,0,0,1,1,1,0,0,0,0,1,0,1,0,1,1,0,0,0,0,0,0,1,1,0,1,0,1,0,1,0,1,0,0,0 : 13.0344
0,0,0,1,1,0,0,1,1,1,0,0,1,0,1,0,0,0,1,1,1,1,0,0,0,0,1,1,0,1,0,1,0,1,0,1,0,1,0 : 13.0344
0,0,0,1,1,0,0,1,1,1,0,0,1,0,1,0,1,0,1,1,0,0,0,0,0,0,1,1,0,1,0,1,0,1,0,1,0,0,0 : 13.0344
0,0,0,1,1,0,0,1,1,1,1,0,1,0,1,0,1,0,1,1,1,1,0,0,0,0,1,1,0,1,0,1,0,1,0,1,0,0,0 : 13.0344
0,0,0,1,1,0,0,1,1,1,0,0,1,0,1,0,1,0,1,1,0,0,0,0,0,0,1,1,0,1,0,1,0,1,0,1,0,0,0 : 13.0344
0,1,0,0,1,0,0,0,1,1,1,1,0,1,1,0,0,0,0,1,1,1,0,0,1,1,0,0,1,1,1,0,1,0,0,1,0,0,1 : 13.0344
0,0,0,1,1,0,0,1,1,1,0,0,0,0,1,0,1,0,1,1,0,0,0,0,0,0,1,1,0,1,0,1,0,1,0,1,0,0,0 : 13.0344
0,0,0,1,1,0,0,1,1,1,0,0,1,0,1,0,0,0,1,1,1,1,0,0,0,0,1,1,0,1,0,1,0,1,0,1,0,1,0 : 13.0344
0,0,0,1,1,0,0,1,1,1,0,0,1,0,1,0,1,0,1,1,0,0,0,0,0,0,1,1,0,1,0,1,0,1,0,1,0,0,0 : 13.0344
0,0,0,1,1,0,0,1,1,1,1,0,1,0,1,0,1,0,1,1,1,1,0,0,0,0,1,1,0,1,0,1,0,1,0,1,0,0,0 : 13.0344
0,0,0,1,1,0,0,1,1,1,0,0,1,0,1,0,1,0,1,1,0,0,0,0,0,0,1,1,0,1,0,1,0,1,0,1,0,0,0 : 13.0344
0,1,0,0,1,0,0,0,1,1,1,1,0,1,1,0,0,0,0,1,1,1,0,0,1,1,0,0,1,1,1,0,1,0,0,1,0,0,1 : 13.0344
0,0,1,1,0,0,0,0,1,0,1,1,0,1,0,0,0,0,1,1,0,1,0,0,0,0,1,0,0,0,1,0,0,0,0,0,0,1,0 : 13.0372
0,0,1,1,0,0,0,0,1,0,1,1,0,1,0,0,0,0,1,1,0,1,0,0,0,0,1,0,0,0,1,0,0,0,0,0,0,1,0 : 13.0372
0,1,0,1,0,0,0,0,1,1,1,0,1,1,0,1,0,0,1,0,1,0,0,0,0,1,0,0,0,1,1,0,1,1,1,0,1,0,0 : 13.0713
0,0,0,1,0,0,0,0,1,1,1,0,1,1,0,1,0,0,1,0,1,0,0,0,0,1,0,0,0,0,1,0,1,1,1,0,1,0,0 : 13.0713
0,1,0,1,0,0,0,0,1,1,1,0,1,1,0,1,0,0,1,0,1,0,0,0,0,1,0,0,0,1,1,0,1,1,1,0,1,0,0 : 13.0713
0,0,0,1,0,0,0,0,1,1,1,0,1,1,0,1,0,0,1,0,1,0,0,0,0,1,0,0,0,0,1,0,1,1,1,0,1,0,0 : 13.0713
1,1,0,1,1,1,0,1,1,1,0,1,1,0,1,1,1,0,1,0,0,1,0,0,0,0,1,0,1,1,1,1,0,1,0,1,0,0,1 : 13.0896
1,1,0,1,1,1,0,1,1,1,0,1,1,0,1,1,1,0,1,0,0,1,0,0,0,0,0,0,1,1,1,1,0,1,0,1,0,0,1 : 13.0896
1,1,0,1,1,1,0,1,1,1,0,1,1,0,1,1,1,0,1,0,0,1,0,0,0,0,0,0,1,1,1,1,0,1,0,1,0,0,1 : 13.0896
1,1,0,1,1,1,0,1,1,1,0,1,1,0,1,1,1,0,1,0,0,1,0,0,0,0,0,0,1,1,1,1,0,1,0,1,0,0,1 : 13.0896
1,1,0,1,1,1,0,1,1,1,0,1,1,0,1,1,1,0,1,0,0,1,0,0,0,0,1,0,1,1,1,1,0,1,0,1,0,0,1 : 13.0896
1,1,0,1,1,1,0,1,1,1,0,1,1,0,1,1,1,0,1,0,0,1,0,0,0,0,0,0,1,1,1,1,0,1,0,1,0,0,1 : 13.0896
1,1,0,1,1,1,0,1,1,1,0,1,1,0,1,1,1,0,1,0,0,1,0,0,0,0,0,0,1,1,1,1,0,1,0,1,0,0,1 : 13.0896
1,1,0,1,1,1,0,1,1,1,0,1,1,0,1,1,1,0,1,0,0,1,0,0,0,0,0,0,1,1,1,1,0,1,0,1,0,0,1 : 13.0896
1,1,0,0,0,0,0,1,0,0,0,1,0,1,0,0,0,1,0,0,1,1,0,0,1,0,1,0,1,0,1,0,0,0,0,0,0,1,0 : 13.1354
1,1,0,0,0,1,0,1,0,0,0,1,0,1,0,0,0,1,0,0,0,1,0,0,1,0,1,0,1,0,0,0,0,0,0,0,0,1,0 : 13.1354
1,1,0,0,0,0,0,1,0,0,0,1,0,1,0,0,0,1,0,0,1,1,0,0,1,0,1,0,1,0,1,0,0,0,0,0,0,1,0 : 13.1354
1,1,0,0,0,1,0,1,0,0,0,1,0,1,0,0,0,1,0,0,0,1,0,0,1,0,1,0,1,0,0,0,0,0,0,0,0,1,0 : 13.1354
0,0,0,0,1,1,1,1,1,0,0,1,1,0,1,0,1,0,0,1,1,1,0,0,0,1,0,0,0,0,1,0,0,0,0,1,0,1,0 : 13.1655
0,0,0,1,0,0,1,1,0,0,0,0,1,0,1,1,1,0,0,1,1,0,1,0,0,1,1,0,1,0,0,0,1,0,0,1,1,1,1 : 13.1655
0,0,0,0,1,1,1,1,0,0,0,1,0,0,1,0,0,0,0,1,1,1,0,0,0,1,0,1,0,0,1,0,0,0,0,1,1,1,0 : 13.1655
0,0,0,0,1,1,1,1,1,0,0,1,1,0,1,0,1,0,0,1,1,1,0,0,0,1,0,1,0,0,1,0,0,0,0,1,0,1,0 : 13.1655
0,0,0,1,0,0,1,1,0,0,1,0,1,0,1,1,1,0,0,1,1,0,1,0,0,1,1,0,1,0,0,0,1,0,0,1,1,1,1 : 13.1655
0,0,0,0,1,1,1,0,1,0,0,1,0,0,1,0,0,0,0,1,0,1,0,0,0,1,0,1,0,0,1,0,0,0,0,1,1,1,0 : 13.1655
0,0,0,0,1,1,1,1,1,0,0,1,1,0,1,0,1,0,0,1,1,1,0,0,0,1,0,0,0,0,1,0,0,0,0,1,0,1,0 : 13.1655
0,0,0,1,0,0,1,1,0,0,0,0,1,0,1,1,1,0,0,1,1,0,1,0,0,1,1,0,1,0,0,0,1,0,0,1,1,1,1 : 13.1655
0,0,0,0,1,1,1,1,0,0,0,1,0,0,1,0,0,0,0,1,1,1,0,0,0,1,0,1,0,0,1,0,0,0,0,1,1,1,0 : 13.1655
0,0,0,0,1,1,1,1,1,0,0,1,1,0,1,0,1,0,0,1,1,1,0,0,0,1,0,1,0,0,1,0,0,0,0,1,0,1,0 : 13.1655
0,0,0,1,0,0,1,1,0,0,1,0,1,0,1,1,1,0,0,1,1,0,1,0,0,1,1,0,1,0,0,0,1,0,0,1,1,1,1 : 13.1655
0,0,0,0,1,1,1,0,1,0,0,1,0,0,1,0,0,0,0,1,0,1,0,0,0,1,0,1,0,0,1,0,0,0,0,1,1,1,0 : 13.1655
0,0,0,0,1,1,0,0,1,0,0,1,0,1,0,1,0,1,1,1,0,0,0,0,0,0,1,0,1,1,1,0,1,0,1,0,1,0,0 : 13.18
0,0,0,0,1,1,0,0,1,0,0,1,1,1,0,1,0,1,1,1,0,0,0,0,0,0,1,0,1,1,1,0,1,0,1,0,1,0,0 : 13.18
0,0,0,0,1,1,0,0,1,0,0,1,1,1,0,1,0,1,1,1,0,0,0,0,0,0,1,0,1,1,1,0,1,0,1,0,1,0,0 : 13.18
0,0,0,0,1,1,0,0,1,0,0,1,0,1,0,1,0,1,1,1,0,0,0,0,0,0,1,0,1,1,1,0,1,0,1,0,1,0,0 : 13.18
0,0,0,0,1,1,0,0,1,0,0,1,1,1,0,1,0,1,1,1,0,0,0,0,0,0,1,0,1,1,1,0,1,0,1,0,1,0,0 : 13.18
0,0,0,0,1,1,0,0,1,0,0,1,1,1,0,1,0,1,1,1,0,0,0,0,0,0,1,0,1,1,1,0,1,0,1,0,1,0,0 : 13.18
1,0,1,0,1,0,0,0,0,0,1,0,1,1,0,1,1,1,0,0,1,0,0,0,0,0,0,1,0,1,0,0,0,1,0,1,1,1,0 : 13.1808
1,0,1,0,1,0,0,0,0,0,1,0,1,1,0,1,1,1,0,1,1,0,0,0,0,0,0,1,0,1,0,0,0,1,0,1,1,1,1 : 13.1808
1,0,1,0,1,0,0,0,0,0,1,0,1,1,0,1,1,1,0,1,1,0,0,0,0,0,0,1,0,1,0,0,0,1,0,1,1,1,0 : 13.1808
1,0,0,0,1,1,0,1,1,1,0,1,0,0,0,0,1,1,0,0,1,0,1,1,0,0,0,0,0,1,0,0,0,1,0,1,1,1,1 : 13.1808
1,0,1,0,1,0,0,0,0,0,1,0,1,1,0,1,1,1,0,1,1,0,0,0,0,0,0,1,0,1,0,0,0,1,0,1,0,1,0 : 13.1808
1,0,1,0,1,0,0,1,0,0,1,0,1,1,0,1,1,1,0,1,1,1,0,0,0,0,0,1,0,1,0,0,0,1,0,1,1,1,1 : 13.1808
1,0,0,0,1,1,0,1,1,1,0,1,0,0,1,1,1,1,0,0,1,0,1,1,0,0,0,0,0,1,0,0,0,1,0,1,1,1,1 : 13.1808
1,0,1,0,1,0,0,0,0,0,1,0,1,1,0,1,1,1,0,0,1,0,0,0,0,0,0,1,0,1,0,0,0,1,0,1,1,1,0 : 13.1808
1,0,1,0,1,0,0,0,0,0,1,0,1,1,0,1,1,1,0,1,1,0,0,0,0,0,0,1,0,1,0,0,0,1,0,1,1,1,1 : 13.1808
1,0,1,0,1,0,0,0,0,0,1,0,1,1,0,1,1,1,0,1,1,0,0,0,0,0,0,1,0,1,0,0,0,1,0,1,1,1,0 : 13.1808
1,0,0,0,1,1,0,1,1,1,0,1,0,0,0,0,1,1,0,0,1,0,1,1,0,0,0,0,0,1,0,0,0,1,0,1,1,1,1 : 13.1808
1,0,1,0,1,0,0,0,0,0,1,0,1,1,0,1,1,1,0,1,1,0,0,0,0,0,0,1,0,1,0,0,0,1,0,1,0,1,0 : 13.1808
1,0,1,0,1,0,0,1,0,0,1,0,1,1,0,1,1,1,0,1,1,1,0,0,0,0,0,1,0,1,0,0,0,1,0,1,1,1,1 : 13.1808
1,0,0,0,1,1,0,1,1,1,0,1,0,0,1,1,1,1,0,0,1,0,1,1,0,0,0,0,0,1,0,0,0,1,0,1,1,1,1 : 13.1808
0,0,0,0,0,0,0,1,0,1,0,1,0,1,1,1,1,0,1,0,0,0,1,0,1,1,0,0,0,0,1,0,1,1,0,1,0,1,0 : 13.262
0,0,0,0,0,0,0,1,0,1,0,1,0,1,1,1,1,0,1,0,0,0,1,0,1,1,0,0,0,0,1,0,1,1,0,1,0,1,0 : 13.262
1,0,0,1,1,0,1,1,0,0,0,0,0,1,0,1,1,0,1,1,0,1,0,1,1,0,1,0,1,0,1,0,1,1,0,0,0,1,0 : 13.2813
1,0,0,1,1,0,1,0,0,0,0,0,0,1,0,1,1,0,1,1,0,0,0,1,1,0,1,0,1,0,1,0,1,1,0,0,0,0,0 : 13.2813
1,0,0,1,1,0,1,1,0,0,0,0,0,1,0,1,1,0,0,1,0,1,0,1,1,0,1,0,1,0,1,0,1,1,0,0,0,0,0 : 13.2813
1,0,0,1,1,0,1,1,0,0,0,0,0,1,0,1,1,0,1,1,0,1,0,1,1,0,1,0,1,0,1,0,1,1,0,0,0,1,0 : 13.2813
1,0,0,1,1,0,1,0,0,0,0,0,0,1,0,1,1,0,1,1,0,0,0,1,1,0,1,0,1,0,1,0,1,1,0,0,0,0,0 : 13.2813
1,0,0,1,1,0,1,1,0,0,0,0,0,1,0,1,1,0,0,1,0,1,0,1,1,0,1,0,1,0,1,0,1,1,0,0,0,0,0 : 13.2813
0,1,0,0,0,0,0,0,1,1,1,1,0,1,1,0,0,0,0,1,1,1,0,1,0,1,0,0,1,0,0,0,1,0,0,1,0,0,1 : 13.3081
0,1,0,0,0,0,0,0,1,1,1,1,0,1,1,0,0,0,0,1,1,1,0,1,0,1,0,0,1,0,0,0,1,0,0,1,0,0,1 : 13.3081
1,1,0,0,1,1,1,0,0,1,1,0,1,1,0,1,1,1,1,0,1,0,1,1,0,1,1,0,1,1,1,0,0,0,0,0,0,0,0 : 13.3568
0,1,0,0,0,1,1,0,0,1,1,0,1,1,0,1,1,1,1,0,1,0,1,1,0,1,1,0,1,1,1,0,0,0,0,0,0,0,0 : 13.3568
1,1,0,0,0,0,1,0,0,1,1,0,1,1,0,1,1,1,1,0,1,0,1,1,0,1,1,0,1,1,1,0,0,0,0,0,0,0,0 : 13.3568
1,1,0,0,0,1,1,0,0,1,1,0,1,1,0,1,1,1,1,0,1,0,1,1,0,1,1,0,1,1,1,0,0,0,0,0,0,0,0 : 13.3568
1,1,0,0,0,0,1,0,0,1,1,0,1,1,0,1,1,1,1,0,1,0,1,1,0,1,1,0,1,1,1,0,0,0,0,0,0,0,0 : 13.3568
0,1,0,0,0,1,1,0,0,1,1,0,1,1,0,1,1,1,1,0,1,0,1,1,0,1,1,0,1,1,1,0,0,0,0,0,0,0,0 : 13.3568
