1,1,1,0,0,0,1,0,1,1,0,0,1,1,0,0 : 244.277
1,1,1,0,0,0,1,0,1,1,0,0,1,1,0,0 : 244.277
1,1,1,0,0,0,1,0,1,1,0,0,1,1,0,0 : 244.277
1,1,1,0,0,0,1,0,1,1,0,0,1,1,0,0 : 244.277
1,1,1,1,0,0,0,1,1,0,1,0,1,1,0,0 : 246.273
1,1,1,1,0,0,0,1,1,0,1,0,1,1,0,0 : 246.273
1,1,1,0,1,0,1,1,1,1,0,0,1,1,0,0 : 249.607
1,1,1,0,1,0,1,1,1,1,0,0,1,1,0,0 : 249.607
1,1,1,0,1,0,0,1,1,1,0,0,1,1,0,0 : 249.607
1,1,1,0,1,0,1,1,1,1,0,0,1,1,0,0 : 249.607
1,1,1,0,1,0,1,1,1,1,0,0,1,1,0,0 : 249.607
1,1,1,0,1,0,0,1,1,1,0,0,1,1,0,0 : 249.607
1,1,1,1,1,0,1,1,1,0,0,1,1,1,0,0 : 252.78
1,1,1,1,1,0,0,1,1,0,0,1,1,1,0,0 : 252.78
1,1,1,1,1,0,1,1,1,0,0,1,1,1,0,0 : 252.78
1,1,1,1,1,0,1,1,1,0,0,1,1,1,0,0 : 252.78
1,1,1,1,1,0,0,1,1,0,0,1,1,1,0,0 : 252.78
1,1,1,1,1,0,1,1,1,0,0,1,1,1,0,0 : 252.78
1,1,1,0,1,0,1,1,1,0,0,1,1,1,0,0 : 252.963
1,1,1,0,1,0,0,1,1,0,0,1,1,1,0,0 : 252.963
1,1,1,0,1,0,1,1,1,0,0,1,1,1,0,0 : 252.963
1,1,1,0,1,0,1,1,1,0,0,1,1,1,0,0 : 252.963
1,1,1,0,1,0,1,1,1,0,0,1,1,1,0,0 : 252.963
1,1,1,0,1,0,1,1,1,0,0,1,1,1,0,0 : 252.963
1,1,1,0,1,0,0,1,1,0,0,1,1,1,0,0 : 252.963
1,1,1,0,1,0,1,1,1,0,0,1,1,1,0,0 : 252.963
1,1,1,0,1,0,1,1,1,0,0,1,1,1,0,0 : 252.963
1,1,1,0,1,0,1,1,1,0,0,1,1,1,0,0 : 252.963
1,1,0,0,0,0,0,0,1,1,0,0,1,1,0,0 : 254.587
1,1,0,0,0,0,0,0,1,1,0,0,1,1,0,0 : 254.587
1,1,0,0,0,0,0,0,1,1,0,0,1,1,0,0 : 254.587
1,1,0,0,0,0,0,0,1,1,0,0,1,1,0,0 : 254.587
1,1,0,1,0,0,0,1,1,0,1,0,1,1,0,0 : 256.32
1,1,0,1,0,0,0,1,1,0,1,0,1,1,0,0 : 256.32
1,0,1,0,0,0,1,0,1,1,0,0,1,1,0,0 : 260.38
1,0,1,0,0,0,0,1,1,1,0,0,1,1,0,0 : 260.38
1,0,1,0,0,0,0,0,1,1,0,0,1,1,0,0 : 260.38
1,0,1,0,0,0,0,0,1,1,0,0,1,1,0,0 : 260.38
1,0,1,0,0,0,1,0,1,1,0,0,1,1,0,0 : 260.38
1,0,1,0,0,0,1,0,1,1,0,0,1,1,0,0 : 260.38
1,0,1,0,0,0,0,0,1,1,0,0,1,1,0,0 : 260.38
1,0,1,0,0,0,1,0,1,1,0,0,1,1,0,0 : 260.38
1,0,1,0,0,0,0,1,1,1,0,0,1,1,0,0 : 260.38
1,0,1,0,0,0,0,0,1,1,0,0,1,1,0,0 : 260.38
1,0,1,0,0,0,0,0,1,1,0,0,1,1,0,0 : 260.38
1,0,1,0,0,0,0,0,1,1,0,0,1,1,0,0 : 260.38
1,0,1,0,0,0,0,0,1,1,0,0,1,1,0,0 : 260.38
1,0,1,0,0,0,0,0,1,1,0,0,1,1,0,0 : 260.38
1,0,1,0,0,0,1,0,1,1,0,0,1,1,0,0 : 260.38
1,0,1,0,0,0,1,0,1,1,0,0,1,1,0,0 : 260.38
1,0,1,0,0,0,0,1,1,1,0,0,1,1,0,0 : 260.38
1,0,1,0,0,0,0,0,1,1,0,0,1,1,0,0 : 260.38
1,0,1,0,0,0,0,0,1,1,0,0,1,1,0,0 : 260.38
1,0,1,0,0,0,1,0,1,1,0,0,1,1,0,0 : 260.38
1,0,1,0,0,0,1,0,1,1,0,0,1,1,0,0 : 260.38
1,0,1,0,0,0,0,0,1,1,0,0,1,1,0,0 : 260.38
1,0,1,0,0,0,1,0,1,1,0,0,1,1,0,0 : 260.38
1,0,1,0,0,0,0,1,1,1,0,0,1,1,0,0 : 260.38
1,0,1,0,0,0,0,0,1,1,0,0,1,1,0,0 : 260.38
1,0,1,0,0,0,0,0,1,1,0,0,1,1,0,0 : 260.38
1,0,1,0,0,0,0,0,1,1,0,0,1,1,0,0 : 260.38
1,0,1,0,0,0,0,0,1,1,0,0,1,1,0,0 : 260.38
1,0,1,0,0,0,0,0,1,1,0,0,1,1,0,0 : 260.38
1,0,1,0,0,0,1,0,1,1,0,0,1,1,0,0 : 260.38
1,1,0,0,1,0,0,0,1,1,0,0,1,1,0,0 : 261.31
1,1,0,0,1,0,0,0,1,1,0,0,1,1,0,0 : 261.31
1,1,0,0,1,0,0,0,1,1,0,0,1,1,0,0 : 261.31
1,1,0,0,1,0,0,0,1,1,0,0,1,1,0,0 : 261.31
1,0,1,1,0,0,1,1,1,0,1,0,1,1,0,0 : 262.17
1,0,1,1,0,0,1,1,1,0,1,0,1,1,0,0 : 262.17
1,0,1,1,0,0,0,1,1,0,1,0,1,1,0,0 : 262.233
1,0,1,1,0,0,0,1,1,0,1,0,1,1,0,0 : 262.233
1,1,0,0,1,0,0,0,1,0,0,1,1,1,0,0 : 263.207
1,1,0,0,1,0,0,1,1,0,1,0,1,1,0,0 : 263.207
1,1,0,0,1,0,0,0,1,0,0,1,1,1,0,0 : 263.207
1,1,0,0,1,0,1,1,1,0,0,1,1,1,0,0 : 263.207
1,1,0,0,1,0,0,0,1,0,0,1,1,1,0,0 : 263.207
1,1,0,0,1,0,1,1,1,0,0,1,1,1,0,0 : 263.207
1,1,0,0,1,0,0,1,1,0,1,0,1,1,0,0 : 263.207
1,1,0,0,1,0,0,0,1,0,0,1,1,1,0,0 : 263.207
1,1,0,0,1,0,0,1,1,0,1,0,1,1,0,0 : 263.207
1,1,0,0,1,0,0,0,1,0,0,1,1,1,0,0 : 263.207
1,1,0,0,1,0,1,1,1,0,0,1,1,1,0,0 : 263.207
1,1,0,0,1,0,0,0,1,0,0,1,1,1,0,0 : 263.207
1,1,0,0,1,0,1,1,1,0,0,1,1,1,0,0 : 263.207
1,1,0,0,1,0,0,1,1,0,1,0,1,1,0,0 : 263.207
1,1,0,1,1,0,1,1,1,0,0,1,1,1,0,0 : 263.847
1,1,0,1,1,0,1,1,1,0,0,1,1,1,0,0 : 263.847
1,1,0,1,1,0,1,1,1,0,0,1,1,1,0,0 : 263.847
1,1,0,1,1,0,1,1,1,0,0,1,1,1,0,0 : 263.847
1,1,0,1,1,0,1,1,1,0,0,1,1,1,0,0 : 263.847
1,1,0,1,1,0,1,1,1,0,0,1,1,1,0,0 : 263.847
1,0,1,0,1,0,0,1,1,1,0,0,1,1,0,0 : 266.67
1,0,1,0,1,0,0,0,1,1,0,0,1,1,0,0 : 266.67
1,0,1,0,1,0,0,1,1,1,0,0,1,1,0,0 : 266.67
1,0,1,0,1,0,0,0,1,1,0,0,1,1,0,0 : 266.67
1,0,0,0,0,0,0,0,1,1,0,0,1,1,0,0 : 268.17
1,0,0,0,0,0,0,0,1,1,0,0,1,1,0,0 : 268.17
1,0,0,0,0,0,0,0,1,1,0,0,1,1,0,0 : 268.17
1,0,0,1,0,0,0,0,1,1,0,0,1,1,0,0 : 268.17
