1,1,1,1,0,0,0,0,1,1,0,0,1,1,0,0 : 244.23
1,1,1,1,0,0,0,0,1,1,0,0,1,1,0,0 : 244.23
1,1,1,1,0,0,0,1,1,0,0,1,1,1,0,0 : 247.507
1,1,1,1,0,0,0,1,1,0,0,1,1,1,0,0 : 247.507
1,1,0,0,0,0,0,0,1,0,1,0,1,1,0,0 : 256.333
1,1,0,0,0,0,0,0,1,0,1,0,1,1,0,0 : 256.333
1,1,0,0,0,0,0,1,1,0,0,1,1,1,0,0 : 257.927
1,1,0,0,0,0,0,0,1,0,0,1,1,1,0,0 : 257.927
1,1,0,0,0,0,0,1,1,0,0,1,1,1,0,0 : 257.927
1,1,0,0,0,0,0,0,1,0,0,1,1,1,0,0 : 257.927
1,1,0,0,1,0,0,1,1,1,0,0,1,1,0,0 : 261.31
1,1,0,0,1,0,0,1,1,1,0,0,1,1,0,0 : 261.31
1,0,1,1,0,0,0,1,1,0,1,0,1,1,0,0 : 262.233
1,0,1,1,0,0,0,1,1,0,1,0,1,1,0,0 : 262.233
1,1,0,0,1,0,1,0,1,0,0,1,1,1,0,0 : 263.207
1,1,0,0,1,0,1,0,1,0,0,1,1,1,0,0 : 263.207
1,0,1,1,0,0,1,1,1,0,0,1,1,1,0,0 : 263.363
1,0,1,0,0,0,0,1,1,0,0,1,1,1,0,0 : 263.363
1,0,1,1,0,0,1,1,1,0,0,1,1,1,0,0 : 263.363
1,0,1,0,0,0,0,1,1,0,0,1,1,1,0,0 : 263.363
1,1,0,1,1,0,0,0,1,0,0,1,1,1,0,0 : 263.847
1,1,0,1,1,0,0,0,1,0,0,1,1,1,0,0 : 263.847
1,0,0,0,1,0,1,1,1,1,0,0,1,1,0,0 : 279.097
1,0,0,0,1,0,1,1,1,1,0,0,1,1,0,0 : 279.097
1,1,1,0,1,1,0,1,1,1,0,0,1,1,0,0 : 279.15
1,1,1,0,1,1,0,1,1,1,0,0,1,1,0,0 : 279.15
1,1,0,0,0,1,1,1,1,0,1,0,1,1,0,0 : 287.037
1,1,0,0,0,1,1,1,1,0,1,0,1,1,0,0 : 287.037
1,1,0,0,0,1,1,0,1,0,0,1,1,1,0,0 : 287.05
1,1,0,0,0,1,1,0,1,0,1,0,1,1,0,0 : 287.05
1,1,0,0,0,1,1,0,1,0,0,1,1,1,0,0 : 287.05
1,1,0,0,0,1,1,0,1,0,1,0,1,1,0,0 : 287.05
1,0,1,1,0,1,0,1,1,0,1,0,1,1,0,0 : 299.85
1,0,1,1,0,1,0,1,1,0,1,0,1,1,0,0 : 299.85
1,0,0,1,0,1,1,1,1,0,1,0,1,1,0,0 : 310.283
1,0,0,1,0,1,1,1,1,0,1,0,1,1,0,0 : 310.283
1,0,0,0,0,1,1,1,1,0,0,1,1,1,0,0 : 310.673
1,0,0,0,0,1,1,1,1,0,0,1,1,1,0,0 : 310.673
1,0,0,0,1,1,0,0,1,0,0,1,1,1,0,0 : 310.687
1,0,0,0,1,1,0,0,1,0,0,1,1,1,0,0 : 310.687
1,1,1,1,0,0,1,0,1,1,0,0,1,0,1,0 : 362.037
1,1,1,1,0,0,1,0,1,1,0,0,1,0,1,0 : 362.037
1,1,0,1,0,0,1,1,1,0,1,0,1,0,1,0 : 368.63
1,1,0,1,0,0,1,1,1,0,1,0,1,0,1,0 : 368.63
1,0,1,1,0,0,1,1,1,0,0,1,1,0,1,0 : 380.18
1,0,1,0,0,0,1,1,1,1,0,0,1,0,1,0 : 380.18
1,0,1,1,0,0,1,1,1,0,0,1,1,0,1,0 : 380.18
1,0,1,0,0,0,1,1,1,1,0,0,1,0,1,0 : 380.18
1,0,0,0,0,0,1,1,1,0,1,0,1,0,1,0 : 382.01
1,0,0,0,0,0,1,1,1,0,1,0,1,0,1,0 : 382.01
1,1,1,0,0,1,1,1,1,1,0,0,1,0,1,0 : 407.757
1,1,1,0,0,1,1,1,1,1,0,0,1,0,1,0 : 407.757
1,0,1,1,0,1,1,1,1,1,0,0,1,0,1,0 : 432.757
1,0,1,1,0,1,1,1,1,1,0,0,1,0,1,0 : 432.757
1,1,1,0,1,0,1,1,1,0,0,1,1,0,1,0 : 433.913
1,1,0,1,1,1,1,1,1,0,0,1,1,0,1,0 : 433.913
1,1,1,0,1,0,1,1,1,0,0,1,1,0,1,0 : 433.913
1,1,0,1,1,1,1,1,1,0,0,1,1,0,1,0 : 433.913
1,0,0,1,0,0,0,1,1,1,0,0,1,0,1,0 : 439.02
1,0,0,1,0,0,0,1,1,1,0,0,1,0,1,0 : 439.02
1,0,1,0,0,0,0,0,1,0,1,0,1,0,1,0 : 445.577
1,0,1,0,0,0,0,0,1,0,1,0,1,0,1,0 : 445.577
1,0,1,0,0,0,0,0,1,0,1,0,1,0,1,0 : 445.577
1,0,1,0,0,0,0,0,1,0,1,0,1,0,1,0 : 445.577
1,1,0,0,1,0,1,0,1,0,1,0,1,0,1,0 : 456.363
1,1,0,0,1,1,1,1,1,1,0,0,1,0,1,0 : 456.363
1,1,0,0,1,1,1,1,1,0,1,0,1,0,1,0 : 456.363
1,1,0,0,1,0,1,0,1,0,1,0,1,0,1,0 : 456.363
1,1,0,0,1,1,1,1,1,1,0,0,1,0,1,0 : 456.363
1,1,0,0,1,1,1,1,1,0,1,0,1,0,1,0 : 456.363
1,0,0,0,1,0,1,0,1,0,1,0,1,0,1,0 : 482.04
1,0,0,0,1,0,1,0,1,0,1,0,1,0,1,0 : 482.04
1,0,1,0,1,1,1,0,1,1,0,0,1,0,1,0 : 482.59
1,0,1,0,1,1,1,1,1,1,0,0,1,0,1,0 : 482.59
1,0,1,0,1,1,1,0,1,1,0,0,1,0,1,0 : 482.59
1,0,1,0,1,1,1,1,1,1,0,0,1,0,1,0 : 482.59
1,0,1,0,0,0,1,0,1,0,1,0,1,0,0,1 : 490.473
1,1,0,0,0,1,1,0,1,1,0,0,1,0,0,1 : 490.473
1,0,0,1,0,1,1,0,1,0,1,0,1,0,0,1 : 490.473
1,0,1,0,0,0,1,0,1,0,1,0,1,0,0,1 : 490.473
1,1,0,0,0,1,1,0,1,1,0,0,1,0,0,1 : 490.473
1,0,0,1,0,1,1,0,1,0,1,0,1,0,0,1 : 490.473
1,1,0,0,1,0,0,1,1,0,1,0,1,0,1,0 : 493.893
1,1,0,1,1,0,0,0,1,0,1,0,1,0,1,0 : 493.893
1,1,0,1,1,0,0,1,1,0,1,0,1,0,1,0 : 493.893
1,1,0,0,1,0,0,1,1,0,1,0,1,0,1,0 : 493.893
1,1,0,1,1,0,0,0,1,0,1,0,1,0,1,0 : 493.893
1,1,0,1,1,0,0,1,1,0,1,0,1,0,1,0 : 493.893
1,0,1,0,0,0,1,1,1,0,1,0,1,0,0,1 : 510.857
1,0,1,1,0,1,1,1,1,0,1,0,1,0,0,1 : 510.857
1,0,1,0,0,1,1,1,1,0,1,0,1,0,0,1 : 510.857
1,0,1,0,0,0,1,1,1,0,1,0,1,0,0,1 : 510.857
1,0,1,1,0,1,1,1,1,0,1,0,1,0,0,1 : 510.857
1,0,1,0,0,1,1,1,1,0,1,0,1,0,0,1 : 510.857
1,1,1,1,1,1,0,0,1,1,0,0,1,0,1,0 : 536.95
1,1,1,1,1,1,0,0,1,1,0,0,1,0,1,0 : 536.95
1,1,0,1,0,1,0,1,1,0,1,0,1,0,1,0 : 544.74
1,1,0,1,0,1,0,0,1,0,1,0,1,0,1,0 : 544.74
1,1,0,1,0,1,0,0,1,0,1,0,1,0,1,0 : 544.74
1,1,0,1,0,1,0,1,1,0,1,0,1,0,1,0 : 544.74
