1,1,1,1,0,0,0,1,1,1,1,1,0,1,1,0,1,1,1,0,0,0,0,1,0,0 : 3089.0
1,1,1,1,0,0,0,1,1,1,1,1,0,1,1,0,1,1,1,0,0,0,0,1,0,0 : 3089.0
1,1,1,1,0,0,0,1,1,1,1,1,0,1,1,0,1,1,1,0,0,0,0,1,0,0 : 3089.0
1,1,1,1,0,0,0,1,1,1,1,1,0,1,1,0,1,1,1,0,0,0,0,1,0,0 : 3089.0
1,1,1,1,0,0,0,0,1,0,1,1,0,1,1,0,1,1,1,0,0,0,1,1,0,1 : 3106.0
1,1,1,1,0,0,1,0,1,0,1,1,0,1,1,0,1,1,1,1,0,1,0,1,0,1 : 3106.0
1,1,1,1,0,0,0,0,1,0,1,1,0,1,1,0,1,1,1,0,0,0,1,1,0,1 : 3106.0
1,1,1,1,0,0,1,0,1,0,1,1,0,1,1,0,1,1,1,1,0,1,0,1,0,1 : 3106.0
1,1,1,1,0,0,0,0,1,0,1,1,0,1,1,0,1,1,1,0,0,0,1,1,0,1 : 3106.0
1,1,1,1,0,0,1,0,1,0,1,1,0,1,1,0,1,1,1,1,0,1,0,1,0,1 : 3106.0
1,1,1,1,0,0,0,0,1,0,1,1,0,1,1,0,1,1,1,0,0,0,1,1,0,1 : 3106.0
1,1,1,1,0,0,1,0,1,0,1,1,0,1,1,0,1,1,1,1,0,1,0,1,0,1 : 3106.0
1,1,1,1,0,0,0,1,0,1,1,1,0,1,1,0,1,1,1,0,0,1,0,1,0,0 : 3154.0
1,1,1,1,0,0,0,1,0,1,1,1,0,1,1,0,1,1,1,0,0,1,0,1,0,0 : 3154.0
1,1,1,1,0,0,0,0,1,1,1,1,0,1,1,1,1,1,1,0,0,1,1,1,0,1 : 3303.0
1,1,1,1,0,0,0,0,1,1,1,1,0,1,1,1,1,1,1,0,0,1,0,1,0,1 : 3303.0
1,1,1,1,0,0,0,0,1,1,1,1,0,1,1,1,1,1,1,0,0,1,0,1,0,1 : 3303.0
1,1,1,1,0,0,0,0,1,1,1,1,0,1,1,1,1,1,1,0,0,1,0,1,0,1 : 3303.0
1,1,1,1,0,0,0,0,1,1,1,1,0,1,1,1,1,1,1,0,0,1,1,1,0,1 : 3303.0
1,1,1,1,0,0,0,0,1,1,1,1,0,1,1,1,1,1,1,0,0,1,0,1,0,1 : 3303.0
1,1,1,1,0,0,0,0,1,1,1,1,0,1,1,1,1,1,1,0,0,1,0,1,0,1 : 3303.0
1,1,1,1,0,0,0,0,1,1,1,1,0,1,1,1,1,1,1,0,0,1,0,1,0,1 : 3303.0
1,1,1,1,0,1,0,0,1,1,1,1,0,1,1,0,1,1,1,1,0,1,0,1,0,0 : 3336.0
1,1,1,1,0,1,0,0,1,1,1,1,0,1,1,0,1,1,1,1,0,1,0,1,0,0 : 3336.0
1,1,1,1,0,0,0,1,0,1,1,1,0,1,1,0,1,1,1,1,0,1,0,1,0,0 : 3341.0
1,1,1,1,0,0,0,1,0,1,1,1,0,1,1,0,1,1,1,1,0,1,0,1,0,0 : 3341.0
1,1,1,1,0,0,0,1,0,0,1,1,0,1,1,1,1,1,1,1,0,0,1,0,1,0 : 4787.0
1,1,1,1,0,1,0,1,0,0,1,1,0,1,1,1,1,1,1,1,0,0,0,0,1,0 : 4787.0
1,1,1,1,0,0,0,1,0,0,1,1,0,1,1,1,1,1,1,1,0,0,1,0,1,0 : 4787.0
1,1,1,1,0,1,0,1,0,0,1,1,0,1,1,1,1,1,1,1,0,0,0,0,1,0 : 4787.0
1,1,1,1,0,0,0,0,0,1,1,1,0,1,1,0,1,1,1,0,0,1,0,1,1,0 : 4951.0
1,1,1,0,1,1,1,0,1,1,1,1,0,1,1,0,1,1,1,0,1,1,1,0,1,0 : 4951.0
1,1,1,1,0,0,0,0,1,1,1,1,0,1,1,0,1,1,1,0,0,1,0,1,1,0 : 4951.0
1,1,1,1,0,0,0,0,0,1,1,1,0,1,1,0,1,1,1,0,0,1,0,1,1,0 : 4951.0
1,1,1,0,1,1,1,0,1,1,1,1,0,1,1,0,1,1,1,0,1,1,1,0,1,0 : 4951.0
1,1,1,1,0,0,0,0,1,1,1,1,0,1,1,0,1,1,1,0,0,1,0,1,1,0 : 4951.0
1,1,1,1,0,0,0,0,1,1,1,1,0,1,1,0,1,1,1,0,0,1,0,1,1,1 : 5091.0
1,1,1,1,0,0,0,1,1,1,1,1,0,1,1,1,1,1,1,1,0,0,1,0,1,1 : 5091.0
1,1,1,1,0,0,0,0,1,1,1,1,0,1,1,0,1,1,1,0,0,1,0,1,1,1 : 5091.0
1,1,1,1,0,0,0,1,1,1,1,1,0,1,1,1,1,1,1,1,0,0,1,0,1,1 : 5091.0
1,1,1,1,0,0,0,1,1,0,1,0,1,1,1,0,1,1,1,0,0,0,0,1,0,0 : 5220.0
1,1,1,1,0,0,0,0,0,0,1,1,1,1,1,0,1,1,1,0,0,0,0,0,0,0 : 5220.0
1,1,1,1,0,1,0,1,0,0,1,1,1,1,1,0,1,1,1,0,0,1,1,1,0,0 : 5220.0
1,1,1,1,0,0,0,1,0,0,1,0,1,1,1,0,1,1,1,0,0,1,1,1,0,0 : 5220.0
1,1,1,1,0,1,0,1,1,0,1,1,1,1,1,0,1,1,1,0,0,0,1,1,0,0 : 5220.0
1,1,1,1,0,1,0,1,0,0,1,1,1,1,1,0,1,1,1,0,0,0,1,1,0,0 : 5220.0
1,1,1,1,0,0,0,0,0,0,1,1,1,1,1,1,1,1,1,0,0,1,1,1,0,0 : 5220.0
1,1,1,1,0,1,0,0,0,0,1,0,1,1,1,1,1,1,1,0,0,0,0,1,0,0 : 5220.0
1,1,1,1,0,1,0,1,1,0,1,1,1,1,1,0,1,1,1,0,0,0,1,1,0,0 : 5220.0
1,1,1,1,0,0,0,0,0,0,1,1,1,1,1,0,1,1,1,0,0,0,0,0,0,0 : 5220.0
1,1,1,1,0,1,0,1,0,0,1,1,1,1,1,0,1,1,1,0,0,0,1,1,0,0 : 5220.0
1,1,1,1,0,1,0,1,1,0,1,1,1,1,1,0,1,1,1,0,0,0,1,1,0,0 : 5220.0
1,1,1,1,0,0,0,0,1,0,1,0,1,1,1,1,1,1,1,0,0,1,1,1,0,0 : 5220.0
1,1,1,1,0,1,0,1,1,0,1,1,1,1,1,0,1,1,1,0,0,0,1,1,0,0 : 5220.0
1,1,1,1,0,0,0,0,1,0,1,1,1,1,1,0,1,1,1,0,0,0,1,1,0,0 : 5220.0
1,1,1,1,0,0,0,1,1,0,1,0,1,1,1,0,1,1,1,0,0,0,0,1,0,0 : 5220.0
1,1,1,1,0,0,0,0,0,0,1,1,1,1,1,0,1,1,1,0,0,0,0,0,0,0 : 5220.0
1,1,1,1,0,1,0,1,0,0,1,1,1,1,1,0,1,1,1,0,0,1,1,1,0,0 : 5220.0
1,1,1,1,0,0,0,1,0,0,1,0,1,1,1,0,1,1,1,0,0,1,1,1,0,0 : 5220.0
1,1,1,1,0,1,0,1,1,0,1,1,1,1,1,0,1,1,1,0,0,0,1,1,0,0 : 5220.0
1,1,1,1,0,1,0,1,0,0,1,1,1,1,1,0,1,1,1,0,0,0,1,1,0,0 : 5220.0
1,1,1,1,0,0,0,0,0,0,1,1,1,1,1,1,1,1,1,0,0,1,1,1,0,0 : 5220.0
1,1,1,1,0,1,0,0,0,0,1,0,1,1,1,1,1,1,1,0,0,0,0,1,0,0 : 5220.0
1,1,1,1,0,1,0,1,1,0,1,1,1,1,1,0,1,1,1,0,0,0,1,1,0,0 : 5220.0
1,1,1,1,0,0,0,0,0,0,1,1,1,1,1,0,1,1,1,0,0,0,0,0,0,0 : 5220.0
1,1,1,1,0,1,0,1,0,0,1,1,1,1,1,0,1,1,1,0,0,0,1,1,0,0 : 5220.0
1,1,1,1,0,1,0,1,1,0,1,1,1,1,1,0,1,1,1,0,0,0,1,1,0,0 : 5220.0
1,1,1,1,0,0,0,0,1,0,1,0,1,1,1,1,1,1,1,0,0,1,1,1,0,0 : 5220.0
1,1,1,1,0,1,0,1,1,0,1,1,1,1,1,0,1,1,1,0,0,0,1,1,0,0 : 5220.0
1,1,1,1,0,0,0,0,1,0,1,1,1,1,1,0,1,1,1,0,0,0,1,1,0,0 : 5220.0
1,1,1,1,0,0,0,0,0,0,1,0,1,1,1,0,1,1,1,0,0,1,0,1,0,1 : 5328.0
1,1,1,1,0,0,0,0,0,0,1,0,1,1,1,0,1,1,1,0,0,1,0,1,0,1 : 5328.0
1,1,1,1,0,0,0,0,0,0,1,0,1,1,1,0,1,1,1,0,0,1,0,1,0,1 : 5328.0
1,1,1,1,0,0,0,0,0,0,1,0,1,1,1,0,1,1,1,0,0,1,0,1,0,1 : 5328.0
1,1,1,1,0,0,0,1,1,0,1,0,1,1,1,0,1,1,1,1,0,1,0,1,0,1 : 5338.0
1,1,1,1,0,0,0,0,1,0,1,0,1,1,1,1,1,1,1,1,0,1,0,1,0,1 : 5338.0
1,1,1,1,0,0,0,1,1,0,1,0,1,1,1,1,1,1,1,1,0,1,0,1,0,1 : 5338.0
1,1,1,1,0,0,0,1,1,0,1,0,1,1,1,0,1,1,1,1,0,1,0,1,0,1 : 5338.0
1,1,1,1,0,0,0,0,1,0,1,0,1,1,1,1,1,1,1,1,0,1,0,1,0,1 : 5338.0
1,1,1,1,0,0,0,1,1,0,1,0,1,1,1,1,1,1,1,1,0,1,0,1,0,1 : 5338.0
1,1,1,1,0,1,1,1,0,0,1,1,1,1,1,0,1,1,1,0,1,1,1,1,0,1 : 5356.0
1,1,1,1,0,1,1,1,0,0,1,1,1,1,1,0,1,1,1,0,1,1,1,1,0,1 : 5356.0
1,1,1,1,0,1,1,1,0,0,1,1,1,1,1,0,1,1,1,0,1,1,1,1,0,1 : 5356.0
1,1,1,1,0,1,1,1,0,0,1,1,1,1,1,0,1,1,1,0,1,1,1,1,0,1 : 5356.0
1,1,1,1,0,1,1,1,0,0,1,1,1,1,1,0,1,1,1,0,1,1,1,1,0,1 : 5356.0
1,1,1,1,0,1,1,1,0,0,1,1,1,1,1,0,1,1,1,0,1,1,1,1,0,1 : 5356.0
1,1,1,1,0,0,0,0,0,1,1,0,1,1,1,0,1,1,1,0,0,0,0,0,0,0 : 5361.0
1,1,1,1,0,1,1,1,0,1,1,1,1,1,1,0,1,1,1,1,0,0,0,0,0,0 : 5361.0
1,1,1,1,0,1,1,1,0,1,1,1,1,1,1,0,1,1,1,1,0,0,0,0,0,0 : 5361.0
1,1,1,1,0,0,0,0,0,1,1,0,1,1,1,0,1,1,1,0,0,0,0,0,0,0 : 5361.0
1,1,1,1,0,1,1,1,0,1,1,1,1,1,1,0,1,1,1,1,0,0,0,0,0,0 : 5361.0
1,1,1,1,0,1,1,1,0,1,1,1,1,1,1,0,1,1,1,1,0,0,0,0,0,0 : 5361.0
1,1,1,0,1,1,1,1,0,0,1,0,1,1,1,0,1,1,1,1,0,1,0,1,0,1 : 5387.0
1,1,1,0,1,1,1,1,0,0,1,0,1,1,1,0,1,1,1,1,0,1,0,1,0,1 : 5387.0
1,1,1,0,1,1,1,1,0,0,1,0,1,1,1,0,1,1,1,1,0,1,0,1,0,1 : 5387.0
1,1,1,0,1,1,1,1,0,0,1,0,1,1,1,0,1,1,1,1,0,1,0,1,0,1 : 5387.0
1,1,1,1,0,0,0,0,1,1,1,0,1,1,1,0,1,1,1,0,0,1,0,1,0,1 : 5468.0
1,1,1,1,0,0,0,0,0,1,1,1,1,1,1,0,1,1,1,1,0,1,0,1,0,1 : 5468.0
1,1,1,1,0,0,0,0,0,1,1,0,1,1,1,0,1,1,1,0,0,1,0,1,0,1 : 5468.0
1,1,1,1,0,1,0,1,1,1,1,1,1,1,1,0,1,1,1,1,0,0,0,0,0,1 : 5468.0
