1,0,1,0,0,1,1,1,0,1,1 : 234.65
1,0,1,0,1,0,1,1,1,1,0 : 219.3966
1,1,0,1,0,1,0,1,1,0,0 : 239.32
1,0,1,0,0,0,1,0,1,1,1 : 233.23
1,0,1,1,0,1,1,0,1,1,1 : 251.2966
1,0,1,1,0,0,1,1,1,1,0 : 230.9433
1,1,0,1,1,1,0,0,1,1,0 : 241.8966
1,0,0,0,1,0,1,0,1,0,1 : 215.8533
1,1,0,0,0,0,1,1,0,0,0 : 227.78
1,0,0,1,0,1,0,1,1,1,0 : 212.0533
1,1,1,1,1,1,1,1,0,1,1 : 252.6833
1,0,0,1,1,1,0,0,0,0,0 : 210.5066
1,1,1,0,1,0,0,0,0,0,1 : 249.5766
1,1,1,1,0,1,1,1,1,0,0 : 257.17
1,1,1,1,0,0,0,1,0,0,1 : 261.4366
1,0,0,0,1,0,0,1,0,0,0 : 199.9533
1,0,0,0,0,1,0,1,0,0,1 : 216.6366
1,1,0,0,1,0,0,0,0,0,0 : 219.1533
1,0,1,1,0,0,0,0,0,0,0 : 226.13
1,0,1,0,1,1,0,0,1,1,0 : 224.0733
1,0,0,0,1,1,0,1,1,1,0 : 201.9733
1,1,1,1,1,0,0,1,1,0,1 : 264.6
1,0,1,0,1,1,0,0,1,0,0 : 224.0733
1,0,0,1,0,0,0,1,0,1,0 : 207.7466
1,1,0,0,0,0,0,0,0,0,0 : 219.1533
1,1,0,1,0,1,0,1,1,0,0 : 239.32
1,1,0,1,0,1,0,0,0,1,1 : 252.7466
1,0,0,1,1,0,0,1,0,1,0 : 209.84
1,1,1,1,0,0,0,0,1,1,1 : 244.9166
1,1,0,0,0,0,1,1,1,0,0 : 227.78
1,0,1,1,1,1,1,0,1,1,1 : 268.55
1,0,0,0,0,0,0,0,1,1,1 : 215.6066
1,1,0,0,0,0,1,1,1,1,0 : 229.2433
1,0,0,0,1,1,1,0,1,0,0 : 205.7066
1,0,0,0,1,0,1,1,1,1,0 : 202.68
1,1,0,0,0,1,1,1,0,0,0 : 224.3366
1,0,0,0,1,1,1,0,1,1,0 : 202.68
1,1,1,0,1,1,1,0,0,0,1 : 253.57
1,0,1,0,0,0,1,0,1,0,0 : 217.2866
1,0,0,0,1,0,1,0,1,1,1 : 218.02
1,0,1,1,1,1,1,0,0,0,0 : 231.77
1,0,0,0,0,0,0,0,1,0,0 : 201.1533
1,0,1,1,0,1,0,1,1,1,0 : 230.7933
1,1,1,1,1,1,1,1,0,0,1 : 252.6833
1,1,1,0,1,1,0,0,0,1,0 : 240.9833
1,0,0,0,1,0,0,1,1,0,0 : 199.9533
1,1,1,1,1,1,0,0,1,1,0 : 246.94
1,1,0,1,1,0,0,0,0,0,0 : 241.8966
1,0,0,0,1,1,0,0,0,1,0 : 200.38
1,1,0,1,1,0,0,0,0,1,0 : 241.8966
1,0,0,1,0,1,0,1,0,1,1 : 256.06
1,0,0,0,1,1,1,0,0,1,1 : 214.8866
1,0,1,0,1,1,1,0,0,0,1 : 257.3333
1,0,0,0,1,0,0,1,1,0,1 : 213.9966
1,0,0,0,0,0,1,1,0,1,1 : 214.6533
1,1,0,0,1,0,0,0,1,1,0 : 219.1533
1,0,0,0,0,0,0,0,0,1,1 : 212.4466
1,0,0,0,1,0,1,1,1,1,1 : 218.02
1,0,0,0,1,0,1,0,0,0,1 : 216.6366
1,1,0,1,0,0,0,0,1,1,0 : 233.6666
1,0,1,0,1,0,1,1,1,1,1 : 233.23
1,1,0,1,0,1,1,1,0,0,1 : 237.3466
1,1,0,1,0,0,1,1,1,1,1 : 248.7833
1,0,1,1,0,1,1,0,0,1,0 : 231.77
1,0,0,1,0,0,0,0,1,0,0 : 208.37
1,1,1,0,0,1,0,0,0,1,1 : 251.3633
1,1,0,1,1,1,0,0,0,0,1 : 269.38
1,0,0,1,0,1,1,1,1,1,0 : 215.47
1,1,0,0,1,1,1,1,0,1,0 : 225.7733
1,0,0,0,1,0,1,0,1,0,0 : 205.7066
1,0,0,0,1,0,1,0,0,0,1 : 216.6366
1,0,1,0,0,1,1,0,0,1,0 : 224.0733
1,1,1,0,1,1,1,0,1,0,0 : 246.4966
1,1,0,0,1,1,0,1,1,0,1 : 230.2366
1,0,1,0,0,0,1,1,1,1,0 : 219.3866
1,0,1,0,0,1,0,1,1,1,1 : 235.96
1,0,0,0,1,0,0,0,1,1,0 : 199.6833
1,1,1,0,0,0,0,1,0,1,1 : 250.24
1,0,0,1,0,1,0,0,0,1,1 : 256.06
1,1,0,0,0,0,0,1,1,1,0 : 219.1533
1,0,0,0,1,1,1,0,0,0,0 : 207.2333
1,1,1,0,0,1,1,1,0,1,0 : 240.9833
1,1,1,0,0,1,0,0,0,1,1 : 251.3633
1,0,0,1,1,1,1,1,0,1,0 : 214.48
1,1,1,1,1,0,1,0,0,1,0 : 256.4533
1,0,1,0,1,1,0,0,1,1,0 : 224.0733
1,1,1,0,0,1,0,1,1,1,0 : 240.9833
1,1,0,1,0,0,0,0,0,0,1 : 239.9633
1,0,0,0,1,1,0,0,0,1,0 : 200.38
1,0,0,0,0,1,0,0,1,1,0 : 200.38
1,0,1,0,0,1,1,1,1,0,0 : 224.1766
1,1,0,0,0,0,1,1,0,1,0 : 225.7733
1,0,0,0,0,1,1,1,1,1,1 : 219.37
1,1,1,0,1,1,0,0,1,0,0 : 245.7566
1,1,0,0,1,1,0,1,0,1,0 : 223.2133
1,0,0,0,1,0,1,1,1,0,1 : 215.8533
1,0,0,1,0,1,1,0,1,0,0 : 215.47
1,0,0,1,0,1,1,0,0,1,0 : 217.2366
1,1,1,1,1,0,0,1,1,1,0 : 243.7833
1,1,1,0,1,1,0,1,1,0,1 : 251.3633
