1,1,1,1,0,0,1,0,1,1,0,0,1,1,0,0 : 244.277
1,1,1,1,0,0,1,0,1,1,0,0,1,1,0,0 : 244.277
1,1,1,1,0,0,1,0,1,1,0,0,1,1,0,0 : 244.277
1,1,1,1,0,0,1,0,1,1,0,0,1,1,0,0 : 244.277
1,1,1,1,1,0,1,1,1,1,0,0,1,1,0,0 : 249.44
1,1,1,1,1,0,1,1,1,1,0,0,1,1,0,0 : 249.44
1,1,0,0,0,0,0,1,1,0,1,0,1,1,0,0 : 256.32
1,1,0,0,0,0,0,1,1,0,1,0,1,1,0,0 : 256.32
1,1,0,0,0,0,0,1,1,0,1,0,1,1,0,0 : 256.32
1,1,0,0,0,0,0,1,1,0,1,0,1,1,0,0 : 256.32
1,1,0,0,0,0,0,1,1,0,1,0,1,1,0,0 : 256.32
1,1,0,0,0,0,0,1,1,0,1,0,1,1,0,0 : 256.32
1,1,0,1,0,0,0,0,1,0,0,1,1,1,0,0 : 257.407
1,1,0,1,0,0,0,0,1,0,0,1,1,1,0,0 : 257.407
1,0,1,0,0,0,0,0,1,1,0,0,1,1,0,0 : 260.38
1,0,1,0,0,0,0,0,1,1,0,0,1,1,0,0 : 260.38
1,0,1,0,0,0,0,0,1,1,0,0,1,1,0,0 : 260.38
1,0,1,0,0,0,0,0,1,1,0,0,1,1,0,0 : 260.38
1,1,0,0,1,0,1,1,1,0,0,1,1,1,0,0 : 263.207
1,1,0,0,1,0,0,0,1,0,0,1,1,1,0,0 : 263.207
1,1,0,0,1,0,0,1,1,0,0,1,1,1,0,0 : 263.207
1,1,0,0,1,0,1,0,1,0,0,1,1,1,0,0 : 263.207
1,1,0,0,1,0,1,1,1,0,0,1,1,1,0,0 : 263.207
1,1,0,0,1,0,0,0,1,0,0,1,1,1,0,0 : 263.207
1,1,0,0,1,0,0,1,1,0,0,1,1,1,0,0 : 263.207
1,1,0,0,1,0,1,0,1,0,0,1,1,1,0,0 : 263.207
1,1,0,1,1,0,0,0,1,0,0,1,1,1,0,0 : 263.847
1,1,0,1,1,0,0,0,1,0,0,1,1,1,0,0 : 263.847
1,0,1,0,1,0,0,0,1,1,0,0,1,1,0,0 : 266.67
1,0,1,1,1,0,1,1,1,1,0,0,1,1,0,0 : 266.67
1,0,1,0,1,0,0,0,1,1,0,0,1,1,0,0 : 266.67
1,0,1,1,1,0,1,1,1,1,0,0,1,1,0,0 : 266.67
1,0,1,0,1,0,0,0,1,1,0,0,1,1,0,0 : 266.67
1,0,1,1,1,0,1,1,1,1,0,0,1,1,0,0 : 266.67
1,0,1,0,1,0,0,0,1,1,0,0,1,1,0,0 : 266.67
1,0,1,1,1,0,1,1,1,1,0,0,1,1,0,0 : 266.67
1,0,0,0,0,0,0,1,1,0,1,0,1,1,0,0 : 271.337
1,0,0,0,0,0,0,1,1,0,1,0,1,1,0,0 : 271.337
1,1,1,0,0,1,1,0,1,1,0,0,1,1,0,0 : 275.923
1,1,1,0,0,1,1,0,1,1,0,0,1,1,0,0 : 275.923
1,0,0,0,1,0,0,0,1,1,0,0,1,1,0,0 : 276.103
1,0,0,0,1,0,0,0,1,1,0,0,1,1,0,0 : 276.103
1,0,0,0,1,0,0,0,1,1,0,0,1,1,0,0 : 276.103
1,0,0,0,1,0,0,0,1,1,0,0,1,1,0,0 : 276.103
1,0,0,1,1,0,1,0,1,1,0,0,1,1,0,0 : 279.097
1,0,0,0,1,0,1,0,1,1,0,0,1,1,0,0 : 279.097
1,0,0,1,1,0,1,0,1,1,0,0,1,1,0,0 : 279.097
1,0,0,0,1,0,1,0,1,1,0,0,1,1,0,0 : 279.097
1,1,0,0,0,1,1,0,1,0,0,1,1,1,0,0 : 287.05
1,1,0,0,0,1,1,0,1,0,0,1,1,1,0,0 : 287.05
1,1,0,0,1,1,0,0,1,0,0,1,1,1,0,0 : 291.62
1,1,0,0,1,1,0,0,1,0,0,1,1,1,0,0 : 291.62
1,1,0,0,1,1,0,0,1,0,0,1,1,1,0,0 : 291.62
1,1,0,0,1,1,0,0,1,0,0,1,1,1,0,0 : 291.62
1,0,1,0,0,1,1,1,1,1,0,0,1,1,0,0 : 295.257
1,0,1,0,0,1,1,1,1,1,0,0,1,1,0,0 : 295.257
1,0,1,0,0,1,1,1,1,1,0,0,1,1,0,0 : 295.257
1,0,1,0,0,1,1,1,1,1,0,0,1,1,0,0 : 295.257
1,0,1,1,0,1,1,1,1,0,0,1,1,1,0,0 : 295.683
1,0,1,1,0,1,1,1,1,0,0,1,1,1,0,0 : 295.683
1,0,0,1,1,1,0,1,1,1,0,0,1,1,0,0 : 305.48
1,0,0,1,1,1,0,1,1,1,0,0,1,1,0,0 : 305.48
1,0,0,1,1,1,1,1,1,0,1,0,1,1,0,0 : 310.283
1,0,0,1,1,1,1,1,1,0,1,0,1,1,0,0 : 310.283
1,0,0,1,1,1,1,1,1,0,1,0,1,1,0,0 : 310.283
1,0,0,1,1,1,1,1,1,0,1,0,1,1,0,0 : 310.283
1,0,0,1,1,1,1,1,1,0,1,0,1,1,0,0 : 310.283
1,0,0,1,1,1,1,1,1,0,1,0,1,1,0,0 : 310.283
1,0,0,1,1,1,1,1,1,0,1,0,1,1,0,0 : 310.283
1,0,0,1,1,1,1,1,1,0,1,0,1,1,0,0 : 310.283
1,0,0,1,0,1,1,1,1,0,0,1,1,1,0,0 : 310.673
1,0,0,1,0,1,1,0,1,0,0,1,1,1,0,0 : 310.673
1,0,0,1,0,1,1,1,1,0,0,1,1,1,0,0 : 310.673
1,0,0,1,0,1,1,0,1,0,0,1,1,1,0,0 : 310.673
1,0,0,1,0,1,1,1,1,0,0,1,1,1,0,0 : 310.673
1,0,0,1,0,1,1,0,1,0,0,1,1,1,0,0 : 310.673
1,0,0,1,0,1,1,1,1,0,0,1,1,1,0,0 : 310.673
1,0,0,1,0,1,1,0,1,0,0,1,1,1,0,0 : 310.673
1,0,0,1,0,1,0,1,1,0,0,1,1,1,0,0 : 310.687
1,0,0,1,0,1,0,1,1,0,0,1,1,1,0,0 : 310.687
1,0,0,1,0,1,0,1,1,0,0,1,1,1,0,0 : 310.687
1,0,0,1,0,1,0,1,1,0,0,1,1,1,0,0 : 310.687
1,0,1,0,0,0,1,1,1,1,0,0,1,0,1,0 : 380.18
1,0,1,0,0,0,1,1,1,1,0,0,1,0,1,0 : 380.18
1,0,1,0,0,0,1,1,1,1,0,0,1,0,1,0 : 380.18
1,0,1,0,0,0,1,1,1,1,0,0,1,0,1,0 : 380.18
1,0,1,0,0,0,1,1,1,1,0,0,1,0,1,0 : 380.18
1,0,1,0,0,0,1,1,1,1,0,0,1,0,1,0 : 380.18
1,0,1,0,0,0,1,0,1,0,1,0,1,0,1,0 : 382.01
1,0,1,0,0,0,1,0,1,0,1,0,1,0,1,0 : 382.01
1,0,0,1,0,0,1,0,1,0,1,0,1,0,1,0 : 382.01
1,0,1,0,0,0,1,0,1,0,1,0,1,0,1,0 : 382.01
1,0,1,0,0,0,1,0,1,0,1,0,1,0,1,0 : 382.01
1,0,0,1,0,0,1,0,1,0,1,0,1,0,1,0 : 382.01
1,1,0,1,0,1,1,1,1,0,1,0,1,0,1,0 : 413.88
1,1,0,1,0,1,1,1,1,0,1,0,1,0,1,0 : 413.88
1,1,0,1,0,1,1,1,1,0,1,0,1,0,1,0 : 413.88
1,1,0,1,0,1,1,1,1,0,1,0,1,0,1,0 : 413.88
1,1,0,1,0,1,1,1,1,0,1,0,1,0,1,0 : 413.88
1,1,0,1,0,1,1,1,1,0,1,0,1,0,1,0 : 413.88
