1,1,1,1,0,1,0,1,0,0,1,1,0,1,1,0,1,1,1,1,0,1,0,0,0,0 : 2986.0
1,1,1,1,0,1,0,1,0,0,1,1,0,1,1,0,1,1,1,1,0,1,0,0,0,0 : 2986.0
1,1,1,1,0,1,0,1,0,0,1,1,0,1,1,1,1,1,1,0,0,0,0,1,0,1 : 3053.0
1,1,1,1,0,1,0,1,0,0,1,1,0,1,1,1,1,1,1,0,0,0,0,1,0,1 : 3053.0
1,1,1,1,0,1,0,1,0,0,1,1,0,1,1,1,1,1,1,0,0,0,0,1,0,1 : 3053.0
1,1,1,1,0,1,0,1,0,0,1,1,0,1,1,1,1,1,1,0,0,0,0,1,0,1 : 3053.0
1,1,1,1,0,1,0,0,1,1,1,1,0,1,1,1,1,1,1,1,0,1,0,0,0,1 : 3058.0
1,1,1,1,0,0,0,0,1,1,1,1,0,1,1,1,1,1,1,1,0,1,0,0,0,1 : 3058.0
1,1,1,1,0,1,0,0,1,1,1,1,0,1,1,0,1,1,1,1,0,0,0,0,0,1 : 3058.0
1,1,1,1,0,1,0,0,1,1,1,1,0,1,1,1,1,1,1,1,0,0,0,0,0,1 : 3058.0
1,1,1,1,0,1,0,0,1,1,1,1,0,1,1,1,1,1,1,1,0,1,0,0,0,1 : 3058.0
1,1,1,1,0,0,1,0,1,1,1,1,0,1,1,0,1,1,1,1,0,0,0,0,0,1 : 3058.0
1,1,1,1,0,1,0,0,1,1,1,1,0,1,1,1,1,1,1,1,0,1,0,0,0,1 : 3058.0
1,1,1,1,0,1,0,0,1,1,1,1,0,1,1,1,1,1,1,1,0,0,0,0,0,1 : 3058.0
1,1,1,1,0,0,0,0,1,1,1,1,0,1,1,1,1,1,1,1,0,1,0,0,0,1 : 3058.0
1,1,1,1,0,1,0,0,1,1,1,1,0,1,1,1,1,1,1,1,0,0,0,0,0,1 : 3058.0
1,1,1,1,0,1,0,0,1,1,1,1,0,1,1,1,1,1,1,1,0,1,0,0,0,1 : 3058.0
1,1,1,1,0,1,1,0,1,1,1,1,0,1,1,1,1,1,1,1,0,0,0,0,0,1 : 3058.0
1,1,1,1,0,0,1,0,1,1,1,1,0,1,1,0,1,1,1,1,0,1,0,0,0,1 : 3058.0
1,1,1,1,0,1,0,1,1,1,1,1,0,1,1,1,1,1,1,1,0,1,0,0,0,1 : 3058.0
1,1,1,1,0,1,0,0,1,1,1,1,0,1,1,1,1,1,1,1,0,1,0,0,0,1 : 3058.0
1,1,1,1,0,1,0,0,1,1,1,1,0,1,1,0,1,1,1,1,0,1,0,0,0,1 : 3058.0
1,1,1,1,0,0,1,0,1,1,1,1,0,1,1,1,1,1,1,1,0,1,0,0,0,1 : 3058.0
1,1,1,1,0,1,0,0,1,1,1,1,0,1,1,1,1,1,1,1,0,1,0,0,0,1 : 3058.0
1,1,1,1,0,0,0,0,1,1,1,1,0,1,1,1,1,1,1,1,0,1,0,0,0,1 : 3058.0
1,1,1,1,0,1,0,0,1,1,1,1,0,1,1,0,1,1,1,1,0,0,0,0,0,1 : 3058.0
1,1,1,1,0,1,0,0,1,1,1,1,0,1,1,1,1,1,1,1,0,0,0,0,0,1 : 3058.0
1,1,1,1,0,1,0,0,1,1,1,1,0,1,1,1,1,1,1,1,0,1,0,0,0,1 : 3058.0
1,1,1,1,0,0,1,0,1,1,1,1,0,1,1,0,1,1,1,1,0,0,0,0,0,1 : 3058.0
1,1,1,1,0,1,0,0,1,1,1,1,0,1,1,1,1,1,1,1,0,1,0,0,0,1 : 3058.0
1,1,1,1,0,1,0,0,1,1,1,1,0,1,1,1,1,1,1,1,0,0,0,0,0,1 : 3058.0
1,1,1,1,0,0,0,0,1,1,1,1,0,1,1,1,1,1,1,1,0,1,0,0,0,1 : 3058.0
1,1,1,1,0,1,0,0,1,1,1,1,0,1,1,1,1,1,1,1,0,0,0,0,0,1 : 3058.0
1,1,1,1,0,1,0,0,1,1,1,1,0,1,1,1,1,1,1,1,0,1,0,0,0,1 : 3058.0
1,1,1,1,0,1,1,0,1,1,1,1,0,1,1,1,1,1,1,1,0,0,0,0,0,1 : 3058.0
1,1,1,1,0,0,1,0,1,1,1,1,0,1,1,0,1,1,1,1,0,1,0,0,0,1 : 3058.0
1,1,1,1,0,1,0,1,1,1,1,1,0,1,1,1,1,1,1,1,0,1,0,0,0,1 : 3058.0
1,1,1,1,0,1,0,0,1,1,1,1,0,1,1,1,1,1,1,1,0,1,0,0,0,1 : 3058.0
1,1,1,1,0,1,0,0,1,1,1,1,0,1,1,0,1,1,1,1,0,1,0,0,0,1 : 3058.0
1,1,1,1,0,0,1,0,1,1,1,1,0,1,1,1,1,1,1,1,0,1,0,0,0,1 : 3058.0
1,1,1,1,0,1,0,1,1,1,1,1,0,1,1,0,1,1,1,0,0,0,0,0,0,0 : 3065.0
1,1,1,1,0,1,0,1,1,1,1,1,0,1,1,0,1,1,1,0,0,0,0,0,0,0 : 3065.0
1,1,1,1,0,1,0,1,1,1,1,1,0,1,1,1,1,1,1,0,0,1,0,1,0,0 : 3127.0
1,1,1,1,0,1,0,1,1,1,1,1,0,1,1,1,1,1,1,0,0,1,0,1,0,0 : 3127.0
1,1,1,1,0,1,0,1,1,1,1,1,0,1,1,1,1,1,1,0,0,1,0,1,0,0 : 3127.0
1,1,1,1,0,1,0,1,1,1,1,1,0,1,1,1,1,1,1,0,0,1,0,1,0,0 : 3127.0
1,1,1,1,0,1,0,0,0,0,1,1,0,1,1,0,1,1,1,1,0,0,0,0,0,0 : 3138.0
1,1,1,1,0,1,0,0,0,0,1,1,0,1,1,0,1,1,1,1,0,0,0,0,0,0 : 3138.0
1,1,1,1,0,1,0,0,0,0,1,1,0,1,1,0,1,1,1,1,0,0,0,0,0,0 : 3138.0
1,1,1,1,0,1,1,0,1,0,1,1,0,1,1,0,1,1,1,1,0,0,0,0,0,0 : 3138.0
1,1,1,1,0,1,0,0,0,0,1,1,0,1,1,0,1,1,1,1,0,0,0,0,0,0 : 3138.0
1,1,1,1,0,1,1,0,1,0,1,1,0,1,1,0,1,1,1,1,0,0,0,0,0,0 : 3138.0
1,1,1,1,0,1,1,0,1,0,1,1,0,1,1,0,1,1,1,0,0,0,0,0,0,0 : 3138.0
1,1,1,1,0,1,0,0,0,0,1,1,0,1,1,0,1,1,1,0,0,0,0,0,0,0 : 3138.0
1,1,1,1,0,1,0,0,0,0,1,1,0,1,1,0,1,1,1,1,0,0,0,0,0,0 : 3138.0
1,1,1,1,0,1,0,0,0,0,1,1,0,1,1,0,1,1,1,1,0,0,0,0,0,0 : 3138.0
1,1,1,1,0,1,0,0,0,0,1,1,0,1,1,0,1,1,1,1,0,0,0,0,0,0 : 3138.0
1,1,1,1,0,1,0,0,0,0,1,1,0,1,1,0,1,1,1,1,0,0,0,0,0,0 : 3138.0
1,1,1,1,0,1,1,0,1,0,1,1,0,1,1,0,1,1,1,1,0,0,0,0,0,0 : 3138.0
1,1,1,1,0,1,0,0,0,0,1,1,0,1,1,0,1,1,1,1,0,0,0,0,0,0 : 3138.0
1,1,1,1,0,1,1,0,1,0,1,1,0,1,1,0,1,1,1,1,0,0,0,0,0,0 : 3138.0
1,1,1,1,0,1,1,0,1,0,1,1,0,1,1,0,1,1,1,0,0,0,0,0,0,0 : 3138.0
1,1,1,1,0,1,0,0,0,0,1,1,0,1,1,0,1,1,1,0,0,0,0,0,0,0 : 3138.0
1,1,1,1,0,1,0,0,0,0,1,1,0,1,1,0,1,1,1,1,0,0,0,0,0,0 : 3138.0
1,1,1,1,0,1,0,0,0,0,1,1,0,1,1,0,1,1,1,1,0,0,0,1,0,1 : 3139.0
1,1,1,1,0,1,0,0,0,0,1,1,0,1,1,0,1,1,1,0,0,0,0,1,0,1 : 3139.0
1,1,1,1,0,1,0,0,0,0,1,1,0,1,1,0,1,1,1,1,0,0,0,1,0,0 : 3139.0
1,1,1,1,0,0,0,0,0,0,1,1,0,1,1,0,1,1,1,0,0,0,0,1,0,1 : 3139.0
1,1,1,1,0,1,0,0,0,0,1,1,0,1,1,0,1,1,1,1,0,0,0,1,0,1 : 3139.0
1,1,1,1,0,1,0,0,0,0,1,1,0,1,1,0,1,1,1,1,0,0,0,1,0,1 : 3139.0
1,1,1,1,0,1,0,0,0,0,1,1,0,1,1,0,1,1,1,0,0,0,0,1,0,1 : 3139.0
1,1,1,1,0,1,0,0,0,0,1,1,0,1,1,0,1,1,1,1,0,0,0,1,0,1 : 3139.0
1,1,1,1,0,1,0,0,0,0,1,1,0,1,1,0,1,1,1,0,0,0,0,1,0,1 : 3139.0
1,1,1,1,0,1,0,0,0,0,1,1,0,1,1,0,1,1,1,1,0,0,0,1,0,0 : 3139.0
1,1,1,1,0,0,0,0,0,0,1,1,0,1,1,0,1,1,1,0,0,0,0,1,0,1 : 3139.0
1,1,1,1,0,1,0,0,0,0,1,1,0,1,1,0,1,1,1,1,0,0,0,1,0,1 : 3139.0
1,1,1,1,0,1,0,0,0,0,1,1,0,1,1,0,1,1,1,1,0,0,0,1,0,1 : 3139.0
1,1,1,1,0,1,0,0,0,0,1,1,0,1,1,0,1,1,1,0,0,0,0,1,0,1 : 3139.0
1,1,1,1,0,0,1,1,0,1,1,1,0,1,1,0,1,1,1,1,0,1,0,0,0,0 : 3154.0
1,1,1,1,0,0,1,1,0,1,1,1,0,1,1,1,1,1,1,1,0,1,0,0,0,0 : 3154.0
1,1,1,1,0,0,1,1,0,1,1,1,0,1,1,0,1,1,1,1,0,1,0,0,0,0 : 3154.0
1,1,1,1,0,0,1,1,0,1,1,1,0,1,1,0,1,1,1,1,0,1,0,0,0,0 : 3154.0
1,1,1,1,0,0,1,1,0,1,1,1,0,1,1,1,1,1,1,1,0,1,0,0,0,0 : 3154.0
1,1,1,1,0,0,1,1,0,1,1,1,0,1,1,0,1,1,1,1,0,1,0,0,0,0 : 3154.0
1,1,1,1,0,0,0,1,0,0,1,1,0,1,1,0,1,1,1,0,0,0,0,1,0,1 : 3182.0
1,1,1,1,0,1,0,1,1,0,1,1,0,1,1,0,1,1,1,0,0,0,0,0,0,0 : 3182.0
1,1,1,1,0,1,0,1,0,0,1,1,0,1,1,0,1,1,1,1,0,0,0,0,0,0 : 3182.0
1,1,1,1,0,1,0,1,0,0,1,1,0,1,1,0,1,1,1,0,0,0,0,1,0,1 : 3182.0
1,1,1,1,0,1,0,1,0,0,1,1,0,1,1,0,1,1,1,0,0,0,0,1,0,1 : 3182.0
1,1,1,1,0,0,0,1,0,0,1,1,0,1,1,0,1,1,1,0,0,0,0,1,0,1 : 3182.0
1,1,1,1,0,1,0,1,1,0,1,1,0,1,1,0,1,1,1,0,0,0,0,0,0,0 : 3182.0
1,1,1,1,0,1,0,1,0,0,1,1,0,1,1,0,1,1,1,1,0,0,0,0,0,0 : 3182.0
1,1,1,1,0,1,0,1,0,0,1,1,0,1,1,0,1,1,1,0,0,0,0,1,0,1 : 3182.0
1,1,1,1,0,1,0,1,0,0,1,1,0,1,1,0,1,1,1,0,0,0,0,1,0,1 : 3182.0
1,1,1,1,0,1,0,0,0,0,1,1,0,1,1,1,1,1,1,1,0,0,0,0,0,0 : 3238.0
1,1,1,1,0,0,0,0,0,0,1,1,0,1,1,1,1,1,1,1,0,0,0,1,0,0 : 3238.0
1,1,1,1,0,0,0,0,1,0,1,1,0,1,1,1,1,1,1,1,0,0,0,0,0,1 : 3238.0
1,1,1,1,0,1,1,0,1,0,1,1,0,1,1,1,1,1,1,1,0,1,0,0,0,0 : 3238.0
1,1,1,1,0,0,0,0,0,0,1,1,0,1,1,1,1,1,1,1,0,1,0,1,0,0 : 3238.0
1,1,1,1,0,0,0,0,0,0,1,1,0,1,1,1,1,1,1,1,0,0,0,0,0,0 : 3238.0
