1,1,1,0,1,0,0,0,1,1,1,0,1,0,0,1,1,0,0,1,1,0,1,1,0,1,0,0,0,1,0,1,1,0,0,0,1,1,0 : 13.0344
0,1,0,1,1,1,1,0,1,1,1,0,1,0,0,0,0,0,0,0,1,0,1,0,0,1,1,0,0,1,1,1,1,0,0,0,0,1,0 : 15.645
0,0,0,1,1,0,0,1,1,1,0,0,1,0,1,0,1,0,1,1,0,1,0,0,0,0,1,1,0,1,0,1,0,1,0,1,0,0,0 : 13.0344
0,1,0,0,1,0,0,0,1,1,1,1,1,0,1,0,1,1,0,0,1,0,1,1,1,1,0,0,0,0,1,0,1,1,0,0,1,0,1 : 12.6091
0,1,0,1,1,0,0,1,1,1,0,0,1,0,1,0,0,1,0,1,0,1,0,0,1,0,1,0,1,1,1,1,0,1,1,0,1,0,0 : 13.1354
1,1,0,0,0,0,0,0,1,1,1,1,0,1,0,0,0,1,1,0,0,1,1,1,0,0,0,0,1,1,1,0,1,0,1,0,0,0,1 : 13.1354
1,0,0,0,0,0,1,1,0,0,0,0,0,1,0,0,1,1,1,1,0,1,0,0,0,1,1,0,0,0,0,1,0,1,0,0,0,0,1 : 15.7588
0,1,0,1,0,0,1,1,1,0,1,1,1,1,0,1,1,1,0,1,1,1,0,1,0,1,0,0,0,0,1,0,1,0,0,1,0,1,1 : 12.902
1,0,0,1,1,1,1,1,1,1,1,1,1,0,1,1,0,1,0,0,0,1,1,1,0,0,0,0,0,1,1,1,0,1,0,0,1,0,0 : 13.8795
1,1,0,0,1,1,0,0,0,0,1,1,1,0,0,1,1,1,1,0,1,0,0,1,0,1,1,0,0,1,1,0,0,0,0,1,0,1,0 : 13.974
0,0,1,0,0,1,0,1,0,1,0,0,1,0,1,0,0,1,1,0,0,0,0,1,1,1,0,0,1,0,1,1,1,0,0,1,0,1,1 : 16.3679
1,1,0,1,1,1,0,0,1,1,0,0,0,1,0,1,0,1,1,1,0,1,0,0,0,0,1,0,1,0,1,0,0,0,1,1,0,0,0 : 13.1354
0,1,0,1,0,0,0,0,1,0,1,0,0,0,0,1,0,1,0,0,1,1,1,1,0,0,1,0,1,1,1,0,0,1,0,1,0,0,0 : 13.1354
0,0,0,1,0,0,1,0,1,1,0,1,1,0,1,0,1,1,1,1,1,0,0,0,1,1,0,0,0,0,1,0,0,1,0,1,0,0,0 : 13.1808
1,0,1,0,1,0,0,0,1,1,0,1,0,0,1,0,1,0,0,1,1,0,0,0,0,0,1,0,0,1,1,0,0,1,0,1,1,1,0 : 13.0344
0,1,0,1,0,0,0,0,0,0,0,0,1,1,0,1,1,0,0,1,0,1,1,1,0,0,1,0,0,1,1,1,1,0,0,0,0,1,0 : 13.0406
0,1,0,1,0,0,0,1,0,0,1,0,0,1,1,0,1,1,1,1,1,0,1,1,0,0,1,0,0,1,1,1,1,0,0,1,1,0,1 : 12.6877
1,1,0,0,0,1,0,0,1,0,0,0,1,0,1,1,1,1,0,1,1,0,1,1,0,1,0,0,1,0,0,0,0,1,0,1,1,0,1 : 13.1776
1,0,0,1,0,0,0,0,1,0,0,0,0,1,1,1,1,0,0,1,0,1,0,1,0,0,1,0,0,0,0,0,1,1,0,1,0,1,1 : 13.0372
1,1,1,0,0,0,1,0,0,0,1,0,0,0,1,1,1,1,0,0,0,0,1,0,0,0,0,0,0,0,1,0,1,0,0,1,1,1,0 : 15.7588
0,0,0,0,0,1,1,0,1,0,0,1,1,0,0,1,1,1,0,1,1,0,0,0,0,1,0,0,0,0,1,0,0,0,0,0,1,0,1 : 13.1808
1,0,0,1,1,0,0,0,1,1,0,0,0,0,1,1,0,0,0,1,1,1,1,1,0,1,0,0,0,1,1,0,0,1,0,1,1,1,0 : 13.0344
1,0,0,1,1,0,1,0,0,1,1,0,1,1,1,0,1,1,0,0,1,0,0,0,0,1,0,0,0,1,0,0,0,1,0,1,1,1,0 : 13.1808
0,1,0,1,1,1,0,1,1,1,1,0,0,0,1,1,0,1,0,1,1,1,1,1,0,0,1,0,1,1,0,1,0,1,0,0,1,1,0 : 13.1354
1,0,0,1,0,1,1,0,0,1,1,1,1,0,0,0,0,0,0,0,0,1,0,1,0,0,1,0,0,0,0,0,1,1,0,1,1,0,0 : 13.2813
0,1,0,0,1,0,0,0,1,1,0,1,0,1,0,0,1,0,0,1,0,0,0,1,0,0,0,1,0,1,0,0,1,0,0,0,0,1,1 : 13.0344
1,1,0,0,1,0,0,1,1,0,1,1,1,0,0,0,1,1,1,0,1,0,1,1,0,1,1,0,0,0,0,0,1,0,0,1,0,0,1 : 13.1776
0,0,0,1,1,1,0,0,1,1,0,1,1,1,0,1,0,0,1,1,1,1,0,1,0,0,0,0,1,1,1,0,0,0,0,0,1,0,1 : 13.0896
1,1,0,1,1,1,0,0,1,0,0,1,0,1,0,1,1,1,0,1,1,1,1,1,1,1,0,0,0,1,0,1,0,1,0,1,0,0,0 : 12.6877
0,0,0,1,0,0,1,1,0,0,1,0,1,0,1,1,1,0,0,1,1,0,1,0,0,1,1,0,1,0,0,0,1,0,0,1,1,1,1 : 13.1655
0,0,0,0,0,0,0,0,0,0,1,1,1,0,1,0,0,0,0,0,0,0,0,0,0,0,1,1,0,0,1,0,1,0,0,0,0,1,1 : 13.1755
1,1,0,0,1,1,1,1,1,1,0,1,1,1,0,0,1,0,0,0,1,0,0,0,1,1,0,0,1,0,1,0,1,1,0,1,1,1,0 : 15.5349
1,0,0,0,0,0,0,0,0,1,0,0,1,0,1,0,1,0,0,1,0,1,0,0,0,1,0,0,0,0,1,0,1,1,0,1,0,1,1 : 13.0035
1,1,0,0,1,0,1,1,1,0,0,0,0,0,1,0,1,0,1,0,1,1,0,0,0,0,0,1,0,0,1,0,1,1,0,0,0,0,1 : 14.1838
1,1,0,0,0,1,0,1,1,1,0,0,0,0,0,1,1,1,0,0,0,0,1,0,0,1,1,0,1,1,1,0,1,1,1,0,1,0,0 : 16.3747
0,1,0,1,0,0,0,0,1,1,1,0,1,1,1,1,0,0,1,0,1,1,0,0,0,1,0,0,0,0,1,0,1,1,1,0,1,0,0 : 13.0713
1,0,0,0,1,1,1,1,1,0,1,1,1,1,1,0,0,1,0,0,0,1,0,0,0,0,1,0,0,1,0,0,1,1,0,0,1,0,1 : 13.5167
0,0,0,0,0,1,0,1,0,1,1,1,1,0,0,1,1,0,0,1,1,1,1,1,0,0,1,0,1,0,1,0,1,1,0,1,1,1,0 : 13.0854
1,1,0,0,0,0,0,1,1,1,1,0,0,1,0,0,0,1,0,0,1,1,0,0,0,0,0,0,1,1,0,0,1,1,0,1,0,1,1 : 13.1354
0,1,0,0,1,0,0,0,1,0,1,1,0,1,1,0,0,0,0,1,1,1,0,1,0,0,0,0,0,0,0,0,1,0,0,1,0,1,1 : 13.2462
0,0,1,0,0,1,0,1,0,1,1,0,0,1,1,1,1,1,0,0,1,0,1,0,0,0,0,0,0,0,0,0,1,0,0,1,0,1,1 : 13.1808
1,1,0,1,1,1,1,1,1,1,1,0,0,0,1,0,1,1,0,1,1,0,0,1,0,1,1,0,0,1,0,1,0,1,0,1,0,1,1 : 12.6877
1,0,0,0,0,0,1,0,0,1,1,0,0,0,0,1,0,1,1,1,1,0,0,1,0,1,1,1,0,0,1,0,1,0,1,1,0,0,0 : 16.2828
0,0,0,1,0,1,1,0,0,0,1,0,1,0,1,1,0,0,0,1,1,0,0,1,0,1,0,0,1,0,1,0,0,0,0,1,1,0,1 : 13.1655
1,0,0,1,0,0,0,1,1,1,0,0,0,1,0,1,0,0,1,1,0,0,0,0,1,0,1,0,1,1,1,0,1,1,0,0,0,0,1 : 13.0406
0,0,1,0,1,0,0,0,0,0,1,1,1,0,0,0,1,1,0,1,1,1,1,0,0,0,1,1,0,0,1,0,0,0,1,0,0,1,0 : 13.1808
1,1,0,1,1,0,0,0,0,1,0,0,0,0,1,1,1,1,0,1,1,0,1,0,0,1,0,0,0,1,0,0,0,1,0,0,0,1,0 : 12.6877
1,1,0,0,1,1,0,0,1,1,0,1,0,0,1,1,1,0,0,0,0,1,1,1,0,0,1,0,1,0,0,0,1,0,0,0,0,0,0 : 13.1747
1,0,0,1,1,0,0,1,1,0,1,1,1,0,0,0,0,0,0,1,0,0,1,1,1,1,0,0,1,0,1,0,0,0,0,0,0,1,0 : 14.7795
0,1,0,0,1,1,0,1,0,1,1,0,1,0,1,0,1,1,0,1,1,0,1,1,0,1,1,0,1,1,0,1,0,1,0,0,1,0,0 : 13.3568
0,0,0,1,0,0,0,1,1,1,1,0,0,0,1,1,0,0,0,0,0,0,1,0,1,1,0,0,0,0,1,0,1,0,0,1,1,1,1 : 13.4932
0,1,0,1,0,1,1,1,0,1,0,0,0,1,0,1,1,1,0,0,1,0,1,0,0,0,1,0,0,1,1,0,1,1,0,0,1,0,1 : 12.6877
1,1,0,1,1,0,0,1,1,1,1,0,0,0,1,0,1,1,1,1,1,1,0,1,0,0,1,0,0,1,0,1,1,0,1,0,0,1,0 : 12.6877
0,0,0,1,1,1,1,1,0,0,1,0,1,1,1,1,1,1,0,0,1,1,1,1,0,0,1,0,0,1,1,0,0,1,0,1,0,1,0 : 13.1808
0,0,0,0,1,0,0,1,1,0,0,1,0,0,0,0,1,1,1,1,1,0,0,0,0,1,1,1,0,0,1,0,1,1,0,1,0,1,1 : 13.1808
0,0,0,1,1,0,0,0,1,1,1,1,1,1,1,0,0,0,1,1,1,1,0,1,0,1,0,0,0,1,1,0,0,0,0,0,0,0,1 : 13.0344
1,0,0,0,1,1,1,1,0,0,1,1,0,0,1,0,0,1,0,0,1,1,0,0,0,0,0,0,1,1,1,0,1,1,0,0,0,1,1 : 13.5167
1,1,0,1,1,1,0,0,1,0,1,0,1,1,1,0,1,1,1,0,1,0,0,0,0,0,1,0,0,1,0,0,1,1,0,1,0,1,0 : 13.0451
0,1,0,0,1,0,1,0,0,0,0,0,1,1,0,1,1,0,0,1,0,1,0,0,0,1,0,0,0,0,1,1,0,1,0,1,1,1,1 : 15.5349
0,0,0,0,0,0,1,0,1,0,1,0,1,0,1,0,0,0,1,0,1,0,0,0,0,0,0,0,0,0,1,0,1,0,0,1,1,0,1 : 14.1838
0,0,0,1,1,0,0,0,0,0,0,0,1,0,1,0,0,1,1,1,0,0,0,0,0,0,1,0,1,1,1,1,1,0,0,1,0,0,1 : 13.0004
1,1,0,1,0,0,0,0,1,0,1,0,0,0,0,1,0,0,1,0,0,0,0,0,0,1,0,0,0,0,0,0,0,0,0,0,1,1,0 : 14.8507
1,0,0,0,1,0,0,1,1,1,0,1,0,0,0,0,1,0,0,0,0,0,1,1,0,0,0,0,0,1,0,0,0,0,0,1,1,1,1 : 13.0344
1,0,0,1,1,1,0,1,0,0,1,0,0,1,1,0,0,1,1,0,0,0,1,0,1,1,0,1,0,0,1,1,1,0,0,1,1,1,1 : 13.8794
0,1,0,1,0,0,0,1,1,1,1,1,1,1,0,1,0,1,1,0,1,1,1,1,0,0,0,0,1,1,1,0,1,0,0,0,0,1,0 : 13.1354
1,0,0,1,0,1,1,0,0,1,1,0,1,0,1,0,1,1,1,0,1,0,0,1,0,1,1,0,0,1,1,0,0,0,0,0,0,0,1 : 13.1808
1,0,0,0,1,0,1,0,0,0,1,0,1,0,0,1,1,0,0,1,0,1,0,1,0,0,0,0,0,1,0,0,1,0,0,1,1,1,1 : 14.1838
1,0,0,0,0,0,1,1,0,0,0,0,0,1,1,0,0,0,1,1,0,1,0,0,0,1,0,1,0,1,0,0,1,0,0,1,1,1,1 : 13.1655
1,0,0,0,0,0,1,0,0,1,1,0,1,0,1,1,0,0,1,0,0,0,0,1,0,0,1,0,0,0,0,1,1,0,0,0,1,0,0 : 13.2813
1,0,1,0,1,0,0,0,0,0,1,0,1,1,0,0,1,1,0,1,1,0,0,0,0,1,0,1,0,1,0,0,0,1,0,1,1,1,0 : 13.1808
1,1,0,1,0,1,0,1,0,1,1,1,0,0,0,0,1,1,0,1,1,1,0,0,0,1,0,0,1,1,1,0,1,0,0,1,0,1,1 : 12.6877
0,1,0,1,1,1,1,0,0,0,1,1,0,0,0,0,1,1,0,1,1,0,0,1,0,1,0,0,1,1,0,0,1,0,0,1,0,0,1 : 12.6877
1,1,0,1,1,1,0,1,1,1,1,1,1,0,1,1,0,0,1,1,1,0,1,1,1,1,0,1,0,1,0,0,1,1,0,0,0,1,1 : 16.3997
1,0,0,1,0,1,0,1,1,1,1,1,0,1,1,0,0,1,0,1,0,0,0,1,0,1,0,0,1,0,0,0,1,0,0,1,0,0,1 : 13.7542
1,1,0,1,1,1,0,0,0,0,0,1,1,0,1,0,0,1,0,1,0,1,1,0,0,1,1,0,1,1,1,1,1,0,0,1,1,0,0 : 13.9444
1,0,0,0,1,1,1,1,1,1,0,1,1,0,1,0,1,1,1,1,1,1,0,0,0,1,0,0,0,0,1,0,0,0,0,1,1,0,0 : 13.1808
1,1,0,0,1,1,0,0,1,1,1,0,1,1,0,1,1,1,1,0,1,0,0,1,0,0,1,0,0,1,0,1,1,0,0,1,0,1,1 : 13.974
1,1,0,1,1,0,0,1,1,1,1,1,1,1,0,1,0,1,0,1,1,1,1,1,1,0,1,0,1,1,1,0,1,0,1,0,0,0,1 : 13.1354
0,0,0,0,0,1,0,1,1,1,0,1,1,1,1,1,0,0,1,1,1,0,0,0,0,0,1,0,0,0,1,0,0,0,0,0,0,1,0 : 13.0896
1,0,0,1,0,1,0,1,1,1,0,0,1,0,0,0,1,1,1,1,1,0,0,0,0,0,1,0,0,0,1,1,0,1,0,1,0,0,1 : 13.1808
1,0,0,0,1,1,1,1,0,1,0,1,0,1,1,0,0,0,1,0,1,1,0,1,0,0,1,0,1,0,0,0,1,0,0,0,0,1,1 : 14.1838
1,1,0,0,0,0,0,0,1,1,1,0,0,1,0,0,1,0,0,0,0,0,0,0,0,0,0,0,1,0,0,0,1,1,0,1,0,1,0 : 13.0035
1,0,0,0,0,0,1,1,1,0,0,0,1,1,0,1,1,1,0,0,1,1,1,0,0,0,0,0,0,1,0,0,0,1,1,0,0,0,1 : 13.1808
1,1,1,0,1,0,0,0,1,0,1,0,1,0,1,0,1,1,0,1,1,0,1,0,0,1,0,0,0,0,0,0,0,1,0,1,1,1,1 : 13.1776
1,1,0,1,1,1,0,1,1,1,1,0,0,1,1,1,1,0,0,0,1,0,0,1,0,0,0,0,0,0,1,0,0,1,0,1,0,0,1 : 14.5638
1,1,0,0,0,1,0,0,1,1,0,0,1,0,1,0,0,1,1,0,1,0,0,1,0,0,0,0,1,1,1,1,1,0,0,0,0,1,1 : 16.0879
1,1,0,1,0,1,0,0,0,0,0,0,0,1,0,0,1,1,0,1,1,1,0,0,1,0,1,0,1,0,0,0,0,0,0,0,0,1,0 : 12.6877
0,0,0,0,1,0,0,0,0,0,0,0,1,1,0,0,1,0,1,0,1,1,0,0,0,1,1,0,0,1,0,0,0,1,0,0,0,0,1 : 13.0344
0,0,1,0,0,0,1,1,0,1,0,0,0,1,1,1,1,1,0,1,1,0,0,1,1,0,1,0,0,0,0,0,0,0,0,0,0,0,0 : 13.1808
0,0,0,0,0,0,0,1,1,0,0,0,1,0,0,0,1,0,1,1,0,1,0,0,0,1,0,0,1,0,0,0,1,1,0,1,0,0,1 : 13.0035
1,1,1,0,0,1,0,1,1,0,1,0,0,0,1,0,0,1,0,0,0,1,0,0,1,0,1,0,1,1,1,1,0,1,0,0,1,1,1 : 13.1354
1,1,0,1,0,0,0,1,1,1,1,0,0,0,1,1,1,0,0,1,1,0,0,0,0,1,0,0,1,1,0,0,0,1,0,1,1,1,1 : 13.3081
0,0,0,1,0,1,0,0,0,1,0,1,0,1,1,1,0,1,0,0,0,1,1,0,1,1,0,1,0,0,1,0,0,0,0,1,0,0,0 : 16.1315
1,0,0,1,1,1,1,0,0,1,1,0,1,0,1,0,1,0,0,1,0,1,0,1,0,0,0,0,1,1,1,0,1,0,0,0,1,0,0 : 13.2813
1,1,0,0,1,0,0,1,1,1,1,0,1,0,1,1,1,0,0,0,1,1,1,0,0,1,0,0,1,1,1,1,0,1,0,1,0,0,1 : 13.0344
1,1,0,0,1,0,0,0,1,1,1,1,1,1,0,1,1,0,0,1,1,0,1,0,0,1,0,0,1,1,1,0,1,0,0,1,1,1,1 : 13.0344
1,1,1,1,0,0,0,0,1,0,1,1,0,0,1,0,1,1,0,1,1,1,0,1,0,1,0,0,1,1,0,1,1,0,0,0,0,1,1 : 12.6877
1,0,0,1,1,0,1,1,0,0,0,0,1,1,1,0,1,0,0,1,0,1,0,1,1,1,0,0,0,1,0,0,1,1,0,1,1,0,1 : 13.1655
0,0,0,1,0,1,0,0,0,0,0,1,0,0,0,0,0,0,1,1,0,1,0,0,0,0,1,0,0,1,1,0,1,0,0,0,1,1,1 : 13.0896
1,1,0,0,0,0,0,0,1,0,1,0,1,1,0,0,0,0,1,0,0,0,0,0,0,0,0,0,1,0,0,0,1,1,0,1,1,1,1 : 13.0035
