1,1,1,0,0,0,0,1,1,1,0,0,1,1,0,0 : 244.303
1,1,1,0,0,0,0,1,1,1,0,0,1,1,0,0 : 244.303
1,1,1,0,0,0,0,1,1,1,0,0,1,1,0,0 : 244.303
1,1,1,0,0,0,0,1,1,1,0,0,1,1,0,0 : 244.303
1,1,1,0,0,0,0,1,1,1,0,0,1,1,0,0 : 244.303
1,1,1,0,0,0,0,1,1,1,0,0,1,1,0,0 : 244.303
1,1,1,0,0,0,0,1,1,1,0,0,1,1,0,0 : 244.303
1,1,1,0,0,0,0,1,1,1,0,0,1,1,0,0 : 244.303
1,1,1,0,0,0,0,1,1,1,0,0,1,1,0,0 : 244.303
1,1,1,0,0,0,0,1,1,1,0,0,1,1,0,0 : 244.303
1,1,1,0,0,0,0,1,1,1,0,0,1,1,0,0 : 244.303
1,1,1,0,0,0,0,1,1,1,0,0,1,1,0,0 : 244.303
1,1,1,0,0,0,0,1,1,1,0,0,1,1,0,0 : 244.303
1,1,1,0,0,0,0,1,1,1,0,0,1,1,0,0 : 244.303
1,1,1,0,0,0,0,1,1,1,0,0,1,1,0,0 : 244.303
1,1,1,0,0,0,0,1,1,1,0,0,1,1,0,0 : 244.303
1,1,1,0,0,0,1,1,1,1,0,0,1,1,0,0 : 244.333
1,1,1,0,0,0,1,1,1,1,0,0,1,1,0,0 : 244.333
1,1,1,1,0,0,0,0,1,0,0,1,1,1,0,0 : 247.483
1,1,1,1,0,0,0,0,1,0,0,1,1,1,0,0 : 247.483
1,1,1,1,0,0,0,0,1,0,0,1,1,1,0,0 : 247.483
1,1,1,1,0,0,0,0,1,0,0,1,1,1,0,0 : 247.483
1,1,1,1,0,0,0,0,1,0,0,1,1,1,0,0 : 247.483
1,1,1,1,0,0,0,0,1,0,0,1,1,1,0,0 : 247.483
1,1,1,1,0,0,1,1,1,0,0,1,1,1,0,0 : 247.537
1,1,1,1,0,0,1,1,1,0,0,1,1,1,0,0 : 247.537
1,1,1,0,0,0,1,1,1,0,0,1,1,1,0,0 : 247.693
1,1,1,0,0,0,1,1,1,0,0,1,1,1,0,0 : 247.693
1,1,1,0,0,0,1,1,1,0,0,1,1,1,0,0 : 247.693
1,1,1,0,0,0,1,1,1,0,0,1,1,1,0,0 : 247.693
1,1,1,0,1,0,0,0,1,1,0,0,1,1,0,0 : 249.497
1,1,1,0,1,0,0,0,1,1,0,0,1,1,0,0 : 249.497
1,1,1,0,1,0,0,1,1,1,0,0,1,1,0,0 : 249.607
1,1,1,0,1,0,0,1,1,1,0,0,1,1,0,0 : 249.607
1,1,1,0,1,0,0,1,1,1,0,0,1,1,0,0 : 249.607
1,1,1,0,1,0,0,1,1,1,0,0,1,1,0,0 : 249.607
1,1,1,0,1,0,0,1,1,1,0,0,1,1,0,0 : 249.607
1,1,1,0,1,0,0,1,1,1,0,0,1,1,0,0 : 249.607
1,1,1,0,1,0,0,1,1,1,0,0,1,1,0,0 : 249.607
1,1,1,0,1,0,0,1,1,1,0,0,1,1,0,0 : 249.607
1,1,1,0,1,0,0,1,1,1,0,0,1,1,0,0 : 249.607
1,1,1,0,1,0,1,1,1,1,0,0,1,1,0,0 : 249.607
1,1,1,0,1,0,0,1,1,1,0,0,1,1,0,0 : 249.607
1,1,1,0,1,0,0,1,1,1,0,0,1,1,0,0 : 249.607
1,1,1,0,1,0,0,1,1,1,0,0,1,1,0,0 : 249.607
1,1,1,0,1,0,0,1,1,1,0,0,1,1,0,0 : 249.607
1,1,1,0,1,0,0,1,1,1,0,0,1,1,0,0 : 249.607
1,1,1,0,1,0,0,1,1,1,0,0,1,1,0,0 : 249.607
1,1,1,0,1,0,0,1,1,1,0,0,1,1,0,0 : 249.607
1,1,1,0,1,0,0,1,1,1,0,0,1,1,0,0 : 249.607
1,1,1,0,1,0,0,1,1,1,0,0,1,1,0,0 : 249.607
1,1,1,0,1,0,1,1,1,1,0,0,1,1,0,0 : 249.607
1,1,1,0,1,0,1,1,1,0,0,1,1,1,0,0 : 252.963
1,1,1,0,1,0,1,1,1,0,0,1,1,1,0,0 : 252.963
1,1,0,0,0,0,0,1,1,1,0,0,1,1,0,0 : 254.707
1,1,0,0,0,0,0,1,1,1,0,0,1,1,0,0 : 254.707
1,1,0,1,0,0,0,0,1,0,0,1,1,1,0,0 : 257.407
1,1,0,1,0,0,0,0,1,0,0,1,1,1,0,0 : 257.407
1,1,0,1,0,0,1,0,1,0,0,1,1,1,0,0 : 257.407
1,1,0,1,0,0,1,0,1,0,0,1,1,1,0,0 : 257.407
1,1,0,1,0,0,0,0,1,0,0,1,1,1,0,0 : 257.407
1,1,0,1,0,0,0,0,1,0,0,1,1,1,0,0 : 257.407
1,1,0,1,0,0,0,0,1,0,0,1,1,1,0,0 : 257.407
1,1,0,1,0,0,0,0,1,0,0,1,1,1,0,0 : 257.407
1,1,0,1,0,0,0,0,1,0,0,1,1,1,0,0 : 257.407
1,1,0,1,0,0,1,0,1,0,0,1,1,1,0,0 : 257.407
1,1,0,1,0,0,1,0,1,0,0,1,1,1,0,0 : 257.407
1,1,0,1,0,0,0,0,1,0,0,1,1,1,0,0 : 257.407
1,1,0,1,0,0,0,0,1,0,0,1,1,1,0,0 : 257.407
1,1,0,1,0,0,0,0,1,0,0,1,1,1,0,0 : 257.407
1,1,0,1,0,0,0,1,1,0,0,1,1,1,0,0 : 257.45
1,1,0,1,0,0,0,1,1,0,0,1,1,1,0,0 : 257.45
1,1,0,1,0,0,0,1,1,0,0,1,1,1,0,0 : 257.45
1,1,0,1,0,0,0,1,1,0,0,1,1,1,0,0 : 257.45
1,1,0,1,0,0,0,1,1,0,0,1,1,1,0,0 : 257.45
1,1,0,1,0,0,0,1,1,0,0,1,1,1,0,0 : 257.45
1,1,0,1,0,0,0,1,1,0,0,1,1,1,0,0 : 257.45
1,1,0,1,0,0,0,1,1,0,0,1,1,1,0,0 : 257.45
1,1,0,0,0,0,1,1,1,0,0,1,1,1,0,0 : 258.113
1,1,0,0,0,0,1,1,1,0,0,1,1,1,0,0 : 258.113
1,1,0,0,0,0,1,1,1,0,0,1,1,1,0,0 : 258.113
1,1,0,0,0,0,1,1,1,0,0,1,1,1,0,0 : 258.113
1,1,0,0,0,0,1,1,1,0,0,1,1,1,0,0 : 258.113
1,1,0,0,0,0,1,1,1,0,0,1,1,1,0,0 : 258.113
1,1,0,0,0,0,1,0,1,0,0,1,1,1,0,0 : 258.113
1,1,0,0,0,0,1,0,1,0,0,1,1,1,0,0 : 258.113
1,1,0,0,0,0,1,1,1,0,0,1,1,1,0,0 : 258.113
1,1,0,0,0,0,1,1,1,0,0,1,1,1,0,0 : 258.113
1,1,0,0,0,0,1,1,1,0,0,1,1,1,0,0 : 258.113
1,1,0,0,0,0,1,1,1,0,0,1,1,1,0,0 : 258.113
1,1,0,0,0,0,1,1,1,0,0,1,1,1,0,0 : 258.113
1,1,0,0,0,0,1,1,1,0,0,1,1,1,0,0 : 258.113
1,1,0,0,0,0,1,1,1,0,0,1,1,1,0,0 : 258.113
1,1,0,0,0,0,1,0,1,0,0,1,1,1,0,0 : 258.113
1,1,0,0,0,0,1,0,1,0,0,1,1,1,0,0 : 258.113
1,1,0,0,0,0,1,1,1,0,0,1,1,1,0,0 : 258.113
1,0,1,1,0,0,0,0,1,1,0,0,1,1,0,0 : 259.807
1,0,1,1,0,0,0,0,1,1,0,0,1,1,0,0 : 259.807
1,0,1,0,0,0,0,0,1,1,0,0,1,1,0,0 : 260.38
1,0,1,0,0,0,0,0,1,1,0,0,1,1,0,0 : 260.38
