1,0,1,0,1,0,1,0,1,0,1,0,1,0,1,0 : 482.04
1,1,0,1,0,0,1,1,1,0,0,1,1,1,0,0 : 257.5299
1,1,0,1,0,1,1,0,1,0,1,0,1,0,0,1 : 490.473
1,0,1,1,0,0,1,0,1,1,0,0,1,0,1,0 : 380.18
1,1,1,0,0,0,1,0,1,0,1,0,1,0,1,0 : 364.76
1,1,1,1,0,0,0,0,1,0,1,0,1,1,0,0 : 246.273
1,0,1,0,1,0,1,0,1,0,0,1,1,0,0,1 : 631.583
1,1,0,1,1,1,1,1,1,1,0,0,1,0,0,1 : 652.373
1,1,1,0,0,0,0,1,1,0,1,0,1,0,0,1 : 604.8869
1,1,1,0,1,1,0,1,1,1,0,0,1,1,0,0 : 279.15
1,1,1,1,1,1,1,0,1,0,1,0,1,0,1,0 : 456.363
1,1,1,0,1,1,0,0,1,0,0,1,1,1,0,0 : 279.15
1,1,0,1,0,1,1,1,1,0,1,0,1,1,0,0 : 286.43
1,0,1,0,0,0,1,0,1,0,1,0,1,0,0,1 : 490.473
1,1,1,1,0,0,0,0,1,0,1,0,1,1,0,0 : 246.273
1,1,1,1,0,0,1,0,1,0,1,0,1,0,1,0 : 365.04
1,0,0,1,0,0,0,1,1,1,0,0,1,0,1,0 : 439.02
1,1,1,0,0,0,1,1,1,0,0,1,1,0,1,0 : 363.56
1,1,0,0,0,1,1,0,1,1,0,0,1,0,0,1 : 490.473
1,1,1,0,0,0,0,1,1,0,1,0,1,1,0,0 : 246.41
1,0,0,1,0,0,1,0,1,0,1,0,1,0,0,1 : 490.473
1,1,0,0,0,1,1,0,1,1,0,0,1,0,0,1 : 490.473
1,1,1,0,0,0,0,1,1,0,1,0,1,1,0,0 : 246.41
1,1,0,0,0,0,0,1,1,0,1,0,1,0,1,0 : 439.02
1,1,0,0,0,1,1,0,1,0,1,0,1,0,1,0 : 413.88
1,0,1,1,1,1,1,1,1,1,0,0,1,1,0,0 : 295.257
1,1,0,1,0,0,1,1,1,1,0,0,1,0,1,0 : 366.837
1,1,1,0,0,0,1,0,1,1,0,0,1,0,0,1 : 490.473
1,0,1,1,0,0,1,0,1,1,0,0,1,0,1,0 : 380.18
1,1,0,0,0,1,1,1,1,0,0,1,1,1,0,0 : 287.037
1,0,1,0,0,0,1,0,1,0,1,0,1,0,0,1 : 490.473
1,1,1,0,0,0,1,1,1,0,1,0,1,0,1,0 : 363.56
1,1,1,1,1,1,1,0,1,0,1,0,1,0,1,0 : 456.363
1,1,0,1,0,1,1,1,1,0,0,1,1,0,1,0 : 414.737
1,1,1,1,0,1,1,1,1,1,0,0,1,0,1,0 : 407.757
1,1,0,1,0,0,1,1,1,0,1,0,1,1,0,0 : 256.32
1,1,1,0,0,0,0,0,1,0,1,0,1,1,0,0 : 246.487
1,1,1,0,0,0,1,0,1,0,0,1,1,1,0,0 : 247.693
1,0,0,0,0,1,1,1,1,0,1,0,1,0,0,1 : 510.857
1,1,1,0,0,0,0,0,1,1,0,0,1,1,0,0 : 244.23
1,0,1,0,1,1,1,0,1,1,0,0,1,0,1,0 : 482.59
1,1,0,1,1,0,0,1,1,0,1,0,1,0,1,0 : 493.893
1,1,1,1,0,0,1,0,1,0,1,0,1,1,0,0 : 246.273
1,1,1,1,0,1,1,1,1,1,0,0,1,1,0,0 : 275.407
1,1,0,1,1,0,1,0,1,0,0,1,1,0,0,1 : 616.97
1,1,1,0,0,0,1,1,1,0,0,1,1,1,0,0 : 247.693
1,1,0,1,0,0,1,1,1,0,1,0,1,0,1,0 : 368.63
1,1,1,0,0,0,0,1,1,0,0,1,1,1,0,0 : 247.507
1,1,1,1,0,1,1,1,1,0,1,0,1,1,0,0 : 275.407
1,1,1,1,0,0,1,1,1,0,1,0,1,1,0,0 : 246.273
1,1,0,0,0,0,1,1,1,1,0,0,1,0,1,0 : 367.543
1,1,1,1,0,0,0,1,1,0,1,0,1,1,0,0 : 246.273
1,0,0,1,0,0,1,1,1,0,0,1,1,0,1,0 : 380.147
1,1,1,1,0,0,0,0,1,0,0,1,1,1,0,0 : 247.483
1,1,1,1,0,0,0,0,1,1,0,0,1,1,0,0 : 244.23
1,1,0,1,0,0,1,1,1,0,1,0,1,0,0,1 : 510.857
1,1,1,1,0,0,0,1,1,0,1,0,1,1,0,0 : 246.273
1,1,0,1,0,0,0,0,1,0,0,1,1,1,0,0 : 257.407
1,1,1,0,1,0,0,0,1,1,0,0,1,1,0,0 : 249.497
1,1,0,0,0,1,1,1,1,0,0,1,1,1,0,0 : 287.037
1,1,1,1,1,0,0,0,1,0,0,1,1,1,0,0 : 252.78
1,1,0,1,0,0,0,1,1,0,1,0,1,0,1,0 : 439.02
1,1,1,1,1,1,1,0,1,0,1,0,1,0,1,0 : 456.363
1,1,0,0,0,0,1,1,1,1,0,0,1,0,0,1 : 506.88
1,0,1,1,0,0,0,0,1,1,0,0,1,0,1,0 : 445.577
1,0,0,0,0,0,1,0,1,0,1,0,1,1,0,0 : 271.337
1,0,1,0,0,0,0,1,1,1,0,0,1,0,0,1 : 604.8869
1,0,0,0,0,1,1,0,1,0,1,0,1,0,1,0 : 432.757
1,1,0,1,0,1,1,0,1,1,0,0,1,0,0,1 : 490.473
1,0,1,0,1,1,1,0,1,0,1,0,1,1,0,0 : 295.62
1,1,1,0,1,0,0,0,1,1,0,0,1,0,1,0 : 491.687
1,0,0,0,0,0,0,1,1,0,0,1,1,0,0,1 : 604.8869
1,1,1,0,0,0,1,0,1,1,0,0,1,1,0,0 : 244.277
1,1,0,1,1,0,1,0,1,0,1,0,1,0,1,0 : 456.363
1,1,0,1,0,1,1,0,1,0,1,0,1,0,1,0 : 413.88
1,1,1,1,0,1,0,1,1,1,0,0,1,1,0,0 : 275.4529
1,0,0,0,0,0,1,0,1,1,0,0,1,1,0,0 : 268.17
1,0,1,0,0,0,1,0,1,0,0,1,1,1,0,0 : 263.363
1,1,0,0,1,0,1,1,1,0,0,1,1,1,0,0 : 263.207
1,1,1,0,0,0,1,1,1,0,0,1,1,1,0,0 : 247.693
1,0,1,1,0,0,1,0,1,1,0,0,1,0,0,1 : 490.473
1,1,0,1,0,0,0,1,1,0,0,1,1,1,0,0 : 257.45
1,1,0,0,0,0,1,1,1,0,1,0,1,1,0,0 : 256.32
1,1,1,0,0,0,0,0,1,1,0,0,1,1,0,0 : 244.23
1,1,1,1,0,0,1,0,1,0,1,0,1,0,0,1 : 490.473
1,0,0,0,0,0,1,1,1,1,0,0,1,0,1,0 : 380.147
1,1,1,1,1,1,0,0,1,0,0,1,1,1,0,0 : 279.15
1,1,1,0,1,0,1,1,1,0,1,0,1,0,0,1 : 610.957
1,1,1,1,0,1,1,0,1,1,0,0,1,0,1,0 : 407.757
1,1,1,0,0,0,1,1,1,0,0,1,1,0,1,0 : 363.56
1,1,1,0,0,0,1,0,1,1,0,0,1,0,0,1 : 490.473
1,1,0,1,0,0,1,0,1,1,0,0,1,1,0,0 : 254.033
1,1,0,0,1,1,1,0,1,0,1,0,1,0,1,0 : 456.363
1,1,1,1,0,1,0,1,1,0,1,0,1,1,0,0 : 275.4529
1,1,1,1,1,0,0,1,1,1,0,0,1,1,0,0 : 249.363
1,0,0,0,0,1,1,0,1,0,1,0,1,0,0,1 : 490.473
1,1,1,1,0,0,0,0,1,1,0,0,1,1,0,0 : 244.23
1,0,1,0,0,0,1,0,1,0,0,1,1,0,0,1 : 555.633
1,1,1,0,0,0,0,0,1,1,0,0,1,1,0,0 : 244.23
1,1,0,1,0,1,0,1,1,1,0,0,1,0,0,1 : 690.463
