1,1,1,0,1,0,0,1,1,1,0,0,1,1,0,0 : 249.607
1,1,1,0,1,0,0,1,1,1,0,0,1,1,0,0 : 249.607
1,1,1,0,1,0,0,1,1,1,0,0,1,1,0,0 : 249.607
1,1,1,0,1,0,0,1,1,1,0,0,1,1,0,0 : 249.607
1,1,1,0,1,0,0,1,1,1,0,0,1,1,0,0 : 249.607
1,1,1,0,1,0,0,1,1,1,0,0,1,1,0,0 : 249.607
1,1,0,1,0,0,0,0,1,0,0,1,1,1,0,0 : 257.407
1,1,0,1,0,0,0,0,1,0,0,1,1,1,0,0 : 257.407
1,1,0,1,0,0,0,0,1,0,0,1,1,1,0,0 : 257.407
1,1,0,1,0,0,0,0,1,0,0,1,1,1,0,0 : 257.407
1,1,0,1,0,0,0,0,1,0,0,1,1,1,0,0 : 257.407
1,1,0,1,0,0,0,0,1,0,0,1,1,1,0,0 : 257.407
1,1,0,0,0,0,1,1,1,0,0,1,1,1,0,0 : 258.113
1,1,0,0,0,0,1,1,1,0,0,1,1,1,0,0 : 258.113
1,0,1,0,0,0,0,0,1,1,0,0,1,1,0,0 : 260.38
1,0,1,0,0,0,0,0,1,1,0,0,1,1,0,0 : 260.38
1,0,1,1,0,0,0,0,1,0,1,0,1,1,0,0 : 262.233
1,0,1,1,0,0,0,0,1,0,1,0,1,1,0,0 : 262.233
1,0,1,1,0,0,0,0,1,0,1,0,1,1,0,0 : 262.233
1,0,1,1,0,0,0,0,1,0,1,0,1,1,0,0 : 262.233
1,1,0,0,1,0,1,1,1,0,0,1,1,1,0,0 : 263.207
1,1,0,0,1,0,1,1,1,0,0,1,1,1,0,0 : 263.207
1,1,0,0,1,0,1,1,1,0,0,1,1,1,0,0 : 263.207
1,1,0,0,1,0,1,1,1,0,0,1,1,1,0,0 : 263.207
1,1,0,0,1,0,1,1,1,0,0,1,1,1,0,0 : 263.207
1,1,0,0,1,0,1,1,1,0,0,1,1,1,0,0 : 263.207
1,1,0,0,1,0,1,1,1,0,0,1,1,1,0,0 : 263.207
1,1,0,0,1,0,1,1,1,0,0,1,1,1,0,0 : 263.207
1,0,0,1,0,0,0,0,1,0,0,1,1,1,0,0 : 271.337
1,0,0,1,0,0,0,0,1,0,0,1,1,1,0,0 : 271.337
1,0,0,1,0,0,0,0,1,0,0,1,1,1,0,0 : 271.337
1,0,0,1,0,0,0,0,1,0,0,1,1,1,0,0 : 271.337
1,0,0,1,1,0,0,0,1,0,0,1,1,1,0,0 : 275.373
1,0,0,1,1,0,0,0,1,0,0,1,1,1,0,0 : 275.373
1,0,0,0,1,0,1,0,1,0,0,1,1,1,0,0 : 279.097
1,0,0,0,1,0,1,1,1,1,0,0,1,1,0,0 : 279.097
1,0,0,0,1,0,1,1,1,0,0,1,1,1,0,0 : 279.097
1,0,0,0,1,0,1,0,1,1,0,0,1,1,0,0 : 279.097
1,0,0,0,1,0,1,1,1,0,0,1,1,1,0,0 : 279.097
1,0,0,0,1,0,1,0,1,1,0,0,1,1,0,0 : 279.097
1,0,0,0,1,0,1,0,1,1,0,0,1,1,0,0 : 279.097
1,0,0,0,1,0,1,1,1,0,0,1,1,1,0,0 : 279.097
1,0,0,0,1,0,1,0,1,1,0,0,1,1,0,0 : 279.097
1,0,0,0,1,0,1,0,1,1,0,0,1,1,0,0 : 279.097
1,0,0,0,1,0,1,0,1,0,0,1,1,1,0,0 : 279.097
1,0,0,0,1,0,1,1,1,1,0,0,1,1,0,0 : 279.097
1,0,0,0,1,0,1,1,1,0,0,1,1,1,0,0 : 279.097
1,0,0,0,1,0,1,0,1,1,0,0,1,1,0,0 : 279.097
1,0,0,0,1,0,1,1,1,0,0,1,1,1,0,0 : 279.097
1,0,0,0,1,0,1,0,1,1,0,0,1,1,0,0 : 279.097
1,0,0,0,1,0,1,0,1,1,0,0,1,1,0,0 : 279.097
1,0,0,0,1,0,1,1,1,0,0,1,1,1,0,0 : 279.097
1,0,0,0,1,0,1,0,1,1,0,0,1,1,0,0 : 279.097
1,0,0,0,1,0,1,0,1,1,0,0,1,1,0,0 : 279.097
1,1,0,0,0,1,1,1,1,0,1,0,1,1,0,0 : 287.037
1,1,0,0,0,1,1,1,1,0,1,0,1,1,0,0 : 287.037
1,1,0,0,0,1,1,1,1,0,1,0,1,1,0,0 : 287.037
1,1,0,0,0,1,0,1,1,0,1,0,1,1,0,0 : 287.037
1,1,0,0,0,1,1,1,1,0,1,0,1,1,0,0 : 287.037
1,1,0,0,0,1,1,1,1,0,1,0,1,1,0,0 : 287.037
1,1,0,0,0,1,1,1,1,0,1,0,1,1,0,0 : 287.037
1,1,0,0,0,1,0,1,1,0,1,0,1,1,0,0 : 287.037
1,1,0,0,0,1,1,0,1,0,1,0,1,1,0,0 : 287.05
1,1,0,0,0,1,0,0,1,0,1,0,1,1,0,0 : 287.05
1,1,0,0,0,1,1,0,1,0,1,0,1,1,0,0 : 287.05
1,1,0,0,0,1,1,0,1,0,1,0,1,1,0,0 : 287.05
1,1,0,0,0,1,0,0,1,0,1,0,1,1,0,0 : 287.05
1,1,0,0,0,1,1,0,1,0,1,0,1,1,0,0 : 287.05
1,0,1,1,0,1,1,1,1,0,0,1,1,1,0,0 : 295.683
1,0,1,1,0,1,1,1,1,0,0,1,1,1,0,0 : 295.683
1,0,1,0,0,1,1,1,1,0,0,1,1,1,0,0 : 295.683
1,0,1,1,0,1,1,1,1,0,0,1,1,1,0,0 : 295.683
1,0,1,1,0,1,1,1,1,0,0,1,1,1,0,0 : 295.683
1,0,1,0,0,1,1,1,1,0,0,1,1,1,0,0 : 295.683
1,0,1,0,0,1,0,1,1,0,0,1,1,1,0,0 : 299.85
1,0,1,1,0,1,0,1,1,0,1,0,1,1,0,0 : 299.85
1,0,1,0,0,1,0,1,1,0,0,1,1,1,0,0 : 299.85
1,0,1,0,0,1,0,1,1,0,0,1,1,1,0,0 : 299.85
1,0,1,1,0,1,0,1,1,0,1,0,1,1,0,0 : 299.85
1,0,1,0,0,1,0,1,1,0,0,1,1,1,0,0 : 299.85
1,0,0,1,0,1,1,1,1,0,1,0,1,1,0,0 : 310.283
1,0,0,1,0,1,1,1,1,0,1,0,1,1,0,0 : 310.283
1,0,0,1,0,1,1,1,1,0,1,0,1,1,0,0 : 310.283
1,0,0,1,0,1,1,1,1,0,1,0,1,1,0,0 : 310.283
1,0,0,0,0,1,0,1,1,0,1,0,1,1,0,0 : 310.317
1,0,0,0,1,1,0,0,1,0,1,0,1,1,0,0 : 310.317
1,0,0,0,1,1,0,0,1,0,1,0,1,1,0,0 : 310.317
1,0,0,1,1,1,0,0,1,0,1,0,1,1,0,0 : 310.317
1,0,0,0,1,1,0,0,1,0,1,0,1,1,0,0 : 310.317
1,0,0,0,1,1,0,0,1,0,1,0,1,1,0,0 : 310.317
1,0,0,0,0,1,0,1,1,0,1,0,1,1,0,0 : 310.317
1,0,0,0,1,1,0,0,1,0,1,0,1,1,0,0 : 310.317
1,0,0,0,1,1,0,0,1,0,1,0,1,1,0,0 : 310.317
1,0,0,1,1,1,0,0,1,0,1,0,1,1,0,0 : 310.317
1,0,0,0,1,1,0,0,1,0,1,0,1,1,0,0 : 310.317
1,0,0,0,1,1,0,0,1,0,1,0,1,1,0,0 : 310.317
1,1,1,0,0,0,1,1,1,0,0,1,1,0,1,0 : 363.56
1,1,1,0,0,0,1,1,1,0,0,1,1,0,1,0 : 363.56
1,1,0,1,0,0,1,1,1,0,1,0,1,0,1,0 : 368.63
1,1,0,1,0,0,1,1,1,0,1,0,1,0,1,0 : 368.63
