1,0,0,0,1,1,1,1,0,0,1,0,0,0,0,0,1,1,0,0,1,0,0,1,1,1,0,0,1,0,0,0,1,0,0,1,0,0,0 : 13.9312
1,1,0,1,1,0,1,0,0,1,1,0,1,0,1,0,1,1,0,1,1,1,0,0,0,1,1,0,0,1,0,1,1,0,0,0,1,0,0 : 13.5074
0,0,0,1,1,0,0,1,1,1,0,0,1,0,1,0,1,0,1,1,0,1,0,0,0,0,1,1,0,1,0,1,0,1,0,1,0,0,0 : 13.0344
0,0,0,0,1,0,0,0,1,0,1,0,0,0,0,0,1,1,0,0,1,0,1,1,0,1,0,0,0,0,1,0,1,1,0,0,1,0,1 : 13.1808
0,1,0,1,1,0,0,1,1,1,0,0,1,0,1,0,0,1,0,1,0,1,0,0,1,0,1,0,1,1,1,1,0,1,1,0,1,0,0 : 13.1354
1,1,0,0,0,0,0,0,1,1,1,1,0,1,0,0,0,1,1,0,0,1,1,1,0,0,0,0,1,1,1,0,1,0,1,0,0,0,1 : 13.1354
1,1,0,0,0,1,1,1,1,0,0,0,0,0,0,0,0,0,1,1,0,1,0,0,0,1,1,0,0,0,0,1,0,1,0,0,0,0,1 : 15.5349
0,0,0,0,0,0,1,1,1,0,0,1,0,0,1,1,1,0,0,1,1,0,1,0,0,1,1,1,0,0,1,0,1,0,0,1,0,1,0 : 13.1655
1,1,0,1,0,1,1,1,1,0,1,1,0,1,0,1,1,1,0,0,1,1,1,0,0,0,0,0,1,1,1,0,1,0,0,0,0,1,0 : 12.6877
0,0,0,0,1,0,0,0,0,0,1,1,0,1,1,0,0,0,1,1,1,0,1,0,0,1,0,0,0,1,1,0,1,0,0,1,1,1,0 : 13.0344
0,0,1,0,0,1,0,1,0,1,0,0,0,0,1,0,0,1,0,0,0,0,0,1,1,1,0,0,1,0,1,1,1,0,0,1,0,0,1 : 13.7542
1,1,0,1,1,1,0,0,0,1,0,0,1,1,1,1,1,0,1,1,0,1,0,0,0,1,1,1,1,0,0,0,0,0,1,1,0,0,0 : 16.3997
1,1,0,1,0,1,0,0,1,0,1,0,0,0,0,1,0,0,0,0,1,1,1,1,0,0,0,0,1,0,0,0,0,1,1,1,0,0,0 : 13.0854
1,0,0,0,0,1,1,0,0,1,0,0,0,0,1,1,1,1,1,1,1,0,0,0,0,1,1,0,0,0,1,0,0,1,0,0,1,0,0 : 13.1808
1,1,0,0,1,1,0,1,0,0,0,0,0,0,0,0,0,1,0,1,0,0,1,1,0,0,0,0,1,1,0,0,0,0,1,0,1,0,0 : 13.1554
0,1,1,0,1,0,0,0,0,0,0,0,1,0,0,1,1,0,0,0,0,1,0,1,0,0,0,0,0,1,0,1,1,0,0,0,0,1,1 : 13.0344
0,1,0,1,0,0,0,1,0,0,1,0,0,1,1,0,1,1,1,1,1,0,1,1,0,0,1,0,0,1,1,1,1,0,0,1,1,0,1 : 12.6877
1,1,0,0,0,0,1,0,0,0,1,0,0,0,1,1,1,1,1,0,1,0,0,0,0,1,0,0,1,1,0,0,0,1,0,0,1,0,1 : 12.7358
1,1,0,0,0,1,0,0,0,0,0,0,1,0,1,1,1,0,1,1,0,0,0,0,0,0,1,0,0,0,1,0,0,1,0,1,1,0,0 : 13.0896
1,1,1,0,0,0,1,1,0,1,1,0,0,1,1,1,1,1,0,1,1,0,0,0,0,0,0,0,0,1,0,0,1,0,0,0,1,1,1 : 12.7358
0,1,0,0,0,1,1,0,0,1,1,1,1,0,0,1,0,1,1,1,1,0,0,1,0,1,1,0,1,0,0,0,0,0,0,0,1,1,0 : 16.5638
0,1,0,0,1,1,0,1,0,0,0,1,1,0,0,1,0,1,1,0,1,1,0,0,0,0,0,0,1,0,1,1,1,0,0,1,1,1,1 : 13.1354
0,1,0,1,1,0,1,0,0,1,1,1,1,0,1,0,1,1,0,0,1,0,0,0,1,1,0,0,0,1,1,0,0,1,0,1,1,1,0 : 13.2484
0,1,0,1,1,1,0,1,1,1,1,0,0,0,1,1,0,1,0,1,1,1,1,1,0,0,1,0,1,1,0,1,0,1,0,0,1,1,0 : 13.1354
0,0,0,1,1,0,0,1,1,1,1,0,1,0,0,1,1,1,0,1,1,1,0,1,0,0,0,0,0,0,0,1,1,0,0,1,0,1,0 : 13.1808
0,1,0,0,1,0,0,1,0,1,0,0,0,0,0,0,1,0,0,1,0,0,0,1,0,1,0,0,1,1,1,0,1,0,0,1,0,1,0 : 13.0344
0,0,0,1,0,0,0,0,1,0,1,1,0,0,0,1,1,1,1,1,1,1,0,0,0,1,1,0,1,0,0,0,1,0,1,0,1,0,0 : 13.9312
0,0,0,0,0,1,0,1,1,0,0,0,1,1,0,1,0,0,1,1,0,0,0,0,1,0,1,0,1,0,1,0,1,0,1,0,1,0,0 : 13.0896
0,0,0,1,1,0,1,1,1,0,0,0,1,1,0,0,0,0,0,0,1,1,0,1,0,1,1,0,1,0,0,1,0,1,0,1,0,1,0 : 15.5349
0,0,0,1,0,0,1,1,0,0,1,0,1,0,1,1,1,0,0,1,1,0,1,0,0,1,1,0,1,0,0,0,1,0,0,1,1,1,1 : 13.1655
0,1,0,1,1,0,1,0,0,1,1,0,1,0,1,0,0,0,0,0,0,0,0,0,0,0,1,1,0,0,1,0,1,0,0,0,1,1,1 : 14.1838
0,0,1,0,0,0,1,1,0,1,0,0,1,0,0,1,1,0,0,0,0,0,1,0,0,1,0,0,0,1,1,0,0,1,0,1,0,1,1 : 15.645
0,0,0,0,1,0,1,0,0,1,1,1,0,1,0,0,1,0,1,1,0,1,0,1,0,1,0,1,0,0,1,0,0,0,1,1,0,0,0 : 16.0932
0,0,0,0,1,1,1,0,1,1,1,0,1,1,1,0,0,1,1,0,0,1,0,0,0,0,1,1,0,0,1,0,1,1,0,0,0,1,1 : 13.5167
1,0,0,1,0,1,1,0,1,0,0,0,0,0,0,1,1,0,0,0,0,0,1,1,1,1,0,0,1,1,1,0,0,1,0,0,1,0,0 : 15.092
0,1,0,1,0,0,0,0,1,1,1,0,1,1,1,1,0,0,1,0,1,1,0,0,0,1,0,0,0,0,1,0,1,1,1,0,1,0,0 : 13.0713
1,0,0,0,1,1,0,1,1,1,1,1,1,1,0,1,1,0,0,0,0,0,1,0,1,0,1,0,1,0,0,0,1,0,0,0,0,0,1 : 13.1747
0,1,0,1,1,0,0,0,0,1,1,1,0,0,0,1,1,0,0,1,1,1,0,1,0,1,0,0,1,1,0,0,0,1,0,0,0,0,1 : 13.0344
0,1,0,0,0,0,0,0,0,1,1,0,0,0,1,0,0,1,1,0,0,1,1,0,0,0,1,0,1,0,0,1,0,1,0,1,0,0,0 : 13.1354
0,1,0,0,0,0,0,0,1,1,1,0,1,1,0,1,1,1,0,0,1,1,1,1,0,0,0,0,0,1,0,0,1,0,0,1,0,0,1 : 12.7139
0,1,1,0,0,1,0,1,0,1,1,0,0,1,1,1,0,1,0,0,0,0,1,1,0,0,0,0,0,0,0,0,1,0,0,1,0,1,1 : 16.0056
0,0,0,0,0,1,1,0,1,1,0,1,0,1,1,1,0,0,1,1,0,0,0,0,1,0,1,0,1,1,0,1,0,1,0,1,0,1,0 : 14.8157
1,0,0,0,0,0,1,0,1,1,1,0,0,0,0,1,1,1,1,1,1,0,0,1,0,1,1,1,0,0,1,0,1,1,1,1,0,0,0 : 13.1808
0,1,0,1,0,0,0,0,0,1,1,0,1,0,1,1,0,1,1,1,1,1,0,0,0,0,0,0,1,0,1,0,0,0,0,1,1,0,1 : 13.1354
1,0,0,1,1,0,1,1,0,0,0,0,0,1,0,1,1,0,1,1,0,0,0,1,1,0,1,0,1,0,1,0,1,1,0,0,0,0,0 : 13.2813
0,0,1,0,1,0,0,0,0,0,1,1,1,0,0,0,1,1,0,1,1,1,1,0,0,0,1,1,0,0,1,0,0,0,1,0,0,1,0 : 13.1808
0,0,0,0,1,0,0,0,0,1,0,0,0,0,0,1,1,0,1,1,1,0,0,1,0,0,1,1,0,1,0,0,1,0,0,0,1,1,1 : 13.0344
1,0,1,0,0,1,0,1,1,1,0,1,0,0,1,0,1,0,0,0,0,0,1,1,1,0,1,0,1,0,1,0,0,0,0,1,1,1,0 : 13.0854
1,0,0,1,1,1,0,0,1,0,0,0,0,0,0,1,0,0,0,1,1,0,1,1,1,1,0,1,1,0,0,0,1,1,0,0,0,1,1 : 16.4438
0,1,0,0,0,0,0,1,0,1,0,0,1,1,0,0,0,0,0,1,1,0,0,0,1,1,0,0,1,0,0,1,0,1,0,0,1,1,0 : 13.3081
0,0,0,1,1,0,0,1,0,0,1,1,0,1,0,0,0,1,0,1,0,0,1,0,1,1,0,0,0,0,1,0,1,0,0,1,1,1,0 : 13.8794
0,1,0,1,1,1,0,1,0,1,0,1,0,1,1,0,1,0,0,1,0,1,1,0,1,0,1,0,1,0,1,0,0,0,0,0,0,0,0 : 13.1747
1,1,0,0,0,0,1,1,1,1,1,0,0,0,1,0,1,0,1,1,0,1,0,1,0,0,1,0,1,1,0,0,1,0,1,0,0,1,0 : 13.4618
0,1,0,1,0,0,0,1,0,0,1,0,0,0,1,1,1,1,0,1,1,1,0,0,1,0,1,0,0,1,0,0,0,0,0,0,1,1,0 : 12.6877
0,0,0,0,1,0,0,1,1,0,0,1,0,0,0,0,1,1,1,1,1,0,0,0,0,1,1,1,0,0,1,0,1,1,0,1,0,1,1 : 13.1808
0,1,0,1,1,0,0,0,1,1,0,0,1,1,1,0,1,1,1,1,1,1,0,1,0,0,0,1,0,1,0,0,0,0,0,0,0,1,1 : 13.0451
1,0,0,0,1,1,1,1,0,0,1,1,0,0,1,1,0,1,0,0,0,1,0,0,0,0,0,0,1,1,1,1,0,1,0,1,0,1,1 : 13.8795
0,1,0,1,1,1,1,0,0,0,0,0,1,1,0,0,0,1,0,1,1,1,0,0,0,1,1,0,0,1,0,0,1,1,0,1,0,0,0 : 16.0462
0,1,0,0,0,0,1,0,0,0,0,0,1,1,0,1,1,0,0,1,1,1,0,1,0,0,0,0,0,1,1,1,0,1,0,1,1,1,0 : 14.8157
1,0,0,1,0,1,1,1,0,1,1,1,1,1,0,1,1,1,1,0,1,0,0,0,1,1,0,0,0,1,1,0,1,1,0,1,0,0,1 : 13.1808
0,0,0,0,0,1,1,0,0,0,0,1,1,1,0,1,1,1,0,1,1,0,1,1,0,1,1,0,0,0,1,0,0,1,0,0,1,1,1 : 13.1808
1,0,0,1,0,1,0,0,1,0,1,1,0,0,1,1,1,0,1,0,1,1,0,0,1,0,1,0,0,1,1,0,0,0,0,0,1,1,1 : 13.0896
1,0,0,0,1,0,0,1,1,1,0,1,0,0,0,0,1,0,0,0,0,0,1,1,0,0,0,0,0,1,0,0,0,0,0,1,1,1,1 : 13.0344
0,1,0,1,1,1,0,1,1,1,1,0,0,1,1,0,0,1,1,0,0,1,0,0,0,1,0,1,0,1,0,1,1,0,0,0,1,1,0 : 13.9444
0,0,0,1,0,1,1,1,1,1,0,0,1,1,0,0,0,0,1,0,0,1,0,1,0,0,0,0,1,0,1,0,1,1,1,1,0,0,0 : 13.4618
1,1,0,0,0,1,1,0,0,1,1,0,1,1,0,1,1,1,1,0,1,0,1,1,0,1,1,0,1,1,1,0,0,0,0,0,0,0,0 : 13.3568
0,1,0,1,0,0,1,0,1,0,1,0,0,0,0,1,1,0,0,1,1,1,0,1,0,0,0,0,1,0,0,0,0,0,0,1,1,1,1 : 14.8157
1,1,1,0,0,1,0,0,0,1,0,0,0,0,1,0,0,1,1,1,0,0,0,0,0,1,0,0,1,0,0,0,1,0,0,0,1,1,1 : 16.3679
1,0,0,0,1,0,1,0,1,1,1,1,1,1,1,1,0,1,1,1,0,0,0,0,0,0,1,0,0,0,0,1,1,0,0,0,1,0,0 : 13.5167
1,0,1,0,1,0,0,0,0,0,1,0,1,1,0,0,1,1,0,1,1,0,0,0,0,1,0,1,0,1,0,0,0,1,0,1,1,1,0 : 13.1808
0,1,0,0,1,0,0,0,0,0,1,0,0,1,0,0,1,0,1,1,1,1,0,0,1,1,0,1,0,1,0,0,1,1,0,0,0,1,1 : 13.0344
0,1,0,1,1,1,1,0,0,0,1,1,0,0,0,0,1,1,0,1,1,0,0,1,0,1,0,0,1,1,0,0,1,0,0,1,0,0,1 : 12.6877
1,0,0,0,1,1,1,0,1,0,1,1,0,0,0,1,0,0,0,0,1,0,0,0,1,1,0,0,0,1,1,0,1,0,1,0,0,0,1 : 15.645
1,0,0,1,0,1,0,1,1,1,1,1,0,1,1,0,0,1,0,1,0,0,0,1,0,1,0,0,1,0,0,0,1,0,0,1,0,0,1 : 13.7542
1,1,0,1,1,1,0,0,0,0,0,1,1,0,1,0,0,1,0,1,0,1,1,0,0,1,1,0,1,1,1,1,1,0,0,1,1,0,0 : 13.9444
1,0,1,0,0,0,1,1,1,1,0,1,1,0,1,0,1,1,0,1,1,1,0,0,0,1,0,0,0,0,1,0,0,0,0,1,1,0,0 : 13.1808
1,0,0,0,1,1,0,0,1,1,1,1,0,0,0,0,0,0,1,1,1,0,0,1,0,0,1,0,1,1,0,1,0,1,0,1,0,1,1 : 14.0173
1,0,0,1,0,0,0,1,1,0,1,1,1,0,0,1,1,0,0,1,1,0,0,0,1,0,1,0,0,1,1,0,0,0,0,0,0,0,1 : 15.7392
0,0,0,0,0,1,1,1,0,0,0,1,1,1,1,0,0,0,0,1,1,0,1,1,0,1,1,0,0,0,1,0,1,0,0,0,0,0,0 : 15.9379
0,0,0,1,0,1,0,1,0,0,1,0,1,0,0,0,0,0,1,1,1,0,0,0,0,0,1,0,0,1,1,1,0,1,0,1,0,1,1 : 13.0896
0,0,0,1,0,1,1,1,1,0,0,1,0,1,1,0,0,1,0,1,0,0,1,1,1,0,1,1,1,0,0,0,1,0,0,1,0,1,1 : 13.5167
1,1,1,1,0,0,0,0,1,1,1,0,0,1,1,0,1,0,0,0,0,0,1,0,0,0,0,0,1,0,1,0,1,0,0,1,0,1,0 : 15.9477
0,1,0,1,0,1,0,0,1,0,0,0,1,0,0,1,1,0,1,0,1,1,0,1,0,0,0,0,0,1,1,0,0,1,1,0,0,1,0 : 13.0896
0,0,1,0,1,0,0,0,1,0,1,1,1,1,1,0,1,1,1,1,1,0,1,0,0,1,1,0,0,1,1,0,0,0,0,1,1,0,1 : 13.1808
1,1,0,1,1,0,0,1,1,1,1,0,1,0,1,1,1,0,0,0,1,1,0,1,1,0,1,0,1,1,1,1,0,1,0,1,1,0,0 : 13.0344
0,1,0,1,1,0,1,0,0,1,1,0,1,1,1,1,1,1,1,0,1,1,1,0,0,0,0,0,0,1,1,0,1,1,0,0,0,1,1 : 13.0451
1,1,0,0,0,1,0,1,0,0,0,1,0,1,1,0,0,1,0,1,1,1,0,0,1,0,1,0,1,0,1,0,0,0,0,0,0,1,0 : 13.1354
0,0,1,0,1,0,0,0,1,0,0,0,0,1,1,0,0,0,1,0,1,0,1,0,1,0,1,0,0,1,0,0,0,1,1,0,0,0,1 : 13.0344
0,0,1,0,0,0,1,0,0,1,0,0,0,1,1,1,1,0,0,1,0,1,0,1,1,0,1,0,0,0,0,0,1,0,0,0,0,0,0 : 13.2813
0,0,0,0,1,0,1,1,1,0,1,1,1,1,1,1,1,0,1,1,0,1,0,0,0,0,0,0,1,0,0,0,1,1,0,1,0,0,1 : 14.1838
0,0,0,0,0,1,1,1,1,0,1,0,1,0,1,1,0,1,0,0,0,1,1,0,0,0,1,0,0,0,0,0,1,0,0,0,1,1,1 : 13.5167
1,0,0,1,0,1,0,1,1,1,1,0,0,0,1,1,1,1,0,1,1,0,0,0,0,1,0,0,1,1,1,0,0,1,0,1,1,1,0 : 13.9312
0,1,0,1,0,0,0,0,0,1,0,1,0,0,1,1,0,1,0,0,0,1,1,0,0,1,0,1,0,0,1,0,0,0,0,1,0,1,0 : 13.9444
1,0,0,0,1,1,1,1,0,1,1,0,0,1,0,0,1,0,0,1,1,1,0,1,1,0,1,0,1,0,1,0,1,0,0,0,1,1,1 : 14.1838
1,1,0,0,1,1,0,1,0,1,1,0,0,1,1,0,0,1,1,0,0,1,0,1,0,1,0,0,1,1,0,1,0,1,0,0,0,0,0 : 13.9444
1,1,0,1,1,1,1,0,1,0,1,1,1,1,0,1,1,0,0,1,1,1,0,0,0,1,1,0,0,1,1,0,1,0,0,1,1,0,1 : 15.092
1,1,0,1,0,0,0,0,1,0,1,0,1,0,1,1,1,1,0,1,1,0,0,0,0,1,1,1,0,1,0,0,1,0,0,0,0,0,1 : 13.3449
0,0,0,0,1,1,0,1,1,1,0,0,1,1,0,0,1,0,0,1,0,0,0,0,1,1,0,0,1,1,1,0,1,0,0,1,1,0,1 : 15.6587
0,0,0,0,0,0,0,0,0,0,0,1,1,0,0,0,0,0,1,1,0,1,0,0,0,0,0,0,0,1,1,0,0,0,0,0,1,1,0 : 13.119
1,1,0,0,0,0,1,1,1,0,1,0,1,1,0,0,0,0,0,1,1,0,0,0,0,0,1,0,0,1,1,0,0,1,0,0,1,1,1 : 14.8157
