1,0,0,1,1,0,0,1,0,1,0 : 209.84
1,0,0,0,1,0,0,1,1,1,0 : 199.6833
1,0,0,0,0,1,1,0,1,0,0 : 203.9766
1,0,0,0,0,0,1,1,1,1,1 : 215.6066
1,0,0,0,1,0,0,1,0,1,0 : 199.6833
1,0,0,0,0,0,1,1,1,0,1 : 216.2233
1,0,0,0,1,0,0,1,0,1,0 : 199.6833
1,0,0,0,1,0,1,0,1,1,0 : 202.68
1,0,0,0,1,0,0,0,1,1,0 : 199.6833
1,0,0,0,0,0,0,0,0,1,0 : 199.6833
1,0,0,0,1,0,0,0,0,0,0 : 201.5466
1,0,0,0,1,0,0,1,0,1,0 : 199.6833
1,0,0,0,1,0,0,1,0,1,0 : 199.6833
1,0,0,0,1,0,0,0,1,1,0 : 199.6833
1,0,0,0,1,1,0,0,0,1,0 : 200.38
1,0,0,0,1,0,0,1,0,1,0 : 199.6833
1,0,0,0,0,0,0,0,0,1,0 : 199.6833
1,1,0,0,1,0,0,0,0,0,0 : 219.1533
1,0,0,0,0,0,0,0,0,0,0 : 201.1533
1,0,0,0,0,0,1,0,0,1,0 : 200.66
1,0,0,0,0,0,0,1,1,1,0 : 199.6833
1,0,0,0,0,0,0,1,0,1,0 : 199.6833
1,0,0,0,0,0,0,0,1,1,0 : 199.6833
1,0,0,0,0,1,0,0,1,0,0 : 203.9333
1,0,0,0,1,0,0,0,1,1,0 : 199.6833
1,0,0,0,1,1,0,0,1,1,0 : 200.38
1,0,0,0,0,0,0,0,0,1,0 : 199.6833
1,0,0,0,1,0,0,1,1,1,0 : 199.6833
1,0,0,0,0,0,0,0,0,0,0 : 201.1533
1,0,0,1,0,0,0,0,0,0,0 : 207.7466
1,1,0,0,0,1,0,1,1,1,1 : 230.2366
1,0,0,0,0,0,0,1,1,1,0 : 199.6833
1,0,0,0,0,1,0,0,0,1,0 : 200.38
1,0,0,0,1,1,1,0,1,0,0 : 205.7066
1,0,0,0,0,0,1,1,0,1,0 : 200.66
1,0,0,1,0,0,0,1,1,0,0 : 208.37
1,0,0,0,1,0,0,0,1,1,0 : 199.6833
1,0,0,0,0,0,0,1,1,1,0 : 199.6833
1,0,0,0,0,0,1,0,0,1,0 : 200.66
1,0,0,0,1,0,0,0,1,1,0 : 199.6833
1,0,0,0,0,0,0,1,0,1,0 : 199.6833
1,0,0,0,0,0,0,0,1,1,0 : 199.6833
1,0,0,0,0,0,0,1,1,1,0 : 199.6833
1,0,0,0,0,0,0,1,1,0,0 : 199.9533
1,0,0,0,0,0,0,0,1,1,0 : 199.6833
1,1,0,1,0,0,0,0,1,0,0 : 233.6666
1,0,0,0,1,0,0,1,0,1,0 : 199.6833
1,0,1,1,1,1,1,0,1,1,0 : 223.52
1,0,0,0,1,1,0,1,0,1,0 : 201.9733
1,0,0,0,0,0,0,1,1,0,0 : 199.9533
1,0,0,0,0,0,0,1,1,1,0 : 199.6833
1,1,0,0,1,1,0,0,1,1,0 : 223.0133
1,0,0,0,1,1,0,1,0,1,1 : 215.1833
1,0,0,0,1,0,0,1,1,1,0 : 199.6833
1,0,0,0,0,0,0,0,0,1,0 : 199.6833
1,0,0,0,0,0,0,0,1,1,0 : 199.6833
1,0,1,0,0,0,0,1,1,0,0 : 217.2866
1,0,0,0,1,0,0,0,1,1,0 : 199.6833
1,0,0,0,1,1,0,1,1,0,0 : 202.9366
1,0,0,0,1,0,0,0,0,1,0 : 199.6833
1,1,0,0,1,0,1,0,1,1,1 : 232.18
1,1,0,1,0,1,1,1,0,0,1 : 237.3466
1,0,0,0,0,0,0,0,0,1,1 : 212.4466
1,1,0,1,0,0,0,0,0,1,1 : 241.7766
1,0,0,0,0,1,0,0,1,0,0 : 203.9333
1,0,0,0,1,0,0,0,1,1,0 : 199.6833
1,0,0,0,1,0,0,1,0,1,0 : 199.6833
1,0,0,0,0,1,0,0,1,1,0 : 200.38
1,0,0,0,1,1,0,1,0,0,0 : 202.9366
1,0,0,0,1,0,0,0,1,1,0 : 199.6833
1,0,0,0,0,1,1,1,0,1,1 : 214.6533
1,0,0,0,0,0,0,0,1,1,0 : 199.6833
1,0,0,0,1,0,0,0,0,1,0 : 199.6833
1,0,0,0,1,0,0,0,1,1,0 : 199.6833
1,0,0,0,1,0,0,1,1,1,0 : 199.6833
1,0,0,0,0,1,0,1,0,1,0 : 201.9733
1,0,0,0,1,0,0,0,1,1,0 : 199.6833
1,0,0,1,0,0,0,1,1,1,0 : 210.2366
1,0,0,0,0,0,0,0,0,1,0 : 199.6833
1,0,0,0,1,0,0,1,1,0,1 : 213.9966
1,0,0,0,1,1,1,0,1,0,0 : 205.7066
1,0,1,0,0,0,1,0,0,1,0 : 218.89
1,0,0,0,0,0,0,0,1,1,0 : 199.6833
1,0,0,0,1,1,0,1,1,1,0 : 201.9733
1,0,0,0,1,0,0,0,1,0,0 : 201.5466
1,0,0,0,1,1,0,0,1,1,0 : 200.38
1,1,0,0,0,0,0,0,1,1,0 : 219.1533
1,0,0,1,0,0,0,0,1,0,0 : 208.37
1,0,0,0,1,0,0,1,0,1,0 : 199.6833
1,0,0,0,0,0,0,0,0,1,0 : 199.6833
1,0,0,0,0,0,0,1,1,0,0 : 199.9533
1,0,0,0,1,0,1,1,1,0,0 : 205.7066
1,0,0,1,0,0,0,0,1,0,0 : 208.37
1,0,0,0,0,0,0,0,1,1,0 : 199.6833
1,0,0,0,1,0,0,0,1,1,0 : 199.6833
1,0,0,0,0,0,0,0,1,1,0 : 199.6833
1,0,0,1,0,0,1,0,1,0,0 : 210.7066
1,0,0,0,1,0,0,1,1,1,0 : 199.6833
1,0,0,0,1,0,0,1,0,1,1 : 215.1833
1,0,0,0,0,0,0,1,1,1,0 : 199.6833
