1,1,1,0,1,0,1,0,1,0,1,0,1,0,1,0 : 456.363
1,1,1,0,1,1,1,1,1,1,0,0,1,0,1,0 : 456.363
1,1,0,1,0,0,1,0,1,0,1,0,1,0,0,1 : 490.473
1,1,1,1,0,0,1,1,1,1,0,0,1,0,1,0 : 361.7029
1,1,1,0,1,0,0,0,1,1,0,0,1,1,0,0 : 249.497
1,0,0,0,0,0,0,0,1,0,1,0,1,1,0,0 : 271.337
1,1,1,1,0,1,0,0,1,0,0,1,1,1,0,0 : 275.4529
1,1,0,0,0,0,1,0,1,1,0,0,1,0,0,1 : 490.473
1,1,0,0,0,0,1,0,1,0,0,1,1,1,0,0 : 258.113
1,1,1,0,0,0,0,1,1,1,0,0,1,1,0,0 : 244.303
1,0,0,1,0,0,0,1,1,0,1,0,1,0,1,0 : 439.02
1,0,0,0,0,0,0,0,1,0,0,1,1,1,0,0 : 271.337
1,1,1,0,0,1,1,1,1,0,1,0,1,1,0,0 : 275.973
1,0,1,0,0,0,1,0,1,0,1,0,1,0,0,1 : 490.473
1,1,1,1,0,1,1,0,1,0,0,1,1,0,0,1 : 555.633
1,1,1,1,0,0,1,1,1,0,0,1,1,0,1,0 : 363.56
1,1,1,1,0,0,1,1,1,1,0,0,1,0,1,0 : 361.7029
1,1,1,0,0,1,1,0,1,1,0,0,1,1,0,0 : 275.923
1,1,0,0,0,1,1,0,1,1,0,0,1,0,0,1 : 490.473
1,1,1,0,0,0,0,0,1,0,1,0,1,1,0,0 : 246.487
1,0,0,1,0,0,1,0,1,0,1,0,1,0,0,1 : 490.473
1,0,0,0,0,0,0,1,1,0,0,1,1,0,0,1 : 604.8869
1,0,1,1,0,0,0,1,1,0,1,0,1,1,0,0 : 262.233
1,1,0,0,1,0,1,1,1,0,1,0,1,0,1,0 : 456.363
1,1,0,1,0,0,1,1,1,0,0,1,1,0,1,0 : 369.617
1,1,1,1,0,0,1,1,1,1,0,0,1,1,0,0 : 244.353
1,1,0,0,1,0,1,0,1,0,0,1,1,1,0,0 : 263.207
1,1,1,1,0,1,1,0,1,1,0,0,1,0,0,1 : 490.473
1,0,0,1,0,0,1,1,1,1,0,0,1,0,1,0 : 380.147
1,1,0,1,0,1,1,0,1,0,0,1,1,1,0,0 : 286.353
1,1,1,0,0,0,1,0,1,0,1,0,1,0,1,0 : 364.76
1,1,1,0,0,0,0,1,1,0,1,0,1,1,0,0 : 246.41
1,1,1,0,0,0,0,0,1,0,1,0,1,1,0,0 : 246.487
1,1,0,1,1,1,1,1,1,0,0,1,1,0,1,0 : 433.913
1,1,1,1,0,0,1,0,1,1,0,0,1,0,1,0 : 362.037
1,1,1,1,0,0,1,1,1,0,1,0,1,0,1,0 : 363.56
1,1,1,0,0,0,0,1,1,0,1,0,1,1,0,0 : 246.41
1,1,1,1,0,0,1,1,1,0,0,1,1,1,0,0 : 247.537
1,0,0,0,0,1,1,1,1,0,1,0,1,0,0,1 : 510.857
1,0,1,0,0,1,1,1,1,1,0,0,1,0,0,1 : 506.88
1,1,1,0,1,1,1,0,1,1,0,0,1,0,1,0 : 456.363
1,1,0,1,1,0,1,1,1,0,1,0,1,0,1,0 : 456.363
1,0,1,1,0,0,1,1,1,0,0,1,1,1,0,0 : 263.363
1,1,0,1,0,0,1,0,1,1,0,0,1,0,0,1 : 490.473
1,0,0,1,0,1,1,1,1,1,0,0,1,0,0,1 : 506.88
1,1,1,0,0,0,1,1,1,0,0,1,1,1,0,0 : 247.693
1,1,0,1,0,0,1,1,1,1,0,0,1,1,0,0 : 254.033
1,1,1,0,0,0,0,1,1,0,0,1,1,1,0,0 : 247.507
1,1,1,1,0,0,1,1,1,0,1,0,1,0,0,1 : 510.857
1,1,1,0,0,0,1,0,1,0,1,0,1,1,0,0 : 246.543
1,1,0,0,1,1,1,1,1,1,0,0,1,0,1,0 : 456.363
1,1,0,1,0,0,1,1,1,1,0,0,1,1,0,0 : 254.033
1,0,1,1,0,0,1,1,1,0,0,1,1,0,1,0 : 380.18
1,0,1,0,0,0,0,1,1,1,0,0,1,1,0,0 : 260.38
1,1,0,1,0,0,1,1,1,1,0,0,1,1,0,0 : 254.033
1,1,0,1,0,0,1,1,1,0,1,0,1,0,0,1 : 510.857
1,1,1,0,1,0,0,0,1,0,0,1,1,1,0,0 : 252.963
1,1,0,1,0,0,0,0,1,0,0,1,1,1,0,0 : 257.407
1,0,1,0,1,0,0,0,1,1,0,0,1,1,0,0 : 266.67
1,1,0,1,0,0,1,1,1,0,0,1,1,1,0,0 : 257.5299
1,0,0,1,0,0,1,0,1,0,0,1,1,1,0,0 : 271.337
1,1,1,1,0,0,1,1,1,0,0,1,1,0,1,0 : 363.56
1,1,0,0,1,1,1,0,1,1,0,0,1,0,1,0 : 456.363
1,1,1,1,0,0,0,0,1,1,0,0,1,0,0,1 : 607.927
1,1,1,1,1,0,0,1,1,1,0,0,1,0,1,0 : 491.687
1,1,0,0,0,0,0,1,1,0,1,0,1,1,0,0 : 256.32
1,1,0,0,0,0,1,1,1,1,0,0,1,0,0,1 : 506.88
1,0,1,0,0,0,0,0,1,0,1,0,1,1,0,0 : 262.233
1,1,1,0,0,1,0,0,1,1,0,0,1,0,0,1 : 680.727
1,1,1,1,1,0,1,1,1,0,1,0,1,1,0,0 : 251.637
1,1,1,0,0,1,1,1,1,1,0,0,1,0,1,0 : 407.757
1,1,0,0,0,0,0,1,1,0,0,1,1,1,0,0 : 257.927
1,1,1,0,0,0,1,0,1,1,0,0,1,1,0,0 : 244.277
1,0,1,1,0,0,0,1,1,0,1,0,1,0,1,0 : 439.02
1,1,0,0,0,0,1,0,1,0,1,0,1,0,0,1 : 490.473
1,1,1,0,0,0,1,1,1,1,0,0,1,1,0,0 : 244.333
1,0,1,1,0,0,1,0,1,1,0,0,1,1,0,0 : 259.807
1,1,1,1,0,0,0,0,1,0,0,1,1,1,0,0 : 247.483
1,1,0,1,0,0,1,1,1,0,0,1,1,1,0,0 : 257.5299
1,1,1,1,0,1,1,1,1,0,0,1,1,1,0,0 : 275.407
1,1,1,1,0,0,1,0,1,1,0,0,1,0,0,1 : 490.473
1,1,0,1,0,0,1,1,1,0,1,0,1,1,0,0 : 256.32
1,1,0,0,0,0,1,1,1,0,1,0,1,0,1,0 : 368.63
1,0,1,0,0,0,0,1,1,1,0,0,1,1,0,0 : 260.38
1,0,1,0,0,0,0,0,1,0,1,0,1,0,0,1 : 604.8869
1,1,0,0,0,0,1,1,1,1,0,0,1,0,1,0 : 367.543
1,1,0,0,0,0,1,1,1,0,0,1,1,1,0,0 : 258.113
1,1,1,0,1,0,1,1,1,0,1,0,1,0,0,1 : 610.957
1,1,1,0,0,0,1,1,1,1,0,0,1,1,0,0 : 244.333
1,0,1,0,0,1,1,1,1,0,0,1,1,1,0,0 : 295.683
1,0,1,1,0,0,0,1,1,1,0,0,1,0,0,1 : 607.7
1,1,1,0,0,0,0,1,1,1,0,0,1,1,0,0 : 244.303
1,1,0,0,1,0,1,1,1,0,1,0,1,0,0,1 : 610.957
1,1,1,1,0,1,1,1,1,0,1,0,1,0,1,0 : 408.073
1,0,1,1,0,0,0,0,1,1,0,0,1,1,0,0 : 259.807
1,0,1,1,0,1,1,0,1,0,0,1,1,0,0,1 : 555.633
1,1,1,0,0,0,0,0,1,1,0,0,1,1,0,0 : 244.23
1,0,1,0,0,0,1,0,1,0,0,1,1,0,0,1 : 555.633
1,1,1,0,0,0,1,0,1,1,0,0,1,1,0,0 : 244.277
1,1,0,0,0,0,1,1,1,1,0,0,1,1,0,0 : 254.707
