1,1,1,1,0,0,1,1,1,1,0,0,1,1,0,0 : 247.717
1,0,0,1,0,0,0,0,1,1,0,0,1,1,0,0 : 267.853
1,1,1,1,1,0,1,0,1,1,0,0,1,1,0,0 : 247.717
1,1,1,1,0,0,1,0,1,0,0,1,1,0,1,0 : 408.073
1,1,0,1,0,0,0,0,1,0,0,1,1,1,0,0 : 263.92
1,1,0,0,1,1,0,1,1,1,0,0,1,0,1,0 : 543.59
1,1,1,1,0,0,1,0,1,0,0,1,1,1,0,0 : 247.717
1,1,1,1,0,0,1,0,1,1,0,0,1,0,0,1 : 493.543
1,1,0,0,0,1,1,1,1,0,1,0,1,0,0,1 : 561.743
1,1,1,0,1,0,1,1,1,0,1,0,1,1,0,0 : 247.717
1,1,1,0,0,1,0,1,1,0,1,0,1,1,0,0 : 275.97
1,1,1,0,0,0,0,0,1,0,1,0,1,0,1,0 : 426.417
1,1,1,1,0,1,0,0,1,0,0,1,1,0,1,0 : 408.073
1,0,0,1,0,0,1,0,1,0,0,1,1,0,1,0 : 427.07
1,1,1,1,0,0,0,0,1,0,1,0,1,1,0,0 : 247.717
1,0,0,0,0,0,0,1,1,0,1,0,1,0,0,1 : 612.643
1,1,1,1,0,0,1,1,1,0,0,1,1,1,0,0 : 247.717
1,1,0,0,1,0,0,1,1,0,1,0,1,1,0,0 : 256.82
1,1,1,1,0,0,1,0,1,0,1,0,1,0,1,0 : 408.073
1,1,1,1,0,0,1,1,1,0,0,1,1,0,0,1 : 493.543
1,1,0,1,1,0,1,0,1,0,1,0,1,0,1,0 : 432.77
1,1,1,1,1,0,0,1,1,0,1,0,1,1,0,0 : 247.717
1,0,1,0,0,0,1,1,1,0,1,0,1,1,0,0 : 263.6429
1,1,1,0,0,0,1,1,1,0,1,0,1,0,1,0 : 416.263
1,1,1,0,0,0,1,1,1,1,0,0,1,0,0,1 : 493.543
1,1,0,1,1,0,1,1,1,0,1,0,1,1,0,0 : 256.82
1,1,1,0,0,0,1,1,1,0,0,1,1,0,1,0 : 416.263
1,1,0,0,1,0,1,1,1,0,1,0,1,1,0,0 : 256.82
1,1,1,1,1,0,1,0,1,0,1,0,1,0,1,0 : 432.77
1,0,1,1,0,0,1,0,1,0,0,1,1,1,0,0 : 263.6429
1,0,1,1,0,1,0,0,1,0,1,0,1,0,1,0 : 408.073
1,1,1,1,1,0,1,0,1,1,0,0,1,1,0,0 : 247.717
1,1,0,0,0,0,1,1,1,0,1,0,1,0,1,0 : 414.687
1,1,1,0,0,0,0,0,1,0,1,0,1,1,0,0 : 247.717
1,1,1,1,0,0,0,1,1,0,0,1,1,1,0,0 : 247.717
1,1,1,0,0,1,0,1,1,0,0,1,1,0,1,0 : 416.263
1,0,0,0,0,0,1,1,1,0,0,1,1,1,0,0 : 272.003
1,0,0,1,0,0,1,1,1,1,0,0,1,0,1,0 : 493.987
1,0,1,1,0,0,0,1,1,0,0,1,1,1,0,0 : 263.6429
1,1,1,1,0,1,1,0,1,1,0,0,1,0,0,1 : 575.477
1,0,0,1,1,0,1,1,1,1,0,0,1,1,0,0 : 277.533
1,1,1,1,0,1,1,0,1,0,1,0,1,0,1,0 : 408.073
1,0,0,1,0,1,0,1,1,0,0,1,1,0,1,0 : 440.41
1,0,1,0,0,0,1,1,1,0,0,1,1,1,0,0 : 263.6429
1,1,0,1,0,1,0,0,1,1,0,0,1,0,1,0 : 427.07
1,1,0,1,1,0,0,1,1,0,0,1,1,1,0,0 : 263.92
1,1,0,1,1,0,1,1,1,0,1,0,1,0,1,0 : 432.77
1,1,0,1,1,1,1,1,1,0,1,0,1,0,1,0 : 432.77
1,0,1,1,0,0,1,1,1,1,0,0,1,0,0,1 : 508.34
1,1,1,1,1,0,1,0,1,0,0,1,1,1,0,0 : 247.717
1,0,1,1,0,0,0,0,1,1,0,0,1,1,0,0 : 263.6429
1,1,1,1,1,0,1,0,1,1,0,0,1,0,1,0 : 482.817
1,1,1,1,1,0,1,0,1,0,1,0,1,1,0,0 : 247.717
1,0,1,0,0,0,0,1,1,0,0,1,1,0,1,0 : 435.977
1,1,0,0,0,0,0,1,1,0,0,1,1,0,1,0 : 414.687
1,0,1,0,0,0,1,1,1,0,0,1,1,1,0,0 : 263.6429
1,0,1,0,0,0,1,0,1,0,1,0,1,0,0,1 : 508.34
1,1,1,0,1,0,1,1,1,1,0,0,1,1,0,0 : 247.717
1,0,1,0,1,1,0,1,1,0,0,1,1,1,0,0 : 310.2269
1,0,0,1,1,0,0,1,1,1,0,0,1,1,0,0 : 277.533
1,1,1,0,0,0,0,0,1,1,0,0,1,1,0,0 : 247.717
1,1,0,0,0,1,1,1,1,0,1,0,1,0,1,0 : 414.687
1,0,0,1,0,0,1,1,1,1,0,0,1,1,0,0 : 267.853
1,1,1,1,0,0,0,1,1,1,0,0,1,1,0,0 : 247.717
1,1,1,0,0,0,0,0,1,0,1,0,1,1,0,0 : 247.717
1,1,0,0,0,1,1,1,1,0,1,0,1,1,0,0 : 286.337
1,1,1,1,0,0,0,0,1,1,0,0,1,0,1,0 : 408.073
1,1,1,0,1,0,0,0,1,0,1,0,1,1,0,0 : 247.717
1,0,0,1,0,1,1,0,1,1,0,0,1,0,0,1 : 561.743
1,1,1,1,0,0,0,1,1,1,0,0,1,0,1,0 : 493.987
1,1,0,0,1,0,0,0,1,0,0,1,1,1,0,0 : 263.92
1,1,1,1,0,0,0,0,1,0,0,1,1,0,1,0 : 408.073
1,1,0,0,0,0,0,0,1,1,0,0,1,1,0,0 : 260.497
1,1,0,0,0,0,1,1,1,0,1,0,1,0,1,0 : 414.687
1,0,0,0,0,1,1,1,1,0,1,0,1,0,0,1 : 561.743
1,1,1,0,1,0,0,1,1,0,1,0,1,1,0,0 : 247.717
1,1,1,1,0,1,1,1,1,0,1,0,1,1,0,0 : 275.97
1,1,1,1,0,0,0,1,1,0,0,1,1,0,0,1 : 583.847
1,1,1,0,0,0,0,0,1,1,0,0,1,1,0,0 : 247.717
1,1,0,0,1,1,1,0,1,0,1,0,1,0,1,0 : 432.77
1,0,1,0,0,0,1,1,1,0,0,1,1,0,1,0 : 435.977
1,1,1,0,0,0,0,0,1,1,0,0,1,1,0,0 : 247.717
1,0,1,1,0,1,0,0,1,0,0,1,1,0,1,0 : 408.073
1,0,1,1,1,0,0,1,1,0,1,0,1,1,0,0 : 277.533
1,1,1,0,1,0,1,0,1,0,1,0,1,1,0,0 : 247.717
1,1,0,0,0,1,0,1,1,0,0,1,1,0,1,0 : 414.687
1,1,1,1,1,1,1,0,1,0,1,0,1,0,0,1 : 671.73
1,1,1,1,0,0,0,1,1,0,0,1,1,1,0,0 : 247.717
1,1,1,1,1,0,1,1,1,0,1,0,1,0,1,0 : 432.77
1,0,1,0,0,0,0,1,1,0,0,1,1,0,1,0 : 435.977
1,1,1,1,0,0,1,1,1,0,1,0,1,1,0,0 : 247.717
1,1,1,0,1,0,1,0,1,1,0,0,1,1,0,0 : 247.717
1,0,0,1,1,1,1,1,1,0,1,0,1,1,0,0 : 299.69
1,0,1,1,0,1,1,1,1,1,0,0,1,1,0,0 : 304.96
1,1,1,1,0,0,0,0,1,1,0,0,1,0,1,0 : 408.073
1,0,1,0,0,0,0,0,1,0,1,0,1,1,0,0 : 263.6429
1,1,1,1,1,0,0,0,1,1,0,0,1,1,0,0 : 247.717
1,0,0,0,1,0,0,0,1,0,1,0,1,1,0,0 : 277.533
1,1,1,0,0,0,1,0,1,1,0,0,1,0,0,1 : 493.543
1,0,1,0,0,0,1,0,1,0,1,0,1,0,0,1 : 508.34
