1,0,1,0,0,0,1,0,1,0,0 : 218.0966
1,0,0,0,1,0,0,0,0,1,0 : 205.0866
1,0,0,0,1,1,1,0,1,0,0 : 205.0866
1,0,0,0,0,0,1,1,1,0,0 : 205.0866
1,0,0,0,0,1,1,0,0,0,0 : 205.0866
1,0,0,0,1,1,0,1,1,0,0 : 205.0866
1,0,1,0,1,1,0,1,1,1,0 : 219.0766
1,0,0,1,0,1,0,1,0,1,0 : 214.05
1,0,0,0,1,1,0,0,0,0,0 : 205.0866
1,0,0,1,0,1,1,1,1,1,0 : 215.9466
1,0,0,0,1,0,1,0,1,1,0 : 205.0866
1,0,0,1,0,0,1,1,1,0,0 : 215.9466
1,0,0,1,0,0,0,0,1,0,0 : 215.9466
1,0,0,1,0,0,0,0,0,0,0 : 214.05
1,0,0,0,1,1,0,0,0,0,1 : 218.0733
1,0,0,0,1,0,1,1,0,0,0 : 205.0866
1,0,0,0,0,1,1,0,1,1,0 : 205.0866
1,0,1,1,0,1,0,0,0,1,0 : 228.8566
1,0,0,0,1,0,1,0,1,0,0 : 205.0866
1,0,1,0,0,1,1,1,0,0,1 : 234.2666
1,0,0,0,0,1,0,1,0,0,0 : 205.0866
1,0,0,1,1,1,1,1,0,0,0 : 214.05
1,0,0,0,0,0,1,0,0,1,0 : 205.0866
1,0,0,0,0,1,1,0,0,0,0 : 205.0866
1,0,0,0,0,1,1,1,1,0,0 : 205.0866
1,0,0,0,1,1,0,0,1,1,0 : 205.0866
1,0,0,0,1,0,1,1,1,1,0 : 205.0866
1,0,1,0,0,1,1,0,1,0,0 : 219.9666
1,0,0,1,1,0,1,1,0,0,0 : 214.05
1,0,0,0,1,1,0,0,0,0,0 : 205.0866
1,0,0,0,0,0,0,0,1,0,0 : 205.0866
1,1,0,1,1,0,0,1,1,1,0 : 239.5633
1,0,0,0,0,0,1,1,1,0,0 : 205.0866
1,0,0,0,1,0,0,1,1,0,0 : 205.0866
1,0,0,0,1,0,0,1,0,1,0 : 205.0866
1,0,0,0,1,0,0,1,1,0,0 : 205.0866
1,0,0,0,1,1,1,1,1,0,1 : 217.0733
1,0,0,1,0,0,1,1,1,1,0 : 215.9466
1,0,0,0,0,1,1,0,0,1,0 : 205.0866
1,1,0,0,0,1,0,1,0,1,0 : 223.2133
1,0,0,0,0,0,1,0,1,1,0 : 205.0866
1,1,0,0,0,1,0,1,1,1,0 : 223.2133
1,0,0,0,0,1,1,0,0,0,0 : 205.0866
1,0,0,0,0,0,1,0,0,0,0 : 205.0866
1,0,0,0,0,0,1,1,1,1,0 : 205.0866
1,0,0,0,1,0,1,0,0,0,0 : 205.0866
1,0,0,0,1,0,0,1,0,1,0 : 205.0866
1,0,1,0,0,0,0,1,0,0,1 : 234.2666
1,0,0,0,1,0,1,1,1,0,0 : 205.0866
1,0,0,0,0,1,1,0,0,1,0 : 205.0866
1,0,0,0,0,0,0,0,0,1,0 : 205.0866
1,0,0,0,0,0,0,1,1,1,0 : 205.0866
1,0,0,0,1,1,1,0,0,0,0 : 205.0866
1,0,0,0,1,1,1,0,0,0,0 : 205.0866
1,0,0,0,1,0,0,1,0,1,0 : 205.0866
1,0,0,0,0,1,0,0,0,1,0 : 205.0866
1,0,0,1,1,1,1,1,0,1,0 : 214.05
1,0,0,0,0,0,0,1,0,1,0 : 205.0866
1,1,0,0,1,0,0,0,0,1,1 : 230.79
1,0,0,0,0,0,1,0,1,1,0 : 205.0866
1,0,0,0,0,1,1,0,0,0,0 : 205.0866
1,0,0,0,0,0,1,0,1,1,0 : 205.0866
1,0,0,1,0,1,1,1,0,0,0 : 214.05
1,1,0,0,1,1,0,0,0,0,0 : 223.2133
1,1,0,0,1,1,0,0,0,1,0 : 223.2133
1,0,0,0,1,0,0,1,0,0,0 : 205.0866
1,0,0,0,0,0,0,0,1,0,0 : 205.0866
1,0,0,0,0,1,1,1,1,0,1 : 217.0733
1,0,1,0,1,1,0,1,1,1,0 : 219.0766
1,0,0,1,0,0,1,1,0,1,0 : 214.05
1,0,0,0,1,0,1,1,1,0,0 : 205.0866
1,0,0,0,1,0,0,1,0,0,0 : 205.0866
1,0,0,0,1,0,1,0,0,0,0 : 205.0866
1,0,0,0,0,1,1,1,0,1,0 : 205.0866
1,0,1,0,1,1,1,0,0,1,0 : 219.0766
1,0,0,0,0,1,1,0,0,1,0 : 205.0866
1,0,0,1,1,1,1,0,0,1,0 : 214.05
1,0,0,0,0,0,0,0,0,1,1 : 218.0733
1,0,0,1,0,0,0,0,0,1,0 : 214.05
1,0,0,0,1,0,1,0,0,1,0 : 205.0866
1,0,0,0,1,1,0,1,0,0,0 : 205.0866
1,1,0,0,1,1,0,0,1,0,0 : 223.2133
1,0,0,0,1,1,1,0,1,0,0 : 205.0866
1,0,0,0,1,0,0,1,0,1,0 : 205.0866
1,0,0,0,0,0,1,0,1,1,0 : 205.0866
1,0,1,0,0,1,0,0,0,0,0 : 219.9666
1,0,1,0,0,0,0,1,1,1,0 : 217.2866
1,0,0,0,0,1,0,0,0,1,0 : 205.0866
1,0,0,0,1,0,1,1,0,0,0 : 205.0866
1,0,0,0,0,0,0,1,1,1,0 : 205.0866
1,1,1,0,0,0,0,0,1,0,0 : 236.8866
1,0,0,0,0,1,1,1,1,1,0 : 205.0866
1,0,1,0,0,0,1,1,0,1,0 : 217.2866
1,0,0,0,1,1,0,1,0,1,0 : 205.0866
1,0,0,0,0,1,0,0,0,1,0 : 205.0866
1,0,0,0,0,0,1,1,1,1,0 : 205.0866
1,0,0,1,1,1,1,0,0,0,0 : 214.05
1,1,0,0,1,0,0,1,0,1,0 : 223.4933
1,0,0,0,1,0,0,0,1,1,0 : 205.0866
1,0,0,0,1,1,0,0,0,1,1 : 218.0733
