0,1,0,1,0,0,0,1,0,0,1,0,0,1,1,0,1,1,1,1,1,0,1,1,0,0,1,0,0,1,1,1,1,0,0,1,1,0,1 : 12.6877
0,1,0,1,0,0,0,1,0,0,1,0,0,1,1,0,1,1,1,1,1,0,1,1,0,0,1,0,0,1,1,1,1,0,0,1,1,0,1 : 12.6877
1,0,0,0,1,0,0,1,1,1,0,1,0,1,0,0,1,0,0,0,0,0,1,1,0,0,0,0,0,1,0,0,1,0,0,1,1,1,1 : 13.0344
0,0,0,1,1,0,0,1,1,1,0,1,1,1,1,0,1,0,0,1,0,1,0,0,1,1,0,0,1,1,0,0,1,0,0,0,0,0,1 : 13.0344
1,0,0,0,1,0,0,1,1,1,0,1,0,1,0,0,1,0,0,0,0,0,1,1,0,0,0,0,0,1,0,0,1,0,0,1,1,1,1 : 13.0344
0,0,0,1,1,0,0,1,1,1,0,1,1,1,1,0,1,0,0,1,0,1,0,0,1,1,0,0,1,1,0,0,1,0,0,0,0,0,1 : 13.0344
0,1,0,1,1,0,0,1,1,1,0,0,1,0,1,0,0,1,0,1,0,1,0,0,1,0,1,0,1,1,1,1,0,1,1,0,1,0,0 : 13.1354
1,1,0,0,0,1,0,0,1,1,1,1,0,1,0,0,0,1,1,0,0,1,1,1,0,0,0,0,1,1,1,0,1,0,1,0,0,0,1 : 13.1354
1,1,0,0,0,1,0,1,0,0,0,1,0,1,1,0,0,1,0,1,1,1,0,0,1,0,1,0,1,0,1,0,0,0,0,0,0,0,0 : 13.1354
0,1,0,1,1,0,0,1,1,1,0,0,1,0,1,0,0,1,0,1,0,1,0,0,1,0,1,0,1,1,1,1,0,1,1,0,1,0,0 : 13.1354
1,1,0,0,0,1,0,0,1,1,1,1,0,1,0,0,0,1,1,0,0,1,1,1,0,0,0,0,1,1,1,0,1,0,1,0,0,0,1 : 13.1354
1,1,0,0,0,1,0,1,0,0,0,1,0,1,1,0,0,1,0,1,1,1,0,0,1,0,1,0,1,0,1,0,0,0,0,0,0,0,0 : 13.1354
0,0,0,1,0,0,1,1,0,0,1,0,1,0,1,1,1,0,0,1,1,0,1,0,0,1,1,0,1,0,0,0,1,0,0,1,1,1,1 : 13.1655
0,0,0,1,0,0,1,1,0,0,1,0,1,0,1,1,1,0,0,1,1,0,1,0,0,1,1,0,1,0,0,0,1,0,0,1,1,1,1 : 13.1655
0,0,0,0,1,0,0,0,1,0,1,0,0,0,0,0,1,1,0,0,1,0,1,1,0,1,0,0,0,0,1,0,0,1,0,0,1,0,1 : 13.1808
0,0,0,0,1,0,0,1,1,0,0,1,0,0,0,0,1,1,1,1,1,0,0,0,0,0,1,1,0,0,1,0,1,1,0,0,0,1,1 : 13.1808
1,0,1,0,1,0,0,0,0,0,1,0,1,1,0,0,1,1,0,1,1,0,0,0,0,1,1,1,0,1,0,0,0,1,0,1,1,1,0 : 13.1808
0,0,0,1,0,1,0,1,0,0,1,0,1,0,0,0,1,1,0,1,1,0,0,0,0,0,1,0,0,0,1,0,0,1,0,1,0,1,0 : 13.1808
0,0,0,0,1,0,0,0,1,0,1,0,0,0,0,0,1,1,0,0,1,0,1,1,0,1,0,0,0,0,1,0,0,1,0,0,1,0,1 : 13.1808
0,0,0,0,1,0,0,1,1,0,0,1,0,0,0,0,1,1,1,1,1,0,0,0,0,0,1,1,0,0,1,0,1,1,0,0,0,1,1 : 13.1808
1,0,1,0,1,0,0,0,0,0,1,0,1,1,0,0,1,1,0,1,1,0,0,0,0,1,1,1,0,1,0,0,0,1,0,1,1,1,0 : 13.1808
0,0,0,1,0,1,0,1,0,0,1,0,1,0,0,0,1,1,0,1,1,0,0,0,0,0,1,0,0,0,1,0,0,1,0,1,0,1,0 : 13.1808
0,1,0,1,1,0,1,0,0,1,1,1,1,0,1,0,1,1,0,0,1,0,0,0,1,1,0,0,0,1,1,0,0,1,0,0,1,1,0 : 13.2484
0,1,0,1,1,0,1,0,0,1,1,1,1,0,1,0,1,1,0,0,1,0,0,0,1,1,0,0,0,1,1,0,0,1,0,0,1,1,0 : 13.2484
1,1,0,1,1,0,1,1,0,0,0,0,0,1,0,1,1,0,1,1,0,0,0,1,1,0,1,0,1,0,1,0,1,1,0,0,0,0,0 : 13.2813
1,1,0,1,1,0,1,1,0,0,0,0,0,1,0,1,1,0,1,1,0,0,0,1,1,0,1,0,1,0,1,0,1,1,0,0,0,0,0 : 13.2813
0,1,0,1,1,1,1,0,0,0,1,1,1,0,0,0,1,1,0,1,1,0,0,1,0,1,0,0,1,1,0,0,1,0,0,1,0,0,1 : 13.3449
0,1,0,1,1,1,1,0,0,0,1,1,1,0,0,0,1,1,0,1,1,0,0,1,0,1,0,0,1,1,0,0,1,0,0,1,0,0,1 : 13.3449
0,1,0,1,1,0,0,0,1,1,1,0,1,1,1,0,1,1,1,1,1,1,0,1,0,1,0,1,0,1,0,0,0,0,0,0,0,1,1 : 13.4226
0,1,0,1,1,0,0,0,1,1,1,0,1,1,1,0,1,1,1,1,1,1,0,1,0,1,0,1,0,1,0,0,0,0,0,0,0,1,1 : 13.4226
1,1,0,0,0,0,1,1,1,1,1,0,0,0,1,1,1,0,1,1,1,1,0,1,0,0,1,0,1,1,0,0,1,0,1,0,0,1,0 : 13.4618
1,1,0,0,0,0,1,1,1,1,1,0,0,0,1,1,1,0,1,1,1,1,0,1,0,0,1,0,1,1,0,0,1,0,1,0,0,1,0 : 13.4618
0,1,0,0,0,1,0,1,0,0,0,1,1,0,1,0,0,1,1,0,0,0,0,0,0,0,1,0,0,0,0,1,0,1,0,0,1,0,1 : 13.4937
0,1,0,0,0,1,0,1,0,0,0,1,1,0,1,0,0,1,1,0,0,0,0,0,0,0,1,0,0,0,0,1,0,1,0,0,1,0,1 : 13.4937
1,0,0,0,0,0,1,0,0,1,1,0,0,0,0,1,0,1,1,1,1,0,0,1,0,0,1,1,0,0,1,0,1,0,1,1,0,0,0 : 13.5167
1,0,0,0,1,0,1,0,1,1,1,1,1,1,1,1,0,1,1,1,0,0,0,0,0,0,1,0,0,0,0,1,1,0,0,0,1,0,0 : 13.5167
1,0,0,0,0,0,1,0,0,1,1,0,0,0,0,1,0,1,1,1,1,0,0,1,0,0,1,1,0,0,1,0,1,0,1,1,0,0,0 : 13.5167
1,0,0,0,1,0,1,0,1,1,1,1,1,1,1,1,0,1,1,1,0,0,0,0,0,0,1,0,0,0,0,1,1,0,0,0,1,0,0 : 13.5167
0,1,0,0,1,0,0,0,1,0,1,1,0,1,1,0,0,0,0,0,1,0,0,1,0,1,0,0,1,0,0,0,1,0,0,1,0,0,1 : 13.5954
0,1,0,0,1,0,0,0,1,0,1,1,0,1,1,0,0,0,0,0,1,0,0,1,0,1,0,0,1,0,0,0,1,0,0,1,0,0,1 : 13.5954
1,0,0,0,1,1,1,1,0,0,1,0,0,0,1,1,0,1,0,0,1,1,0,0,0,0,0,0,1,1,1,1,0,1,0,1,0,1,1 : 13.8795
1,0,0,0,1,1,1,1,0,0,1,0,0,0,1,1,0,1,0,0,1,1,0,0,0,0,0,0,1,1,1,1,0,1,0,1,0,1,1 : 13.8795
1,0,0,1,0,1,0,1,1,1,1,0,0,0,1,1,1,1,0,1,1,1,0,0,0,1,0,0,1,1,1,0,0,1,0,1,1,1,0 : 13.9312
1,0,0,1,0,1,0,1,1,1,1,0,0,0,1,1,1,1,0,1,1,1,0,0,0,1,0,0,1,1,1,0,0,1,0,1,1,1,0 : 13.9312
1,1,0,1,1,1,0,0,1,0,0,1,1,0,1,0,0,1,0,1,0,1,1,0,0,1,1,0,1,1,1,1,1,0,0,1,1,0,0 : 13.9444
1,1,0,1,1,1,0,0,1,0,0,1,1,0,1,0,0,1,0,1,0,1,1,0,0,1,1,0,1,1,1,1,1,0,0,1,1,0,0 : 13.9444
1,1,0,0,0,1,0,0,1,0,0,0,0,0,1,0,1,1,0,1,1,1,0,1,0,1,0,1,1,0,0,0,0,1,0,1,1,0,1 : 13.974
1,1,0,0,0,1,0,0,1,0,0,0,0,0,1,0,1,1,0,1,1,1,0,1,0,1,0,1,1,0,0,0,0,1,0,1,1,0,1 : 13.974
0,0,0,1,1,0,1,0,0,1,1,0,1,0,1,0,1,0,0,0,1,0,0,0,1,0,1,1,0,0,1,0,1,0,0,0,1,1,1 : 14.1838
1,0,0,1,0,0,1,1,1,0,1,1,1,0,0,1,1,0,1,1,1,1,0,0,1,0,1,0,1,1,1,0,1,0,0,0,0,0,1 : 14.1838
0,0,0,0,1,0,1,1,1,0,1,0,1,0,1,1,0,0,1,1,0,1,0,0,0,0,0,0,1,0,0,0,1,1,0,1,0,0,1 : 14.1838
0,0,0,1,1,0,1,0,0,1,1,0,1,0,1,0,1,0,0,0,1,0,0,0,1,0,1,1,0,0,1,0,1,0,0,0,1,1,1 : 14.1838
1,0,0,1,0,0,1,1,1,0,1,1,1,0,0,1,1,0,1,1,1,1,0,0,1,0,1,0,1,1,1,0,1,0,0,0,0,0,1 : 14.1838
0,0,0,0,1,0,1,1,1,0,1,0,1,0,1,1,0,0,1,1,0,1,0,0,0,0,0,0,1,0,0,0,1,1,0,1,0,0,1 : 14.1838
1,0,0,0,1,1,1,1,1,0,1,1,1,1,1,0,1,0,0,1,0,1,0,0,0,0,0,0,1,0,0,1,0,1,0,0,1,0,1 : 14.8157
0,0,0,0,0,1,1,0,1,1,0,1,0,1,1,1,0,0,0,1,0,0,0,0,1,0,1,0,1,1,0,1,0,1,0,1,0,1,1 : 14.8157
0,0,0,1,0,1,1,1,0,0,1,0,0,1,1,0,0,0,0,0,1,1,0,0,0,0,1,0,0,1,0,0,0,1,0,0,0,1,0 : 14.8157
1,0,0,0,1,1,1,1,1,0,1,1,1,1,1,0,1,0,0,1,0,1,0,0,0,0,0,0,1,0,0,1,0,1,0,0,1,0,1 : 14.8157
0,0,0,0,0,1,1,0,1,1,0,1,0,1,1,1,0,0,0,1,0,0,0,0,1,0,1,0,1,1,0,1,0,1,0,1,0,1,1 : 14.8157
0,0,0,1,0,1,1,1,0,0,1,0,0,1,1,0,0,0,0,0,1,1,0,0,0,0,1,0,0,1,0,0,0,1,0,0,0,1,0 : 14.8157
1,0,0,1,1,1,0,1,0,1,0,0,0,0,1,0,1,0,0,1,1,1,0,1,0,0,0,0,1,0,1,0,0,0,0,0,1,0,1 : 15.1381
1,0,0,1,1,1,0,1,0,1,0,0,0,0,1,0,1,0,0,1,1,1,0,1,0,0,0,0,1,0,1,0,0,0,0,0,1,0,1 : 15.1381
0,0,1,1,0,0,0,0,0,0,0,1,0,0,0,0,0,0,1,1,0,1,0,0,0,0,1,0,0,1,1,0,0,0,0,0,0,1,0 : 15.5228
0,0,1,1,0,0,0,0,0,0,0,1,0,0,0,0,0,0,1,1,0,1,0,0,0,0,1,0,0,1,1,0,0,0,0,0,0,1,0 : 15.5228
0,1,1,0,0,0,1,0,1,1,0,0,1,0,0,0,0,0,1,1,1,0,1,0,1,1,0,0,1,0,0,1,0,1,1,0,1,0,0 : 15.6491
0,1,1,0,0,0,1,0,1,1,0,0,1,0,0,0,0,0,1,1,1,0,1,0,1,1,0,0,1,0,0,1,0,1,1,0,1,0,0 : 15.6491
1,0,0,0,1,1,0,0,0,0,0,1,1,0,1,1,1,0,1,0,0,1,0,0,0,1,1,0,0,1,1,0,1,0,0,1,1,0,1 : 15.6587
0,0,0,0,0,1,0,1,0,1,0,0,1,1,1,1,1,0,1,0,0,0,1,0,1,1,0,0,0,0,1,0,1,1,0,1,0,1,0 : 15.6587
0,1,0,1,0,1,0,0,1,1,1,0,1,1,0,1,0,0,1,0,1,1,0,0,0,1,0,0,0,0,1,0,1,1,1,0,1,0,0 : 15.6587
0,0,0,0,0,1,0,0,0,0,1,0,1,0,0,0,0,0,0,1,1,1,0,0,1,1,0,0,1,1,1,0,1,0,0,0,0,0,1 : 15.6587
1,1,0,0,1,1,0,1,1,1,1,1,1,0,1,1,1,0,1,0,0,1,0,1,0,1,0,0,1,1,1,1,0,1,0,1,0,0,1 : 15.6587
1,0,0,0,1,1,0,0,0,0,0,1,1,0,1,1,1,0,1,0,0,1,0,0,0,1,1,0,0,1,1,0,1,0,0,1,1,0,1 : 15.6587
0,0,0,0,0,1,0,1,0,1,0,0,1,1,1,1,1,0,1,0,0,0,1,0,1,1,0,0,0,0,1,0,1,1,0,1,0,1,0 : 15.6587
0,1,0,1,0,1,0,0,1,1,1,0,1,1,0,1,0,0,1,0,1,1,0,0,0,1,0,0,0,0,1,0,1,1,1,0,1,0,0 : 15.6587
0,0,0,0,0,1,0,0,0,0,1,0,1,0,0,0,0,0,0,1,1,1,0,0,1,1,0,0,1,1,1,0,1,0,0,0,0,0,1 : 15.6587
1,1,0,0,1,1,0,1,1,1,1,1,1,0,1,1,1,0,1,0,0,1,0,1,0,1,0,0,1,1,1,1,0,1,0,1,0,0,1 : 15.6587
1,0,0,0,0,0,1,1,0,0,0,0,0,1,0,0,1,1,1,1,0,1,0,0,0,1,1,0,0,0,0,1,0,1,0,0,0,0,1 : 15.7588
0,0,1,0,0,0,1,0,0,1,0,0,0,1,1,1,1,1,0,1,0,1,0,1,1,0,1,0,0,0,0,0,1,0,0,0,0,0,0 : 15.7588
1,0,0,0,0,0,1,1,0,0,0,0,0,1,0,0,1,1,1,1,0,1,0,0,0,1,1,0,0,0,0,1,0,1,0,0,0,0,1 : 15.7588
0,0,1,0,0,0,1,0,0,1,0,0,0,1,1,1,1,1,0,1,0,1,0,1,1,0,1,0,0,0,0,0,1,0,0,0,0,0,0 : 15.7588
0,1,0,1,0,0,0,0,1,0,1,0,0,0,0,1,0,0,0,0,1,1,1,1,0,0,0,0,1,0,1,0,0,1,0,1,0,0,0 : 15.8828
0,1,0,1,0,0,0,0,1,0,1,0,0,0,0,1,0,0,0,0,1,1,1,1,0,0,0,0,1,0,1,0,0,1,0,1,0,0,0 : 15.8828
0,0,0,0,0,1,1,1,0,0,0,1,1,1,1,0,0,0,0,1,1,0,1,1,0,1,1,0,0,0,1,0,1,0,0,0,0,0,0 : 15.9379
0,0,0,0,0,1,1,1,0,0,0,1,1,1,1,0,0,0,0,1,1,0,1,1,0,1,1,0,0,0,1,0,1,0,0,0,0,0,0 : 15.9379
1,1,1,1,0,0,0,0,1,1,1,0,0,1,1,0,1,0,0,0,0,0,1,0,0,0,0,0,1,0,1,0,1,0,0,1,0,1,0 : 15.9477
1,1,1,1,0,0,0,0,1,1,1,0,0,1,1,0,1,0,0,0,0,0,1,0,0,0,0,0,1,0,1,0,1,0,0,1,0,1,0 : 15.9477
0,0,0,0,1,1,0,0,1,0,1,1,0,1,0,1,0,1,1,1,0,0,0,0,0,0,0,0,1,1,1,0,1,0,1,0,1,0,0 : 16.0056
0,0,0,0,1,1,0,0,1,0,1,1,0,1,0,1,0,1,1,1,0,0,0,0,0,0,0,0,1,1,1,0,1,0,1,0,1,0,0 : 16.0056
0,0,0,0,0,1,1,1,0,0,0,0,0,0,1,1,0,1,1,1,1,0,0,0,0,1,1,0,0,0,1,0,0,1,0,0,1,0,0 : 16.0462
1,0,0,0,1,0,1,0,1,0,0,0,1,1,0,0,0,1,0,1,1,1,1,1,0,1,0,0,1,0,0,1,0,1,0,1,0,1,0 : 16.0462
1,0,0,1,1,0,1,1,0,1,0,1,0,0,1,0,0,1,0,0,0,0,1,0,1,1,0,0,0,0,1,0,1,1,0,0,1,1,0 : 16.0462
0,1,0,1,1,1,1,0,0,0,0,0,1,1,0,0,0,1,0,1,1,1,0,0,0,1,1,0,0,1,0,0,1,1,0,1,0,1,0 : 16.0462
0,0,0,0,0,1,1,1,0,0,0,0,0,0,1,1,0,1,1,1,1,0,0,0,0,1,1,0,0,0,1,0,0,1,0,0,1,0,0 : 16.0462
1,0,0,0,1,0,1,0,1,0,0,0,1,1,0,0,0,1,0,1,1,1,1,1,0,1,0,0,1,0,0,1,0,1,0,1,0,1,0 : 16.0462
1,0,0,1,1,0,1,1,0,1,0,1,0,0,1,0,0,1,0,0,0,0,1,0,1,1,0,0,0,0,1,0,1,1,0,0,1,1,0 : 16.0462
0,1,0,1,1,1,1,0,0,0,0,0,1,1,0,0,0,1,0,1,1,1,0,0,0,1,1,0,0,1,0,0,1,1,0,1,0,1,0 : 16.0462
1,0,0,1,1,1,0,0,1,1,0,1,0,1,1,0,0,1,0,1,1,0,1,1,1,0,1,1,1,0,0,0,0,0,0,1,1,1,0 : 16.0879
1,1,1,1,0,0,0,0,1,0,1,0,1,0,1,0,0,1,0,1,1,0,0,1,0,1,1,0,1,1,1,1,1,0,0,0,1,0,1 : 16.0879
1,1,1,1,0,0,0,0,1,0,1,0,1,0,1,0,0,1,0,1,1,0,0,1,0,1,1,0,1,1,1,1,1,0,0,0,1,0,1 : 16.0879
1,0,0,1,1,1,0,0,1,1,0,1,0,1,1,0,0,1,0,1,1,0,1,1,1,0,1,1,1,0,0,0,0,0,0,1,1,1,0 : 16.0879
