1,0,0,0,1,0,0,1,0,1,0 : 199.6833
1,0,0,0,1,0,0,1,0,1,0 : 199.6833
1,0,0,0,1,0,0,1,0,0,0 : 199.9533
1,0,0,0,1,0,0,1,0,0,0 : 199.9533
1,0,0,0,0,1,0,0,1,1,0 : 200.38
1,0,0,0,0,1,0,0,1,1,0 : 200.38
1,0,0,0,1,1,0,1,1,1,0 : 201.9733
1,0,0,0,1,1,0,1,1,1,0 : 201.9733
1,0,0,0,1,1,1,0,1,1,0 : 202.68
1,0,0,0,1,1,1,0,1,1,0 : 202.68
1,0,0,0,1,1,1,0,1,0,0 : 205.7066
1,0,0,0,1,1,1,0,1,0,0 : 205.7066
1,0,0,1,1,1,0,0,0,0,0 : 210.5066
1,0,0,1,1,1,0,0,0,0,0 : 210.5066
1,0,0,0,1,0,1,1,0,1,1 : 215.1833
1,0,0,0,1,0,1,1,0,1,1 : 215.1833
1,0,0,1,0,1,1,0,1,0,0 : 215.47
1,0,0,1,0,1,1,0,1,0,0 : 215.47
1,0,0,0,0,0,1,0,1,1,1 : 215.6066
1,0,0,0,0,0,0,1,1,1,1 : 215.6066
1,0,0,0,0,0,1,0,1,1,1 : 215.6066
1,0,0,0,0,0,0,1,1,1,1 : 215.6066
1,0,0,0,1,0,1,0,1,0,1 : 215.8533
1,0,0,0,1,0,1,0,1,0,1 : 215.8533
1,0,0,1,1,1,0,1,1,1,0 : 215.9466
1,0,0,1,1,1,0,1,1,1,0 : 215.9466
1,0,0,0,1,1,1,0,0,0,1 : 216.6366
1,0,0,0,1,1,1,0,0,0,1 : 216.6366
1,0,0,1,1,0,1,1,1,1,0 : 216.9133
1,0,0,1,1,0,1,1,1,1,0 : 216.9133
1,0,0,0,1,0,0,1,1,1,1 : 218.02
1,0,0,0,1,0,0,1,1,1,1 : 218.02
1,1,0,0,0,0,0,1,1,1,0 : 219.1533
1,1,0,0,0,0,0,0,0,0,0 : 219.1533
1,1,0,0,0,0,0,0,0,1,0 : 219.1533
1,1,0,0,0,0,0,1,1,1,0 : 219.1533
1,1,0,0,0,0,0,0,0,0,0 : 219.1533
1,1,0,0,0,0,0,0,0,1,0 : 219.1533
1,0,1,0,1,0,1,0,1,0,0 : 219.3966
1,0,1,0,1,0,0,1,1,0,0 : 219.3966
1,0,1,0,1,0,1,1,1,1,0 : 219.3966
1,0,1,0,1,0,1,0,1,0,0 : 219.3966
1,0,1,0,1,0,0,1,1,0,0 : 219.3966
1,0,1,0,1,0,1,1,1,1,0 : 219.3966
1,1,0,0,0,1,0,0,1,1,0 : 223.0133
1,1,0,0,0,1,0,0,1,1,0 : 223.0133
1,1,0,0,1,1,0,1,1,0,0 : 223.2133
1,1,0,0,1,1,0,1,1,0,0 : 223.2133
1,0,1,0,1,1,0,0,1,0,0 : 224.0733
1,0,1,0,0,1,0,0,1,0,0 : 224.0733
1,0,1,0,1,1,0,0,1,0,0 : 224.0733
1,0,1,0,0,1,0,0,1,0,0 : 224.0733
1,0,1,0,1,1,0,1,0,1,0 : 224.1766
1,0,1,0,1,1,0,1,0,1,0 : 224.1766
1,1,0,0,1,0,1,1,0,1,0 : 225.7733
1,1,0,0,1,0,1,1,0,1,0 : 225.7733
1,0,1,1,0,0,0,0,0,0,0 : 226.13
1,0,1,1,1,1,0,0,0,0,0 : 226.13
1,0,1,1,0,0,0,0,0,0,0 : 226.13
1,0,1,1,1,1,0,0,0,0,0 : 226.13
1,0,1,1,0,1,0,1,0,1,0 : 226.57
1,0,1,1,0,1,0,1,0,1,0 : 226.57
1,1,0,0,1,1,1,1,0,0,0 : 227.12
1,1,0,0,1,1,1,0,0,0,0 : 227.12
1,1,0,0,1,1,1,1,0,0,0 : 227.12
1,1,0,0,1,1,1,0,0,0,0 : 227.12
1,1,0,0,1,0,1,1,1,0,0 : 227.78
1,1,0,0,0,0,1,1,1,0,0 : 227.78
1,1,0,0,1,0,1,1,1,0,0 : 227.78
1,1,0,0,0,0,1,1,1,0,0 : 227.78
1,1,0,0,0,1,1,1,1,1,0 : 229.2433
1,1,0,0,0,1,1,1,1,1,0 : 229.2433
1,0,1,1,1,0,1,1,1,1,0 : 229.56
1,0,1,1,1,0,1,1,1,1,0 : 229.56
1,1,0,0,1,0,0,1,1,1,1 : 230.2366
1,1,0,0,1,0,0,1,1,1,1 : 230.2366
1,0,1,1,0,0,1,1,1,0,0 : 230.9433
1,0,1,1,0,0,1,1,1,0,0 : 230.9433
1,1,0,0,1,1,0,0,1,1,1 : 232.18
1,1,0,0,1,1,0,0,1,1,1 : 232.18
1,0,1,0,0,0,1,0,1,1,1 : 233.23
1,0,1,0,0,0,0,0,0,1,1 : 233.23
1,0,1,0,0,0,1,0,1,1,1 : 233.23
1,0,1,0,0,0,0,0,0,1,1 : 233.23
1,1,0,1,0,1,1,0,0,1,0 : 233.6666
1,1,0,1,0,1,1,0,0,1,0 : 233.6666
1,0,1,0,0,1,0,1,1,1,1 : 235.96
1,0,1,0,0,1,0,1,1,1,1 : 235.96
1,1,0,1,0,0,1,1,1,1,0 : 235.97
1,1,0,1,0,0,1,1,1,1,0 : 235.97
1,1,1,0,0,0,1,1,0,0,0 : 237.75
1,1,1,0,0,0,1,1,0,0,0 : 237.75
1,1,0,1,1,0,0,0,0,0,1 : 239.9633
1,1,0,1,1,0,0,0,0,0,1 : 239.9633
1,1,1,0,0,0,0,0,1,1,0 : 240.1633
1,1,1,0,0,0,0,0,1,1,0 : 240.1633
1,1,0,1,1,1,0,1,1,0,0 : 241.8966
1,1,0,1,1,0,0,1,1,1,0 : 241.8966
1,1,0,1,1,1,0,1,1,0,0 : 241.8966
1,1,0,1,1,0,0,1,1,1,0 : 241.8966
