1,1,1,1,0,0,0,1,0,0,0,0,1,0,1,1,1,1,0,0,1,0,0,0,0,0,1,0,0,0,0,1,0,1,0,1,0,0,1 : 12.6091
1,1,1,1,0,0,0,1,0,0,0,0,1,0,1,1,1,1,0,0,1,0,0,0,0,0,1,0,0,0,0,1,0,1,0,1,0,0,1 : 12.6091
0,1,0,0,0,0,0,1,0,1,0,0,0,1,1,1,0,1,1,1,1,0,0,0,0,1,0,0,0,1,1,1,1,0,0,0,1,1,0 : 12.7139
0,1,0,0,0,0,0,1,0,1,0,0,0,1,1,0,0,1,1,1,1,0,0,0,0,1,0,0,0,1,1,1,1,0,0,0,1,1,0 : 12.7139
0,1,0,0,0,0,0,1,0,1,0,0,0,1,1,1,0,1,1,1,1,0,0,0,0,1,0,0,0,1,1,1,1,0,0,0,1,1,0 : 12.7139
0,1,0,0,0,0,0,1,0,1,0,0,0,1,1,0,0,1,1,1,1,0,0,0,0,1,0,0,0,1,1,1,1,0,0,0,1,1,0 : 12.7139
0,0,0,1,1,0,0,0,1,1,1,1,1,1,0,0,1,1,0,1,1,1,1,0,0,0,1,0,0,1,0,0,1,0,0,1,0,0,0 : 12.8051
0,0,0,1,1,0,0,0,1,1,1,1,1,1,0,0,1,1,0,1,1,1,1,0,0,0,1,0,0,1,0,0,0,1,1,1,0,0,0 : 12.8051
1,0,0,1,0,0,1,0,1,1,0,1,1,1,1,0,0,1,0,1,1,1,1,1,0,1,0,0,0,1,0,1,0,1,0,1,0,1,0 : 12.8051
0,0,0,1,1,0,0,0,1,1,1,1,1,1,0,0,1,1,0,1,1,1,1,0,0,0,1,0,0,1,0,0,1,0,0,1,0,0,0 : 12.8051
0,0,0,1,1,0,0,0,1,1,1,1,1,1,0,0,1,1,0,1,1,1,1,0,0,0,1,0,0,1,0,0,0,1,1,1,0,0,0 : 12.8051
1,0,0,1,0,0,1,0,1,1,0,1,1,1,1,0,0,1,0,1,1,1,1,1,0,1,0,0,0,1,0,1,0,1,0,1,0,1,0 : 12.8051
0,1,0,0,0,0,0,1,0,1,0,0,1,1,1,1,0,1,1,1,0,0,0,0,0,1,0,0,1,1,1,1,1,0,0,0,1,1,0 : 13.0004
0,0,1,0,0,0,1,1,1,0,0,0,1,1,1,1,0,1,0,1,0,1,0,0,0,1,0,0,1,1,0,0,0,1,1,0,0,0,1 : 13.0004
0,0,0,1,0,0,0,0,0,0,1,0,1,1,1,0,1,1,0,1,0,0,0,1,0,0,1,0,0,1,0,0,0,1,0,0,0,1,1 : 13.0004
0,0,1,0,0,0,1,0,1,0,0,0,1,1,1,1,0,1,0,1,0,1,0,0,0,1,1,0,0,1,0,0,0,1,1,0,0,0,1 : 13.0004
0,1,0,0,0,0,0,0,0,1,0,0,1,1,1,1,0,1,1,1,0,0,0,0,0,1,0,0,1,1,1,1,1,0,0,0,1,1,1 : 13.0004
0,0,0,0,0,0,0,0,0,0,1,1,1,1,1,0,0,1,0,1,0,0,0,1,0,0,1,0,0,1,0,0,0,1,0,0,0,1,1 : 13.0004
0,1,0,0,0,0,0,1,0,1,0,0,1,1,1,1,0,1,1,1,0,0,0,0,0,1,0,0,1,1,1,1,1,0,0,0,1,1,0 : 13.0004
0,0,1,0,0,0,1,1,1,0,0,0,1,1,1,1,0,1,0,1,0,1,0,0,0,1,0,0,1,1,0,0,0,1,1,0,0,0,1 : 13.0004
0,0,0,1,0,0,0,0,0,0,1,0,1,1,1,0,1,1,0,1,0,0,0,1,0,0,1,0,0,1,0,0,0,1,0,0,0,1,1 : 13.0004
0,0,1,0,0,0,1,0,1,0,0,0,1,1,1,1,0,1,0,1,0,1,0,0,0,1,1,0,0,1,0,0,0,1,1,0,0,0,1 : 13.0004
0,1,0,0,0,0,0,0,0,1,0,0,1,1,1,1,0,1,1,1,0,0,0,0,0,1,0,0,1,1,1,1,1,0,0,0,1,1,1 : 13.0004
0,0,0,0,0,0,0,0,0,0,1,1,1,1,1,0,0,1,0,1,0,0,0,1,0,0,1,0,0,1,0,0,0,1,0,0,0,1,1 : 13.0004
1,1,0,0,0,0,1,0,0,1,0,0,0,1,0,1,1,0,1,0,0,1,1,1,0,0,0,0,0,0,0,1,1,0,0,1,1,1,1 : 13.0015
1,1,0,0,0,0,1,0,0,1,0,0,0,1,0,1,1,0,1,0,0,1,1,1,0,0,0,0,0,0,0,1,1,0,0,1,1,1,1 : 13.0015
0,1,0,1,1,0,1,1,1,0,1,0,0,1,0,1,0,0,1,1,0,0,1,0,0,1,1,1,0,0,1,1,0,1,0,0,0,0,1 : 13.0193
0,1,0,1,1,0,1,1,1,0,1,0,0,1,0,1,0,0,1,1,0,0,1,0,0,1,1,1,0,0,1,1,0,1,0,0,0,0,1 : 13.0193
0,0,1,0,0,0,1,1,1,0,1,0,1,1,1,1,0,0,0,1,0,1,0,0,0,1,0,0,1,1,1,0,0,1,1,0,0,0,1 : 13.0344
1,1,1,0,0,0,1,0,1,0,1,0,0,1,0,0,1,0,1,1,1,1,0,0,0,1,1,0,1,1,0,0,0,1,0,1,0,1,1 : 13.0344
0,0,1,0,0,0,1,1,1,0,1,0,1,1,1,1,0,0,0,1,0,1,0,0,0,1,0,0,1,1,1,0,0,1,1,0,0,0,1 : 13.0344
1,1,1,0,0,0,1,0,1,0,1,0,0,1,0,0,1,0,1,1,1,1,0,0,0,1,1,0,1,1,0,0,0,1,0,1,0,1,1 : 13.0344
0,0,0,1,1,0,0,0,1,0,0,0,0,0,1,0,0,1,1,1,1,1,0,1,0,0,1,0,0,0,1,0,1,0,0,1,1,1,1 : 13.0451
0,0,0,1,1,0,0,0,1,0,0,0,0,0,1,0,0,1,1,1,1,1,0,1,0,0,1,0,0,0,1,0,1,0,0,1,1,1,1 : 13.0451
1,1,0,1,1,0,1,1,0,0,1,0,0,1,1,1,1,0,1,1,0,0,0,0,0,0,1,1,0,0,1,1,0,1,0,1,0,0,0 : 13.059
1,1,0,1,1,0,1,1,0,0,1,0,0,1,1,1,1,0,1,1,0,0,0,0,0,0,1,1,0,0,1,1,0,1,0,1,0,0,0 : 13.059
0,1,0,1,0,0,1,0,1,1,0,1,1,0,1,1,1,1,1,1,1,1,1,1,0,0,1,0,1,1,0,0,1,1,0,0,0,1,1 : 13.0713
1,0,0,1,0,0,0,0,0,1,1,1,1,0,0,0,1,1,1,1,1,0,1,1,0,1,0,0,0,1,0,1,0,1,0,1,0,0,0 : 13.0713
1,1,0,1,1,0,1,0,1,1,1,1,0,0,0,1,0,1,1,1,1,1,1,0,1,1,0,0,1,1,0,0,1,0,0,1,1,0,0 : 13.0713
0,1,0,1,0,0,1,0,1,1,0,1,0,1,1,1,1,1,1,1,1,1,1,1,0,0,1,0,1,1,0,0,1,1,0,0,0,1,1 : 13.0713
0,1,0,1,0,0,1,0,1,1,0,1,1,0,1,1,1,1,1,1,1,1,1,1,0,0,1,0,1,1,0,0,1,1,0,0,0,1,1 : 13.0713
1,1,0,1,0,0,0,0,0,1,1,1,1,0,0,0,1,1,1,1,1,0,1,1,0,1,0,0,0,1,0,1,0,1,0,1,0,0,0 : 13.0713
0,1,0,1,0,0,1,0,1,1,0,1,1,0,1,1,1,1,1,1,1,1,1,1,0,0,1,0,1,1,0,0,1,1,0,0,0,1,1 : 13.0713
1,0,0,1,0,0,0,0,0,1,1,1,1,0,0,0,1,1,1,1,1,0,1,1,0,1,0,0,0,1,0,1,0,1,0,1,0,0,0 : 13.0713
1,1,0,1,1,0,1,0,1,1,1,1,0,0,0,1,0,1,1,1,1,1,1,0,1,1,0,0,1,1,0,0,1,0,0,1,1,0,0 : 13.0713
0,1,0,1,0,0,1,0,1,1,0,1,0,1,1,1,1,1,1,1,1,1,1,1,0,0,1,0,1,1,0,0,1,1,0,0,0,1,1 : 13.0713
0,1,0,1,0,0,1,0,1,1,0,1,1,0,1,1,1,1,1,1,1,1,1,1,0,0,1,0,1,1,0,0,1,1,0,0,0,1,1 : 13.0713
1,1,0,1,0,0,0,0,0,1,1,1,1,0,0,0,1,1,1,1,1,0,1,1,0,1,0,0,0,1,0,1,0,1,0,1,0,0,0 : 13.0713
1,0,0,0,0,0,0,0,0,1,0,0,0,1,0,1,1,0,1,0,1,0,0,1,0,1,0,1,1,0,0,0,1,1,0,0,0,0,0 : 13.1168
1,0,0,0,0,0,0,0,0,1,0,0,0,1,0,1,1,0,0,0,1,0,0,1,0,1,0,1,1,0,0,0,1,1,0,0,0,0,0 : 13.1168
1,0,0,0,0,0,0,0,0,1,0,0,0,1,0,1,1,0,1,0,1,0,0,1,0,1,0,1,1,0,0,0,1,1,0,0,0,0,0 : 13.1168
1,0,0,0,0,0,0,0,0,1,0,0,0,1,0,1,1,0,0,0,1,0,0,1,0,1,0,1,1,0,0,0,1,1,0,0,0,0,0 : 13.1168
1,0,0,0,0,0,0,0,0,1,1,1,0,0,0,0,1,1,1,1,1,0,1,1,0,1,0,0,0,0,0,1,0,1,0,1,0,1,0 : 13.1283
1,0,0,0,0,0,0,0,0,1,1,1,0,0,0,0,1,1,1,1,1,0,1,1,0,1,0,0,0,0,0,1,0,1,0,1,0,1,0 : 13.1283
1,0,0,0,0,0,0,0,0,1,1,1,0,0,0,0,1,1,1,1,1,0,1,1,0,1,0,0,0,0,0,1,0,1,0,1,0,1,0 : 13.1283
1,0,0,0,0,0,0,0,0,1,1,1,0,0,0,0,1,1,1,1,1,0,1,1,0,1,0,0,0,0,0,1,0,1,0,1,0,1,0 : 13.1283
1,1,0,1,0,0,0,1,1,1,0,0,1,0,0,1,1,0,1,1,0,0,0,0,1,1,0,0,0,1,0,0,0,1,0,1,1,1,1 : 13.1294
1,1,0,1,1,0,1,1,1,1,1,0,1,0,0,1,0,0,0,1,1,1,1,0,1,1,0,0,1,0,1,0,1,0,0,1,1,0,0 : 13.1294
1,1,0,1,0,0,0,1,1,1,1,0,1,0,0,1,1,0,1,1,0,0,0,0,1,1,0,0,0,0,0,0,0,1,0,1,1,1,1 : 13.1294
1,1,0,1,1,0,1,1,1,1,1,1,1,0,0,1,0,0,1,0,1,1,1,0,1,1,0,0,1,1,1,0,1,0,0,1,1,0,0 : 13.1294
1,1,0,1,0,0,0,1,1,1,0,0,1,0,0,1,1,0,1,1,0,0,0,0,1,1,0,0,0,1,0,0,0,1,0,1,1,1,1 : 13.1294
1,1,0,1,1,0,1,1,1,1,1,0,1,0,0,1,0,0,0,1,1,1,1,0,1,1,0,0,1,0,1,0,1,0,0,1,1,0,0 : 13.1294
1,1,0,1,0,0,0,1,1,1,1,0,1,0,0,1,1,0,1,1,0,0,0,0,1,1,0,0,0,0,0,0,0,1,0,1,1,1,1 : 13.1294
1,1,0,1,1,0,1,1,1,1,1,1,1,0,0,1,0,0,1,0,1,1,1,0,1,1,0,0,1,1,1,0,1,0,0,1,1,0,0 : 13.1294
0,0,1,1,0,0,0,0,1,0,1,0,0,0,1,1,1,0,0,0,0,1,0,0,0,0,0,0,0,1,0,0,1,1,0,1,0,1,0 : 13.1305
0,0,1,1,0,0,0,0,1,0,1,0,0,0,1,1,1,0,0,0,0,1,0,0,0,1,0,1,0,1,0,0,1,1,0,1,0,1,0 : 13.1305
0,0,1,1,0,0,0,0,1,0,1,0,0,0,1,1,1,0,0,0,0,1,0,0,0,0,0,0,0,1,0,0,1,1,0,1,0,1,0 : 13.1305
0,0,1,1,0,0,0,0,1,0,1,0,0,0,1,1,1,0,0,0,0,1,0,0,0,1,0,1,0,1,0,0,1,1,0,1,0,1,0 : 13.1305
0,0,0,1,1,0,0,0,0,0,0,0,0,0,1,0,0,1,0,1,1,1,0,1,0,0,1,0,0,0,1,0,1,1,0,1,1,1,1 : 13.1433
0,0,0,1,1,0,0,0,0,0,0,0,0,0,1,0,0,1,0,1,1,1,0,1,0,0,1,0,0,0,1,0,1,1,0,1,1,1,1 : 13.1433
1,0,1,0,0,0,1,1,0,0,0,0,1,1,1,0,0,0,0,1,0,0,1,1,0,1,1,0,1,0,0,0,0,1,1,0,0,1,0 : 13.1655
1,0,1,0,0,0,1,1,0,0,0,0,1,1,1,0,0,0,0,1,0,0,1,1,0,1,1,0,1,0,0,0,0,1,1,0,0,1,0 : 13.1655
1,0,1,0,0,0,1,1,0,0,0,0,1,1,1,0,0,0,0,1,0,0,1,1,0,1,1,0,1,0,0,0,0,1,1,0,0,1,0 : 13.1655
1,0,1,0,0,0,1,1,0,0,0,0,1,1,1,0,0,0,0,1,0,0,1,1,0,1,1,0,1,0,0,0,0,1,1,0,0,1,0 : 13.1655
1,0,1,0,0,0,1,0,0,0,0,1,1,0,1,1,1,0,0,0,0,0,0,1,1,0,1,1,0,1,0,1,1,0,0,1,1,0,0 : 13.1815
1,0,1,0,0,0,1,0,0,0,0,1,0,1,1,0,1,0,0,0,0,0,0,1,1,0,1,1,0,1,0,1,1,0,0,1,1,0,0 : 13.1815
1,0,1,0,0,0,1,0,0,0,0,1,0,0,1,0,1,0,0,0,0,0,0,1,1,0,1,1,0,1,0,1,1,0,0,1,1,0,0 : 13.1815
1,0,1,0,0,0,1,0,0,0,0,1,0,1,1,0,1,0,0,0,0,0,0,1,1,0,1,1,0,1,0,1,1,0,0,1,1,0,0 : 13.1815
1,0,1,0,0,0,1,0,0,0,0,1,1,0,1,1,1,0,0,0,0,0,0,1,1,0,1,1,0,1,0,1,1,0,0,1,1,0,0 : 13.1815
1,0,1,0,0,0,1,0,0,0,0,1,0,1,1,0,1,0,0,0,0,0,0,1,1,0,1,1,0,1,0,1,1,0,0,1,1,0,0 : 13.1815
1,0,1,0,0,0,1,0,0,0,0,1,0,0,1,0,1,0,0,0,0,0,0,1,1,0,1,1,0,1,0,1,1,0,0,1,1,0,0 : 13.1815
1,0,1,0,0,0,1,0,0,0,0,1,0,1,1,0,1,0,0,0,0,0,0,1,1,0,1,1,0,1,0,1,1,0,0,1,1,0,0 : 13.1815
0,0,0,1,0,1,0,0,0,0,1,0,1,0,1,0,0,0,0,0,0,1,1,0,1,0,1,1,0,0,1,0,0,0,1,0,0,1,0 : 13.2118
0,0,0,1,0,1,0,0,0,0,1,0,1,0,1,0,0,0,0,0,0,1,1,0,1,0,1,1,0,0,1,0,0,0,1,0,0,1,0 : 13.2118
1,0,1,0,1,0,0,0,0,0,0,1,0,0,1,0,1,1,0,0,0,0,0,1,0,0,1,1,1,0,0,0,0,0,0,1,1,0,1 : 13.2412
1,0,1,0,1,0,0,0,0,0,0,1,0,0,1,0,1,1,0,0,1,0,0,1,0,0,1,1,1,0,0,0,0,0,0,1,1,0,1 : 13.2412
0,0,1,0,0,0,1,1,1,0,0,0,0,0,0,0,1,1,0,0,0,0,0,1,0,0,1,1,1,0,0,0,0,1,0,1,1,1,0 : 13.2412
0,0,1,0,0,0,1,1,1,0,0,0,0,0,0,0,1,1,0,0,0,0,0,1,0,0,1,1,1,0,0,0,0,1,0,1,1,1,0 : 13.2412
1,0,1,0,1,0,0,0,0,0,0,1,0,0,1,0,1,1,0,0,0,0,0,1,0,0,1,1,1,0,0,0,0,0,0,1,1,0,1 : 13.2412
1,0,1,0,1,0,0,0,0,0,0,1,0,0,1,0,1,1,0,0,1,0,0,1,0,0,1,1,1,0,0,0,0,0,0,1,1,0,1 : 13.2412
0,0,1,0,0,0,1,1,1,0,0,0,0,0,0,0,1,1,0,0,0,0,0,1,0,0,1,1,1,0,0,0,0,1,0,1,1,1,0 : 13.2412
0,0,1,0,0,0,1,1,1,0,0,0,0,0,0,0,1,1,0,0,0,0,0,1,0,0,1,1,1,0,0,0,0,1,0,1,1,1,0 : 13.2412
0,0,1,0,1,0,0,1,0,1,0,1,0,0,0,0,1,0,1,1,0,0,1,0,0,0,0,1,0,1,0,1,0,1,0,0,1,0,1 : 13.2471
0,0,1,0,1,0,0,1,1,0,0,1,0,0,1,0,0,0,1,1,1,0,0,1,0,0,0,1,0,1,0,0,0,1,0,1,1,0,0 : 13.2471
0,0,1,0,1,0,0,1,1,0,0,1,1,0,1,0,0,0,1,1,1,0,0,1,0,0,0,1,0,1,0,0,0,0,0,1,1,0,0 : 13.2471
0,0,1,0,1,0,0,0,1,0,0,1,1,0,1,0,1,0,1,1,1,0,0,1,0,0,0,1,0,1,0,0,0,1,0,1,1,0,0 : 13.2471
1,0,1,0,1,0,0,1,0,1,0,1,0,0,0,0,1,0,1,1,0,0,1,0,0,0,0,0,0,1,0,1,0,1,0,0,1,0,1 : 13.2471
0,0,1,0,1,0,0,1,1,0,0,1,0,0,1,0,0,0,1,1,1,0,0,1,0,0,0,1,0,1,0,0,0,1,0,1,1,0,0 : 13.2471
0,0,1,0,1,0,0,1,0,1,0,1,0,0,0,0,1,0,1,1,0,0,1,0,0,0,0,1,0,1,0,1,0,1,0,0,1,0,1 : 13.2471
0,0,1,0,1,0,0,1,1,0,0,1,1,0,1,0,0,0,1,1,1,0,0,1,0,0,0,1,0,1,0,0,0,0,0,1,1,0,0 : 13.2471
