1,1,1,1,0,1,0,1,0,0,1,1,0,1,1,0,1,1,1,1,0,1,0,1,0,0 : 2986.0
1,1,1,1,0,0,1,1,0,0,1,1,0,1,1,1,1,1,1,0,0,1,0,1,0,0 : 2986.0
1,1,1,1,0,1,1,1,0,0,1,1,0,1,1,1,1,1,1,0,0,1,0,1,0,0 : 2986.0
1,1,1,1,0,0,0,1,0,0,1,1,0,1,1,0,1,1,1,1,0,1,0,1,0,0 : 2986.0
1,1,1,1,0,0,1,1,0,0,1,1,0,1,1,1,1,1,1,0,0,1,0,1,0,0 : 2986.0
1,1,1,1,0,1,0,1,1,0,1,1,0,1,1,1,1,1,1,0,0,1,0,0,0,0 : 2986.0
1,1,1,1,0,1,0,1,0,0,1,1,0,1,1,0,1,1,1,1,0,1,0,1,0,0 : 2986.0
1,1,1,1,0,0,1,1,0,0,1,1,0,1,1,1,1,1,1,0,0,1,0,1,0,0 : 2986.0
1,1,1,1,0,1,1,1,0,0,1,1,0,1,1,1,1,1,1,0,0,1,0,1,0,0 : 2986.0
1,1,1,1,0,0,0,1,0,0,1,1,0,1,1,0,1,1,1,1,0,1,0,1,0,0 : 2986.0
1,1,1,1,0,0,1,1,0,0,1,1,0,1,1,1,1,1,1,0,0,1,0,1,0,0 : 2986.0
1,1,1,1,0,1,0,1,1,0,1,1,0,1,1,1,1,1,1,0,0,1,0,0,0,0 : 2986.0
1,1,1,1,0,0,1,0,1,1,1,1,0,1,1,0,1,1,1,0,0,0,0,0,0,1 : 3058.0
1,1,1,1,0,0,1,0,1,1,1,1,0,1,1,0,1,1,1,0,0,0,0,0,0,1 : 3058.0
1,1,1,1,0,0,1,0,1,1,1,1,0,1,1,0,1,1,1,0,0,0,0,0,0,1 : 3058.0
1,1,1,1,0,0,1,0,1,1,1,1,0,1,1,0,1,1,1,0,0,0,0,0,0,1 : 3058.0
1,1,1,1,0,1,1,0,1,1,1,1,0,1,1,0,1,1,1,0,0,0,0,0,0,0 : 3089.0
1,1,1,1,0,1,1,0,1,1,1,1,0,1,1,0,1,1,1,0,0,0,0,0,0,0 : 3089.0
1,1,1,1,0,0,0,0,1,0,1,1,0,1,1,1,1,1,1,0,0,1,0,1,0,1 : 3185.0
1,1,1,1,0,0,0,0,1,0,1,1,0,1,1,1,1,1,1,0,0,1,0,1,0,1 : 3185.0
1,1,1,1,0,0,0,0,1,0,1,1,0,1,1,1,1,1,1,0,0,1,0,1,0,1 : 3185.0
1,1,1,1,0,0,0,0,1,0,1,1,0,1,1,1,1,1,1,0,0,1,0,1,0,1 : 3185.0
1,1,1,1,0,0,0,0,1,0,1,1,0,1,1,1,1,1,1,0,0,1,0,1,0,1 : 3185.0
1,1,1,1,0,0,0,0,1,0,1,1,0,1,1,1,1,1,1,0,0,1,0,1,0,1 : 3185.0
1,1,1,1,0,0,0,0,1,0,1,1,0,1,1,1,1,1,1,0,0,1,0,1,0,1 : 3185.0
1,1,1,1,0,0,0,0,1,0,1,1,0,1,1,1,1,1,1,0,0,1,0,1,0,1 : 3185.0
1,1,1,1,0,1,0,1,0,1,1,1,0,1,1,0,1,1,1,1,0,1,0,1,0,0 : 3341.0
1,1,1,1,0,1,0,1,0,1,1,1,0,1,1,0,1,1,1,1,0,1,0,1,0,0 : 3341.0
1,1,1,1,0,1,1,0,1,0,1,1,0,1,1,0,1,1,1,1,0,0,0,0,1,0 : 4668.0
1,1,1,1,0,1,1,0,1,0,1,1,0,1,1,0,1,1,1,1,0,0,0,0,1,0 : 4668.0
1,1,1,1,0,1,0,0,1,0,1,1,0,1,1,1,1,1,1,0,0,0,0,0,1,0 : 4768.0
1,1,1,1,0,1,0,0,1,0,1,1,0,1,1,1,1,1,1,0,0,0,0,0,1,0 : 4768.0
1,1,1,1,0,0,1,0,1,0,1,1,0,1,1,0,1,1,1,1,0,1,0,1,1,1 : 4880.0
1,1,1,1,0,0,1,0,1,0,1,1,0,1,1,0,1,1,1,1,0,1,0,1,1,1 : 4880.0
1,1,1,1,0,0,1,0,1,0,1,1,0,1,1,0,1,1,1,1,0,1,0,1,1,1 : 4880.0
1,1,1,1,0,0,1,0,1,0,1,1,0,1,1,0,1,1,1,1,0,1,0,1,1,1 : 4880.0
1,1,1,1,0,0,0,1,0,0,1,1,0,1,1,0,1,1,1,1,0,1,1,0,1,1 : 4903.0
1,1,1,1,0,0,0,0,1,0,1,1,0,1,1,1,1,1,1,1,0,1,1,0,1,1 : 4903.0
1,1,1,1,0,0,0,0,1,0,1,1,0,1,1,1,1,1,1,1,0,1,1,0,1,1 : 4903.0
1,1,1,1,0,0,0,1,0,0,1,1,0,1,1,0,1,1,1,1,0,1,1,0,1,1 : 4903.0
1,1,1,1,0,0,0,0,1,0,1,1,0,1,1,1,1,1,1,1,0,1,1,0,1,1 : 4903.0
1,1,1,1,0,0,0,0,1,0,1,1,0,1,1,1,1,1,1,1,0,1,1,0,1,1 : 4903.0
1,1,1,1,0,1,1,1,0,0,1,1,0,1,1,1,1,1,1,0,0,0,1,0,1,1 : 4913.0
1,1,1,1,0,1,1,1,0,0,1,1,0,1,1,1,1,1,1,0,0,0,1,0,1,1 : 4913.0
1,1,1,0,1,1,1,0,1,1,1,1,0,1,1,1,1,1,1,0,1,1,1,0,1,0 : 4920.0
1,1,1,0,1,1,1,0,1,1,1,1,0,1,1,1,1,1,1,0,1,1,1,0,1,0 : 4920.0
1,1,1,0,1,1,1,0,1,1,1,1,0,1,1,1,1,1,1,0,1,1,1,0,1,0 : 4920.0
1,1,1,0,1,1,1,0,1,1,1,1,0,1,1,1,1,1,1,0,1,1,1,0,1,0 : 4920.0
1,1,1,1,0,0,0,0,1,1,1,1,0,1,1,1,1,1,1,1,0,1,1,0,1,1 : 5091.0
1,1,1,1,0,0,0,0,1,1,1,1,0,1,1,1,1,1,1,1,0,1,0,0,1,1 : 5091.0
1,1,1,1,0,0,0,0,1,1,1,1,0,1,1,1,1,1,1,1,0,1,1,0,1,1 : 5091.0
1,1,1,1,0,0,0,0,1,1,1,1,0,1,1,1,1,1,1,1,0,1,0,0,1,1 : 5091.0
1,1,1,1,0,1,1,1,0,0,1,0,1,1,1,0,1,1,1,0,0,0,1,1,0,0 : 5194.0
1,1,1,1,0,1,1,1,0,0,1,0,1,1,1,0,1,1,1,0,0,0,1,1,0,0 : 5194.0
1,1,1,1,0,1,1,1,0,0,1,0,1,1,1,0,1,1,1,0,0,0,1,1,0,0 : 5194.0
1,1,1,1,0,1,1,1,0,0,1,0,1,1,1,0,1,1,1,0,0,0,1,1,0,0 : 5194.0
1,1,1,1,0,1,1,0,1,0,1,0,1,1,1,0,1,1,1,0,0,0,0,0,0,0 : 5207.0
1,1,1,1,0,1,1,0,1,0,1,0,1,1,1,0,1,1,1,0,0,0,0,0,0,0 : 5207.0
1,1,1,1,0,1,1,0,1,0,1,0,1,1,1,0,1,1,1,0,0,0,0,0,0,0 : 5207.0
1,1,1,1,0,1,1,0,1,0,1,0,1,1,1,0,1,1,1,0,0,0,0,0,0,0 : 5207.0
1,1,1,1,0,1,1,0,1,0,1,0,1,1,1,0,1,1,1,0,0,0,0,0,0,0 : 5207.0
1,1,1,1,0,1,1,0,1,0,1,0,1,1,1,0,1,1,1,0,0,0,0,0,0,0 : 5207.0
1,1,1,1,0,1,1,1,0,0,1,0,1,1,1,1,1,1,1,0,0,1,0,1,0,0 : 5216.0
1,1,1,1,0,0,1,1,0,0,1,0,1,1,1,1,1,1,1,0,0,1,0,1,0,0 : 5216.0
1,1,1,1,0,1,1,1,0,0,1,0,1,1,1,1,1,1,1,0,0,1,0,1,0,0 : 5216.0
1,1,1,1,0,0,1,1,0,0,1,0,1,1,1,1,1,1,1,0,0,1,0,1,0,0 : 5216.0
1,1,1,1,0,1,0,1,0,0,1,1,1,1,1,1,1,1,1,0,0,0,0,1,0,0 : 5220.0
1,1,1,1,0,1,0,1,0,0,1,1,1,1,1,1,1,1,1,0,0,0,0,1,0,0 : 5220.0
1,1,1,1,0,1,0,1,0,0,1,1,1,1,1,1,1,1,1,0,0,0,0,1,0,0 : 5220.0
1,1,1,1,0,1,0,1,0,0,1,1,1,1,1,1,1,1,1,0,0,0,0,1,0,0 : 5220.0
1,1,1,1,0,1,0,1,1,0,1,1,1,1,1,1,1,1,1,1,0,1,0,0,0,0 : 5274.0
1,1,1,1,0,1,0,1,0,0,1,0,1,1,1,1,1,1,1,1,0,0,1,1,0,0 : 5274.0
1,1,1,1,0,1,0,1,1,0,1,0,1,1,1,1,1,1,1,1,0,0,1,1,0,0 : 5274.0
1,1,1,1,0,1,0,1,1,0,1,0,1,1,1,1,1,1,1,1,0,0,1,1,0,0 : 5274.0
1,1,1,1,0,1,0,1,1,0,1,1,1,1,1,1,1,1,1,1,0,1,0,0,0,0 : 5274.0
1,1,1,1,0,1,0,1,0,0,1,0,1,1,1,1,1,1,1,1,0,0,1,1,0,0 : 5274.0
1,1,1,1,0,1,0,1,1,0,1,0,1,1,1,1,1,1,1,1,0,0,1,1,0,0 : 5274.0
1,1,1,1,0,1,0,1,1,0,1,0,1,1,1,1,1,1,1,1,0,0,1,1,0,0 : 5274.0
1,1,1,1,0,1,1,1,0,1,1,1,1,1,1,0,1,1,1,0,0,1,1,1,0,0 : 5361.0
1,1,1,1,0,1,0,1,0,1,1,1,1,1,1,1,1,1,1,0,0,1,0,1,0,0 : 5361.0
1,1,1,1,0,1,1,1,0,1,1,1,1,1,1,1,1,1,1,0,0,0,1,1,0,0 : 5361.0
1,1,1,1,0,1,0,1,0,1,1,0,1,1,1,0,1,1,1,0,0,0,0,1,0,0 : 5361.0
1,1,1,1,0,1,0,1,0,1,1,1,1,1,1,1,1,1,1,0,0,1,0,1,0,0 : 5361.0
1,1,1,1,0,1,1,1,0,1,1,1,1,1,1,0,1,1,1,0,0,1,1,1,0,0 : 5361.0
1,1,1,1,0,1,0,1,0,1,1,1,1,1,1,1,1,1,1,0,0,1,0,1,0,0 : 5361.0
1,1,1,1,0,1,1,1,0,1,1,1,1,1,1,1,1,1,1,0,0,0,1,1,0,0 : 5361.0
1,1,1,1,0,1,0,1,0,1,1,0,1,1,1,0,1,1,1,0,0,0,0,1,0,0 : 5361.0
1,1,1,1,0,1,0,1,0,1,1,1,1,1,1,1,1,1,1,0,0,1,0,1,0,0 : 5361.0
1,1,1,0,1,1,1,0,1,0,1,1,1,1,1,0,1,1,1,0,0,0,0,0,0,1 : 5387.0
1,1,1,0,1,1,1,0,1,0,1,1,1,1,1,0,1,1,1,0,0,0,0,0,0,1 : 5387.0
1,1,1,1,0,0,1,0,1,1,1,1,1,1,1,0,1,1,1,0,0,0,0,0,0,0 : 5420.0
1,1,1,1,0,1,0,1,1,1,1,1,1,1,1,1,1,1,1,0,0,1,0,0,0,0 : 5420.0
1,1,1,1,0,0,1,0,1,1,1,1,1,1,1,1,1,1,1,1,0,1,1,1,0,0 : 5420.0
1,1,1,1,0,0,1,0,1,1,1,1,1,1,1,1,1,1,1,1,0,1,0,1,0,0 : 5420.0
1,1,1,1,0,1,1,0,1,1,1,1,1,1,1,1,1,1,1,1,0,1,0,1,0,0 : 5420.0
1,1,1,1,0,1,0,1,1,1,1,1,1,1,1,1,1,1,1,0,0,1,0,0,0,0 : 5420.0
1,1,1,1,0,0,1,0,1,1,1,1,1,1,1,0,1,1,1,0,0,0,0,0,0,0 : 5420.0
1,1,1,1,0,0,1,0,1,1,1,1,1,1,1,1,1,1,1,1,0,1,1,1,0,0 : 5420.0
1,1,1,1,0,0,1,0,1,1,1,1,1,1,1,1,1,1,1,1,0,1,0,1,0,0 : 5420.0
1,1,1,1,0,1,1,0,1,1,1,1,1,1,1,1,1,1,1,1,0,1,0,1,0,0 : 5420.0
