1,1,1,1,0,1,0,1,0,0,1,1,0,1,1,1,1,1,1,0,1,1,1,1,0,1 : 2960.0
1,1,1,1,0,1,0,1,0,0,1,1,0,1,1,1,1,1,1,0,1,1,1,1,0,1 : 2960.0
1,1,1,1,0,1,0,1,0,0,1,1,0,1,1,1,1,1,1,0,1,1,1,1,0,1 : 2960.0
1,1,1,1,0,1,0,1,0,0,1,1,0,1,1,1,1,1,1,0,1,1,1,1,0,1 : 2960.0
1,1,1,1,0,1,0,1,0,0,1,1,0,1,1,1,1,1,1,0,1,1,1,1,0,1 : 2960.0
1,1,1,1,0,1,0,1,0,0,1,1,0,1,1,1,1,1,1,0,1,1,1,1,0,1 : 2960.0
1,1,1,1,0,0,0,1,1,0,1,1,0,1,1,1,1,1,1,0,0,0,0,1,0,1 : 3053.0
1,1,1,1,0,0,1,1,0,0,1,1,0,1,1,1,1,1,1,0,0,0,0,1,0,1 : 3053.0
1,1,1,1,0,0,0,1,1,0,1,1,0,1,1,1,1,1,1,1,0,0,0,0,0,1 : 3053.0
1,1,1,1,0,0,0,1,1,0,1,1,0,1,1,1,1,1,1,1,0,0,0,0,0,1 : 3053.0
1,1,1,1,0,0,0,1,1,0,1,1,0,1,1,1,1,1,1,0,0,0,0,1,0,1 : 3053.0
1,1,1,1,0,0,1,1,0,0,1,1,0,1,1,1,1,1,1,0,0,0,0,1,0,1 : 3053.0
1,1,1,1,0,0,0,1,1,0,1,1,0,1,1,1,1,1,1,1,0,0,0,0,0,1 : 3053.0
1,1,1,1,0,0,0,1,1,0,1,1,0,1,1,1,1,1,1,1,0,0,0,0,0,1 : 3053.0
1,1,1,0,1,1,1,0,1,1,1,1,0,1,1,1,1,1,1,1,0,1,0,0,0,1 : 3058.0
1,1,1,0,1,1,1,0,1,1,1,1,0,1,1,1,1,1,1,1,0,1,0,0,0,1 : 3058.0
1,1,1,0,1,1,1,0,1,1,1,1,0,1,1,0,1,1,1,1,0,1,0,0,0,0 : 3065.0
1,1,1,0,1,1,1,0,1,1,1,1,0,1,1,0,1,1,1,1,0,1,0,0,0,0 : 3065.0
1,1,1,0,1,1,1,0,1,1,1,1,0,1,1,0,1,1,1,1,0,1,0,0,0,0 : 3065.0
1,1,1,0,1,1,1,0,1,1,1,1,0,1,1,0,1,1,1,1,0,1,0,0,0,0 : 3065.0
1,1,1,0,1,1,1,0,1,1,1,1,0,1,1,0,1,1,1,1,0,1,0,0,0,0 : 3065.0
1,1,1,0,1,1,1,0,1,1,1,1,0,1,1,0,1,1,1,1,0,1,0,0,0,0 : 3065.0
1,1,1,0,1,1,1,0,1,1,1,1,0,1,1,1,1,1,1,1,0,1,0,0,0,0 : 3085.0
1,1,1,0,1,1,1,0,1,1,1,1,0,1,1,1,1,1,1,1,0,1,0,0,0,0 : 3085.0
1,1,1,1,0,1,0,0,1,1,1,1,0,1,1,1,1,1,1,1,0,0,0,1,0,1 : 3127.0
1,1,1,1,0,1,0,0,1,1,1,1,0,1,1,1,1,1,1,1,0,0,0,1,0,1 : 3127.0
1,1,1,1,0,1,0,0,1,1,1,1,0,1,1,1,1,1,1,1,0,0,0,1,0,1 : 3127.0
1,1,1,1,0,1,0,0,1,1,1,1,0,1,1,1,1,1,1,1,0,0,0,1,0,1 : 3127.0
1,1,1,1,0,0,1,1,0,1,1,1,0,1,1,1,1,1,1,1,0,1,0,1,0,0 : 3154.0
1,1,1,1,0,0,1,1,0,1,1,1,0,1,1,1,1,1,1,1,0,1,0,1,0,0 : 3154.0
1,1,1,1,0,0,1,1,0,1,1,1,0,1,1,1,1,1,1,1,0,1,0,1,0,0 : 3154.0
1,1,1,1,0,0,1,1,0,1,1,1,0,1,1,1,1,1,1,1,0,1,0,1,0,0 : 3154.0
1,1,1,1,0,0,1,1,0,1,1,1,0,1,1,1,1,1,1,1,0,1,0,1,0,0 : 3154.0
1,1,1,1,0,0,1,1,0,1,1,1,0,1,1,1,1,1,1,1,0,1,0,1,0,0 : 3154.0
1,1,1,1,0,1,0,1,0,0,1,1,0,1,1,0,1,1,1,0,1,1,1,1,0,1 : 3155.0
1,1,1,1,0,1,0,1,0,0,1,1,0,1,1,0,1,1,1,0,1,1,1,1,0,1 : 3155.0
1,1,1,1,0,1,0,1,0,0,1,1,0,1,1,0,1,1,1,0,0,1,0,0,0,1 : 3155.0
1,1,1,1,0,1,1,1,0,0,1,1,0,1,1,0,1,1,1,0,0,1,0,0,0,1 : 3155.0
1,1,1,1,0,1,0,1,0,0,1,1,0,1,1,0,1,1,1,0,1,1,1,1,0,1 : 3155.0
1,1,1,1,0,1,0,1,0,0,1,1,0,1,1,0,1,1,1,0,1,1,1,1,0,1 : 3155.0
1,1,1,1,0,1,0,1,0,0,1,1,0,1,1,0,1,1,1,0,0,1,0,0,0,1 : 3155.0
1,1,1,1,0,1,1,1,0,0,1,1,0,1,1,0,1,1,1,0,0,1,0,0,0,1 : 3155.0
1,1,1,1,0,1,0,1,1,0,1,1,0,1,1,0,1,1,1,0,0,0,0,0,0,0 : 3182.0
1,1,1,1,0,0,0,1,0,0,1,1,0,1,1,0,1,1,1,0,0,0,0,1,0,1 : 3182.0
1,1,1,1,0,1,0,1,1,0,1,1,0,1,1,0,1,1,1,0,0,0,0,1,0,1 : 3182.0
1,1,1,1,0,0,0,1,0,0,1,1,0,1,1,0,1,1,1,0,0,0,0,0,0,1 : 3182.0
1,1,1,1,0,0,0,1,1,0,1,1,0,1,1,0,1,1,1,1,0,0,0,1,0,0 : 3182.0
1,1,1,1,0,1,0,1,1,0,1,1,0,1,1,0,1,1,1,0,0,0,0,0,0,0 : 3182.0
1,1,1,1,0,0,0,1,0,0,1,1,0,1,1,0,1,1,1,0,0,0,0,1,0,1 : 3182.0
1,1,1,1,0,1,0,1,1,0,1,1,0,1,1,0,1,1,1,0,0,0,0,1,0,1 : 3182.0
1,1,1,1,0,0,0,1,0,0,1,1,0,1,1,0,1,1,1,0,0,0,0,0,0,1 : 3182.0
1,1,1,1,0,0,0,1,1,0,1,1,0,1,1,0,1,1,1,1,0,0,0,1,0,0 : 3182.0
1,1,1,1,0,0,1,0,1,0,1,1,0,1,1,1,1,1,1,0,0,0,0,1,0,1 : 3263.0
1,1,1,1,0,0,1,0,1,0,1,1,0,1,1,1,1,1,1,0,0,0,0,1,0,1 : 3263.0
1,1,1,0,1,1,1,0,1,1,1,1,0,1,1,0,1,1,1,1,0,1,0,1,0,0 : 3303.0
1,1,1,1,0,1,0,0,1,1,1,1,0,1,1,0,1,1,1,0,0,0,0,1,0,1 : 3303.0
1,1,1,1,0,1,1,0,1,1,1,1,0,1,1,0,1,1,1,1,0,0,0,1,0,1 : 3303.0
1,1,1,1,0,1,1,0,1,1,1,1,0,1,1,0,1,1,1,1,0,0,0,1,0,1 : 3303.0
1,1,1,1,0,1,0,0,1,1,1,1,0,1,1,0,1,1,1,1,0,0,0,1,0,1 : 3303.0
1,1,1,1,0,1,1,0,1,1,1,1,0,1,1,0,1,1,1,1,0,1,0,1,0,1 : 3303.0
1,1,1,1,0,0,0,0,1,1,1,1,0,1,1,0,1,1,1,1,0,0,0,1,0,1 : 3303.0
1,1,1,1,0,1,1,0,1,1,1,1,0,1,1,0,1,1,1,1,0,0,0,1,0,1 : 3303.0
1,1,1,0,1,1,1,0,1,1,1,1,0,1,1,0,1,1,1,1,0,1,0,1,0,0 : 3303.0
1,1,1,1,0,1,0,0,1,1,1,1,0,1,1,0,1,1,1,0,0,0,0,1,0,1 : 3303.0
1,1,1,1,0,1,1,0,1,1,1,1,0,1,1,0,1,1,1,1,0,0,0,1,0,1 : 3303.0
1,1,1,1,0,1,1,0,1,1,1,1,0,1,1,0,1,1,1,1,0,0,0,1,0,1 : 3303.0
1,1,1,1,0,1,0,0,1,1,1,1,0,1,1,0,1,1,1,1,0,0,0,1,0,1 : 3303.0
1,1,1,1,0,1,1,0,1,1,1,1,0,1,1,0,1,1,1,1,0,1,0,1,0,1 : 3303.0
1,1,1,1,0,0,0,0,1,1,1,1,0,1,1,0,1,1,1,1,0,0,0,1,0,1 : 3303.0
1,1,1,1,0,1,1,0,1,1,1,1,0,1,1,0,1,1,1,1,0,0,0,1,0,1 : 3303.0
1,1,1,1,0,0,1,1,0,1,1,1,0,1,1,1,1,1,1,0,0,1,0,0,0,1 : 3605.0
1,1,1,1,0,1,1,1,0,1,1,1,0,1,1,0,1,1,1,1,0,1,0,0,0,1 : 3605.0
1,1,1,1,0,1,1,1,0,1,1,1,0,1,1,1,1,1,1,1,0,1,0,0,0,1 : 3605.0
1,1,1,1,0,1,1,1,0,1,1,1,0,1,1,1,1,1,1,0,0,1,0,0,0,1 : 3605.0
1,1,1,1,0,1,1,1,0,1,1,1,0,1,1,1,1,1,1,1,0,1,0,0,0,1 : 3605.0
1,1,1,1,0,0,1,1,0,1,1,1,0,1,1,1,1,1,1,1,0,0,0,0,0,1 : 3605.0
1,1,1,1,0,0,1,1,0,1,1,1,0,1,1,0,1,1,1,0,0,1,0,0,0,1 : 3605.0
1,1,1,1,0,1,1,1,0,1,1,1,0,1,1,1,1,1,1,1,0,1,0,0,0,1 : 3605.0
1,1,1,1,0,0,1,1,0,1,1,1,0,1,1,0,1,1,1,1,0,1,0,0,0,1 : 3605.0
1,1,1,1,0,1,1,1,0,1,1,1,0,1,1,1,1,1,1,1,0,1,0,0,0,1 : 3605.0
1,1,1,0,1,1,1,1,0,1,1,1,0,1,1,0,1,1,1,0,0,0,0,0,0,1 : 3605.0
1,1,1,1,0,0,1,1,0,1,1,1,0,1,1,1,1,1,1,1,0,0,0,0,0,1 : 3605.0
1,1,1,1,0,1,1,1,0,1,1,1,0,1,1,1,1,1,1,1,0,1,0,0,0,1 : 3605.0
1,1,1,1,0,0,1,1,0,1,1,1,0,1,1,0,1,1,1,0,0,1,0,0,0,1 : 3605.0
1,1,1,1,0,0,1,1,0,1,1,1,0,1,1,1,1,1,1,0,0,1,0,0,0,1 : 3605.0
1,1,1,1,0,1,1,1,0,1,1,1,0,1,1,0,1,1,1,1,0,1,0,0,0,1 : 3605.0
1,1,1,1,0,1,1,1,0,1,1,1,0,1,1,1,1,1,1,1,0,1,0,0,0,1 : 3605.0
1,1,1,1,0,1,1,1,0,1,1,1,0,1,1,1,1,1,1,0,0,1,0,0,0,1 : 3605.0
1,1,1,1,0,1,1,1,0,1,1,1,0,1,1,1,1,1,1,1,0,1,0,0,0,1 : 3605.0
1,1,1,1,0,0,1,1,0,1,1,1,0,1,1,1,1,1,1,1,0,0,0,0,0,1 : 3605.0
1,1,1,1,0,0,1,1,0,1,1,1,0,1,1,0,1,1,1,0,0,1,0,0,0,1 : 3605.0
1,1,1,1,0,1,1,1,0,1,1,1,0,1,1,1,1,1,1,1,0,1,0,0,0,1 : 3605.0
1,1,1,1,0,0,1,1,0,1,1,1,0,1,1,0,1,1,1,1,0,1,0,0,0,1 : 3605.0
1,1,1,1,0,1,1,1,0,1,1,1,0,1,1,1,1,1,1,1,0,1,0,0,0,1 : 3605.0
1,1,1,0,1,1,1,1,0,1,1,1,0,1,1,0,1,1,1,0,0,0,0,0,0,1 : 3605.0
1,1,1,1,0,0,1,1,0,1,1,1,0,1,1,1,1,1,1,1,0,0,0,0,0,1 : 3605.0
1,1,1,1,0,1,1,1,0,1,1,1,0,1,1,1,1,1,1,1,0,1,0,0,0,1 : 3605.0
1,1,1,1,0,0,1,1,0,1,1,1,0,1,1,0,1,1,1,0,0,1,0,0,0,1 : 3605.0
1,1,1,0,1,1,1,0,1,0,1,1,0,1,1,0,1,1,1,1,0,0,1,0,1,0 : 4668.0
1,1,1,0,1,1,1,0,1,0,1,1,0,1,1,0,1,1,1,1,0,0,1,0,1,0 : 4668.0
