1,0,0,0,1,1,1,0,0,1,1 : 214.8866
1,0,0,0,0,0,1,0,0,1,0 : 200.66
1,0,0,1,0,0,0,1,0,0,0 : 207.7466
1,0,0,0,1,1,0,0,1,0,1 : 213.9966
1,0,0,0,0,0,0,0,0,1,0 : 199.6833
1,0,0,0,0,1,0,0,0,1,0 : 200.38
1,0,0,1,1,1,0,0,1,1,0 : 210.5066
1,0,0,0,1,0,0,0,0,1,0 : 199.6833
1,0,0,0,0,0,0,1,1,1,0 : 199.6833
1,0,0,0,0,0,0,1,1,1,0 : 199.6833
1,0,0,0,1,0,0,0,0,1,0 : 199.6833
1,0,0,0,1,0,0,0,0,1,0 : 199.6833
1,0,0,0,0,0,1,1,0,0,0 : 202.3866
1,0,0,0,1,0,0,0,1,0,1 : 213.9966
1,1,0,0,1,1,0,1,0,0,0 : 223.2133
1,0,0,0,1,0,0,0,0,1,0 : 199.6833
1,0,0,0,0,1,0,1,1,0,1 : 213.5333
1,0,0,0,0,1,0,0,0,1,0 : 200.38
1,0,0,0,1,1,0,0,1,0,0 : 203.9333
1,0,1,1,1,1,1,1,1,1,0 : 223.52
1,0,0,0,1,1,0,0,1,1,0 : 200.38
1,0,0,0,1,0,0,0,1,1,0 : 199.6833
1,0,0,0,0,0,0,0,0,1,0 : 199.6833
1,0,0,0,0,0,0,1,1,1,0 : 199.6833
1,1,0,0,0,0,0,0,0,0,0 : 219.1533
1,0,0,0,1,1,0,0,0,1,0 : 200.38
1,0,0,0,1,1,0,0,1,1,1 : 219.37
1,0,0,0,1,0,0,0,0,1,0 : 199.6833
1,0,0,0,1,0,0,0,1,0,0 : 201.5466
1,0,0,0,1,0,0,0,0,1,0 : 199.6833
1,0,0,0,1,0,1,0,1,1,0 : 202.68
1,0,0,0,0,0,0,1,1,1,0 : 199.6833
1,0,0,0,1,0,0,1,1,0,0 : 199.9533
1,0,0,0,1,1,0,0,0,1,0 : 200.38
1,0,0,0,1,0,0,1,1,1,0 : 199.6833
1,0,0,0,0,1,0,1,0,1,0 : 201.9733
1,0,0,0,1,1,1,0,1,1,0 : 202.68
1,0,0,0,1,1,1,0,0,1,0 : 202.68
1,0,0,0,1,0,0,0,0,0,0 : 201.5466
1,0,0,0,1,0,0,0,1,1,0 : 199.6833
1,0,0,0,1,1,1,1,0,1,0 : 202.68
1,0,0,0,0,0,0,0,1,1,0 : 199.6833
1,0,0,0,0,0,0,1,1,1,0 : 199.6833
1,0,0,0,0,1,1,0,1,1,0 : 203.9766
1,1,0,0,0,0,0,0,1,1,0 : 219.1533
1,0,0,0,1,0,0,0,1,1,0 : 199.6833
1,0,0,0,1,0,0,1,1,0,0 : 199.9533
1,0,0,0,0,0,0,0,0,1,0 : 199.6833
1,0,0,0,1,0,0,0,0,1,0 : 199.6833
1,0,0,0,1,0,0,0,0,1,0 : 199.6833
1,0,0,0,0,0,0,0,0,1,0 : 199.6833
1,0,0,0,1,0,0,0,0,1,0 : 199.6833
1,0,0,1,0,0,0,1,0,0,0 : 207.7466
1,0,0,0,0,0,0,1,1,1,0 : 199.6833
1,0,0,0,0,0,0,1,1,1,0 : 199.6833
1,0,0,0,0,0,0,0,0,1,0 : 199.6833
1,0,0,0,0,0,0,0,0,1,0 : 199.6833
1,0,0,0,0,1,1,1,1,0,0 : 204.1766
1,0,0,0,1,0,0,0,0,0,0 : 201.5466
1,0,0,0,0,0,0,0,1,1,0 : 199.6833
1,0,0,1,1,0,1,0,0,1,0 : 209.84
1,0,0,0,0,1,0,0,1,0,0 : 203.9333
1,0,0,0,0,0,0,0,0,1,0 : 199.6833
1,0,0,0,0,0,0,0,0,1,0 : 199.6833
1,0,0,0,0,0,0,1,1,0,0 : 199.9533
1,0,0,0,0,0,0,0,0,1,0 : 199.6833
1,0,0,0,1,0,0,0,0,1,0 : 199.6833
1,0,0,0,1,0,0,0,0,1,0 : 199.6833
1,0,0,0,1,0,0,1,1,1,0 : 199.6833
1,0,0,0,0,1,0,0,0,1,0 : 200.38
1,0,0,0,1,0,0,0,1,1,0 : 199.6833
1,0,0,0,1,0,0,1,0,1,0 : 199.6833
1,0,0,0,1,0,0,0,0,1,0 : 199.6833
1,0,0,0,0,0,0,1,1,1,0 : 199.6833
1,0,0,0,0,1,0,1,1,1,0 : 201.9733
1,0,0,0,0,0,0,0,1,1,0 : 199.6833
1,0,0,0,1,0,0,0,1,1,0 : 199.6833
1,1,0,0,0,0,0,1,0,1,0 : 219.1533
1,0,0,1,0,0,0,0,0,0,0 : 207.7466
1,0,0,0,1,0,0,0,1,1,0 : 199.6833
1,0,0,0,1,1,0,0,1,1,0 : 200.38
1,0,0,0,1,1,1,1,1,1,0 : 202.68
1,0,0,0,1,1,0,0,0,1,0 : 200.38
1,0,0,0,0,0,0,1,0,1,0 : 199.6833
1,0,0,1,1,0,0,1,0,0,0 : 209.84
1,0,0,0,0,0,0,1,0,1,0 : 199.6833
1,1,0,0,0,1,0,0,1,1,0 : 223.0133
1,0,0,0,0,0,0,0,0,1,0 : 199.6833
1,0,0,0,1,0,0,0,0,1,0 : 199.6833
1,0,0,0,0,0,0,0,1,1,0 : 199.6833
1,0,0,0,0,0,0,0,1,0,0 : 201.1533
1,0,0,0,1,1,0,1,0,1,0 : 201.9733
1,0,0,0,0,1,0,1,1,0,0 : 202.9366
1,0,0,0,1,1,0,1,1,0,0 : 202.9366
1,0,0,1,1,0,1,1,0,1,0 : 209.84
1,0,0,0,0,0,1,1,0,1,0 : 200.66
1,0,0,0,0,0,0,1,1,0,0 : 199.9533
1,0,0,0,0,0,0,0,0,1,0 : 199.6833
1,0,0,0,0,0,0,1,1,1,0 : 199.6833
1,0,0,0,1,0,0,0,1,1,0 : 199.6833
