1,0,0,0,1,0,0,1,1,1,0 : 199.6833
1,0,0,0,1,0,1,1,1,0,0 : 205.7066
1,0,0,0,1,0,0,1,1,1,0 : 199.6833
1,0,0,0,0,1,1,0,1,0,1 : 215.19
1,0,0,0,1,0,0,1,1,0,0 : 199.9533
1,0,0,0,0,0,0,1,0,0,0 : 199.9533
1,0,0,0,1,1,0,0,1,1,0 : 200.38
1,0,0,0,1,0,0,0,1,0,0 : 201.5466
1,0,0,1,1,1,0,0,1,0,0 : 210.5066
1,0,0,1,0,1,0,1,1,1,0 : 212.0533
1,0,1,0,1,0,1,0,1,1,0 : 219.3966
1,0,0,1,1,1,0,0,0,0,0 : 210.5066
1,0,0,0,1,0,0,0,1,0,0 : 201.5466
1,0,1,1,1,1,1,1,1,0,0 : 223.52
1,0,0,0,0,0,1,1,1,1,0 : 205.99
1,0,0,0,1,0,0,1,0,0,0 : 199.9533
1,0,0,0,0,0,1,0,0,1,1 : 214.37
1,0,0,0,1,1,0,0,1,1,0 : 200.38
1,0,0,0,1,1,0,0,1,0,0 : 203.9333
1,0,0,0,1,1,0,0,1,1,0 : 200.38
1,0,0,0,1,0,0,1,0,1,0 : 199.6833
1,0,0,0,1,0,0,0,1,1,0 : 199.6833
1,0,0,0,1,0,0,1,0,0,0 : 199.9533
1,0,0,0,1,1,0,1,0,1,0 : 201.9733
1,0,0,0,0,0,1,0,0,1,0 : 200.66
1,0,0,0,1,0,0,1,0,0,0 : 199.9533
1,0,1,0,1,0,0,1,1,0,0 : 219.3966
1,0,0,0,1,0,0,1,0,1,0 : 199.6833
1,1,0,0,1,1,1,1,1,1,0 : 229.2433
1,0,0,0,0,0,0,0,1,0,0 : 201.1533
1,1,1,0,1,0,0,1,0,0,1 : 249.5766
1,0,0,0,0,0,1,1,1,1,0 : 205.99
1,1,0,0,0,0,1,0,1,1,0 : 229.2433
1,0,0,0,1,1,0,0,1,1,0 : 200.38
1,0,0,0,1,0,0,1,0,1,0 : 199.6833
1,1,0,0,0,0,0,1,1,0,0 : 219.1533
1,0,0,0,1,1,0,1,1,1,0 : 201.9733
1,0,0,0,1,1,0,1,1,0,1 : 213.9966
1,0,1,0,0,0,1,0,0,1,0 : 218.89
1,0,0,0,1,0,0,1,0,0,0 : 199.9533
1,0,1,0,0,1,0,1,0,0,0 : 224.1766
1,0,0,0,0,0,1,0,0,0,0 : 202.3866
1,0,0,0,1,0,0,0,0,1,0 : 199.6833
1,0,0,0,1,1,1,1,0,1,0 : 202.68
1,0,1,0,1,0,0,0,0,0,0 : 221.7833
1,0,0,0,1,1,0,1,0,1,0 : 201.9733
1,0,0,1,1,1,1,0,0,0,0 : 215.3666
1,0,0,0,1,1,0,1,1,0,0 : 202.9366
1,0,0,0,1,1,1,1,0,1,0 : 202.68
1,0,0,0,1,0,0,0,0,1,0 : 199.6833
1,0,0,0,1,0,0,1,0,1,0 : 199.6833
1,0,0,0,1,1,0,0,1,1,0 : 200.38
1,0,0,0,1,1,0,1,0,1,0 : 201.9733
1,0,0,0,1,0,0,1,0,1,0 : 199.6833
1,0,0,0,1,0,0,1,0,1,0 : 199.6833
1,0,0,0,1,1,0,0,1,1,0 : 200.38
1,0,0,0,0,0,1,0,1,0,0 : 203.9766
1,0,0,0,0,0,0,1,1,0,0 : 199.9533
1,0,0,1,0,1,0,0,0,0,0 : 210.5066
1,0,0,0,0,0,1,1,0,1,0 : 200.66
1,0,0,1,1,0,1,0,0,1,0 : 209.84
1,0,0,1,0,1,1,1,1,0,0 : 215.47
1,0,0,1,0,0,0,1,1,0,0 : 208.37
1,0,0,0,0,0,1,0,0,1,0 : 200.66
1,0,0,0,1,1,0,0,1,0,0 : 203.9333
1,0,0,0,0,0,0,1,0,1,0 : 199.6833
1,0,0,0,1,0,0,1,1,1,0 : 199.6833
1,0,0,0,1,0,0,1,1,1,0 : 199.6833
1,0,0,0,1,1,1,1,0,1,0 : 202.68
1,0,0,0,0,0,1,0,1,1,0 : 203.9766
1,0,0,0,1,0,0,1,1,0,0 : 199.9533
1,0,0,1,1,0,0,1,0,1,0 : 209.84
1,0,0,0,0,0,1,1,0,1,0 : 200.66
1,0,1,0,1,0,1,0,1,0,0 : 219.3966
1,0,1,0,1,0,1,1,0,1,0 : 218.89
1,0,0,0,0,0,0,1,1,0,0 : 199.9533
1,0,0,0,0,0,0,1,1,1,0 : 199.6833
1,0,0,0,1,0,1,1,0,1,1 : 215.1833
1,0,0,0,0,1,0,0,0,1,0 : 200.38
1,0,0,0,0,0,0,1,0,1,0 : 199.6833
1,0,0,0,1,0,0,0,0,0,0 : 201.5466
1,0,0,0,0,1,0,1,0,0,0 : 202.9366
1,0,0,0,1,0,0,1,0,1,0 : 199.6833
1,0,0,0,1,1,0,1,0,1,1 : 215.1833
1,0,0,1,1,0,1,0,0,1,0 : 209.84
1,0,1,0,1,1,0,0,0,1,0 : 224.0733
1,0,0,0,1,1,0,0,1,1,0 : 200.38
1,0,0,0,1,0,0,0,1,1,0 : 199.6833
1,0,0,0,0,1,0,1,0,1,0 : 201.9733
1,0,0,0,0,1,0,0,1,1,0 : 200.38
1,0,0,0,1,0,0,1,1,1,0 : 199.6833
1,0,0,0,0,1,1,1,0,0,0 : 205.3633
1,0,0,0,1,1,0,0,1,1,0 : 200.38
1,0,0,0,1,1,0,1,1,0,0 : 202.9366
1,0,0,0,0,0,0,1,1,1,0 : 199.6833
1,0,0,0,0,0,1,0,1,1,0 : 203.9766
1,0,0,0,0,1,0,0,1,0,0 : 203.9333
1,1,0,0,0,1,1,0,1,0,0 : 224.3366
1,0,1,0,1,0,1,1,1,0,0 : 219.3966
1,0,0,0,1,0,0,0,1,1,0 : 199.6833
