1,0,1,1,0,0,0,0,1,0,1 : 247.8733
1,0,0,1,1,0,0,0,1,0,0 : 215.9466
1,0,0,0,1,1,1,0,1,0,0 : 205.0866
1,0,1,0,0,0,0,0,0,1,0 : 218.8166
1,0,0,1,0,1,1,0,0,0,0 : 214.05
1,0,0,0,1,1,0,1,1,0,0 : 205.0866
1,1,0,0,1,1,0,1,1,1,0 : 223.2133
1,0,1,1,1,1,0,1,1,1,0 : 228.8566
1,1,1,0,0,0,1,0,0,0,0 : 236.8866
1,0,1,0,0,0,1,1,1,0,1 : 234.56
1,0,1,0,1,1,0,0,0,1,0 : 219.0766
1,0,1,1,0,0,1,0,1,0,0 : 229.2766
1,1,0,1,0,0,1,0,0,0,1 : 250.4433
1,1,1,1,1,0,0,0,1,1,0 : 255.47
1,1,0,1,1,1,0,0,1,0,0 : 236.95
1,0,0,0,0,0,1,0,0,0,1 : 218.0733
1,0,1,0,0,0,1,1,1,1,0 : 217.2866
1,0,1,1,0,1,0,0,1,1,0 : 228.8566
1,0,0,1,1,0,1,1,1,1,0 : 215.9466
1,1,1,0,1,1,0,1,0,1,0 : 246.7566
1,0,0,0,1,0,1,1,0,1,1 : 217.0733
1,0,1,1,0,0,1,1,1,0,0 : 229.2766
1,1,0,1,0,0,0,1,0,1,1 : 244.8466
1,0,0,0,0,0,1,0,1,0,0 : 205.0866
1,0,0,1,0,1,1,1,1,0,0 : 215.9466
1,1,0,1,0,1,0,0,1,0,0 : 236.95
1,1,1,0,0,0,1,1,1,1,0 : 236.8866
1,0,1,1,0,1,0,1,0,1,1 : 246.1266
1,0,1,0,1,1,0,1,1,0,0 : 219.0766
1,1,0,0,1,1,0,0,1,0,0 : 223.2133
1,1,0,0,0,0,0,0,0,0,1 : 230.79
1,1,0,1,0,0,1,0,0,0,1 : 250.4433
1,1,1,1,1,0,1,1,0,1,0 : 248.97
1,0,0,0,0,0,1,1,0,0,0 : 205.0866
1,1,0,0,1,0,0,1,0,1,0 : 223.4933
1,1,1,1,1,1,0,0,1,0,0 : 255.47
1,0,0,0,1,1,1,1,1,0,1 : 217.0733
1,0,0,1,0,0,1,1,1,1,1 : 246.1266
1,0,0,0,0,1,1,1,0,1,0 : 205.0866
1,1,0,1,1,1,0,0,0,0,1 : 249.3
1,0,0,0,0,0,1,0,1,1,0 : 205.0866
1,1,1,0,0,1,0,1,1,1,1 : 252.18
1,1,0,1,1,1,0,1,0,0,0 : 237.69
1,0,0,1,0,0,1,0,0,0,0 : 214.05
1,1,0,1,0,0,1,1,0,1,0 : 240.9933
1,1,0,0,1,0,1,0,0,0,1 : 230.79
1,1,0,0,1,1,0,1,0,0,0 : 223.2133
1,1,0,1,0,0,0,1,0,0,1 : 244.8466
1,0,0,0,1,0,1,1,1,1,1 : 217.0733
1,0,1,0,0,1,1,1,0,1,1 : 232.99
1,0,0,1,0,0,0,0,0,1,1 : 246.1266
1,1,0,0,0,1,1,1,0,1,0 : 223.2133
1,1,0,1,1,0,0,0,0,1,0 : 233.6666
1,1,0,1,1,1,0,0,0,0,0 : 236.95
1,0,1,1,1,1,1,1,1,1,1 : 249.36
1,1,0,1,1,0,0,0,1,0,0 : 233.6666
1,1,0,1,1,1,1,1,0,1,0 : 237.69
1,1,0,1,1,1,1,0,0,1,0 : 236.95
1,0,1,0,1,0,0,0,0,1,1 : 231.62
1,0,0,0,0,0,1,0,1,1,0 : 205.0866
1,0,0,0,0,1,1,0,1,1,0 : 205.0866
1,1,1,0,1,0,1,1,0,1,0 : 236.8866
1,0,0,0,1,0,1,1,1,0,1 : 217.0733
1,1,0,1,1,0,0,0,0,1,0 : 233.6666
1,0,0,1,1,1,0,0,0,1,0 : 214.05
1,0,1,0,1,1,0,0,0,1,1 : 231.62
1,0,0,0,0,0,1,1,0,1,1 : 217.0733
1,1,1,0,0,0,1,1,0,1,1 : 252.18
1,0,1,0,1,1,0,1,1,1,1 : 236.17
1,1,0,1,0,0,0,1,0,0,1 : 244.8466
1,0,0,0,1,0,1,0,1,0,1 : 218.0733
1,0,0,0,1,1,1,1,0,0,1 : 217.0733
1,1,0,1,1,1,1,0,0,0,0 : 236.95
1,1,0,0,0,1,0,0,0,0,1 : 230.79
1,0,1,0,0,1,1,0,1,1,0 : 219.9666
1,0,0,1,0,1,1,0,1,1,1 : 246.1266
1,0,0,1,1,1,0,0,1,1,0 : 215.9466
1,0,1,1,0,1,0,0,0,1,1 : 246.1266
1,1,1,1,1,1,0,0,0,1,0 : 255.0233
1,0,0,0,1,0,1,0,0,1,0 : 205.0866
1,0,1,0,1,1,1,1,0,0,0 : 219.0766
1,0,1,0,1,1,0,0,0,0,0 : 219.0766
1,1,0,0,0,0,1,0,0,1,0 : 223.3366
1,1,0,0,1,0,0,1,0,1,0 : 223.4933
1,1,1,1,0,1,1,0,1,1,0 : 255.47
1,0,0,0,1,0,1,0,0,0,0 : 205.0866
1,0,1,0,0,0,0,1,1,1,0 : 217.2866
1,0,1,1,0,0,0,1,0,0,0 : 229.2766
1,0,0,0,1,0,1,0,1,0,1 : 218.0733
1,0,1,1,1,0,0,1,1,0,0 : 232.1433
1,0,1,0,1,0,0,0,0,0,1 : 234.0633
1,0,1,0,0,0,1,0,1,1,0 : 218.0966
1,0,1,0,0,0,1,1,0,1,0 : 217.2866
1,0,1,1,0,1,0,1,0,1,1 : 246.1266
1,0,0,0,1,1,1,1,0,0,1 : 217.0733
1,0,0,0,0,0,1,1,1,1,1 : 217.0733
1,0,0,1,1,1,1,0,0,0,0 : 214.05
1,1,0,1,1,0,0,0,0,1,1 : 249.3
1,0,1,1,1,0,0,1,1,1,0 : 225.7966
1,1,1,0,1,0,0,0,0,1,0 : 236.8866
