1,1,1,1,0,1,1,1,0,0,1,1,0,1,1,1,1,1,1,1,0,1,0,0,0,0 : 3053.0
1,1,1,1,0,1,1,1,0,0,1,1,0,1,1,1,1,1,1,1,0,1,0,0,0,0 : 3053.0
1,1,1,1,0,1,1,0,1,0,1,1,0,1,1,0,1,1,1,1,0,1,1,1,0,1 : 3139.0
1,1,1,1,0,1,0,0,0,0,1,1,0,1,1,0,1,1,1,1,0,0,0,1,0,0 : 3139.0
1,1,1,1,0,1,1,0,1,0,1,1,0,1,1,0,1,1,1,1,0,1,1,1,0,1 : 3139.0
1,1,1,1,0,1,0,0,0,0,1,1,0,1,1,0,1,1,1,1,0,0,0,1,0,0 : 3139.0
1,1,1,1,0,1,1,1,0,1,1,1,0,1,1,1,1,1,1,1,0,1,0,0,0,0 : 3154.0
1,1,1,1,0,1,0,1,0,1,1,1,0,1,1,1,1,1,1,1,1,1,1,1,0,0 : 3154.0
1,1,1,1,0,1,1,1,0,1,1,1,0,1,1,0,1,1,1,0,0,1,1,1,0,0 : 3154.0
1,1,1,1,0,1,1,1,0,1,1,1,0,1,1,1,1,1,1,1,0,1,0,0,0,0 : 3154.0
1,1,1,1,0,1,0,1,0,1,1,1,0,1,1,1,1,1,1,1,1,1,1,1,0,0 : 3154.0
1,1,1,1,0,1,1,1,0,1,1,1,0,1,1,0,1,1,1,0,0,1,1,1,0,0 : 3154.0
1,1,1,1,0,0,1,1,0,0,1,1,0,1,1,0,1,1,1,0,0,1,1,1,0,1 : 3155.0
1,1,1,1,0,1,1,1,0,0,1,1,0,1,1,0,1,1,1,1,0,1,1,1,0,1 : 3155.0
1,1,1,1,0,0,0,1,0,0,1,1,0,1,1,0,1,1,1,0,0,1,1,1,0,1 : 3155.0
1,1,1,1,0,0,1,1,0,0,1,1,0,1,1,0,1,1,1,0,0,1,1,1,0,1 : 3155.0
1,1,1,1,0,1,1,1,0,0,1,1,0,1,1,0,1,1,1,1,0,1,1,1,0,1 : 3155.0
1,1,1,1,0,0,0,1,0,0,1,1,0,1,1,0,1,1,1,0,0,1,1,1,0,1 : 3155.0
1,1,1,1,0,0,0,1,1,0,1,1,0,1,1,0,1,1,1,0,0,0,0,1,0,1 : 3182.0
1,1,1,1,0,1,0,1,0,0,1,1,0,1,1,0,1,1,1,0,0,0,1,1,0,0 : 3182.0
1,1,1,1,0,0,0,1,1,0,1,1,0,1,1,0,1,1,1,0,0,0,0,1,0,1 : 3182.0
1,1,1,1,0,1,0,1,0,0,1,1,0,1,1,0,1,1,1,1,0,0,1,1,0,0 : 3182.0
1,1,1,1,0,0,0,1,1,0,1,1,0,1,1,0,1,1,1,0,0,0,0,1,0,1 : 3182.0
1,1,1,1,0,1,0,1,0,0,1,1,0,1,1,0,1,1,1,0,0,0,1,1,0,0 : 3182.0
1,1,1,1,0,0,0,1,1,0,1,1,0,1,1,0,1,1,1,0,0,0,0,1,0,1 : 3182.0
1,1,1,1,0,1,0,1,0,0,1,1,0,1,1,0,1,1,1,1,0,0,1,1,0,0 : 3182.0
1,1,1,1,0,0,0,0,0,0,1,1,0,1,1,1,1,1,1,1,0,0,1,1,0,1 : 3238.0
1,1,1,1,0,1,0,0,0,0,1,1,0,1,1,1,1,1,1,1,0,0,0,1,0,1 : 3238.0
1,1,1,1,0,0,0,0,0,0,1,1,0,1,1,1,1,1,1,1,0,0,1,1,0,1 : 3238.0
1,1,1,1,0,1,0,0,0,0,1,1,0,1,1,1,1,1,1,1,0,0,0,1,0,1 : 3238.0
1,1,1,1,0,0,0,0,0,0,1,1,0,1,1,1,1,1,1,0,0,1,1,1,0,1 : 3263.0
1,1,1,1,0,0,0,0,0,0,1,1,0,1,1,1,1,1,1,0,0,0,0,1,0,1 : 3263.0
1,1,1,1,0,0,0,0,0,0,1,1,0,1,1,1,1,1,1,0,0,1,1,1,0,1 : 3263.0
1,1,1,1,0,0,0,0,0,0,1,1,0,1,1,1,1,1,1,0,0,0,0,1,0,1 : 3263.0
1,1,1,1,0,1,0,0,1,1,1,1,0,1,1,0,1,1,1,0,0,0,0,1,0,1 : 3303.0
1,1,1,1,0,1,0,0,1,1,1,1,0,1,1,0,1,1,1,0,0,0,0,1,0,1 : 3303.0
1,1,1,1,0,1,0,0,1,1,1,1,0,1,1,0,1,1,1,0,0,0,0,1,0,1 : 3303.0
1,1,1,1,0,1,0,0,1,1,1,1,0,1,1,0,1,1,1,0,0,0,0,1,0,1 : 3303.0
1,1,1,0,1,1,1,1,0,1,1,1,0,1,1,1,1,1,1,0,0,0,0,1,0,0 : 3341.0
1,1,1,1,0,1,0,1,0,1,1,1,0,1,1,1,1,1,1,1,0,0,0,1,0,0 : 3341.0
1,1,1,1,0,1,0,1,0,1,1,1,0,1,1,1,1,1,1,1,0,0,0,0,0,0 : 3341.0
1,1,1,0,1,1,1,1,0,1,1,1,0,1,1,1,1,1,1,0,0,0,0,1,0,0 : 3341.0
1,1,1,1,0,1,0,1,0,1,1,1,0,1,1,1,1,1,1,1,0,0,0,1,0,0 : 3341.0
1,1,1,1,0,1,0,1,0,1,1,1,0,1,1,1,1,1,1,1,0,0,0,0,0,0 : 3341.0
1,1,1,1,0,0,0,0,0,1,1,1,0,1,1,1,1,1,1,0,0,0,0,1,0,1 : 3605.0
1,1,1,1,0,1,0,0,0,1,1,1,0,1,1,0,1,1,1,1,0,0,0,1,0,1 : 3605.0
1,1,1,1,0,0,0,0,0,1,1,1,0,1,1,0,1,1,1,0,0,0,0,0,0,1 : 3605.0
1,1,1,1,0,0,0,0,0,1,1,1,0,1,1,1,1,1,1,0,0,0,0,1,0,1 : 3605.0
1,1,1,1,0,0,0,0,0,1,1,1,0,1,1,1,1,1,1,0,0,0,0,1,0,1 : 3605.0
1,1,1,1,0,1,0,0,0,1,1,1,0,1,1,0,1,1,1,1,0,0,0,1,0,1 : 3605.0
1,1,1,1,0,0,0,0,0,1,1,1,0,1,1,0,1,1,1,0,0,0,0,0,0,1 : 3605.0
1,1,1,1,0,0,0,0,0,1,1,1,0,1,1,1,1,1,1,0,0,0,0,1,0,1 : 3605.0
1,1,1,1,0,1,0,1,0,0,1,1,0,1,1,1,1,1,1,0,0,1,0,0,1,1 : 4880.0
1,1,1,1,0,1,1,1,0,0,1,1,0,1,1,1,1,1,1,1,0,0,0,1,1,1 : 4880.0
1,1,1,1,0,1,0,1,0,0,1,1,0,1,1,1,1,1,1,0,0,1,0,0,1,1 : 4880.0
1,1,1,1,0,1,0,1,0,0,1,1,0,1,1,1,1,1,1,0,0,1,0,0,1,1 : 4880.0
1,1,1,1,0,1,1,1,0,0,1,1,0,1,1,1,1,1,1,1,0,0,0,1,1,1 : 4880.0
1,1,1,1,0,1,0,1,0,0,1,1,0,1,1,1,1,1,1,0,0,1,0,0,1,1 : 4880.0
1,1,1,1,0,1,1,1,0,0,1,1,0,1,1,1,1,1,1,1,0,0,0,1,1,1 : 4880.0
1,1,1,1,0,1,0,1,0,0,1,1,0,1,1,1,1,1,1,0,0,1,0,0,1,1 : 4880.0
1,1,1,1,0,1,0,1,0,0,1,1,0,1,1,1,1,1,1,0,0,1,0,0,1,1 : 4880.0
1,1,1,1,0,1,1,1,0,0,1,1,0,1,1,1,1,1,1,1,0,0,0,1,1,1 : 4880.0
1,1,1,1,0,1,0,1,1,0,1,1,0,1,1,0,1,1,1,0,0,1,1,0,1,1 : 4907.0
1,1,1,1,0,1,0,1,1,0,1,1,0,1,1,0,1,1,1,0,0,1,0,0,1,1 : 4907.0
1,1,1,1,0,1,0,1,1,0,1,1,0,1,1,0,1,1,1,0,0,1,1,0,1,1 : 4907.0
1,1,1,1,0,1,0,1,1,0,1,1,0,1,1,0,1,1,1,0,0,1,1,0,1,1 : 4907.0
1,1,1,1,0,1,0,0,1,0,1,1,0,1,1,0,1,1,1,0,0,1,0,1,1,1 : 4907.0
1,1,1,1,0,1,0,1,1,0,1,1,0,1,1,0,1,1,1,0,0,1,1,0,1,1 : 4907.0
1,1,1,1,0,1,0,1,1,0,1,1,0,1,1,0,1,1,1,0,0,1,0,0,1,1 : 4907.0
1,1,1,1,0,1,0,1,1,0,1,1,0,1,1,0,1,1,1,0,0,1,1,0,1,1 : 4907.0
1,1,1,1,0,1,0,1,1,0,1,1,0,1,1,0,1,1,1,0,0,1,1,0,1,1 : 4907.0
1,1,1,1,0,1,0,0,1,0,1,1,0,1,1,0,1,1,1,0,0,1,0,1,1,1 : 4907.0
1,1,1,0,1,1,1,1,0,1,1,1,0,1,1,1,1,1,1,0,0,1,0,1,1,0 : 5048.0
1,1,1,0,1,1,1,1,0,1,1,1,0,1,1,0,1,1,1,0,0,0,0,0,1,1 : 5048.0
1,1,1,0,1,1,1,1,0,1,1,1,0,1,1,1,1,1,1,0,0,1,0,1,1,0 : 5048.0
1,1,1,0,1,1,1,1,0,1,1,1,0,1,1,0,1,1,1,0,0,0,0,0,1,1 : 5048.0
1,1,1,0,1,1,1,1,0,1,1,1,0,1,1,0,1,1,1,1,0,0,0,0,1,1 : 5062.0
1,1,1,0,1,1,1,1,0,1,1,1,0,1,1,0,1,1,1,1,0,0,0,0,1,1 : 5062.0
1,1,1,1,0,1,0,1,0,1,1,1,0,1,1,1,1,1,1,1,0,1,1,0,1,1 : 5062.0
1,1,1,0,1,1,1,1,0,1,1,1,0,1,1,0,1,1,1,1,0,0,0,0,1,1 : 5062.0
1,1,1,0,1,1,1,1,0,1,1,1,0,1,1,0,1,1,1,1,0,0,0,0,1,1 : 5062.0
1,1,1,0,1,1,1,1,0,1,1,1,0,1,1,0,1,1,1,1,0,0,0,0,1,1 : 5062.0
1,1,1,1,0,1,0,1,0,1,1,1,0,1,1,1,1,1,1,1,0,1,1,0,1,1 : 5062.0
1,1,1,0,1,1,1,1,0,1,1,1,0,1,1,0,1,1,1,1,0,0,0,0,1,1 : 5062.0
1,1,1,1,0,0,1,0,1,1,1,1,0,1,1,0,1,1,1,1,0,0,0,1,1,0 : 5091.0
1,1,1,1,0,1,0,0,1,1,1,1,0,1,1,0,1,1,1,1,0,0,1,0,1,1 : 5091.0
1,1,1,1,0,0,0,0,1,1,1,1,0,1,1,1,1,1,1,1,0,0,1,0,1,1 : 5091.0
1,1,1,1,0,0,1,0,1,1,1,1,0,1,1,0,1,1,1,1,0,0,0,1,1,0 : 5091.0
1,1,1,1,0,0,0,0,1,1,1,1,0,1,1,1,1,1,1,1,0,0,1,0,1,0 : 5091.0
1,1,1,1,0,0,1,0,1,1,1,1,0,1,1,0,1,1,1,1,0,0,0,1,1,0 : 5091.0
1,1,1,1,0,1,0,0,1,1,1,1,0,1,1,0,1,1,1,1,0,0,1,0,1,1 : 5091.0
1,1,1,1,0,0,0,0,1,1,1,1,0,1,1,1,1,1,1,1,0,0,1,0,1,1 : 5091.0
1,1,1,1,0,0,1,0,1,1,1,1,0,1,1,0,1,1,1,1,0,0,0,1,1,0 : 5091.0
1,1,1,1,0,0,0,0,1,1,1,1,0,1,1,1,1,1,1,1,0,0,1,0,1,0 : 5091.0
1,1,1,1,0,1,0,0,0,0,1,1,1,1,1,0,1,1,1,1,1,1,1,1,0,0 : 5186.0
1,1,1,1,0,1,0,0,1,0,1,0,1,1,1,0,1,1,1,1,1,1,1,1,0,0 : 5186.0
1,1,1,1,0,1,0,0,1,0,1,0,1,1,1,0,1,1,1,1,1,1,1,1,0,0 : 5186.0
1,1,1,1,0,1,0,0,1,0,1,0,1,1,1,0,1,1,1,1,1,1,1,1,0,0 : 5186.0
1,1,1,1,0,1,0,0,0,0,1,1,1,1,1,0,1,1,1,1,1,1,1,1,0,0 : 5186.0
1,1,1,1,0,1,0,0,1,0,1,0,1,1,1,0,1,1,1,1,1,1,1,1,0,0 : 5186.0
