1,1,0,1,1,0,1,0,0,0,1,1,1,0,0,0,1,0,0,1,0,1,0,1,0,1,1,0,0,0,1,0,1,1,0,1,1,0,1 : 13.1924
1,1,0,1,1,1,0,1,0,1,1,0,1,0,0,0,1,0,1,0,0,1,0,1,0,1,1,0,0,1,0,1,1,0,0,1,0,1,1 : 15.2654
1,0,0,0,0,0,0,0,0,1,1,0,0,0,1,1,1,0,1,0,1,0,1,1,0,1,0,0,0,0,0,0,1,0,0,0,0,0,0 : 13.0768
0,1,0,1,0,0,0,0,0,0,0,1,1,1,0,0,0,1,1,1,1,0,1,1,0,0,0,0,1,1,1,0,1,1,0,1,1,1,0 : 13.0713
0,1,1,1,0,0,0,1,1,1,0,0,0,0,1,0,1,0,0,1,1,1,1,0,0,1,1,0,1,1,1,1,1,0,0,1,1,1,0 : 13.1294
1,0,0,0,1,0,1,1,1,0,0,0,0,0,0,0,1,1,1,1,0,0,0,1,1,0,1,0,1,1,0,0,0,1,0,0,0,1,0 : 13.1543
1,0,0,1,0,0,0,0,1,1,0,1,1,1,0,0,0,0,0,0,1,1,1,1,1,0,1,0,0,0,0,0,1,1,0,1,1,1,0 : 13.1294
1,0,0,0,0,1,1,0,1,0,1,0,1,1,0,0,1,0,0,0,0,0,1,1,0,0,1,0,0,1,1,0,0,1,0,0,1,0,1 : 14.3553
0,1,1,1,0,0,0,0,0,1,0,0,0,1,1,1,1,1,1,0,1,0,1,1,0,0,0,0,1,1,1,0,0,1,0,0,1,0,1 : 12.6091
0,0,0,0,1,1,1,1,0,0,1,0,1,0,0,1,0,1,1,0,0,1,1,0,0,0,0,0,1,0,1,0,0,1,0,1,1,1,1 : 15.4642
1,1,0,0,1,0,1,1,0,1,0,0,0,1,1,0,0,1,0,1,1,1,0,0,1,1,0,0,0,1,0,0,1,1,0,0,1,1,0 : 13.6112
0,1,0,1,1,0,0,0,1,0,0,1,0,1,0,1,0,0,0,0,0,0,1,1,0,1,0,0,0,0,0,0,0,1,0,1,0,1,1 : 13.0193
1,0,0,0,1,0,1,0,0,1,1,0,0,0,0,0,1,0,0,1,0,0,0,0,1,1,0,0,1,0,1,0,1,1,0,1,1,0,1 : 15.6878
1,0,0,1,1,1,1,0,1,1,1,1,1,0,1,0,1,1,1,1,1,1,1,1,0,1,0,1,0,0,1,1,0,1,1,0,0,0,1 : 15.4335
0,1,0,0,0,0,1,1,1,1,0,0,1,0,1,1,1,0,1,1,1,0,0,1,0,1,1,0,0,1,0,1,1,0,0,0,1,0,0 : 13.0768
1,0,0,1,0,1,1,0,1,1,1,0,0,0,1,0,1,0,0,0,0,1,0,0,0,1,1,0,0,0,1,1,0,1,1,0,0,0,1 : 15.2801
1,1,0,0,0,0,0,0,0,0,0,1,0,1,1,0,1,1,0,1,1,1,1,0,1,1,0,0,0,1,0,0,0,1,0,0,0,0,1 : 13.6112
1,0,1,0,1,0,0,0,1,0,0,1,0,0,1,0,0,0,1,1,0,0,0,1,0,1,0,1,0,1,0,1,0,1,0,1,1,0,0 : 13.0344
1,0,1,0,1,0,0,0,0,1,1,0,1,1,0,0,0,1,1,1,1,0,0,0,0,0,0,0,1,0,1,0,0,0,0,1,0,1,0 : 12.7139
1,1,0,1,0,0,0,0,1,0,1,0,1,0,0,0,1,0,1,0,0,0,0,0,1,1,0,1,1,0,0,0,0,1,0,1,1,1,1 : 13.0372
0,0,0,1,1,0,1,0,0,0,0,0,0,1,1,0,0,0,1,1,0,0,0,0,0,0,1,0,1,0,1,0,0,1,0,0,0,0,1 : 13.1418
0,0,0,0,0,0,0,0,0,1,0,1,1,1,0,0,1,0,0,1,1,0,1,1,1,0,1,0,1,0,0,0,1,1,0,0,0,1,1 : 15.5928
0,0,0,1,1,0,1,1,1,0,0,0,1,1,0,1,1,1,1,1,0,1,0,0,0,0,1,0,1,1,1,0,0,0,0,1,0,1,0 : 13.0004
1,0,0,1,0,0,0,0,0,0,0,1,1,1,0,0,0,0,1,0,1,1,1,1,1,0,1,0,0,0,1,0,0,0,0,1,0,0,1 : 15.8531
1,1,0,0,1,0,0,0,0,1,1,0,0,1,1,1,1,0,1,1,0,1,1,0,1,0,1,1,1,0,0,0,1,0,0,0,0,1,1 : 13.0015
1,1,0,0,0,1,1,0,0,0,1,0,0,0,1,0,1,1,1,0,0,0,1,0,0,1,1,0,0,0,1,0,1,0,0,0,1,1,0 : 13.0854
0,1,0,1,1,0,0,0,1,1,0,1,1,0,1,0,0,0,0,0,1,0,1,1,0,1,0,1,0,0,1,0,0,1,0,1,0,0,0 : 13.1294
1,1,0,1,1,0,1,0,1,0,1,1,0,1,0,1,0,0,0,0,1,1,0,1,1,1,0,0,0,1,1,0,0,0,0,1,1,0,0 : 13.6437
1,1,0,1,0,0,1,1,1,0,1,0,0,1,1,1,0,0,0,1,0,1,1,1,0,1,0,1,0,1,0,1,0,1,0,1,1,0,0 : 13.3506
1,1,0,1,0,1,1,1,0,1,0,1,1,1,1,0,1,0,1,0,1,1,1,1,0,0,1,0,0,0,0,0,0,0,0,1,0,0,0 : 13.2118
1,1,1,0,0,0,1,0,1,1,1,1,0,1,0,0,0,1,1,1,0,0,1,0,0,0,0,1,1,0,0,0,0,1,0,0,0,0,1 : 16.3155
1,1,0,0,1,0,1,1,0,1,1,1,0,1,1,0,1,1,1,1,1,0,1,1,0,0,1,1,0,0,1,0,0,0,0,0,1,0,0 : 13.1283
1,1,1,0,0,1,0,1,0,0,1,0,1,1,0,0,0,1,1,0,1,0,0,0,0,0,1,0,0,0,0,0,0,1,0,1,1,0,0 : 13.0563
0,0,0,0,0,1,0,1,0,0,0,1,1,0,0,0,1,0,0,0,1,0,1,1,0,1,1,0,1,0,0,0,0,1,0,0,0,1,0 : 13.0686
1,1,0,0,1,1,0,0,0,0,0,1,0,1,1,0,1,1,0,0,1,0,0,0,1,0,1,0,0,1,0,0,1,0,0,1,0,1,0 : 13.0563
1,1,0,1,0,1,1,0,0,0,0,0,1,0,1,0,0,0,1,0,0,0,1,1,0,0,1,0,0,0,1,1,0,1,0,0,0,0,0 : 13.0854
1,1,0,1,1,0,1,1,1,1,0,1,0,1,1,1,1,0,1,1,0,0,0,0,1,0,1,1,0,0,1,1,1,0,0,1,1,1,0 : 13.1294
0,0,0,1,0,0,0,1,0,1,1,1,0,1,0,0,0,0,1,1,0,1,1,0,0,1,1,0,0,1,0,0,1,0,1,1,0,0,0 : 13.3384
1,1,0,1,1,0,1,1,1,1,1,0,0,0,0,0,1,0,1,0,1,0,1,1,0,0,1,0,0,0,1,0,1,1,0,1,1,0,0 : 13.1294
1,1,0,1,0,0,0,0,1,0,1,1,0,1,1,0,1,0,0,1,0,1,1,0,0,1,0,0,0,1,1,0,1,1,0,0,1,0,0 : 13.0372
1,0,1,0,1,0,0,1,0,1,0,1,0,0,1,0,1,0,1,1,0,0,0,0,0,0,0,0,0,1,0,1,0,1,0,0,1,0,0 : 13.2471
0,0,1,0,0,1,0,0,0,1,1,1,1,0,0,0,1,0,0,0,0,1,1,1,0,1,1,0,0,0,0,0,1,1,1,0,1,0,0 : 13.2118
0,0,1,0,0,0,1,0,1,0,0,0,1,1,1,1,0,1,0,1,0,1,0,0,0,1,0,0,0,1,0,0,0,1,1,0,0,0,1 : 13.0004
0,1,0,0,0,0,1,0,1,0,1,1,1,1,1,0,1,0,0,0,1,1,0,1,0,1,1,0,1,0,1,0,1,1,1,0,1,0,0 : 13.6216
1,0,1,0,1,0,0,1,0,0,1,0,0,0,0,0,1,0,1,1,0,0,1,1,1,1,0,0,0,1,1,1,1,0,0,1,1,1,0 : 13.5423
0,1,0,1,1,1,1,1,1,0,1,0,0,0,0,0,0,0,0,1,1,0,1,0,0,0,0,0,0,0,0,1,1,0,1,0,0,0,1 : 16.5683
1,0,0,1,0,0,0,1,0,0,0,0,1,0,1,0,1,1,0,1,0,1,0,1,0,0,1,0,0,0,0,1,0,1,0,1,0,0,1 : 13.0004
1,1,0,0,0,0,1,0,0,1,0,0,0,1,0,1,1,0,1,0,0,1,1,1,0,0,0,0,0,0,0,1,1,0,0,1,1,0,1 : 13.0015
1,0,0,0,0,0,0,0,0,0,1,1,0,1,1,0,0,0,0,1,1,1,0,1,0,1,1,1,0,1,0,0,1,1,0,0,0,1,0 : 13.0405
0,1,0,0,0,0,0,0,1,0,1,0,1,0,0,1,1,1,1,1,1,0,0,0,0,0,1,0,1,1,0,0,1,1,0,0,0,0,1 : 12.7139
0,0,0,0,0,0,0,1,1,0,1,1,1,1,1,1,1,1,1,1,1,0,0,0,0,1,1,1,1,0,0,0,1,1,0,0,1,0,0 : 13.1283
1,1,0,0,0,0,0,1,1,0,1,1,0,1,1,0,1,0,0,0,1,0,0,0,0,0,0,0,0,1,0,0,1,0,0,0,1,0,0 : 13.1113
0,0,1,0,0,1,0,0,0,0,0,0,1,0,0,1,1,0,0,0,1,0,1,1,1,0,1,0,1,0,1,0,1,0,0,1,0,0,0 : 13.0686
1,0,0,1,0,0,0,1,1,0,1,0,0,1,1,1,1,1,1,1,1,0,0,1,0,1,0,0,0,0,1,0,1,1,1,0,1,0,0 : 13.0451
0,1,0,1,0,0,0,0,1,1,0,1,1,1,1,1,1,1,1,0,1,0,1,0,0,1,0,0,1,0,1,0,1,1,1,0,1,0,0 : 16.3679
1,1,1,0,1,0,0,1,0,1,0,0,1,0,1,1,1,1,0,1,0,0,1,0,0,1,1,0,0,1,1,0,0,0,0,1,1,0,0 : 16.3155
0,0,0,1,1,0,0,0,0,0,1,1,0,0,1,0,1,1,0,1,1,1,0,0,0,0,1,0,1,0,1,0,0,0,0,1,0,0,0 : 12.8051
0,0,1,1,0,0,0,0,1,0,0,0,0,0,1,0,0,0,0,0,1,1,0,0,0,1,0,0,1,0,1,0,0,0,0,0,0,1,0 : 15.1972
0,0,1,0,0,0,1,1,1,0,1,0,0,0,1,1,1,0,0,1,0,1,0,0,0,0,0,0,0,0,0,0,0,1,0,1,1,0,0 : 13.2877
0,1,0,1,1,0,1,1,0,0,1,0,0,1,0,1,1,0,1,1,0,0,0,0,0,0,1,1,0,0,1,1,0,1,0,0,0,0,1 : 13.059
1,1,0,1,0,0,1,0,1,0,0,0,0,0,1,1,0,1,1,1,0,1,0,1,1,0,1,0,0,1,0,1,0,1,1,0,0,0,1 : 13.1543
1,0,0,1,0,0,0,0,0,0,1,0,0,1,0,0,0,1,1,1,1,0,0,1,0,1,0,0,0,0,1,0,0,0,0,1,0,1,1 : 13.0451
0,0,1,0,1,0,0,0,1,1,1,0,0,1,1,0,1,1,0,1,0,1,0,1,0,0,0,0,0,0,0,0,0,0,0,1,0,1,0 : 13.2594
1,0,1,0,0,0,1,0,0,0,0,1,0,1,1,0,1,0,1,0,0,0,1,1,0,0,1,1,0,1,0,0,1,0,0,1,1,0,0 : 13.1559
1,1,1,0,0,0,1,0,1,0,1,0,0,1,0,0,1,0,1,1,1,1,0,1,0,1,1,0,1,1,0,0,0,1,0,1,0,1,1 : 13.0344
1,0,0,1,1,1,0,0,0,1,0,0,0,0,1,1,1,1,1,0,0,1,1,0,0,1,1,0,1,0,1,1,0,1,0,1,0,0,1 : 13.2118
0,1,0,1,0,1,1,0,0,1,1,0,1,1,0,1,1,1,1,1,0,1,1,0,1,1,0,0,0,1,0,0,1,1,0,0,1,0,0 : 15.4335
1,1,0,0,1,1,1,0,0,1,1,0,0,0,1,0,0,0,1,0,1,0,1,0,0,0,1,0,0,1,0,1,1,0,0,0,0,1,1 : 13.0686
1,0,0,0,0,0,0,0,0,1,0,1,1,1,1,0,1,0,1,1,1,0,1,1,0,1,0,0,0,0,0,0,0,1,0,0,0,1,0 : 13.0405
0,0,0,0,0,0,0,1,1,0,0,0,0,1,0,0,1,0,0,0,1,0,1,0,0,0,0,1,0,1,0,1,1,0,0,1,0,1,1 : 13.1113
1,0,0,0,1,0,1,1,1,1,1,1,1,0,0,1,0,1,0,1,1,1,1,0,0,1,1,0,0,0,0,0,0,1,0,1,1,1,0 : 12.8051
0,0,0,1,0,0,1,0,0,0,1,0,1,1,1,0,0,1,1,1,0,0,0,1,0,0,1,0,0,1,0,0,0,1,0,0,0,1,1 : 13.0004
0,0,0,1,0,1,1,0,0,1,0,1,1,0,1,1,0,1,1,0,0,1,0,0,0,1,1,0,0,0,0,1,1,0,0,1,0,1,1 : 13.0563
1,1,0,1,1,0,1,0,1,1,1,0,1,1,1,1,0,0,0,0,1,1,0,1,0,1,1,1,0,1,0,0,1,0,0,1,1,1,0 : 13.1294
1,0,0,0,1,1,0,0,0,1,1,0,1,1,0,0,1,1,1,1,0,1,1,1,0,0,0,0,1,1,1,0,1,1,0,1,1,1,0 : 15.4335
1,0,0,1,0,0,1,1,1,0,1,0,1,0,0,1,1,1,0,1,1,1,0,1,0,1,0,1,0,0,1,1,1,0,0,0,1,0,0 : 13.6112
0,1,0,1,0,0,0,1,1,1,0,1,1,1,0,1,1,1,0,0,1,1,0,1,1,1,0,0,1,0,1,1,1,0,0,1,0,0,0 : 13.731
0,0,1,0,0,1,0,0,0,0,1,1,0,0,0,1,0,0,0,1,1,1,1,0,0,1,1,0,0,0,0,0,1,1,0,0,0,0,0 : 15.8336
1,0,0,0,0,0,0,1,1,0,1,0,0,1,0,0,1,0,1,1,0,1,1,0,1,1,0,1,0,0,1,0,1,0,0,0,1,0,0 : 13.0972
1,1,1,0,1,0,0,1,0,1,0,1,1,1,0,0,0,1,0,0,0,1,1,1,0,1,1,0,0,1,0,0,0,0,1,1,0,0,0 : 13.1554
0,0,0,1,0,1,0,0,0,0,1,0,1,0,1,0,0,0,1,0,1,1,1,0,1,0,1,1,0,0,1,0,0,0,1,0,0,1,0 : 13.2118
0,1,0,0,0,0,0,1,1,1,0,0,1,1,1,1,0,1,1,1,0,0,0,0,0,1,0,0,1,1,1,1,1,0,0,0,1,1,0 : 13.0004
0,0,0,1,1,0,1,1,1,1,1,0,1,0,0,0,1,0,1,1,0,0,0,1,1,1,0,0,1,1,0,0,0,0,0,1,1,0,0 : 13.1294
0,1,0,1,0,0,0,1,1,1,1,0,0,1,1,1,1,0,0,1,0,1,1,1,0,1,0,0,0,1,1,0,1,0,1,1,0,0,0 : 13.1294
1,1,1,0,1,0,0,1,1,1,0,0,0,1,0,1,0,0,0,1,0,0,1,1,1,1,0,0,1,1,0,0,0,1,0,1,0,0,1 : 13.5423
0,0,0,0,0,0,1,1,1,0,1,0,0,0,1,1,1,0,1,1,1,1,0,1,0,1,0,0,0,0,1,0,1,1,0,0,1,0,0 : 13.0972
0,1,0,1,0,1,1,1,0,0,0,1,1,1,0,0,1,1,0,0,1,0,0,1,0,1,1,0,0,1,0,0,1,1,0,1,1,1,0 : 13.0563
1,0,0,0,0,0,0,1,0,1,1,0,1,1,1,1,0,0,1,1,0,0,1,0,1,1,0,0,1,0,1,0,0,0,0,0,0,1,0 : 13.0212
1,0,0,1,0,0,1,0,1,1,0,1,0,0,0,0,0,0,0,0,1,1,1,1,0,1,0,0,0,0,1,1,0,1,0,1,0,0,1 : 13.1294
1,0,0,0,1,0,1,0,0,0,1,0,1,1,1,1,0,1,0,0,0,0,0,1,0,0,0,0,1,0,1,0,1,1,0,1,1,0,0 : 13.8373
0,0,0,1,1,0,0,0,1,0,0,0,0,0,1,0,0,1,1,1,1,1,0,0,0,0,1,0,0,0,1,0,1,1,0,1,1,1,1 : 13.0451
1,0,0,1,1,1,1,1,1,0,1,1,0,0,0,0,1,1,1,0,1,1,0,1,0,1,1,0,0,0,0,0,0,1,0,0,1,0,1 : 14.3553
0,0,0,1,1,0,0,0,0,1,1,1,1,1,0,0,1,1,0,1,1,1,1,0,1,0,1,0,0,1,0,0,1,1,0,1,0,0,0 : 12.8051
1,0,0,1,1,0,1,0,0,1,1,1,0,1,1,1,1,1,1,1,1,0,0,1,0,1,0,0,1,0,0,0,1,1,0,1,1,1,1 : 13.1283
0,0,1,0,1,0,0,0,0,0,0,1,0,0,1,0,1,1,0,0,1,0,0,1,1,0,1,1,1,0,0,0,0,0,0,1,1,0,1 : 13.2412
1,1,0,0,0,1,0,0,1,0,0,1,0,1,0,1,1,0,0,0,1,0,1,0,0,0,1,0,0,1,0,0,1,1,0,1,1,1,0 : 14.3553
1,0,0,0,0,0,1,1,0,0,1,1,0,1,1,0,0,1,0,0,0,0,1,1,0,0,1,0,0,1,1,0,0,1,0,1,1,1,0 : 13.8373
0,0,1,1,0,0,0,0,1,1,1,1,1,0,0,1,0,1,0,1,1,1,0,0,1,0,1,1,1,0,0,0,0,1,0,1,0,0,1 : 12.8051
1,0,0,0,1,1,1,1,0,1,0,1,1,1,1,1,0,0,1,0,1,0,0,0,0,1,1,0,1,0,0,0,1,0,0,1,0,1,1 : 15.2654
1,1,0,1,1,1,0,0,0,0,1,1,0,0,1,1,1,0,0,0,1,0,1,1,1,0,1,0,0,0,0,0,0,1,0,0,1,1,0 : 13.0686
