1,0,0,0,1,0,0,0,1,1,0 : 199.6833
1,0,0,0,1,0,0,0,1,1,0 : 199.6833
1,0,0,0,1,0,0,0,1,1,0 : 199.6833
1,0,0,0,1,0,0,0,1,1,0 : 199.6833
1,0,0,0,1,0,0,0,1,1,0 : 199.6833
1,0,0,0,1,0,0,0,1,1,0 : 199.6833
1,0,0,0,1,0,0,0,1,1,0 : 199.6833
1,0,0,0,1,0,0,0,1,1,0 : 199.6833
1,0,0,0,1,0,0,0,1,1,0 : 199.6833
1,0,0,0,1,0,0,0,1,1,0 : 199.6833
1,0,0,0,1,0,0,0,1,1,0 : 199.6833
1,0,0,0,1,0,0,0,1,1,0 : 199.6833
1,0,0,0,1,0,0,1,1,0,0 : 199.9533
1,0,0,0,1,0,0,1,1,0,0 : 199.9533
1,0,0,0,1,0,0,1,0,0,0 : 199.9533
1,0,0,0,1,0,0,1,1,0,0 : 199.9533
1,0,0,0,1,0,0,1,1,0,0 : 199.9533
1,0,0,0,1,0,0,1,1,0,0 : 199.9533
1,0,0,0,1,0,0,1,0,0,0 : 199.9533
1,0,0,0,1,0,0,1,1,0,0 : 199.9533
1,0,0,0,0,1,0,0,0,1,0 : 200.38
1,0,0,0,1,1,0,0,0,1,0 : 200.38
1,0,0,0,1,1,0,0,0,1,0 : 200.38
1,0,0,0,0,1,0,0,0,1,0 : 200.38
1,0,0,0,1,1,0,0,1,1,0 : 200.38
1,0,0,0,1,1,0,0,0,1,0 : 200.38
1,0,0,0,1,1,0,0,0,1,0 : 200.38
1,0,0,0,0,1,0,0,0,1,0 : 200.38
1,0,0,0,1,1,0,0,0,1,0 : 200.38
1,0,0,0,1,1,0,0,0,1,0 : 200.38
1,0,0,0,0,1,0,0,0,1,0 : 200.38
1,0,0,0,1,1,0,0,1,1,0 : 200.38
1,0,0,0,1,1,0,0,0,1,0 : 200.38
1,0,0,0,1,1,0,0,0,1,0 : 200.38
1,0,0,0,0,0,0,0,1,0,0 : 201.1533
1,0,0,0,0,0,0,0,1,0,0 : 201.1533
1,0,0,0,1,0,0,0,1,0,0 : 201.5466
1,0,0,0,1,0,0,0,1,0,0 : 201.5466
1,0,0,0,1,1,1,0,1,1,0 : 202.68
1,0,0,0,1,1,1,1,0,1,0 : 202.68
1,0,0,0,1,1,1,0,0,1,0 : 202.68
1,0,0,0,1,0,1,0,1,1,0 : 202.68
1,0,0,0,1,1,1,0,1,1,0 : 202.68
1,0,0,0,1,1,1,0,0,1,0 : 202.68
1,0,0,0,1,0,1,0,1,1,0 : 202.68
1,0,0,0,1,1,1,0,0,1,0 : 202.68
1,0,0,0,1,1,1,0,0,1,0 : 202.68
1,0,0,0,1,0,1,0,1,1,0 : 202.68
1,0,0,0,1,0,1,1,0,1,0 : 202.68
1,0,0,0,1,1,1,0,1,1,0 : 202.68
1,0,0,0,1,0,1,1,1,1,0 : 202.68
1,0,0,0,1,1,1,0,0,1,0 : 202.68
1,0,0,0,1,1,1,0,0,1,0 : 202.68
1,0,0,0,1,0,1,0,1,1,0 : 202.68
1,0,0,0,1,1,1,1,0,1,0 : 202.68
1,0,0,0,1,1,1,0,1,1,0 : 202.68
1,0,0,0,1,0,1,0,1,1,0 : 202.68
1,0,0,0,1,1,1,0,1,1,0 : 202.68
1,0,0,0,1,0,1,1,0,1,0 : 202.68
1,0,0,0,1,1,1,0,1,1,0 : 202.68
1,0,0,0,1,1,1,1,1,1,0 : 202.68
1,0,0,0,1,1,1,1,1,1,0 : 202.68
1,0,0,0,1,1,1,0,1,1,0 : 202.68
1,0,0,0,1,1,1,1,0,1,0 : 202.68
1,0,0,0,1,1,1,0,1,1,0 : 202.68
1,0,0,0,1,1,1,0,1,1,0 : 202.68
1,0,0,0,1,1,1,1,1,1,0 : 202.68
1,0,0,0,1,0,1,0,1,1,0 : 202.68
1,0,0,0,1,1,1,1,0,1,0 : 202.68
1,0,0,0,1,1,1,1,0,1,0 : 202.68
1,0,0,0,1,0,1,1,1,1,0 : 202.68
1,0,0,0,1,1,1,0,0,1,0 : 202.68
1,0,0,0,1,1,1,0,0,1,0 : 202.68
1,0,0,0,1,0,1,0,1,1,0 : 202.68
1,0,0,0,1,0,1,0,0,1,0 : 202.68
1,0,0,0,1,1,1,0,1,1,0 : 202.68
1,0,0,0,1,0,1,0,1,1,0 : 202.68
1,0,0,0,1,1,1,1,1,1,0 : 202.68
1,0,0,0,1,0,1,0,0,1,0 : 202.68
1,0,0,0,1,1,1,0,1,1,0 : 202.68
1,0,0,0,1,1,1,1,0,1,0 : 202.68
1,0,0,0,1,1,1,1,1,1,0 : 202.68
1,0,0,0,1,1,1,0,1,1,0 : 202.68
1,0,0,0,1,1,1,0,0,1,0 : 202.68
1,0,0,0,1,1,1,0,1,1,0 : 202.68
1,0,0,0,1,1,1,1,0,1,0 : 202.68
1,0,0,0,1,0,1,0,1,1,0 : 202.68
1,0,0,0,1,1,1,0,0,1,0 : 202.68
1,0,0,0,1,0,1,0,1,1,0 : 202.68
1,0,0,0,1,1,1,1,0,1,0 : 202.68
1,0,0,0,1,0,1,0,1,1,0 : 202.68
1,0,0,0,1,0,1,1,1,1,0 : 202.68
1,0,0,0,1,1,1,0,0,1,0 : 202.68
1,0,0,0,1,1,1,0,0,1,0 : 202.68
1,0,0,0,1,0,1,0,1,1,0 : 202.68
1,0,0,0,1,1,1,0,1,1,0 : 202.68
1,0,0,0,1,1,1,0,1,1,0 : 202.68
1,0,0,0,1,0,1,0,0,1,0 : 202.68
1,0,0,0,1,1,1,1,1,1,0 : 202.68
1,0,0,0,1,1,1,1,1,1,0 : 202.68
