0,1,0,0,0,1,0,1,1,0,0,0,0,1,0,0,0,1 : 0.3536
0,1,0,0,0,1,0,1,1,0,0,0,0,1,0,0,0,1 : 0.3536
0,1,0,0,0,1,0,1,1,0,0,0,0,1,0,0,0,1 : 0.3536
0,1,0,0,0,1,0,1,1,0,0,0,0,1,0,0,0,1 : 0.3536
0,1,0,0,0,1,0,1,1,0,0,0,0,1,0,0,0,1 : 0.3536
0,1,0,0,0,1,0,1,1,0,0,0,0,1,0,0,0,1 : 0.3536
0,1,0,0,0,1,0,1,1,0,0,0,0,1,0,0,0,1 : 0.3536
0,1,0,0,0,1,0,1,1,0,0,0,0,1,0,0,0,1 : 0.3536
0,1,0,0,0,1,0,1,1,0,0,0,0,1,0,0,0,1 : 0.3536
0,1,0,0,0,1,0,1,1,0,0,0,0,1,0,0,0,1 : 0.3536
0,1,1,1,0,0,0,1,1,0,0,0,0,1,1,0,0,0 : 0.3537
0,1,1,1,0,0,0,1,1,0,0,0,0,1,1,0,0,0 : 0.3537
0,1,0,1,0,1,0,1,1,0,0,0,0,1,1,0,0,0 : 0.3605
0,1,0,1,0,1,0,1,1,0,0,0,0,1,1,0,0,0 : 0.3605
0,1,0,1,0,1,0,1,1,0,0,0,0,1,1,0,0,0 : 0.3605
0,1,0,1,0,1,0,1,1,0,0,0,0,1,1,0,0,0 : 0.3605
0,1,0,1,1,0,0,1,1,0,0,0,0,1,1,0,0,0 : 0.3633
0,1,0,1,1,0,0,1,1,0,0,0,0,1,1,0,0,0 : 0.3633
0,1,0,0,1,1,0,1,1,0,0,0,0,1,0,0,0,1 : 0.3658
0,1,0,0,1,1,0,1,1,0,0,0,0,1,0,0,0,1 : 0.3658
0,1,0,0,1,0,0,1,1,0,0,0,0,1,0,0,0,1 : 0.3664
0,1,0,0,1,0,0,1,1,0,0,0,0,1,0,0,0,1 : 0.3664
0,1,0,0,1,0,0,1,1,0,0,0,0,1,0,0,0,1 : 0.3664
0,1,0,0,1,0,0,1,1,0,0,0,0,1,0,0,0,1 : 0.3664
0,1,0,0,1,1,0,1,1,0,0,0,0,1,1,0,0,0 : 0.3675
0,1,0,0,1,1,0,1,1,0,0,0,0,1,1,0,0,0 : 0.3675
0,1,0,1,1,1,0,1,1,0,0,0,0,1,1,0,0,0 : 0.3688
0,1,0,1,1,1,0,1,1,0,0,0,0,1,1,0,0,0 : 0.3688
0,1,0,1,1,1,0,1,1,0,0,0,0,1,1,0,0,0 : 0.3688
0,1,0,1,1,1,0,1,1,0,0,0,0,1,1,0,0,0 : 0.3688
0,1,0,1,1,1,0,1,1,0,0,0,0,1,1,0,0,0 : 0.3688
0,1,1,1,1,1,0,1,1,0,0,0,0,1,0,0,1,0 : 0.3688
0,1,0,1,1,1,0,1,1,0,0,0,0,1,1,0,0,0 : 0.3688
0,1,0,1,1,1,0,1,1,0,0,0,0,1,1,0,0,0 : 0.3688
0,1,0,1,1,1,0,1,1,0,0,0,0,1,1,0,0,0 : 0.3688
0,1,0,1,1,1,0,1,1,0,0,0,0,1,1,0,0,0 : 0.3688
0,1,0,1,1,1,0,1,1,0,0,0,0,1,1,0,0,0 : 0.3688
0,1,1,1,1,1,0,1,1,0,0,0,0,1,0,0,1,0 : 0.3688
0,1,0,0,1,0,0,1,1,0,0,0,0,1,0,1,0,0 : 0.3693
0,1,0,0,1,0,0,1,1,0,0,0,0,1,0,1,0,0 : 0.3693
0,1,0,1,1,0,1,1,1,0,0,0,0,1,0,0,1,0 : 0.383
0,1,0,1,1,0,1,1,1,0,0,0,0,1,0,0,1,0 : 0.383
0,1,0,1,1,0,1,1,1,0,0,0,0,1,0,0,1,0 : 0.383
0,1,0,1,1,0,1,1,1,0,0,0,0,1,0,0,1,0 : 0.383
0,0,1,0,0,0,0,1,0,1,0,0,0,1,0,0,0,1 : 0.4478
0,0,1,0,0,0,0,1,0,1,0,0,0,1,0,0,0,1 : 0.4478
0,0,0,0,0,0,1,1,0,1,0,0,0,1,0,0,0,1 : 0.4633
0,0,0,0,0,0,1,1,0,1,0,0,0,1,0,0,0,1 : 0.4633
0,0,0,0,0,0,1,1,0,1,0,0,0,1,0,0,0,1 : 0.4633
0,0,1,0,0,0,1,1,0,1,0,0,0,1,0,0,0,1 : 0.4633
0,0,0,0,0,0,1,1,0,1,0,0,0,1,0,0,0,1 : 0.4633
0,0,0,0,0,0,1,1,0,1,0,0,0,1,0,0,0,1 : 0.4633
0,0,0,0,0,0,1,1,0,1,0,0,0,1,0,0,0,1 : 0.4633
0,0,1,0,0,0,1,1,0,1,0,0,0,1,0,0,0,1 : 0.4633
0,0,0,0,0,1,1,1,0,1,0,0,0,1,0,1,0,0 : 0.4676
0,0,0,0,0,1,1,1,0,1,0,0,0,1,0,1,0,0 : 0.4676
0,0,1,1,0,0,1,1,0,1,0,0,0,1,0,0,0,1 : 0.4734
0,0,1,1,0,0,1,1,0,1,0,0,0,1,0,0,0,1 : 0.4734
0,0,1,1,0,0,1,1,0,1,0,0,0,1,0,0,0,1 : 0.4734
0,0,1,1,0,0,1,1,0,1,0,0,0,1,0,0,0,1 : 0.4734
0,0,1,1,0,0,1,1,0,1,0,0,0,1,0,0,0,1 : 0.4734
0,0,1,1,0,0,1,1,0,1,0,0,0,1,0,0,0,1 : 0.4734
0,0,1,1,0,0,1,1,0,1,0,0,0,1,0,0,0,1 : 0.4734
0,0,1,1,0,0,1,1,0,1,0,0,0,1,0,0,0,1 : 0.4734
0,0,1,1,0,0,1,1,0,1,0,0,0,1,0,0,0,1 : 0.4734
0,0,1,1,0,0,1,1,0,1,0,0,0,1,0,0,0,1 : 0.4734
0,0,0,1,0,1,1,1,0,1,0,0,0,1,0,1,0,0 : 0.4757
0,0,0,1,0,1,1,1,0,1,0,0,0,1,0,1,0,0 : 0.4757
0,0,0,1,0,1,1,1,0,1,0,0,0,1,0,1,0,0 : 0.4757
0,0,0,1,0,1,1,1,0,1,0,0,0,1,0,1,0,0 : 0.4757
0,0,0,0,0,0,0,1,0,0,1,0,0,1,1,0,0,0 : 0.4785
0,0,0,1,0,0,0,1,0,0,1,0,0,1,1,0,0,0 : 0.4785
0,0,0,1,0,0,0,1,0,0,1,0,0,1,1,0,0,0 : 0.4785
0,0,0,0,0,0,0,1,0,0,1,0,0,1,1,0,0,0 : 0.4785
0,0,0,1,0,0,0,1,0,0,1,0,0,1,1,0,0,0 : 0.4785
0,0,0,0,0,0,0,1,0,0,1,0,0,1,1,0,0,0 : 0.4785
0,0,0,1,0,0,0,1,0,0,1,0,0,1,1,0,0,0 : 0.4785
0,0,0,1,0,0,0,1,0,0,1,0,0,1,1,0,0,0 : 0.4785
0,0,0,0,0,0,0,1,0,0,1,0,0,1,1,0,0,0 : 0.4785
0,0,0,1,0,0,0,1,0,0,1,0,0,1,1,0,0,0 : 0.4785
0,0,0,0,1,1,0,1,0,0,1,0,0,1,0,1,0,0 : 0.5057
0,0,0,0,1,1,0,1,0,0,1,0,0,1,0,1,0,0 : 0.5057
0,0,0,0,0,1,0,1,0,0,1,0,0,1,0,1,0,0 : 0.5087
0,0,0,0,0,1,0,1,0,0,1,0,0,1,0,1,0,0 : 0.5087
0,0,0,0,0,1,0,1,0,0,1,0,0,1,0,1,0,0 : 0.5087
0,0,0,0,0,1,0,1,0,0,1,0,0,1,0,1,0,0 : 0.5087
0,0,0,0,0,1,0,1,0,0,1,0,0,1,0,1,0,0 : 0.5087
0,0,0,0,0,1,0,1,0,0,1,0,0,1,0,1,0,0 : 0.5087
0,0,0,0,0,1,0,1,0,0,1,0,0,1,0,1,0,0 : 0.5087
0,0,0,0,0,1,0,1,0,0,1,0,0,1,0,1,0,0 : 0.5087
0,0,0,0,0,1,0,1,0,0,1,0,0,1,0,1,0,0 : 0.5087
0,0,0,0,0,1,0,1,0,0,1,0,0,1,0,1,0,0 : 0.5087
0,0,1,1,0,0,1,1,0,0,1,0,0,1,1,0,0,0 : 0.5153
0,0,1,1,0,0,1,1,0,0,1,0,0,1,1,0,0,0 : 0.5153
0,0,1,1,1,0,0,1,1,0,0,0,0,1,0,0,1,0 : 0.5164
0,0,1,1,1,0,0,1,1,0,0,0,0,1,0,0,1,0 : 0.5164
0,0,1,1,0,1,1,1,0,0,1,0,0,1,1,0,0,0 : 0.518
0,0,1,1,0,1,1,1,0,0,1,0,0,1,1,0,0,0 : 0.518
0,0,0,0,0,1,1,1,0,0,1,0,0,1,0,1,0,0 : 0.5226
0,0,0,0,0,1,1,1,0,0,1,0,0,1,0,1,0,0 : 0.5226
