0,0,0,0,0,1,0,1,0,0,1,1,1,0,0,1,1,1,0,1,1,0,1,1,0,0,0,0,1,0,1,0,1,0,0,0,0,0,0 : 13.9312
1,0,0,1,1,0,0,0,0,1,1,0,1,0,1,0,1,0,0,0,1,1,0,0,0,1,1,0,0,1,1,1,1,0,0,0,0,0,0 : 13.0344
0,0,0,1,1,0,0,1,1,1,0,0,1,0,1,0,1,0,1,1,0,1,0,0,0,0,1,1,0,1,0,1,0,1,0,1,0,0,0 : 13.0344
0,0,0,0,1,0,0,0,1,0,1,0,0,0,0,0,1,1,0,0,1,0,1,1,0,1,0,0,0,0,1,0,1,1,0,0,1,0,1 : 13.1808
0,1,0,1,1,0,0,1,1,1,0,0,1,0,1,0,0,1,0,1,0,1,0,0,1,0,1,0,1,1,1,1,0,1,1,0,1,0,0 : 13.1354
1,1,0,0,0,0,0,0,1,1,1,1,0,1,0,0,0,1,1,0,0,1,1,1,0,0,0,0,1,1,1,0,1,0,1,0,0,0,1 : 13.1354
1,0,0,0,0,0,1,0,0,1,0,0,0,0,0,0,1,0,1,1,0,1,0,0,0,1,1,0,0,0,1,1,0,1,0,0,0,0,0 : 15.5349
0,0,1,0,0,0,1,1,1,0,0,1,0,1,1,1,1,1,0,1,0,0,1,0,0,1,0,1,0,0,1,0,1,0,0,1,0,1,0 : 15.7588
1,0,0,1,0,1,0,1,1,0,1,1,0,0,1,1,0,1,0,0,0,1,1,1,0,0,0,0,0,0,0,0,0,1,0,0,0,0,1 : 16.1315
0,0,0,1,0,1,0,0,0,0,1,1,1,1,1,0,1,1,1,1,1,1,0,0,0,1,1,0,0,1,1,0,1,0,0,0,0,1,0 : 13.1808
0,0,1,0,0,1,0,1,0,1,0,0,1,0,1,1,0,1,1,0,0,0,1,1,1,1,0,0,0,0,0,1,1,0,0,1,1,1,1 : 16.0056
1,1,0,1,1,1,0,0,0,1,0,0,1,1,0,0,1,0,0,1,0,1,0,1,0,0,1,1,1,0,0,1,1,0,1,1,0,0,0 : 15.7442
0,1,0,1,0,0,0,0,1,0,1,0,0,0,0,1,0,0,0,0,1,1,1,1,0,0,1,0,1,0,1,0,0,1,0,1,0,0,0 : 13.1949
0,0,0,0,0,1,1,1,0,0,0,0,0,0,1,1,0,1,1,1,1,0,0,0,0,1,0,0,0,0,1,0,0,1,0,0,1,0,0 : 16.0462
1,0,0,0,1,1,1,0,0,0,0,1,0,1,1,0,1,1,0,0,0,0,1,1,0,0,1,0,1,1,0,0,0,0,0,0,0,1,0 : 15.7588
0,1,1,1,0,0,0,0,0,0,0,0,0,0,0,1,1,1,0,0,0,1,0,1,0,0,0,0,0,1,0,1,1,0,0,0,0,1,0 : 16.3747
0,1,0,1,0,0,0,1,0,0,1,0,0,1,1,0,1,1,1,1,1,0,1,1,0,0,1,0,0,1,1,1,1,0,0,1,1,0,1 : 12.6877
1,1,0,0,0,1,0,0,1,0,0,0,1,0,1,1,1,1,0,1,1,1,0,1,0,1,0,1,1,0,0,0,0,1,0,1,1,0,1 : 13.974
1,0,0,0,1,1,0,0,0,0,0,1,1,0,1,1,1,0,1,1,0,1,0,0,0,1,1,0,0,1,1,0,1,1,0,1,1,0,1 : 15.6587
1,1,1,0,0,0,1,0,0,0,1,0,0,0,1,1,1,1,0,0,0,0,1,0,0,0,0,0,0,0,1,0,1,0,0,1,1,1,0 : 15.7588
0,1,0,0,0,1,0,0,1,1,1,0,1,1,0,1,0,0,1,0,1,0,0,1,0,1,1,1,1,0,0,0,0,0,0,0,1,0,0 : 16.474
1,0,0,0,1,1,1,1,1,0,0,1,0,0,1,1,0,0,0,1,1,1,0,0,0,0,0,1,0,0,1,0,0,0,0,1,1,1,0 : 14.8157
0,1,0,1,1,0,1,0,0,1,1,1,1,0,1,0,1,1,0,0,1,0,0,0,1,1,0,0,0,1,1,0,0,1,0,1,1,1,0 : 13.2484
0,1,0,1,1,1,0,1,1,1,1,0,0,0,1,1,0,1,0,1,1,1,1,1,0,0,1,0,1,1,0,1,0,1,0,0,1,1,0 : 13.1354
1,0,0,1,1,0,0,0,1,1,1,0,1,0,0,0,1,1,0,1,0,1,0,1,0,0,0,0,0,1,0,1,1,0,0,1,0,1,0 : 16.3747
0,1,0,0,1,0,0,0,0,1,0,1,0,1,0,0,1,1,0,1,0,0,0,1,0,0,0,1,0,1,0,0,1,0,0,1,0,1,1 : 16.3747
1,1,0,0,1,1,0,0,0,0,1,1,0,0,0,0,0,1,1,0,1,0,1,0,0,1,1,0,1,0,0,0,0,0,1,0,1,0,0 : 16.0879
0,0,0,0,1,1,0,0,1,0,0,1,0,1,0,1,0,1,1,1,0,0,0,0,0,0,1,0,1,1,1,0,1,0,1,0,1,0,0 : 13.18
1,0,0,0,1,0,1,0,1,0,0,0,1,1,0,0,0,1,0,1,1,0,1,1,0,1,0,0,1,0,0,1,0,1,0,1,0,1,0 : 16.0462
0,0,0,1,0,0,1,1,0,0,1,0,1,0,1,1,1,0,0,1,1,0,1,0,0,1,1,0,1,0,0,0,1,0,0,1,1,1,1 : 13.1655
0,1,0,1,1,0,1,0,0,1,1,0,1,0,1,0,0,0,0,0,0,0,0,0,0,0,1,1,0,0,1,0,1,0,0,0,1,1,1 : 14.1838
0,0,0,0,0,1,0,1,0,1,0,0,1,1,1,1,1,0,1,0,0,0,1,0,1,1,0,0,0,0,1,0,1,1,0,1,0,1,0 : 15.6587
0,0,0,0,1,0,1,0,0,1,1,1,0,1,0,0,1,0,1,1,0,1,0,1,0,1,0,1,0,0,1,0,0,0,1,1,0,0,0 : 16.0932
0,1,0,0,1,0,0,0,1,1,0,1,1,0,1,0,1,0,1,0,1,1,0,0,0,0,0,1,1,0,0,0,1,0,0,0,0,0,1 : 13.2462
1,1,0,0,0,0,1,1,0,1,0,0,0,0,0,0,1,1,0,0,0,0,1,0,0,1,1,0,1,1,1,0,1,1,0,0,1,0,0 : 15.7588
0,1,0,1,0,0,0,0,1,1,1,0,1,1,1,1,0,0,1,0,1,1,0,0,0,1,0,0,0,0,1,0,1,1,1,0,1,0,0 : 13.0713
1,0,0,0,1,1,1,1,1,0,1,1,1,1,1,1,0,0,0,1,0,1,0,0,0,0,0,0,1,0,0,1,0,1,0,0,1,0,1 : 14.8157
0,0,0,1,0,1,1,1,0,0,0,0,0,0,0,1,1,1,0,1,1,1,1,0,0,0,1,0,0,0,0,1,0,1,0,0,1,1,1 : 13.1808
0,1,0,0,0,0,0,0,0,1,0,1,0,1,0,0,1,1,0,0,0,0,1,0,0,0,1,0,1,0,0,0,1,1,0,1,0,1,1 : 16.3747
0,1,0,0,1,0,0,0,1,0,0,1,1,1,1,0,0,0,0,0,1,1,0,1,0,1,0,0,1,1,1,0,1,0,0,0,0,0,1 : 13.0344
0,1,1,0,0,1,0,1,0,1,1,0,0,1,1,1,1,1,0,0,0,0,1,0,0,0,0,0,0,0,0,0,1,0,0,0,0,1,1 : 16.3747
0,0,0,0,0,1,1,0,1,1,0,1,0,1,1,1,0,0,1,1,0,0,0,0,1,0,1,0,1,1,0,1,0,1,0,1,0,1,0 : 14.8157
1,0,0,0,0,0,1,0,0,1,1,0,0,0,0,1,0,1,1,1,1,0,0,1,0,1,1,1,0,0,1,0,1,0,1,1,0,0,0 : 16.2828
0,1,0,1,0,0,1,0,0,0,1,0,1,0,1,1,0,1,1,1,0,1,0,1,0,0,0,0,1,0,1,0,0,0,0,1,1,0,1 : 16.5112
1,0,0,1,1,0,1,1,0,0,0,0,0,1,0,1,1,0,1,1,0,0,0,1,1,0,1,0,1,0,1,0,1,1,0,0,0,0,0 : 13.2813
0,0,1,0,1,0,0,0,0,0,1,1,1,0,0,0,1,1,0,1,1,1,1,0,0,0,1,1,0,0,1,0,0,0,1,0,0,1,0 : 13.1808
1,1,0,0,1,1,0,1,0,1,0,0,0,1,1,1,1,0,0,1,1,0,0,1,0,1,0,1,0,1,0,0,0,1,0,0,1,1,0 : 16.3997
1,0,0,0,1,1,0,1,1,1,0,1,0,0,1,0,1,0,0,0,0,1,1,1,0,0,1,0,1,1,1,0,0,0,0,1,0,0,0 : 13.8038
1,0,0,1,1,1,0,0,1,0,0,0,0,0,0,1,0,0,0,1,1,0,1,1,1,1,0,1,1,0,0,0,1,1,0,0,0,1,1 : 16.4438
0,1,1,0,0,0,1,1,0,1,0,0,1,0,0,0,0,0,1,1,1,0,1,0,1,1,0,0,1,0,0,1,0,1,1,0,1,0,0 : 15.6491
1,0,0,1,1,0,1,1,0,1,0,1,0,0,1,0,0,1,0,0,0,0,1,0,1,1,0,0,0,0,1,0,1,1,0,1,1,1,0 : 16.0462
1,1,0,0,1,1,1,1,0,0,1,1,0,1,1,1,1,0,0,0,0,1,1,0,0,1,1,0,0,1,1,0,0,1,0,0,0,0,0 : 16.1635
1,1,0,0,0,0,1,1,1,1,1,0,0,0,1,0,1,0,1,1,0,1,0,1,0,0,1,0,1,1,0,0,1,0,1,0,0,1,0 : 13.4618
0,1,0,0,0,1,1,0,0,0,1,0,0,1,1,1,0,0,0,0,1,1,0,1,0,0,1,1,0,1,0,0,1,1,0,1,1,0,0 : 13.2813
0,0,0,0,1,0,0,1,1,0,0,1,0,0,0,0,1,1,1,1,1,0,0,0,0,1,1,1,0,0,1,0,1,1,0,1,0,1,1 : 13.1808
0,0,0,1,1,0,0,0,1,1,0,0,0,0,1,0,1,0,1,0,1,1,0,1,0,0,0,1,0,1,0,0,0,0,0,0,0,1,0 : 13.0344
1,0,0,0,1,1,1,1,0,0,1,1,0,0,1,1,0,1,0,0,0,1,0,0,0,0,0,0,1,1,1,1,0,1,0,1,0,1,1 : 13.8795
1,1,0,0,0,0,1,0,0,0,1,0,0,0,0,0,1,1,0,1,1,0,0,0,0,1,1,0,0,1,0,0,1,1,0,1,0,0,0 : 12.7358
0,1,0,0,1,0,1,0,0,0,0,0,1,1,0,1,0,0,0,1,1,1,1,1,0,1,0,1,0,0,1,1,0,1,0,1,1,1,1 : 15.6491
0,0,0,0,0,0,1,1,1,1,0,1,0,1,0,1,1,1,1,0,1,0,0,0,0,1,0,0,0,1,0,0,1,0,0,1,0,0,1 : 13.1808
0,1,0,0,0,1,0,1,0,0,0,1,1,0,1,1,0,1,1,0,0,0,0,0,0,0,1,0,0,0,0,0,0,1,0,0,1,0,1 : 15.5119
1,0,0,0,0,0,1,1,1,0,1,1,0,0,0,1,1,1,1,0,0,1,0,0,0,0,1,0,0,1,0,0,0,0,0,0,1,0,0 : 15.7588
1,0,0,0,1,0,0,1,1,1,0,1,0,0,0,0,1,0,0,0,0,0,1,1,0,0,0,0,0,1,0,0,0,0,0,1,1,1,1 : 13.0344
0,0,0,1,1,1,1,1,1,0,0,0,0,1,1,0,0,1,1,0,0,0,1,0,0,1,0,0,0,1,1,1,1,0,0,1,0,1,0 : 16.2828
0,0,0,1,0,1,0,1,0,0,0,0,1,1,0,0,0,1,1,0,0,1,0,1,0,1,0,0,1,1,1,0,1,1,0,1,0,1,0 : 16.3032
1,1,0,0,0,1,1,0,0,1,1,0,1,1,0,1,1,1,1,0,1,0,1,1,0,1,1,0,1,1,1,0,0,0,0,0,0,0,0 : 13.3568
0,0,0,0,0,0,1,0,0,0,1,0,0,0,0,1,1,0,0,1,0,1,0,1,0,1,0,0,0,1,0,0,0,0,0,1,0,1,1 : 15.645
1,1,0,0,0,1,1,1,0,0,0,0,0,0,1,1,0,0,1,1,0,1,0,0,0,1,0,0,1,1,1,0,0,0,0,1,1,0,1 : 16.1635
1,0,0,0,1,0,1,0,1,1,1,1,1,1,1,1,0,1,1,1,0,0,0,0,0,0,1,0,0,0,0,1,1,0,0,0,1,0,0 : 13.5167
1,0,1,0,1,0,0,0,0,0,1,0,1,1,0,0,1,1,0,1,1,0,0,0,0,1,0,1,0,1,0,0,0,1,0,1,1,1,0 : 13.1808
1,1,0,0,0,1,1,0,0,0,1,0,0,0,0,0,0,0,0,1,0,1,0,0,1,1,0,0,0,1,0,0,0,0,0,0,0,1,1 : 15.645
0,1,0,1,1,1,1,0,0,0,1,1,0,0,0,0,1,1,0,1,1,0,0,1,0,1,0,0,1,1,0,0,1,0,0,1,0,0,1 : 12.6877
1,0,0,1,1,1,1,1,1,1,1,1,0,0,1,1,0,0,1,1,1,0,1,0,1,1,0,1,0,1,0,0,1,1,1,0,0,0,1 : 16.4525
1,0,0,1,0,1,0,1,1,1,1,1,0,1,1,0,0,1,0,1,0,0,0,1,0,1,0,0,1,0,0,0,1,0,0,1,0,0,1 : 13.7542
1,1,0,1,1,1,0,0,0,0,0,1,1,0,1,0,0,1,1,1,0,1,1,0,0,0,0,0,1,1,1,1,1,0,0,1,1,0,0 : 13.1354
1,0,1,0,0,1,0,1,1,1,0,1,1,0,1,0,1,0,1,1,1,1,1,0,0,1,0,0,0,0,1,0,0,0,0,1,1,0,0 : 15.6587
1,0,0,1,1,1,1,1,0,1,1,1,0,1,0,1,0,0,1,1,1,0,0,1,0,0,1,0,0,1,0,1,1,0,0,1,0,1,1 : 14.1838
1,0,0,1,0,0,1,1,1,1,1,1,1,0,0,1,1,0,1,1,1,1,1,0,1,0,1,0,1,1,1,0,1,0,0,0,0,0,1 : 16.2059
0,0,0,0,0,1,1,1,0,0,0,1,1,1,1,0,0,0,0,1,1,0,1,1,0,1,1,0,0,0,1,0,1,0,0,0,0,0,0 : 15.9379
0,0,0,1,0,1,0,1,0,1,1,0,1,0,0,0,1,1,0,0,1,0,0,0,1,0,1,0,0,0,1,0,0,1,0,0,0,1,0 : 13.1808
0,0,0,1,1,1,0,0,1,1,0,1,0,1,1,0,0,1,0,1,1,0,1,1,1,0,1,1,1,0,0,0,0,0,0,1,1,1,0 : 16.0879
1,1,1,1,0,0,0,1,0,1,0,0,0,1,1,0,1,0,0,1,0,1,1,0,0,0,0,0,1,0,1,0,1,0,0,1,0,1,0 : 13.5161
0,0,0,1,0,0,1,1,1,0,0,1,1,1,0,1,0,0,0,0,1,1,1,1,1,1,0,0,0,1,1,0,0,1,1,0,0,1,0 : 15.645
0,0,0,0,1,1,0,1,1,0,1,1,1,1,1,0,0,0,1,1,1,1,0,0,0,0,0,1,0,0,1,0,0,0,0,1,1,0,1 : 13.0896
1,1,0,1,1,1,0,1,1,1,1,0,1,0,1,1,1,0,0,0,1,0,0,1,1,0,1,0,1,0,1,1,0,1,0,1,1,0,1 : 15.1381
1,1,0,0,0,1,1,0,0,1,1,0,1,0,1,0,0,1,0,0,1,0,1,0,0,0,0,0,1,1,1,1,1,0,0,0,0,1,1 : 16.5112
1,1,0,0,0,1,0,1,0,0,0,1,0,1,1,0,0,1,0,1,1,1,0,0,1,0,1,0,1,0,1,0,0,0,0,0,0,1,0 : 13.1354
0,0,0,0,0,0,0,0,0,0,0,0,1,1,0,0,1,1,1,0,1,0,1,1,0,1,0,0,0,1,0,0,0,1,1,0,0,0,1 : 13.1808
0,0,1,0,0,0,1,0,1,0,0,0,1,0,1,1,1,1,0,1,1,1,1,0,0,0,1,0,0,1,0,0,1,0,0,0,0,0,0 : 13.1808
0,0,0,0,1,0,1,1,1,0,1,1,1,1,1,1,1,0,1,1,0,1,0,0,0,0,0,0,1,0,0,0,1,1,0,1,0,0,1 : 14.1838
0,1,0,0,0,0,1,1,1,1,1,0,0,0,0,1,1,1,0,0,1,0,1,1,1,0,1,0,1,1,1,0,1,0,0,0,1,1,1 : 12.7139
1,0,0,1,0,1,0,1,1,1,1,0,0,0,1,1,1,1,0,1,1,0,0,0,0,1,0,0,1,1,1,0,0,1,0,1,1,1,0 : 13.9312
0,0,0,1,0,1,0,0,0,1,0,1,0,1,1,1,0,1,0,0,0,1,1,0,1,1,0,1,0,0,1,0,0,0,0,1,0,0,0 : 16.1315
0,0,0,1,1,0,1,1,1,1,0,0,0,0,1,0,1,1,0,1,1,1,0,0,0,0,0,0,1,0,1,0,0,0,0,0,1,1,1 : 13.9312
1,1,0,1,0,0,0,1,1,0,1,1,1,0,1,1,1,0,1,0,1,1,0,1,0,1,0,0,1,1,1,1,1,0,0,1,0,0,1 : 13.0713
0,0,0,1,0,1,1,0,1,0,1,0,1,1,0,1,1,1,0,1,1,1,1,0,0,0,1,0,0,1,0,0,1,0,0,0,1,0,0 : 13.1808
1,1,1,1,0,0,0,0,1,0,1,1,1,0,1,0,0,1,0,1,1,0,0,1,0,1,1,0,1,1,1,1,1,0,0,0,0,0,1 : 16.0879
0,0,0,1,1,1,0,1,1,1,0,0,1,1,1,0,1,0,0,1,0,1,0,0,1,1,0,0,1,1,0,0,1,0,0,0,1,0,1 : 16.1575
1,0,1,1,0,0,0,0,0,0,1,1,0,0,0,0,0,0,1,1,1,1,0,0,0,0,1,0,0,1,1,0,0,0,0,0,0,1,0 : 13.1949
1,1,0,0,0,0,1,1,1,0,1,0,1,1,0,0,0,0,0,1,1,0,0,0,0,0,1,0,0,1,1,0,0,1,0,0,1,1,1 : 14.8157
