1,0,0,0,1,1,1,0,1,1,0 : 202.68
1,0,0,0,1,0,0,0,0,1,1 : 214.2433
1,0,0,0,1,0,0,1,0,0,0 : 199.9533
1,0,0,0,1,1,0,0,0,1,0 : 200.38
1,0,0,1,1,1,1,0,1,0,0 : 215.3666
1,0,0,0,0,0,0,0,1,0,0 : 201.1533
1,0,0,1,1,1,0,1,1,1,0 : 215.9466
1,0,0,0,1,0,0,0,1,0,0 : 201.5466
1,0,1,0,0,0,0,0,0,0,0 : 221.7833
1,0,0,0,0,1,0,1,1,1,0 : 201.9733
1,0,1,0,0,1,1,0,0,1,0 : 224.0733
1,0,0,0,1,1,0,0,1,1,0 : 200.38
1,0,0,0,1,1,1,1,1,1,0 : 202.68
1,0,0,1,0,0,0,1,1,0,0 : 208.37
1,0,0,1,0,1,0,1,0,0,0 : 212.0533
1,0,0,0,0,0,0,1,0,1,0 : 199.6833
1,0,1,0,1,0,0,1,0,1,0 : 218.89
1,0,0,0,0,0,0,0,1,0,0 : 201.1533
1,0,0,1,0,0,0,0,0,0,0 : 207.7466
1,0,0,0,1,1,0,0,1,1,0 : 200.38
1,0,0,1,1,1,0,1,1,1,0 : 215.9466
1,0,0,0,0,1,1,1,1,1,0 : 205.99
1,0,0,0,1,1,1,0,1,1,0 : 202.68
1,0,0,1,1,0,0,1,0,1,0 : 209.84
1,0,0,0,0,0,0,0,1,0,0 : 201.1533
1,0,1,1,1,1,0,1,0,0,0 : 226.57
1,0,1,0,1,0,1,1,1,0,0 : 219.3966
1,0,0,0,1,0,0,1,0,1,0 : 199.6833
1,1,0,1,0,1,0,1,1,0,0 : 239.32
1,0,0,0,0,1,0,1,0,0,0 : 202.9366
1,1,0,0,0,1,0,1,1,0,0 : 223.2133
1,0,0,1,0,0,0,0,1,1,0 : 210.2366
1,0,0,1,0,0,1,0,1,1,0 : 210.7066
1,0,0,0,1,1,1,0,1,0,0 : 205.7066
1,0,0,0,0,0,1,0,0,0,0 : 202.3866
1,0,0,0,0,0,0,0,1,0,0 : 201.1533
1,0,0,0,0,1,0,0,1,1,0 : 200.38
1,0,0,0,0,0,0,0,1,0,0 : 201.1533
1,0,0,0,1,1,0,0,1,1,0 : 200.38
1,0,0,0,1,0,0,1,0,1,0 : 199.6833
1,0,0,0,0,0,0,0,0,0,0 : 201.1533
1,0,0,0,0,0,1,0,0,0,0 : 202.3866
1,1,0,0,1,0,0,1,1,1,0 : 219.1533
1,1,0,1,0,1,1,1,0,0,1 : 237.3466
1,1,0,1,1,1,0,0,0,1,0 : 241.8966
1,1,0,0,1,1,1,1,1,1,1 : 230.2366
1,0,1,0,1,1,1,1,1,1,1 : 235.78
1,0,0,0,1,1,0,0,1,1,0 : 200.38
1,0,0,0,1,1,1,1,0,1,0 : 202.68
1,0,0,0,1,0,0,0,0,1,0 : 199.6833
1,0,0,0,0,0,0,0,1,0,1 : 213.5333
1,0,0,0,0,0,1,0,1,0,0 : 203.9766
1,0,1,0,1,1,1,0,0,0,0 : 224.0733
1,0,0,0,0,1,0,1,0,0,0 : 202.9366
1,0,0,0,1,0,1,0,0,1,0 : 202.68
1,1,0,0,1,0,0,0,1,1,0 : 219.1533
1,0,0,0,0,1,0,0,1,0,0 : 203.9333
1,0,0,0,1,1,1,1,1,1,0 : 202.68
1,1,0,0,1,1,0,0,1,0,0 : 223.0133
1,0,0,0,0,0,0,0,0,1,0 : 199.6833
1,1,0,0,0,0,0,1,1,0,0 : 219.1533
1,1,0,0,0,1,1,0,0,0,0 : 224.3366
1,0,0,0,1,0,0,1,0,0,0 : 199.9533
1,0,0,0,0,1,1,0,0,1,0 : 205.3633
1,0,0,0,0,1,0,0,1,1,0 : 200.38
1,0,0,0,0,0,0,0,0,1,1 : 212.4466
1,1,0,0,1,1,0,0,1,0,1 : 235.5133
1,0,0,0,0,0,0,1,0,1,0 : 199.6833
1,0,0,0,1,0,0,0,0,0,0 : 201.5466
1,0,0,0,0,1,0,1,0,1,0 : 201.9733
1,0,0,0,0,0,1,1,0,1,0 : 200.66
1,0,0,1,0,1,0,0,1,0,0 : 210.5066
1,0,0,0,1,1,0,0,0,1,0 : 200.38
1,1,0,0,1,1,0,0,1,1,0 : 223.0133
1,0,0,0,1,0,0,1,1,0,0 : 199.9533
1,0,1,0,0,1,0,1,0,1,1 : 234.65
1,0,0,0,1,1,0,1,1,1,0 : 201.9733
1,0,1,0,1,0,0,0,0,1,0 : 218.89
1,0,0,0,1,0,0,0,0,1,0 : 199.6833
1,0,0,0,0,0,0,1,0,1,0 : 199.6833
1,0,0,0,1,0,1,0,1,1,0 : 202.68
1,0,0,0,1,0,0,1,0,1,0 : 199.6833
1,1,1,1,0,1,1,0,0,0,1 : 252.6833
1,0,0,0,0,0,0,0,0,1,1 : 212.4466
1,0,1,0,0,0,0,0,0,1,0 : 218.89
1,0,0,0,0,1,0,1,1,1,0 : 201.9733
1,0,1,0,1,1,0,0,1,1,1 : 235.96
1,1,0,1,0,0,0,0,0,0,1 : 239.9633
1,0,0,1,1,1,0,0,1,1,0 : 210.5066
1,0,0,0,0,0,0,0,1,1,0 : 199.6833
1,0,0,0,1,0,0,1,1,1,0 : 199.6833
1,0,0,0,1,0,0,1,1,1,0 : 199.6833
1,0,0,1,1,1,1,1,1,0,0 : 214.48
1,0,0,0,1,1,0,0,1,1,0 : 200.38
1,1,0,0,1,0,0,1,1,1,0 : 219.1533
1,1,0,1,0,0,1,1,0,1,1 : 248.7833
1,0,0,0,0,1,0,0,1,1,0 : 200.38
1,1,0,0,1,1,0,0,1,1,0 : 223.0133
1,1,0,1,1,1,0,1,1,1,0 : 241.8966
1,0,0,0,1,0,0,1,1,1,0 : 199.6833
