1,1,1,0,1,1,1,1,1,0,1,0,1,0,1,0 : 456.363
1,1,1,0,1,1,1,1,1,1,0,0,1,0,1,0 : 456.363
1,1,0,0,1,1,1,0,1,0,1,0,1,0,1,0 : 456.363
1,1,1,0,0,0,1,1,1,1,0,0,1,0,1,0 : 361.7029
1,0,1,0,0,0,1,0,1,0,1,0,1,0,1,0 : 382.01
1,1,0,0,0,0,0,1,1,0,1,0,1,1,0,0 : 256.32
1,1,1,1,1,0,0,0,1,1,0,0,1,0,0,1 : 705.453
1,1,1,1,1,1,1,0,1,1,0,0,1,0,0,1 : 644.157
1,1,0,0,0,1,0,0,1,0,0,1,1,0,0,1 : 690.463
1,0,1,0,1,1,0,1,1,1,0,0,1,1,0,0 : 299.85
1,1,0,1,0,0,1,1,1,0,1,0,1,0,1,0 : 368.63
1,0,0,0,1,0,1,1,1,0,0,1,1,1,0,0 : 279.097
1,1,1,0,1,1,0,1,1,0,1,0,1,1,0,0 : 279.15
1,0,1,0,0,0,1,0,1,0,1,0,1,0,1,0 : 382.01
1,1,0,1,0,1,1,0,1,0,0,1,1,1,0,0 : 286.353
1,1,0,1,0,0,1,1,1,0,1,0,1,0,1,0 : 368.63
1,0,0,1,0,0,0,1,1,1,0,0,1,0,1,0 : 439.02
1,1,1,0,0,0,1,1,1,0,0,1,1,0,1,0 : 363.56
1,1,1,0,1,0,1,0,1,1,0,0,1,1,0,0 : 249.497
1,1,0,0,0,0,1,0,1,1,0,0,1,1,0,0 : 254.587
1,0,0,1,0,0,1,0,1,0,1,0,1,0,0,1 : 490.473
1,1,0,0,0,0,0,1,1,0,0,1,1,0,0,1 : 604.8869
1,0,1,1,0,0,0,1,1,0,1,0,1,1,0,0 : 262.233
1,1,0,1,1,0,1,0,1,1,0,0,1,1,0,0 : 261.31
1,1,1,1,0,0,0,1,1,0,1,0,1,0,1,0 : 439.02
1,1,1,1,1,1,1,1,1,1,0,0,1,1,0,0 : 279.15
1,1,1,1,1,0,1,0,1,0,1,0,1,1,0,0 : 251.637
1,1,1,0,0,1,1,1,1,0,0,1,1,0,1,0 : 407.763
1,1,1,0,0,0,1,0,1,1,0,0,1,1,0,0 : 244.277
1,1,0,1,0,0,1,1,1,0,0,1,1,1,0,0 : 257.5299
1,0,0,1,0,0,1,1,1,1,0,0,1,0,0,1 : 506.88
1,1,1,0,0,0,0,0,1,0,1,0,1,1,0,0 : 246.487
1,0,1,1,0,1,1,0,1,0,1,0,1,0,0,1 : 490.473
1,1,0,1,1,1,1,1,1,0,0,1,1,0,1,0 : 433.913
1,1,1,1,0,0,1,1,1,0,1,0,1,0,1,0 : 363.56
1,1,0,1,0,0,1,1,1,0,1,0,1,0,0,1 : 510.857
1,1,0,0,0,0,0,1,1,0,1,0,1,1,0,0 : 256.32
1,1,0,0,0,0,1,0,1,1,0,0,1,1,0,0 : 254.587
1,1,0,1,0,0,1,1,1,0,1,0,1,1,0,0 : 256.32
1,1,1,0,0,1,1,1,1,1,0,0,1,0,0,1 : 506.88
1,1,0,0,0,1,1,0,1,1,0,0,1,0,1,0 : 414.737
1,1,0,1,1,0,0,1,1,0,1,0,1,0,1,0 : 493.893
1,1,1,1,0,0,0,1,1,0,0,1,1,1,0,0 : 247.507
1,0,1,0,0,0,0,1,1,0,1,0,1,0,0,1 : 604.8869
1,0,1,1,1,1,1,1,1,0,0,1,1,0,0,1 : 665.293
1,0,1,0,0,0,1,1,1,0,0,1,1,1,0,0 : 263.363
1,1,1,1,1,0,0,1,1,1,0,0,1,1,0,0 : 249.363
1,1,1,1,0,0,0,0,1,0,0,1,1,1,0,0 : 247.483
1,1,1,1,0,1,1,1,1,0,0,1,1,0,0,1 : 575.553
1,0,1,1,1,0,0,0,1,0,1,0,1,1,0,0 : 269.95
1,1,0,0,1,1,1,1,1,1,0,0,1,0,1,0 : 456.363
1,0,1,0,0,1,1,1,1,0,1,0,1,1,0,0 : 295.683
1,0,1,1,0,0,1,1,1,0,0,1,1,0,1,0 : 380.18
1,1,1,1,0,0,1,0,1,0,1,0,1,1,0,0 : 246.273
1,1,0,0,1,0,0,1,1,1,0,0,1,1,0,0 : 261.31
1,1,0,0,1,0,1,0,1,0,1,0,1,1,0,0 : 263.207
1,1,0,0,0,0,0,0,1,1,0,0,1,1,0,0 : 254.587
1,1,1,1,0,0,0,0,1,0,0,1,1,1,0,0 : 247.483
1,1,1,1,1,0,0,0,1,0,1,0,1,1,0,0 : 251.637
1,1,1,0,0,0,1,1,1,0,0,1,1,1,0,0 : 247.693
1,0,0,0,0,0,1,0,1,0,0,1,1,1,0,0 : 271.337
1,1,1,1,0,1,0,1,1,0,1,0,1,0,1,0 : 536.8769
1,1,1,0,0,0,0,1,1,0,1,0,1,0,1,0 : 439.02
1,1,1,1,0,0,1,0,1,1,0,0,1,0,0,1 : 490.473
1,1,1,1,0,1,1,1,1,0,1,0,1,0,1,0 : 408.073
1,0,0,0,0,0,1,1,1,0,1,0,1,1,0,0 : 271.337
1,0,1,1,0,0,1,1,1,0,0,1,1,0,1,0 : 380.18
1,1,1,0,0,1,1,0,1,1,0,0,1,0,0,1 : 490.473
1,0,0,1,0,0,0,0,1,1,0,0,1,0,1,0 : 445.577
1,1,1,0,1,0,1,1,1,0,1,0,1,1,0,0 : 251.787
1,1,1,0,1,1,0,1,1,1,0,0,1,0,0,1 : 773.22
1,0,0,0,0,0,0,1,1,0,0,1,1,0,0,1 : 604.8869
1,1,1,0,0,0,1,0,1,1,0,0,1,1,0,0 : 244.277
1,0,0,1,1,0,1,1,1,0,1,0,1,1,0,0 : 279.097
1,1,0,1,0,0,1,1,1,0,1,0,1,0,0,1 : 510.857
1,0,1,0,0,0,0,1,1,1,0,0,1,1,0,0 : 260.38
1,0,1,0,0,0,1,0,1,1,0,0,1,1,0,0 : 260.38
1,0,1,1,0,1,0,1,1,0,0,1,1,1,0,0 : 299.85
1,1,1,1,1,0,1,1,1,0,0,1,1,1,0,0 : 252.78
1,1,1,0,0,1,1,1,1,0,0,1,1,0,0,1 : 576.247
1,0,1,0,0,0,1,0,1,1,0,0,1,0,0,1 : 490.473
1,1,1,1,0,0,0,1,1,1,0,0,1,1,0,0 : 244.353
1,1,0,0,0,0,1,0,1,0,1,0,1,0,1,0 : 368.63
1,0,1,0,1,1,1,1,1,0,0,1,1,1,0,0 : 295.683
1,1,0,1,0,1,1,0,1,0,1,0,1,0,0,1 : 490.473
1,0,1,0,0,0,1,1,1,1,0,0,1,0,1,0 : 380.18
1,1,1,0,1,1,0,1,1,0,0,1,1,1,0,0 : 279.15
1,1,1,1,0,0,1,1,1,0,1,0,1,0,0,1 : 510.857
1,1,0,1,0,0,1,1,1,1,0,0,1,0,1,0 : 366.837
1,1,1,0,0,1,1,1,1,0,0,1,1,0,1,0 : 407.763
1,1,0,0,0,0,0,1,1,1,0,0,1,0,0,1 : 604.8869
1,1,1,1,0,0,1,0,1,1,0,0,1,0,0,1 : 490.473
1,1,0,0,1,0,1,1,1,0,1,0,1,0,0,1 : 610.957
1,1,1,1,0,0,1,1,1,0,0,1,1,0,1,0 : 363.56
1,0,1,1,0,0,1,1,1,1,0,0,1,1,0,0 : 259.903
1,1,0,0,1,1,1,1,1,0,1,0,1,0,0,1 : 652.373
1,0,1,0,0,0,0,0,1,1,0,0,1,1,0,0 : 260.38
1,1,0,0,0,1,0,1,1,0,0,1,1,1,0,0 : 287.037
1,1,1,0,0,0,0,1,1,1,0,0,1,1,0,0 : 244.303
1,0,1,1,0,1,1,1,1,1,0,0,1,1,0,0 : 295.257
