1,0,0,1,1,1,1,0,1,0,1,0,1,0,1,0,1,0,0,1,0,1,0,1,0,1,1,0,0,0,1,0,1,1,0,1,1,0,1 : 14.3553
1,1,0,0,0,0,0,1,1,0,0,0,0,1,1,1,1,0,0,0,0,0,1,1,0,1,0,0,0,0,0,1,1,0,0,0,0,0,1 : 13.0135
1,0,0,0,0,0,0,0,0,1,1,0,0,0,1,1,1,0,1,0,1,0,0,1,0,1,0,1,1,0,0,0,1,1,0,0,0,0,0 : 13.1168
1,1,0,1,0,0,0,0,0,0,1,0,0,1,1,0,0,1,1,1,1,1,1,1,0,1,0,0,0,1,0,0,1,1,0,0,0,1,0 : 13.0451
0,1,1,0,1,0,0,1,1,1,0,0,0,0,1,0,1,0,0,1,0,1,1,0,0,1,1,0,0,1,1,1,1,0,0,1,1,1,1 : 13.5423
0,1,1,0,0,0,1,1,1,0,0,0,0,0,1,0,0,1,1,0,0,0,0,1,0,0,0,1,1,0,0,0,1,1,0,1,1,0,0 : 13.0412
1,0,0,1,0,0,0,0,1,1,0,1,0,1,1,0,0,1,0,0,1,0,0,0,0,1,0,0,1,0,1,0,1,1,0,0,1,1,0 : 13.8373
1,0,0,0,0,1,1,0,1,0,1,0,1,1,0,0,1,0,0,0,0,0,1,1,0,0,1,0,0,1,1,0,0,1,0,0,1,0,1 : 14.3553
0,0,1,1,0,0,0,0,0,1,1,0,0,1,1,1,1,0,1,0,1,0,1,1,0,0,1,0,1,1,0,0,0,1,1,0,0,0,1 : 16.3945
0,0,0,0,0,0,1,1,1,1,1,0,1,0,1,1,0,1,1,1,0,1,0,0,1,0,1,0,0,0,1,1,0,1,0,1,1,0,0 : 13.0004
1,1,1,0,0,0,1,1,1,1,1,1,0,1,1,0,0,1,0,0,1,0,0,1,1,1,0,0,0,1,0,0,1,1,1,0,0,1,0 : 13.0412
0,1,0,0,0,0,1,0,0,1,0,1,1,1,0,1,0,1,0,1,1,1,1,0,1,1,0,0,1,0,1,0,0,1,0,1,0,1,1 : 12.8051
0,1,0,0,1,0,1,1,1,1,1,0,1,0,1,1,1,0,0,1,0,0,0,0,1,1,0,0,0,0,0,0,0,1,1,0,0,0,1 : 13.0135
0,0,0,1,1,0,1,0,1,1,1,0,1,0,1,0,1,1,1,1,1,1,1,1,0,1,1,1,0,0,1,1,0,1,1,0,0,0,1 : 13.5619
0,1,0,1,0,0,1,1,1,1,0,0,1,1,0,1,1,1,0,1,0,0,0,0,0,0,1,1,0,0,1,1,1,0,0,0,1,0,1 : 13.0004
1,0,0,1,0,0,1,1,0,1,1,0,0,1,1,0,0,1,0,1,0,1,0,0,1,1,0,0,0,0,1,0,0,1,1,0,0,0,1 : 13.2594
0,1,0,0,0,1,1,0,0,1,0,1,1,1,1,1,1,0,0,0,0,1,0,0,1,1,0,0,1,1,0,0,0,1,0,0,1,0,1 : 15.4335
0,0,1,0,1,0,0,0,1,0,0,1,1,0,1,0,0,0,1,1,1,0,0,1,0,0,0,1,0,1,0,1,0,1,0,1,1,0,0 : 13.2471
1,1,0,0,1,0,0,0,0,0,1,1,0,1,0,1,1,1,0,0,1,0,0,1,0,0,1,0,1,0,0,0,0,1,0,0,0,0,0 : 13.3019
1,0,0,1,0,0,0,1,1,1,1,0,1,1,0,1,1,1,1,1,0,0,0,0,1,1,0,0,0,0,0,0,1,1,0,1,1,1,1 : 13.0004
0,0,0,0,1,1,1,0,0,0,0,0,0,0,1,0,1,1,1,0,0,1,1,0,0,1,1,1,1,0,0,0,0,1,1,0,0,0,1 : 13.2118
0,0,0,0,0,0,0,0,0,1,0,1,1,1,0,0,1,0,0,1,1,0,1,1,1,0,1,0,1,0,0,0,1,1,0,0,0,1,1 : 15.5928
0,1,0,1,1,0,1,1,1,1,0,1,1,1,1,1,1,0,0,1,0,1,0,0,0,1,0,0,1,1,1,0,0,1,0,1,0,1,0 : 13.1294
1,0,0,1,1,0,0,0,1,1,0,0,1,0,1,0,1,1,0,1,0,1,0,0,0,1,1,0,0,1,1,0,1,0,0,1,1,0,1 : 13.0004
1,0,1,0,1,0,0,0,0,1,1,0,0,0,1,0,0,1,1,1,0,1,0,1,1,1,0,1,1,0,0,0,1,0,0,0,0,1,1 : 13.2594
0,1,0,0,1,1,0,1,1,1,0,1,0,1,0,0,1,1,1,0,0,1,1,1,0,1,0,1,0,0,1,0,1,0,0,1,0,0,1 : 16.5683
1,1,0,0,0,1,0,0,0,1,0,1,1,0,0,0,1,1,1,1,1,1,0,1,0,1,0,0,0,0,0,0,0,0,0,1,1,1,1 : 15.4335
0,1,0,1,1,0,1,0,0,1,1,1,0,1,0,1,0,0,0,0,0,0,1,1,1,1,0,0,0,1,1,1,0,1,0,1,1,0,0 : 13.3384
1,1,0,1,0,0,1,0,1,0,1,1,0,1,1,1,0,0,0,1,1,1,1,1,0,0,0,0,0,1,0,1,0,1,1,1,0,0,0 : 15.1972
1,0,0,1,0,1,1,1,0,1,1,0,1,1,1,1,1,0,1,0,1,1,0,1,0,0,0,0,1,0,0,1,0,1,0,1,0,0,0 : 15.4335
1,1,0,0,0,0,1,1,1,1,1,1,0,0,0,1,1,1,1,0,0,0,1,0,0,0,1,0,1,0,0,1,0,1,0,1,0,0,1 : 16.3679
0,0,0,0,1,0,1,0,1,0,1,0,0,0,1,1,1,1,0,0,1,0,1,0,0,0,0,1,1,0,0,0,0,0,0,0,0,0,0 : 14.0434
1,1,0,1,1,0,0,1,0,0,1,0,1,1,0,0,0,0,0,0,0,0,0,0,1,0,1,0,0,1,1,0,0,1,0,0,0,0,1 : 13.1924
0,0,1,0,0,0,1,1,1,0,0,0,1,0,1,0,0,0,0,1,0,0,1,1,0,1,1,0,1,0,0,0,0,1,1,0,0,1,0 : 13.1655
1,0,0,1,1,0,0,0,1,1,0,1,1,1,1,1,1,1,0,0,0,0,0,0,1,1,0,0,0,0,0,0,0,0,1,1,0,0,0 : 14.0434
1,1,0,1,1,1,0,0,1,0,0,0,0,0,1,0,0,0,1,1,0,0,1,0,0,1,1,0,1,0,1,1,0,1,0,1,1,0,0 : 14.3553
1,1,0,1,1,0,1,1,1,1,0,1,0,1,1,1,1,0,1,1,0,0,0,0,1,0,1,1,0,0,1,1,1,0,0,1,1,1,0 : 13.1294
0,0,0,1,1,1,1,0,0,1,1,1,1,0,0,0,0,0,0,1,0,0,1,0,0,0,0,0,1,1,0,1,1,0,0,1,0,0,0 : 16.1267
0,0,0,0,0,0,1,0,0,1,1,0,0,0,0,1,1,0,1,0,1,0,1,1,0,1,1,0,0,1,0,0,0,1,0,0,1,1,1 : 13.0135
1,1,1,0,0,0,1,0,1,1,0,1,1,1,1,1,1,1,0,0,0,1,1,1,0,1,0,0,1,1,1,0,1,0,0,1,0,0,0 : 13.0412
1,0,1,0,0,0,1,1,0,0,0,1,0,0,1,0,1,0,1,1,1,0,0,0,0,1,0,0,0,1,0,0,0,0,0,0,1,1,0 : 13.0344
0,0,1,0,0,1,0,1,1,1,1,1,0,1,1,0,1,0,0,0,0,1,0,1,0,0,1,0,0,1,0,0,1,1,0,0,1,1,0 : 14.3553
0,0,1,0,0,0,1,0,1,0,0,0,1,1,1,1,0,1,0,1,0,1,0,0,0,1,0,0,0,1,0,0,0,1,1,0,0,0,1 : 13.0004
0,1,0,0,0,0,1,0,1,0,1,1,1,1,1,0,1,0,0,0,1,1,0,1,0,1,1,0,1,0,1,0,1,1,1,0,1,0,0 : 13.6216
0,0,0,0,1,0,0,1,0,0,1,0,0,0,0,1,1,1,1,1,0,0,0,1,0,1,0,0,1,1,0,1,1,0,0,1,1,1,0 : 13.2594
0,1,0,1,1,1,1,1,1,0,1,0,0,0,0,0,0,0,0,1,1,0,1,0,0,0,0,0,0,0,0,1,1,0,1,0,0,0,1 : 16.5683
1,0,1,1,0,0,0,1,0,0,0,0,1,0,1,1,0,0,0,0,0,1,0,1,0,0,1,0,0,1,0,1,0,1,0,1,0,0,1 : 13.1305
1,1,0,0,0,0,1,0,0,1,0,0,0,1,0,1,1,0,1,0,0,1,1,1,0,0,0,0,0,0,0,1,1,0,0,1,1,0,1 : 13.0015
1,1,0,0,0,0,1,0,0,0,1,1,0,0,0,0,0,0,0,1,1,1,0,1,0,1,0,0,0,1,1,1,1,0,0,0,0,0,0 : 13.0972
0,1,0,1,0,0,0,0,1,1,0,1,1,0,0,1,1,1,1,1,1,1,1,0,0,0,1,0,1,1,0,0,1,1,0,0,0,0,1 : 13.0713
0,1,0,0,0,0,0,1,0,0,1,1,0,0,0,1,1,1,0,1,0,0,0,1,0,1,1,1,1,0,0,0,1,0,1,1,0,0,0 : 13.2121
1,1,0,0,0,0,1,1,0,0,1,1,1,0,0,1,0,0,1,0,1,0,0,0,0,1,0,0,0,0,0,1,1,0,0,0,1,0,1 : 13.0135
1,0,1,0,0,0,1,1,0,0,1,1,1,0,0,0,1,0,0,0,0,0,1,1,1,0,1,0,1,0,0,0,1,0,0,1,0,0,1 : 13.1815
1,0,0,0,0,0,0,0,1,0,1,0,0,1,1,1,1,1,1,1,1,0,0,1,1,1,0,0,1,0,0,0,1,1,1,0,1,0,0 : 12.7139
0,1,0,1,0,1,0,0,1,1,0,0,1,0,1,1,1,1,1,0,0,1,0,0,0,1,0,0,1,0,1,0,0,1,0,0,1,1,1 : 15.4335
0,1,0,0,1,0,1,1,0,1,0,1,0,0,1,1,1,0,0,1,0,0,1,0,0,1,0,0,0,1,0,0,0,0,0,1,1,1,1 : 15.6878
0,1,0,0,1,0,0,1,0,0,0,1,0,1,1,0,1,1,1,1,1,1,0,0,0,1,1,0,1,0,0,0,0,1,0,1,0,1,0 : 13.1283
0,0,1,0,0,1,0,0,0,1,0,0,0,0,1,0,1,1,0,0,1,0,1,0,1,1,0,0,1,0,1,0,0,0,0,0,0,1,0 : 16.5683
0,0,1,1,0,0,0,0,1,0,0,0,0,0,1,1,1,0,1,0,0,1,0,1,0,0,1,0,0,1,1,0,1,0,0,1,0,1,0 : 13.1305
0,1,0,1,1,0,1,1,0,0,1,0,0,1,0,1,1,0,1,1,0,0,0,0,0,0,1,1,0,0,1,1,0,1,0,0,0,0,1 : 13.059
1,1,0,1,0,0,1,0,1,0,0,0,0,0,1,1,0,1,1,1,0,1,0,1,1,0,1,0,0,1,0,1,0,1,1,0,0,0,1 : 13.1543
0,0,0,1,1,0,0,1,0,0,0,0,0,1,0,0,1,0,1,1,1,1,1,1,0,0,0,0,1,0,1,0,0,0,0,1,0,0,1 : 13.2796
0,0,1,0,1,0,0,1,0,1,1,0,1,1,1,1,0,1,1,1,0,1,0,1,0,0,0,0,0,0,0,0,1,1,0,1,0,1,0 : 13.0004
1,0,0,0,0,0,1,1,0,0,0,1,0,0,1,0,1,0,0,0,0,0,0,1,1,0,1,1,0,1,0,1,1,0,0,0,1,1,0 : 13.1113
1,1,1,0,0,0,1,0,1,0,1,0,0,1,0,0,1,0,1,1,1,1,0,1,0,1,1,0,1,1,0,0,0,1,0,1,0,1,1 : 13.0344
1,0,0,1,1,1,0,0,0,1,0,0,0,0,1,1,1,1,1,0,0,1,1,0,0,1,1,0,1,0,1,1,0,1,0,1,0,0,1 : 13.2118
1,0,0,1,0,0,0,0,1,0,1,0,1,1,0,1,1,1,0,0,0,1,1,1,0,1,0,0,1,0,0,0,1,0,1,0,1,0,0 : 13.3019
0,1,0,0,0,0,0,1,1,1,0,0,1,1,0,1,0,1,1,1,0,0,0,0,0,0,0,1,0,1,0,1,1,0,0,0,1,0,0 : 13.0004
1,0,1,1,0,0,0,0,0,1,1,1,1,0,0,0,1,1,1,1,1,0,1,1,0,1,0,0,0,0,0,1,0,1,0,1,0,0,0 : 13.1139
0,0,0,0,0,1,0,1,1,0,0,1,1,1,0,0,1,1,0,0,0,1,1,0,0,0,0,1,0,1,0,1,1,0,0,1,0,1,0 : 15.4335
1,0,0,0,1,1,1,1,1,1,0,1,1,0,0,1,0,0,0,1,0,1,1,0,0,1,1,0,0,0,0,0,0,1,0,1,1,1,0 : 14.3553
0,0,0,1,0,0,1,0,0,0,1,0,1,1,1,0,0,1,1,1,0,0,0,1,0,0,1,0,0,1,0,0,0,1,0,0,0,1,1 : 13.0004
0,1,0,1,0,0,0,0,0,1,0,1,1,1,0,0,0,1,0,0,0,1,1,1,1,1,0,1,0,1,0,0,1,0,0,1,1,0,0 : 13.731
1,1,0,1,1,0,1,0,1,1,1,0,1,1,1,1,0,0,0,0,1,1,0,1,0,1,1,1,0,1,0,0,1,0,0,1,1,1,0 : 13.1294
1,0,0,1,1,0,1,1,1,0,1,1,0,0,0,0,1,1,1,1,1,0,1,0,0,0,0,0,1,1,1,1,1,0,0,0,1,0,0 : 13.0713
1,0,0,0,0,0,0,0,1,1,1,1,1,0,0,1,1,0,0,1,0,1,0,0,0,0,1,1,0,0,1,1,1,0,0,0,0,0,0 : 15.3007
0,1,0,1,0,1,1,1,1,1,0,1,1,1,0,1,1,1,1,0,1,1,0,1,1,1,0,0,1,0,1,1,1,0,0,1,0,0,0 : 15.4335
0,1,1,0,0,1,0,0,0,0,0,1,1,0,0,1,0,0,0,0,0,1,1,0,0,0,1,0,0,0,0,0,1,1,0,0,0,0,0 : 13.2118
1,0,0,1,0,0,0,1,0,0,0,0,0,1,0,0,1,0,1,1,1,1,1,1,1,1,0,0,1,1,1,0,1,0,0,1,1,0,1 : 13.2796
1,1,1,0,1,0,0,0,0,1,0,1,1,1,0,0,1,0,0,0,0,1,1,1,0,1,1,0,1,1,0,0,0,0,1,1,0,0,0 : 13.5423
0,0,0,0,0,1,0,0,0,1,1,0,1,0,0,0,1,0,1,0,1,0,1,0,1,0,1,1,1,0,0,0,1,0,1,0,0,1,0 : 13.0686
0,1,0,0,0,0,0,0,1,0,0,0,1,1,1,1,0,1,1,1,1,0,0,1,0,0,0,0,1,1,1,1,1,0,0,0,1,1,0 : 12.7139
0,0,1,1,0,0,0,1,1,0,1,0,1,1,0,1,0,0,1,1,0,0,0,1,1,1,0,0,1,1,0,0,1,0,0,1,1,1,0 : 13.3506
0,1,0,1,0,0,0,0,1,1,0,0,1,1,1,1,1,0,1,1,1,1,1,1,1,1,0,0,1,1,1,0,0,0,0,1,0,0,1 : 13.1294
1,1,1,0,0,1,0,1,0,1,0,1,1,1,0,0,0,0,1,1,0,0,1,1,1,1,0,0,1,1,0,0,0,1,0,1,1,0,1 : 16.1267
0,0,0,1,0,0,1,0,1,0,0,0,0,0,1,1,1,0,1,1,0,1,0,1,0,1,0,0,0,1,1,0,1,1,1,0,1,0,0 : 13.3506
0,0,0,1,0,0,0,1,0,0,0,1,1,1,0,0,1,1,0,0,0,1,1,0,1,0,1,0,1,1,0,0,0,1,0,0,1,0,0 : 13.2502
0,1,0,1,1,0,1,1,1,0,1,0,1,1,0,0,0,1,0,1,0,0,0,0,1,1,0,0,0,0,1,0,0,0,0,0,1,1,0 : 13.0004
1,0,0,0,0,0,1,1,1,1,0,1,1,1,1,0,0,1,0,1,1,1,1,1,0,1,0,1,0,1,0,1,0,1,0,0,0,0,1 : 13.6112
1,0,0,1,1,0,1,1,0,0,1,0,1,1,1,1,0,1,1,0,0,1,0,1,0,0,0,0,1,0,1,0,1,0,1,1,0,0,0 : 16.3679
1,1,0,1,1,0,0,0,1,1,0,1,0,0,1,1,0,1,0,1,1,1,0,1,0,0,1,0,1,0,1,0,1,1,0,1,1,1,1 : 12.8051
1,0,0,0,0,0,0,1,1,0,1,1,1,0,1,0,1,1,0,1,1,1,0,0,0,1,0,1,1,0,0,0,0,1,0,0,0,0,0 : 13.6112
0,0,0,1,1,0,0,0,0,1,1,1,1,1,0,0,1,1,0,1,1,1,1,0,1,0,1,0,0,1,0,0,1,1,0,1,0,0,0 : 12.8051
1,1,0,0,1,1,0,1,0,1,1,1,1,1,1,1,1,0,1,0,1,1,0,1,0,1,0,0,0,0,0,0,1,1,0,1,1,1,1 : 15.4335
0,0,1,0,1,0,0,0,0,0,0,1,0,0,1,0,1,1,0,0,1,0,0,1,1,0,1,1,1,0,0,0,0,0,0,1,1,0,1 : 13.2412
0,1,0,0,0,1,1,0,0,0,0,0,1,1,0,1,1,0,1,0,1,0,0,0,0,0,1,1,0,1,0,0,1,1,0,1,0,1,1 : 15.2654
1,0,0,0,0,0,1,1,0,0,1,1,0,1,0,0,0,1,0,0,0,0,1,1,0,0,1,0,0,0,1,0,1,0,0,1,1,1,0 : 13.2324
0,0,1,1,0,0,0,0,1,1,1,1,1,0,0,1,0,1,0,1,1,1,0,0,1,0,1,1,1,0,0,0,0,1,0,1,0,0,1 : 12.8051
0,1,0,1,1,0,1,0,1,0,0,1,1,0,1,1,1,0,0,0,0,0,1,1,0,1,0,0,1,1,0,0,0,1,1,1,0,0,0 : 13.0193
0,1,0,1,0,1,0,1,0,1,1,1,0,0,1,1,1,0,0,0,1,0,1,0,1,0,1,1,0,0,1,0,0,1,1,0,0,1,0 : 13.0686
