1,1,0,0,0,0,0,1,1,1,1,0,0,1,1,1,1,1,1,1,1,0,0,1,0,1,0,0,0,0,1,0,0,0,0,0,1,1,0 : 12.7139
1,1,0,0,0,0,0,1,1,1,1,0,0,1,1,1,1,1,1,1,1,0,0,1,0,1,0,0,0,0,1,0,0,0,0,0,1,1,0 : 12.7139
0,0,0,1,1,0,0,0,0,1,0,1,1,1,0,0,1,1,0,1,1,1,1,0,1,0,1,0,0,1,0,0,0,1,0,1,1,0,0 : 12.8051
0,0,1,0,1,0,0,1,0,0,1,1,0,0,0,0,1,1,0,1,1,1,0,1,0,0,1,1,1,0,0,0,0,0,0,1,1,0,0 : 12.8051
0,1,0,1,1,0,0,0,0,1,1,1,1,1,0,0,1,1,0,1,1,1,1,0,1,0,1,0,0,1,0,0,1,1,0,1,0,0,0 : 12.8051
0,0,1,0,1,0,0,0,0,0,0,1,0,0,0,0,1,1,0,1,1,0,1,1,0,0,1,1,1,0,0,0,1,0,0,1,1,0,1 : 12.8051
0,0,0,1,1,0,0,0,0,1,1,1,1,1,0,1,1,1,0,1,1,1,1,1,1,0,1,0,0,1,0,0,0,1,0,1,0,0,0 : 12.8051
0,0,1,0,1,0,0,0,0,0,1,1,0,0,0,0,1,1,0,1,1,0,0,1,0,0,1,1,1,0,0,0,0,0,0,1,1,0,1 : 12.8051
0,0,0,1,1,0,0,0,0,1,1,1,1,1,0,0,1,1,0,1,1,1,1,0,1,0,1,0,0,0,0,0,0,1,0,1,0,0,0 : 12.8051
0,0,0,1,1,0,0,0,0,1,0,1,1,1,0,0,1,1,0,1,1,1,1,0,1,0,1,0,0,1,0,0,0,1,0,1,1,0,0 : 12.8051
0,0,1,0,1,0,0,1,0,0,1,1,0,0,0,0,1,1,0,1,1,1,0,1,0,0,1,1,1,0,0,0,0,0,0,1,1,0,0 : 12.8051
0,1,0,1,1,0,0,0,0,1,1,1,1,1,0,0,1,1,0,1,1,1,1,0,1,0,1,0,0,1,0,0,1,1,0,1,0,0,0 : 12.8051
0,0,1,0,1,0,0,0,0,0,0,1,0,0,0,0,1,1,0,1,1,0,1,1,0,0,1,1,1,0,0,0,1,0,0,1,1,0,1 : 12.8051
0,0,0,1,1,0,0,0,0,1,1,1,1,1,0,1,1,1,0,1,1,1,1,1,1,0,1,0,0,1,0,0,0,1,0,1,0,0,0 : 12.8051
0,0,1,0,1,0,0,0,0,0,1,1,0,0,0,0,1,1,0,1,1,0,0,1,0,0,1,1,1,0,0,0,0,0,0,1,1,0,1 : 12.8051
0,0,0,1,1,0,0,0,0,1,1,1,1,1,0,0,1,1,0,1,1,1,1,0,1,0,1,0,0,0,0,0,0,1,0,1,0,0,0 : 12.8051
0,0,0,1,0,0,1,0,0,0,1,0,1,1,1,0,0,1,1,1,0,0,0,1,0,0,1,0,0,1,1,0,0,1,0,0,0,1,1 : 13.0004
0,0,0,1,1,0,1,0,0,0,1,0,1,1,1,0,0,1,1,1,0,0,0,1,0,0,1,0,0,1,0,0,0,1,0,0,0,1,1 : 13.0004
0,1,0,0,0,0,0,1,0,0,0,0,1,1,1,1,0,1,1,1,0,0,0,0,0,1,0,0,1,1,1,1,1,0,0,0,0,1,0 : 13.0004
1,1,0,1,0,0,1,0,1,0,0,0,1,0,1,0,1,1,1,1,0,1,0,1,0,0,1,0,0,1,0,1,0,1,1,0,0,0,1 : 13.0004
0,0,0,1,0,0,1,0,0,0,0,0,1,0,1,0,0,1,1,1,0,0,0,1,0,0,1,0,0,1,0,0,0,1,0,0,1,1,0 : 13.0004
0,0,0,1,0,0,1,0,0,0,1,0,1,1,1,0,0,1,1,1,0,0,0,1,0,0,1,0,0,1,1,0,0,1,0,0,0,1,1 : 13.0004
0,0,0,1,0,0,1,0,0,0,1,0,1,1,1,0,0,1,1,1,0,0,0,1,0,0,1,0,0,1,0,0,0,1,0,0,0,1,1 : 13.0004
0,1,0,0,1,0,1,0,0,1,0,0,1,1,1,1,0,1,1,1,0,0,0,0,0,1,0,0,1,1,1,1,1,0,0,0,0,0,0 : 13.0004
0,0,0,1,0,0,1,1,0,0,1,0,1,1,1,0,0,1,1,1,0,0,0,1,0,0,1,0,0,1,0,0,0,1,0,0,0,1,0 : 13.0004
0,0,0,1,0,0,1,0,0,0,1,0,1,1,1,0,0,1,1,1,0,0,0,1,0,0,1,0,0,1,1,0,0,1,0,0,0,1,1 : 13.0004
0,0,0,1,1,0,1,0,0,0,1,0,1,1,1,0,0,1,1,1,0,0,0,1,0,0,1,0,0,1,0,0,0,1,0,0,0,1,1 : 13.0004
0,1,0,0,0,0,0,1,0,0,0,0,1,1,1,1,0,1,1,1,0,0,0,0,0,1,0,0,1,1,1,1,1,0,0,0,0,1,0 : 13.0004
1,1,0,1,0,0,1,0,1,0,0,0,1,0,1,0,1,1,1,1,0,1,0,1,0,0,1,0,0,1,0,1,0,1,1,0,0,0,1 : 13.0004
0,0,0,1,0,0,1,0,0,0,0,0,1,0,1,0,0,1,1,1,0,0,0,1,0,0,1,0,0,1,0,0,0,1,0,0,1,1,0 : 13.0004
0,0,0,1,0,0,1,0,0,0,1,0,1,1,1,0,0,1,1,1,0,0,0,1,0,0,1,0,0,1,1,0,0,1,0,0,0,1,1 : 13.0004
0,0,0,1,0,0,1,0,0,0,1,0,1,1,1,0,0,1,1,1,0,0,0,1,0,0,1,0,0,1,0,0,0,1,0,0,0,1,1 : 13.0004
0,1,0,0,1,0,1,0,0,1,0,0,1,1,1,1,0,1,1,1,0,0,0,0,0,1,0,0,1,1,1,1,1,0,0,0,0,0,0 : 13.0004
0,0,0,1,0,0,1,1,0,0,1,0,1,1,1,0,0,1,1,1,0,0,0,1,0,0,1,0,0,1,0,0,0,1,0,0,0,1,0 : 13.0004
0,1,0,0,0,0,1,0,0,0,0,0,0,1,0,1,1,0,1,1,0,1,1,1,0,0,0,0,0,0,0,1,1,0,0,1,1,0,1 : 13.0015
0,1,0,0,0,0,1,0,0,0,0,0,0,1,0,1,1,0,1,0,0,1,1,1,0,0,0,0,0,0,0,1,1,0,0,0,1,0,1 : 13.0015
0,1,0,0,0,0,1,0,0,0,0,0,0,1,0,1,1,0,1,0,0,1,1,1,0,0,0,0,0,0,0,1,1,0,0,1,1,0,1 : 13.0015
0,1,0,0,0,0,1,0,0,0,0,0,0,1,0,1,1,0,1,1,0,1,1,1,0,0,0,0,0,0,0,1,1,0,0,1,1,0,1 : 13.0015
0,1,0,0,0,0,1,0,0,0,0,0,0,1,0,1,1,0,1,0,0,1,1,1,0,0,0,0,0,0,0,1,1,0,0,0,1,0,1 : 13.0015
0,1,0,0,0,0,1,0,0,0,0,0,0,1,0,1,1,0,1,0,0,1,1,1,0,0,0,0,0,0,0,1,1,0,0,1,1,0,1 : 13.0015
0,0,0,1,1,0,1,1,0,0,0,1,0,1,0,1,1,0,1,1,0,0,0,0,0,1,1,1,0,0,1,1,0,1,0,0,0,1,1 : 13.0193
0,0,0,1,0,0,1,1,0,0,0,0,1,1,0,1,1,0,1,1,0,0,0,0,0,1,1,1,0,0,1,1,0,1,0,0,0,1,1 : 13.0193
0,0,0,1,1,0,1,1,0,0,0,1,0,1,0,1,1,0,1,1,0,0,0,0,0,1,1,1,0,0,1,1,0,1,0,0,0,1,1 : 13.0193
0,0,0,1,0,0,1,1,0,0,0,0,1,1,0,1,1,0,1,1,0,0,0,0,0,1,1,1,0,0,1,1,0,1,0,0,0,1,1 : 13.0193
0,0,1,0,1,0,0,0,1,1,0,1,1,1,1,0,1,0,1,1,1,0,0,1,0,1,0,1,0,1,0,0,0,1,0,1,1,0,0 : 13.0344
0,0,1,0,1,0,0,0,1,1,0,1,1,1,1,0,1,0,1,1,1,0,0,1,0,1,0,1,0,1,0,0,0,1,0,1,1,0,0 : 13.0344
1,1,0,1,0,0,0,1,1,1,1,0,0,1,1,1,0,1,1,1,1,0,0,0,0,1,0,0,0,0,1,0,1,1,0,0,1,0,0 : 13.0451
1,0,0,1,1,0,0,1,1,0,1,0,0,1,1,1,1,1,1,1,1,0,0,1,1,1,0,0,0,1,1,1,0,1,1,0,1,0,0 : 13.0451
1,0,0,1,0,0,0,1,1,0,1,0,0,1,1,1,1,1,1,1,1,0,0,1,0,1,0,0,0,0,1,0,0,0,0,0,1,0,0 : 13.0451
0,0,0,1,1,0,0,1,1,0,0,0,0,0,1,0,0,1,1,1,1,1,1,0,0,0,1,0,0,1,1,0,0,1,0,1,1,1,0 : 13.0451
1,1,0,1,1,0,0,1,1,1,1,0,0,1,1,0,0,1,1,1,1,0,0,0,1,1,0,1,0,0,1,0,1,1,0,0,1,0,0 : 13.0451
0,1,0,1,1,0,0,1,1,0,0,0,0,0,1,0,0,1,1,1,1,1,0,0,0,0,1,0,0,0,1,0,0,1,0,1,1,1,0 : 13.0451
1,1,0,1,0,0,0,1,1,1,1,0,0,1,1,1,1,1,1,1,1,0,0,1,0,1,0,0,0,0,1,0,0,0,0,0,1,0,0 : 13.0451
0,0,0,1,1,0,0,1,1,0,0,0,0,0,1,0,0,1,1,1,1,1,0,0,0,0,1,0,0,1,1,0,0,1,0,1,1,1,0 : 13.0451
0,1,0,1,0,0,0,1,0,1,1,0,0,1,1,1,0,1,1,1,1,0,0,0,0,1,0,0,0,1,1,0,1,1,0,0,1,0,0 : 13.0451
1,1,0,1,1,0,0,1,1,0,1,0,1,1,1,1,1,1,1,1,1,0,0,1,1,1,0,0,0,0,1,1,0,1,0,0,1,0,0 : 13.0451
0,0,0,1,1,0,0,1,1,0,0,0,0,0,1,0,0,1,1,1,1,1,0,0,0,0,1,0,0,1,1,0,1,1,0,1,1,1,0 : 13.0451
1,1,0,1,0,0,0,1,1,1,1,0,0,1,1,1,0,1,1,1,1,0,0,0,0,1,0,0,0,0,1,0,1,1,0,0,1,0,0 : 13.0451
1,0,0,1,1,0,0,1,1,0,1,0,0,1,1,1,1,1,1,1,1,0,0,1,1,1,0,0,0,1,1,1,0,1,1,0,1,0,0 : 13.0451
1,0,0,1,0,0,0,1,1,0,1,0,0,1,1,1,1,1,1,1,1,0,0,1,0,1,0,0,0,0,1,0,0,0,0,0,1,0,0 : 13.0451
0,0,0,1,1,0,0,1,1,0,0,0,0,0,1,0,0,1,1,1,1,1,1,0,0,0,1,0,0,1,1,0,0,1,0,1,1,1,0 : 13.0451
1,1,0,1,1,0,0,1,1,1,1,0,0,1,1,0,0,1,1,1,1,0,0,0,1,1,0,1,0,0,1,0,1,1,0,0,1,0,0 : 13.0451
0,1,0,1,1,0,0,1,1,0,0,0,0,0,1,0,0,1,1,1,1,1,0,0,0,0,1,0,0,0,1,0,0,1,0,1,1,1,0 : 13.0451
1,1,0,1,0,0,0,1,1,1,1,0,0,1,1,1,1,1,1,1,1,0,0,1,0,1,0,0,0,0,1,0,0,0,0,0,1,0,0 : 13.0451
0,0,0,1,1,0,0,1,1,0,0,0,0,0,1,0,0,1,1,1,1,1,0,0,0,0,1,0,0,1,1,0,0,1,0,1,1,1,0 : 13.0451
0,1,0,1,0,0,0,1,0,1,1,0,0,1,1,1,0,1,1,1,1,0,0,0,0,1,0,0,0,1,1,0,1,1,0,0,1,0,0 : 13.0451
1,1,0,1,1,0,0,1,1,0,1,0,1,1,1,1,1,1,1,1,1,0,0,1,1,1,0,0,0,0,1,1,0,1,0,0,1,0,0 : 13.0451
0,0,0,1,1,0,0,1,1,0,0,0,0,0,1,0,0,1,1,1,1,1,0,0,0,0,1,0,0,1,1,0,1,1,0,1,1,1,0 : 13.0451
1,1,0,1,1,1,1,1,0,0,1,1,0,0,1,0,1,1,1,0,1,1,0,0,0,1,1,0,0,0,0,0,0,1,0,0,0,0,1 : 13.0563
1,0,0,1,1,1,1,1,0,0,1,1,0,1,0,0,1,1,1,0,1,1,0,0,0,0,1,0,0,0,0,0,0,1,0,0,0,0,0 : 13.0563
1,1,0,1,1,1,1,1,0,0,1,1,0,0,0,0,1,1,1,0,1,1,0,0,0,1,1,0,0,1,0,0,0,1,0,0,1,1,1 : 13.0563
1,0,0,1,1,1,1,1,0,0,1,1,0,0,1,0,1,1,1,0,1,1,0,0,0,1,1,0,0,0,0,0,0,1,0,0,0,0,0 : 13.0563
1,1,0,1,1,1,1,1,0,0,1,1,1,0,0,0,1,1,1,0,1,1,0,0,0,0,1,0,0,0,0,0,0,1,0,0,1,1,1 : 13.0563
1,1,0,1,1,1,1,1,0,0,1,1,0,0,1,0,1,1,1,0,1,1,0,0,0,1,1,0,0,0,0,0,0,1,0,0,0,0,1 : 13.0563
1,0,0,1,1,1,1,1,0,0,1,1,0,1,0,0,1,1,1,0,1,1,0,0,0,0,1,0,0,0,0,0,0,1,0,0,0,0,0 : 13.0563
1,1,0,1,1,1,1,1,0,0,1,1,0,0,0,0,1,1,1,0,1,1,0,0,0,1,1,0,0,1,0,0,0,1,0,0,1,1,1 : 13.0563
1,0,0,1,1,1,1,1,0,0,1,1,0,0,1,0,1,1,1,0,1,1,0,0,0,1,1,0,0,0,0,0,0,1,0,0,0,0,0 : 13.0563
1,1,0,1,1,1,1,1,0,0,1,1,1,0,0,0,1,1,1,0,1,1,0,0,0,0,1,0,0,0,0,0,0,1,0,0,1,1,1 : 13.0563
0,0,0,1,1,0,1,1,1,0,0,0,0,1,0,1,1,0,1,1,0,0,0,0,0,0,1,1,0,0,1,1,0,1,0,0,0,1,1 : 13.059
0,1,0,1,1,0,1,1,0,0,0,0,0,1,0,1,1,0,1,1,0,0,0,0,0,0,1,1,0,0,1,1,0,1,0,0,0,1,1 : 13.059
0,1,0,1,1,0,1,1,0,0,0,0,0,1,0,1,1,0,1,1,0,0,0,0,0,0,1,1,0,0,1,1,0,1,0,0,0,1,1 : 13.059
0,1,0,1,1,0,1,1,0,0,0,0,0,1,0,1,1,0,1,1,0,0,0,0,0,0,1,1,0,0,1,1,0,1,0,0,0,1,1 : 13.059
1,1,0,1,1,0,1,1,0,0,0,0,0,1,0,1,1,0,1,1,0,0,0,0,0,0,1,1,0,0,1,1,0,1,0,0,0,1,1 : 13.059
0,1,0,1,1,0,1,1,0,0,0,0,0,1,0,1,0,0,1,1,0,0,0,0,0,0,1,1,0,0,1,1,0,1,0,0,0,1,1 : 13.059
0,0,0,1,1,0,1,1,1,0,0,0,0,1,0,1,1,0,1,1,0,0,0,0,0,0,1,1,0,0,1,1,0,1,0,0,0,1,1 : 13.059
0,1,0,1,1,0,1,1,0,0,0,0,0,1,0,1,1,0,1,1,0,0,0,0,0,0,1,1,0,0,1,1,0,1,0,0,0,1,1 : 13.059
0,1,0,1,1,0,1,1,0,0,0,0,0,1,0,1,1,0,1,1,0,0,0,0,0,0,1,1,0,0,1,1,0,1,0,0,0,1,1 : 13.059
0,1,0,1,1,0,1,1,0,0,0,0,0,1,0,1,1,0,1,1,0,0,0,0,0,0,1,1,0,0,1,1,0,1,0,0,0,1,1 : 13.059
1,1,0,1,1,0,1,1,0,0,0,0,0,1,0,1,1,0,1,1,0,0,0,0,0,0,1,1,0,0,1,1,0,1,0,0,0,1,1 : 13.059
0,1,0,1,1,0,1,1,0,0,0,0,0,1,0,1,0,0,1,1,0,0,0,0,0,0,1,1,0,0,1,1,0,1,0,0,0,1,1 : 13.059
0,1,0,1,0,0,1,0,1,1,0,1,1,0,0,1,1,1,1,1,1,1,1,0,0,0,1,0,1,1,0,0,1,1,1,0,0,0,1 : 13.0713
1,1,0,1,0,0,1,1,1,1,0,1,1,1,0,1,1,1,1,1,1,1,1,0,0,0,1,0,1,1,0,0,1,1,0,0,0,0,1 : 13.0713
0,1,0,1,0,0,1,0,1,0,0,1,1,0,0,1,1,1,1,1,1,1,1,0,0,0,1,0,1,1,0,0,1,1,1,0,0,0,1 : 13.0713
0,1,0,1,1,0,1,0,1,1,1,1,1,0,0,1,1,1,1,1,1,1,1,0,0,0,1,0,1,1,0,0,0,1,0,1,0,0,1 : 13.0713
0,1,0,1,0,0,1,0,1,1,0,1,1,0,0,1,1,1,1,1,1,1,1,0,0,0,1,0,1,1,0,0,1,1,1,0,0,0,1 : 13.0713
1,1,0,1,0,0,1,1,1,1,0,1,1,1,0,1,1,1,1,1,1,1,1,0,0,0,1,0,1,1,0,0,1,1,0,0,0,0,1 : 13.0713
0,1,0,1,0,0,1,0,1,0,0,1,1,0,0,1,1,1,1,1,1,1,1,0,0,0,1,0,1,1,0,0,1,1,1,0,0,0,1 : 13.0713
0,1,0,1,1,0,1,0,1,1,1,1,1,0,0,1,1,1,1,1,1,1,1,0,0,0,1,0,1,1,0,0,0,1,0,1,0,0,1 : 13.0713
1,0,1,0,1,0,0,0,1,1,0,1,0,0,1,0,0,1,1,1,1,0,0,1,0,0,0,1,0,1,0,1,0,1,0,1,1,0,0 : 13.1139
1,0,1,0,1,0,0,0,1,1,0,1,1,0,1,0,0,1,1,1,1,0,0,1,0,0,0,1,0,1,0,1,0,1,0,1,1,0,0 : 13.1139
