1,0,1,0,1,0,1,1,1,0,1,0,1,0,1,0 : 482.04
1,1,1,0,1,0,1,0,1,1,0,0,1,0,1,0 : 456.363
1,1,1,1,0,0,1,1,1,0,1,0,1,1,0,0 : 246.273
1,1,1,1,0,0,1,0,1,1,0,0,1,0,1,0 : 362.037
1,1,1,0,0,0,1,1,1,0,1,0,1,0,1,0 : 363.56
1,0,0,0,0,0,0,0,1,0,1,0,1,0,1,0 : 445.577
1,1,1,1,0,1,1,1,1,0,0,1,1,1,0,0 : 275.407
1,1,0,1,1,1,1,1,1,1,0,0,1,0,0,1 : 652.373
1,0,0,0,0,0,1,0,1,0,0,1,1,0,0,1 : 555.633
1,1,0,0,1,1,0,1,1,1,0,0,1,1,0,0 : 291.62
1,1,0,0,0,0,0,0,1,0,1,0,1,1,0,0 : 256.333
1,1,1,0,1,1,0,0,1,0,0,1,1,1,0,0 : 279.15
1,1,0,1,0,1,1,1,1,0,1,0,1,1,0,0 : 286.43
1,0,1,0,0,0,1,0,1,0,1,0,1,0,1,0 : 382.01
1,1,1,1,0,1,1,0,1,0,0,1,1,0,0,1 : 555.633
1,1,1,1,0,0,1,1,1,0,1,0,1,1,0,0 : 246.273
1,0,1,0,0,0,1,1,1,0,0,1,1,1,0,0 : 263.363
1,1,1,0,1,0,1,1,1,0,0,1,1,0,1,0 : 433.913
1,1,0,0,0,1,1,0,1,1,0,0,1,0,0,1 : 490.473
1,1,0,0,0,0,1,1,1,0,1,0,1,1,0,0 : 256.32
1,0,0,1,0,0,1,0,1,0,1,0,1,0,0,1 : 490.473
1,1,0,1,0,1,1,0,1,0,0,1,1,1,0,0 : 286.353
1,1,1,1,0,0,0,1,1,0,1,0,1,1,0,0 : 246.273
1,1,1,1,0,0,1,1,1,0,0,1,1,1,0,0 : 247.537
1,0,0,1,0,1,1,0,1,0,1,0,1,0,1,0 : 432.757
1,1,1,1,0,0,1,1,1,0,1,0,1,1,0,0 : 246.273
1,1,0,1,1,0,1,0,1,0,1,0,1,0,1,0 : 456.363
1,1,1,1,1,1,1,0,1,0,0,1,1,0,1,0 : 433.913
1,0,1,1,0,0,0,1,1,1,0,0,1,0,0,1 : 607.7
1,1,1,1,0,0,1,0,1,0,0,1,1,1,0,0 : 247.537
1,0,0,0,0,0,1,1,1,0,1,0,1,0,1,0 : 382.01
1,1,1,0,0,0,0,1,1,0,1,0,1,0,1,0 : 439.02
1,0,1,1,0,1,1,0,1,0,1,0,1,0,0,1 : 490.473
1,1,0,1,0,1,1,1,1,0,0,1,1,0,1,0 : 414.737
1,1,1,1,0,0,1,1,1,1,0,0,1,0,1,0 : 361.7029
1,1,0,1,0,0,1,0,1,0,1,0,1,0,0,1 : 490.473
1,1,1,0,0,0,0,1,1,0,1,0,1,1,0,0 : 246.41
1,1,1,0,1,0,1,1,1,0,0,1,1,1,0,0 : 252.963
1,0,0,0,0,1,1,1,1,0,1,0,1,0,1,0 : 432.757
1,1,1,0,0,1,1,0,1,1,0,0,1,0,0,1 : 490.473
1,0,1,0,0,1,1,0,1,1,0,0,1,0,1,0 : 432.757
1,1,0,1,0,0,1,0,1,0,1,0,1,0,1,0 : 368.63
1,0,1,1,0,0,1,1,1,0,0,1,1,1,0,0 : 263.363
1,0,1,0,0,0,0,1,1,0,1,0,1,0,0,1 : 604.8869
1,0,1,1,0,1,1,1,1,0,0,1,1,0,0,1 : 575.553
1,0,1,0,0,0,1,1,1,1,0,0,1,1,0,0 : 260.38
1,1,0,1,0,0,0,1,1,0,1,0,1,0,1,0 : 439.02
1,1,0,0,0,0,0,1,1,0,1,0,1,1,0,0 : 256.32
1,1,1,1,1,1,1,1,1,0,0,1,1,0,0,1 : 644.357
1,1,1,0,1,1,0,0,1,0,1,0,1,1,0,0 : 279.15
1,1,0,0,1,1,1,1,1,1,0,0,1,0,1,0 : 456.363
1,1,0,0,0,0,1,1,1,0,1,0,1,1,0,0 : 256.32
1,0,1,1,0,0,1,1,1,0,0,1,1,0,1,0 : 380.18
1,0,1,1,0,0,0,1,1,0,1,0,1,1,0,0 : 262.233
1,1,0,0,1,0,0,1,1,1,0,0,1,1,0,0 : 261.31
1,1,1,1,0,1,1,1,1,0,1,0,1,1,0,0 : 275.407
1,1,1,0,1,0,0,0,1,0,0,1,1,1,0,0 : 252.963
1,1,1,1,1,0,0,0,1,0,0,1,1,1,0,0 : 252.78
1,1,1,0,1,0,0,0,1,0,1,0,1,1,0,0 : 251.787
1,1,1,0,0,0,1,1,1,0,0,1,1,1,0,0 : 247.693
1,1,1,0,0,0,1,0,1,0,0,1,1,1,0,0 : 247.693
1,1,1,1,0,0,0,1,1,0,1,0,1,0,1,0 : 439.02
1,0,0,0,1,1,1,0,1,0,1,0,1,1,0,0 : 310.283
1,1,1,0,0,0,1,0,1,1,0,0,1,0,0,1 : 490.473
1,1,1,1,1,1,0,1,1,1,0,0,1,0,1,0 : 536.95
1,1,0,1,0,0,1,1,1,0,1,0,1,1,0,0 : 256.32
1,0,1,0,1,0,1,1,1,1,0,0,1,1,0,0 : 266.67
1,1,1,0,1,0,1,0,1,0,1,0,1,0,0,1 : 610.957
1,1,0,0,0,0,0,1,1,1,0,0,1,1,0,0 : 254.707
1,0,0,0,1,0,1,1,1,0,1,0,1,1,0,0 : 279.097
1,1,0,0,0,0,1,0,1,0,0,1,1,0,0,1 : 555.633
1,0,0,0,0,0,1,1,1,0,1,0,1,0,0,1 : 510.857
1,1,1,0,0,0,0,0,1,1,0,0,1,1,0,0 : 244.23
1,0,0,1,0,0,0,0,1,0,1,0,1,1,0,0 : 271.337
1,0,0,1,0,0,1,0,1,0,1,0,1,0,0,1 : 490.473
1,1,0,0,0,0,0,1,1,1,0,0,1,1,0,0 : 254.707
1,1,1,0,0,0,1,0,1,1,0,0,1,1,0,0 : 244.277
1,1,0,1,0,1,0,1,1,0,0,1,1,1,0,0 : 286.353
1,1,0,1,0,0,1,0,1,0,0,1,1,1,0,0 : 257.407
1,1,1,0,0,1,1,1,1,0,0,1,1,0,0,1 : 576.247
1,0,1,1,0,0,1,0,1,0,0,1,1,0,0,1 : 555.633
1,1,1,1,0,0,0,0,1,0,0,1,1,1,0,0 : 247.483
1,1,0,0,1,0,1,1,1,0,1,0,1,0,1,0 : 456.363
1,0,1,0,0,0,1,1,1,0,1,0,1,1,0,0 : 262.17
1,1,1,1,1,0,0,0,1,0,1,0,1,0,0,1 : 705.453
1,0,1,0,0,0,1,1,1,1,0,0,1,0,1,0 : 380.18
1,1,0,0,0,0,1,1,1,0,0,1,1,1,0,0 : 258.113
1,1,1,0,1,0,1,1,1,0,1,0,1,1,0,0 : 251.787
1,1,1,1,1,0,1,1,1,0,0,1,1,0,1,0 : 433.913
1,1,1,0,0,0,1,1,1,0,0,1,1,0,1,0 : 363.56
1,1,1,0,0,0,1,1,1,1,0,0,1,1,0,0 : 244.333
1,1,0,1,0,0,1,1,1,1,0,0,1,0,1,0 : 366.837
1,0,0,0,0,0,0,1,1,0,1,0,1,0,0,1 : 604.8869
1,1,1,1,0,0,0,1,1,0,0,1,1,0,1,0 : 439.02
1,1,0,1,1,0,1,1,1,1,0,0,1,1,0,0 : 261.31
1,1,0,0,1,1,1,1,1,0,1,0,1,0,0,1 : 652.373
1,1,1,0,0,0,0,0,1,1,0,0,1,1,0,0 : 244.23
1,1,1,0,0,0,1,1,1,0,1,0,1,1,0,0 : 246.58
1,1,1,0,0,0,1,1,1,1,0,0,1,1,0,0 : 244.333
1,1,1,0,0,0,0,1,1,0,1,0,1,0,0,1 : 604.8869
