1,1,0,1,0,0,0,1,0,0,1,0,0,1,1,0,1,1,1,1,1,0,1,1,0,1,1,0,0,1,1,0,1,0,0,1,1,1,1 : 12.6877
0,1,0,1,1,0,0,1,1,1,1,0,0,0,1,1,1,1,1,1,1,1,1,1,0,0,1,0,1,1,0,1,0,1,0,0,1,1,0 : 12.6877
0,1,0,1,0,0,1,1,0,0,0,0,0,1,1,0,1,1,1,1,1,0,1,1,0,1,1,0,0,1,1,0,1,0,0,1,1,0,1 : 12.6877
0,1,0,1,1,1,0,1,1,1,1,0,0,0,1,1,1,1,0,1,1,1,1,1,0,0,0,0,1,0,0,1,0,1,0,0,1,1,0 : 12.6877
0,1,0,1,1,0,0,1,1,1,1,0,0,0,0,0,1,1,1,0,1,1,1,1,0,0,1,0,1,1,0,1,0,1,0,0,1,1,0 : 12.6877
0,1,0,1,0,0,1,1,0,0,0,0,0,1,1,0,1,1,1,1,1,0,1,1,0,1,1,0,0,1,1,0,1,0,0,1,1,0,1 : 12.6877
0,1,0,1,1,1,0,1,1,1,1,0,0,0,1,1,1,1,0,1,1,1,1,1,0,0,1,0,1,0,0,1,0,1,0,0,1,1,0 : 12.6877
1,1,0,1,0,0,0,1,0,0,1,0,0,1,1,0,1,1,1,1,1,0,1,1,0,1,1,0,0,1,1,0,1,0,0,1,1,1,1 : 12.6877
0,1,0,1,1,0,0,1,1,1,1,0,0,0,1,1,1,1,1,1,1,1,1,1,0,0,1,0,1,1,0,1,0,1,0,0,1,1,0 : 12.6877
0,1,0,1,0,0,1,1,0,0,0,0,0,1,1,0,1,1,1,1,1,0,1,1,0,1,1,0,0,1,1,0,1,0,0,1,1,0,1 : 12.6877
0,1,0,1,1,1,0,1,1,1,1,0,0,0,1,1,1,1,0,1,1,1,1,1,0,0,0,0,1,0,0,1,0,1,0,0,1,1,0 : 12.6877
0,1,0,1,1,0,0,1,1,1,1,0,0,0,0,0,1,1,1,0,1,1,1,1,0,0,1,0,1,1,0,1,0,1,0,0,1,1,0 : 12.6877
0,1,0,1,0,0,1,1,0,0,0,0,0,1,1,0,1,1,1,1,1,0,1,1,0,1,1,0,0,1,1,0,1,0,0,1,1,0,1 : 12.6877
0,1,0,1,1,1,0,1,1,1,1,0,0,0,1,1,1,1,0,1,1,1,1,1,0,0,1,0,1,0,0,1,0,1,0,0,1,1,0 : 12.6877
1,1,0,0,0,1,1,1,1,1,0,0,1,0,0,1,1,1,0,0,1,0,0,0,0,1,0,0,1,1,1,0,1,1,1,0,1,0,0 : 12.7358
1,1,0,0,0,1,1,1,1,1,0,0,0,0,0,1,1,1,0,0,1,0,0,0,0,1,0,0,1,1,1,0,1,1,1,0,1,0,0 : 12.7358
1,1,0,0,0,1,1,1,1,1,0,0,1,0,0,1,1,1,0,0,1,0,0,0,0,1,0,0,1,1,1,0,1,1,1,0,1,0,0 : 12.7358
1,1,0,0,0,1,1,1,1,1,0,0,0,0,0,1,1,1,0,0,1,0,0,0,0,1,0,0,1,1,1,0,1,1,1,0,1,0,0 : 12.7358
0,1,0,1,1,0,0,0,1,1,0,0,1,1,1,0,1,1,1,1,1,1,0,1,0,0,0,0,0,1,0,0,0,0,0,0,0,1,1 : 13.0451
0,1,0,1,1,0,0,0,1,1,0,0,1,1,1,0,1,1,1,1,1,1,0,1,0,0,0,0,0,1,0,0,0,0,0,0,0,1,1 : 13.0451
0,0,0,0,1,1,0,0,1,0,0,1,0,1,0,1,0,0,1,1,1,0,0,1,0,0,1,0,1,1,1,1,1,0,1,0,1,0,0 : 13.0896
0,0,0,0,1,1,0,0,1,0,0,1,0,1,0,1,0,0,1,1,1,0,0,1,0,0,1,0,1,1,1,1,1,0,1,0,1,0,0 : 13.0896
0,0,0,0,1,1,0,0,1,0,0,1,0,1,0,1,0,0,1,1,1,0,0,1,0,0,1,0,1,1,1,1,1,0,1,0,1,0,0 : 13.0896
0,0,0,0,1,1,0,0,1,0,0,1,0,1,0,1,0,0,1,1,1,0,0,1,0,0,1,0,1,1,1,1,1,0,1,0,1,0,0 : 13.0896
1,1,0,1,0,0,0,1,1,1,1,0,0,1,0,1,0,1,0,0,1,1,1,1,1,0,1,0,1,0,1,0,0,0,0,1,0,1,0 : 13.1354
1,1,0,0,0,1,0,0,0,0,0,1,0,0,1,0,0,1,0,1,1,1,0,1,1,0,1,0,1,0,1,0,0,0,0,0,0,1,0 : 13.1354
1,1,0,1,0,0,0,0,1,1,1,0,0,0,0,1,0,1,0,0,1,1,1,1,1,0,1,0,1,0,1,0,0,0,0,1,0,1,0 : 13.1354
1,1,0,0,0,1,0,1,0,1,0,1,0,1,1,0,0,1,0,1,1,1,0,1,1,0,1,0,1,0,0,0,0,0,0,0,0,1,0 : 13.1354
1,1,0,0,0,0,0,1,0,1,1,1,0,1,0,0,0,1,1,0,0,1,1,1,0,0,0,0,1,1,1,0,1,0,1,0,0,0,1 : 13.1354
1,1,0,1,0,0,0,1,1,1,1,0,0,1,0,1,0,1,0,0,1,1,1,1,1,0,1,0,1,0,1,0,0,0,0,1,0,1,0 : 13.1354
1,1,0,0,0,1,0,0,0,0,0,1,0,0,1,0,0,1,0,1,1,1,0,1,1,0,1,0,1,0,1,0,0,0,0,0,0,1,0 : 13.1354
1,1,0,1,0,0,0,0,1,1,1,0,0,0,0,1,0,1,0,0,1,1,1,1,1,0,1,0,1,0,1,0,0,0,0,1,0,1,0 : 13.1354
1,1,0,0,0,1,0,1,0,1,0,1,0,1,1,0,0,1,0,1,1,1,0,1,1,0,1,0,1,0,0,0,0,0,0,0,0,1,0 : 13.1354
1,1,0,0,0,0,0,1,0,1,1,1,0,1,0,0,0,1,1,0,0,1,1,1,0,0,0,0,1,1,1,0,1,0,1,0,0,0,1 : 13.1354
0,0,0,1,0,0,1,1,0,0,1,0,1,0,1,1,1,0,0,1,1,0,1,0,0,1,1,0,1,0,0,0,1,0,0,1,1,1,1 : 13.1655
0,0,0,0,1,0,1,0,0,0,1,0,1,1,1,1,0,0,0,1,1,1,1,0,0,1,0,0,0,0,1,1,0,1,0,1,1,1,1 : 13.1655
0,0,0,1,0,0,1,1,0,0,1,0,0,0,1,1,1,0,0,1,1,0,1,0,0,1,1,0,1,0,0,0,1,0,0,1,1,1,1 : 13.1655
0,0,0,1,0,0,1,1,0,0,1,0,1,0,1,1,1,0,0,1,1,0,0,0,0,1,1,0,1,0,0,0,1,0,0,1,1,1,1 : 13.1655
0,0,0,0,1,0,1,0,0,0,1,0,1,1,1,0,0,0,0,0,1,1,1,0,0,1,0,0,0,0,1,1,0,1,0,1,1,1,1 : 13.1655
0,0,0,1,0,0,1,1,0,0,1,0,1,0,1,1,1,0,0,1,1,0,1,0,0,1,1,0,1,0,0,0,1,0,0,1,1,1,1 : 13.1655
0,0,0,0,1,0,1,0,0,0,1,0,1,1,1,1,0,0,0,1,1,1,1,0,0,1,0,0,0,0,1,1,0,1,0,1,1,1,1 : 13.1655
0,0,0,1,0,0,1,1,0,0,1,0,0,0,1,1,1,0,0,1,1,0,1,0,0,1,1,0,1,0,0,0,1,0,0,1,1,1,1 : 13.1655
0,0,0,1,0,0,1,1,0,0,1,0,1,0,1,1,1,0,0,1,1,0,0,0,0,1,1,0,1,0,0,0,1,0,0,1,1,1,1 : 13.1655
0,0,0,0,1,0,1,0,0,0,1,0,1,1,1,0,0,0,0,0,1,1,1,0,0,1,0,0,0,0,1,1,0,1,0,1,1,1,1 : 13.1655
0,0,0,1,1,1,0,0,1,0,0,1,0,1,0,1,0,1,1,1,0,0,0,1,0,0,1,0,1,1,1,0,1,0,1,0,1,0,0 : 13.18
0,0,0,0,1,1,0,0,1,0,0,1,0,1,0,1,0,1,1,1,0,0,0,1,0,0,1,0,1,1,1,0,1,0,1,0,1,0,0 : 13.18
0,0,0,1,1,1,0,0,1,0,0,1,0,1,0,1,0,1,1,1,0,0,0,1,0,0,1,0,1,1,1,0,1,0,1,0,1,0,0 : 13.18
0,0,0,0,1,1,0,0,1,0,0,1,0,1,0,1,0,1,1,1,0,0,0,1,0,0,1,0,1,1,1,0,1,0,1,0,1,0,0 : 13.18
0,0,0,1,1,0,0,1,1,1,0,0,1,0,1,0,1,1,1,1,1,1,1,0,0,1,1,1,0,1,0,1,0,1,0,1,0,0,0 : 13.1808
0,0,0,0,1,0,0,1,1,0,0,1,0,1,0,0,1,1,1,1,1,0,0,0,0,1,1,1,0,0,1,0,1,1,0,1,0,1,1 : 13.1808
0,0,0,1,1,0,0,1,1,0,1,0,1,0,1,0,1,1,1,1,1,1,0,0,0,1,1,1,0,1,0,0,0,1,0,1,0,0,0 : 13.1808
1,0,0,0,1,0,0,1,1,0,0,1,0,1,0,0,1,1,1,1,1,0,0,0,0,1,1,1,0,0,1,0,1,1,0,1,0,1,1 : 13.1808
0,0,0,1,1,0,0,1,1,1,0,0,1,0,1,0,1,1,1,1,1,1,1,0,0,1,1,1,0,1,0,1,0,1,0,1,0,0,0 : 13.1808
0,0,0,0,1,0,0,1,1,0,0,1,0,1,0,0,1,1,1,1,1,0,0,0,0,1,1,1,0,0,1,0,1,1,0,1,0,1,1 : 13.1808
0,0,0,1,1,0,0,1,1,0,1,0,1,0,1,0,1,1,1,1,1,1,0,0,0,1,1,1,0,1,0,0,0,1,0,1,0,0,0 : 13.1808
1,0,0,0,1,0,0,1,1,0,0,1,0,1,0,0,1,1,1,1,1,0,0,0,0,1,1,1,0,0,1,0,1,1,0,1,0,1,1 : 13.1808
0,0,1,1,0,0,0,0,0,1,0,0,0,0,0,0,1,0,1,1,0,1,0,0,0,0,1,0,0,0,1,0,0,0,0,0,0,0,0 : 13.2068
0,0,1,1,0,0,0,1,0,1,0,0,0,0,0,0,1,0,1,1,0,1,0,0,0,0,1,0,0,0,1,0,0,0,0,0,0,1,0 : 13.2068
0,0,1,1,0,0,0,0,0,1,0,0,0,0,0,0,1,0,1,1,0,1,0,0,0,0,1,0,0,0,1,0,0,0,0,0,0,0,0 : 13.2068
0,0,1,1,0,0,0,1,0,1,0,0,0,0,0,0,1,0,1,1,0,1,0,0,0,0,1,0,0,0,1,0,0,0,0,0,0,1,0 : 13.2068
1,1,1,1,0,0,0,0,1,1,1,0,0,1,1,0,0,0,0,0,0,0,1,0,0,0,0,0,0,0,1,0,1,1,0,1,0,1,0 : 13.262
1,1,1,1,0,0,0,0,1,1,1,0,0,1,1,0,0,0,0,0,0,0,1,0,0,0,0,0,0,0,1,0,1,1,0,1,0,1,0 : 13.262
1,0,0,1,1,0,1,1,0,0,0,0,0,1,0,1,1,0,1,1,0,1,0,1,1,0,1,0,1,0,1,0,1,1,0,0,0,0,0 : 13.2813
1,0,0,1,1,0,1,1,0,0,0,0,1,1,0,1,1,0,0,1,0,0,0,1,1,0,1,0,1,0,1,0,1,1,0,0,0,0,0 : 13.2813
1,1,0,0,0,0,1,1,0,1,0,1,1,0,1,0,1,0,1,1,0,1,0,1,0,0,1,0,1,1,0,0,1,0,1,0,0,1,0 : 13.2813
1,0,0,1,1,0,1,1,0,0,0,0,0,1,0,1,1,0,1,1,0,1,0,1,1,0,1,0,1,0,1,0,1,1,0,0,0,0,0 : 13.2813
1,0,0,1,1,0,1,1,0,0,0,0,1,1,0,1,1,0,0,1,0,0,0,1,1,0,1,0,1,0,1,0,1,1,0,0,0,0,0 : 13.2813
1,1,0,0,0,0,1,1,0,1,0,1,1,0,1,0,1,0,1,1,0,1,0,1,0,0,1,0,1,1,0,0,1,0,1,0,0,1,0 : 13.2813
0,1,0,1,0,0,0,1,0,0,1,0,1,1,1,0,1,1,1,1,1,0,1,1,0,1,0,0,0,1,1,0,1,0,0,1,1,1,1 : 13.4226
0,1,0,1,1,0,1,0,1,1,0,0,1,1,1,0,1,1,1,1,1,1,0,0,0,1,0,0,0,1,0,0,0,0,0,0,0,1,1 : 13.4226
0,1,0,1,0,0,0,1,0,0,1,0,1,1,1,0,1,1,1,1,1,0,1,1,0,1,0,0,0,1,1,0,1,0,0,1,1,1,1 : 13.4226
0,1,0,1,1,0,1,0,1,1,0,0,1,1,1,0,1,1,1,1,1,1,0,0,0,1,0,0,0,1,0,0,0,0,0,0,0,1,1 : 13.4226
1,1,0,0,0,0,1,1,1,1,1,0,0,0,1,0,1,0,1,1,0,1,0,1,0,0,1,0,1,1,0,0,1,0,1,0,0,1,0 : 13.4618
1,1,0,0,0,0,1,1,1,1,1,0,0,0,1,0,1,0,1,1,0,1,0,1,0,0,1,0,1,1,0,0,1,0,1,0,0,1,0 : 13.4618
1,0,0,0,1,0,1,0,0,1,1,1,1,1,1,1,0,1,1,1,0,0,0,1,0,0,1,0,0,0,0,1,1,0,1,0,1,0,0 : 13.5167
1,0,0,1,1,1,1,1,0,1,1,1,0,1,0,1,0,1,1,1,1,1,0,1,1,0,1,0,0,0,0,1,1,0,0,1,1,1,1 : 13.5167
1,0,0,0,1,0,1,0,0,1,1,1,1,1,1,1,0,1,1,1,0,0,0,1,0,0,1,0,0,0,0,1,1,0,0,0,1,0,0 : 13.5167
0,0,0,0,1,1,1,1,1,0,0,1,1,1,1,1,0,1,1,1,0,1,0,0,0,0,0,0,1,0,0,0,1,1,0,1,1,0,1 : 13.5167
1,0,0,0,1,0,1,0,0,1,1,1,1,1,1,1,0,1,1,1,0,0,0,1,0,0,1,0,0,0,0,1,1,0,1,0,1,0,0 : 13.5167
1,0,0,1,1,1,1,1,0,1,1,1,0,1,0,1,0,1,1,1,1,1,0,1,1,0,1,0,0,0,0,1,1,0,0,1,1,1,1 : 13.5167
1,0,0,0,1,0,1,0,0,1,1,1,1,1,1,1,0,1,1,1,0,0,0,1,0,0,1,0,0,0,0,1,1,0,0,0,1,0,0 : 13.5167
0,0,0,0,1,1,1,1,1,0,0,1,1,1,1,1,0,1,1,1,0,1,0,0,0,0,0,0,1,0,0,0,1,1,0,1,1,0,1 : 13.5167
0,1,0,0,1,0,0,1,0,0,1,1,0,1,1,0,0,0,0,0,1,1,1,1,0,1,0,0,1,0,1,0,1,0,0,1,0,0,1 : 13.5954
0,1,0,0,1,0,0,1,0,0,1,1,0,1,1,0,0,0,0,0,1,1,0,0,0,1,0,0,1,0,0,0,1,0,0,1,0,0,1 : 13.5954
0,1,0,0,1,0,0,1,0,0,1,1,0,1,1,0,0,0,0,0,1,1,1,1,0,1,0,0,1,0,1,0,1,0,0,1,0,0,1 : 13.5954
0,1,0,0,1,0,0,1,0,0,1,1,0,1,1,0,0,0,0,0,1,1,0,0,0,1,0,0,1,0,0,0,1,0,0,1,0,0,1 : 13.5954
0,0,1,0,0,1,0,0,1,1,0,1,0,0,1,0,1,0,0,0,0,1,1,1,0,0,1,0,1,1,1,0,0,0,0,1,0,0,0 : 13.8038
0,0,0,0,1,1,0,1,1,1,0,1,0,0,1,0,1,0,0,0,0,1,1,1,0,0,1,0,1,1,1,0,0,0,0,1,0,0,0 : 13.8038
0,0,1,0,0,1,0,0,1,1,0,1,0,0,1,0,1,0,0,0,0,1,1,1,0,0,1,0,1,1,1,0,0,0,0,1,0,0,0 : 13.8038
0,0,0,0,1,1,0,1,1,1,0,1,0,0,1,0,1,0,0,0,0,1,1,1,0,0,1,0,1,1,1,0,0,0,0,1,0,0,0 : 13.8038
1,0,0,0,1,1,1,1,0,0,1,1,0,0,1,1,0,1,0,0,1,1,1,0,0,0,0,0,1,1,1,1,0,1,0,1,0,1,0 : 13.8795
1,0,0,0,1,1,1,1,0,0,1,1,0,0,1,1,0,1,0,0,0,1,1,0,0,0,0,0,0,1,1,1,0,1,0,1,0,0,1 : 13.8795
1,0,0,0,1,1,1,1,0,0,1,1,0,0,1,1,0,1,0,0,1,1,1,0,0,0,0,0,1,1,1,1,0,1,0,0,0,1,1 : 13.8795
1,0,0,0,1,1,1,1,0,0,1,1,0,0,1,1,0,1,0,0,0,1,1,0,0,0,0,0,1,1,1,1,0,1,0,1,0,0,0 : 13.8795
1,0,0,0,1,1,1,1,0,0,1,1,0,0,1,1,0,1,0,0,1,1,1,0,0,0,0,0,1,1,1,1,0,1,0,1,0,1,0 : 13.8795
1,0,0,0,1,1,1,1,0,0,1,1,0,0,1,1,0,1,0,0,0,1,1,0,0,0,0,0,0,1,1,1,0,1,0,1,0,0,1 : 13.8795
1,0,0,0,1,1,1,1,0,0,1,1,0,0,1,1,0,1,0,0,1,1,1,0,0,0,0,0,1,1,1,1,0,1,0,0,0,1,1 : 13.8795
1,0,0,0,1,1,1,1,0,0,1,1,0,0,1,1,0,1,0,0,0,1,1,0,0,0,0,0,1,1,1,1,0,1,0,1,0,0,0 : 13.8795
1,1,0,1,1,1,0,0,0,0,0,0,1,1,0,0,0,1,0,1,1,1,0,1,0,1,1,0,1,0,0,0,1,1,0,1,0,0,0 : 13.9444
1,1,0,1,1,1,0,0,0,0,0,1,1,0,1,0,0,1,0,1,0,1,1,0,0,1,1,0,1,1,1,1,1,0,0,1,1,0,1 : 13.9444
