0,1,0,0,0,1,0,1,1,0,0,0,0,1,0,0,0,1 : 0.3536
0,1,0,0,0,1,0,1,1,0,0,0,0,1,0,0,0,1 : 0.3536
0,1,0,0,0,1,0,1,1,0,0,0,0,1,0,0,0,1 : 0.3536
0,1,0,0,0,1,0,1,1,0,0,0,0,1,0,0,0,1 : 0.3536
0,1,0,0,0,1,0,1,1,0,0,0,0,1,0,0,0,1 : 0.3536
0,1,0,0,0,1,0,1,1,0,0,0,0,1,0,0,0,1 : 0.3536
0,1,0,0,0,1,0,1,1,0,0,0,0,1,0,0,0,1 : 0.3536
0,1,0,0,0,1,0,1,1,0,0,0,0,1,0,0,0,1 : 0.3536
0,1,0,0,0,1,0,1,1,0,0,0,0,1,0,0,0,1 : 0.3536
0,1,0,0,0,1,0,1,1,0,0,0,0,1,0,0,0,1 : 0.3536
0,1,0,0,0,1,0,1,1,0,0,0,0,1,0,0,0,1 : 0.3536
0,1,0,0,0,1,0,1,1,0,0,0,0,1,0,0,0,1 : 0.3536
0,1,0,0,0,1,0,1,1,0,0,0,0,1,0,0,0,1 : 0.3536
0,1,0,0,0,1,0,1,1,0,0,0,0,1,0,0,0,1 : 0.3536
0,1,0,0,0,1,0,1,1,0,0,0,0,1,0,0,0,1 : 0.3536
0,1,0,0,0,1,0,1,1,0,0,0,0,1,0,0,0,1 : 0.3536
0,1,0,0,0,1,0,1,1,0,0,0,0,1,0,0,0,1 : 0.3536
0,1,0,0,0,1,0,1,1,0,0,0,0,1,0,0,0,1 : 0.3536
0,1,0,0,0,1,0,1,1,0,0,0,0,1,0,0,0,1 : 0.3536
0,1,0,0,0,1,0,1,1,0,0,0,0,1,0,0,0,1 : 0.3536
0,1,0,0,0,1,0,1,1,0,0,0,0,1,0,0,0,1 : 0.3536
0,1,0,0,0,1,0,1,1,0,0,0,0,1,0,0,0,1 : 0.3536
0,1,0,0,0,1,0,1,1,0,0,0,0,1,0,0,0,1 : 0.3536
0,1,0,0,0,1,0,1,1,0,0,0,0,1,0,0,0,1 : 0.3536
0,1,1,1,0,0,0,1,1,0,0,0,0,1,0,1,0,0 : 0.3552
0,1,1,1,0,0,0,1,1,0,0,0,0,1,0,1,0,0 : 0.3552
0,1,1,1,0,0,0,1,1,0,0,0,0,1,0,1,0,0 : 0.3552
0,1,1,1,0,0,0,1,1,0,0,0,0,1,0,1,0,0 : 0.3552
0,1,1,1,0,0,0,1,1,0,0,0,0,1,0,1,0,0 : 0.3552
0,1,1,1,0,0,0,1,1,0,0,0,0,1,0,1,0,0 : 0.3552
0,1,1,1,0,0,0,1,1,0,0,0,0,1,0,1,0,0 : 0.3552
0,1,1,1,0,0,0,1,1,0,0,0,0,1,0,1,0,0 : 0.3552
0,1,1,1,0,0,0,1,1,0,0,0,0,1,0,1,0,0 : 0.3552
0,1,1,1,0,0,0,1,1,0,0,0,0,1,0,1,0,0 : 0.3552
0,1,1,1,0,0,0,1,1,0,0,0,0,1,0,1,0,0 : 0.3552
0,1,1,1,0,0,0,1,1,0,0,0,0,1,0,1,0,0 : 0.3552
0,1,1,1,0,0,0,1,1,0,0,0,0,1,0,1,0,0 : 0.3552
0,1,1,1,0,0,0,1,1,0,0,0,0,1,0,1,0,0 : 0.3552
0,1,1,1,0,0,0,1,1,0,0,0,0,1,0,1,0,0 : 0.3552
0,1,1,1,0,0,0,1,1,0,0,0,0,1,0,1,0,0 : 0.3552
0,1,1,1,0,0,0,1,1,0,0,0,0,1,0,1,0,0 : 0.3552
0,1,1,1,0,0,0,1,1,0,0,0,0,1,0,1,0,0 : 0.3552
0,1,1,1,0,0,0,1,1,0,0,0,0,1,0,1,0,0 : 0.3552
0,1,1,1,0,0,0,1,1,0,0,0,0,1,0,1,0,0 : 0.3552
0,1,1,1,0,0,0,1,1,0,0,0,0,1,0,1,0,0 : 0.3552
0,1,1,1,0,0,0,1,1,0,0,0,0,1,0,1,0,0 : 0.3552
0,1,1,1,0,0,0,1,1,0,0,0,0,1,0,1,0,0 : 0.3552
0,1,1,1,0,0,0,1,1,0,0,0,0,1,0,1,0,0 : 0.3552
0,1,1,1,0,0,0,1,1,0,0,0,0,1,0,1,0,0 : 0.3552
0,1,1,1,0,0,0,1,1,0,0,0,0,1,0,1,0,0 : 0.3552
0,1,1,1,0,0,0,1,1,0,0,0,0,1,0,1,0,0 : 0.3552
0,1,1,1,0,0,0,1,1,0,0,0,0,1,0,1,0,0 : 0.3552
0,1,1,1,0,0,0,1,1,0,0,0,0,1,0,1,0,0 : 0.3552
0,1,1,1,0,0,0,1,1,0,0,0,0,1,0,1,0,0 : 0.3552
0,1,1,1,0,0,0,1,1,0,0,0,0,1,0,1,0,0 : 0.3552
0,1,1,1,0,0,0,1,1,0,0,0,0,1,0,1,0,0 : 0.3552
0,1,0,0,0,1,0,1,1,0,0,0,0,1,1,0,0,0 : 0.3605
0,1,0,0,0,1,0,1,1,0,0,0,0,1,1,0,0,0 : 0.3605
0,1,0,0,0,1,0,1,1,0,0,0,0,1,1,0,0,0 : 0.3605
0,1,0,0,0,1,0,1,1,0,0,0,0,1,1,0,0,0 : 0.3605
0,1,0,0,0,1,0,1,1,0,0,0,0,1,1,0,0,0 : 0.3605
0,1,0,0,0,1,0,1,1,0,0,0,0,1,1,0,0,0 : 0.3605
0,1,0,0,0,1,0,1,1,0,0,0,0,1,1,0,0,0 : 0.3605
0,1,0,0,0,1,0,1,1,0,0,0,0,1,1,0,0,0 : 0.3605
0,1,1,0,0,0,0,1,1,0,0,0,0,1,1,0,0,0 : 0.3606
0,1,1,0,0,0,0,1,1,0,0,0,0,1,0,1,0,0 : 0.3606
0,1,1,0,0,0,0,1,1,0,0,0,0,1,1,0,0,0 : 0.3606
0,1,1,0,0,0,0,1,1,0,0,0,0,1,0,1,0,0 : 0.3606
0,1,1,0,0,0,0,1,1,0,0,0,0,1,1,0,0,0 : 0.3606
0,1,1,0,0,0,0,1,1,0,0,0,0,1,0,1,0,0 : 0.3606
0,1,1,0,0,0,0,1,1,0,0,0,0,1,1,0,0,0 : 0.3606
0,1,1,0,0,0,0,1,1,0,0,0,0,1,0,1,0,0 : 0.3606
0,1,0,0,1,0,0,1,1,0,0,0,0,1,1,0,0,0 : 0.3633
0,1,0,0,1,0,0,1,1,0,0,0,0,1,1,0,0,0 : 0.3633
0,1,0,0,1,0,0,1,1,0,0,0,0,1,1,0,0,0 : 0.3633
0,1,0,0,1,0,0,1,1,0,0,0,0,1,1,0,0,0 : 0.3633
0,1,0,0,1,0,0,1,1,0,0,0,0,1,1,0,0,0 : 0.3633
0,1,0,0,1,0,0,1,1,0,0,0,0,1,1,0,0,0 : 0.3633
0,1,1,0,1,0,0,1,1,0,0,0,0,1,0,0,0,1 : 0.3639
0,1,1,0,1,0,0,1,1,0,0,0,0,1,0,0,0,1 : 0.3639
0,1,1,0,1,0,0,1,1,0,0,0,0,1,0,0,0,1 : 0.3639
0,1,1,0,1,0,0,1,1,0,0,0,0,1,0,0,0,1 : 0.3639
0,1,1,0,1,0,0,1,1,0,0,0,0,1,0,0,0,1 : 0.3639
0,1,1,1,1,0,0,1,1,0,0,0,0,1,0,0,0,1 : 0.3639
0,1,1,1,1,0,0,1,1,0,0,0,0,1,0,0,0,1 : 0.3639
0,1,1,0,1,0,0,1,1,0,0,0,0,1,0,0,0,1 : 0.3639
0,1,1,1,1,0,0,1,1,0,0,0,0,1,0,0,0,1 : 0.3639
0,1,1,0,1,0,0,1,1,0,0,0,0,1,0,0,0,1 : 0.3639
0,1,1,1,1,0,0,1,1,0,0,0,0,1,0,0,0,1 : 0.3639
0,1,1,0,1,0,0,1,1,0,0,0,0,1,0,0,0,1 : 0.3639
0,1,1,0,1,0,0,1,1,0,0,0,0,1,0,0,0,1 : 0.3639
0,1,1,1,1,0,0,1,1,0,0,0,0,1,0,0,0,1 : 0.3639
0,1,1,1,1,0,0,1,1,0,0,0,0,1,0,0,0,1 : 0.3639
0,1,1,0,1,0,0,1,1,0,0,0,0,1,0,0,0,1 : 0.3639
0,1,1,1,1,0,0,1,1,0,0,0,0,1,0,0,0,1 : 0.3639
0,1,1,0,1,0,0,1,1,0,0,0,0,1,0,0,0,1 : 0.3639
0,1,1,0,1,0,0,1,1,0,0,0,0,1,0,0,0,1 : 0.3639
0,1,1,0,1,0,0,1,1,0,0,0,0,1,0,0,0,1 : 0.3639
0,1,1,0,1,0,0,1,1,0,0,0,0,1,0,0,0,1 : 0.3639
0,1,1,0,1,0,0,1,1,0,0,0,0,1,0,0,0,1 : 0.3639
