1,1,0,0,0,0,0,1,1,1,0,0,1,1,0,0 : 254.707
1,1,0,0,0,0,0,1,1,1,0,0,1,1,0,0 : 254.707
1,1,0,0,0,0,0,1,1,0,1,0,1,1,0,0 : 256.32
1,1,0,0,0,0,0,1,1,0,1,0,1,1,0,0 : 256.32
1,1,0,1,0,0,1,1,1,0,1,0,1,1,0,0 : 256.32
1,1,0,0,0,0,0,1,1,0,1,0,1,1,0,0 : 256.32
1,1,0,0,0,0,0,1,1,0,1,0,1,1,0,0 : 256.32
1,1,0,1,0,0,1,1,1,0,1,0,1,1,0,0 : 256.32
1,1,0,1,0,0,0,0,1,0,0,1,1,1,0,0 : 257.407
1,1,0,1,0,0,0,0,1,0,0,1,1,1,0,0 : 257.407
1,1,0,1,0,0,0,0,1,0,0,1,1,1,0,0 : 257.407
1,1,0,1,0,0,0,0,1,0,0,1,1,1,0,0 : 257.407
1,1,0,1,0,0,0,1,1,0,0,1,1,1,0,0 : 257.45
1,1,0,1,0,0,0,1,1,0,0,1,1,1,0,0 : 257.45
1,0,1,0,0,0,0,0,1,1,0,0,1,1,0,0 : 260.38
1,0,1,0,0,0,0,0,1,1,0,0,1,1,0,0 : 260.38
1,0,1,0,0,0,0,0,1,1,0,0,1,1,0,0 : 260.38
1,0,1,0,0,0,0,0,1,1,0,0,1,1,0,0 : 260.38
1,0,1,1,1,0,1,1,1,0,0,1,1,1,0,0 : 269.95
1,0,1,1,1,0,1,1,1,0,0,1,1,1,0,0 : 269.95
1,0,1,1,1,0,1,1,1,0,0,1,1,1,0,0 : 269.95
1,0,1,1,1,0,1,1,1,0,0,1,1,1,0,0 : 269.95
1,0,0,1,0,0,1,1,1,0,1,0,1,1,0,0 : 271.337
1,0,0,1,0,0,1,1,1,0,1,0,1,1,0,0 : 271.337
1,0,0,0,1,0,0,0,1,0,1,0,1,1,0,0 : 276.103
1,0,0,0,1,0,0,0,1,0,1,0,1,1,0,0 : 276.103
1,1,1,0,1,1,0,1,1,1,0,0,1,1,0,0 : 279.15
1,1,1,0,1,1,0,1,1,1,0,0,1,1,0,0 : 279.15
1,1,1,0,1,1,0,1,1,1,0,0,1,1,0,0 : 279.15
1,1,1,0,1,1,0,1,1,1,0,0,1,1,0,0 : 279.15
1,1,0,1,0,1,1,1,1,0,1,0,1,1,0,0 : 286.43
1,1,0,1,0,1,1,1,1,0,1,0,1,1,0,0 : 286.43
1,1,0,0,0,1,1,1,1,0,0,1,1,1,0,0 : 287.037
1,1,0,0,0,1,1,1,1,0,0,1,1,1,0,0 : 287.037
1,1,0,0,0,1,1,0,1,0,0,1,1,1,0,0 : 287.05
1,1,0,0,0,1,1,0,1,0,1,0,1,1,0,0 : 287.05
1,1,0,0,0,1,1,0,1,0,0,1,1,1,0,0 : 287.05
1,1,0,0,0,1,1,0,1,0,1,0,1,1,0,0 : 287.05
1,1,0,0,1,1,1,1,1,0,0,1,1,1,0,0 : 291.62
1,1,0,0,1,1,0,1,1,0,0,1,1,1,0,0 : 291.62
1,1,0,0,1,1,1,1,1,0,0,1,1,1,0,0 : 291.62
1,1,0,0,1,1,1,0,1,0,0,1,1,1,0,0 : 291.62
1,1,0,0,1,1,1,1,1,0,0,1,1,1,0,0 : 291.62
1,1,0,0,1,1,0,1,1,0,0,1,1,1,0,0 : 291.62
1,1,0,0,1,1,1,1,1,0,0,1,1,1,0,0 : 291.62
1,1,0,0,1,1,1,0,1,0,0,1,1,1,0,0 : 291.62
1,0,1,1,1,1,1,1,1,1,0,0,1,1,0,0 : 295.257
1,0,1,1,1,1,1,1,1,1,0,0,1,1,0,0 : 295.257
1,0,1,1,1,1,1,1,1,1,0,0,1,1,0,0 : 295.257
1,0,1,1,1,1,1,1,1,1,0,0,1,1,0,0 : 295.257
1,0,1,0,1,1,0,1,1,1,0,0,1,1,0,0 : 299.85
1,0,1,1,0,1,0,1,1,0,0,1,1,1,0,0 : 299.85
1,0,1,0,0,1,0,1,1,0,0,1,1,1,0,0 : 299.85
1,0,1,1,0,1,0,1,1,0,0,1,1,1,0,0 : 299.85
1,0,1,0,0,1,0,1,1,0,0,1,1,1,0,0 : 299.85
1,0,1,0,1,1,0,1,1,1,0,0,1,1,0,0 : 299.85
1,0,1,1,0,1,0,1,1,0,0,1,1,1,0,0 : 299.85
1,0,1,0,0,1,0,1,1,0,0,1,1,1,0,0 : 299.85
1,0,1,1,0,1,0,1,1,0,0,1,1,1,0,0 : 299.85
1,0,1,0,0,1,0,1,1,0,0,1,1,1,0,0 : 299.85
1,0,1,1,0,1,0,0,1,0,1,0,1,1,0,0 : 299.867
1,0,1,1,0,1,0,0,1,0,1,0,1,1,0,0 : 299.867
1,0,0,1,0,1,1,1,1,0,1,0,1,1,0,0 : 310.283
1,0,0,1,0,1,1,1,1,0,1,0,1,1,0,0 : 310.283
1,0,0,1,1,1,1,1,1,0,0,1,1,1,0,0 : 310.673
1,0,0,1,0,1,1,1,1,0,0,1,1,1,0,0 : 310.673
1,0,0,1,1,1,1,1,1,0,0,1,1,1,0,0 : 310.673
1,0,0,1,0,1,1,1,1,0,0,1,1,1,0,0 : 310.673
1,1,1,1,0,0,1,1,1,1,0,0,1,0,1,0 : 361.7029
1,1,1,1,0,0,1,1,1,1,0,0,1,0,1,0 : 361.7029
1,1,1,1,0,0,1,1,1,1,0,0,1,0,1,0 : 361.7029
1,1,1,1,0,0,1,1,1,1,0,0,1,0,1,0 : 361.7029
1,1,1,1,0,0,1,1,1,0,1,0,1,0,1,0 : 363.56
1,1,1,1,0,0,1,1,1,0,1,0,1,0,1,0 : 363.56
1,1,1,1,0,0,1,1,1,0,1,0,1,0,1,0 : 363.56
1,1,1,1,0,0,1,1,1,0,1,0,1,0,1,0 : 363.56
1,0,1,1,0,0,1,1,1,0,0,1,1,0,1,0 : 380.18
1,0,1,1,0,0,1,1,1,0,0,1,1,0,1,0 : 380.18
1,0,1,1,0,0,1,1,1,0,0,1,1,0,1,0 : 380.18
1,0,1,1,0,0,1,1,1,0,0,1,1,0,1,0 : 380.18
1,1,1,1,0,1,1,1,1,1,0,0,1,0,1,0 : 407.757
1,1,1,1,0,1,1,1,1,1,0,0,1,0,1,0 : 407.757
1,1,1,1,0,1,1,1,1,1,0,0,1,0,1,0 : 407.757
1,1,1,1,0,1,1,1,1,1,0,0,1,0,1,0 : 407.757
1,1,0,0,1,1,1,1,1,0,0,1,1,0,1,0 : 433.913
1,1,0,0,1,1,1,1,1,0,0,1,1,0,1,0 : 433.913
1,0,1,1,0,0,0,1,1,1,0,0,1,0,1,0 : 439.02
1,0,0,1,0,0,0,1,1,1,0,0,1,0,1,0 : 439.02
1,1,1,0,0,0,0,1,1,0,1,0,1,0,1,0 : 439.02
1,0,1,1,0,0,0,1,1,1,0,0,1,0,1,0 : 439.02
1,0,0,1,0,0,0,1,1,1,0,0,1,0,1,0 : 439.02
1,1,1,0,0,0,0,1,1,0,1,0,1,0,1,0 : 439.02
1,0,0,1,0,0,0,0,1,0,1,0,1,0,1,0 : 445.577
1,0,0,1,0,0,0,0,1,0,1,0,1,0,1,0 : 445.577
1,1,0,1,1,0,1,0,1,0,1,0,1,0,1,0 : 456.363
1,1,0,0,1,0,1,1,1,0,1,0,1,0,1,0 : 456.363
1,1,0,0,1,1,1,0,1,0,1,0,1,0,1,0 : 456.363
1,1,0,0,1,0,1,1,1,0,1,0,1,0,1,0 : 456.363
1,1,0,1,1,1,1,0,1,0,1,0,1,0,1,0 : 456.363
1,1,0,0,1,1,1,1,1,1,0,0,1,0,1,0 : 456.363
