0,0,0,0,1,1,1,1,0,0,1,1,0,0,0,0,1,0,0,1,1,0,1,1,0,0,0,0,1,1,0,0,1,0,0,0,0,0,0 : 16.2059
1,1,0,1,1,0,1,0,0,1,1,0,1,0,1,0,1,0,0,1,1,1,0,0,0,1,1,0,0,1,1,1,1,0,0,0,0,0,0 : 16.4525
0,0,0,1,1,0,0,1,1,1,0,0,1,0,1,0,1,0,1,1,0,1,0,0,0,0,1,1,0,1,0,1,0,1,0,1,0,0,0 : 13.0344
0,0,0,0,1,0,0,0,1,0,1,0,0,0,0,0,1,1,0,0,1,0,1,1,0,1,0,0,0,0,1,0,1,1,0,0,1,0,1 : 13.1808
0,1,0,1,1,0,0,1,1,1,0,0,1,0,1,0,0,1,0,1,0,1,0,0,1,0,1,0,1,1,1,1,0,1,1,0,1,0,0 : 13.1354
1,1,0,0,0,0,0,0,1,1,1,1,0,1,0,0,0,1,1,0,0,1,1,1,0,0,0,0,1,1,1,0,1,0,1,0,0,0,1 : 13.1354
1,0,0,0,0,0,1,1,0,0,0,0,0,1,0,0,1,1,1,1,0,1,0,0,0,1,1,0,0,0,0,1,0,1,0,0,0,0,1 : 15.7588
0,0,1,0,0,0,1,1,1,0,0,1,0,1,1,1,1,1,0,1,0,0,1,0,0,1,0,1,0,0,1,0,1,0,0,1,0,1,0 : 15.7588
1,1,0,1,0,0,0,1,1,1,1,1,1,0,1,1,0,1,0,0,0,1,1,0,0,0,1,0,0,0,0,0,1,1,1,0,0,0,1 : 13.1354
0,0,0,0,0,1,0,0,0,0,1,1,1,0,1,1,0,1,1,1,1,1,0,0,0,1,1,0,0,1,1,0,0,0,0,0,0,1,0 : 16.3032
0,0,1,0,0,1,0,1,0,1,0,0,1,0,1,0,0,1,1,0,0,0,0,1,1,1,0,0,1,0,1,1,1,0,0,1,0,1,1 : 16.3679
1,1,0,1,1,1,0,0,0,1,0,0,1,1,1,1,1,0,1,1,0,1,0,0,0,1,1,1,1,0,0,0,0,0,1,1,0,0,0 : 16.3997
0,1,0,1,0,0,0,0,1,0,1,0,0,0,0,1,0,0,0,0,1,1,1,1,0,0,1,0,1,0,1,0,0,1,0,1,0,0,0 : 13.1949
0,0,0,0,0,1,1,1,0,0,0,0,0,0,1,1,0,1,1,1,1,0,0,0,0,1,0,0,0,0,1,0,0,1,0,0,1,0,0 : 16.0462
1,1,1,0,1,0,0,0,0,0,0,0,0,0,1,0,1,1,0,1,0,0,1,1,0,0,0,0,1,1,0,0,0,0,0,0,1,0,0 : 16.3747
0,1,1,1,0,0,0,0,0,0,0,0,0,0,0,1,1,1,0,0,0,1,0,1,0,0,0,0,0,1,0,1,1,0,0,0,0,1,0 : 16.3747
0,1,0,1,0,0,0,1,0,0,1,0,0,1,1,0,1,1,1,1,1,0,1,1,0,0,1,0,0,1,1,1,1,0,0,1,1,0,1 : 12.6877
1,1,0,0,0,1,0,0,1,0,0,0,1,0,1,1,1,1,0,1,1,1,0,1,0,1,0,1,1,0,0,0,0,1,0,1,1,0,1 : 13.974
1,0,0,0,1,1,0,0,0,0,0,1,1,0,1,1,1,0,1,1,0,1,0,0,0,1,1,0,0,1,1,0,1,1,0,1,1,0,1 : 15.6587
1,1,1,0,0,0,1,0,0,0,1,0,0,0,1,1,1,1,0,0,0,0,1,0,0,0,0,0,0,0,1,0,1,0,0,1,1,1,0 : 15.7588
0,1,0,0,1,1,1,0,1,1,1,1,0,1,1,0,0,0,1,0,1,0,0,1,0,1,1,1,1,0,0,0,0,0,0,0,1,0,0 : 16.4525
1,0,0,0,0,1,1,1,0,0,1,1,0,0,1,1,0,0,0,1,1,0,0,0,0,0,0,1,0,0,1,0,1,0,0,1,1,1,0 : 13.2813
1,1,0,1,0,0,0,1,0,1,1,1,0,0,1,0,1,1,1,0,1,0,0,0,1,1,0,0,1,1,1,1,0,1,0,1,1,1,0 : 12.6877
0,1,0,1,1,1,0,1,1,1,1,0,0,0,1,1,0,1,0,1,1,1,1,1,0,0,1,0,1,1,0,1,0,1,0,0,1,1,0 : 13.1354
1,0,0,1,1,0,0,0,1,1,1,0,1,0,0,0,1,1,0,1,0,1,0,1,0,0,0,0,0,1,0,1,1,0,0,1,0,1,0 : 16.3747
0,1,0,0,1,0,0,0,0,1,0,1,0,1,0,0,1,1,0,1,0,0,0,1,0,0,0,1,0,1,0,0,1,0,0,1,0,1,1 : 16.3747
1,1,0,0,0,1,1,0,0,0,1,1,0,0,0,0,0,1,1,0,1,0,1,1,0,1,1,0,1,0,0,0,1,0,1,0,1,0,0 : 16.5638
0,0,0,0,1,1,0,0,1,0,0,1,0,1,0,1,0,1,1,1,0,0,0,0,0,0,1,0,1,1,1,0,1,0,1,0,1,0,0 : 13.18
1,0,0,0,1,0,1,0,1,0,0,0,1,1,0,0,0,1,0,1,1,0,1,1,0,1,0,0,1,0,0,1,0,1,0,1,0,1,0 : 16.0462
0,0,0,1,0,0,1,1,0,0,1,0,1,0,1,1,1,0,0,1,1,0,1,0,0,1,1,0,1,0,0,0,1,0,0,1,1,1,1 : 13.1655
0,1,0,1,1,0,1,0,0,1,1,0,1,0,1,0,0,0,0,0,0,0,0,0,0,0,1,1,0,0,1,0,1,0,0,0,1,1,1 : 14.1838
0,0,0,0,0,1,0,1,0,1,0,0,1,1,1,1,1,0,1,0,0,0,1,0,1,1,0,0,0,0,1,0,1,1,0,1,0,1,0 : 15.6587
0,0,0,0,1,1,1,0,1,1,1,0,1,1,0,0,1,0,1,1,0,1,0,0,0,0,0,0,1,0,1,0,1,0,1,1,0,0,0 : 13.4618
0,1,0,0,1,0,1,0,1,1,0,0,1,0,1,0,0,0,1,0,1,1,1,0,0,0,0,1,0,0,1,0,1,1,0,0,0,0,1 : 16.2059
0,1,0,0,0,1,1,1,1,1,0,0,0,0,0,1,1,1,1,0,0,0,1,0,0,1,1,0,0,1,1,0,1,1,0,0,1,0,1 : 15.7588
0,1,0,1,0,0,0,0,1,1,1,0,1,1,1,1,0,0,1,0,1,1,0,0,0,1,0,0,0,0,1,0,1,1,1,0,1,0,0 : 13.0713
1,0,0,0,1,1,1,1,1,0,1,1,1,1,1,1,0,0,0,1,0,1,0,0,0,0,0,0,1,0,0,1,0,1,0,0,1,0,1 : 14.8157
0,0,0,1,0,1,0,1,0,1,1,0,0,0,0,1,1,0,0,1,1,1,1,0,0,1,1,0,0,0,0,1,0,1,0,1,1,1,1 : 16.4438
0,1,0,0,0,0,0,0,0,1,0,1,0,1,0,0,1,1,0,0,0,0,1,0,0,0,1,0,1,0,0,0,1,1,0,1,0,1,1 : 16.3747
0,1,0,0,1,0,0,0,1,0,1,1,0,1,1,0,0,0,0,0,1,1,0,1,0,1,0,0,1,0,0,0,1,0,0,1,0,0,1 : 13.5954
0,1,1,0,0,1,0,1,0,1,1,0,0,1,1,1,1,1,0,0,0,0,1,0,0,0,0,0,0,0,0,0,1,0,0,0,0,1,1 : 16.3747
0,0,0,0,0,1,1,0,1,1,0,1,0,1,1,1,0,0,1,1,0,0,0,0,1,0,1,0,1,1,0,1,0,1,0,1,0,1,0 : 14.8157
1,0,0,0,0,0,1,0,0,1,1,0,1,0,0,1,0,0,1,1,0,0,0,1,0,0,1,1,0,0,1,0,0,0,1,1,0,0,0 : 14.8157
0,1,0,1,0,0,1,0,0,0,1,0,1,0,1,1,0,1,1,1,0,1,0,1,0,0,0,0,1,0,1,0,0,0,0,1,1,0,1 : 16.5112
1,0,0,1,1,0,1,1,0,0,0,0,0,1,0,1,1,0,1,1,0,0,0,1,1,0,1,0,1,0,1,0,1,1,0,0,0,0,0 : 13.2813
0,0,1,0,1,0,0,0,0,0,1,1,1,0,0,0,1,1,0,1,1,1,1,0,0,0,1,1,0,0,1,0,0,0,1,0,0,1,0 : 13.1808
0,1,0,0,0,1,0,1,0,1,0,1,0,1,1,1,1,0,0,1,1,0,0,0,0,1,0,0,1,1,1,0,0,1,0,0,1,1,0 : 15.6587
1,0,0,0,1,1,0,1,1,1,0,1,0,0,1,0,1,0,0,0,0,1,1,1,0,0,1,0,1,1,1,0,0,0,0,1,0,0,0 : 13.8038
1,0,0,1,1,1,0,0,1,0,0,0,0,0,0,1,0,0,0,1,1,0,1,1,1,1,0,1,1,0,0,0,1,1,0,0,0,1,1 : 16.4438
0,1,0,0,0,0,1,1,0,1,0,0,1,0,0,0,1,0,1,1,1,1,0,0,0,1,1,0,1,0,0,1,0,1,1,0,1,0,0 : 15.5349
1,0,0,1,1,0,1,1,0,1,0,1,0,0,1,0,0,1,0,0,0,0,1,0,1,1,0,0,0,0,1,0,1,1,0,1,1,1,0 : 16.0462
0,1,0,1,1,1,1,1,0,1,1,1,0,1,1,1,1,0,0,0,0,1,1,0,0,0,1,0,1,1,1,0,0,1,0,0,1,0,0 : 16.2059
1,1,0,0,0,0,1,1,1,1,1,0,0,0,1,0,1,0,1,1,0,1,0,1,0,0,1,0,1,1,0,0,1,0,1,0,0,1,0 : 13.4618
0,0,0,1,0,1,0,1,0,0,1,0,0,1,1,0,0,0,0,0,1,1,1,0,0,0,1,0,0,1,0,0,1,1,0,0,0,1,0 : 13.8038
0,0,0,0,1,0,0,1,1,0,0,1,0,0,0,0,1,1,1,1,1,0,0,0,0,1,1,1,0,0,1,0,1,1,0,1,0,1,1 : 13.1808
0,1,0,1,1,0,0,0,1,1,0,0,1,1,1,0,1,1,1,1,1,1,0,1,0,0,0,1,0,1,0,0,0,0,0,0,0,1,1 : 13.0451
1,0,0,0,1,1,1,1,0,0,1,1,0,0,1,1,0,1,0,0,0,1,0,0,0,0,0,0,1,1,1,1,0,1,0,1,0,1,1 : 13.8795
1,0,0,1,1,1,1,0,1,0,1,1,1,0,0,0,1,1,0,1,1,1,1,0,0,1,1,0,0,1,0,0,1,1,0,1,0,0,1 : 13.1808
1,1,0,0,0,1,1,1,0,0,0,1,1,0,0,1,0,0,0,1,1,1,0,1,0,0,0,1,0,0,1,0,0,1,0,1,1,1,1 : 14.8157
0,0,1,0,0,0,1,1,1,1,1,1,1,1,0,1,0,1,1,0,1,0,0,0,1,1,0,0,0,1,0,0,1,0,0,1,0,0,1 : 16.5638
0,1,0,0,0,1,0,1,0,0,0,1,1,0,1,1,0,1,1,0,0,0,0,0,0,0,1,0,0,0,0,0,0,1,0,0,1,0,1 : 15.5119
1,0,0,1,0,0,0,1,1,0,1,1,0,0,0,1,1,1,1,0,0,1,0,0,0,0,1,0,0,1,0,0,0,0,0,0,1,0,1 : 16.3747
1,0,0,0,1,0,0,1,1,1,0,1,0,0,0,0,1,0,0,0,0,0,1,1,0,0,0,0,0,1,0,0,0,0,0,1,1,1,1 : 13.0344
0,0,0,1,1,1,0,1,0,0,1,0,0,1,1,0,1,1,1,0,0,0,1,0,0,1,0,0,0,0,1,1,1,0,0,1,1,1,0 : 16.3747
0,0,0,1,0,1,1,1,0,0,1,0,0,0,0,0,0,1,1,0,0,1,0,1,0,1,0,0,0,1,1,0,1,0,0,1,0,1,0 : 16.2828
1,1,0,0,0,1,1,0,0,1,1,0,1,1,0,1,1,1,1,0,1,0,1,1,0,1,1,0,1,1,1,0,0,0,0,0,0,0,0 : 13.3568
0,0,0,0,1,0,0,0,1,0,1,0,0,1,0,1,1,0,0,1,0,1,0,0,0,1,0,0,0,1,0,0,1,0,0,1,1,0,1 : 13.0344
0,0,0,0,0,0,1,1,1,0,0,0,0,0,1,1,0,0,1,1,1,0,0,1,0,0,0,0,0,0,1,0,1,0,0,0,1,0,1 : 14.1838
1,0,0,0,1,0,1,0,1,1,1,1,1,1,1,1,0,1,1,1,0,0,0,0,0,0,1,0,0,0,0,1,1,0,0,0,1,0,0 : 13.5167
1,0,1,0,1,0,0,0,0,0,1,0,1,1,0,0,1,1,0,1,1,0,0,0,0,1,0,1,0,1,0,0,0,1,0,1,1,1,0 : 13.1808
0,1,0,0,0,1,0,0,0,0,1,0,0,0,0,0,0,0,0,1,1,1,0,0,1,1,0,0,1,1,1,0,1,0,0,0,0,1,1 : 15.6587
0,1,0,1,1,1,1,0,0,0,1,1,0,0,0,0,1,1,0,1,1,0,0,1,0,1,0,0,1,1,0,0,1,0,0,1,0,0,1 : 12.6877
1,0,0,1,1,1,1,1,1,1,1,1,0,0,1,1,0,0,1,1,1,0,1,0,1,1,0,1,0,1,0,0,1,1,1,0,0,0,1 : 16.4525
1,0,0,1,0,1,0,1,1,1,1,1,0,1,1,0,0,1,0,1,0,0,0,1,0,1,0,0,1,0,0,0,1,0,0,1,0,0,1 : 13.7542
1,1,0,1,1,1,0,0,0,0,0,1,1,0,1,0,0,1,0,1,0,1,1,0,0,1,1,0,1,1,1,1,1,0,0,1,1,0,0 : 13.9444
1,0,1,0,0,1,0,1,1,1,0,1,1,0,1,0,1,0,1,1,1,1,1,0,0,1,0,0,0,0,1,0,0,0,0,1,1,0,0 : 15.6587
1,0,0,1,1,0,1,1,0,1,1,1,0,1,0,1,0,0,1,1,1,0,0,1,0,0,1,0,0,1,0,0,1,0,0,1,0,1,0 : 13.2813
1,0,0,1,0,0,1,1,1,1,1,1,1,0,0,1,1,0,1,1,1,1,1,0,1,0,1,0,1,1,1,0,1,0,0,0,0,0,1 : 16.2059
0,0,0,0,0,1,0,1,0,0,0,1,1,1,1,0,1,1,0,1,1,0,1,1,0,1,1,0,1,0,1,0,1,0,0,0,0,0,0 : 13.9312
0,0,0,1,0,1,0,1,0,0,1,0,1,0,0,0,1,0,0,1,1,0,0,0,0,0,1,0,0,0,1,0,0,1,0,1,0,1,0 : 14.5638
1,0,0,1,1,1,0,0,1,1,0,1,0,1,0,0,0,0,0,1,1,0,1,1,0,0,1,0,1,0,0,0,0,1,0,1,1,1,0 : 13.0854
1,1,0,1,0,0,0,1,1,0,0,0,0,1,1,1,1,0,0,0,0,0,1,0,0,1,0,0,1,0,1,0,1,1,0,0,0,1,1 : 13.1418
0,0,0,1,0,1,0,1,1,0,0,0,1,1,0,1,0,0,0,0,1,1,1,1,0,1,0,0,0,1,1,1,0,1,1,0,0,1,0 : 15.6587
0,0,1,0,1,0,0,1,1,0,1,1,1,1,1,0,0,1,0,1,1,1,1,0,0,1,1,0,0,1,1,0,0,1,0,1,1,0,1 : 16.3032
1,1,0,1,1,0,0,1,1,1,1,0,1,0,1,0,1,0,0,0,1,0,0,1,1,0,1,0,1,0,1,1,0,1,0,1,1,0,1 : 13.2462
1,1,0,0,0,1,1,0,0,1,1,0,1,0,1,0,0,1,0,0,1,0,1,0,0,0,0,0,1,1,1,1,1,0,0,0,0,1,1 : 16.5112
1,1,0,0,0,1,0,1,0,0,0,1,0,1,1,0,0,1,0,1,1,1,0,0,1,0,1,0,1,0,1,0,0,0,0,0,0,1,0 : 13.1354
0,0,1,0,1,0,0,0,0,0,0,0,1,1,0,0,0,1,1,0,1,0,1,0,0,0,1,0,0,1,0,0,0,1,1,0,0,0,1 : 16.0879
0,0,1,0,0,0,1,0,0,1,0,0,0,1,1,1,1,1,0,1,0,1,1,1,1,0,1,0,0,0,0,0,1,0,0,0,0,0,0 : 15.7588
0,0,0,0,1,0,1,1,1,0,1,1,1,1,1,1,1,0,1,1,0,1,0,0,0,0,0,0,1,0,0,0,1,1,0,1,0,0,1 : 14.1838
1,1,0,0,1,1,0,1,0,1,0,0,0,0,1,1,1,0,0,0,0,1,0,0,1,0,1,0,1,1,0,0,0,0,0,0,1,1,1 : 15.1381
1,0,0,1,0,1,0,1,1,1,1,0,0,0,1,1,1,1,0,1,1,0,0,0,0,1,0,0,1,1,1,0,0,1,0,1,1,1,0 : 13.9312
0,0,0,1,0,1,0,0,0,1,0,1,0,1,1,1,0,1,0,0,0,1,1,0,1,1,0,1,0,0,1,0,0,0,0,1,0,0,0 : 16.1315
1,1,0,1,1,1,0,0,0,1,1,0,1,0,1,0,1,0,0,1,1,0,0,1,0,0,0,0,1,1,1,0,1,0,0,0,1,0,1 : 15.3049
1,1,0,0,1,1,0,1,1,1,1,1,1,0,1,1,1,0,1,0,0,1,0,1,0,1,0,0,1,1,1,1,0,1,0,1,0,0,1 : 15.6587
1,1,0,1,1,1,1,0,1,0,1,1,1,1,0,1,1,0,0,1,1,1,1,0,0,0,1,0,0,1,1,0,1,0,0,0,1,0,1 : 16.2059
1,1,1,1,0,0,0,0,1,0,1,1,1,0,1,0,0,1,0,1,1,0,0,1,0,1,1,0,1,1,1,1,1,0,0,0,0,0,1 : 16.0879
0,0,0,1,1,1,0,1,1,1,0,0,1,1,1,0,1,0,0,1,0,1,0,0,1,1,0,0,1,1,0,0,1,0,0,0,1,0,1 : 16.1575
0,0,1,1,0,0,0,0,0,0,0,1,0,0,0,0,0,0,1,1,0,1,0,0,0,0,1,0,0,1,1,0,0,0,0,0,0,1,0 : 15.5228
1,1,0,0,0,0,1,1,1,0,1,0,1,1,0,0,0,0,0,1,1,0,0,0,0,0,1,0,0,1,1,0,0,1,0,0,1,1,1 : 14.8157
