1,1,1,1,0,1,0,1,1,0,1,1,0,1,1,1,1,1,1,1,0,0,0,0,0,0 : 2986.0
1,1,1,1,0,1,0,0,1,0,1,1,0,1,1,1,1,1,1,1,0,1,0,0,0,0 : 2986.0
1,1,1,1,0,1,0,1,0,0,1,1,0,1,1,0,1,1,1,1,0,1,0,0,0,0 : 2986.0
1,1,1,1,0,1,0,1,0,0,1,1,0,1,1,1,1,1,1,1,0,0,0,1,0,0 : 2986.0
1,1,1,1,0,1,0,1,0,0,1,1,0,1,1,1,1,1,1,1,0,1,0,0,0,0 : 2986.0
1,1,1,1,0,1,0,1,0,0,1,1,0,1,1,0,1,1,1,1,0,0,0,1,0,0 : 2986.0
1,1,1,1,0,1,0,1,1,0,1,1,0,1,1,1,1,1,1,1,0,1,0,0,0,0 : 2986.0
1,1,1,1,0,1,0,1,1,0,1,1,0,1,1,1,1,1,1,1,0,0,0,0,0,0 : 2986.0
1,1,1,1,0,1,0,1,0,0,1,1,0,1,1,1,1,1,1,1,0,1,0,1,0,0 : 2986.0
1,1,1,1,0,1,0,1,0,0,1,1,0,1,1,0,1,1,1,1,0,0,0,0,0,0 : 2986.0
1,1,1,1,0,1,0,1,0,0,1,1,0,1,1,1,1,1,1,1,0,0,0,0,0,0 : 2986.0
1,1,1,1,0,1,0,1,0,0,1,1,0,1,1,0,1,1,1,1,0,0,0,1,0,0 : 2986.0
1,1,1,1,0,1,0,1,1,0,1,1,0,1,1,1,1,1,1,1,0,0,0,0,0,0 : 2986.0
1,1,1,1,0,1,0,0,1,0,1,1,0,1,1,1,1,1,1,1,0,1,0,0,0,0 : 2986.0
1,1,1,1,0,1,0,1,0,0,1,1,0,1,1,0,1,1,1,1,0,1,0,0,0,0 : 2986.0
1,1,1,1,0,1,0,1,0,0,1,1,0,1,1,1,1,1,1,1,0,0,0,1,0,0 : 2986.0
1,1,1,1,0,1,0,1,0,0,1,1,0,1,1,1,1,1,1,1,0,1,0,0,0,0 : 2986.0
1,1,1,1,0,1,0,1,0,0,1,1,0,1,1,0,1,1,1,1,0,0,0,1,0,0 : 2986.0
1,1,1,1,0,1,0,1,1,0,1,1,0,1,1,1,1,1,1,1,0,1,0,0,0,0 : 2986.0
1,1,1,1,0,1,0,1,1,0,1,1,0,1,1,1,1,1,1,1,0,0,0,0,0,0 : 2986.0
1,1,1,1,0,1,0,1,0,0,1,1,0,1,1,1,1,1,1,1,0,1,0,1,0,0 : 2986.0
1,1,1,1,0,1,0,1,0,0,1,1,0,1,1,0,1,1,1,1,0,0,0,0,0,0 : 2986.0
1,1,1,1,0,1,0,1,0,0,1,1,0,1,1,1,1,1,1,1,0,0,0,0,0,0 : 2986.0
1,1,1,1,0,1,0,1,0,0,1,1,0,1,1,0,1,1,1,1,0,0,0,1,0,0 : 2986.0
1,1,1,1,0,1,0,1,0,0,1,1,0,1,1,1,1,1,1,1,0,1,0,0,0,1 : 3053.0
1,1,1,1,0,1,0,1,0,0,1,1,0,1,1,1,1,1,1,1,0,1,0,0,0,1 : 3053.0
1,1,1,1,0,1,0,0,0,1,1,1,0,1,1,0,1,1,1,0,1,1,1,1,0,0 : 3127.0
1,1,1,1,0,1,0,0,0,1,1,1,0,1,1,0,1,1,1,0,1,1,1,1,0,0 : 3127.0
1,1,1,1,0,1,0,1,1,0,1,1,0,1,1,1,1,1,1,0,0,0,0,0,0,1 : 3185.0
1,1,1,1,0,1,0,1,1,0,1,1,0,1,1,1,1,1,1,0,0,0,0,0,0,1 : 3185.0
1,1,1,1,0,1,0,0,1,1,1,1,0,1,1,0,1,1,1,0,1,1,1,1,0,1 : 3303.0
1,1,1,1,0,0,0,0,1,1,1,1,0,1,1,0,1,1,1,0,1,1,1,1,0,1 : 3303.0
1,1,1,1,0,1,0,0,1,1,1,1,0,1,1,0,1,1,1,0,1,1,1,1,0,1 : 3303.0
1,1,1,1,0,1,0,0,1,1,1,1,0,1,1,1,1,1,1,0,1,1,1,1,0,1 : 3303.0
1,1,1,1,0,1,0,0,1,1,1,1,0,1,1,0,1,1,1,0,1,1,1,1,0,1 : 3303.0
1,1,1,1,0,0,0,0,1,1,1,1,0,1,1,0,1,1,1,0,1,1,1,1,0,1 : 3303.0
1,1,1,1,0,1,0,0,1,1,1,1,0,1,1,0,1,1,1,0,1,1,1,1,0,1 : 3303.0
1,1,1,1,0,1,0,0,1,1,1,1,0,1,1,1,1,1,1,0,1,1,1,1,0,1 : 3303.0
1,1,1,1,0,1,0,0,1,1,1,1,0,1,1,1,1,1,1,1,0,1,0,0,0,0 : 3336.0
1,1,1,1,0,0,0,0,0,1,1,1,0,1,1,1,1,1,1,1,0,1,0,1,0,0 : 3336.0
1,1,1,1,0,0,0,0,0,1,1,1,0,1,1,1,1,1,1,1,0,1,1,1,0,0 : 3336.0
1,1,1,1,0,0,0,0,0,1,1,1,0,1,1,0,1,1,1,1,0,1,1,1,0,0 : 3336.0
1,1,1,1,0,0,0,0,0,1,1,1,0,1,1,0,1,1,1,1,0,1,0,1,0,0 : 3336.0
1,1,1,1,0,1,0,0,1,1,1,1,0,1,1,1,1,1,1,1,0,1,0,0,0,0 : 3336.0
1,1,1,1,0,0,0,0,0,1,1,1,0,1,1,1,1,1,1,1,0,1,0,1,0,0 : 3336.0
1,1,1,1,0,0,0,0,0,1,1,1,0,1,1,1,1,1,1,1,0,1,1,1,0,0 : 3336.0
1,1,1,1,0,0,0,0,0,1,1,1,0,1,1,0,1,1,1,1,0,1,1,1,0,0 : 3336.0
1,1,1,1,0,0,0,0,0,1,1,1,0,1,1,0,1,1,1,1,0,1,0,1,0,0 : 3336.0
1,1,1,1,0,1,0,1,0,1,1,1,0,1,1,1,1,1,1,1,0,1,0,0,0,0 : 3341.0
1,1,1,1,0,0,0,1,0,1,1,1,0,1,1,1,1,1,1,1,0,0,0,1,0,0 : 3341.0
1,1,1,1,0,1,0,1,0,1,1,1,0,1,1,0,1,1,1,1,0,0,0,1,0,0 : 3341.0
1,1,1,1,0,0,0,1,0,1,1,1,0,1,1,0,1,1,1,1,0,1,1,1,0,0 : 3341.0
1,1,1,1,0,1,0,1,0,1,1,1,0,1,1,0,1,1,1,1,0,1,0,1,0,0 : 3341.0
1,1,1,1,0,0,0,1,0,1,1,1,0,1,1,1,1,1,1,1,0,0,0,0,0,0 : 3341.0
1,1,1,1,0,0,0,1,1,1,1,1,0,1,1,1,1,1,1,1,0,1,0,0,0,0 : 3341.0
1,1,1,1,0,1,0,1,0,1,1,1,0,1,1,0,1,1,1,1,0,0,0,1,0,0 : 3341.0
1,1,1,1,0,0,0,1,0,1,1,1,0,1,1,0,1,1,1,1,0,1,1,1,0,0 : 3341.0
1,1,1,1,0,1,0,1,0,1,1,1,0,1,1,0,1,1,1,1,0,1,0,1,0,0 : 3341.0
1,1,1,1,0,1,0,1,0,1,1,1,0,1,1,1,1,1,1,1,0,1,0,0,0,0 : 3341.0
1,1,1,1,0,0,0,1,0,1,1,1,0,1,1,1,1,1,1,1,0,0,0,1,0,0 : 3341.0
1,1,1,1,0,1,0,1,0,1,1,1,0,1,1,0,1,1,1,1,0,0,0,1,0,0 : 3341.0
1,1,1,1,0,0,0,1,0,1,1,1,0,1,1,0,1,1,1,1,0,1,1,1,0,0 : 3341.0
1,1,1,1,0,1,0,1,0,1,1,1,0,1,1,0,1,1,1,1,0,1,0,1,0,0 : 3341.0
1,1,1,1,0,0,0,1,0,1,1,1,0,1,1,1,1,1,1,1,0,0,0,0,0,0 : 3341.0
1,1,1,1,0,0,0,1,1,1,1,1,0,1,1,1,1,1,1,1,0,1,0,0,0,0 : 3341.0
1,1,1,1,0,1,0,1,0,1,1,1,0,1,1,0,1,1,1,1,0,0,0,1,0,0 : 3341.0
1,1,1,1,0,0,0,1,0,1,1,1,0,1,1,0,1,1,1,1,0,1,1,1,0,0 : 3341.0
1,1,1,1,0,1,0,1,0,1,1,1,0,1,1,0,1,1,1,1,0,1,0,1,0,0 : 3341.0
1,1,1,1,0,1,0,0,1,1,1,1,0,1,1,0,1,1,1,1,1,1,1,1,0,1 : 3517.0
1,1,1,1,0,1,0,0,0,1,1,1,0,1,1,1,1,1,1,1,0,1,0,0,0,1 : 3517.0
1,1,1,1,0,1,0,0,1,1,1,1,0,1,1,1,1,1,1,1,0,1,0,0,0,1 : 3517.0
1,1,1,1,0,1,0,0,1,1,1,1,0,1,1,0,1,1,1,1,1,1,1,1,0,1 : 3517.0
1,1,1,1,0,1,0,0,0,1,1,1,0,1,1,1,1,1,1,1,0,1,0,0,0,1 : 3517.0
1,1,1,1,0,1,0,0,1,1,1,1,0,1,1,1,1,1,1,1,0,1,0,0,0,1 : 3517.0
1,1,1,1,0,1,0,0,1,0,1,1,0,1,1,0,1,1,1,0,1,1,1,0,1,0 : 4768.0
1,1,1,1,0,1,0,0,1,0,1,1,0,1,1,0,1,1,1,0,1,1,1,0,1,0 : 4768.0
1,1,1,1,0,1,0,1,1,0,1,1,0,1,1,0,1,1,1,0,1,1,1,0,1,0 : 4768.0
1,1,1,1,0,1,0,1,1,0,1,1,0,1,1,1,1,1,1,0,0,1,0,0,1,0 : 4768.0
1,1,1,1,0,1,0,0,1,0,1,1,0,1,1,0,1,1,1,0,1,1,1,0,1,0 : 4768.0
1,1,1,1,0,1,0,1,0,0,1,1,0,1,1,1,1,1,1,0,1,1,1,0,1,0 : 4768.0
1,1,1,1,0,0,0,1,1,0,1,1,0,1,1,0,1,1,1,0,0,1,1,0,1,0 : 4768.0
1,1,1,1,0,1,0,1,1,0,1,1,0,1,1,1,1,1,1,0,1,1,1,0,1,0 : 4768.0
1,1,1,1,0,1,0,1,1,0,1,1,0,1,1,0,1,1,1,0,0,1,1,0,1,0 : 4768.0
1,1,1,1,0,1,0,1,1,0,1,1,0,1,1,0,1,1,1,0,1,1,1,0,1,0 : 4768.0
1,1,1,1,0,1,0,1,1,0,1,1,0,1,1,1,1,1,1,0,0,1,0,0,1,0 : 4768.0
1,1,1,1,0,1,0,0,1,0,1,1,0,1,1,0,1,1,1,0,1,1,1,0,1,0 : 4768.0
1,1,1,1,0,1,0,0,1,0,1,1,0,1,1,0,1,1,1,0,1,1,1,0,1,0 : 4768.0
1,1,1,1,0,1,0,1,1,0,1,1,0,1,1,0,1,1,1,0,1,1,1,0,1,0 : 4768.0
1,1,1,1,0,1,0,1,1,0,1,1,0,1,1,1,1,1,1,0,0,1,0,0,1,0 : 4768.0
1,1,1,1,0,1,0,0,1,0,1,1,0,1,1,0,1,1,1,0,1,1,1,0,1,0 : 4768.0
1,1,1,1,0,1,0,1,0,0,1,1,0,1,1,1,1,1,1,0,1,1,1,0,1,0 : 4768.0
1,1,1,1,0,0,0,1,1,0,1,1,0,1,1,0,1,1,1,0,0,1,1,0,1,0 : 4768.0
1,1,1,1,0,1,0,1,1,0,1,1,0,1,1,1,1,1,1,0,1,1,1,0,1,0 : 4768.0
1,1,1,1,0,1,0,1,1,0,1,1,0,1,1,0,1,1,1,0,0,1,1,0,1,0 : 4768.0
1,1,1,1,0,1,0,1,1,0,1,1,0,1,1,0,1,1,1,0,1,1,1,0,1,0 : 4768.0
1,1,1,1,0,1,0,1,1,0,1,1,0,1,1,1,1,1,1,0,0,1,0,0,1,0 : 4768.0
1,1,1,1,0,1,0,1,1,0,1,1,0,1,1,0,1,1,1,1,1,1,1,0,1,0 : 4787.0
1,1,1,1,0,1,0,1,0,0,1,1,0,1,1,0,1,1,1,1,0,0,0,0,1,0 : 4787.0
1,1,1,1,0,1,0,1,0,0,1,1,0,1,1,0,1,1,1,1,0,1,1,0,1,0 : 4787.0
1,1,1,1,0,1,0,1,0,0,1,1,0,1,1,1,1,1,1,1,0,0,0,0,1,0 : 4787.0
