1,1,1,1,0,0,1,1,1,0,0,1,1,1,0,0 : 247.537
1,1,1,1,0,0,1,1,1,0,0,1,1,1,0,0 : 247.537
1,1,0,0,0,0,0,1,1,0,1,0,1,1,0,0 : 256.32
1,1,0,0,0,0,0,1,1,0,1,0,1,1,0,0 : 256.32
1,1,0,0,0,0,0,1,1,0,1,0,1,1,0,0 : 256.32
1,1,0,0,0,0,0,1,1,0,1,0,1,1,0,0 : 256.32
1,1,0,0,0,0,0,1,1,0,1,0,1,1,0,0 : 256.32
1,1,0,0,0,0,0,1,1,0,1,0,1,1,0,0 : 256.32
1,1,0,0,0,0,0,1,1,0,1,0,1,1,0,0 : 256.32
1,1,0,0,0,0,0,1,1,0,1,0,1,1,0,0 : 256.32
1,1,0,0,0,0,0,1,1,0,1,0,1,1,0,0 : 256.32
1,1,0,0,0,0,0,1,1,0,1,0,1,1,0,0 : 256.32
1,1,0,0,0,0,0,1,1,0,1,0,1,1,0,0 : 256.32
1,1,0,0,0,0,0,1,1,0,1,0,1,1,0,0 : 256.32
1,1,0,0,0,0,0,1,1,0,1,0,1,1,0,0 : 256.32
1,1,0,0,0,0,0,1,1,0,1,0,1,1,0,0 : 256.32
1,1,0,0,0,0,0,1,1,0,1,0,1,1,0,0 : 256.32
1,1,0,0,0,0,0,1,1,0,1,0,1,1,0,0 : 256.32
1,1,0,1,0,0,0,0,1,0,1,0,1,1,0,0 : 256.333
1,1,0,0,0,0,0,0,1,0,1,0,1,1,0,0 : 256.333
1,1,0,0,0,0,0,0,1,0,1,0,1,1,0,0 : 256.333
1,1,0,1,0,0,0,0,1,0,1,0,1,1,0,0 : 256.333
1,1,0,1,0,0,0,0,1,0,1,0,1,1,0,0 : 256.333
1,1,0,0,0,0,0,0,1,0,1,0,1,1,0,0 : 256.333
1,1,0,0,0,0,0,0,1,0,1,0,1,1,0,0 : 256.333
1,1,0,1,0,0,0,0,1,0,1,0,1,1,0,0 : 256.333
1,0,1,0,0,0,0,0,1,1,0,0,1,1,0,0 : 260.38
1,0,1,0,0,0,0,0,1,1,0,0,1,1,0,0 : 260.38
1,0,1,0,0,0,0,0,1,1,0,0,1,1,0,0 : 260.38
1,0,1,0,0,0,0,0,1,1,0,0,1,1,0,0 : 260.38
1,0,1,0,0,0,0,0,1,1,0,0,1,1,0,0 : 260.38
1,0,1,0,0,0,0,0,1,1,0,0,1,1,0,0 : 260.38
1,1,0,0,1,0,1,1,1,0,0,1,1,1,0,0 : 263.207
1,1,0,0,1,0,1,1,1,0,0,1,1,1,0,0 : 263.207
1,1,0,0,1,0,1,1,1,0,0,1,1,1,0,0 : 263.207
1,1,0,0,1,0,1,1,1,0,0,1,1,1,0,0 : 263.207
1,1,0,0,1,0,1,1,1,0,0,1,1,1,0,0 : 263.207
1,1,0,0,1,0,1,1,1,0,0,1,1,1,0,0 : 263.207
1,1,0,0,1,0,1,1,1,0,0,1,1,1,0,0 : 263.207
1,1,0,0,1,0,1,1,1,0,0,1,1,1,0,0 : 263.207
1,0,1,1,1,0,1,1,1,0,0,1,1,1,0,0 : 269.95
1,0,1,1,1,0,1,1,1,0,0,1,1,1,0,0 : 269.95
1,1,1,1,0,1,0,1,1,1,0,0,1,1,0,0 : 275.4529
1,1,1,1,0,1,0,1,1,1,0,0,1,1,0,0 : 275.4529
1,1,1,1,0,1,0,1,1,1,0,0,1,1,0,0 : 275.4529
1,1,1,1,0,1,0,1,1,1,0,0,1,1,0,0 : 275.4529
1,0,0,0,1,0,0,1,1,0,0,1,1,1,0,0 : 276.103
1,0,0,0,1,0,0,1,1,0,0,1,1,1,0,0 : 276.103
1,0,0,0,1,0,1,0,1,0,0,1,1,1,0,0 : 279.097
1,0,0,0,1,0,1,0,1,0,0,1,1,1,0,0 : 279.097
1,0,0,0,1,0,1,0,1,0,0,1,1,1,0,0 : 279.097
1,0,0,0,1,0,1,0,1,0,0,1,1,1,0,0 : 279.097
1,0,0,0,1,0,1,0,1,0,0,1,1,1,0,0 : 279.097
1,0,0,0,1,0,1,0,1,0,0,1,1,1,0,0 : 279.097
1,0,0,0,1,0,1,0,1,0,0,1,1,1,0,0 : 279.097
1,0,0,0,1,0,1,0,1,0,0,1,1,1,0,0 : 279.097
1,0,0,0,1,0,1,0,1,0,0,1,1,1,0,0 : 279.097
1,0,0,0,1,0,1,0,1,0,0,1,1,1,0,0 : 279.097
1,0,0,0,1,0,1,0,1,0,0,1,1,1,0,0 : 279.097
1,0,0,0,1,0,1,0,1,0,0,1,1,1,0,0 : 279.097
1,1,1,0,1,1,0,0,1,1,0,0,1,1,0,0 : 279.15
1,1,1,0,1,1,0,1,1,1,0,0,1,1,0,0 : 279.15
1,1,1,0,1,1,0,0,1,1,0,0,1,1,0,0 : 279.15
1,1,1,0,1,1,0,1,1,1,0,0,1,1,0,0 : 279.15
1,1,1,0,1,1,0,0,1,1,0,0,1,1,0,0 : 279.15
1,1,1,0,1,1,0,1,1,1,0,0,1,1,0,0 : 279.15
1,1,1,0,1,1,0,0,1,1,0,0,1,1,0,0 : 279.15
1,1,1,0,1,1,0,1,1,1,0,0,1,1,0,0 : 279.15
1,1,0,1,0,1,0,1,1,0,0,1,1,1,0,0 : 286.353
1,1,0,1,0,1,0,1,1,0,0,1,1,1,0,0 : 286.353
1,1,0,1,0,1,1,1,1,0,0,1,1,1,0,0 : 286.353
1,1,0,1,0,1,0,0,1,0,0,1,1,1,0,0 : 286.353
1,1,0,1,0,1,0,1,1,0,0,1,1,1,0,0 : 286.353
1,1,0,1,0,1,0,1,1,0,0,1,1,1,0,0 : 286.353
1,1,0,1,0,1,1,1,1,0,0,1,1,1,0,0 : 286.353
1,1,0,1,0,1,0,0,1,0,0,1,1,1,0,0 : 286.353
1,1,0,0,0,1,1,0,1,0,1,0,1,1,0,0 : 287.05
1,1,0,0,0,1,1,0,1,0,1,0,1,1,0,0 : 287.05
1,1,0,0,1,1,1,1,1,0,0,1,1,1,0,0 : 291.62
1,1,0,0,1,1,1,1,1,0,0,1,1,1,0,0 : 291.62
1,1,0,0,1,1,1,1,1,0,0,1,1,1,0,0 : 291.62
1,1,0,0,1,1,1,1,1,0,0,1,1,1,0,0 : 291.62
1,1,0,0,1,1,1,1,1,0,0,1,1,1,0,0 : 291.62
1,1,0,0,1,1,1,1,1,0,0,1,1,1,0,0 : 291.62
1,0,1,0,1,1,0,1,1,1,0,0,1,1,0,0 : 299.85
1,0,1,1,0,1,0,1,1,0,0,1,1,1,0,0 : 299.85
1,0,1,0,0,1,0,1,1,0,0,1,1,1,0,0 : 299.85
1,0,1,1,0,1,0,1,1,1,0,0,1,1,0,0 : 299.85
1,0,1,1,0,1,0,1,1,0,1,0,1,1,0,0 : 299.85
1,0,1,1,0,1,0,1,1,0,0,1,1,1,0,0 : 299.85
1,0,1,0,0,1,0,1,1,0,0,1,1,1,0,0 : 299.85
1,0,1,1,0,1,0,1,1,0,0,1,1,1,0,0 : 299.85
1,0,1,0,0,1,0,1,1,1,0,0,1,1,0,0 : 299.85
1,0,1,0,1,1,0,1,1,0,0,1,1,1,0,0 : 299.85
1,0,1,1,0,1,0,1,1,1,0,0,1,1,0,0 : 299.85
1,0,1,1,0,1,0,1,1,0,1,0,1,1,0,0 : 299.85
1,0,1,1,0,1,0,1,1,0,0,1,1,1,0,0 : 299.85
1,0,1,0,0,1,0,1,1,0,0,1,1,1,0,0 : 299.85
1,0,1,1,0,1,0,1,1,0,1,0,1,1,0,0 : 299.85
1,0,1,1,0,1,0,1,1,0,0,1,1,1,0,0 : 299.85
