0,0,0,1,0,0,1,0,1,0,1,0,1,1,1,0,1,1,0,1,0,0,0,1,0,0,1,0,0,1,0,0,1,1,0,0,0,1,1 : 13.0004
0,0,0,1,0,0,1,1,1,0,1,0,1,1,1,0,0,1,1,1,0,0,0,1,0,0,1,0,0,1,0,0,0,1,0,0,0,1,1 : 13.0004
1,0,1,0,0,0,1,0,1,0,0,0,1,1,0,1,1,1,1,1,0,1,0,0,0,1,0,0,0,1,0,0,0,1,1,0,0,0,1 : 13.0004
0,0,0,1,0,0,1,0,1,0,0,0,1,1,1,0,0,1,0,1,0,0,0,1,1,0,1,0,0,1,0,0,0,1,0,0,0,1,1 : 13.0004
0,0,1,0,0,0,1,0,0,0,0,0,1,1,0,1,1,1,0,1,0,1,0,0,0,1,0,0,0,1,0,0,0,0,1,0,0,0,1 : 13.0004
0,0,0,1,0,0,1,1,1,0,1,0,1,1,1,0,0,1,1,1,0,0,0,1,0,0,1,0,0,0,0,0,0,1,0,0,0,1,1 : 13.0004
0,0,0,1,0,0,1,0,1,0,1,0,1,1,1,0,1,1,0,1,0,0,0,1,0,0,1,0,0,1,0,0,1,1,0,0,0,1,1 : 13.0004
0,0,0,1,0,0,1,1,1,0,1,0,1,1,1,0,0,1,1,1,0,0,0,1,0,0,1,0,0,1,0,0,0,1,0,0,0,1,1 : 13.0004
1,0,1,0,0,0,1,0,1,0,0,0,1,1,0,1,1,1,1,1,0,1,0,0,0,1,0,0,0,1,0,0,0,1,1,0,0,0,1 : 13.0004
0,0,0,1,0,0,1,0,1,0,0,0,1,1,1,0,0,1,0,1,0,0,0,1,1,0,1,0,0,1,0,0,0,1,0,0,0,1,1 : 13.0004
0,0,1,0,0,0,1,0,0,0,0,0,1,1,0,1,1,1,0,1,0,1,0,0,0,1,0,0,0,1,0,0,0,0,1,0,0,0,1 : 13.0004
0,0,0,1,0,0,1,1,1,0,1,0,1,1,1,0,0,1,1,1,0,0,0,1,0,0,1,0,0,0,0,0,0,1,0,0,0,1,1 : 13.0004
1,1,1,0,0,0,1,1,0,0,0,0,0,1,0,1,1,0,1,0,1,0,0,0,0,1,1,1,0,1,0,0,1,1,0,1,1,0,1 : 13.0344
1,1,1,0,0,0,1,0,1,0,1,0,0,1,0,0,1,0,0,1,1,1,0,1,0,1,1,0,1,1,0,0,0,1,0,1,0,1,1 : 13.0344
1,1,1,0,0,0,1,0,0,0,1,0,0,1,0,0,1,0,0,1,1,1,0,1,0,1,1,0,1,1,0,0,0,1,0,1,0,1,1 : 13.0344
1,1,1,0,0,0,1,1,0,0,0,0,0,1,0,1,1,0,1,0,1,0,0,0,0,1,1,1,0,1,0,0,1,1,0,1,1,0,1 : 13.0344
1,1,1,0,0,0,1,0,1,0,1,0,0,1,0,0,1,0,0,1,1,1,0,1,0,1,1,0,1,1,0,0,0,1,0,1,0,1,1 : 13.0344
1,1,1,0,0,0,1,0,0,0,1,0,0,1,0,0,1,0,0,1,1,1,0,1,0,1,1,0,1,1,0,0,0,1,0,1,0,1,1 : 13.0344
1,0,0,1,0,0,0,1,1,0,1,0,0,1,1,1,1,1,1,1,1,0,0,1,0,1,0,1,0,0,1,0,1,1,1,0,1,0,0 : 13.0451
1,0,0,1,0,0,0,1,1,0,1,0,0,1,1,1,1,1,1,1,1,0,0,1,0,1,0,1,0,0,1,0,1,1,1,0,1,0,0 : 13.0451
0,1,0,1,0,0,0,0,0,1,0,0,1,0,0,1,1,1,1,1,1,0,1,0,0,0,1,0,1,1,0,0,1,1,0,0,0,0,1 : 13.0451
1,0,0,1,0,0,0,1,1,0,1,0,0,1,1,1,1,1,1,1,1,0,0,1,0,1,0,1,0,0,1,0,1,1,1,0,1,0,0 : 13.0451
1,0,0,1,0,0,0,1,1,0,1,0,0,1,1,1,1,1,1,1,1,0,0,1,0,1,0,1,0,0,1,0,1,1,1,0,1,0,0 : 13.0451
0,1,0,1,0,0,0,0,0,1,0,0,1,0,0,1,1,1,1,1,1,0,1,0,0,0,1,0,1,1,0,0,1,1,0,0,0,0,1 : 13.0451
1,1,0,1,1,1,0,0,0,0,0,1,1,1,1,0,1,1,0,0,1,0,0,0,1,0,1,0,0,1,0,0,0,0,0,1,0,1,0 : 13.0563
1,1,0,1,1,1,0,0,0,0,0,1,1,1,1,0,1,1,0,0,1,1,0,0,1,0,1,0,0,0,0,0,0,1,0,1,0,1,0 : 13.0563
1,1,0,1,1,1,0,0,0,0,0,1,1,1,1,0,1,1,0,0,1,0,0,0,1,0,1,0,0,1,0,0,0,0,0,1,0,1,0 : 13.0563
1,1,0,1,1,1,0,0,0,0,0,1,1,1,1,0,1,1,0,0,1,1,0,0,1,0,1,0,0,0,0,0,0,1,0,1,0,1,0 : 13.0563
0,1,0,1,0,0,0,0,1,1,0,1,1,0,0,1,1,1,1,1,1,0,0,0,0,0,1,0,1,1,0,0,1,1,1,0,0,0,1 : 13.0713
0,1,0,1,0,0,0,0,1,1,0,1,1,0,0,1,1,1,1,1,1,0,1,0,0,0,0,0,1,1,0,0,1,1,1,0,0,0,1 : 13.0713
0,1,0,1,0,0,0,0,1,1,0,1,1,1,0,1,1,1,1,1,1,0,1,0,0,0,1,0,1,1,0,0,1,1,0,0,0,0,1 : 13.0713
0,1,0,1,0,0,0,0,1,1,0,1,1,0,0,1,1,1,1,1,1,0,0,0,0,0,1,0,1,1,0,0,1,1,1,0,0,0,1 : 13.0713
0,1,0,1,0,0,0,0,1,1,0,1,1,0,0,1,1,1,1,1,1,0,1,0,0,0,0,0,1,1,0,0,1,1,1,0,0,0,1 : 13.0713
0,1,0,1,0,0,0,0,1,1,0,1,1,1,0,1,1,1,1,1,1,0,1,0,0,0,1,0,1,1,0,0,1,1,0,0,0,0,1 : 13.0713
1,0,1,1,0,0,0,0,0,1,1,1,1,0,0,0,1,1,1,1,1,0,1,1,0,1,0,0,0,0,0,1,0,1,0,1,0,1,0 : 13.1139
1,0,1,1,0,0,0,0,0,1,1,1,1,0,0,0,1,1,1,1,1,0,1,1,0,1,0,0,0,0,0,1,0,1,0,1,0,1,0 : 13.1139
1,0,0,0,0,0,0,0,0,1,1,0,0,0,1,1,1,0,1,0,1,0,0,1,0,1,0,1,1,0,0,0,1,1,0,0,0,0,0 : 13.1168
1,0,0,0,0,0,0,0,0,1,1,0,0,0,1,1,1,0,1,0,1,0,0,1,0,1,0,1,1,0,0,0,1,1,0,0,0,0,0 : 13.1168
0,0,0,1,0,0,0,0,0,1,1,1,1,0,0,0,1,1,1,1,1,0,1,1,0,1,0,0,0,0,0,1,0,1,0,1,0,1,0 : 13.1283
0,0,0,1,0,0,0,0,0,1,1,1,1,0,0,0,1,1,1,1,1,0,1,1,0,1,0,0,0,0,0,1,0,1,0,1,0,1,0 : 13.1283
0,0,0,1,0,0,0,0,0,1,1,1,1,0,0,0,1,1,1,1,1,0,1,1,0,1,0,0,0,0,0,1,0,1,0,1,0,1,0 : 13.1283
0,0,0,1,0,0,0,0,0,1,1,1,1,0,0,0,1,1,1,1,1,0,1,1,0,1,0,0,0,0,0,1,0,1,0,1,0,1,0 : 13.1283
1,1,0,1,1,0,1,0,1,1,1,0,1,1,0,1,0,0,0,0,1,1,0,1,0,1,1,1,0,1,0,0,1,0,0,1,0,0,0 : 13.1294
1,1,0,1,1,0,1,0,1,1,0,0,1,1,0,1,0,0,0,0,1,1,0,1,0,1,1,1,0,1,0,0,1,0,0,1,1,1,0 : 13.1294
1,1,0,1,1,0,1,0,1,1,1,0,1,1,0,1,0,0,0,0,1,1,0,1,0,1,1,1,0,1,0,0,1,0,0,1,0,0,0 : 13.1294
1,1,0,1,1,0,1,0,1,1,0,0,1,1,0,1,0,0,0,0,1,1,0,1,0,1,1,1,0,1,0,0,1,0,0,1,1,1,0 : 13.1294
0,1,1,1,0,0,0,1,1,0,1,0,1,1,1,1,0,0,1,1,0,1,1,0,0,1,0,0,0,1,1,0,1,0,1,1,0,0,0 : 13.1305
0,1,1,1,0,0,0,1,1,0,1,0,1,1,1,1,0,0,1,1,0,1,1,0,0,1,0,0,0,1,1,0,1,0,1,1,0,0,0 : 13.1305
0,0,0,1,1,0,1,0,1,0,0,0,0,1,1,0,1,0,1,1,0,1,0,0,0,1,0,0,0,1,1,0,1,1,1,0,1,0,0 : 13.1418
0,0,0,1,1,0,1,0,1,0,0,0,0,0,1,0,1,0,1,1,0,1,0,0,0,1,0,0,1,1,1,0,1,1,1,0,1,0,0 : 13.1418
0,0,0,1,1,0,1,0,0,0,0,0,1,0,0,0,1,0,1,1,0,0,1,0,0,1,1,0,1,0,0,0,0,1,1,0,0,0,1 : 13.1418
0,0,0,1,1,0,1,0,1,0,1,0,0,0,1,0,1,0,1,1,0,1,0,0,0,1,0,0,0,1,1,0,1,1,1,0,1,0,0 : 13.1418
0,0,0,1,1,0,1,0,0,0,0,0,0,0,0,0,1,0,1,1,0,0,1,0,0,0,1,0,1,0,0,0,1,1,0,0,0,0,1 : 13.1418
0,0,0,1,1,0,1,0,1,0,0,0,0,1,1,0,1,0,1,1,0,1,0,0,0,1,0,0,0,1,1,0,1,1,1,0,1,0,0 : 13.1418
0,0,0,1,1,0,1,0,1,0,0,0,0,0,1,0,1,0,1,1,0,1,0,0,0,1,0,0,1,1,1,0,1,1,1,0,1,0,0 : 13.1418
0,0,0,1,1,0,1,0,0,0,0,0,1,0,0,0,1,0,1,1,0,0,1,0,0,1,1,0,1,0,0,0,0,1,1,0,0,0,1 : 13.1418
0,0,0,1,1,0,1,0,1,0,1,0,0,0,1,0,1,0,1,1,0,1,0,0,0,1,0,0,0,1,1,0,1,1,1,0,1,0,0 : 13.1418
0,0,0,1,1,0,1,0,0,0,0,0,0,0,0,0,1,0,1,1,0,0,1,0,0,0,1,0,1,0,0,0,1,1,0,0,0,0,1 : 13.1418
0,1,0,1,1,0,1,0,1,0,0,0,0,0,1,0,1,1,0,1,1,0,0,1,0,0,1,0,0,0,1,0,1,1,0,1,1,1,1 : 13.1433
0,1,0,1,1,0,1,0,1,0,0,0,0,0,1,0,1,1,0,1,1,0,0,1,0,0,1,0,0,0,1,0,1,1,0,1,1,1,1 : 13.1433
0,0,1,0,0,0,1,1,1,0,0,0,0,0,0,0,0,1,0,1,0,0,0,1,0,0,1,1,1,0,0,0,0,1,0,1,1,1,0 : 13.1543
0,0,1,0,0,0,1,1,1,0,0,0,0,0,0,0,0,1,0,1,0,0,0,1,0,0,1,1,1,0,0,0,0,1,0,1,1,1,0 : 13.1543
0,1,1,0,0,0,1,1,1,0,0,0,1,0,0,0,0,1,0,0,0,0,0,1,0,0,1,1,1,0,0,0,0,1,0,1,1,1,0 : 13.1554
0,1,1,0,0,0,1,1,1,0,0,0,0,0,0,1,0,1,0,0,0,0,0,1,1,0,1,1,1,0,0,0,0,1,0,1,1,1,0 : 13.1554
0,1,1,0,0,0,1,1,1,0,0,0,0,0,0,0,0,1,0,0,0,0,0,1,1,0,1,1,1,0,0,0,0,1,0,1,1,1,0 : 13.1554
0,1,1,0,0,0,1,1,1,0,0,0,1,0,0,0,0,1,0,0,0,0,0,1,0,0,1,1,1,0,0,0,0,1,0,1,1,1,0 : 13.1554
0,1,1,0,0,0,1,1,1,0,0,0,0,0,0,1,0,1,0,0,0,0,0,1,1,0,1,1,1,0,0,0,0,1,0,1,1,1,0 : 13.1554
0,1,1,0,0,0,1,1,1,0,0,0,0,0,0,0,0,1,0,0,0,0,0,1,1,0,1,1,1,0,0,0,0,1,0,1,1,1,0 : 13.1554
1,1,1,0,0,0,1,1,0,0,0,0,0,1,0,1,1,0,1,0,1,0,0,0,0,0,1,1,0,1,0,0,1,1,0,1,1,0,1 : 13.1559
1,1,1,0,0,0,1,0,0,0,0,0,0,1,0,1,1,0,1,0,1,0,0,0,0,0,1,1,0,1,0,0,1,1,0,1,1,0,1 : 13.1559
1,1,1,0,0,0,1,1,0,0,0,0,0,1,0,1,1,0,1,0,1,0,0,0,0,0,1,1,0,1,0,0,1,1,0,1,1,0,1 : 13.1559
1,1,1,0,0,0,1,0,0,0,0,0,0,1,0,1,1,0,1,0,1,0,0,0,0,0,1,1,0,1,0,0,1,1,0,1,1,0,1 : 13.1559
1,1,0,1,0,1,0,0,0,1,0,0,0,0,1,1,1,1,1,0,1,1,1,0,0,1,1,0,1,0,1,1,0,1,0,1,0,0,1 : 13.2118
1,0,0,1,0,1,0,0,0,1,0,0,0,0,1,1,1,1,1,0,1,1,1,1,0,1,1,0,1,0,1,1,0,1,0,1,0,0,1 : 13.2118
1,0,0,1,0,1,0,0,0,1,1,0,0,0,1,1,1,1,1,0,1,1,1,0,0,1,1,0,1,0,1,1,0,1,0,1,0,0,1 : 13.2118
1,1,0,1,0,1,0,0,0,1,0,0,0,0,1,1,1,1,1,0,1,1,1,0,0,1,1,0,1,0,1,1,0,1,0,1,0,0,1 : 13.2118
1,0,0,1,0,1,0,0,0,1,0,0,0,0,1,1,1,1,1,0,1,1,1,1,0,1,1,0,1,0,1,1,0,1,0,1,0,0,1 : 13.2118
1,0,0,1,0,1,0,0,0,1,1,0,0,0,1,1,1,1,1,0,1,1,1,0,0,1,1,0,1,0,1,1,0,1,0,1,0,0,1 : 13.2118
1,0,1,0,1,0,0,1,0,1,0,1,0,0,1,0,1,0,1,1,0,0,1,0,0,0,0,0,0,1,0,1,0,1,0,0,1,0,1 : 13.2471
1,0,1,0,1,0,0,1,0,1,0,1,0,0,1,0,1,0,1,1,0,0,1,0,0,0,0,0,0,1,0,1,0,1,0,0,1,0,1 : 13.2471
1,0,1,0,1,0,0,1,0,1,0,1,0,0,1,0,1,1,1,1,0,0,0,0,0,0,0,1,0,1,0,1,0,1,1,0,1,0,0 : 13.2594
1,1,1,0,1,0,0,0,0,1,1,0,0,0,1,1,0,1,1,1,0,1,0,1,1,1,0,1,1,0,0,0,1,0,0,0,0,1,1 : 13.2594
0,1,1,0,1,0,0,0,1,1,1,0,0,1,1,0,1,1,0,1,0,1,0,1,0,0,0,0,0,0,0,0,0,0,0,1,0,1,0 : 13.2594
1,1,1,0,1,0,0,0,0,1,1,0,0,0,1,1,0,1,1,1,0,1,0,1,1,1,0,1,1,0,0,0,1,1,0,0,1,1,0 : 13.2594
1,0,1,0,1,0,0,1,0,1,0,1,0,1,1,0,1,1,1,1,0,0,0,0,0,1,0,1,0,1,0,1,0,1,0,0,1,0,0 : 13.2594
0,0,1,0,1,0,0,0,1,1,1,0,0,1,1,0,1,1,0,1,0,1,0,1,0,0,0,0,0,0,0,0,0,0,0,1,0,1,0 : 13.2594
1,1,1,0,1,0,0,0,0,1,1,0,0,0,1,1,0,1,1,1,0,1,0,1,1,1,0,1,1,0,0,0,1,0,0,0,0,1,0 : 13.2594
1,0,1,0,1,0,0,1,0,1,0,1,0,0,1,0,1,1,1,1,0,0,0,0,0,0,0,1,0,1,0,1,0,1,1,0,1,0,0 : 13.2594
1,1,1,0,1,0,0,0,0,1,1,0,0,0,1,1,0,1,1,1,0,1,0,1,1,1,0,1,1,0,0,0,1,0,0,0,0,1,1 : 13.2594
0,1,1,0,1,0,0,0,1,1,1,0,0,1,1,0,1,1,0,1,0,1,0,1,0,0,0,0,0,0,0,0,0,0,0,1,0,1,0 : 13.2594
1,1,1,0,1,0,0,0,0,1,1,0,0,0,1,1,0,1,1,1,0,1,0,1,1,1,0,1,1,0,0,0,1,1,0,0,1,1,0 : 13.2594
1,0,1,0,1,0,0,1,0,1,0,1,0,1,1,0,1,1,1,1,0,0,0,0,0,1,0,1,0,1,0,1,0,1,0,0,1,0,0 : 13.2594
0,0,1,0,1,0,0,0,1,1,1,0,0,1,1,0,1,1,0,1,0,1,0,1,0,0,0,0,0,0,0,0,0,0,0,1,0,1,0 : 13.2594
1,1,1,0,1,0,0,0,0,1,1,0,0,0,1,1,0,1,1,1,0,1,0,1,1,1,0,1,1,0,0,0,1,0,0,0,0,1,0 : 13.2594
0,1,0,1,0,0,0,1,1,0,1,1,0,1,0,0,1,0,0,1,1,0,0,0,0,1,1,1,1,0,0,0,0,1,1,0,1,0,0 : 13.2796
0,1,0,1,0,0,0,1,1,0,1,1,0,1,0,0,1,0,0,1,1,0,0,0,0,1,1,1,1,0,0,0,0,1,1,0,1,0,0 : 13.2796
1,1,0,1,0,0,0,1,0,0,1,0,1,0,1,0,1,0,0,0,0,1,0,1,0,1,1,0,0,0,0,1,1,0,0,1,0,1,1 : 13.471
1,1,0,1,0,0,1,1,0,0,1,0,1,0,1,0,1,0,0,0,0,1,0,0,0,1,1,0,0,0,0,1,1,0,0,1,0,1,1 : 13.471
1,1,0,1,0,0,1,1,0,0,1,0,1,0,1,0,1,0,0,0,0,1,0,0,0,1,1,0,0,0,0,1,1,0,0,1,0,1,1 : 13.471
1,1,0,1,0,0,0,1,0,0,1,0,1,0,1,0,1,0,0,0,0,1,0,1,0,1,1,0,0,0,0,1,1,0,0,1,0,1,1 : 13.471
