1,1,1,1,1,0,0,0,1,1,0,0,1,1,0,0 : 247.717
1,1,1,0,1,0,0,0,1,1,0,0,1,1,0,0 : 247.717
1,1,1,0,0,0,1,1,1,0,0,1,1,1,0,0 : 247.717
1,1,1,0,1,0,0,0,1,1,0,0,1,1,0,0 : 247.717
1,1,1,1,1,0,0,0,1,0,1,0,1,1,0,0 : 247.717
1,1,1,1,1,0,1,0,1,0,1,0,1,1,0,0 : 247.717
1,1,1,0,1,0,0,0,1,1,0,0,1,1,0,0 : 247.717
1,1,1,0,0,0,1,0,1,0,0,1,1,1,0,0 : 247.717
1,1,1,0,1,0,0,0,1,0,1,0,1,1,0,0 : 247.717
1,1,1,0,1,0,0,0,1,0,1,0,1,1,0,0 : 247.717
1,1,1,1,1,0,1,0,1,0,1,0,1,1,0,0 : 247.717
1,1,1,1,0,0,0,0,1,0,0,1,1,1,0,0 : 247.717
1,1,1,1,1,0,1,0,1,0,1,0,1,1,0,0 : 247.717
1,1,1,0,0,0,1,1,1,0,0,1,1,1,0,0 : 247.717
1,1,1,1,1,0,0,0,1,0,1,0,1,1,0,0 : 247.717
1,1,1,0,1,0,0,0,1,0,1,0,1,1,0,0 : 247.717
1,1,1,1,1,0,0,0,1,1,0,0,1,1,0,0 : 247.717
1,1,1,0,0,0,1,1,1,0,0,1,1,1,0,0 : 247.717
1,1,1,0,1,0,0,0,1,1,0,0,1,1,0,0 : 247.717
1,1,1,0,1,0,0,0,1,0,1,0,1,1,0,0 : 247.717
1,1,1,0,1,0,1,0,1,0,0,1,1,1,0,0 : 247.717
1,1,1,0,1,0,0,0,1,0,1,0,1,1,0,0 : 247.717
1,1,1,1,0,0,1,0,1,0,1,0,1,1,0,0 : 247.717
1,1,1,0,0,0,1,1,1,0,0,1,1,1,0,0 : 247.717
1,1,1,0,1,0,0,0,1,1,0,0,1,1,0,0 : 247.717
1,1,1,1,1,0,1,1,1,1,0,0,1,1,0,0 : 247.717
1,1,1,1,0,0,0,0,1,0,0,1,1,1,0,0 : 247.717
1,1,1,1,1,0,0,0,1,1,0,0,1,1,0,0 : 247.717
1,1,1,0,1,0,0,0,1,1,0,0,1,1,0,0 : 247.717
1,1,1,0,0,0,1,1,1,0,0,1,1,1,0,0 : 247.717
1,1,1,0,1,0,0,0,1,1,0,0,1,1,0,0 : 247.717
1,1,1,1,1,0,0,0,1,0,1,0,1,1,0,0 : 247.717
1,1,1,1,1,0,1,0,1,0,1,0,1,1,0,0 : 247.717
1,1,1,0,1,0,0,0,1,1,0,0,1,1,0,0 : 247.717
1,1,1,0,0,0,1,0,1,0,0,1,1,1,0,0 : 247.717
1,1,1,0,1,0,0,0,1,0,1,0,1,1,0,0 : 247.717
1,1,1,0,1,0,0,0,1,0,1,0,1,1,0,0 : 247.717
1,1,1,1,1,0,1,0,1,0,1,0,1,1,0,0 : 247.717
1,1,1,1,0,0,0,0,1,0,0,1,1,1,0,0 : 247.717
1,1,1,1,1,0,1,0,1,0,1,0,1,1,0,0 : 247.717
1,1,1,0,0,0,1,1,1,0,0,1,1,1,0,0 : 247.717
1,1,1,1,1,0,0,0,1,0,1,0,1,1,0,0 : 247.717
1,1,1,0,1,0,0,0,1,0,1,0,1,1,0,0 : 247.717
1,1,1,1,1,0,0,0,1,1,0,0,1,1,0,0 : 247.717
1,1,1,0,0,0,1,1,1,0,0,1,1,1,0,0 : 247.717
1,1,1,0,1,0,0,0,1,1,0,0,1,1,0,0 : 247.717
1,1,1,0,1,0,0,0,1,0,1,0,1,1,0,0 : 247.717
1,1,1,0,1,0,1,0,1,0,0,1,1,1,0,0 : 247.717
1,1,1,0,1,0,0,0,1,0,1,0,1,1,0,0 : 247.717
1,1,1,1,0,0,1,0,1,0,1,0,1,1,0,0 : 247.717
1,1,1,0,0,0,1,1,1,0,0,1,1,1,0,0 : 247.717
1,1,1,0,1,0,0,0,1,1,0,0,1,1,0,0 : 247.717
1,1,1,1,1,0,1,1,1,1,0,0,1,1,0,0 : 247.717
1,1,1,1,0,0,0,0,1,0,0,1,1,1,0,0 : 247.717
1,1,0,1,1,0,0,0,1,0,1,0,1,1,0,0 : 256.82
1,1,0,0,1,0,0,1,1,0,1,0,1,1,0,0 : 256.82
1,1,0,0,1,0,0,0,1,0,1,0,1,1,0,0 : 256.82
1,1,0,1,0,0,1,0,1,0,1,0,1,1,0,0 : 256.82
1,1,0,1,1,0,1,1,1,0,1,0,1,1,0,0 : 256.82
1,1,0,1,1,0,0,0,1,0,1,0,1,1,0,0 : 256.82
1,1,0,0,1,0,0,1,1,0,1,0,1,1,0,0 : 256.82
1,1,0,0,1,0,0,0,1,0,1,0,1,1,0,0 : 256.82
1,1,0,1,0,0,1,0,1,0,1,0,1,1,0,0 : 256.82
1,1,0,1,1,0,1,1,1,0,1,0,1,1,0,0 : 256.82
1,1,0,1,1,0,1,0,1,1,0,0,1,1,0,0 : 260.497
1,1,0,1,1,0,1,0,1,1,0,0,1,1,0,0 : 260.497
1,1,0,1,1,0,1,1,1,1,0,0,1,1,0,0 : 261.207
1,1,0,1,0,0,1,1,1,1,0,0,1,1,0,0 : 261.207
1,1,0,1,1,0,1,1,1,1,0,0,1,1,0,0 : 261.207
1,1,0,1,1,0,1,1,1,1,0,0,1,1,0,0 : 261.207
1,1,0,0,0,0,1,1,1,1,0,0,1,1,0,0 : 261.207
1,1,0,1,1,0,1,1,1,1,0,0,1,1,0,0 : 261.207
1,1,0,1,1,0,1,1,1,1,0,0,1,1,0,0 : 261.207
1,1,0,1,1,0,1,1,1,1,0,0,1,1,0,0 : 261.207
1,1,0,1,0,0,1,1,1,1,0,0,1,1,0,0 : 261.207
1,1,0,1,1,0,1,1,1,1,0,0,1,1,0,0 : 261.207
1,1,0,1,1,0,1,1,1,1,0,0,1,1,0,0 : 261.207
1,1,0,0,0,0,1,1,1,1,0,0,1,1,0,0 : 261.207
1,1,0,1,1,0,1,1,1,1,0,0,1,1,0,0 : 261.207
1,1,0,1,1,0,1,1,1,1,0,0,1,1,0,0 : 261.207
1,0,1,1,0,0,1,1,1,0,0,1,1,1,0,0 : 263.6429
1,0,1,1,0,0,0,1,1,0,0,1,1,1,0,0 : 263.6429
1,0,1,1,0,0,1,1,1,0,0,1,1,1,0,0 : 263.6429
1,0,1,1,0,0,0,1,1,0,0,1,1,1,0,0 : 263.6429
1,0,1,1,0,0,0,0,1,0,0,1,1,1,0,0 : 263.6429
1,0,1,1,0,0,1,1,1,0,0,1,1,1,0,0 : 263.6429
1,0,1,1,0,0,1,1,1,0,0,1,1,1,0,0 : 263.6429
1,0,1,1,0,0,0,1,1,0,0,1,1,1,0,0 : 263.6429
1,0,1,1,0,0,1,1,1,0,0,1,1,1,0,0 : 263.6429
1,0,1,1,0,0,0,1,1,0,0,1,1,1,0,0 : 263.6429
1,0,1,1,0,0,1,1,1,0,0,1,1,1,0,0 : 263.6429
1,0,1,1,0,0,0,1,1,0,0,1,1,1,0,0 : 263.6429
1,0,1,1,0,0,0,0,1,0,0,1,1,1,0,0 : 263.6429
1,0,1,1,0,0,1,1,1,0,0,1,1,1,0,0 : 263.6429
1,0,1,1,0,0,1,1,1,0,0,1,1,1,0,0 : 263.6429
1,0,1,1,0,0,0,1,1,0,0,1,1,1,0,0 : 263.6429
1,1,0,0,0,0,0,0,1,0,0,1,1,1,0,0 : 263.92
1,1,0,0,1,0,0,0,1,0,0,1,1,1,0,0 : 263.92
1,1,0,0,0,0,0,0,1,0,0,1,1,1,0,0 : 263.92
1,1,0,0,0,0,0,0,1,0,0,1,1,1,0,0 : 263.92
