0,1,0,1,1,0,1,0,0,0,1,1,0,0,0,1,1,1,0,1,1,0,0,1,0,1,0,0,1,0,0,0,1,0,0,0,1,1,1 : 12.6877
1,1,0,1,1,0,1,0,0,0,1,1,1,0,1,1,1,0,0,0,1,1,1,0,0,1,0,0,1,0,1,1,1,0,0,1,0,0,0 : 16.1635
0,0,0,1,1,0,0,1,1,1,0,0,1,0,1,0,1,0,1,1,0,1,0,0,0,0,1,1,0,1,0,1,0,1,0,1,0,0,0 : 13.0344
0,1,0,0,1,0,0,0,1,1,0,0,0,0,0,0,1,1,0,0,1,0,1,1,0,0,0,0,0,0,1,0,1,1,0,0,1,1,1 : 12.7139
0,1,0,1,1,0,0,1,1,1,0,0,1,0,1,0,0,1,0,1,0,1,0,0,1,0,1,0,1,1,1,1,0,1,1,0,1,0,0 : 13.1354
1,1,0,0,0,0,0,0,1,1,1,1,0,1,0,0,0,1,1,0,0,1,1,1,0,0,0,0,1,1,1,0,1,0,1,0,0,0,1 : 13.1354
1,1,0,1,0,0,1,1,0,0,1,0,0,0,0,0,1,1,1,1,1,1,1,0,0,1,1,0,0,0,0,0,0,1,0,1,0,0,1 : 12.6877
1,0,1,0,0,0,1,1,1,0,0,1,0,1,1,1,1,1,0,0,1,0,1,0,0,1,0,1,0,0,1,0,1,0,0,1,0,1,0 : 13.1808
1,0,0,1,0,1,1,0,1,0,1,1,0,0,1,1,0,1,0,0,0,0,1,1,0,0,0,0,0,0,1,0,0,0,0,0,1,1,0 : 13.8795
0,0,0,0,1,1,0,0,0,0,1,1,1,0,1,1,0,1,1,1,1,0,0,0,0,0,1,0,0,1,1,1,0,1,0,0,0,1,0 : 16.0879
0,0,0,1,0,0,0,1,0,1,0,0,1,0,1,0,0,1,1,0,1,0,0,1,1,1,0,0,1,0,1,0,0,0,0,1,0,0,1 : 16.0879
1,1,0,1,1,1,0,0,1,1,1,0,1,1,1,1,1,1,1,0,1,1,1,0,0,1,1,1,1,0,0,0,0,1,1,1,0,0,0 : 13.5074
0,1,0,1,1,0,0,0,1,0,1,0,0,0,1,0,1,1,0,0,1,1,1,0,0,0,0,0,0,0,1,0,0,1,0,1,1,0,0 : 12.6877
0,0,0,1,0,1,0,1,0,0,1,0,0,0,0,0,1,1,1,1,1,0,0,0,0,1,0,0,0,0,0,0,0,1,0,0,1,0,0 : 13.1808
1,1,1,0,1,0,0,0,0,0,0,0,0,0,1,0,1,1,0,1,0,0,1,1,0,0,0,0,1,1,0,0,0,0,0,0,1,0,0 : 16.3747
0,1,1,1,0,0,0,0,0,0,0,0,0,0,0,1,1,1,0,0,0,1,0,1,0,0,0,0,0,1,0,1,1,0,0,0,0,1,0 : 16.3747
0,1,0,1,0,0,0,1,0,0,1,0,0,1,1,0,1,1,1,1,1,0,1,1,0,0,1,0,0,1,1,1,1,0,0,1,1,0,1 : 12.6877
1,1,1,0,0,1,0,0,1,0,0,0,0,0,1,1,1,1,0,1,1,1,1,1,0,1,0,1,1,0,0,0,0,1,0,0,1,0,1 : 13.1776
1,0,0,0,1,1,0,0,0,0,0,1,1,0,1,0,1,0,1,1,0,1,0,0,0,0,1,0,1,1,1,0,1,0,0,1,1,0,1 : 13.0896
0,1,1,0,0,0,1,0,1,0,1,0,1,0,1,0,1,1,0,0,1,0,1,0,0,0,0,0,0,0,0,0,1,0,0,1,1,1,0 : 13.1776
0,1,0,0,1,1,0,1,1,0,1,1,1,1,0,0,1,1,1,0,1,1,0,1,0,1,0,0,1,0,1,0,0,0,0,1,1,1,0 : 13.974
1,0,0,0,1,0,1,1,0,0,0,1,0,0,1,1,0,0,0,1,1,0,0,1,0,0,0,1,0,0,1,0,1,0,0,1,1,1,0 : 13.2813
0,1,0,0,0,0,1,0,0,1,1,1,1,0,1,0,1,1,0,0,1,0,0,0,1,1,0,0,0,1,1,0,0,1,0,0,1,1,0 : 12.7358
0,1,0,1,1,1,0,1,1,1,1,0,0,0,1,1,0,1,0,1,1,1,1,1,0,0,1,0,1,1,0,1,0,1,0,0,1,1,0 : 13.1354
1,0,0,1,1,1,1,0,1,1,1,0,0,0,0,1,1,0,0,0,0,1,0,0,0,1,0,0,1,1,0,1,1,0,0,1,1,0,0 : 15.092
0,1,0,0,1,0,0,0,0,1,0,1,0,1,0,0,1,1,0,1,0,0,0,1,0,0,0,1,0,1,0,0,1,0,0,1,0,1,1 : 16.3747
1,1,0,0,0,1,1,0,0,0,0,1,0,1,0,0,1,1,1,0,1,0,1,0,0,1,1,0,0,0,0,0,1,0,0,0,1,0,0 : 13.3568
0,0,0,0,1,1,0,0,1,0,0,1,0,1,0,1,0,0,1,1,1,0,0,1,0,0,1,0,1,1,1,0,1,1,1,0,1,0,0 : 13.0896
1,0,0,0,0,1,1,0,1,1,0,0,0,1,0,1,0,0,0,1,1,0,1,0,0,1,0,0,0,1,1,0,0,1,0,0,0,1,0 : 15.645
0,0,0,1,0,1,0,1,0,1,1,0,1,0,1,1,1,0,0,1,0,1,1,1,0,0,1,0,1,0,0,0,1,0,0,1,1,1,1 : 13.0854
0,1,0,0,1,1,1,0,0,1,1,0,1,0,1,0,0,0,0,0,1,0,0,0,0,0,1,1,0,0,1,0,1,0,0,0,0,1,0 : 13.2813
0,0,0,0,0,1,0,1,0,1,0,0,1,1,1,1,1,0,1,0,0,0,1,0,1,1,0,0,0,0,1,0,1,1,0,1,0,1,0 : 15.6587
0,0,0,0,1,1,1,1,0,1,1,1,0,1,0,0,1,0,1,1,0,0,0,1,1,1,0,1,0,0,1,0,0,1,0,1,0,0,0 : 15.5349
0,1,0,1,1,0,1,0,1,1,1,0,1,0,1,0,0,0,0,1,1,1,0,1,0,0,1,1,0,0,1,0,1,0,0,1,0,0,1 : 14.1838
1,1,0,1,0,1,0,1,0,0,1,0,0,0,1,1,0,0,0,0,0,1,0,0,0,0,1,0,1,1,1,0,0,1,0,0,1,1,0 : 15.1381
0,1,0,1,0,0,0,0,1,1,1,0,1,1,1,1,0,0,1,0,1,1,0,0,0,1,0,0,0,0,1,0,1,1,1,0,1,0,0 : 13.0713
1,0,0,0,1,1,1,1,1,0,1,1,1,1,1,1,0,0,0,1,0,1,0,0,0,0,0,0,1,0,0,1,0,1,0,0,1,0,1 : 14.8157
0,0,0,1,0,1,0,1,0,0,1,0,0,0,0,1,1,1,0,1,1,0,1,0,0,1,1,0,0,1,1,1,0,1,0,1,1,1,1 : 13.1808
0,1,1,0,0,0,1,0,0,1,1,1,0,1,0,0,1,1,0,0,0,0,0,0,0,0,1,0,1,0,0,0,0,1,0,1,0,1,1 : 15.7588
0,1,0,0,1,0,0,0,0,0,1,1,1,1,1,0,0,0,0,0,1,0,0,1,0,1,0,0,1,1,0,0,1,0,1,0,0,0,1 : 13.0344
0,1,1,0,0,1,0,1,0,1,1,0,0,1,1,1,1,1,0,0,0,0,1,0,0,0,0,0,0,0,0,0,1,0,0,0,0,1,1 : 16.3747
0,0,0,0,0,1,1,0,1,1,0,1,0,1,1,1,0,0,1,1,0,0,0,0,1,0,1,0,1,1,0,1,0,1,0,1,0,1,0 : 14.8157
1,0,1,0,0,0,1,0,0,1,1,1,0,1,0,1,1,1,1,0,1,0,0,1,0,1,0,1,0,0,1,0,1,0,1,0,0,0,1 : 13.1808
0,1,0,1,0,0,1,0,0,0,0,1,0,1,1,1,1,1,1,1,0,1,0,1,0,0,0,0,0,0,1,0,0,0,0,1,1,1,1 : 15.7588
1,0,0,1,1,0,1,1,0,0,0,0,0,1,0,1,1,0,1,1,0,0,0,1,1,0,1,0,1,0,1,0,1,1,0,0,0,0,0 : 13.2813
0,0,1,0,1,0,0,0,0,0,1,1,1,0,0,0,1,1,0,1,1,1,1,0,0,0,1,1,0,0,1,0,0,0,1,0,0,1,0 : 13.1808
1,0,0,1,0,1,0,1,0,0,0,0,0,1,1,1,1,0,0,0,1,0,0,1,0,0,0,1,0,1,0,0,0,1,0,0,1,0,1 : 15.1381
1,0,0,0,1,0,0,1,1,1,1,0,0,0,1,1,1,0,0,0,1,1,0,1,0,0,1,0,1,1,1,0,0,0,0,1,0,0,0 : 13.0344
0,0,0,1,1,0,0,0,1,0,0,0,0,1,0,1,0,0,0,1,1,0,0,1,0,1,0,1,0,1,0,0,1,0,0,0,0,1,1 : 13.0344
0,1,1,0,0,0,1,1,0,1,0,0,1,0,0,0,0,0,1,1,1,0,1,0,1,1,0,0,1,0,0,1,0,1,1,0,1,0,0 : 15.6491
1,0,0,0,1,0,1,1,0,1,0,1,0,0,1,0,1,1,0,0,0,0,1,0,0,1,0,0,0,0,1,0,1,1,0,1,1,1,0 : 15.7588
0,0,0,1,1,1,1,0,0,0,1,1,1,0,0,1,0,1,1,1,0,1,1,0,0,1,1,0,1,1,1,0,0,1,0,0,1,0,0 : 16.0462
1,1,0,0,0,0,1,1,1,1,1,0,0,0,1,0,1,0,1,1,0,1,0,1,0,0,1,0,1,1,0,0,1,0,1,0,0,1,0 : 13.4618
0,0,0,1,0,1,1,1,0,1,1,0,0,1,1,1,0,1,0,0,1,1,0,0,0,0,1,0,0,1,0,0,0,1,0,1,0,1,0 : 13.8795
0,1,0,0,0,0,1,1,1,0,1,1,0,0,0,1,1,1,1,0,1,0,0,0,0,1,1,1,0,0,1,0,1,1,0,1,1,1,1 : 12.7358
0,1,0,1,1,0,0,0,1,1,1,0,0,1,1,1,1,1,1,1,1,0,0,1,0,0,0,1,0,1,0,0,0,0,0,0,0,1,0 : 12.6877
1,0,0,0,1,1,1,1,0,0,1,1,0,0,1,1,0,1,0,0,0,1,0,0,0,0,0,0,1,1,1,1,0,1,0,1,0,1,1 : 13.8795
1,0,0,1,1,1,0,0,0,1,0,1,1,0,0,0,1,1,0,0,1,1,0,0,0,0,1,0,0,1,0,0,0,1,0,0,0,0,0 : 13.1808
0,1,0,1,1,0,1,0,0,1,0,0,1,1,0,1,1,1,0,1,1,1,1,1,0,1,0,1,0,0,1,1,0,1,0,1,1,1,1 : 12.902
0,0,1,0,0,0,1,1,1,1,1,1,1,1,0,1,0,1,1,0,1,0,0,0,1,1,0,0,0,1,0,0,1,0,0,1,0,0,1 : 16.5638
0,1,0,0,0,1,0,1,0,1,0,1,1,1,1,1,0,1,1,0,0,0,0,0,0,1,1,0,0,0,0,0,0,1,1,0,1,0,0 : 13.18
0,0,0,1,1,0,1,1,1,0,0,1,0,0,0,1,1,1,1,0,0,1,0,0,0,0,1,1,0,1,0,0,0,0,0,0,1,1,1 : 15.7588
1,0,0,0,1,0,0,1,1,1,0,1,0,0,0,0,1,0,0,0,0,0,1,1,0,0,0,0,0,1,0,0,0,0,0,1,1,1,1 : 13.0344
1,0,0,0,1,1,1,1,0,0,1,1,0,1,1,0,1,1,1,0,1,0,1,0,0,1,0,0,0,0,1,0,1,1,0,1,1,1,1 : 13.1808
0,1,0,1,1,1,0,0,0,0,0,0,0,1,0,1,0,1,1,0,0,1,1,1,0,1,0,0,1,1,1,0,1,1,0,1,1,1,0 : 13.9444
1,1,0,0,0,1,1,0,0,1,1,0,1,1,0,1,1,1,1,0,1,0,1,1,0,1,1,0,1,1,1,0,0,0,0,0,0,0,0 : 13.3568
0,0,0,0,1,0,0,0,0,0,1,0,0,0,0,1,1,0,0,1,0,1,0,1,0,1,0,0,0,1,0,0,0,0,0,1,0,1,1 : 13.0344
1,1,0,1,0,1,1,1,0,1,0,0,0,0,1,1,0,0,1,1,0,0,0,0,0,0,0,0,0,0,0,0,1,0,0,1,1,0,1 : 14.1838
1,0,0,0,1,1,1,0,1,0,1,1,1,1,0,1,0,0,0,0,0,0,0,0,0,0,1,0,0,0,0,1,1,0,0,0,1,0,0 : 13.4618
1,0,1,0,1,0,0,0,0,0,1,0,1,1,0,0,1,1,0,1,1,0,0,0,0,1,0,1,0,1,0,0,0,1,0,1,1,1,0 : 13.1808
0,0,0,1,1,1,1,0,0,0,1,0,0,0,0,0,0,0,0,1,1,1,0,0,0,1,0,0,1,1,0,0,1,1,0,1,1,1,1 : 15.092
0,1,0,1,1,1,1,0,0,0,1,1,0,0,0,0,1,1,0,1,1,0,0,1,0,1,0,0,1,1,0,0,1,0,0,1,0,0,1 : 12.6877
1,0,0,1,1,1,1,1,0,1,1,1,0,0,0,1,0,0,1,1,1,0,1,1,1,0,1,0,1,1,0,0,0,1,1,0,0,0,1 : 16.2059
1,0,0,1,0,1,0,1,1,1,1,1,0,1,1,0,0,1,0,1,0,0,0,1,0,1,0,0,1,0,0,0,1,0,0,1,0,0,1 : 13.7542
1,1,0,1,1,1,0,0,0,0,0,1,1,0,1,0,0,1,0,1,0,1,1,0,0,1,1,0,1,1,1,1,1,0,0,1,1,0,0 : 13.9444
1,0,1,0,0,1,0,1,1,1,0,1,1,0,1,0,1,0,1,1,1,1,1,0,0,1,0,0,0,0,1,0,0,0,0,1,1,0,0 : 15.6587
1,0,0,1,0,1,1,1,0,1,1,1,0,1,0,1,1,1,1,0,1,0,0,1,0,0,1,0,0,1,0,0,1,0,0,1,0,1,1 : 13.1808
1,0,0,1,0,0,1,1,1,1,1,1,1,0,0,1,1,0,1,1,1,1,1,0,1,0,1,0,1,1,1,0,1,0,0,0,0,0,1 : 16.2059
1,0,0,1,0,1,1,0,0,0,0,1,1,0,1,0,0,0,0,1,1,0,1,1,0,1,1,0,0,0,1,0,1,0,0,1,0,0,0 : 13.1655
1,0,0,1,0,1,0,1,0,0,1,0,0,0,0,0,1,1,0,1,1,1,0,0,0,0,0,0,0,0,0,0,1,1,0,0,0,0,0 : 13.1808
1,0,0,1,1,1,0,1,1,1,1,1,0,1,1,0,0,0,0,1,1,0,1,1,0,0,1,0,1,1,1,0,0,0,0,1,1,1,0 : 13.8038
1,1,1,1,0,0,0,0,1,1,1,0,0,1,1,0,1,0,0,1,0,0,1,1,0,0,0,0,1,1,1,0,1,0,0,0,0,1,0 : 13.1418
0,0,0,1,0,1,1,1,1,1,0,1,0,1,0,0,0,0,0,0,1,0,0,1,0,0,0,0,1,1,0,1,0,1,1,0,0,1,0 : 14.8157
0,0,1,0,1,0,0,1,1,0,1,1,0,0,1,0,1,1,1,1,1,1,1,0,0,0,0,0,0,0,0,0,0,0,0,1,0,1,1 : 13.1808
1,1,0,1,1,0,0,1,0,0,1,1,0,0,1,0,1,1,1,0,1,0,0,1,1,0,1,0,0,0,0,0,0,0,0,1,1,0,1 : 12.6877
0,1,0,0,0,1,0,0,0,1,1,1,1,0,0,0,0,1,0,1,1,1,1,0,0,0,0,0,1,1,1,1,1,0,0,0,0,1,1 : 13.1354
1,1,0,0,0,1,0,1,0,0,0,1,0,1,1,0,0,1,0,1,1,1,0,0,1,0,1,0,1,0,1,0,0,0,0,0,0,1,0 : 13.1354
0,0,1,0,0,1,0,1,0,0,1,0,0,1,0,0,0,0,1,0,1,0,1,0,0,0,1,0,1,1,0,0,0,1,0,0,1,0,1 : 13.8038
0,0,1,0,0,0,1,0,0,1,0,0,0,1,1,1,1,1,0,1,0,1,1,1,1,0,1,0,0,0,0,0,1,0,0,0,0,0,0 : 15.7588
0,0,0,0,1,0,1,1,1,0,1,1,1,1,1,1,1,0,1,1,0,1,0,0,0,0,0,0,1,0,0,0,1,1,0,1,0,0,1 : 14.1838
1,0,0,0,0,1,0,1,1,1,0,0,1,0,1,1,1,0,0,0,1,1,1,1,1,0,1,0,1,1,0,0,1,0,0,0,0,1,1 : 13.8038
1,0,0,1,0,1,1,1,1,1,1,0,0,0,1,1,1,1,0,1,1,0,0,0,0,1,0,0,0,1,1,0,0,1,0,1,1,1,0 : 13.1808
0,0,0,1,0,1,0,0,0,1,0,1,0,1,1,1,0,1,0,0,0,1,1,0,1,1,0,1,0,0,1,0,0,0,0,1,0,0,0 : 16.1315
1,0,0,0,0,1,0,1,0,1,0,1,1,1,1,1,1,1,0,1,1,1,0,1,1,1,0,0,1,0,1,0,0,0,0,1,1,1,1 : 13.9312
1,1,0,0,1,0,0,1,1,1,1,1,1,1,1,1,1,0,1,1,0,1,0,1,0,1,0,0,1,1,1,1,0,1,0,0,0,1,0 : 13.0344
1,1,0,1,1,0,1,1,1,1,1,1,1,1,0,1,1,1,0,0,1,1,1,0,0,0,1,0,0,1,1,0,1,0,0,0,1,1,1 : 13.0451
1,1,0,1,0,0,0,0,1,0,1,1,1,0,1,0,1,1,1,1,1,0,0,0,0,1,1,0,1,1,1,1,1,0,0,0,0,0,1 : 13.3449
1,1,0,0,0,1,0,1,1,1,1,1,1,1,1,0,1,0,0,0,0,1,0,0,1,1,0,0,0,1,1,0,1,0,0,0,1,0,1 : 15.6587
0,1,1,1,0,0,0,0,0,0,0,1,0,0,0,0,0,1,1,1,0,1,0,1,0,0,1,0,1,1,1,0,1,0,0,0,0,1,0 : 13.1354
1,1,0,0,0,0,1,1,1,0,1,0,1,1,0,0,0,0,0,1,1,0,0,0,0,0,1,0,0,1,1,0,0,1,0,0,1,1,1 : 14.8157
