0,0,0,1,0,0,0,1,1,1,1,1,0,1,0,0,0,0,1,0,0,1,0,0,0,0,0,0,0,0,0,0,1,1,0,1,0,0,0 : 13.1175
0,0,0,1,0,0,0,1,1,1,1,1,0,1,0,0,0,0,1,0,0,1,0,0,0,0,0,0,0,0,0,0,1,1,0,1,0,0,0 : 13.1175
1,0,1,0,0,0,1,1,0,1,0,1,0,1,0,1,1,0,0,0,0,1,0,0,0,1,0,0,0,1,1,0,1,0,0,1,0,0,0 : 13.1284
0,1,0,0,0,0,0,0,0,0,1,1,1,1,0,1,1,0,0,1,1,0,0,1,1,1,0,0,1,1,0,0,1,0,0,0,0,1,0 : 13.1284
1,1,1,0,0,0,1,0,0,0,0,1,0,1,1,1,0,1,0,0,0,1,0,1,1,1,0,0,1,1,1,0,0,0,1,1,0,0,0 : 13.1284
1,1,1,0,0,0,1,1,0,1,0,1,0,1,0,1,1,1,0,0,0,1,0,0,1,1,0,0,1,1,1,0,0,0,0,1,0,1,0 : 13.1284
1,1,1,0,0,0,1,0,0,1,0,1,0,1,0,1,1,1,0,0,0,1,0,1,1,1,0,0,0,1,1,0,0,0,0,1,0,0,1 : 13.1284
1,0,0,1,0,0,1,1,1,1,0,1,0,1,1,1,0,1,0,1,1,0,0,0,1,1,0,0,1,1,1,0,1,1,0,0,1,0,1 : 13.1284
1,1,0,1,0,0,0,1,1,0,1,0,1,0,1,1,0,1,0,1,1,0,0,1,0,0,0,0,1,1,1,0,0,0,0,0,0,1,0 : 13.1284
1,0,0,1,0,0,1,0,1,0,0,1,1,0,1,1,0,0,1,1,0,1,0,1,0,0,1,0,1,1,1,0,1,0,0,0,0,1,1 : 13.1284
1,0,0,1,0,0,0,1,1,1,0,1,0,1,1,1,1,0,0,1,0,1,0,0,0,0,0,0,0,1,0,0,1,1,0,0,0,0,0 : 13.1284
0,1,0,0,0,0,0,0,0,0,1,1,1,1,0,1,1,1,0,1,1,0,0,1,1,1,0,0,1,1,0,0,1,0,0,0,0,1,0 : 13.1284
1,1,1,1,0,0,0,0,0,0,0,1,0,0,0,1,1,0,0,1,1,0,0,1,1,1,0,0,1,1,0,0,1,0,0,0,1,0,1 : 13.1284
1,1,1,0,0,0,1,0,0,1,0,1,0,1,0,1,1,1,0,0,0,1,0,1,0,1,0,0,1,1,1,0,0,0,1,1,0,0,0 : 13.1284
1,0,0,1,0,0,1,1,1,1,0,1,0,1,1,1,0,0,0,1,1,0,0,0,1,1,0,0,1,1,0,0,1,1,0,0,1,1,1 : 13.1284
1,1,1,0,0,0,1,1,0,1,0,1,0,1,0,1,1,1,0,0,0,1,0,0,1,1,0,0,1,1,1,0,0,0,0,1,0,1,0 : 13.1284
0,1,1,1,0,0,0,0,0,0,0,1,1,1,0,1,1,1,0,1,1,0,0,1,0,1,0,0,0,1,0,0,1,0,0,0,0,1,0 : 13.1284
1,0,1,0,0,0,1,1,0,1,1,1,0,1,0,1,1,1,0,0,1,1,0,1,1,1,0,0,1,1,0,0,0,0,0,1,0,1,0 : 13.1284
0,0,1,1,0,0,0,1,0,0,1,1,1,0,0,1,1,1,0,0,0,0,0,1,1,1,0,0,1,1,0,0,1,0,0,0,0,0,0 : 13.1284
1,1,1,0,0,0,1,1,0,1,0,1,0,1,0,1,1,1,0,0,0,1,0,1,1,1,0,0,1,1,1,0,1,0,0,1,0,0,1 : 13.1284
1,0,0,1,0,0,0,0,1,1,0,1,0,1,1,1,0,1,0,1,1,0,0,0,1,1,0,0,1,1,1,0,0,1,0,0,1,1,1 : 13.1284
1,1,0,1,0,0,0,1,1,0,1,0,1,0,1,1,0,1,0,0,1,0,0,1,0,0,1,0,1,1,1,0,0,0,0,0,0,1,0 : 13.1284
1,0,0,0,0,0,1,0,1,0,0,1,1,0,1,1,0,0,1,1,0,0,0,1,0,0,1,0,1,1,1,0,1,0,0,0,0,0,1 : 13.1284
1,0,1,0,0,0,1,1,0,1,0,1,0,1,0,1,1,0,0,0,0,1,0,0,0,1,0,0,0,1,1,0,1,0,0,1,0,0,0 : 13.1284
0,1,0,0,0,0,0,0,0,0,1,1,1,1,0,1,1,0,0,1,1,0,0,1,1,1,0,0,1,1,0,0,1,0,0,0,0,1,0 : 13.1284
1,1,1,0,0,0,1,0,0,0,0,1,0,1,1,1,0,1,0,0,0,1,0,1,1,1,0,0,1,1,1,0,0,0,1,1,0,0,0 : 13.1284
1,1,1,0,0,0,1,1,0,1,0,1,0,1,0,1,1,1,0,0,0,1,0,0,1,1,0,0,1,1,1,0,0,0,0,1,0,1,0 : 13.1284
1,1,1,0,0,0,1,0,0,1,0,1,0,1,0,1,1,1,0,0,0,1,0,1,1,1,0,0,0,1,1,0,0,0,0,1,0,0,1 : 13.1284
1,0,0,1,0,0,1,1,1,1,0,1,0,1,1,1,0,1,0,1,1,0,0,0,1,1,0,0,1,1,1,0,1,1,0,0,1,0,1 : 13.1284
1,1,0,1,0,0,0,1,1,0,1,0,1,0,1,1,0,1,0,1,1,0,0,1,0,0,0,0,1,1,1,0,0,0,0,0,0,1,0 : 13.1284
1,0,0,1,0,0,1,0,1,0,0,1,1,0,1,1,0,0,1,1,0,1,0,1,0,0,1,0,1,1,1,0,1,0,0,0,0,1,1 : 13.1284
1,0,0,1,0,0,0,1,1,1,0,1,0,1,1,1,1,0,0,1,0,1,0,0,0,0,0,0,0,1,0,0,1,1,0,0,0,0,0 : 13.1284
0,1,0,0,0,0,0,0,0,0,1,1,1,1,0,1,1,1,0,1,1,0,0,1,1,1,0,0,1,1,0,0,1,0,0,0,0,1,0 : 13.1284
1,1,1,1,0,0,0,0,0,0,0,1,0,0,0,1,1,0,0,1,1,0,0,1,1,1,0,0,1,1,0,0,1,0,0,0,1,0,1 : 13.1284
1,1,1,0,0,0,1,0,0,1,0,1,0,1,0,1,1,1,0,0,0,1,0,1,0,1,0,0,1,1,1,0,0,0,1,1,0,0,0 : 13.1284
1,0,0,1,0,0,1,1,1,1,0,1,0,1,1,1,0,0,0,1,1,0,0,0,1,1,0,0,1,1,0,0,1,1,0,0,1,1,1 : 13.1284
1,1,1,0,0,0,1,1,0,1,0,1,0,1,0,1,1,1,0,0,0,1,0,0,1,1,0,0,1,1,1,0,0,0,0,1,0,1,0 : 13.1284
0,1,1,1,0,0,0,0,0,0,0,1,1,1,0,1,1,1,0,1,1,0,0,1,0,1,0,0,0,1,0,0,1,0,0,0,0,1,0 : 13.1284
1,0,1,0,0,0,1,1,0,1,1,1,0,1,0,1,1,1,0,0,1,1,0,1,1,1,0,0,1,1,0,0,0,0,0,1,0,1,0 : 13.1284
0,0,1,1,0,0,0,1,0,0,1,1,1,0,0,1,1,1,0,0,0,0,0,1,1,1,0,0,1,1,0,0,1,0,0,0,0,0,0 : 13.1284
1,1,1,0,0,0,1,1,0,1,0,1,0,1,0,1,1,1,0,0,0,1,0,1,1,1,0,0,1,1,1,0,1,0,0,1,0,0,1 : 13.1284
1,0,0,1,0,0,0,0,1,1,0,1,0,1,1,1,0,1,0,1,1,0,0,0,1,1,0,0,1,1,1,0,0,1,0,0,1,1,1 : 13.1284
1,1,0,1,0,0,0,1,1,0,1,0,1,0,1,1,0,1,0,0,1,0,0,1,0,0,1,0,1,1,1,0,0,0,0,0,0,1,0 : 13.1284
1,0,0,0,0,0,1,0,1,0,0,1,1,0,1,1,0,0,1,1,0,0,0,1,0,0,1,0,1,1,1,0,1,0,0,0,0,0,1 : 13.1284
0,1,0,1,0,0,0,0,1,1,0,1,1,1,0,1,0,1,1,1,0,0,1,1,1,1,0,0,0,0,1,0,1,0,0,0,0,1,1 : 13.1298
1,1,0,1,0,0,0,0,1,1,1,0,1,1,0,1,0,1,1,1,0,1,1,1,1,1,0,1,0,0,1,0,1,0,0,0,0,1,1 : 13.1298
1,0,0,1,0,0,0,0,1,1,1,1,1,1,0,1,0,1,1,1,0,0,1,1,1,1,0,0,0,0,1,0,1,0,0,0,0,1,0 : 13.1298
1,0,0,1,0,0,1,0,1,1,1,1,1,0,0,1,0,1,1,1,1,0,1,1,1,1,0,0,0,0,1,1,1,0,0,0,0,1,1 : 13.1298
1,0,0,1,0,0,0,0,1,1,1,1,1,1,0,1,0,1,1,1,0,0,1,1,1,1,0,0,1,0,1,0,1,0,0,0,0,1,1 : 13.1298
0,1,0,1,0,0,0,0,1,1,1,0,1,1,0,1,0,1,1,1,0,0,1,1,1,1,0,0,0,0,1,0,1,0,0,0,0,1,1 : 13.1298
1,0,0,1,0,0,0,0,1,1,1,1,1,1,0,1,0,1,1,1,0,0,1,1,1,1,0,0,0,0,1,0,1,0,0,0,0,1,1 : 13.1298
1,1,0,0,0,0,1,0,1,1,1,0,1,1,0,1,0,1,1,1,0,0,1,1,1,1,0,0,0,0,1,0,1,0,0,0,1,1,1 : 13.1298
1,0,0,1,0,0,1,0,1,1,1,1,1,0,0,1,0,1,1,1,0,0,1,1,1,1,0,0,0,0,1,1,1,0,0,0,0,1,1 : 13.1298
1,1,0,1,0,0,0,0,1,1,1,1,1,1,0,1,0,1,1,0,0,0,1,1,1,1,0,1,0,0,1,0,1,0,0,0,0,1,1 : 13.1298
1,0,0,1,0,0,0,0,1,1,1,1,1,1,0,1,0,1,1,1,0,0,1,1,1,1,0,0,1,0,1,0,1,0,0,0,0,1,1 : 13.1298
1,0,0,1,0,0,1,0,1,1,0,1,1,0,1,1,0,0,1,1,1,0,0,1,0,0,1,0,1,0,1,1,1,0,0,0,0,1,1 : 13.1298
0,1,0,1,0,0,0,0,1,1,0,1,1,1,0,1,0,1,1,1,0,0,1,1,1,1,0,0,0,0,1,0,1,0,0,0,0,1,1 : 13.1298
1,1,0,1,0,0,0,0,1,1,1,0,1,1,0,1,0,1,1,1,0,1,1,1,1,1,0,1,0,0,1,0,1,0,0,0,0,1,1 : 13.1298
1,0,0,1,0,0,0,0,1,1,1,1,1,1,0,1,0,1,1,1,0,0,1,1,1,1,0,0,0,0,1,0,1,0,0,0,0,1,0 : 13.1298
1,0,0,1,0,0,1,0,1,1,1,1,1,0,0,1,0,1,1,1,1,0,1,1,1,1,0,0,0,0,1,1,1,0,0,0,0,1,1 : 13.1298
1,0,0,1,0,0,0,0,1,1,1,1,1,1,0,1,0,1,1,1,0,0,1,1,1,1,0,0,1,0,1,0,1,0,0,0,0,1,1 : 13.1298
0,1,0,1,0,0,0,0,1,1,1,0,1,1,0,1,0,1,1,1,0,0,1,1,1,1,0,0,0,0,1,0,1,0,0,0,0,1,1 : 13.1298
1,0,0,1,0,0,0,0,1,1,1,1,1,1,0,1,0,1,1,1,0,0,1,1,1,1,0,0,0,0,1,0,1,0,0,0,0,1,1 : 13.1298
1,1,0,0,0,0,1,0,1,1,1,0,1,1,0,1,0,1,1,1,0,0,1,1,1,1,0,0,0,0,1,0,1,0,0,0,1,1,1 : 13.1298
1,0,0,1,0,0,1,0,1,1,1,1,1,0,0,1,0,1,1,1,0,0,1,1,1,1,0,0,0,0,1,1,1,0,0,0,0,1,1 : 13.1298
1,1,0,1,0,0,0,0,1,1,1,1,1,1,0,1,0,1,1,0,0,0,1,1,1,1,0,1,0,0,1,0,1,0,0,0,0,1,1 : 13.1298
1,0,0,1,0,0,0,0,1,1,1,1,1,1,0,1,0,1,1,1,0,0,1,1,1,1,0,0,1,0,1,0,1,0,0,0,0,1,1 : 13.1298
1,0,0,1,0,0,1,0,1,1,0,1,1,0,1,1,0,0,1,1,1,0,0,1,0,0,1,0,1,0,1,1,1,0,0,0,0,1,1 : 13.1298
0,0,0,1,0,0,0,1,1,1,1,1,0,1,0,0,1,0,0,0,0,1,0,0,0,0,0,0,0,0,0,0,1,1,0,1,0,0,1 : 13.1976
0,0,0,1,0,0,0,1,1,1,1,0,0,1,0,0,1,0,0,0,0,1,0,0,0,0,0,0,0,0,0,0,1,0,0,1,0,0,0 : 13.1976
0,0,0,1,0,0,0,1,1,1,0,1,0,0,0,0,1,0,0,0,0,1,0,0,0,0,0,0,0,1,0,0,1,1,0,1,0,1,0 : 13.1976
0,0,0,1,0,0,0,1,1,1,1,1,0,1,0,0,1,0,0,0,0,1,0,0,0,0,0,0,0,0,0,0,1,1,0,1,0,0,1 : 13.1976
0,0,0,1,0,0,0,1,1,1,1,0,0,1,0,0,1,0,0,0,0,1,0,0,0,0,0,0,0,0,0,0,1,0,0,1,0,0,0 : 13.1976
0,0,0,1,0,0,0,1,1,1,0,1,0,0,0,0,1,0,0,0,0,1,0,0,0,0,0,0,0,1,0,0,1,1,0,1,0,1,0 : 13.1976
1,0,0,1,0,0,1,0,1,0,0,1,0,0,1,1,0,0,1,1,0,0,0,1,0,0,1,0,1,0,1,1,1,0,0,0,0,0,1 : 13.3165
1,0,0,1,0,0,1,0,1,1,0,1,0,0,1,1,0,0,1,1,1,0,0,1,0,0,1,0,1,0,1,1,1,0,0,0,0,1,1 : 13.3165
0,0,0,1,0,0,1,0,1,1,0,1,0,0,1,1,0,0,1,1,1,0,0,1,0,0,1,0,1,0,1,1,1,0,0,0,0,0,1 : 13.3165
1,0,0,1,0,0,1,0,1,0,0,1,0,0,1,1,0,0,1,1,0,0,0,1,0,0,1,0,1,0,1,1,1,0,0,0,0,0,1 : 13.3165
1,0,0,1,0,0,1,0,1,1,0,1,0,0,1,1,0,0,1,1,1,0,0,1,0,0,1,0,1,0,1,1,1,0,0,0,0,0,1 : 13.3165
1,0,0,1,0,0,1,0,1,0,0,1,0,0,1,1,0,0,1,1,0,0,0,1,0,0,1,0,1,0,1,1,1,0,0,0,0,0,1 : 13.3165
1,0,0,1,0,0,1,0,1,1,0,1,0,0,1,1,0,0,1,1,1,0,0,1,0,0,1,0,1,0,1,1,1,0,0,0,0,1,1 : 13.3165
0,0,0,1,0,0,1,0,1,1,0,1,0,0,1,1,0,0,1,1,1,0,0,1,0,0,1,0,1,0,1,1,1,0,0,0,0,0,1 : 13.3165
1,0,0,1,0,0,1,0,1,0,0,1,0,0,1,1,0,0,1,1,0,0,0,1,0,0,1,0,1,0,1,1,1,0,0,0,0,0,1 : 13.3165
1,0,0,1,0,0,1,0,1,1,0,1,0,0,1,1,0,0,1,1,1,0,0,1,0,0,1,0,1,0,1,1,1,0,0,0,0,0,1 : 13.3165
1,0,0,1,0,0,1,1,1,1,1,1,1,1,1,0,0,0,0,1,1,0,0,0,1,1,0,0,1,1,0,0,1,1,0,0,0,1,1 : 13.3695
0,0,0,1,1,0,1,1,1,1,0,0,0,0,1,0,1,0,0,0,1,1,0,1,0,1,0,0,1,0,1,0,0,0,0,0,0,1,0 : 13.3695
0,0,0,1,1,0,1,1,1,0,0,0,1,0,1,0,1,1,0,1,1,1,0,1,1,1,0,0,1,1,1,0,0,1,0,0,0,0,0 : 13.3695
0,0,0,0,1,0,1,1,1,0,1,1,0,0,1,0,0,1,1,0,1,0,0,0,1,1,0,0,0,0,0,0,1,1,0,0,0,1,0 : 13.3695
0,0,0,0,1,0,1,1,1,0,1,1,0,1,1,0,0,0,1,1,1,0,0,1,1,1,0,0,0,1,0,0,0,1,0,0,0,0,0 : 13.3695
0,0,0,0,1,0,1,1,0,1,1,1,0,1,1,0,0,0,1,1,1,0,0,1,1,1,0,0,0,0,1,0,0,1,0,1,0,1,1 : 13.3695
0,0,0,0,1,0,1,1,1,1,0,1,1,1,1,0,1,1,0,0,1,1,0,1,1,1,0,0,1,0,1,0,0,0,0,0,0,1,1 : 13.3695
0,0,0,0,1,0,1,1,0,0,1,1,0,0,1,0,0,1,1,1,1,0,1,1,1,1,0,0,0,1,0,0,1,1,0,0,1,1,0 : 13.3695
0,0,0,0,1,0,1,1,1,0,0,1,0,1,1,0,1,0,1,1,1,0,0,1,1,1,0,1,1,0,0,0,1,1,0,0,0,1,1 : 13.3695
0,0,0,0,1,0,1,1,1,0,1,1,0,0,1,0,0,0,1,1,1,0,0,1,0,1,0,0,0,0,1,0,0,1,0,1,0,0,1 : 13.3695
0,0,0,1,1,0,1,1,1,0,0,0,1,0,1,0,1,1,0,0,1,1,0,1,0,1,0,0,0,0,1,0,0,0,0,0,0,1,0 : 13.3695
0,0,0,0,1,0,1,1,0,0,1,1,0,0,1,0,0,1,0,1,1,0,0,1,0,1,1,0,0,0,0,0,0,1,0,0,1,0,1 : 13.3695
0,0,0,1,1,0,1,1,1,0,1,0,1,1,1,0,0,0,0,1,1,1,0,1,1,1,0,0,1,0,1,0,0,0,0,0,0,1,0 : 13.3695
0,0,0,0,1,0,1,1,1,0,1,1,0,0,1,0,0,1,0,1,1,0,0,1,1,1,0,0,0,0,0,0,0,1,0,0,0,1,0 : 13.3695
0,0,0,0,1,0,1,1,1,0,1,1,1,1,1,0,0,0,1,1,1,0,0,1,0,1,0,0,0,0,0,0,0,1,0,0,1,0,0 : 13.3695
0,0,0,1,1,0,1,1,1,1,0,1,1,0,1,0,1,0,0,0,1,1,0,1,1,1,0,0,1,0,1,0,1,0,0,0,0,1,0 : 13.3695
