1,0,0,0,1,1,0,0,1,1,0 : 205.0866
1,0,0,1,1,0,1,0,0,0,0 : 214.05
1,0,0,0,1,1,1,0,1,0,0 : 205.0866
1,0,0,0,0,0,0,0,0,1,0 : 205.0866
1,0,0,0,0,1,1,0,0,0,0 : 205.0866
1,0,0,0,1,1,0,1,1,0,0 : 205.0866
1,0,0,0,0,1,0,1,1,1,0 : 205.0866
1,0,0,0,1,1,0,1,1,1,0 : 205.0866
1,0,0,0,0,0,1,1,0,0,0 : 205.0866
1,0,0,0,0,0,1,1,1,1,1 : 217.0733
1,0,0,0,1,1,1,0,0,1,0 : 205.0866
1,0,0,0,0,1,0,0,1,0,0 : 205.0866
1,0,0,0,0,0,0,0,1,1,0 : 205.0866
1,0,0,0,0,1,1,0,1,1,0 : 205.0866
1,0,0,1,1,1,1,1,0,0,0 : 214.05
1,0,0,0,1,0,1,1,0,0,0 : 205.0866
1,0,1,0,0,0,1,0,1,0,0 : 218.0966
1,0,0,0,0,1,0,1,0,1,1 : 217.0733
1,0,0,0,1,1,1,1,1,1,0 : 205.0866
1,0,0,0,1,0,0,0,1,0,0 : 205.0866
1,0,0,0,0,1,0,1,0,0,0 : 205.0866
1,0,0,0,1,1,0,1,1,0,0 : 205.0866
1,0,0,0,1,0,1,1,0,1,0 : 205.0866
1,0,0,0,1,1,1,0,1,0,0 : 205.0866
1,0,0,0,0,1,0,1,0,0,0 : 205.0866
1,0,0,0,1,1,1,0,0,1,0 : 205.0866
1,0,0,0,1,1,1,0,1,1,0 : 205.0866
1,0,0,0,0,0,1,0,1,0,0 : 205.0866
1,0,0,0,1,0,0,0,0,0,0 : 205.0866
1,0,0,0,1,1,0,0,1,0,0 : 205.0866
1,0,0,0,1,0,0,0,0,0,0 : 205.0866
1,0,0,0,1,0,0,1,1,0,0 : 205.0866
1,0,0,0,1,0,0,0,1,1,0 : 205.0866
1,0,0,0,0,0,0,1,1,1,1 : 217.0733
1,0,0,0,1,0,0,1,0,1,0 : 205.0866
1,0,0,0,1,0,1,0,1,1,0 : 205.0866
1,0,0,0,1,1,1,1,1,0,0 : 205.0866
1,0,0,0,1,0,1,1,0,0,0 : 205.0866
1,0,0,0,1,1,1,0,0,1,0 : 205.0866
1,0,0,0,1,1,1,0,0,0,0 : 205.0866
1,0,0,0,0,0,1,0,1,1,0 : 205.0866
1,0,0,0,0,0,0,1,0,1,0 : 205.0866
1,0,0,0,0,1,0,0,1,1,0 : 205.0866
1,0,0,0,0,0,1,0,0,0,0 : 205.0866
1,1,0,0,0,0,0,0,1,0,0 : 223.3366
1,0,0,0,1,1,0,0,1,1,0 : 205.0866
1,0,0,0,1,1,1,0,0,0,0 : 205.0866
1,1,0,0,1,1,1,1,0,0,0 : 223.2133
1,0,0,0,1,0,1,1,0,1,0 : 205.0866
1,0,0,0,0,0,0,1,1,0,0 : 205.0866
1,0,0,0,1,1,0,1,1,0,0 : 205.0866
1,0,0,1,0,0,1,1,0,1,0 : 214.05
1,0,0,0,1,0,0,0,1,1,0 : 205.0866
1,0,0,0,1,1,0,1,1,0,1 : 217.0733
1,0,0,0,0,1,1,0,1,1,0 : 205.0866
1,0,0,0,1,0,0,1,1,0,0 : 205.0866
1,0,0,0,1,1,1,1,0,1,0 : 205.0866
1,0,0,0,0,0,1,1,1,1,0 : 205.0866
1,0,0,0,1,0,1,0,0,1,0 : 205.0866
1,0,0,0,0,0,1,0,1,1,0 : 205.0866
1,0,0,0,0,1,1,0,0,1,0 : 205.0866
1,0,0,0,1,0,1,0,0,1,0 : 205.0866
1,0,0,0,1,1,1,0,1,0,0 : 205.0866
1,0,0,0,1,1,0,0,1,1,0 : 205.0866
1,0,0,0,0,1,1,0,0,1,0 : 205.0866
1,0,0,0,1,1,0,0,0,1,0 : 205.0866
1,0,0,0,0,1,1,0,0,0,0 : 205.0866
1,0,0,0,0,1,1,0,0,1,0 : 205.0866
1,0,0,0,1,0,1,1,0,1,0 : 205.0866
1,0,0,0,0,0,0,0,1,1,0 : 205.0866
1,0,0,0,1,0,1,0,1,1,0 : 205.0866
1,0,0,0,1,0,1,1,0,0,1 : 217.0733
1,0,0,0,1,1,1,1,0,0,0 : 205.0866
1,0,0,0,0,1,1,1,0,0,0 : 205.0866
1,0,0,0,0,1,1,0,1,1,0 : 205.0866
1,0,0,0,0,1,1,0,1,1,1 : 218.0733
1,0,0,0,1,1,0,1,1,1,0 : 205.0866
1,0,0,0,0,0,0,0,1,1,0 : 205.0866
1,0,0,0,1,1,0,0,1,1,0 : 205.0866
1,0,0,0,1,0,1,0,0,1,0 : 205.0866
1,0,0,0,1,0,1,0,1,0,0 : 205.0866
1,0,0,0,0,1,1,0,1,0,0 : 205.0866
1,0,0,0,1,0,0,1,1,1,0 : 205.0866
1,0,0,0,0,0,1,1,0,0,0 : 205.0866
1,0,0,0,1,0,1,0,1,1,0 : 205.0866
1,0,0,0,1,0,0,0,0,0,0 : 205.0866
1,0,0,0,0,0,0,1,1,0,0 : 205.0866
1,0,0,0,0,0,0,1,0,1,0 : 205.0866
1,0,0,0,1,0,1,0,1,0,0 : 205.0866
1,0,0,0,0,1,0,0,1,1,0 : 205.0866
1,0,0,0,0,1,1,0,1,0,0 : 205.0866
1,0,0,0,0,0,1,0,1,1,0 : 205.0866
1,0,0,0,0,0,0,1,1,1,0 : 205.0866
1,1,0,1,1,0,0,0,0,0,0 : 233.6666
1,0,0,0,1,1,1,1,0,0,1 : 217.0733
1,0,0,0,1,0,1,1,1,1,0 : 205.0866
1,0,0,0,0,1,1,0,0,0,0 : 205.0866
1,0,0,0,0,0,0,0,0,1,0 : 205.0866
1,0,0,0,1,1,1,1,1,0,0 : 205.0866
1,0,0,0,0,0,0,0,0,0,0 : 205.0866
