1,0,1,1,0,1,1,1,0,1,0 : 231.77
1,0,1,0,1,0,1,1,1,1,0 : 219.3966
1,1,0,0,1,1,0,0,1,0,0 : 223.0133
1,1,1,0,1,0,1,0,1,1,0 : 244.5933
1,1,0,1,0,1,0,0,0,1,0 : 233.6666
1,0,0,1,0,0,0,0,1,1,0 : 210.2366
1,0,0,1,1,1,0,1,1,1,1 : 253.74
1,0,0,0,0,1,1,0,1,0,1 : 215.19
1,1,1,1,0,0,0,1,0,1,0 : 250.62
1,0,0,1,0,1,0,1,1,1,0 : 212.0533
1,0,1,0,1,1,0,1,0,1,1 : 234.65
1,0,0,1,1,1,0,0,0,0,0 : 210.5066
1,1,1,0,1,0,0,0,0,0,1 : 249.5766
1,0,1,1,0,1,1,1,1,0,0 : 230.9433
1,1,1,0,0,0,0,1,0,0,1 : 250.24
1,0,0,0,1,0,0,1,0,0,0 : 199.9533
1,0,0,0,1,1,0,0,0,1,1 : 214.2433
1,1,0,0,1,0,0,0,0,0,0 : 219.1533
1,0,1,0,0,0,0,0,0,0,0 : 221.7833
1,0,1,0,1,1,0,0,1,1,0 : 224.0733
1,0,0,1,0,0,0,0,1,1,0 : 210.2366
1,1,0,0,1,0,0,1,0,0,0 : 219.1533
1,0,1,0,1,1,0,0,1,0,0 : 224.0733
1,0,0,1,1,0,0,1,0,1,0 : 209.84
1,1,1,0,0,0,0,0,1,0,0 : 240.1633
1,1,0,1,1,1,0,1,1,0,0 : 241.8966
1,0,0,0,0,0,0,0,1,0,1 : 213.5333
1,0,0,1,1,0,0,1,0,1,0 : 209.84
1,1,1,1,0,0,0,1,1,0,1 : 261.4366
1,0,0,1,0,1,0,1,0,0,0 : 212.0533
1,1,1,1,1,1,1,1,1,0,1 : 262.68
1,0,0,1,0,0,0,0,1,1,0 : 210.2366
1,1,0,1,0,0,1,1,1,1,0 : 235.97
1,0,0,0,1,1,1,0,1,0,0 : 205.7066
1,1,0,0,1,0,1,1,1,0,0 : 227.78
1,1,0,0,0,0,1,1,1,0,0 : 227.78
1,0,0,0,1,1,1,0,1,1,0 : 202.68
1,1,1,0,1,0,1,0,0,0,1 : 253.5066
1,0,0,0,0,0,1,0,0,0,0 : 202.3866
1,0,0,0,1,0,1,0,0,1,1 : 214.8866
1,0,1,1,1,1,0,1,0,1,0 : 226.57
1,0,1,0,0,0,1,0,1,0,0 : 217.2866
1,0,0,1,0,1,0,0,1,1,0 : 210.5066
1,1,1,1,1,1,1,1,0,0,1 : 252.6833
1,0,1,1,1,0,0,0,0,0,0 : 226.13
1,1,0,1,1,0,1,1,0,0,1 : 249.0866
1,1,0,1,1,1,1,0,1,0,0 : 256.97
1,1,0,1,0,1,1,0,1,0,0 : 233.6666
1,0,0,0,1,1,1,1,0,1,0 : 202.68
1,1,0,1,1,0,1,1,1,1,0 : 256.97
1,0,0,1,0,0,0,1,1,1,1 : 265.65
1,0,0,0,1,1,1,0,1,0,1 : 215.19
1,0,0,0,1,1,1,1,0,1,0 : 202.68
1,0,1,0,1,0,0,0,0,0,0 : 221.7833
1,0,0,0,0,0,1,1,0,1,1 : 214.6533
1,0,0,0,1,1,0,0,1,1,0 : 200.38
1,0,1,1,1,0,1,0,1,0,0 : 229.56
1,0,0,0,1,0,1,1,0,1,1 : 215.1833
1,1,0,0,1,0,1,0,1,0,1 : 235.7333
1,1,1,0,0,0,0,0,1,0,0 : 240.1633
1,1,1,0,0,1,0,1,1,0,0 : 244.73
1,1,0,1,0,1,1,1,0,0,1 : 237.3466
1,1,1,1,1,0,1,1,0,1,1 : 261.3633
1,1,1,0,0,0,1,0,0,1,1 : 253.5066
1,0,0,1,0,1,0,0,1,0,0 : 210.5066
1,1,0,1,0,1,0,0,0,1,1 : 252.7466
1,1,0,1,1,1,0,0,0,0,0 : 241.8966
1,0,0,0,0,0,0,1,1,1,1 : 215.6066
1,0,0,0,1,1,0,1,0,1,0 : 201.9733
1,0,1,1,0,0,1,0,1,0,1 : 251.2366
1,0,0,0,1,0,1,0,0,0,1 : 216.6366
1,0,1,0,0,1,1,0,0,1,1 : 234.65
1,1,1,0,1,1,1,0,1,0,0 : 246.4966
1,0,1,0,1,1,1,0,1,1,0 : 224.0733
1,0,1,1,1,0,1,1,1,1,0 : 229.56
1,0,1,0,0,1,1,1,1,1,1 : 235.78
1,0,0,0,1,1,0,1,1,1,0 : 201.9733
1,1,1,1,0,0,0,1,0,1,1 : 261.4366
1,0,0,1,0,1,0,0,0,1,1 : 256.06
1,0,1,1,1,0,0,1,1,1,0 : 227.0133
1,0,0,0,1,1,1,0,1,0,0 : 205.7066
1,1,1,0,0,1,1,1,0,1,0 : 240.9833
1,1,1,1,0,0,0,0,0,1,1 : 244.9166
1,0,0,0,1,1,0,1,0,1,1 : 215.1833
1,1,1,1,1,0,1,0,0,1,0 : 256.4533
1,0,0,0,1,1,0,0,0,0,0 : 203.9333
1,1,1,0,1,1,0,0,1,1,1 : 251.3633
1,1,0,1,0,0,0,0,0,0,1 : 239.9633
1,0,1,0,1,0,0,1,1,1,0 : 219.3966
1,0,0,0,0,1,0,0,1,1,0 : 200.38
1,0,0,0,0,1,0,1,0,1,0 : 201.9733
1,0,0,0,0,0,1,1,0,1,1 : 214.6533
1,0,1,1,0,1,1,1,1,1,1 : 251.2966
1,1,1,1,1,0,0,0,1,0,0 : 243.7833
1,1,0,0,1,0,0,1,1,1,1 : 230.2366
1,0,0,1,1,0,1,0,1,0,0 : 216.9133
1,0,0,1,0,1,1,0,1,0,0 : 215.47
1,1,0,1,0,1,1,0,0,1,0 : 233.6666
1,1,0,1,1,1,0,1,0,1,0 : 241.8966
1,1,0,0,1,1,0,0,1,0,1 : 235.5133
