1,1,1,0,1,1,1,1,0,0,1,1,0,1,1,0,1,1,1,0,0,1,0,0,0,0 : 2986.0
1,1,1,1,0,1,0,1,1,0,1,1,0,1,1,0,1,1,1,1,0,1,0,0,0,0 : 2986.0
1,1,1,0,1,1,1,1,0,0,1,1,0,1,1,0,1,1,1,0,0,1,0,0,0,0 : 2986.0
1,1,1,1,0,1,0,1,1,0,1,1,0,1,1,0,1,1,1,1,0,1,0,0,0,0 : 2986.0
1,1,1,1,0,0,1,1,0,0,1,1,0,1,1,1,1,1,1,1,0,1,1,1,0,0 : 3053.0
1,1,1,1,0,0,0,1,0,0,1,1,0,1,1,1,1,1,1,1,0,0,0,1,0,1 : 3053.0
1,1,1,1,0,0,0,1,0,0,1,1,0,1,1,1,1,1,1,1,0,0,0,1,0,1 : 3053.0
1,1,1,1,0,0,0,1,0,0,1,1,0,1,1,1,1,1,1,1,0,0,1,1,0,1 : 3053.0
1,1,1,1,0,1,0,1,0,0,1,1,0,1,1,1,1,1,1,1,0,0,0,0,0,0 : 3053.0
1,1,1,1,0,0,0,1,0,0,1,1,0,1,1,1,1,1,1,1,0,0,1,1,0,1 : 3053.0
1,1,1,1,0,0,0,1,0,0,1,1,0,1,1,1,1,1,1,1,0,0,1,1,0,1 : 3053.0
1,1,1,1,0,0,0,1,0,0,1,1,0,1,1,1,1,1,1,1,0,0,0,1,0,1 : 3053.0
1,1,1,1,0,0,0,1,0,0,1,1,0,1,1,1,1,1,1,1,0,0,0,0,0,0 : 3053.0
1,1,1,1,0,1,0,1,0,0,1,1,0,1,1,1,1,1,1,1,0,0,1,1,0,1 : 3053.0
1,1,1,1,0,0,1,1,0,0,1,1,0,1,1,1,1,1,1,1,0,1,1,1,0,0 : 3053.0
1,1,1,1,0,0,0,1,0,0,1,1,0,1,1,1,1,1,1,1,0,0,0,1,0,1 : 3053.0
1,1,1,1,0,0,0,1,0,0,1,1,0,1,1,1,1,1,1,1,0,0,0,1,0,1 : 3053.0
1,1,1,1,0,0,0,1,0,0,1,1,0,1,1,1,1,1,1,1,0,0,1,1,0,1 : 3053.0
1,1,1,1,0,1,0,1,0,0,1,1,0,1,1,1,1,1,1,1,0,0,0,0,0,0 : 3053.0
1,1,1,1,0,0,0,1,0,0,1,1,0,1,1,1,1,1,1,1,0,0,1,1,0,1 : 3053.0
1,1,1,1,0,0,0,1,0,0,1,1,0,1,1,1,1,1,1,1,0,0,1,1,0,1 : 3053.0
1,1,1,1,0,0,0,1,0,0,1,1,0,1,1,1,1,1,1,1,0,0,0,1,0,1 : 3053.0
1,1,1,1,0,0,0,1,0,0,1,1,0,1,1,1,1,1,1,1,0,0,0,0,0,0 : 3053.0
1,1,1,1,0,1,0,1,0,0,1,1,0,1,1,1,1,1,1,1,0,0,1,1,0,1 : 3053.0
1,1,1,0,1,1,1,0,1,1,1,1,0,1,1,0,1,1,1,1,0,0,0,0,0,1 : 3058.0
1,1,1,0,1,1,1,0,1,1,1,1,0,1,1,0,1,1,1,1,0,1,0,0,0,1 : 3058.0
1,1,1,0,1,1,1,0,1,1,1,1,0,1,1,0,1,1,1,1,0,0,0,0,0,1 : 3058.0
1,1,1,0,1,1,1,0,1,1,1,1,0,1,1,0,1,1,1,1,0,1,0,0,0,1 : 3058.0
1,1,1,1,0,1,0,0,1,1,1,1,0,1,1,0,1,1,1,1,0,1,0,0,0,1 : 3058.0
1,1,1,0,1,1,1,0,1,1,1,1,0,1,1,0,1,1,1,1,0,0,0,0,0,1 : 3058.0
1,1,1,0,1,1,1,0,1,1,1,1,0,1,1,0,1,1,1,1,0,1,0,0,0,1 : 3058.0
1,1,1,0,1,1,1,0,1,1,1,1,0,1,1,0,1,1,1,1,0,0,0,0,0,1 : 3058.0
1,1,1,0,1,1,1,0,1,1,1,1,0,1,1,0,1,1,1,1,0,1,0,0,0,1 : 3058.0
1,1,1,1,0,1,0,0,1,1,1,1,0,1,1,0,1,1,1,1,0,1,0,0,0,1 : 3058.0
1,1,1,1,0,1,0,0,1,1,1,1,0,1,1,0,1,1,1,1,0,1,0,0,0,0 : 3065.0
1,1,1,1,0,1,0,0,1,1,1,1,0,1,1,0,1,1,1,1,0,1,0,0,0,0 : 3065.0
1,1,1,1,0,1,0,0,1,1,1,1,0,1,1,0,1,1,1,1,0,1,0,0,0,0 : 3065.0
1,1,1,1,0,1,0,0,1,1,1,1,0,1,1,0,1,1,1,1,0,1,0,0,0,0 : 3065.0
1,1,1,1,0,1,0,0,1,1,1,1,0,1,1,0,1,1,1,1,0,1,0,0,0,0 : 3065.0
1,1,1,1,0,1,0,0,1,1,1,1,0,1,1,0,1,1,1,1,0,1,0,0,0,0 : 3065.0
1,1,1,1,0,1,0,1,1,1,1,1,0,1,1,1,1,1,1,0,0,0,1,1,0,0 : 3127.0
1,1,1,1,0,0,0,0,1,1,1,1,0,1,1,1,1,1,1,0,0,0,1,1,0,0 : 3127.0
1,1,1,1,0,0,0,1,1,1,1,1,0,1,1,1,1,1,1,0,0,1,0,1,0,1 : 3127.0
1,1,1,1,0,0,0,1,1,1,1,1,0,1,1,1,1,1,1,0,0,0,1,1,0,0 : 3127.0
1,1,1,1,0,1,0,1,1,1,1,1,0,1,1,1,1,1,1,0,0,0,1,1,0,0 : 3127.0
1,1,1,1,0,0,0,1,1,1,1,1,0,1,1,1,1,1,1,0,0,1,1,1,0,0 : 3127.0
1,1,1,1,0,0,0,1,1,1,1,1,0,1,1,1,1,1,1,0,0,1,1,1,0,0 : 3127.0
1,1,1,1,0,1,0,1,1,1,1,1,0,1,1,1,1,1,1,0,0,0,1,1,0,0 : 3127.0
1,1,1,1,0,0,0,1,1,1,1,1,0,1,1,1,1,1,1,0,0,1,1,1,0,0 : 3127.0
1,1,1,1,0,0,0,1,1,1,1,1,0,1,1,1,1,1,1,0,0,0,1,1,0,0 : 3127.0
1,1,1,1,0,1,0,1,1,1,1,1,0,1,1,1,1,1,1,0,0,0,1,1,0,0 : 3127.0
1,1,1,1,0,1,0,1,1,1,1,1,0,1,1,1,1,1,1,0,0,0,1,1,0,0 : 3127.0
1,1,1,1,0,0,0,0,1,1,1,1,0,1,1,1,1,1,1,0,0,1,1,1,0,0 : 3127.0
1,1,1,1,0,0,0,1,1,1,1,1,0,1,1,1,1,1,1,0,0,1,1,1,0,0 : 3127.0
1,1,1,1,0,0,0,1,1,1,1,1,0,1,1,1,1,1,1,0,0,0,1,1,0,0 : 3127.0
1,1,1,1,0,1,0,1,1,1,1,1,0,1,1,1,1,1,1,0,0,0,1,1,0,0 : 3127.0
1,1,1,1,0,0,0,0,1,1,1,1,0,1,1,1,1,1,1,0,0,0,1,1,0,0 : 3127.0
1,1,1,1,0,0,0,1,1,1,1,1,0,1,1,1,1,1,1,0,0,1,0,1,0,1 : 3127.0
1,1,1,1,0,0,0,1,1,1,1,1,0,1,1,1,1,1,1,0,0,0,1,1,0,0 : 3127.0
1,1,1,1,0,1,0,1,1,1,1,1,0,1,1,1,1,1,1,0,0,0,1,1,0,0 : 3127.0
1,1,1,1,0,0,0,1,1,1,1,1,0,1,1,1,1,1,1,0,0,1,1,1,0,0 : 3127.0
1,1,1,1,0,0,0,1,1,1,1,1,0,1,1,1,1,1,1,0,0,1,1,1,0,0 : 3127.0
1,1,1,1,0,1,0,1,1,1,1,1,0,1,1,1,1,1,1,0,0,0,1,1,0,0 : 3127.0
1,1,1,1,0,0,0,1,1,1,1,1,0,1,1,1,1,1,1,0,0,1,1,1,0,0 : 3127.0
1,1,1,1,0,0,0,1,1,1,1,1,0,1,1,1,1,1,1,0,0,0,1,1,0,0 : 3127.0
1,1,1,1,0,1,0,1,1,1,1,1,0,1,1,1,1,1,1,0,0,0,1,1,0,0 : 3127.0
1,1,1,1,0,1,0,1,1,1,1,1,0,1,1,1,1,1,1,0,0,0,1,1,0,0 : 3127.0
1,1,1,1,0,0,0,0,1,1,1,1,0,1,1,1,1,1,1,0,0,1,1,1,0,0 : 3127.0
1,1,1,1,0,0,0,1,1,1,1,1,0,1,1,1,1,1,1,0,0,1,1,1,0,0 : 3127.0
1,1,1,1,0,0,0,1,1,1,1,1,0,1,1,1,1,1,1,0,0,0,1,1,0,0 : 3127.0
1,1,1,1,0,0,1,0,1,0,1,1,0,1,1,0,1,1,1,1,0,0,0,0,0,1 : 3138.0
1,1,1,1,0,1,1,0,1,0,1,1,0,1,1,0,1,1,1,0,0,0,0,0,0,0 : 3138.0
1,1,1,1,0,1,0,0,0,0,1,1,0,1,1,0,1,1,1,0,0,0,0,0,0,0 : 3138.0
1,1,1,1,0,1,1,0,1,0,1,1,0,1,1,0,1,1,1,1,0,1,0,0,0,0 : 3138.0
1,1,1,1,0,1,1,0,1,0,1,1,0,1,1,0,1,1,1,0,0,0,0,0,0,0 : 3138.0
1,1,1,1,0,1,0,0,1,0,1,1,0,1,1,0,1,1,1,0,0,1,0,0,0,0 : 3138.0
1,1,1,1,0,1,1,0,1,0,1,1,0,1,1,0,1,1,1,1,0,1,0,0,0,0 : 3138.0
1,1,1,1,0,1,0,0,1,0,1,1,0,1,1,0,1,1,1,1,0,1,0,0,0,1 : 3138.0
1,1,1,0,1,1,1,0,1,0,1,1,0,1,1,0,1,1,1,1,0,0,0,0,0,1 : 3138.0
1,1,1,0,1,1,1,0,1,0,1,1,0,1,1,0,1,1,1,1,0,0,0,0,0,1 : 3138.0
1,1,1,1,0,1,1,0,1,0,1,1,0,1,1,0,1,1,1,0,0,0,0,0,0,0 : 3138.0
1,1,1,1,0,1,0,0,1,0,1,1,0,1,1,0,1,1,1,1,0,1,0,0,0,1 : 3138.0
1,1,1,1,0,1,1,0,1,0,1,1,0,1,1,0,1,1,1,1,0,0,0,0,0,0 : 3138.0
1,1,1,1,0,1,1,0,1,0,1,1,0,1,1,0,1,1,1,0,0,1,0,0,0,0 : 3138.0
1,1,1,1,0,1,1,0,1,0,1,1,0,1,1,0,1,1,1,1,0,1,0,0,0,1 : 3138.0
1,1,1,1,0,1,1,0,1,0,1,1,0,1,1,0,1,1,1,0,0,0,0,0,0,0 : 3138.0
1,1,1,1,0,0,1,0,1,0,1,1,0,1,1,0,1,1,1,1,0,0,0,0,0,1 : 3138.0
1,1,1,1,0,1,0,0,0,0,1,1,0,1,1,0,1,1,1,0,0,0,0,0,0,0 : 3138.0
1,1,1,1,0,1,1,0,1,0,1,1,0,1,1,0,1,1,1,1,0,1,0,0,0,0 : 3138.0
1,1,1,1,0,1,1,0,1,0,1,1,0,1,1,0,1,1,1,0,0,0,0,0,0,0 : 3138.0
1,1,1,1,0,1,0,0,1,0,1,1,0,1,1,0,1,1,1,0,0,1,0,0,0,0 : 3138.0
1,1,1,1,0,1,1,0,1,0,1,1,0,1,1,0,1,1,1,1,0,1,0,0,0,0 : 3138.0
1,1,1,1,0,1,0,0,1,0,1,1,0,1,1,0,1,1,1,1,0,1,0,0,0,1 : 3138.0
1,1,1,0,1,1,1,0,1,0,1,1,0,1,1,0,1,1,1,1,0,0,0,0,0,1 : 3138.0
1,1,1,0,1,1,1,0,1,0,1,1,0,1,1,0,1,1,1,1,0,0,0,0,0,1 : 3138.0
1,1,1,1,0,1,1,0,1,0,1,1,0,1,1,0,1,1,1,0,0,0,0,0,0,0 : 3138.0
1,1,1,1,0,1,0,0,1,0,1,1,0,1,1,0,1,1,1,1,0,1,0,0,0,1 : 3138.0
1,1,1,1,0,1,1,0,1,0,1,1,0,1,1,0,1,1,1,1,0,0,0,0,0,0 : 3138.0
1,1,1,1,0,1,1,0,1,0,1,1,0,1,1,0,1,1,1,0,0,1,0,0,0,0 : 3138.0
1,1,1,1,0,1,1,0,1,0,1,1,0,1,1,0,1,1,1,1,0,1,0,0,0,1 : 3138.0
