0,1,0,0,0,0,0,1,1,1,0,0,1,1,1,1,0,1,1,1,1,0,0,0,0,1,0,0,1,1,1,1,1,0,0,0,1,1,0 : 12.7139
0,0,0,0,0,0,0,1,0,0,1,0,0,1,0,0,1,1,1,1,1,1,0,1,0,0,0,0,1,0,1,1,1,0,0,1,0,1,1 : 12.7139
0,1,0,0,0,0,0,1,1,1,0,0,1,1,1,1,0,1,1,1,1,0,0,0,0,1,0,0,1,1,1,1,1,0,0,0,1,1,0 : 12.7139
0,0,0,0,0,0,0,1,0,0,1,0,0,1,0,0,1,1,1,1,1,1,0,1,0,0,0,0,1,0,1,1,1,0,0,1,0,1,1 : 12.7139
1,1,0,1,0,0,1,0,0,0,1,1,0,1,1,1,1,1,0,1,1,1,1,1,0,0,0,0,0,1,0,1,0,1,1,1,0,0,0 : 12.8051
1,1,0,1,0,0,1,0,0,0,1,1,0,1,1,1,1,1,0,1,1,1,1,1,0,0,0,0,0,1,0,1,0,1,1,1,0,0,0 : 12.8051
0,0,1,0,0,0,1,0,1,0,0,0,1,1,1,1,0,1,0,1,0,1,0,0,0,1,0,0,0,1,1,0,0,1,1,0,0,0,1 : 13.0004
0,0,0,1,0,0,1,0,1,0,1,0,1,1,1,0,0,1,1,1,0,0,0,1,0,0,1,0,0,1,0,0,0,1,0,0,0,1,1 : 13.0004
0,0,1,0,0,0,1,0,1,0,0,0,1,1,1,1,0,1,0,1,0,1,0,0,0,1,0,0,0,1,1,0,0,1,1,0,0,0,1 : 13.0004
0,1,0,0,0,0,0,1,1,1,0,0,1,1,1,1,1,1,1,1,0,0,0,0,0,1,0,0,1,1,1,0,1,0,0,0,1,1,1 : 13.0004
0,0,1,0,0,0,1,0,1,0,0,0,1,1,1,1,0,1,0,1,0,1,0,0,0,1,0,0,0,1,1,0,0,1,1,0,0,0,1 : 13.0004
0,0,0,1,0,0,1,0,1,0,1,0,1,1,1,0,0,1,1,1,0,0,0,1,0,0,1,0,0,1,0,0,0,1,0,0,0,1,1 : 13.0004
0,0,1,0,0,0,1,0,1,0,0,0,1,1,1,1,0,1,0,1,0,1,0,0,0,1,0,0,0,1,1,0,0,1,1,0,0,0,1 : 13.0004
0,1,0,0,0,0,0,1,1,1,0,0,1,1,1,1,1,1,1,1,0,0,0,0,0,1,0,0,1,1,1,0,1,0,0,0,1,1,1 : 13.0004
0,0,1,0,1,0,0,0,1,0,0,1,1,0,1,0,0,0,0,1,1,0,0,1,0,1,0,1,0,1,0,1,0,1,0,1,1,0,0 : 13.0344
0,0,1,0,1,0,0,0,1,0,0,1,1,0,1,0,0,0,0,1,1,0,0,1,0,1,0,1,0,1,0,1,0,1,0,1,1,0,0 : 13.0344
1,0,0,1,0,0,0,1,1,0,1,0,0,1,1,1,1,1,1,1,1,0,0,1,0,1,0,0,0,0,1,0,1,1,1,0,1,0,0 : 13.0451
1,0,0,1,0,0,0,1,1,0,1,0,0,1,1,1,1,1,1,1,1,0,0,1,0,1,0,0,0,0,1,0,1,1,1,0,1,0,0 : 13.0451
0,0,0,1,1,0,0,0,1,0,0,0,0,0,1,0,0,1,1,1,1,1,0,0,0,0,1,0,0,0,1,0,1,1,0,1,1,1,1 : 13.0451
1,0,0,1,0,0,0,1,1,0,1,0,0,1,1,1,1,1,1,1,1,0,0,1,0,1,0,0,0,0,1,0,1,1,1,0,1,0,0 : 13.0451
1,0,0,1,0,0,0,1,1,0,1,0,0,1,1,1,1,1,1,1,1,0,0,1,0,1,0,0,0,0,1,0,1,1,1,0,1,0,0 : 13.0451
0,0,0,1,1,0,0,0,1,0,0,0,0,0,1,0,0,1,1,1,1,1,0,0,0,0,1,0,0,0,1,0,1,1,0,1,1,1,1 : 13.0451
0,1,0,1,1,0,1,1,0,0,1,0,0,1,0,1,1,0,1,1,0,0,0,0,0,0,1,1,0,0,1,1,0,1,0,0,0,0,1 : 13.059
0,1,0,1,1,0,1,1,0,0,1,0,0,1,0,1,1,0,1,1,0,0,0,0,0,0,1,1,0,0,1,1,0,1,0,0,0,0,0 : 13.059
0,1,0,1,1,0,1,1,0,0,1,0,0,1,0,1,1,0,1,1,0,0,0,0,0,0,1,1,0,0,1,1,0,1,0,0,0,0,1 : 13.059
0,1,0,1,1,0,1,1,0,0,1,0,0,1,0,1,1,0,1,1,0,0,0,0,0,0,1,1,0,0,1,1,0,1,0,0,0,0,0 : 13.059
1,0,0,0,0,0,0,0,1,0,0,1,1,1,0,0,0,1,0,0,1,0,0,0,0,1,0,0,1,0,0,0,1,1,0,1,1,0,0 : 13.0606
1,0,0,0,0,0,0,0,1,0,0,1,1,1,0,0,0,1,0,0,1,0,0,0,0,1,0,0,1,0,0,0,1,1,0,1,1,0,0 : 13.0606
0,0,0,1,0,0,1,0,0,1,1,1,1,1,0,0,1,1,1,1,1,0,1,0,1,1,0,0,0,1,0,0,1,1,0,1,0,0,0 : 13.0713
0,0,0,1,0,0,0,0,0,1,1,1,1,1,0,0,1,1,1,1,1,1,1,0,1,0,1,0,0,1,0,0,1,1,0,1,0,0,0 : 13.0713
0,0,0,1,0,0,1,0,0,1,1,1,1,1,0,0,1,1,1,1,1,0,1,0,1,1,0,0,0,1,0,0,1,1,0,1,0,0,0 : 13.0713
0,0,0,1,0,0,0,0,0,1,1,1,1,1,0,0,1,1,1,1,1,1,1,0,1,0,1,0,0,1,0,0,1,1,0,1,0,0,0 : 13.0713
1,1,0,0,1,1,0,1,0,1,1,0,0,1,0,0,0,0,1,0,0,0,1,0,1,0,1,0,0,1,1,0,0,1,0,1,0,0,0 : 13.0854
0,0,0,0,0,1,0,1,0,0,0,0,1,1,0,0,1,0,0,0,0,0,1,0,0,1,1,1,0,1,0,1,1,0,0,1,0,1,1 : 13.0854
0,1,0,0,1,1,0,1,0,1,1,0,0,1,0,0,0,0,1,0,0,0,1,0,1,0,1,0,0,1,1,0,0,0,0,1,0,0,0 : 13.0854
1,1,0,0,1,1,0,1,0,1,1,0,0,1,0,0,0,0,1,0,0,0,1,0,1,0,1,0,0,1,1,0,0,1,0,1,0,0,0 : 13.0854
0,0,0,0,0,1,0,1,0,0,0,0,1,1,0,0,1,0,0,0,0,0,1,0,0,1,1,1,0,1,0,1,1,0,0,1,0,1,1 : 13.0854
0,1,0,0,1,1,0,1,0,1,1,0,0,1,0,0,0,0,1,0,0,0,1,0,1,0,1,0,0,1,1,0,0,0,0,1,0,0,0 : 13.0854
1,0,0,0,0,0,0,0,0,1,1,0,0,0,0,1,0,0,1,0,1,0,0,1,0,1,0,1,1,0,0,0,1,1,0,0,0,0,0 : 13.1168
1,0,0,0,0,0,0,0,0,1,1,0,0,0,1,1,0,0,1,0,1,0,0,1,0,1,0,1,1,0,0,0,1,1,0,0,0,0,0 : 13.1168
1,0,0,0,0,0,0,0,0,1,1,0,0,0,0,1,0,0,1,0,1,0,0,1,0,1,0,1,1,0,0,0,1,1,0,0,0,0,0 : 13.1168
1,0,0,0,0,0,0,0,0,1,1,0,0,0,1,1,0,0,1,0,1,0,0,1,0,1,0,1,1,0,0,0,1,1,0,0,0,0,0 : 13.1168
1,1,0,1,0,0,1,1,1,1,0,0,1,0,0,1,1,0,1,0,0,0,1,0,0,1,0,0,0,0,0,1,0,1,0,1,1,1,1 : 13.1294
1,1,0,1,1,0,0,1,1,1,0,1,0,0,1,1,1,0,1,0,0,0,0,1,1,0,1,1,0,0,1,1,1,0,0,1,0,1,0 : 13.1294
1,1,0,1,1,0,0,1,1,1,0,1,0,1,1,1,1,0,1,0,0,0,1,0,1,0,1,1,0,0,1,1,1,0,0,1,0,1,0 : 13.1294
1,1,0,1,1,0,1,0,1,1,1,0,1,1,1,1,0,0,0,0,1,1,0,1,0,1,1,1,0,1,0,0,1,0,0,1,1,1,0 : 13.1294
1,1,0,1,0,0,1,1,1,1,0,0,1,0,0,1,1,0,1,0,0,0,1,0,0,1,0,0,0,0,0,1,0,1,0,1,1,1,1 : 13.1294
1,1,0,1,1,0,0,1,1,1,0,1,0,0,1,1,1,0,1,0,0,0,0,1,1,0,1,1,0,0,1,1,1,0,0,1,0,1,0 : 13.1294
1,1,0,1,1,0,0,1,1,1,0,1,0,1,1,1,1,0,1,0,0,0,1,0,1,0,1,1,0,0,1,1,1,0,0,1,0,1,0 : 13.1294
1,1,0,1,1,0,1,0,1,1,1,0,1,1,1,1,0,0,0,0,1,1,0,1,0,1,1,1,0,1,0,0,1,0,0,1,1,1,0 : 13.1294
0,1,1,1,0,0,0,1,1,0,1,0,1,1,1,1,1,0,0,1,0,1,1,1,0,1,0,0,0,1,1,1,1,0,1,1,0,0,0 : 13.1305
0,1,1,1,0,0,0,1,1,0,1,0,1,1,1,1,1,0,0,1,0,1,1,1,0,1,0,0,0,1,1,1,1,0,1,1,0,0,0 : 13.1305
0,0,0,1,1,0,0,0,1,0,0,0,0,0,1,0,0,1,0,1,1,1,0,0,0,0,1,0,0,0,1,0,1,1,0,1,0,1,1 : 13.1433
0,0,0,1,1,0,0,0,1,0,0,0,0,0,1,0,0,1,0,1,1,1,0,0,0,0,1,0,0,0,1,0,1,1,0,1,0,1,1 : 13.1433
0,0,1,0,0,0,1,1,1,0,0,0,1,0,1,0,0,0,0,1,0,0,0,1,0,1,1,0,1,0,0,0,0,1,1,0,0,1,0 : 13.1655
0,0,1,0,0,0,1,1,1,0,0,0,1,0,1,0,0,0,0,1,0,0,0,1,0,1,1,0,1,0,0,0,0,1,1,0,0,1,0 : 13.1655
0,0,1,0,0,0,1,0,0,0,0,1,0,1,1,0,1,0,0,1,0,0,0,1,0,0,1,1,0,1,0,1,1,0,0,1,1,0,0 : 13.1815
0,0,1,0,0,0,1,0,0,0,0,1,0,1,1,0,1,0,0,1,0,0,0,1,0,0,1,1,0,1,0,1,1,0,0,1,1,0,0 : 13.1815
0,0,0,0,0,0,1,1,1,0,0,0,1,0,1,0,0,0,0,0,0,0,0,1,0,1,1,0,1,0,1,0,0,1,1,0,0,1,0 : 13.2316
0,0,0,0,0,0,1,1,1,0,0,0,1,0,1,0,0,0,0,0,0,0,0,1,0,1,1,0,1,0,1,0,0,1,1,0,0,1,0 : 13.2316
1,0,1,0,0,0,1,0,0,0,0,1,0,1,1,0,1,1,0,0,0,0,0,1,1,0,1,1,0,1,0,1,1,0,0,1,1,0,0 : 13.2412
1,0,1,0,0,0,1,0,0,0,0,1,0,1,1,0,1,1,0,0,0,0,0,1,1,0,1,1,0,1,0,1,1,0,0,1,1,0,0 : 13.2412
0,0,1,0,1,0,0,0,1,0,1,0,0,1,1,0,1,1,0,1,0,1,0,1,0,0,0,0,0,0,0,0,0,0,0,1,0,1,0 : 13.2594
0,0,1,0,1,0,0,0,1,0,1,0,0,1,1,0,1,1,0,1,0,1,0,1,0,0,0,0,0,0,0,0,0,0,0,1,0,1,0 : 13.2594
0,0,1,1,0,0,0,0,1,0,1,0,1,1,0,1,0,0,1,1,0,0,0,1,1,1,0,0,1,1,0,0,1,0,0,1,1,1,0 : 13.3506
0,0,1,1,0,0,0,0,1,0,1,0,1,1,0,1,0,0,1,1,0,0,0,1,1,1,0,0,1,1,0,0,1,0,0,1,1,1,0 : 13.3506
1,0,1,0,1,0,0,0,0,1,0,1,1,1,0,0,1,0,0,0,0,0,1,1,0,1,0,0,1,1,0,0,0,0,1,1,0,0,0 : 13.5423
1,0,1,0,1,0,0,0,0,1,0,1,1,1,0,0,1,0,0,0,0,0,1,1,0,1,0,0,1,1,0,0,0,0,1,1,0,0,0 : 13.5423
1,0,1,0,1,0,0,0,0,1,0,1,1,1,0,0,1,0,0,0,0,0,1,1,0,1,0,0,1,1,0,0,0,0,1,1,0,0,0 : 13.5423
1,0,1,0,1,0,0,0,0,1,0,1,1,1,0,0,1,0,0,0,0,0,1,1,0,1,0,0,1,1,0,0,0,0,1,1,0,0,0 : 13.5423
0,0,1,1,0,0,0,1,1,0,1,0,1,1,0,0,1,0,1,1,0,0,0,1,1,1,0,0,1,1,0,0,1,0,0,1,1,1,0 : 13.6045
0,0,1,1,0,0,0,1,1,0,1,0,1,1,0,0,1,0,1,1,0,0,0,1,1,1,0,0,1,1,0,0,1,0,0,1,1,1,0 : 13.6045
1,1,1,0,0,0,1,0,0,0,1,1,0,1,0,0,0,1,0,1,1,1,0,1,0,0,1,0,0,1,1,0,1,0,0,0,0,0,0 : 13.6112
1,1,1,0,0,0,1,0,0,0,1,1,0,1,0,0,0,1,0,1,1,1,0,1,0,0,1,0,0,1,1,0,1,0,0,0,0,0,0 : 13.6112
1,0,0,1,0,0,1,1,0,0,1,1,0,1,1,0,1,0,0,0,0,0,1,0,0,0,1,0,0,1,1,0,0,1,0,1,1,1,0 : 13.6366
1,0,0,1,0,0,1,1,0,0,1,1,0,1,1,0,1,0,0,0,0,0,1,0,0,0,1,0,0,1,1,0,0,1,0,1,1,1,0 : 13.6366
1,0,0,1,0,0,0,0,0,0,0,1,0,1,0,0,1,0,1,0,1,1,1,1,1,0,1,0,0,0,1,0,0,0,0,1,0,0,1 : 13.6437
1,0,0,1,0,0,0,0,0,0,0,1,0,1,0,0,1,0,1,0,1,1,1,1,1,0,1,0,0,0,1,0,0,0,0,1,0,0,1 : 13.6437
1,0,0,1,0,0,0,0,0,0,0,1,0,1,0,0,1,0,1,0,1,1,1,1,1,0,1,0,0,0,1,0,0,0,0,1,0,0,1 : 13.6437
1,0,0,1,0,0,0,0,0,0,0,1,0,1,0,0,1,0,1,0,1,1,1,1,1,0,1,0,0,0,1,0,0,0,0,1,0,0,1 : 13.6437
1,0,0,0,0,0,0,0,1,1,0,0,1,1,0,0,0,1,0,0,1,0,0,0,0,1,0,0,1,0,0,0,1,1,0,1,1,1,0 : 13.731
1,0,0,0,0,0,0,0,1,1,0,0,1,1,0,0,0,1,0,0,1,0,0,0,0,1,0,0,1,0,0,0,1,1,0,1,1,1,0 : 13.731
1,0,0,1,0,0,1,1,1,0,1,1,0,1,1,0,1,1,0,0,0,0,1,1,0,0,1,0,0,1,1,0,0,1,0,1,1,1,0 : 13.8373
1,0,0,1,0,0,1,1,1,0,1,1,0,1,1,0,1,1,0,0,0,0,1,1,0,0,1,0,0,1,1,0,0,1,0,1,1,1,0 : 13.8373
0,0,0,0,1,0,1,0,1,0,1,0,0,0,1,1,0,1,0,0,1,0,1,0,0,0,0,1,1,0,0,0,0,0,0,0,0,0,0 : 14.0434
0,0,0,0,1,0,1,0,1,0,1,0,0,0,1,1,0,1,0,0,1,0,1,0,0,0,0,1,1,0,0,0,0,0,0,0,0,0,0 : 14.0434
0,0,0,0,1,0,1,0,1,0,1,0,0,0,1,1,0,1,0,0,1,0,1,0,0,0,0,1,1,0,0,0,0,0,0,0,0,0,0 : 14.0434
0,0,0,0,1,0,1,0,1,0,1,0,0,0,1,1,0,1,0,0,1,0,1,0,0,0,0,1,1,0,0,0,0,0,0,0,0,0,0 : 14.0434
1,0,0,1,1,1,1,0,1,0,1,0,1,0,0,0,1,0,0,1,0,1,0,1,0,1,1,0,0,0,1,0,1,1,0,1,1,1,1 : 14.3553
1,0,0,1,0,1,1,0,1,0,1,0,1,1,0,0,1,0,0,0,0,0,1,1,0,0,1,0,0,1,1,0,0,1,0,0,1,0,1 : 14.3553
1,0,0,1,1,1,1,0,1,0,1,0,1,0,1,1,1,0,0,1,0,1,0,1,0,1,1,1,0,0,1,0,1,1,0,1,1,1,1 : 14.3553
1,0,0,1,0,1,1,0,1,0,1,0,1,1,0,0,1,0,0,0,0,0,1,1,0,0,1,0,0,1,1,0,0,1,0,0,1,0,1 : 14.3553
1,0,0,1,1,1,1,0,1,0,1,0,1,0,0,0,1,0,0,1,0,1,0,1,0,1,1,0,0,0,1,0,1,1,0,1,1,1,1 : 14.3553
1,0,0,1,0,1,1,0,1,0,1,0,1,1,0,0,1,0,0,0,0,0,1,1,0,0,1,0,0,1,1,0,0,1,0,0,1,0,1 : 14.3553
1,0,0,1,1,1,1,0,1,0,1,0,1,0,1,1,1,0,0,1,0,1,0,1,0,1,1,1,0,0,1,0,1,1,0,1,1,1,1 : 14.3553
1,0,0,1,0,1,1,0,1,0,1,0,1,1,0,0,1,0,0,0,0,0,1,1,0,0,1,0,0,1,1,0,0,1,0,0,1,0,1 : 14.3553
1,1,0,1,0,0,1,0,1,0,1,1,0,1,1,1,0,0,0,1,1,1,1,1,0,0,0,0,0,1,0,1,0,1,1,1,0,0,0 : 15.1972
1,1,0,1,0,0,1,0,1,0,1,1,0,1,1,1,0,0,0,1,1,1,1,1,0,0,0,0,0,1,0,1,0,1,1,1,0,0,0 : 15.1972
1,1,0,0,0,0,1,0,0,1,1,1,0,1,0,1,1,0,0,1,0,1,1,1,0,0,0,0,0,0,0,1,1,0,0,1,1,0,1 : 15.2146
1,1,0,0,0,0,1,0,0,1,1,1,0,1,0,1,1,0,0,1,0,1,1,1,0,0,0,0,0,0,0,1,1,0,0,1,1,0,1 : 15.2146
