1,0,0,0,1,0,0,1,1,1,0 : 199.6833
1,0,0,0,1,0,0,1,1,1,0 : 199.6833
1,0,0,0,1,0,0,1,1,1,0 : 199.6833
1,0,0,0,0,1,1,0,1,0,1 : 215.19
1,0,0,0,1,0,0,1,1,0,0 : 199.9533
1,0,0,0,0,0,0,1,0,0,0 : 199.9533
1,0,0,0,1,1,0,0,1,1,0 : 200.38
1,0,0,0,1,0,0,0,1,0,0 : 201.5466
1,0,0,1,1,1,0,0,1,0,0 : 210.5066
1,0,0,1,0,0,0,1,1,1,0 : 210.2366
1,0,1,0,1,0,1,0,1,1,0 : 219.3966
1,0,0,0,1,1,1,1,0,0,0 : 207.2333
1,0,0,0,1,0,0,0,1,0,0 : 201.5466
1,0,1,1,1,1,1,1,1,0,0 : 223.52
1,0,0,0,0,1,1,1,0,1,0 : 205.3633
1,0,0,0,1,0,0,1,0,1,0 : 199.6833
1,0,0,0,1,0,0,0,1,1,0 : 199.6833
1,0,0,0,1,0,0,0,0,1,0 : 199.6833
1,0,0,0,1,1,0,0,1,0,0 : 203.9333
1,0,0,0,1,1,0,0,1,1,0 : 200.38
1,0,0,0,1,0,0,1,0,1,0 : 199.6833
1,0,0,0,1,0,0,0,1,1,0 : 199.6833
1,0,0,0,1,0,0,1,0,1,0 : 199.6833
1,0,0,0,1,0,0,0,0,1,0 : 199.6833
1,0,0,0,0,0,1,0,0,1,0 : 200.66
1,0,0,0,1,0,0,1,0,1,0 : 199.6833
1,0,1,0,1,0,0,1,1,0,0 : 219.3966
1,0,0,0,1,0,0,1,0,1,0 : 199.6833
1,0,0,0,1,0,0,1,0,0,0 : 199.9533
1,0,0,0,0,0,0,0,1,0,0 : 201.1533
1,1,1,0,1,0,0,1,0,0,1 : 249.5766
1,0,0,0,1,0,1,1,0,1,0 : 202.68
1,1,0,0,1,0,1,0,0,1,0 : 227.1833
1,0,0,0,1,1,0,0,1,1,0 : 200.38
1,0,0,0,1,0,0,1,0,1,0 : 199.6833
1,0,0,0,1,0,0,1,1,0,0 : 199.9533
1,0,0,0,1,1,0,1,1,1,0 : 201.9733
1,0,0,0,1,0,0,1,1,0,0 : 199.9533
1,0,1,0,0,0,1,0,0,1,0 : 218.89
1,0,0,0,1,0,0,1,0,0,0 : 199.9533
1,0,1,0,0,0,0,1,0,0,0 : 221.7833
1,0,0,0,0,0,0,0,0,1,0 : 199.6833
1,0,0,0,1,0,0,0,0,1,0 : 199.6833
1,0,0,0,1,1,1,1,0,1,0 : 202.68
1,0,0,0,1,1,1,0,0,1,1 : 214.8866
1,0,0,0,1,0,0,1,0,1,0 : 199.6833
1,0,0,1,1,1,0,0,0,1,0 : 210.5066
1,0,0,0,1,1,0,1,1,1,0 : 201.9733
1,0,0,0,1,1,1,1,0,1,0 : 202.68
1,0,0,0,1,0,0,0,0,1,0 : 199.6833
1,0,0,0,1,0,0,1,0,1,0 : 199.6833
1,0,0,0,0,0,0,0,0,1,0 : 199.6833
1,0,0,0,1,1,0,1,0,1,0 : 201.9733
1,0,0,0,1,0,0,1,0,1,0 : 199.6833
1,0,0,0,1,0,0,1,0,1,0 : 199.6833
1,0,0,0,1,1,0,0,1,1,0 : 200.38
1,0,0,0,0,0,0,0,1,0,0 : 201.1533
1,0,0,0,0,0,0,1,1,1,0 : 199.6833
1,0,0,0,0,0,0,0,0,0,0 : 201.1533
1,0,0,0,0,0,1,1,0,1,0 : 200.66
1,0,0,0,1,0,1,0,0,0,0 : 207.2333
1,0,0,1,1,1,1,1,1,1,0 : 214.48
1,0,0,1,0,0,0,1,1,0,0 : 208.37
1,0,0,0,0,0,0,0,0,1,0 : 199.6833
1,0,0,0,1,0,0,1,1,0,0 : 199.9533
1,0,0,0,0,0,0,1,0,1,0 : 199.6833
1,0,0,0,1,0,0,1,1,1,0 : 199.6833
1,0,0,0,1,0,0,1,1,1,0 : 199.6833
1,0,0,0,1,1,1,1,0,1,0 : 202.68
1,0,0,0,0,0,0,0,1,1,0 : 199.6833
1,0,0,0,1,0,0,1,1,0,0 : 199.9533
1,0,0,1,1,0,0,1,0,1,0 : 209.84
1,0,0,0,0,0,1,1,0,1,0 : 200.66
1,0,0,0,1,0,0,0,1,1,0 : 199.6833
1,0,0,0,1,0,1,1,0,1,0 : 202.68
1,0,0,0,1,0,0,0,1,1,0 : 199.6833
1,0,0,0,0,0,0,1,1,1,0 : 199.6833
1,0,0,0,0,0,1,1,0,1,1 : 214.6533
1,0,0,0,0,1,0,0,0,1,0 : 200.38
1,0,0,0,0,0,0,1,0,1,0 : 199.6833
1,0,0,0,1,0,0,0,0,0,0 : 201.5466
1,0,0,0,0,1,0,1,0,1,0 : 201.9733
1,0,0,0,1,0,0,1,0,1,0 : 199.6833
1,0,0,0,1,1,0,1,0,1,0 : 201.9733
1,0,0,0,1,0,1,0,0,1,0 : 202.68
1,0,0,1,0,0,0,0,0,1,0 : 207.7466
1,0,0,0,1,1,0,0,1,1,0 : 200.38
1,0,0,0,1,0,0,0,1,1,0 : 199.6833
1,0,0,0,0,1,0,1,0,1,0 : 201.9733
1,0,0,0,0,0,0,0,1,1,0 : 199.6833
1,0,0,0,1,0,0,1,1,1,0 : 199.6833
1,0,0,0,1,1,0,0,1,1,0 : 200.38
1,0,0,0,1,1,0,0,1,1,0 : 200.38
1,0,0,0,1,1,0,1,1,1,0 : 201.9733
1,0,0,0,0,0,0,1,1,1,0 : 199.6833
1,0,0,0,1,0,1,0,1,1,0 : 202.68
1,0,0,0,0,1,0,1,1,1,0 : 201.9733
1,1,0,0,0,1,0,0,1,1,0 : 223.0133
1,0,0,1,1,0,1,1,1,0,0 : 216.9133
1,0,0,0,1,0,0,0,1,1,0 : 199.6833
