1,1,1,0,1,0,1,1,1,0,0,1,1,1,0,0 : 252.963
1,1,1,0,1,0,1,1,1,0,0,1,1,1,0,0 : 252.963
1,1,0,0,0,0,0,1,1,1,0,0,1,1,0,0 : 254.707
1,1,0,0,0,0,0,1,1,1,0,0,1,1,0,0 : 254.707
1,1,0,0,0,0,1,1,1,0,0,1,1,1,0,0 : 258.113
1,1,0,0,0,0,1,1,1,0,0,1,1,1,0,0 : 258.113
1,0,1,0,0,0,1,0,1,1,0,0,1,1,0,0 : 260.38
1,0,1,0,0,0,1,0,1,1,0,0,1,1,0,0 : 260.38
1,0,1,0,0,0,1,0,1,1,0,0,1,1,0,0 : 260.38
1,0,1,0,0,0,1,0,1,1,0,0,1,1,0,0 : 260.38
1,0,1,1,0,0,0,1,1,0,1,0,1,1,0,0 : 262.233
1,0,1,1,0,0,0,1,1,0,1,0,1,1,0,0 : 262.233
1,1,0,0,1,0,0,0,1,0,0,1,1,1,0,0 : 263.207
1,1,0,0,1,0,0,0,1,0,0,1,1,1,0,0 : 263.207
1,0,1,1,0,0,1,1,1,0,0,1,1,1,0,0 : 263.363
1,0,1,1,0,0,1,1,1,0,0,1,1,1,0,0 : 263.363
1,0,1,1,1,0,1,1,1,1,0,0,1,1,0,0 : 266.67
1,0,1,1,1,0,1,1,1,1,0,0,1,1,0,0 : 266.67
1,0,0,0,0,0,1,1,1,0,1,0,1,1,0,0 : 271.337
1,0,0,0,0,0,1,1,1,0,1,0,1,1,0,0 : 271.337
1,0,0,0,1,0,1,1,1,0,0,1,1,1,0,0 : 279.097
1,0,0,0,1,0,1,0,1,0,0,1,1,1,0,0 : 279.097
1,0,0,0,1,0,1,1,1,0,0,1,1,1,0,0 : 279.097
1,0,0,0,1,0,1,0,1,0,0,1,1,1,0,0 : 279.097
1,1,1,0,1,1,0,1,1,1,0,0,1,1,0,0 : 279.15
1,1,1,0,1,1,1,0,1,0,0,1,1,1,0,0 : 279.15
1,1,1,0,1,1,0,1,1,1,0,0,1,1,0,0 : 279.15
1,1,1,0,1,1,1,0,1,0,0,1,1,1,0,0 : 279.15
1,1,0,0,0,1,1,0,1,0,1,0,1,1,0,0 : 287.05
1,1,0,0,0,1,1,0,1,0,1,0,1,1,0,0 : 287.05
1,1,0,0,1,1,1,0,1,0,0,1,1,1,0,0 : 291.62
1,1,0,0,1,1,1,0,1,0,0,1,1,1,0,0 : 291.62
1,0,1,1,1,1,0,1,1,1,0,0,1,1,0,0 : 299.85
1,0,1,1,1,1,0,1,1,1,0,0,1,1,0,0 : 299.85
1,0,0,1,0,1,1,1,1,0,1,0,1,1,0,0 : 310.283
1,0,0,1,0,1,1,1,1,0,1,0,1,1,0,0 : 310.283
1,0,0,0,1,1,0,0,1,0,1,0,1,1,0,0 : 310.317
1,0,0,0,1,1,0,0,1,0,1,0,1,1,0,0 : 310.317
1,0,0,0,0,1,1,1,1,0,0,1,1,1,0,0 : 310.673
1,0,0,0,0,1,1,1,1,0,0,1,1,1,0,0 : 310.673
1,1,1,1,0,0,1,1,1,1,0,0,1,0,1,0 : 361.7029
1,1,1,1,0,0,1,1,1,1,0,0,1,0,1,0 : 361.7029
1,0,1,0,0,0,1,1,1,1,0,0,1,0,1,0 : 380.18
1,0,1,0,0,0,1,1,1,1,0,0,1,0,1,0 : 380.18
1,0,1,0,0,0,1,0,1,0,1,0,1,0,1,0 : 382.01
1,0,1,0,0,0,1,0,1,0,1,0,1,0,1,0 : 382.01
1,0,1,1,0,1,1,0,1,1,0,0,1,0,1,0 : 432.757
1,0,1,1,0,1,1,0,1,1,0,0,1,0,1,0 : 432.757
1,1,0,1,1,1,1,1,1,0,0,1,1,0,1,0 : 433.913
1,1,0,1,1,1,1,1,1,0,0,1,1,0,1,0 : 433.913
1,1,1,0,0,0,0,1,1,0,1,0,1,0,1,0 : 439.02
1,1,0,1,0,0,0,1,1,0,0,1,1,0,1,0 : 439.02
1,1,1,0,0,0,0,1,1,0,1,0,1,0,1,0 : 439.02
1,1,0,1,0,0,0,1,1,0,0,1,1,0,1,0 : 439.02
1,1,0,1,1,0,1,0,1,0,1,0,1,0,1,0 : 456.363
1,1,0,0,1,1,1,1,1,1,0,0,1,0,1,0 : 456.363
1,1,1,0,1,0,1,1,1,0,1,0,1,0,1,0 : 456.363
1,1,0,1,1,0,1,0,1,0,1,0,1,0,1,0 : 456.363
1,1,0,0,1,1,1,1,1,1,0,0,1,0,1,0 : 456.363
1,1,1,0,1,0,1,1,1,0,1,0,1,0,1,0 : 456.363
1,0,1,0,1,1,1,0,1,0,1,0,1,0,1,0 : 482.04
1,0,1,0,1,1,1,0,1,0,1,0,1,0,1,0 : 482.04
1,1,0,0,0,1,1,0,1,1,0,0,1,0,0,1 : 490.473
1,0,1,1,0,1,1,0,1,0,1,0,1,0,0,1 : 490.473
1,1,0,0,0,1,1,0,1,1,0,0,1,0,0,1 : 490.473
1,0,1,1,0,1,1,0,1,0,1,0,1,0,0,1 : 490.473
1,1,1,1,1,0,0,0,1,1,0,0,1,0,1,0 : 491.687
1,1,1,1,1,0,0,0,1,1,0,0,1,0,1,0 : 491.687
1,1,0,1,1,0,0,0,1,0,1,0,1,0,1,0 : 493.893
1,1,0,1,1,0,0,0,1,0,1,0,1,0,1,0 : 493.893
1,0,1,0,1,0,0,0,1,1,0,0,1,0,1,0 : 508.983
1,0,1,0,1,0,0,0,1,1,0,0,1,0,1,0 : 508.983
1,0,0,0,0,1,1,1,1,0,1,0,1,0,0,1 : 510.857
1,0,0,0,0,1,1,1,1,0,1,0,1,0,0,1 : 510.857
1,1,1,1,0,1,0,1,1,0,1,0,1,0,1,0 : 536.8769
1,1,1,1,0,1,0,1,1,0,1,0,1,0,1,0 : 536.8769
1,1,1,1,1,1,0,1,1,1,0,0,1,0,1,0 : 536.95
1,1,1,1,1,1,0,1,1,1,0,0,1,0,1,0 : 536.95
1,0,1,0,0,0,1,0,1,0,0,1,1,0,0,1 : 555.633
1,0,1,0,0,0,1,0,1,0,0,1,1,0,0,1 : 555.633
1,1,0,0,0,1,1,1,1,0,0,1,1,0,0,1 : 576.247
1,1,0,0,0,1,1,1,1,0,0,1,1,0,0,1 : 576.247
1,0,1,0,0,0,0,0,1,1,0,0,1,0,0,1 : 604.8869
1,0,1,0,0,0,0,0,1,1,0,0,1,0,0,1 : 604.8869
1,0,0,1,0,0,0,0,1,0,1,0,1,0,0,1 : 607.927
1,1,1,1,0,0,0,0,1,1,0,0,1,0,0,1 : 607.927
1,0,0,1,0,0,0,0,1,0,1,0,1,0,0,1 : 607.927
1,1,1,1,0,0,0,0,1,1,0,0,1,0,0,1 : 607.927
1,1,0,1,1,0,1,1,1,0,1,0,1,0,0,1 : 610.957
1,1,1,0,1,0,1,1,1,0,1,0,1,0,0,1 : 610.957
1,1,1,0,1,0,1,1,1,0,1,0,1,0,0,1 : 610.957
1,1,0,1,1,0,1,1,1,0,1,0,1,0,0,1 : 610.957
1,1,1,0,1,0,1,1,1,0,1,0,1,0,0,1 : 610.957
1,1,1,0,1,0,1,1,1,0,1,0,1,0,0,1 : 610.957
1,0,1,1,1,0,1,0,1,1,0,0,1,0,0,1 : 625.71
1,0,1,1,1,0,1,0,1,1,0,0,1,0,0,1 : 625.71
1,0,0,0,1,0,1,1,1,0,1,0,1,0,0,1 : 631.053
1,0,0,0,1,0,1,1,1,0,1,0,1,0,0,1 : 631.053
1,1,1,0,1,1,1,1,1,0,0,1,1,0,0,1 : 644.357
1,1,1,1,1,1,1,1,1,0,0,1,1,0,0,1 : 644.357
