0,1,0,1,0,0,0,1,0,0,0,0,0,1,1,0,1,1,1,1,1,0,1,1,0,0,1,0,0,1,1,1,1,0,0,1,1,0,1 : 12.6877
0,1,0,1,1,1,1,0,0,0,1,1,0,0,0,0,1,1,0,1,1,0,0,1,0,1,0,0,1,1,0,0,1,0,0,1,0,0,1 : 12.6877
0,1,0,1,0,0,0,1,0,0,0,0,0,1,1,0,1,1,1,1,1,0,1,1,0,0,1,0,0,1,1,1,1,0,0,1,1,0,1 : 12.6877
0,1,0,1,1,1,1,0,0,0,1,1,0,0,0,0,1,1,0,1,1,0,0,1,0,1,0,0,1,1,0,0,1,0,0,1,0,0,1 : 12.6877
1,0,0,0,1,0,0,1,1,1,0,0,0,1,0,0,1,0,0,0,0,1,1,1,0,1,0,0,0,1,0,0,1,0,0,1,1,1,1 : 13.0344
1,0,0,0,1,0,0,1,1,1,0,1,0,1,0,0,1,0,0,0,0,0,1,1,0,0,0,0,0,1,1,0,1,1,0,1,1,1,1 : 13.0344
1,0,0,0,1,0,0,1,1,1,0,1,0,1,0,0,1,0,0,0,0,1,1,1,0,1,0,0,0,1,0,0,1,0,0,1,1,1,1 : 13.0344
0,1,0,1,1,0,0,0,1,1,1,0,1,1,1,0,1,0,0,1,1,1,0,1,0,1,0,1,0,1,0,0,0,0,0,0,0,1,1 : 13.0344
1,0,0,0,1,0,0,1,1,1,0,0,0,1,0,0,1,0,0,0,0,1,1,1,0,1,0,0,0,1,0,0,1,0,0,1,1,1,1 : 13.0344
1,0,0,0,1,0,0,1,1,1,0,1,0,1,0,0,1,0,0,0,0,0,1,1,0,0,0,0,0,1,1,0,1,1,0,1,1,1,1 : 13.0344
1,0,0,0,1,0,0,1,1,1,0,1,0,1,0,0,1,0,0,0,0,1,1,1,0,1,0,0,0,1,0,0,1,0,0,1,1,1,1 : 13.0344
0,1,0,1,1,0,0,0,1,1,1,0,1,1,1,0,1,0,0,1,1,1,0,1,0,1,0,1,0,1,0,0,0,0,0,0,0,1,1 : 13.0344
0,1,0,1,1,0,0,1,1,1,0,0,1,0,1,1,0,1,0,1,0,1,0,0,1,0,1,0,1,1,1,1,0,1,1,0,1,0,0 : 13.1354
1,1,0,0,0,1,0,1,0,0,1,1,0,1,1,0,0,1,0,1,1,1,0,0,1,0,1,0,1,1,1,0,0,0,0,0,0,0,0 : 13.1354
1,1,0,0,0,1,0,0,1,1,1,1,0,1,0,0,0,1,1,0,0,1,1,1,0,0,0,0,1,0,1,0,1,0,1,0,0,0,1 : 13.1354
1,1,0,0,0,1,0,1,0,0,0,1,0,1,1,0,0,1,0,1,1,1,0,0,1,0,1,0,1,0,1,0,0,0,0,0,0,0,0 : 13.1354
1,1,0,1,1,1,0,0,1,0,0,1,1,1,1,1,0,1,0,1,0,1,1,0,0,0,0,0,1,1,1,1,1,0,0,1,1,0,0 : 13.1354
1,1,0,0,0,1,0,1,0,0,0,1,0,0,1,0,0,1,0,1,1,1,0,0,1,0,1,0,1,0,1,0,0,0,0,0,0,0,0 : 13.1354
1,1,0,0,0,1,0,0,1,1,1,1,0,1,0,0,0,1,1,0,0,1,1,1,0,0,0,0,1,1,1,0,1,0,1,0,0,0,1 : 13.1354
1,1,1,0,0,1,0,1,0,0,0,1,1,1,1,0,0,1,0,1,1,1,0,0,1,0,1,0,1,0,1,0,0,0,0,0,0,0,0 : 13.1354
1,1,0,1,1,1,0,0,1,0,0,1,0,1,1,0,0,1,1,1,0,1,1,0,0,0,0,0,1,1,1,1,1,0,0,1,1,0,0 : 13.1354
0,1,0,1,1,0,0,1,1,1,0,0,1,0,1,1,0,1,0,1,0,1,0,0,1,0,1,0,1,1,1,1,0,1,1,0,1,0,0 : 13.1354
1,1,0,0,0,1,0,1,0,0,1,1,0,1,1,0,0,1,0,1,1,1,0,0,1,0,1,0,1,1,1,0,0,0,0,0,0,0,0 : 13.1354
1,1,0,0,0,1,0,0,1,1,1,1,0,1,0,0,0,1,1,0,0,1,1,1,0,0,0,0,1,0,1,0,1,0,1,0,0,0,1 : 13.1354
1,1,0,0,0,1,0,1,0,0,0,1,0,1,1,0,0,1,0,1,1,1,0,0,1,0,1,0,1,0,1,0,0,0,0,0,0,0,0 : 13.1354
1,1,0,1,1,1,0,0,1,0,0,1,1,1,1,1,0,1,0,1,0,1,1,0,0,0,0,0,1,1,1,1,1,0,0,1,1,0,0 : 13.1354
1,1,0,0,0,1,0,1,0,0,0,1,0,0,1,0,0,1,0,1,1,1,0,0,1,0,1,0,1,0,1,0,0,0,0,0,0,0,0 : 13.1354
1,1,0,0,0,1,0,0,1,1,1,1,0,1,0,0,0,1,1,0,0,1,1,1,0,0,0,0,1,1,1,0,1,0,1,0,0,0,1 : 13.1354
1,1,1,0,0,1,0,1,0,0,0,1,1,1,1,0,0,1,0,1,1,1,0,0,1,0,1,0,1,0,1,0,0,0,0,0,0,0,0 : 13.1354
1,1,0,1,1,1,0,0,1,0,0,1,0,1,1,0,0,1,1,1,0,1,1,0,0,0,0,0,1,1,1,1,1,0,0,1,1,0,0 : 13.1354
0,0,0,1,0,0,1,1,0,0,1,0,1,0,1,1,1,0,0,1,1,0,1,0,0,1,1,0,1,1,0,0,1,0,0,1,1,1,1 : 13.1655
0,0,0,1,0,0,1,1,0,0,1,0,1,0,1,1,1,0,0,1,1,0,1,0,0,1,1,0,1,0,0,0,1,0,0,1,1,0,1 : 13.1655
0,0,0,1,0,0,1,1,0,0,1,0,1,0,1,1,1,0,0,1,1,0,1,0,0,1,1,0,1,0,0,0,1,0,0,1,1,1,1 : 13.1655
0,0,0,1,0,0,1,1,0,0,1,0,1,0,1,1,1,0,0,1,1,0,1,0,0,1,1,0,1,1,0,0,1,0,0,1,1,1,1 : 13.1655
0,0,0,1,0,0,1,1,0,0,1,0,1,0,1,1,1,0,0,1,1,0,1,0,0,1,1,0,1,0,0,0,1,0,0,1,1,0,1 : 13.1655
0,0,0,1,0,0,1,1,0,0,1,0,1,0,1,1,1,0,0,1,1,0,1,0,0,1,1,0,1,0,0,0,1,0,0,1,1,1,1 : 13.1655
1,0,0,1,1,1,0,1,0,1,0,0,1,0,1,0,1,0,1,1,1,1,1,1,0,0,0,0,1,0,1,0,0,0,0,0,1,0,1 : 13.1747
1,0,0,1,1,1,0,1,0,1,0,0,1,0,1,0,1,0,0,1,1,1,1,1,0,0,0,0,1,0,1,0,0,0,0,0,1,0,1 : 13.1747
1,0,0,1,1,1,0,1,0,1,0,0,1,0,1,0,1,0,1,1,1,1,1,1,0,0,0,0,1,0,1,0,0,0,0,0,1,0,1 : 13.1747
1,0,0,1,1,1,0,1,0,1,0,0,1,0,1,0,1,0,0,1,1,1,1,1,0,0,0,0,1,0,1,0,0,0,0,0,1,0,1 : 13.1747
1,1,0,0,0,0,0,0,1,0,1,0,0,0,1,0,1,1,0,1,1,1,1,1,0,1,0,1,1,0,0,0,0,1,0,1,1,0,0 : 13.1776
1,1,0,0,0,0,0,0,1,0,1,0,0,0,1,0,1,1,0,1,1,1,1,1,0,1,0,1,1,0,0,0,0,1,0,1,1,0,0 : 13.1776
0,0,0,0,1,0,0,1,1,0,0,1,0,0,0,0,1,1,1,1,1,0,0,0,0,0,1,1,0,0,1,0,1,1,0,0,0,1,1 : 13.1808
0,0,0,1,0,1,0,1,0,0,1,0,1,0,0,0,1,1,0,1,1,0,0,0,0,0,1,0,0,0,1,0,0,1,0,1,0,1,1 : 13.1808
0,0,0,0,1,0,0,0,1,0,1,0,0,0,0,0,1,1,0,1,1,0,1,1,0,1,0,0,0,0,1,0,0,1,0,0,1,0,1 : 13.1808
0,0,0,0,1,0,0,1,1,0,0,0,0,0,0,0,1,1,1,1,1,0,0,0,0,0,0,0,0,0,1,0,1,1,0,0,0,1,1 : 13.1808
0,0,0,0,1,0,0,1,1,0,0,1,0,0,0,0,1,1,1,1,1,0,0,0,1,0,1,1,0,0,1,0,1,1,0,0,0,1,1 : 13.1808
0,0,0,1,0,1,0,1,0,0,1,0,1,0,0,0,1,1,0,1,1,0,0,0,0,0,1,0,0,0,1,1,0,1,0,1,0,1,1 : 13.1808
0,0,0,0,1,0,0,1,1,0,0,1,1,0,0,0,1,1,1,1,1,0,0,1,0,0,1,1,0,0,1,0,1,1,0,0,0,1,1 : 13.1808
1,0,0,0,0,0,1,0,0,1,1,1,0,0,0,1,1,1,0,1,1,0,0,0,0,0,1,1,0,0,1,0,1,0,1,1,0,0,0 : 13.1808
0,0,0,0,1,0,0,1,1,0,0,1,0,0,0,0,1,1,1,1,1,0,0,0,0,0,1,1,0,0,1,0,1,1,0,0,0,1,1 : 13.1808
0,0,0,1,0,1,0,1,0,0,1,0,1,0,0,0,1,1,0,1,1,0,0,0,0,0,1,0,0,0,1,0,0,1,0,1,0,1,1 : 13.1808
0,0,0,0,1,0,0,0,1,0,1,0,0,0,0,0,1,1,0,1,1,0,1,1,0,1,0,0,0,0,1,0,0,1,0,0,1,0,1 : 13.1808
0,0,0,0,1,0,0,1,1,0,0,0,0,0,0,0,1,1,1,1,1,0,0,0,0,0,0,0,0,0,1,0,1,1,0,0,0,1,1 : 13.1808
0,0,0,0,1,0,0,1,1,0,0,1,0,0,0,0,1,1,1,1,1,0,0,0,1,0,1,1,0,0,1,0,1,1,0,0,0,1,1 : 13.1808
0,0,0,1,0,1,0,1,0,0,1,0,1,0,0,0,1,1,0,1,1,0,0,0,0,0,1,0,0,0,1,1,0,1,0,1,0,1,1 : 13.1808
0,0,0,0,1,0,0,1,1,0,0,1,1,0,0,0,1,1,1,1,1,0,0,1,0,0,1,1,0,0,1,0,1,1,0,0,0,1,1 : 13.1808
1,0,0,0,0,0,1,0,0,1,1,1,0,0,0,1,1,1,0,1,1,0,0,0,0,0,1,1,0,0,1,0,1,0,1,1,0,0,0 : 13.1808
0,0,0,1,0,0,0,0,0,0,0,1,0,0,0,0,1,0,1,1,0,1,0,0,0,0,1,0,1,0,1,0,0,0,0,0,0,1,0 : 13.2096
0,0,1,1,0,0,0,0,0,0,0,1,0,0,0,0,1,0,1,1,0,1,0,0,0,0,1,0,1,0,1,0,0,0,0,0,0,1,0 : 13.2096
0,0,0,1,0,0,0,0,0,0,0,1,0,0,0,0,1,0,1,1,0,1,0,0,0,0,1,0,1,0,1,0,0,0,0,0,0,1,0 : 13.2096
0,0,1,1,0,0,0,0,0,0,0,1,0,0,0,0,1,0,1,1,0,1,0,0,0,0,1,0,1,0,1,0,0,0,0,0,0,1,0 : 13.2096
0,1,0,1,1,0,1,0,0,1,1,1,1,0,1,0,1,1,0,0,1,0,0,0,1,1,0,0,0,1,1,0,0,1,0,0,1,1,0 : 13.2484
0,1,0,1,1,0,1,0,0,1,1,1,1,0,1,0,1,1,0,0,1,0,0,0,1,1,0,0,0,1,1,0,0,1,0,0,1,1,1 : 13.2484
0,1,0,1,1,0,1,0,0,1,1,1,1,0,1,0,1,1,0,0,1,0,0,0,1,1,0,0,0,0,1,0,0,1,0,0,1,1,0 : 13.2484
0,1,0,1,1,0,1,0,0,1,1,1,1,0,1,0,1,1,0,0,1,0,0,0,1,1,0,0,0,1,1,0,0,1,0,0,1,1,1 : 13.2484
0,1,0,1,1,0,1,0,0,1,1,1,1,0,1,0,1,1,0,0,1,0,0,0,1,1,0,0,0,1,1,0,0,1,0,0,1,1,0 : 13.2484
0,1,0,1,1,0,1,0,0,1,1,1,1,0,1,0,1,1,0,0,1,0,0,0,1,1,0,0,0,1,1,0,0,1,0,0,1,1,1 : 13.2484
0,1,0,1,1,0,1,0,0,1,1,1,1,0,1,0,1,1,0,0,1,0,0,0,1,1,0,0,0,0,1,0,0,1,0,0,1,1,0 : 13.2484
0,1,0,1,1,0,1,0,0,1,1,1,1,0,1,0,1,1,0,0,1,0,0,0,1,1,0,0,0,1,1,0,0,1,0,0,1,1,1 : 13.2484
0,0,0,0,1,0,1,0,0,1,1,0,1,0,1,0,1,0,0,0,1,0,0,0,1,0,1,1,0,0,1,1,1,0,0,0,1,1,0 : 13.2813
0,0,0,0,1,0,1,0,0,1,1,0,1,0,1,0,1,0,0,0,1,0,0,0,1,0,1,1,0,0,1,1,1,0,0,0,1,1,0 : 13.2813
0,1,0,1,1,1,1,0,0,0,1,1,1,0,0,0,1,1,0,1,1,1,0,1,0,1,0,0,1,1,0,1,1,0,0,1,0,0,1 : 13.3449
0,1,0,1,1,1,1,0,0,0,1,1,1,0,0,0,1,1,0,1,1,0,0,1,0,1,0,0,1,1,0,0,1,0,0,1,0,0,1 : 13.3449
0,1,0,1,1,1,1,0,0,0,1,1,1,0,0,0,1,1,0,1,1,1,0,1,0,1,0,0,1,1,0,1,1,0,0,1,0,0,1 : 13.3449
0,1,0,1,1,1,1,0,0,0,1,1,1,0,0,0,1,1,0,1,1,0,0,1,0,1,0,0,1,1,0,0,1,0,0,1,0,0,1 : 13.3449
0,1,0,0,0,0,0,1,0,0,1,0,0,1,1,0,1,1,1,1,1,0,1,1,0,0,1,0,0,1,1,1,1,0,0,1,1,0,1 : 13.3568
1,1,0,0,0,0,0,1,0,0,1,0,0,1,1,0,1,1,1,1,1,0,1,1,0,0,1,0,0,1,1,1,1,0,0,1,1,0,1 : 13.3568
0,1,0,0,0,0,0,1,0,0,1,0,0,1,1,0,1,1,1,1,1,0,1,1,0,0,1,0,0,1,1,1,1,0,0,1,1,0,1 : 13.3568
1,1,0,0,0,0,0,1,0,0,1,0,0,1,1,0,1,1,1,1,1,0,1,1,0,0,1,0,0,1,1,1,1,0,0,1,1,0,1 : 13.3568
0,1,0,1,1,0,0,0,1,1,1,1,1,1,1,0,1,1,1,1,1,1,0,1,0,1,0,1,0,1,0,0,0,0,0,0,0,1,1 : 13.4226
0,1,0,1,1,0,0,0,1,1,1,1,1,1,1,0,1,1,1,1,1,1,0,1,0,1,0,1,0,1,0,0,0,0,0,0,1,1,1 : 13.4226
0,1,0,1,1,0,0,0,1,1,1,1,1,1,1,0,1,1,1,1,1,1,0,1,0,1,0,1,0,1,0,0,0,0,0,0,0,1,1 : 13.4226
0,1,0,1,1,0,0,0,1,1,1,1,1,1,1,0,1,1,1,1,1,1,0,1,0,1,0,1,0,1,0,0,0,0,0,0,1,1,1 : 13.4226
1,1,0,0,0,1,1,1,1,0,1,0,0,0,1,1,1,0,1,0,1,0,0,1,0,0,1,0,1,1,0,0,1,0,1,0,0,1,0 : 13.4618
1,1,0,0,0,0,1,1,1,0,1,0,0,0,1,1,1,0,1,1,1,0,0,1,0,0,1,0,1,1,0,0,1,0,1,0,0,1,0 : 13.4618
1,0,0,1,0,0,1,1,1,0,1,1,1,0,0,1,0,0,1,1,1,1,0,0,1,0,1,0,1,0,1,0,1,0,0,0,0,0,0 : 13.4618
1,1,0,0,0,1,1,1,1,0,1,0,0,0,1,1,1,0,1,0,1,0,0,1,0,0,1,0,1,1,0,0,1,0,1,0,0,1,0 : 13.4618
1,1,0,0,0,0,1,1,1,0,1,0,0,0,1,1,1,0,1,1,1,0,0,1,0,0,1,0,1,1,0,0,1,0,1,0,0,1,0 : 13.4618
1,0,0,1,0,0,1,1,1,0,1,1,1,0,0,1,0,0,1,1,1,1,0,0,1,0,1,0,1,0,1,0,1,0,0,0,0,0,0 : 13.4618
0,0,0,1,0,1,0,1,0,0,0,1,1,0,1,0,0,1,1,0,0,0,0,0,0,0,1,0,0,1,0,1,0,1,0,0,1,0,1 : 13.4937
0,0,0,1,0,1,0,1,0,0,0,1,1,0,1,0,0,1,1,0,0,0,0,0,0,0,1,0,0,1,0,1,0,1,0,0,1,0,1 : 13.4937
1,0,0,0,1,0,1,0,1,1,1,1,1,0,0,1,0,1,1,1,0,0,0,0,0,0,1,0,0,0,1,1,1,0,0,0,1,0,0 : 13.5167
1,0,0,0,1,1,1,0,0,1,1,0,1,1,1,1,0,1,1,1,0,0,1,0,0,0,1,0,0,0,0,1,1,0,0,0,1,0,0 : 13.5167
1,0,0,0,1,0,1,0,1,1,1,0,1,1,1,1,0,1,1,1,0,0,1,1,0,0,1,0,0,0,0,1,1,0,0,0,1,0,0 : 13.5167
1,0,0,1,1,0,1,0,1,1,1,1,1,1,1,1,0,1,1,1,0,0,0,0,0,0,1,0,0,0,0,1,1,0,0,0,1,0,1 : 13.5167
1,0,1,0,0,0,1,0,0,1,1,1,0,0,0,1,0,1,0,1,1,0,0,1,0,0,0,1,0,0,1,0,1,0,1,1,0,0,0 : 13.5167
1,0,0,0,1,1,1,0,0,1,1,0,1,1,1,1,0,1,1,1,0,0,1,0,0,0,1,0,0,0,0,1,1,0,0,0,1,0,0 : 13.5167
1,0,0,0,1,0,1,0,1,1,1,1,1,0,0,1,0,1,1,1,0,0,0,0,0,0,1,0,0,0,1,1,1,0,0,0,1,0,0 : 13.5167
1,0,0,0,1,0,1,0,1,1,1,0,1,1,1,1,0,1,1,1,0,0,1,1,0,0,1,0,0,0,0,1,1,0,0,0,1,0,0 : 13.5167
