0,0,0,1,1,0,0,1,0,0,1,0,0,1,1,0,0,0,0,1,1,0,1,1,0,0,1,0,1,1,0,0,0,1,0,0,1,0,0 : 13.0344
0,1,0,0,1,1,0,0,1,0,1,0,1,0,1,1,1,0,0,1,1,1,0,1,0,0,1,0,0,1,0,0,1,1,0,0,1,0,0 : 15.3049
0,0,0,1,1,0,0,1,1,1,0,0,1,0,1,0,1,0,1,1,0,1,0,0,0,0,1,1,0,1,0,1,0,1,0,1,0,0,0 : 13.0344
0,0,0,0,1,0,0,0,1,0,1,0,0,0,0,0,1,1,0,0,1,0,1,1,0,1,0,0,0,0,1,0,1,1,0,0,1,0,1 : 13.1808
0,1,0,1,1,0,0,1,1,1,0,0,1,0,1,0,0,1,0,1,0,1,0,0,1,0,1,0,1,1,1,1,0,1,1,0,1,0,0 : 13.1354
1,1,0,0,0,0,0,0,1,1,1,1,0,1,0,0,0,1,1,0,0,1,1,1,0,0,0,0,1,1,1,0,1,0,1,0,0,0,1 : 13.1354
1,0,0,0,0,0,1,1,0,0,0,0,0,0,1,0,0,1,1,1,0,1,0,0,0,0,1,0,0,0,0,1,0,1,0,0,0,0,1 : 13.8795
1,0,1,0,0,1,0,1,1,0,0,1,0,1,1,0,1,0,0,1,0,0,1,0,0,1,0,1,0,0,1,0,1,0,0,1,0,1,0 : 15.6587
1,0,0,1,1,0,0,1,1,0,1,1,0,0,1,1,0,1,1,0,0,0,1,1,0,0,0,0,0,0,0,0,0,1,0,0,0,0,1 : 16.0056
0,1,0,0,0,0,0,0,0,1,1,1,1,0,1,1,0,1,1,1,1,1,0,0,0,0,0,0,0,1,1,0,0,0,0,0,0,1,0 : 13.1354
0,0,1,0,0,1,0,1,0,0,0,1,1,1,1,0,1,1,1,1,1,0,0,1,1,0,1,0,1,0,0,1,1,0,0,1,1,0,1 : 13.9312
1,1,0,1,1,1,1,0,1,1,1,0,1,1,1,1,1,0,1,1,0,0,0,0,0,0,1,1,1,0,0,0,0,0,0,1,1,0,0 : 14.8157
0,1,0,1,0,1,0,0,1,0,1,0,0,0,1,1,0,0,0,0,1,1,1,1,1,0,1,0,1,0,1,0,0,1,0,1,0,0,0 : 13.0854
0,0,0,0,0,1,1,1,0,0,0,0,1,1,0,1,1,1,1,1,1,0,0,0,0,0,0,0,0,0,0,0,0,1,0,0,1,0,0 : 13.1808
1,1,1,0,1,0,0,0,0,0,0,0,0,0,1,0,1,1,0,1,0,0,1,1,0,0,0,0,1,1,0,0,0,0,0,0,1,0,0 : 16.3747
0,1,0,1,0,1,0,0,0,1,0,1,0,0,0,1,1,1,0,0,1,1,0,1,0,1,0,0,0,1,0,1,1,0,0,0,0,1,0 : 12.6877
0,1,0,1,0,0,0,1,0,0,1,0,0,1,1,0,1,1,1,1,1,0,1,1,0,0,1,0,0,1,1,1,1,0,0,1,1,0,1 : 12.6877
1,0,1,0,0,1,0,0,1,0,1,0,0,0,1,1,1,1,0,1,1,0,0,1,0,1,0,1,1,0,0,1,0,1,0,1,1,0,0 : 13.9312
1,0,0,0,1,0,0,0,0,0,0,1,1,0,1,1,1,0,1,1,1,1,0,0,0,1,1,0,0,1,1,0,1,1,0,0,1,0,0 : 13.0344
0,1,1,0,0,0,1,1,1,0,0,0,1,0,1,0,1,1,0,1,1,0,0,0,0,1,1,0,0,0,1,1,1,0,0,1,1,1,0 : 12.7358
0,1,0,0,0,0,0,1,0,0,1,1,1,1,0,0,1,0,1,1,0,0,0,1,0,0,0,1,1,0,0,0,0,0,0,0,0,1,0 : 13.2906
1,0,0,0,1,1,1,0,1,1,0,1,0,1,1,1,1,1,0,1,1,1,0,1,0,0,0,0,0,0,1,0,0,0,0,0,1,0,0 : 13.1808
0,1,0,1,0,1,0,1,0,1,1,0,1,0,0,0,1,1,0,0,1,0,0,0,1,1,0,0,0,1,1,0,0,1,0,0,1,1,0 : 12.902
0,1,0,1,1,1,0,1,1,1,1,0,0,0,1,1,0,1,0,1,1,1,1,1,0,0,1,0,1,1,0,1,0,1,0,0,1,1,0 : 13.1354
1,0,1,1,0,0,0,1,1,1,1,0,1,0,0,0,1,1,0,1,1,1,0,1,0,0,0,0,0,0,0,0,1,0,0,0,0,1,0 : 13.1808
0,1,0,0,1,0,0,0,0,1,0,1,0,1,0,0,1,1,0,1,0,0,0,1,0,0,0,1,0,1,0,0,1,0,0,1,0,1,1 : 16.3747
0,0,0,0,0,1,1,1,0,1,0,1,0,0,0,1,0,1,1,0,1,0,1,0,0,0,1,0,1,0,0,0,1,1,0,1,1,1,0 : 13.5167
0,0,0,0,0,1,0,0,1,0,0,1,0,1,0,0,0,0,1,1,1,0,0,0,0,0,1,0,1,1,1,0,1,0,1,0,1,0,0 : 13.0896
1,0,0,0,1,0,1,1,1,0,1,0,1,0,0,0,0,0,0,0,1,0,1,1,0,1,0,0,1,0,0,1,0,1,0,1,0,1,1 : 15.6491
0,0,0,1,0,0,1,1,0,0,1,0,1,0,1,1,1,0,0,1,1,0,1,0,0,1,1,0,1,0,0,0,1,0,0,1,1,1,1 : 13.1655
0,1,0,1,0,0,1,0,0,0,1,0,1,0,1,0,0,0,0,0,1,0,0,0,0,0,0,1,0,0,1,0,1,0,0,0,1,1,0 : 13.2813
0,0,0,0,0,1,0,1,0,1,0,0,1,1,1,1,1,0,1,0,0,0,1,0,1,1,0,0,0,0,1,0,1,1,0,1,0,1,0 : 15.6587
0,0,0,0,1,0,1,0,0,1,1,1,0,1,0,0,1,0,1,1,0,1,0,1,0,1,0,1,0,0,1,0,0,0,1,1,0,0,0 : 16.0932
0,1,0,1,0,0,1,0,1,1,0,1,1,0,1,0,0,0,1,0,0,1,0,0,0,0,0,0,0,0,1,0,0,1,0,0,0,0,1 : 14.8157
1,1,0,0,0,1,0,1,1,1,0,0,0,0,0,1,1,1,0,0,0,0,1,0,0,1,1,0,1,1,1,0,1,1,1,0,1,0,0 : 16.3747
0,1,0,1,0,0,0,0,1,1,1,0,1,1,1,1,0,0,1,0,1,1,0,0,0,1,0,0,0,0,1,0,1,1,1,0,1,0,0 : 13.0713
1,0,0,0,0,1,1,1,1,0,0,1,0,1,1,1,0,1,0,1,0,1,0,0,0,0,0,0,1,0,0,1,0,1,0,0,1,0,0 : 13.8795
0,1,0,1,1,0,0,1,1,0,1,1,1,0,0,1,1,1,0,0,1,1,0,0,0,1,1,1,0,1,0,1,0,1,0,0,1,1,1 : 12.902
0,1,0,0,0,0,1,0,0,1,0,1,0,0,0,1,1,1,0,1,0,0,1,0,0,0,1,0,1,0,0,0,0,1,0,1,0,1,1 : 15.7588
0,1,0,0,1,0,0,0,1,0,1,1,0,1,1,0,0,0,0,0,1,1,0,1,0,1,0,0,1,0,0,0,1,0,0,1,0,0,1 : 13.5954
0,1,1,0,0,1,0,1,0,1,1,0,0,1,1,1,1,1,0,0,0,0,1,0,0,0,0,0,0,0,0,0,1,0,0,0,0,1,1 : 16.3747
0,1,0,0,0,1,0,1,1,1,0,0,0,0,1,1,1,1,0,1,1,1,1,0,1,0,1,0,1,1,0,0,0,1,0,1,1,1,0 : 12.7139
1,0,0,0,0,0,1,0,0,0,1,0,0,0,0,1,1,1,1,1,1,0,0,1,0,1,1,0,0,0,1,0,1,0,0,1,1,1,0 : 13.1808
1,1,0,1,0,0,1,0,0,0,1,0,1,0,1,1,0,0,1,1,0,1,0,0,0,0,0,0,1,0,1,0,0,0,0,1,1,1,1 : 14.8157
1,1,0,1,1,1,0,1,1,0,1,0,0,0,0,1,1,0,1,1,0,1,0,1,1,0,1,0,1,0,1,0,1,1,0,1,0,0,0 : 13.0896
0,0,1,0,1,0,0,0,0,0,1,1,1,0,0,0,1,1,0,1,1,1,1,0,0,0,1,1,0,0,1,0,0,0,1,0,0,1,0 : 13.1808
1,1,0,1,1,0,0,1,0,0,0,1,0,1,1,0,0,0,0,1,1,0,0,1,0,1,0,0,0,0,0,0,0,0,1,0,1,0,0 : 13.5954
1,0,0,0,1,1,0,1,1,1,0,1,0,0,1,0,1,0,0,0,0,1,1,1,0,0,1,0,1,1,1,0,0,0,0,1,0,0,0 : 13.8038
0,0,0,1,1,1,0,0,1,0,0,0,0,0,0,1,1,1,0,1,1,0,1,1,1,1,0,1,1,0,0,0,1,1,0,0,0,0,1 : 13.9312
0,1,0,1,0,1,1,1,1,1,0,0,0,0,0,0,0,0,0,1,1,0,1,0,1,1,0,0,1,1,0,1,0,1,1,0,1,0,0 : 15.092
1,1,0,1,1,0,0,1,0,1,1,1,0,0,1,1,0,1,0,0,1,1,0,0,0,1,0,0,0,0,1,0,1,1,0,1,1,1,0 : 13.9444
0,1,0,1,1,1,1,1,1,1,1,1,0,1,1,0,0,0,0,0,0,0,0,0,0,0,1,0,1,1,1,1,0,1,0,0,1,0,0 : 14.8157
1,1,0,1,0,0,1,1,0,0,1,1,0,0,1,0,1,0,1,1,0,1,0,1,0,0,1,0,1,1,1,0,1,0,1,0,0,1,0 : 13.2813
0,0,0,1,0,1,1,1,0,0,1,0,0,1,1,1,0,0,0,0,1,1,0,0,0,0,1,0,0,1,0,0,0,1,0,0,0,1,0 : 14.8157
1,1,0,1,0,0,1,0,1,0,1,1,0,0,0,0,1,1,1,1,1,1,0,0,0,1,1,0,0,1,1,0,1,0,0,0,0,1,1 : 12.6877
0,1,0,1,1,0,0,0,1,1,0,0,0,0,1,1,1,1,1,1,1,1,0,1,0,0,0,1,0,1,0,0,0,0,0,0,0,1,0 : 12.6877
1,0,0,0,0,1,1,1,0,0,1,1,0,0,1,1,1,1,0,0,1,1,0,0,0,1,1,0,0,0,1,0,0,1,0,1,0,1,1 : 13.1808
0,1,0,1,0,1,1,1,0,0,0,1,0,1,0,0,0,0,0,1,1,1,0,0,0,1,1,0,0,1,0,0,0,1,0,1,0,0,0 : 15.645
0,1,0,0,1,0,0,0,0,0,0,1,0,0,0,1,0,1,0,0,1,1,0,1,0,1,1,1,0,0,1,0,1,1,0,1,1,1,1 : 13.9444
0,0,1,0,0,0,1,1,1,1,1,1,1,1,0,1,0,1,1,0,1,0,0,0,1,1,0,0,0,1,0,0,1,0,0,1,0,0,1 : 16.5638
0,1,0,0,0,1,0,1,0,0,0,1,1,1,1,1,0,1,1,0,1,1,0,1,0,0,1,0,0,0,0,0,1,0,0,0,0,0,1 : 13.1354
1,0,0,1,0,0,0,1,1,0,1,1,0,0,0,1,1,1,0,0,1,1,0,0,0,1,1,0,1,1,0,0,0,0,0,0,1,0,1 : 13.9312
1,0,0,0,1,0,0,1,1,1,0,1,0,0,0,0,1,0,0,0,0,0,1,1,0,0,0,0,0,1,0,0,0,0,0,1,1,1,1 : 13.0344
1,0,0,1,0,0,0,1,0,1,1,1,0,1,1,0,1,0,1,0,0,0,1,0,1,1,0,0,0,1,1,1,1,0,0,1,1,1,0 : 15.4248
0,0,0,1,0,0,1,1,0,0,0,0,0,1,0,0,0,1,1,1,0,0,0,0,0,0,1,0,0,1,1,0,1,1,0,1,0,0,0 : 13.5167
1,1,0,0,0,1,1,0,0,1,1,0,1,1,0,1,1,1,1,0,1,0,1,1,0,1,1,0,1,1,1,0,0,0,0,0,0,0,0 : 13.3568
1,0,0,1,0,0,1,0,0,0,1,0,0,0,1,0,1,0,0,1,0,1,0,1,0,1,0,0,0,1,0,0,1,1,0,1,0,1,1 : 13.1655
1,1,0,0,1,0,0,1,0,1,1,1,0,0,1,1,0,1,1,0,0,0,0,0,0,0,1,0,0,0,1,0,1,0,0,0,1,1,0 : 13.18
1,0,0,0,1,0,1,0,1,1,1,1,1,1,1,1,0,1,1,1,0,0,0,0,0,0,1,0,0,0,0,1,1,0,0,0,1,0,0 : 13.5167
1,0,1,0,1,0,0,0,0,0,1,0,1,1,0,0,1,1,0,1,1,0,0,0,0,1,0,1,0,1,0,0,0,1,0,1,1,1,0 : 13.1808
0,1,0,0,0,1,0,0,0,0,1,0,0,0,0,0,0,1,0,1,1,1,0,1,0,0,0,0,0,1,1,0,1,1,0,0,1,1,1 : 13.1354
0,1,0,1,1,1,1,0,0,0,1,1,0,0,0,0,1,1,0,1,1,0,0,1,0,1,0,0,1,1,0,0,1,0,0,1,0,0,1 : 12.6877
0,0,0,1,1,1,0,1,1,1,1,0,1,1,0,1,0,1,1,0,0,0,0,0,0,1,0,1,0,1,0,0,0,1,0,0,1,0,1 : 16.0056
1,0,0,1,0,1,0,1,1,1,1,1,0,1,1,0,0,1,0,1,0,0,0,1,0,1,0,0,1,0,0,0,1,0,0,1,0,0,1 : 13.7542
1,1,0,1,1,1,0,0,0,0,0,1,1,0,1,0,0,1,0,1,0,1,1,0,0,1,1,0,1,1,1,1,1,0,0,1,1,0,0 : 13.9444
1,0,0,0,0,1,1,1,1,0,0,1,1,0,1,0,1,0,1,1,1,1,1,0,0,1,0,0,0,1,1,0,0,1,0,1,1,0,0 : 13.1655
1,0,0,1,1,1,1,1,0,1,1,1,0,1,0,1,0,0,1,1,1,0,0,1,0,0,1,0,0,1,0,1,1,0,0,1,0,1,1 : 14.1838
1,0,0,1,0,0,1,1,0,1,1,1,1,0,0,1,1,1,1,1,0,0,1,0,1,0,1,0,1,1,1,0,1,0,0,0,0,0,1 : 15.7588
0,0,0,0,0,1,0,0,0,0,0,1,1,1,1,1,0,0,1,1,1,0,0,1,0,0,0,0,0,0,1,0,1,0,0,1,0,0,0 : 13.0896
0,0,0,1,0,0,0,0,0,0,1,0,1,0,0,1,0,0,0,1,1,0,0,1,0,0,0,0,1,0,1,1,0,1,0,1,0,1,0 : 13.3081
0,0,0,1,1,0,0,0,1,1,0,1,0,1,0,1,0,0,0,1,1,0,1,1,0,0,1,1,1,0,0,0,0,0,0,1,1,0,0 : 13.2462
1,1,0,1,0,1,0,0,0,1,1,0,0,1,1,0,1,0,0,0,1,0,1,1,0,0,0,0,1,1,1,0,0,0,0,1,1,1,0 : 13.8038
0,1,0,1,0,1,0,1,1,0,1,0,1,1,0,1,1,0,0,0,1,1,1,1,0,0,0,0,0,0,0,1,0,1,1,0,0,0,1 : 13.1747
0,0,1,0,1,0,0,1,1,0,1,0,1,1,0,0,0,1,0,0,1,0,1,0,0,1,1,0,0,0,1,0,1,1,0,1,1,0,1 : 16.0879
0,1,0,0,1,1,0,1,1,1,1,0,1,0,1,1,1,0,1,0,1,0,0,1,1,0,1,0,1,0,1,0,0,1,0,1,1,0,1 : 13.0896
1,0,0,0,0,1,0,0,1,1,1,0,0,0,1,0,1,1,0,1,1,0,1,0,0,0,0,0,1,0,0,0,1,0,0,0,0,1,1 : 13.9312
1,1,0,1,1,1,0,1,0,0,0,0,1,1,1,0,0,0,1,1,1,1,0,0,1,0,1,0,1,0,1,0,1,0,0,0,0,1,1 : 13.0896
0,0,0,1,1,1,0,1,0,0,1,1,1,1,0,0,0,0,1,0,0,0,1,1,0,0,1,0,0,0,0,0,0,1,0,1,0,0,1 : 13.0854
0,0,1,0,0,0,1,0,0,1,0,0,0,1,1,1,1,1,0,1,0,1,1,1,1,0,1,0,0,0,0,0,1,0,0,0,0,0,0 : 15.7588
0,1,0,0,1,0,0,0,1,0,1,1,1,1,0,1,1,0,1,1,0,1,0,0,0,0,0,1,1,0,0,0,1,1,0,1,0,0,0 : 13.2462
0,1,0,0,0,1,0,1,1,1,1,0,0,0,1,1,0,1,0,1,0,1,1,1,0,1,1,0,1,1,0,0,1,0,0,0,1,0,1 : 13.9444
1,0,0,1,0,1,0,1,1,1,1,0,0,0,1,1,1,1,0,1,1,0,0,0,0,1,0,0,1,1,1,0,0,1,0,1,1,1,0 : 13.9312
0,0,0,1,0,0,1,0,0,1,0,1,0,1,1,1,1,1,1,0,0,1,1,0,1,1,0,1,0,0,1,0,1,0,0,0,1,0,0 : 15.7588
1,1,0,1,0,1,1,0,0,1,0,1,0,0,0,0,1,1,0,0,1,1,0,0,0,0,0,0,1,0,1,0,1,0,0,0,1,0,1 : 12.6877
1,1,1,0,1,0,0,1,1,1,0,0,1,0,1,1,1,0,0,0,0,1,0,1,0,1,0,0,1,1,1,1,0,1,0,1,0,0,1 : 13.0344
1,0,0,0,1,1,0,0,1,0,0,1,0,1,1,0,1,0,1,1,0,1,0,0,0,0,1,0,1,1,0,0,0,0,0,0,1,0,1 : 14.0173
1,1,1,1,0,0,0,0,1,0,1,0,0,0,1,0,1,0,0,1,0,0,0,1,0,0,1,0,1,1,1,1,1,0,0,0,0,1,1 : 13.4295
0,0,0,1,1,1,1,1,1,0,0,1,1,1,1,0,0,0,0,1,0,1,1,1,1,1,0,0,1,1,0,0,1,0,0,0,1,1,1 : 15.9379
1,0,1,1,0,0,0,0,0,0,0,1,1,1,1,0,1,0,1,0,0,1,0,0,0,1,0,0,0,1,1,1,1,0,0,0,0,1,0 : 13.1418
1,0,0,0,0,0,1,1,1,1,0,1,1,1,0,0,0,1,0,0,1,0,0,0,0,0,0,0,0,0,1,0,0,0,0,1,1,1,1 : 13.8795
