1,1,1,1,0,0,0,0,1,0,0,1,1,1,0,0 : 247.483
1,1,1,0,0,0,0,0,1,0,0,1,1,1,0,0 : 247.483
1,1,1,0,0,0,0,0,1,0,0,1,1,1,0,0 : 247.483
1,1,1,1,0,0,0,0,1,0,0,1,1,1,0,0 : 247.483
1,1,1,1,0,0,0,0,1,0,0,1,1,1,0,0 : 247.483
1,1,1,1,0,0,0,0,1,0,0,1,1,1,0,0 : 247.483
1,1,1,0,0,0,0,0,1,0,0,1,1,1,0,0 : 247.483
1,1,1,1,0,0,0,0,1,0,0,1,1,1,0,0 : 247.483
1,1,1,0,0,0,0,0,1,0,0,1,1,1,0,0 : 247.483
1,1,1,0,0,0,0,0,1,0,0,1,1,1,0,0 : 247.483
1,1,1,1,0,0,0,0,1,0,0,1,1,1,0,0 : 247.483
1,1,1,0,0,0,0,0,1,0,0,1,1,1,0,0 : 247.483
1,1,1,1,0,0,0,0,1,0,0,1,1,1,0,0 : 247.483
1,1,1,1,0,0,0,0,1,0,0,1,1,1,0,0 : 247.483
1,1,1,1,0,0,0,0,1,0,0,1,1,1,0,0 : 247.483
1,1,1,1,0,0,0,0,1,0,0,1,1,1,0,0 : 247.483
1,1,1,1,0,0,0,0,1,0,0,1,1,1,0,0 : 247.483
1,1,1,0,0,0,0,0,1,0,0,1,1,1,0,0 : 247.483
1,1,1,0,0,0,0,0,1,0,0,1,1,1,0,0 : 247.483
1,1,1,1,0,0,0,0,1,0,0,1,1,1,0,0 : 247.483
1,1,1,1,0,0,0,0,1,0,0,1,1,1,0,0 : 247.483
1,1,1,1,0,0,0,0,1,0,0,1,1,1,0,0 : 247.483
1,1,1,0,0,0,0,0,1,0,0,1,1,1,0,0 : 247.483
1,1,1,1,0,0,0,0,1,0,0,1,1,1,0,0 : 247.483
1,1,1,0,0,0,0,0,1,0,0,1,1,1,0,0 : 247.483
1,1,1,0,0,0,0,0,1,0,0,1,1,1,0,0 : 247.483
1,1,1,1,0,0,0,0,1,0,0,1,1,1,0,0 : 247.483
1,1,1,0,0,0,0,0,1,0,0,1,1,1,0,0 : 247.483
1,1,1,1,0,0,0,0,1,0,0,1,1,1,0,0 : 247.483
1,1,1,1,0,0,0,0,1,0,0,1,1,1,0,0 : 247.483
1,1,1,1,0,0,0,0,1,0,0,1,1,1,0,0 : 247.483
1,1,1,1,0,0,0,0,1,0,0,1,1,1,0,0 : 247.483
1,1,1,1,0,0,0,1,1,0,0,1,1,1,0,0 : 247.507
1,1,1,1,0,0,0,1,1,0,0,1,1,1,0,0 : 247.507
1,1,1,1,0,0,0,1,1,0,0,1,1,1,0,0 : 247.507
1,1,1,1,0,0,0,1,1,0,0,1,1,1,0,0 : 247.507
1,1,1,1,0,0,1,1,1,0,0,1,1,1,0,0 : 247.537
1,1,1,1,0,0,1,1,1,0,0,1,1,1,0,0 : 247.537
1,1,1,1,0,0,1,1,1,0,0,1,1,1,0,0 : 247.537
1,1,1,1,0,0,1,1,1,0,0,1,1,1,0,0 : 247.537
1,1,1,1,0,0,1,1,1,0,0,1,1,1,0,0 : 247.537
1,1,1,1,0,0,1,1,1,0,0,1,1,1,0,0 : 247.537
1,1,1,1,0,0,1,1,1,0,0,1,1,1,0,0 : 247.537
1,1,1,1,0,0,1,1,1,0,0,1,1,1,0,0 : 247.537
1,1,1,1,0,0,1,1,1,0,0,1,1,1,0,0 : 247.537
1,1,1,1,0,0,1,1,1,0,0,1,1,1,0,0 : 247.537
1,1,1,1,0,0,1,1,1,0,0,1,1,1,0,0 : 247.537
1,1,1,1,0,0,1,1,1,0,0,1,1,1,0,0 : 247.537
1,1,1,1,0,0,1,1,1,0,0,1,1,1,0,0 : 247.537
1,1,1,1,0,0,1,1,1,0,0,1,1,1,0,0 : 247.537
1,1,1,1,0,0,1,1,1,0,0,1,1,1,0,0 : 247.537
1,1,1,1,0,0,1,1,1,0,0,1,1,1,0,0 : 247.537
1,1,1,1,0,0,1,1,1,0,0,1,1,1,0,0 : 247.537
1,1,1,1,0,0,1,1,1,0,0,1,1,1,0,0 : 247.537
1,1,1,0,0,0,1,0,1,0,0,1,1,1,0,0 : 247.693
1,1,1,0,0,0,1,0,1,0,0,1,1,1,0,0 : 247.693
1,1,1,0,0,0,1,1,1,0,0,1,1,1,0,0 : 247.693
1,1,1,0,0,0,1,1,1,0,0,1,1,1,0,0 : 247.693
1,1,1,0,0,0,1,1,1,0,0,1,1,1,0,0 : 247.693
1,1,1,0,0,0,1,0,1,0,0,1,1,1,0,0 : 247.693
1,1,1,0,0,0,1,0,1,0,0,1,1,1,0,0 : 247.693
1,1,1,0,0,0,1,1,1,0,0,1,1,1,0,0 : 247.693
1,1,1,0,0,0,1,1,1,0,0,1,1,1,0,0 : 247.693
1,1,1,0,0,0,1,1,1,0,0,1,1,1,0,0 : 247.693
1,1,1,0,1,0,1,1,1,0,0,1,1,1,0,0 : 252.963
1,1,1,0,1,0,1,1,1,0,0,1,1,1,0,0 : 252.963
1,1,0,0,0,0,1,1,1,1,0,0,1,1,0,0 : 254.707
1,1,0,0,0,0,1,1,1,1,0,0,1,1,0,0 : 254.707
1,1,0,0,0,0,1,1,1,1,0,0,1,1,0,0 : 254.707
1,1,0,0,0,0,1,1,1,1,0,0,1,1,0,0 : 254.707
1,1,0,0,0,0,1,1,1,1,0,0,1,1,0,0 : 254.707
1,1,0,0,0,0,1,1,1,1,0,0,1,1,0,0 : 254.707
1,1,0,0,0,0,1,0,1,0,1,0,1,1,0,0 : 256.3399
1,1,0,0,0,0,1,0,1,0,1,0,1,1,0,0 : 256.3399
1,1,0,0,0,0,1,0,1,0,1,0,1,1,0,0 : 256.3399
1,1,0,0,0,0,1,0,1,0,1,0,1,1,0,0 : 256.3399
1,1,0,1,0,0,0,0,1,0,0,1,1,1,0,0 : 257.407
1,1,0,1,0,0,0,0,1,0,0,1,1,1,0,0 : 257.407
1,1,0,1,0,0,0,0,1,0,0,1,1,1,0,0 : 257.407
1,1,0,1,0,0,0,0,1,0,0,1,1,1,0,0 : 257.407
1,1,0,1,0,0,0,0,1,0,0,1,1,1,0,0 : 257.407
1,1,0,1,0,0,0,0,1,0,0,1,1,1,0,0 : 257.407
1,1,0,1,0,0,0,0,1,0,0,1,1,1,0,0 : 257.407
1,1,0,1,0,0,0,0,1,0,0,1,1,1,0,0 : 257.407
1,1,0,1,0,0,0,0,1,0,0,1,1,1,0,0 : 257.407
1,1,0,1,0,0,0,0,1,0,0,1,1,1,0,0 : 257.407
1,1,0,1,0,0,0,0,1,0,0,1,1,1,0,0 : 257.407
1,1,0,1,0,0,0,0,1,0,0,1,1,1,0,0 : 257.407
1,1,0,1,0,0,0,0,1,0,0,1,1,1,0,0 : 257.407
1,1,0,1,0,0,0,0,1,0,0,1,1,1,0,0 : 257.407
1,1,0,1,0,0,0,0,1,0,0,1,1,1,0,0 : 257.407
1,1,0,1,0,0,0,0,1,0,0,1,1,1,0,0 : 257.407
1,1,0,1,0,0,0,0,1,0,0,1,1,1,0,0 : 257.407
1,1,0,1,0,0,0,0,1,0,0,1,1,1,0,0 : 257.407
1,1,0,1,0,0,0,0,1,0,0,1,1,1,0,0 : 257.407
1,1,0,1,0,0,0,0,1,0,0,1,1,1,0,0 : 257.407
1,1,0,1,0,0,1,0,1,0,0,1,1,1,0,0 : 257.407
1,1,0,1,0,0,0,0,1,0,0,1,1,1,0,0 : 257.407
1,1,0,1,0,0,0,0,1,0,0,1,1,1,0,0 : 257.407
1,1,0,1,0,0,0,0,1,0,0,1,1,1,0,0 : 257.407
