1,1,1,1,0,0,0,1,1,1,0,0,1,1,0,0 : 244.353
1,1,1,1,0,0,0,1,1,1,0,0,1,1,0,0 : 244.353
1,1,0,1,0,0,1,1,1,1,0,0,1,1,0,0 : 254.033
1,1,0,1,0,0,1,1,1,1,0,0,1,1,0,0 : 254.033
1,1,0,1,0,0,1,1,1,1,0,0,1,1,0,0 : 254.033
1,1,0,1,0,0,0,0,1,1,0,0,1,1,0,0 : 254.033
1,1,0,1,0,0,1,1,1,1,0,0,1,1,0,0 : 254.033
1,1,0,1,0,0,1,1,1,1,0,0,1,1,0,0 : 254.033
1,1,0,1,0,0,1,1,1,1,0,0,1,1,0,0 : 254.033
1,1,0,1,0,0,0,1,1,1,0,0,1,1,0,0 : 254.033
1,1,0,1,0,0,1,1,1,1,0,0,1,1,0,0 : 254.033
1,1,0,1,0,0,1,1,1,1,0,0,1,1,0,0 : 254.033
1,1,0,1,0,0,1,1,1,1,0,0,1,1,0,0 : 254.033
1,1,0,1,0,0,0,1,1,1,0,0,1,1,0,0 : 254.033
1,1,0,1,0,0,1,1,1,1,0,0,1,1,0,0 : 254.033
1,1,0,1,0,0,1,1,1,1,0,0,1,1,0,0 : 254.033
1,1,0,1,0,0,1,1,1,1,0,0,1,1,0,0 : 254.033
1,1,0,1,0,0,0,0,1,1,0,0,1,1,0,0 : 254.033
1,1,0,1,0,0,1,1,1,1,0,0,1,1,0,0 : 254.033
1,1,0,1,0,0,1,1,1,1,0,0,1,1,0,0 : 254.033
1,1,0,1,0,0,1,1,1,1,0,0,1,1,0,0 : 254.033
1,1,0,1,0,0,0,1,1,1,0,0,1,1,0,0 : 254.033
1,1,0,1,0,0,1,1,1,1,0,0,1,1,0,0 : 254.033
1,1,0,1,0,0,1,1,1,1,0,0,1,1,0,0 : 254.033
1,1,0,1,0,0,1,1,1,1,0,0,1,1,0,0 : 254.033
1,1,0,1,0,0,0,1,1,1,0,0,1,1,0,0 : 254.033
1,1,0,0,0,0,0,0,1,1,0,0,1,1,0,0 : 254.587
1,1,0,0,0,0,0,0,1,1,0,0,1,1,0,0 : 254.587
1,1,0,0,0,0,0,1,1,1,0,0,1,1,0,0 : 254.707
1,1,0,0,0,0,0,1,1,1,0,0,1,1,0,0 : 254.707
1,1,0,0,0,0,0,1,1,1,0,0,1,1,0,0 : 254.707
1,1,0,0,0,0,0,1,1,1,0,0,1,1,0,0 : 254.707
1,1,0,0,0,0,0,1,1,1,0,0,1,1,0,0 : 254.707
1,1,0,0,0,0,0,1,1,1,0,0,1,1,0,0 : 254.707
1,1,0,0,0,0,0,1,1,1,0,0,1,1,0,0 : 254.707
1,1,0,0,0,0,0,1,1,1,0,0,1,1,0,0 : 254.707
1,1,0,1,0,0,0,0,1,0,1,0,1,1,0,0 : 256.333
1,1,0,0,0,0,0,0,1,0,1,0,1,1,0,0 : 256.333
1,1,0,0,0,0,0,0,1,0,1,0,1,1,0,0 : 256.333
1,1,0,0,0,0,0,0,1,0,1,0,1,1,0,0 : 256.333
1,1,0,0,0,0,0,0,1,0,1,0,1,1,0,0 : 256.333
1,1,0,1,0,0,0,0,1,0,1,0,1,1,0,0 : 256.333
1,1,0,1,0,0,0,0,1,0,1,0,1,1,0,0 : 256.333
1,1,0,0,0,0,0,0,1,0,1,0,1,1,0,0 : 256.333
1,1,0,0,0,0,0,0,1,0,1,0,1,1,0,0 : 256.333
1,1,0,0,0,0,0,0,1,0,1,0,1,1,0,0 : 256.333
1,1,0,0,0,0,0,0,1,0,1,0,1,1,0,0 : 256.333
1,1,0,1,0,0,0,0,1,0,1,0,1,1,0,0 : 256.333
1,1,0,1,0,0,0,0,1,0,0,1,1,1,0,0 : 257.407
1,1,0,1,0,0,0,0,1,0,0,1,1,1,0,0 : 257.407
1,1,0,1,0,0,0,0,1,0,0,1,1,1,0,0 : 257.407
1,1,0,1,0,0,0,0,1,0,0,1,1,1,0,0 : 257.407
1,1,0,1,0,0,0,0,1,0,0,1,1,1,0,0 : 257.407
1,1,0,1,0,0,0,0,1,0,0,1,1,1,0,0 : 257.407
1,1,0,1,0,0,0,0,1,0,0,1,1,1,0,0 : 257.407
1,1,0,1,0,0,0,0,1,0,0,1,1,1,0,0 : 257.407
1,1,0,1,0,0,0,0,1,0,0,1,1,1,0,0 : 257.407
1,1,0,1,0,0,0,0,1,0,0,1,1,1,0,0 : 257.407
1,1,0,1,0,0,0,1,1,0,0,1,1,1,0,0 : 257.45
1,1,0,1,0,0,0,1,1,0,0,1,1,1,0,0 : 257.45
1,1,0,1,0,0,0,1,1,0,0,1,1,1,0,0 : 257.45
1,1,0,1,0,0,0,1,1,0,0,1,1,1,0,0 : 257.45
1,1,0,1,0,0,0,1,1,0,0,1,1,1,0,0 : 257.45
1,1,0,1,0,0,0,1,1,0,0,1,1,1,0,0 : 257.45
1,1,0,1,0,0,0,1,1,0,0,1,1,1,0,0 : 257.45
1,1,0,1,0,0,0,1,1,0,0,1,1,1,0,0 : 257.45
1,1,0,1,0,0,0,1,1,0,0,1,1,1,0,0 : 257.45
1,1,0,1,0,0,0,1,1,0,0,1,1,1,0,0 : 257.45
1,1,0,0,0,0,0,1,1,0,0,1,1,1,0,0 : 257.927
1,1,0,0,0,0,0,1,1,0,0,1,1,1,0,0 : 257.927
1,1,0,0,0,0,0,1,1,0,0,1,1,1,0,0 : 257.927
1,1,0,0,0,0,0,1,1,0,0,1,1,1,0,0 : 257.927
1,1,0,0,0,0,1,1,1,0,0,1,1,1,0,0 : 258.113
1,1,0,0,0,0,1,1,1,0,0,1,1,1,0,0 : 258.113
1,0,1,0,0,0,0,0,1,1,0,0,1,1,0,0 : 260.38
1,0,1,0,0,0,0,0,1,1,0,0,1,1,0,0 : 260.38
1,0,1,0,0,0,0,0,1,1,0,0,1,1,0,0 : 260.38
1,0,1,0,0,0,0,0,1,1,0,0,1,1,0,0 : 260.38
1,0,1,0,0,0,0,0,1,1,0,0,1,1,0,0 : 260.38
1,0,1,0,0,0,0,0,1,1,0,0,1,1,0,0 : 260.38
1,1,0,0,1,0,1,1,1,1,0,0,1,1,0,0 : 261.31
1,1,0,0,1,0,1,1,1,1,0,0,1,1,0,0 : 261.31
1,1,0,0,1,0,0,1,1,1,0,0,1,1,0,0 : 261.31
1,1,0,0,1,0,1,1,1,1,0,0,1,1,0,0 : 261.31
1,1,0,0,1,0,1,1,1,1,0,0,1,1,0,0 : 261.31
1,1,0,0,1,0,0,1,1,1,0,0,1,1,0,0 : 261.31
1,0,1,1,0,0,1,1,1,0,1,0,1,1,0,0 : 262.17
1,0,1,1,0,0,1,1,1,0,1,0,1,1,0,0 : 262.17
1,0,1,1,0,0,1,0,1,0,1,0,1,1,0,0 : 262.17
1,0,1,1,0,0,1,1,1,0,1,0,1,1,0,0 : 262.17
1,0,1,1,0,0,1,1,1,0,1,0,1,1,0,0 : 262.17
1,0,1,1,0,0,1,1,1,0,1,0,1,1,0,0 : 262.17
1,0,1,1,0,0,1,1,1,0,1,0,1,1,0,0 : 262.17
1,0,1,1,0,0,1,1,1,0,1,0,1,1,0,0 : 262.17
1,0,1,1,0,0,1,0,1,0,1,0,1,1,0,0 : 262.17
1,0,1,1,0,0,1,1,1,0,1,0,1,1,0,0 : 262.17
1,0,1,1,0,0,1,1,1,0,1,0,1,1,0,0 : 262.17
1,0,1,1,0,0,1,1,1,0,1,0,1,1,0,0 : 262.17
1,0,1,1,0,0,1,1,1,0,1,0,1,1,0,0 : 262.17
1,0,1,0,0,0,1,1,1,0,1,0,1,1,0,0 : 262.17
