0,1,0,1,0,0,0,1,0,1,0,0,0,1,1,0,1,1,1,0,1,0,1,1,0,0,1,0,0,1,1,1,1,0,0,1,1,0,1 : 12.6877
0,1,0,1,1,1,0,1,1,1,1,0,0,0,1,1,1,1,0,1,1,1,1,1,1,0,1,0,1,1,0,1,0,1,0,0,1,1,1 : 12.6877
0,1,0,1,0,0,0,1,0,1,1,0,0,1,1,0,1,1,1,0,1,0,1,1,0,0,1,0,0,1,1,1,1,0,0,1,1,0,1 : 12.6877
0,1,0,1,1,1,0,1,0,0,1,1,0,0,0,0,1,1,0,1,1,0,0,1,0,1,0,0,0,1,0,0,1,0,0,1,0,0,1 : 12.6877
1,1,0,1,0,0,0,1,1,1,1,0,0,0,1,0,1,1,0,1,1,0,0,0,0,1,0,0,1,1,1,0,0,0,0,1,1,1,0 : 12.6877
0,1,0,1,0,0,0,1,0,1,0,0,0,1,1,0,1,1,1,0,1,0,1,1,0,0,1,0,0,1,1,1,1,0,0,1,1,0,1 : 12.6877
0,1,0,1,1,1,0,1,1,1,1,0,0,0,1,1,1,1,0,1,1,1,1,1,1,0,1,0,1,1,0,1,0,1,0,0,1,1,1 : 12.6877
0,1,0,1,0,0,0,1,0,1,1,0,0,1,1,0,1,1,1,0,1,0,1,1,0,0,1,0,0,1,1,1,1,0,0,1,1,0,1 : 12.6877
0,1,0,1,1,1,0,1,0,0,1,1,0,0,0,0,1,1,0,1,1,0,0,1,0,1,0,0,0,1,0,0,1,0,0,1,0,0,1 : 12.6877
1,1,0,1,0,0,0,1,1,1,1,0,0,0,1,0,1,1,0,1,1,0,0,0,0,1,0,0,1,1,1,0,0,0,0,1,1,1,0 : 12.6877
1,0,0,0,1,0,0,1,0,1,0,1,1,0,0,0,1,0,0,1,0,0,1,1,0,0,0,0,1,1,0,0,0,1,0,1,1,0,1 : 13.0344
1,0,0,0,1,0,0,1,1,1,0,1,1,0,0,0,1,0,0,1,0,0,1,1,0,0,0,0,1,1,0,0,1,1,0,1,1,0,1 : 13.0344
1,1,0,0,1,0,0,1,1,1,1,1,1,0,1,1,1,0,1,0,0,1,0,1,0,1,0,0,1,1,1,1,0,1,0,1,0,0,1 : 13.0344
1,0,0,0,1,0,0,1,0,1,0,1,1,0,0,0,1,0,0,1,0,0,1,1,0,0,0,0,1,1,0,0,0,1,0,1,1,0,1 : 13.0344
1,0,0,0,1,0,0,1,1,1,0,1,1,0,0,0,1,0,0,1,0,0,1,1,0,0,0,0,1,1,0,0,1,1,0,1,1,0,1 : 13.0344
1,1,0,0,1,0,0,1,1,1,1,1,1,0,1,1,1,0,1,0,0,1,0,1,0,1,0,0,1,1,1,1,0,1,0,1,0,0,1 : 13.0344
0,1,0,1,1,1,0,0,1,1,0,0,1,1,1,0,1,1,0,1,1,0,0,1,0,0,0,1,0,1,0,0,0,0,0,0,0,1,1 : 13.0451
0,1,0,1,1,1,0,0,1,1,0,0,1,1,1,0,1,1,0,1,1,0,0,1,0,0,0,1,0,1,0,0,0,0,0,0,0,1,1 : 13.0451
0,1,0,1,1,0,0,1,1,1,0,0,1,0,1,0,0,1,0,0,0,1,0,0,1,0,1,0,1,1,1,0,0,1,1,0,1,0,0 : 13.1354
0,1,0,1,1,0,0,1,1,1,0,0,1,0,1,0,0,1,0,0,0,1,0,0,1,0,1,0,1,1,1,0,0,1,1,0,1,0,0 : 13.1354
0,1,0,1,1,0,0,1,1,1,0,0,1,0,1,0,0,1,0,0,0,1,0,0,1,0,1,0,1,1,1,0,0,1,1,0,1,0,0 : 13.1354
0,1,0,1,1,0,0,1,1,1,0,0,1,0,1,0,0,1,0,0,0,1,0,0,1,0,1,0,1,1,1,0,0,1,1,0,1,0,0 : 13.1354
0,0,0,0,0,0,1,1,0,0,1,0,1,0,1,1,1,0,0,1,1,0,1,0,0,1,1,0,1,0,0,0,1,0,0,1,1,1,1 : 13.1655
0,0,0,0,0,0,1,1,0,0,1,0,1,0,1,1,1,0,0,1,1,0,1,0,0,1,1,0,1,0,0,0,1,0,0,1,1,1,1 : 13.1655
0,0,0,0,1,0,0,0,1,0,1,1,0,0,0,0,1,1,0,0,1,0,1,1,0,1,0,0,0,1,0,0,1,1,0,0,1,1,1 : 13.1808
0,0,1,0,1,0,0,0,0,0,1,1,1,0,0,0,1,1,0,1,1,1,0,0,0,0,1,1,0,0,1,0,0,0,1,0,0,1,0 : 13.1808
1,0,1,0,1,0,0,0,0,0,1,0,1,1,0,0,1,1,0,1,1,0,0,0,0,1,0,1,0,1,0,0,1,1,0,1,1,1,0 : 13.1808
0,0,0,0,1,0,0,0,1,0,1,1,0,0,0,0,1,1,0,0,1,1,1,1,0,1,0,0,0,0,0,0,1,1,0,0,1,1,1 : 13.1808
0,0,1,0,1,0,0,0,1,0,1,1,1,0,0,0,1,1,1,1,1,1,0,0,0,0,1,1,0,0,1,0,0,0,1,0,0,1,0 : 13.1808
0,0,0,0,1,0,0,1,1,0,0,0,0,0,0,0,1,1,1,1,1,0,0,0,0,1,1,0,0,0,1,0,1,1,0,1,0,0,1 : 13.1808
1,0,1,0,1,0,0,0,0,0,1,0,1,1,1,0,1,1,0,1,1,0,0,1,0,1,0,1,0,1,0,0,1,1,0,1,1,1,0 : 13.1808
0,0,0,0,1,0,0,0,1,0,1,1,0,0,0,0,1,1,0,0,1,0,1,1,0,1,0,0,0,1,0,0,1,1,0,0,1,1,1 : 13.1808
0,0,1,0,1,0,0,0,0,0,1,1,1,0,0,0,1,1,0,1,1,1,0,0,0,0,1,1,0,0,1,0,0,0,1,0,0,1,0 : 13.1808
1,0,1,0,1,0,0,0,0,0,1,0,1,1,0,0,1,1,0,1,1,0,0,0,0,1,0,1,0,1,0,0,1,1,0,1,1,1,0 : 13.1808
0,0,0,0,1,0,0,0,1,0,1,1,0,0,0,0,1,1,0,0,1,1,1,1,0,1,0,0,0,0,0,0,1,1,0,0,1,1,1 : 13.1808
0,0,1,0,1,0,0,0,1,0,1,1,1,0,0,0,1,1,1,1,1,1,0,0,0,0,1,1,0,0,1,0,0,0,1,0,0,1,0 : 13.1808
0,0,0,0,1,0,0,1,1,0,0,0,0,0,0,0,1,1,1,1,1,0,0,0,0,1,1,0,0,0,1,0,1,1,0,1,0,0,1 : 13.1808
1,0,1,0,1,0,0,0,0,0,1,0,1,1,1,0,1,1,0,1,1,0,0,1,0,1,0,1,0,1,0,0,1,1,0,1,1,1,0 : 13.1808
0,1,0,1,0,0,0,1,1,0,1,1,0,0,1,1,0,0,0,0,1,1,1,1,0,0,1,0,1,0,1,0,1,1,0,1,0,0,0 : 13.1949
0,1,0,1,0,0,0,1,1,0,1,1,0,0,1,1,0,0,0,0,1,1,1,1,0,0,1,0,1,0,1,0,1,1,0,1,0,0,0 : 13.1949
1,1,0,0,0,1,1,1,0,1,1,0,1,1,0,1,1,1,0,0,1,0,1,1,0,1,1,0,1,1,1,0,0,0,0,0,1,1,0 : 13.3568
1,1,0,0,0,1,1,0,0,1,1,1,1,1,0,1,1,1,1,0,1,0,1,1,0,1,1,0,1,1,1,0,0,0,0,0,1,1,0 : 13.3568
1,1,0,0,0,1,1,1,0,1,1,0,1,1,0,1,1,1,0,0,1,0,1,1,0,1,1,0,1,1,1,0,0,0,0,0,1,1,0 : 13.3568
1,1,0,0,0,1,1,0,0,1,1,1,1,1,0,1,1,1,1,0,1,0,1,1,0,1,1,0,1,1,1,0,0,0,0,0,1,1,0 : 13.3568
1,0,0,0,1,0,1,0,1,1,1,1,1,1,1,1,0,1,0,1,0,0,0,0,0,0,1,0,0,0,0,1,1,0,0,0,1,0,0 : 13.5167
1,0,0,0,1,0,1,0,1,1,1,1,1,1,1,0,0,1,0,1,0,0,0,0,0,0,1,0,0,0,0,1,1,0,0,0,1,0,0 : 13.5167
1,0,0,0,1,0,1,0,1,1,1,1,1,1,1,1,0,1,0,1,0,0,0,0,0,0,1,0,0,0,0,1,1,0,0,0,1,0,0 : 13.5167
1,0,0,0,1,0,1,0,1,1,1,1,1,1,1,0,0,1,0,1,0,0,0,0,0,0,1,0,0,0,0,1,1,0,0,0,1,0,0 : 13.5167
0,1,0,0,1,0,0,0,1,0,1,1,0,1,1,0,0,0,0,0,1,1,0,1,0,1,0,0,1,0,0,1,1,0,0,1,0,0,1 : 13.5954
0,1,0,0,1,0,0,0,1,0,1,1,0,1,1,0,0,0,0,0,1,1,0,1,0,1,0,0,1,0,0,1,1,0,0,1,0,0,1 : 13.5954
0,1,0,1,1,1,0,1,0,1,1,1,0,1,1,1,1,0,0,0,0,1,1,0,0,0,1,0,1,1,1,0,0,1,0,0,1,0,0 : 13.8038
1,0,0,0,1,1,0,0,1,1,0,1,0,0,1,0,1,0,0,0,0,1,1,1,0,0,1,0,1,1,1,0,0,0,0,1,0,0,0 : 13.8038
0,1,0,1,1,1,0,1,0,1,1,1,0,0,1,1,1,0,0,0,0,1,1,0,0,0,1,0,1,1,1,0,0,1,0,0,1,0,0 : 13.8038
0,1,0,1,1,1,0,1,0,1,1,1,0,1,1,1,1,0,0,0,0,1,1,0,0,0,1,0,1,1,1,0,0,1,0,0,1,0,0 : 13.8038
1,0,0,0,1,1,0,0,1,1,0,1,0,0,1,0,1,0,0,0,0,1,1,1,0,0,1,0,1,1,1,0,0,0,0,1,0,0,0 : 13.8038
0,1,0,1,1,1,0,1,0,1,1,1,0,0,1,1,1,0,0,0,0,1,1,0,0,0,1,0,1,1,1,0,0,1,0,0,1,0,0 : 13.8038
1,0,0,1,0,1,0,1,1,1,1,0,0,0,1,1,1,1,0,1,1,0,0,0,0,1,0,0,1,1,1,0,0,1,0,1,1,1,0 : 13.9312
1,0,0,1,0,1,0,1,1,1,1,0,0,0,1,1,1,1,0,1,1,0,0,0,0,1,0,0,1,1,1,0,0,1,0,1,1,1,0 : 13.9312
0,1,0,1,1,1,0,1,0,0,0,0,1,1,1,0,0,1,1,0,0,1,0,1,0,1,0,0,1,0,1,0,1,1,0,1,0,0,0 : 13.9444
1,1,0,1,0,1,0,0,0,1,0,1,1,0,1,0,0,1,0,1,0,1,1,0,0,1,1,0,1,1,1,1,1,0,0,1,1,0,0 : 13.9444
0,1,0,1,0,1,0,1,0,0,0,0,1,1,0,0,0,1,1,1,0,1,0,1,0,1,0,0,1,0,1,0,1,1,0,1,0,0,0 : 13.9444
1,1,0,1,1,1,0,0,0,0,0,1,1,0,1,1,0,1,0,1,0,1,1,0,0,1,1,0,1,1,1,1,1,0,0,1,1,0,1 : 13.9444
0,1,0,1,1,1,0,1,0,0,0,0,1,1,1,0,0,1,1,0,0,1,0,1,0,1,0,0,1,0,1,0,1,1,0,1,0,0,0 : 13.9444
1,1,0,1,0,1,0,0,0,1,0,1,1,0,1,0,0,1,0,1,0,1,1,0,0,1,1,0,1,1,1,1,1,0,0,1,1,0,0 : 13.9444
0,1,0,1,0,1,0,1,0,0,0,0,1,1,0,0,0,1,1,1,0,1,0,1,0,1,0,0,1,0,1,0,1,1,0,1,0,0,0 : 13.9444
1,1,0,1,1,1,0,0,0,0,0,1,1,0,1,1,0,1,0,1,0,1,1,0,0,1,1,0,1,1,1,1,1,0,0,1,1,0,1 : 13.9444
1,1,0,0,0,1,0,0,1,0,0,0,1,0,1,1,1,1,0,1,1,1,0,1,0,1,0,0,1,0,0,0,0,1,0,1,1,0,1 : 13.974
1,1,0,0,0,1,0,0,1,0,0,0,1,0,1,1,1,1,0,1,1,1,0,1,0,1,0,0,1,0,0,0,0,1,0,1,1,0,1 : 13.974
1,0,0,1,1,1,1,0,0,0,1,0,1,1,0,1,0,0,1,1,1,0,0,1,0,0,0,0,0,1,0,1,1,0,0,1,0,1,1 : 14.1838
0,0,0,0,1,0,1,1,1,0,1,1,1,1,1,1,1,0,1,1,0,1,0,0,0,0,0,0,1,0,0,0,1,1,0,1,0,0,1 : 14.1838
0,0,0,0,1,0,1,1,1,0,1,1,1,1,1,1,1,0,1,1,0,1,0,0,0,0,0,0,1,0,0,0,1,1,0,1,0,0,1 : 14.1838
1,0,0,1,1,1,1,0,0,0,1,0,1,1,0,1,0,0,1,1,1,0,0,1,0,0,0,0,0,1,0,1,1,0,0,1,0,1,1 : 14.1838
0,0,0,0,1,0,1,1,1,0,1,1,1,1,1,1,1,0,1,1,0,1,0,0,0,0,0,0,1,0,0,0,1,1,0,1,0,0,1 : 14.1838
0,0,0,0,1,0,1,1,1,0,1,1,1,1,1,1,1,0,1,1,0,1,0,0,0,0,0,0,1,0,0,0,1,1,0,1,0,0,1 : 14.1838
0,0,0,1,0,1,0,1,0,0,1,0,1,0,1,0,1,0,0,1,0,0,0,0,0,0,1,0,0,0,1,0,0,1,0,1,0,1,0 : 14.5638
0,0,0,1,0,1,0,1,0,0,1,0,1,0,1,0,1,0,0,1,1,0,0,0,0,0,1,0,0,0,1,0,0,1,0,1,0,1,0 : 14.5638
0,0,0,1,0,1,0,1,0,0,1,0,1,0,1,0,1,0,0,1,0,0,0,0,0,0,1,0,0,0,1,0,0,1,0,1,0,1,0 : 14.5638
0,0,0,1,0,1,0,1,0,0,1,0,1,0,1,0,1,0,0,1,1,0,0,0,0,0,1,0,0,0,1,0,0,1,0,1,0,1,0 : 14.5638
1,0,0,0,1,1,1,1,1,0,1,1,1,1,1,1,0,0,0,1,0,1,0,0,0,0,0,0,1,0,0,1,0,1,0,0,1,0,1 : 14.8157
0,0,0,0,0,1,1,0,1,1,1,1,0,1,1,1,0,0,1,1,0,0,0,0,1,0,1,0,1,1,0,1,0,1,0,1,0,1,0 : 14.8157
1,0,0,1,0,1,1,1,0,0,1,0,0,0,1,1,0,0,0,0,1,1,0,0,0,0,1,0,0,1,0,0,0,1,0,0,0,1,0 : 14.8157
1,0,0,0,1,1,1,1,1,0,0,1,0,0,1,1,0,0,0,1,0,1,0,0,0,0,0,1,0,0,1,0,0,0,0,1,1,0,0 : 14.8157
1,1,0,0,1,1,1,1,1,0,1,1,1,1,1,1,0,0,0,1,0,1,0,0,0,0,0,0,1,0,0,1,0,1,0,0,1,0,1 : 14.8157
0,0,0,0,0,1,1,0,1,1,1,1,0,1,1,1,0,0,1,1,0,0,0,0,1,0,1,0,1,1,0,1,0,1,0,1,0,1,0 : 14.8157
0,0,0,1,0,1,1,1,1,0,1,0,0,0,1,1,0,0,0,0,1,1,0,0,0,0,1,0,0,1,0,0,0,1,0,0,0,1,0 : 14.8157
1,0,0,0,1,1,1,1,1,0,1,1,1,1,1,1,0,0,0,1,0,1,0,0,0,0,0,0,1,0,0,1,0,1,0,0,1,0,1 : 14.8157
0,0,0,0,0,1,1,0,1,1,1,1,0,1,1,1,0,0,1,1,0,0,0,0,1,0,1,0,1,1,0,1,0,1,0,1,0,1,0 : 14.8157
1,0,0,1,0,1,1,1,0,0,1,0,0,0,1,1,0,0,0,0,1,1,0,0,0,0,1,0,0,1,0,0,0,1,0,0,0,1,0 : 14.8157
1,0,0,0,1,1,1,1,1,0,0,1,0,0,1,1,0,0,0,1,0,1,0,0,0,0,0,1,0,0,1,0,0,0,0,1,1,0,0 : 14.8157
1,1,0,0,1,1,1,1,1,0,1,1,1,1,1,1,0,0,0,1,0,1,0,0,0,0,0,0,1,0,0,1,0,1,0,0,1,0,1 : 14.8157
0,0,0,0,0,1,1,0,1,1,1,1,0,1,1,1,0,0,1,1,0,0,0,0,1,0,1,0,1,1,0,1,0,1,0,1,0,1,0 : 14.8157
0,0,0,1,0,1,1,1,1,0,1,0,0,0,1,1,0,0,0,0,1,1,0,0,0,0,1,0,0,1,0,0,0,1,0,0,0,1,0 : 14.8157
1,1,0,0,0,0,1,1,1,0,1,0,0,1,0,0,0,0,0,1,1,0,0,0,0,1,1,0,0,1,1,0,0,1,0,0,1,1,0 : 15.092
1,1,0,0,0,0,1,1,1,0,1,0,0,1,0,0,0,0,0,1,1,0,0,0,0,1,1,0,0,1,1,0,0,1,0,0,1,1,0 : 15.092
1,1,0,0,0,0,1,1,1,0,1,0,0,1,0,0,0,0,0,1,1,0,0,0,0,1,1,0,0,1,1,0,0,1,0,0,1,1,0 : 15.092
1,1,0,0,0,0,1,1,1,0,1,0,0,1,0,0,0,0,0,1,1,0,0,0,0,1,1,0,0,1,1,0,0,1,0,0,1,1,0 : 15.092
0,0,1,1,0,0,0,0,0,0,0,0,0,0,0,0,0,0,1,1,0,1,0,0,0,0,1,0,0,1,1,0,0,0,0,0,0,1,0 : 15.5228
0,0,1,1,0,0,0,0,0,0,0,0,0,0,0,0,0,0,1,0,0,1,0,0,0,0,1,0,0,1,1,0,0,0,0,0,0,1,0 : 15.5228
0,0,1,1,0,0,0,0,0,0,0,0,0,0,0,0,0,0,1,0,0,1,0,0,0,0,1,0,0,1,1,0,0,0,0,0,0,1,0 : 15.5228
0,0,1,1,0,0,0,0,0,0,0,0,0,0,0,0,0,0,1,1,0,1,0,0,0,0,1,0,0,1,1,0,0,0,0,0,0,1,0 : 15.5228
