1,1,1,1,1,0,1,0,1,1,0,0,1,1,0,0 : 247.717
1,1,0,1,0,0,1,0,1,0,1,0,1,0,1,0 : 427.07
1,0,1,1,0,0,0,0,1,1,0,0,1,1,0,0 : 263.6429
1,0,1,1,0,1,1,0,1,0,0,1,1,0,1,0 : 408.073
1,0,1,1,0,0,0,1,1,0,0,1,1,1,0,0 : 263.6429
1,0,0,1,1,0,0,0,1,1,0,0,1,0,1,0 : 495.1
1,0,0,0,0,0,1,1,1,0,0,1,1,0,0,1 : 510.837
1,1,1,1,0,0,1,0,1,1,0,0,1,0,0,1 : 493.543
1,1,0,0,0,1,1,1,1,0,1,0,1,0,1,0 : 414.687
1,1,1,0,1,0,1,1,1,0,1,0,1,1,0,0 : 247.717
1,1,1,0,0,1,0,1,1,0,1,0,1,1,0,0 : 275.97
1,1,1,0,0,1,0,0,1,0,1,0,1,1,0,0 : 275.97
1,1,1,0,0,1,0,0,1,0,1,0,1,1,0,0 : 275.97
1,1,1,0,1,0,1,0,1,0,0,1,1,0,1,0 : 482.817
1,0,1,0,0,0,0,1,1,0,1,0,1,1,0,0 : 263.6429
1,1,1,0,0,0,1,1,1,0,1,0,1,1,0,0 : 247.717
1,1,1,0,0,0,0,1,1,0,0,1,1,1,0,0 : 247.717
1,1,0,0,1,0,1,0,1,0,0,1,1,1,0,0 : 263.92
1,1,1,0,0,0,1,1,1,0,1,0,1,0,1,0 : 416.263
1,1,1,1,0,0,1,1,1,0,0,1,1,0,0,1 : 493.543
1,1,1,0,0,1,1,1,1,1,0,0,1,0,1,0 : 416.263
1,1,1,1,0,0,0,1,1,0,1,0,1,1,0,0 : 247.717
1,1,1,1,0,0,1,1,1,0,1,0,1,1,0,0 : 247.717
1,1,0,0,0,1,1,1,1,0,1,0,1,0,1,0 : 414.687
1,1,1,1,0,1,1,1,1,1,0,0,1,0,0,1 : 575.477
1,1,0,0,1,0,1,0,1,1,0,0,1,1,0,0 : 260.497
1,0,1,1,0,0,1,0,1,0,0,1,1,0,1,0 : 408.073
1,1,0,0,0,0,1,1,1,0,1,0,1,0,0,1 : 493.543
1,1,1,1,0,0,1,0,1,0,1,0,1,0,1,0 : 408.073
1,1,1,1,0,0,0,1,1,0,0,1,1,1,0,0 : 247.717
1,1,1,1,0,1,0,0,1,0,1,0,1,1,0,0 : 275.97
1,1,1,1,1,0,1,0,1,1,0,0,1,1,0,0 : 247.717
1,1,0,0,0,0,1,1,1,0,1,0,1,0,1,0 : 414.687
1,1,1,0,0,0,0,0,1,0,1,0,1,0,1,0 : 426.417
1,0,1,1,1,0,1,1,1,1,0,0,1,1,0,0 : 277.533
1,1,1,0,0,1,0,0,1,0,0,1,1,1,0,0 : 275.97
1,1,0,1,0,1,0,0,1,0,0,1,1,1,0,0 : 287.01
1,0,1,1,0,0,1,0,1,1,0,0,1,1,0,0 : 263.6429
1,1,1,0,0,0,0,0,1,0,0,1,1,1,0,0 : 247.717
1,1,1,0,0,0,0,1,1,1,0,0,1,0,0,1 : 583.847
1,1,0,0,1,0,0,1,1,1,0,0,1,1,0,0 : 261.207
1,1,1,1,1,1,1,1,1,0,1,0,1,1,0,0 : 279.903
1,0,1,1,0,0,0,1,1,0,0,1,1,0,0,1 : 605.273
1,0,1,1,1,0,1,1,1,0,0,1,1,0,1,0 : 482.817
1,0,0,0,0,1,0,1,1,1,0,0,1,1,0,0 : 304.96
1,1,0,1,0,0,1,0,1,0,0,1,1,1,0,0 : 263.92
1,1,1,0,1,1,0,1,1,0,0,1,1,1,0,0 : 279.903
1,1,1,1,0,1,1,0,1,0,1,0,1,0,1,0 : 408.073
1,0,1,1,0,0,1,1,1,1,0,0,1,0,0,1 : 508.34
1,1,1,1,0,1,1,0,1,0,0,1,1,1,0,0 : 275.97
1,1,1,0,0,1,1,1,1,0,0,1,1,1,0,0 : 275.97
1,0,1,0,1,1,1,0,1,1,0,0,1,0,1,0 : 482.817
1,1,1,0,0,0,1,0,1,0,0,1,1,1,0,0 : 247.717
1,1,1,0,0,1,0,1,1,1,0,0,1,0,1,0 : 416.263
1,1,0,1,0,0,1,0,1,1,0,0,1,1,0,0 : 260.497
1,0,1,0,0,0,1,1,1,0,0,1,1,1,0,0 : 263.6429
1,0,0,0,0,0,1,1,1,0,1,0,1,0,0,1 : 510.837
1,0,1,1,0,1,1,0,1,0,0,1,1,0,1,0 : 408.073
1,0,1,0,1,1,1,1,1,0,0,1,1,0,1,0 : 482.817
1,0,0,1,0,1,1,1,1,1,0,0,1,0,0,1 : 561.743
1,1,1,1,0,1,1,0,1,0,1,0,1,1,0,0 : 275.97
1,1,1,0,1,1,1,1,1,0,1,0,1,0,1,0 : 432.77
1,1,0,1,0,0,1,1,1,1,0,0,1,1,0,0 : 261.207
1,0,1,0,0,0,0,1,1,1,0,0,1,1,0,0 : 263.6429
1,1,1,0,1,0,1,1,1,0,1,0,1,1,0,0 : 247.717
1,1,1,0,0,1,1,1,1,0,1,0,1,0,1,0 : 416.263
1,1,1,1,0,0,0,0,1,1,0,0,1,0,1,0 : 408.073
1,1,1,0,1,0,0,0,1,0,1,0,1,1,0,0 : 247.717
1,1,1,0,1,1,0,1,1,1,0,0,1,1,0,0 : 279.903
1,0,1,1,0,1,0,1,1,0,1,0,1,1,0,0 : 295.427
1,1,0,0,1,0,0,0,1,0,0,1,1,1,0,0 : 263.92
1,1,0,0,1,0,1,0,1,0,0,1,1,0,1,0 : 482.817
1,1,1,0,0,0,0,1,1,0,1,0,1,1,0,0 : 247.717
1,0,0,0,0,1,1,1,1,0,1,0,1,0,1,0 : 435.977
1,1,1,0,1,1,1,0,1,0,1,0,1,1,0,0 : 279.903
1,1,1,0,1,0,0,1,1,0,1,0,1,1,0,0 : 247.717
1,0,1,1,0,0,1,0,1,0,0,1,1,0,1,0 : 408.073
1,0,0,0,0,0,1,1,1,0,0,1,1,0,1,0 : 435.977
1,1,1,0,0,0,0,0,1,1,0,0,1,1,0,0 : 247.717
1,0,0,0,0,0,1,1,1,0,0,1,1,0,0,1 : 510.837
1,0,1,0,0,0,1,1,1,0,0,1,1,0,1,0 : 435.977
1,0,1,0,0,0,1,1,1,0,0,1,1,1,0,0 : 263.6429
1,0,1,0,1,1,1,0,1,0,1,0,1,0,1,0 : 448.11
1,0,1,1,0,0,0,1,1,0,1,0,1,1,0,0 : 263.6429
1,1,1,0,1,0,1,0,1,0,1,0,1,1,0,0 : 247.717
1,0,1,1,0,1,1,0,1,0,0,1,1,0,1,0 : 408.073
1,0,0,1,0,1,1,0,1,0,1,0,1,0,0,1 : 561.743
1,0,1,0,0,0,1,0,1,0,0,1,1,0,0,1 : 508.34
1,1,1,1,0,0,1,0,1,0,1,0,1,0,1,0 : 408.073
1,1,0,0,0,0,1,1,1,0,1,0,1,0,0,1 : 493.543
1,1,1,1,0,0,0,0,1,0,1,0,1,1,0,0 : 247.717
1,1,1,0,0,0,1,1,1,1,0,0,1,0,0,1 : 493.543
1,0,1,0,0,0,0,0,1,1,0,0,1,1,0,0 : 263.6429
1,0,1,0,0,1,1,0,1,0,0,1,1,0,0,1 : 576.54
1,1,0,0,0,0,1,1,1,1,0,0,1,0,1,0 : 414.687
1,1,1,0,1,0,0,0,1,0,1,0,1,1,0,0 : 247.717
1,1,1,1,0,0,0,1,1,0,0,1,1,0,0,1 : 583.847
1,0,0,0,0,0,0,1,1,0,1,0,1,1,0,0 : 268.603
1,0,1,0,0,0,1,0,1,1,0,0,1,1,0,0 : 263.6429
1,1,1,1,0,0,0,0,1,0,1,0,1,1,0,0 : 247.717
