1,0,0,0,0,0,0,0,0,1,0 : 199.6833
1,0,0,0,1,0,0,1,1,1,0 : 199.6833
1,0,0,0,1,0,0,1,1,0,0 : 199.9533
1,0,0,0,0,1,0,0,1,1,0 : 200.38
1,0,0,0,0,0,1,1,1,1,1 : 215.6066
1,0,0,0,1,1,1,1,1,1,0 : 202.68
1,0,0,0,1,0,0,1,1,1,0 : 199.6833
1,0,0,0,0,0,1,0,1,0,0 : 203.9766
1,0,0,0,0,0,1,0,0,1,0 : 200.66
1,0,0,0,1,0,0,0,1,1,0 : 199.6833
1,0,0,0,0,0,0,0,1,1,1 : 215.6066
1,0,0,0,1,1,0,0,0,1,0 : 200.38
1,0,0,0,1,0,0,0,0,1,0 : 199.6833
1,0,0,0,1,0,0,1,1,0,0 : 199.9533
1,0,0,0,0,1,0,0,0,0,0 : 203.9333
1,0,0,0,1,0,0,1,0,1,0 : 199.6833
1,0,0,0,0,0,0,1,0,1,0 : 199.6833
1,0,0,0,1,0,0,1,0,1,0 : 199.6833
1,0,0,0,0,0,0,0,1,0,0 : 201.1533
1,0,0,1,0,0,0,1,0,1,0 : 207.7466
1,0,0,0,1,0,0,1,1,1,0 : 199.6833
1,0,0,0,0,0,0,1,1,1,0 : 199.6833
1,0,0,0,0,0,0,0,0,1,0 : 199.6833
1,0,0,0,1,0,0,0,0,1,0 : 199.6833
1,0,0,0,0,0,1,0,1,1,0 : 203.9766
1,0,0,0,1,0,0,0,0,1,0 : 199.6833
1,0,0,1,1,1,0,0,1,0,0 : 210.5066
1,0,0,0,1,0,0,1,0,1,0 : 199.6833
1,0,0,0,1,0,0,0,0,1,0 : 199.6833
1,0,0,0,0,0,0,0,0,1,0 : 199.6833
1,0,0,0,0,0,0,0,0,1,0 : 199.6833
1,0,0,0,0,0,0,1,1,1,0 : 199.6833
1,0,0,0,0,0,0,1,0,0,0 : 199.9533
1,0,0,0,0,0,0,0,1,1,0 : 199.6833
1,0,0,0,0,0,0,0,1,1,0 : 199.6833
1,0,0,0,0,0,0,1,1,1,0 : 199.6833
1,0,0,0,1,0,0,0,1,1,0 : 199.6833
1,0,0,0,0,0,0,0,0,0,0 : 201.1533
1,0,0,0,0,0,0,0,0,1,0 : 199.6833
1,0,0,0,0,0,1,1,0,1,0 : 200.66
1,0,0,0,1,0,0,1,0,0,0 : 199.9533
1,0,0,0,0,0,0,0,0,0,0 : 201.1533
1,0,0,1,1,1,1,1,1,1,0 : 214.48
1,1,0,1,0,1,0,1,0,1,0 : 232.9566
1,0,0,0,1,0,0,0,0,1,0 : 199.6833
1,0,0,1,1,0,1,1,1,1,0 : 216.9133
1,0,0,0,1,0,1,0,0,0,0 : 207.2333
1,0,0,0,0,0,0,0,1,1,0 : 199.6833
1,0,0,0,1,1,1,1,0,1,0 : 202.68
1,0,0,0,0,0,0,0,0,1,0 : 199.6833
1,0,0,1,0,0,0,0,1,0,0 : 208.37
1,0,0,0,0,1,1,0,0,1,1 : 214.37
1,0,0,0,0,1,0,0,1,0,0 : 203.9333
1,0,0,1,0,0,0,0,1,0,0 : 208.37
1,0,0,0,0,0,0,1,0,1,0 : 199.6833
1,0,0,0,1,0,0,1,1,1,0 : 199.6833
1,0,0,0,0,0,0,0,1,1,0 : 199.6833
1,0,0,0,0,1,0,0,0,1,0 : 200.38
1,0,0,0,0,0,1,0,0,1,0 : 200.66
1,0,0,0,0,0,0,1,1,1,0 : 199.6833
1,0,0,0,1,0,0,1,1,1,0 : 199.6833
1,0,0,0,1,0,0,0,1,1,0 : 199.6833
1,0,0,0,1,0,1,1,0,0,0 : 207.2333
1,0,0,0,0,0,1,0,0,0,0 : 202.3866
1,0,0,0,0,1,0,1,1,1,0 : 201.9733
1,0,0,0,1,1,1,1,0,1,0 : 202.68
1,0,0,1,0,0,0,0,0,1,0 : 207.7466
1,0,0,0,0,0,0,1,0,1,0 : 199.6833
1,0,0,0,1,0,1,1,0,1,0 : 202.68
1,0,0,0,0,0,0,1,0,0,0 : 199.9533
1,0,0,0,1,0,0,1,1,1,0 : 199.6833
1,0,0,0,1,0,0,0,0,1,0 : 199.6833
1,1,0,0,0,0,0,0,1,1,0 : 219.1533
1,0,0,0,1,0,0,0,1,1,0 : 199.6833
1,0,0,0,0,0,0,0,0,1,0 : 199.6833
1,0,0,0,0,0,0,0,1,1,1 : 215.6066
1,0,0,0,0,1,0,0,1,1,0 : 200.38
1,0,0,0,1,0,0,1,1,1,0 : 199.6833
1,0,0,0,0,0,0,0,0,1,0 : 199.6833
1,0,0,0,1,1,1,1,0,1,0 : 202.68
1,0,0,0,1,1,0,0,1,1,0 : 200.38
1,0,0,0,0,0,0,1,1,0,0 : 199.9533
1,0,0,0,0,0,0,0,0,1,0 : 199.6833
1,0,0,0,0,1,0,1,1,0,1 : 213.5333
1,0,0,0,0,0,0,0,0,1,0 : 199.6833
1,0,0,0,0,0,0,1,0,1,0 : 199.6833
1,0,0,0,1,1,0,0,0,1,0 : 200.38
1,0,0,0,1,0,0,1,0,0,0 : 199.9533
1,0,0,0,1,0,0,1,0,1,0 : 199.6833
1,0,0,0,1,0,0,0,1,1,0 : 199.6833
1,0,0,0,0,0,0,1,1,0,0 : 199.9533
1,0,0,0,0,0,0,0,1,1,0 : 199.6833
1,0,0,0,0,0,0,1,1,0,0 : 199.9533
1,0,0,0,0,0,0,0,1,1,0 : 199.6833
1,0,0,0,1,0,0,1,1,0,0 : 199.9533
1,0,1,1,0,0,0,1,1,1,0 : 227.0133
1,0,0,0,1,0,0,0,1,0,0 : 201.5466
1,0,0,0,0,1,0,1,0,1,0 : 201.9733
1,0,0,0,1,0,0,0,0,1,0 : 199.6833
1,0,0,0,1,0,0,0,1,1,0 : 199.6833
