1,0,0,1,0,1,1,0,0,0,1,1,1,0,1,0,0,1,0,0,0,1,0,1,0,0,1,0,0,0,1,0,1,1,0,1,1,0,1 : 13.9286
1,1,0,1,1,0,1,1,1,1,0,0,0,0,1,0,1,0,0,0,0,1,0,1,0,1,1,0,0,0,1,1,1,0,0,1,0,0,0 : 13.1294
1,0,0,1,1,0,0,0,0,1,1,0,0,0,1,1,1,1,1,1,1,1,0,1,0,1,0,1,1,0,0,0,1,1,0,0,0,0,0 : 13.0451
1,1,1,1,0,0,0,0,1,1,0,0,0,1,0,0,1,1,1,1,1,0,1,0,1,1,0,0,0,1,0,0,0,1,1,0,0,1,0 : 13.0451
0,1,1,0,1,0,0,1,1,1,0,0,0,0,1,0,1,0,0,1,0,1,0,0,0,1,1,0,0,1,1,1,1,0,0,1,1,1,1 : 13.0344
0,0,0,1,0,0,1,1,0,0,0,0,0,0,0,0,0,0,0,0,0,0,1,1,0,0,0,1,1,0,0,0,0,1,0,1,1,0,1 : 13.1671
1,0,0,0,0,0,0,0,1,1,0,1,1,1,0,0,1,1,0,1,0,0,0,0,0,0,1,0,1,0,1,0,0,0,0,1,0,1,0 : 13.0004
1,0,0,0,0,1,1,0,0,0,0,0,1,0,0,0,1,0,0,0,0,1,1,1,0,0,1,0,0,0,1,0,1,1,0,0,1,0,1 : 13.2118
0,0,1,1,0,0,0,0,1,0,0,0,0,1,1,1,0,0,1,0,1,1,1,0,0,0,1,0,1,0,0,1,0,1,0,0,0,0,0 : 15.1972
0,0,0,1,0,1,0,0,1,0,0,0,1,0,0,1,0,1,0,1,0,1,0,1,0,1,1,0,0,0,1,0,0,0,0,1,1,0,0 : 14.3553
0,1,1,0,1,0,0,1,0,1,0,0,1,0,1,1,0,0,0,0,0,1,0,0,0,1,0,0,1,1,0,0,1,1,0,0,1,1,0 : 13.0344
0,1,1,0,0,0,1,1,0,0,0,0,1,1,1,0,0,1,0,0,1,1,0,0,0,1,1,0,0,1,1,0,1,0,1,1,0,0,0 : 13.0412
1,0,0,1,1,1,0,1,1,1,1,0,1,0,1,0,1,0,0,0,0,0,0,0,0,1,1,0,0,1,0,0,1,1,0,0,1,0,1 : 14.3553
1,0,0,0,1,0,1,0,1,1,1,1,1,0,1,0,1,1,1,1,1,0,1,1,0,1,0,1,0,0,1,0,0,1,1,0,0,0,1 : 13.1283
0,0,0,0,0,0,1,1,1,1,0,0,0,0,1,1,1,0,1,1,0,0,0,1,0,1,0,0,0,1,1,1,1,0,1,0,1,0,0 : 13.0972
1,0,0,1,0,1,1,0,0,1,1,0,0,0,1,0,1,1,0,0,1,1,0,0,1,0,1,0,0,1,1,1,0,1,1,0,0,0,1 : 13.9286
0,1,1,0,0,0,1,0,1,1,0,0,1,1,1,1,0,0,0,0,0,0,0,0,1,1,0,0,1,1,0,0,0,1,0,0,1,0,1 : 13.0344
0,0,0,1,0,0,0,0,1,1,1,1,1,0,0,0,0,1,0,1,1,0,0,1,0,0,0,0,0,1,0,1,0,1,0,1,1,0,1 : 12.8051
1,0,0,0,1,0,0,1,0,1,1,0,0,1,0,0,0,1,0,1,1,1,0,1,0,0,1,1,1,0,0,0,0,1,0,1,0,0,0 : 13.1433
1,1,0,1,0,0,0,1,1,1,1,0,1,0,0,1,1,0,1,0,0,0,0,0,1,1,0,0,0,0,0,1,0,1,0,1,1,1,1 : 13.1294
0,0,0,0,1,0,1,0,0,0,0,0,1,1,1,1,1,0,1,0,0,0,1,0,0,1,0,0,0,1,0,0,0,1,1,0,0,1,0 : 13.079
1,0,0,0,0,0,1,1,0,1,1,0,1,1,0,1,1,1,1,1,0,0,0,1,0,0,0,0,1,0,0,0,1,1,0,0,1,0,0 : 13.0004
0,0,0,1,1,0,1,1,1,0,0,0,1,0,1,1,0,0,0,0,0,0,0,0,0,1,0,0,0,1,1,0,0,0,0,1,0,1,1 : 13.0193
0,1,0,0,0,1,0,0,0,0,1,0,0,1,0,0,0,0,1,0,1,0,1,1,0,1,1,0,1,0,1,0,0,0,0,0,1,1,1 : 13.0686
1,0,1,0,1,0,0,0,0,1,1,0,1,0,1,0,0,1,1,1,0,1,0,1,1,1,0,1,1,0,0,0,1,0,0,0,0,0,1 : 13.0004
1,1,0,0,1,1,0,1,1,0,0,1,1,1,1,1,1,1,1,0,0,1,1,1,0,1,0,1,0,0,1,0,1,0,0,0,0,0,1 : 15.4335
1,1,0,1,0,0,0,1,1,1,0,0,0,0,0,0,1,0,0,0,1,1,0,0,0,1,0,1,1,0,0,0,1,0,0,1,1,0,1 : 13.1294
1,0,1,0,0,0,1,0,1,0,1,1,0,1,0,0,0,1,0,1,1,0,0,1,1,1,0,0,0,0,0,1,1,0,0,1,1,0,1 : 12.8051
1,1,0,1,0,0,1,0,0,1,1,1,0,1,1,1,0,0,0,0,1,1,0,0,0,0,0,0,1,0,0,1,0,1,1,1,0,0,0 : 13.3384
1,0,0,1,0,1,1,1,0,1,1,0,1,1,1,1,1,0,1,0,1,1,0,1,0,0,0,0,1,0,0,1,0,1,0,1,0,0,0 : 15.4335
1,0,0,0,0,0,1,1,0,1,0,1,1,0,1,1,1,1,1,1,0,1,0,1,0,0,1,0,1,0,0,1,0,1,0,0,0,1,1 : 13.0004
0,0,0,0,1,0,1,0,0,1,1,0,0,0,0,1,1,1,0,0,0,0,1,0,1,0,1,1,1,0,0,0,0,1,0,0,1,0,0 : 13.731
1,1,0,0,1,1,0,1,0,1,1,0,1,1,1,0,0,0,0,0,0,1,1,0,1,0,1,0,0,1,0,1,0,1,0,1,0,1,1 : 13.2118
1,0,0,0,0,0,0,1,1,0,0,0,1,1,1,0,0,0,0,1,0,0,1,1,0,1,1,0,1,0,1,0,0,1,0,0,0,1,0 : 13.0212
1,0,0,1,1,0,0,0,1,0,1,1,1,1,1,0,1,1,0,1,1,0,0,0,1,0,1,0,0,1,0,0,0,0,0,1,0,1,0 : 12.8051
1,1,0,1,0,1,0,0,0,0,0,1,0,0,1,0,0,0,0,1,0,0,1,0,0,1,1,0,0,0,0,1,0,1,0,0,1,0,1 : 15.8336
1,1,0,1,1,0,1,1,1,1,0,1,0,1,1,1,1,0,1,1,0,0,0,0,1,0,1,1,0,0,1,1,1,0,0,1,1,1,0 : 13.1294
0,0,0,1,1,0,0,0,1,1,1,1,1,1,0,0,0,0,1,0,0,1,1,0,0,1,1,0,1,1,0,0,1,0,0,1,0,1,1 : 13.1294
0,0,0,0,0,0,1,0,0,0,1,0,1,0,1,1,0,0,1,0,1,0,1,1,0,0,1,0,1,1,0,0,0,0,0,1,1,1,0 : 13.5321
1,1,1,1,0,0,0,0,0,1,1,0,0,1,0,0,1,0,1,0,0,0,0,0,0,1,0,0,0,1,0,1,0,1,0,1,1,0,0 : 13.3384
1,0,1,0,1,0,0,1,0,1,0,0,0,0,1,0,1,0,1,1,0,0,0,0,0,1,0,0,0,1,0,1,0,1,0,0,1,0,0 : 13.0344
1,0,0,0,0,1,1,1,1,1,1,1,1,1,1,0,1,0,0,1,0,1,1,0,1,0,1,0,0,1,0,0,0,1,0,0,1,1,1 : 14.3553
0,0,1,0,0,0,1,0,1,0,0,0,1,1,1,1,0,1,0,1,0,1,0,0,0,1,0,0,0,1,0,0,0,1,1,0,0,0,1 : 13.0004
1,1,0,0,0,0,1,0,1,0,1,0,1,1,1,0,1,0,0,1,0,1,0,1,0,1,1,0,1,0,1,0,1,1,0,0,1,0,0 : 13.1925
0,0,1,1,0,0,0,1,0,0,1,0,0,1,0,1,1,1,0,1,0,0,0,1,0,1,0,0,0,1,0,1,1,0,0,1,0,0,0 : 13.2594
1,0,0,1,0,1,1,1,1,0,1,0,0,1,0,0,0,1,0,1,1,0,0,0,1,1,0,0,0,0,0,0,1,0,0,0,0,0,1 : 15.7855
1,1,1,1,0,0,0,0,1,1,1,1,1,0,1,1,1,1,0,0,0,0,1,0,1,0,1,0,0,0,1,1,0,1,0,0,0,0,1 : 12.6091
1,1,0,0,0,0,1,0,0,1,0,0,0,1,0,1,1,0,1,0,0,1,1,1,0,0,0,0,0,0,0,1,1,0,0,1,1,0,1 : 13.0015
1,1,1,1,0,0,0,0,0,0,0,0,0,0,1,0,0,0,0,1,0,1,0,0,0,0,1,1,0,1,0,1,1,0,0,0,0,1,0 : 13.2922
0,1,1,1,0,0,0,0,1,1,0,1,1,1,0,1,1,1,1,1,1,1,0,0,0,0,1,0,1,1,0,0,1,1,1,0,0,0,1 : 12.8185
1,1,0,0,0,0,0,1,1,0,1,1,0,1,0,1,1,1,0,1,1,0,0,1,0,1,1,1,1,0,0,0,1,1,0,0,1,0,0 : 13.6112
0,1,0,0,0,0,0,0,1,0,1,0,0,0,1,1,1,0,1,0,1,0,0,0,0,0,0,0,0,0,0,0,0,0,1,0,1,0,0 : 13.0015
1,0,1,0,0,0,1,1,0,1,1,0,1,0,1,1,1,1,0,1,1,1,1,1,1,0,1,0,1,0,1,0,1,0,0,1,0,0,0 : 13.1433
1,0,0,1,0,0,0,1,1,0,1,0,0,1,1,1,1,1,1,1,1,0,0,1,0,1,0,0,0,0,1,0,1,1,1,0,1,0,0 : 13.0451
0,0,0,0,0,0,0,0,1,1,0,1,1,1,1,1,1,0,1,1,0,0,1,0,0,1,0,0,0,0,0,0,0,0,1,0,1,0,0 : 13.0405
1,1,1,0,1,0,0,1,0,1,0,0,1,0,1,1,1,1,0,1,0,0,0,1,1,0,1,0,0,1,1,0,0,0,0,0,1,0,0 : 13.0004
0,0,0,1,1,0,0,1,0,0,1,1,0,0,0,1,1,1,0,0,1,1,0,0,0,1,1,0,1,0,0,0,0,1,0,1,0,0,0 : 13.3019
0,0,0,0,0,0,0,0,0,0,0,1,0,1,1,1,1,0,1,0,0,0,1,0,1,1,0,0,0,0,0,0,1,0,0,0,0,1,1 : 13.0135
0,1,1,1,0,0,0,0,0,0,1,1,0,0,1,1,1,1,1,0,0,1,0,0,0,0,0,0,0,1,0,0,1,1,0,1,0,1,0 : 13.0412
0,1,0,1,1,0,1,1,0,0,1,0,0,1,0,1,1,0,1,1,0,0,0,0,0,0,1,1,0,0,1,1,0,1,0,0,0,0,1 : 13.059
1,1,0,1,0,0,1,0,1,0,0,0,0,0,1,1,0,1,1,1,0,1,0,1,1,0,1,0,0,1,0,1,0,1,1,0,0,0,1 : 13.1543
0,0,1,1,0,0,0,1,1,0,0,1,1,0,1,1,1,0,1,1,0,1,0,1,0,1,0,0,1,0,1,0,1,0,0,0,0,1,0 : 13.1305
0,0,1,1,0,0,0,0,0,1,0,0,1,1,1,0,1,1,0,1,0,1,0,0,0,0,0,0,0,1,1,0,0,1,0,1,0,1,1 : 13.0004
1,0,1,0,0,0,1,0,0,0,0,1,0,1,1,0,1,0,0,0,0,0,0,1,1,0,1,1,0,1,0,1,1,0,0,1,1,0,0 : 13.1815
0,0,1,0,0,0,1,1,0,0,1,0,1,1,0,0,1,1,1,1,0,0,0,1,0,0,1,0,1,1,0,0,0,1,0,1,0,1,1 : 13.0004
1,0,0,1,1,1,0,0,0,1,0,0,0,0,1,1,1,1,1,0,0,1,1,0,0,1,1,0,1,0,1,1,0,1,0,1,0,0,1 : 13.2118
0,1,0,0,1,0,0,1,1,1,1,0,1,1,0,1,0,1,1,1,1,1,0,0,0,0,0,0,0,1,1,0,1,1,0,0,1,1,0 : 12.7139
0,0,1,0,1,0,0,1,1,1,0,0,1,0,1,1,0,1,1,0,0,0,0,1,0,1,1,1,0,1,0,1,1,0,0,0,1,0,0 : 13.2694
1,0,0,1,0,0,1,0,0,0,1,1,1,0,0,0,1,1,0,1,1,0,0,1,0,0,0,0,0,1,0,1,0,1,0,1,0,1,0 : 12.8051
0,0,0,0,0,0,0,1,0,0,1,0,1,1,0,0,1,1,0,0,0,0,1,0,0,0,0,1,0,1,0,0,1,1,0,1,0,1,1 : 15.5122
1,0,0,0,1,1,1,1,0,1,0,1,1,1,0,1,1,0,1,0,0,1,1,0,0,1,1,0,0,0,0,0,0,1,0,1,1,1,0 : 13.2118
0,0,0,1,0,0,1,0,0,0,1,0,1,1,1,0,0,1,1,1,0,0,0,1,0,0,1,0,0,1,0,0,0,1,0,0,0,1,1 : 13.0004
0,1,0,0,0,0,0,0,0,1,1,1,1,1,1,1,1,0,0,0,1,0,1,1,0,1,1,1,0,1,0,1,1,0,0,0,0,1,0 : 13.0405
1,1,0,1,1,0,1,0,1,1,1,0,1,1,1,1,0,0,0,0,1,1,0,1,0,1,1,1,0,1,0,0,1,0,0,1,1,1,0 : 13.1294
1,0,0,1,1,1,1,1,1,1,1,1,0,0,0,0,1,1,1,1,1,0,1,0,0,0,0,0,1,1,1,1,1,0,0,0,1,0,0 : 16.5683
1,1,0,1,0,0,0,0,1,0,1,0,0,0,1,1,1,1,0,1,0,1,0,1,0,0,1,0,0,0,0,0,1,1,0,0,0,1,1 : 13.1543
0,1,0,1,0,1,1,1,1,1,0,1,1,1,0,1,1,1,1,0,1,1,0,1,1,1,0,0,1,0,1,1,1,0,0,1,0,0,0 : 15.4335
1,1,0,0,0,0,0,0,1,0,1,1,1,0,0,0,0,0,0,0,1,1,0,0,0,1,1,0,1,0,0,0,1,1,0,0,0,0,0 : 13.6216
1,0,1,1,0,0,0,1,1,0,0,0,0,1,0,1,1,0,1,1,0,1,0,1,1,1,0,0,1,1,1,0,1,0,0,1,0,0,1 : 13.1305
1,1,1,0,1,0,0,0,0,1,0,1,1,1,1,0,1,1,0,0,0,1,0,1,0,1,1,0,0,1,0,0,1,0,0,1,0,1,0 : 13.0412
0,0,0,0,0,1,0,0,0,0,1,1,1,0,1,0,0,0,1,0,1,0,1,1,1,0,1,1,0,0,1,1,1,0,1,0,0,1,0 : 13.0686
0,1,0,0,0,0,0,1,1,1,1,0,1,1,1,1,1,1,1,1,1,1,0,0,0,1,0,0,1,0,0,1,1,0,0,0,1,1,0 : 12.7139
0,0,1,1,0,0,0,1,1,0,1,1,0,1,0,1,0,0,1,1,0,0,1,1,1,1,0,0,1,1,0,0,1,0,0,1,0,1,0 : 13.0193
1,1,0,1,1,0,0,1,1,0,1,1,1,1,0,1,1,1,1,1,0,1,0,1,0,1,0,0,0,1,1,0,1,0,0,1,0,0,0 : 13.0004
1,1,0,0,1,0,0,1,1,0,0,0,1,1,0,1,0,0,1,1,0,0,0,1,1,1,0,0,1,1,1,0,0,1,0,0,1,0,1 : 13.1925
1,0,0,0,1,0,1,0,0,0,0,1,0,0,1,1,1,0,1,1,0,1,1,1,0,1,1,0,0,1,0,0,0,1,0,0,1,1,1 : 13.0135
0,0,0,1,1,0,1,1,1,1,0,0,0,1,0,0,1,1,0,1,1,0,1,1,1,1,0,0,0,0,0,0,0,0,0,0,0,0,0 : 13.6112
1,1,1,0,0,0,1,1,0,1,1,1,1,1,1,1,1,1,1,0,0,0,0,1,1,1,0,0,1,1,1,0,0,1,0,0,0,1,1 : 12.6091
1,1,1,0,0,0,1,0,1,1,1,1,0,1,1,0,1,0,0,1,1,0,0,1,0,1,0,0,0,1,0,0,1,1,0,0,1,0,1 : 13.0344
0,0,0,1,0,0,1,1,0,1,1,1,1,1,0,1,0,1,0,0,1,0,1,0,1,1,0,0,1,1,0,0,1,0,0,1,0,0,0 : 13.731
0,0,0,0,1,0,0,0,1,0,0,0,0,0,1,0,0,1,1,1,1,1,0,0,0,1,1,0,0,0,1,0,0,1,0,1,0,1,1 : 12.7139
1,0,0,1,0,0,1,1,1,0,1,1,0,1,0,0,0,1,0,0,1,0,1,0,1,0,1,0,0,0,0,0,0,1,0,0,1,1,0 : 13.2324
0,0,0,1,1,0,0,0,0,1,1,1,1,1,0,0,1,1,0,1,1,1,1,0,1,0,1,0,0,1,0,0,1,1,0,1,0,0,0 : 12.8051
1,1,0,1,1,0,1,1,0,1,1,0,1,1,1,1,1,1,0,1,1,1,1,1,0,0,0,0,0,0,0,0,1,1,0,1,1,1,1 : 13.1433
0,0,1,0,1,0,0,0,0,1,0,1,0,0,1,0,1,1,0,1,1,0,0,1,1,0,1,1,1,0,0,0,0,0,0,1,1,0,1 : 12.8051
0,1,0,0,0,1,1,0,0,0,0,0,0,1,1,0,1,1,0,0,1,0,0,0,0,0,1,0,0,1,0,0,1,1,0,1,1,1,1 : 13.0563
1,0,0,0,0,1,1,1,0,0,1,1,0,1,1,0,0,1,0,0,0,0,1,1,0,0,1,0,0,1,1,0,0,0,0,1,1,0,1 : 13.0854
0,0,1,1,0,0,0,0,1,1,1,1,1,0,0,1,0,1,0,1,1,1,0,0,1,0,1,1,1,0,0,0,0,1,0,1,0,0,1 : 12.8051
0,1,0,1,1,0,1,1,1,1,0,1,1,1,0,1,1,0,1,0,0,1,1,0,1,1,0,0,1,0,1,0,0,1,0,1,0,1,1 : 13.1294
1,1,0,1,1,0,1,1,1,1,1,0,1,0,0,0,0,0,0,1,0,0,0,1,0,0,1,0,0,0,1,0,0,1,0,1,0,1,0 : 13.1294
