1,0,1,1,0,0,0,0,0,1,0,1,1,0,0,0,1,1,0,1,1,0,1,1,0,1,0,0,0,0,0,0,0,1,0,1,1,1,0 : 12.8051
1,1,1,1,0,0,0,0,0,1,1,1,1,0,0,0,1,1,0,1,1,0,1,1,0,1,0,0,0,0,0,0,0,1,0,1,1,0,0 : 12.8051
1,0,1,1,0,0,0,0,0,0,1,1,1,0,0,0,1,1,0,1,1,0,0,1,0,1,0,0,0,0,0,0,0,1,0,1,1,0,0 : 12.8051
1,0,1,1,0,0,0,0,0,1,1,1,1,0,0,0,1,1,0,1,1,0,1,1,0,1,0,0,0,0,0,0,0,1,0,1,1,1,0 : 12.8051
1,0,1,1,0,0,0,0,0,1,0,1,1,0,0,0,1,1,0,1,1,0,1,1,0,1,0,0,0,0,0,0,0,1,0,1,1,1,0 : 12.8051
1,1,1,1,0,0,0,0,0,1,1,1,1,0,0,0,1,1,0,1,1,0,1,1,0,1,0,0,0,0,0,0,0,1,0,1,1,0,0 : 12.8051
1,0,1,1,0,0,0,0,0,0,1,1,1,0,0,0,1,1,0,1,1,0,0,1,0,1,0,0,0,0,0,0,0,1,0,1,1,0,0 : 12.8051
1,0,1,1,0,0,0,0,0,1,1,1,1,0,0,0,1,1,0,1,1,0,1,1,0,1,0,0,0,0,0,0,0,1,0,1,1,1,0 : 12.8051
0,0,0,1,1,0,1,0,0,0,1,0,1,1,0,0,1,1,1,1,0,0,0,1,0,0,1,0,0,1,0,0,1,1,0,0,0,1,1 : 13.0004
0,1,0,1,0,0,1,1,1,0,1,0,1,1,1,0,0,1,1,1,0,0,0,1,0,0,1,0,1,0,0,0,0,1,0,0,1,1,0 : 13.0004
0,0,0,1,0,0,1,1,1,0,0,0,1,1,1,0,0,1,0,1,0,0,0,1,0,0,1,0,0,0,0,0,0,1,0,0,0,1,1 : 13.0004
0,0,0,1,1,0,1,1,1,0,0,0,1,1,1,0,0,1,1,1,0,0,0,1,1,0,1,0,0,1,0,0,1,1,0,0,0,0,1 : 13.0004
0,0,0,1,0,0,1,0,1,0,0,0,1,1,1,0,0,1,0,1,0,0,0,0,0,0,1,0,0,0,0,0,0,1,0,0,0,1,1 : 13.0004
0,0,0,1,0,0,1,1,1,0,0,0,1,1,1,1,0,1,0,1,0,0,0,1,1,0,1,0,1,1,0,1,0,1,0,0,0,1,1 : 13.0004
1,0,0,1,0,0,1,1,1,0,0,0,1,1,1,0,1,1,1,1,0,0,0,1,0,0,1,0,0,0,0,0,0,1,0,0,0,1,0 : 13.0004
0,0,0,0,0,0,1,0,0,0,0,0,1,1,1,1,1,1,1,1,0,1,0,0,0,1,0,1,0,1,0,0,0,0,1,0,0,0,1 : 13.0004
0,0,0,1,0,0,1,1,1,0,1,0,1,1,0,0,0,1,1,1,0,0,0,1,0,0,1,0,1,0,0,0,0,1,0,0,1,1,1 : 13.0004
0,0,0,0,0,0,1,0,1,0,1,0,1,1,1,0,0,1,1,1,0,0,0,1,0,0,1,0,0,0,0,0,1,0,0,0,1,1,1 : 13.0004
0,1,0,1,0,0,1,1,1,0,0,0,1,1,1,0,0,1,1,1,0,0,0,1,0,0,1,0,0,0,0,0,0,1,0,0,0,1,1 : 13.0004
0,0,0,1,0,0,1,0,1,0,0,0,1,1,1,0,1,1,0,1,0,1,0,1,0,0,1,0,0,1,0,0,1,1,0,0,0,1,1 : 13.0004
0,0,0,1,0,0,1,1,1,0,0,1,1,1,1,0,0,1,1,1,0,0,0,1,0,0,1,0,1,1,0,0,0,1,0,0,0,1,0 : 13.0004
0,0,0,1,0,0,1,0,1,0,0,0,1,1,1,0,0,1,0,1,0,0,0,0,0,0,1,0,0,1,0,0,0,1,0,0,0,1,0 : 13.0004
0,0,0,0,0,0,1,0,0,0,0,0,1,1,0,1,1,1,0,1,0,1,0,0,1,1,0,0,0,1,0,0,0,0,1,0,0,0,1 : 13.0004
0,0,0,1,1,0,1,0,0,0,1,0,1,1,0,0,1,1,1,1,0,0,0,1,0,0,1,0,1,1,0,0,1,1,0,0,0,1,1 : 13.0004
0,0,0,1,0,0,1,1,1,0,1,0,1,1,1,1,0,1,1,1,0,0,0,1,0,0,1,0,0,0,0,0,0,1,0,0,1,1,1 : 13.0004
0,0,0,1,0,0,1,1,1,0,0,0,1,1,1,0,0,1,1,1,0,0,0,1,0,0,1,0,0,0,0,0,0,1,0,0,0,1,1 : 13.0004
0,1,0,1,0,0,1,0,1,0,0,0,1,1,1,0,0,1,0,1,0,0,0,0,1,0,1,0,0,0,0,0,0,1,0,0,0,1,1 : 13.0004
0,0,0,1,0,0,1,0,1,0,1,0,1,1,1,0,0,1,1,1,0,0,0,1,0,0,1,0,1,0,0,0,0,1,0,0,1,1,1 : 13.0004
0,1,0,1,0,0,1,1,1,0,0,0,1,1,1,0,0,1,1,1,0,0,0,1,0,0,1,0,0,0,0,0,0,1,0,0,0,1,1 : 13.0004
0,1,0,1,0,0,1,1,1,0,0,0,1,0,1,0,0,1,0,1,0,0,0,1,0,0,1,0,1,1,0,1,0,1,0,0,0,1,0 : 13.0004
0,0,0,0,0,0,1,1,0,0,1,0,1,1,1,1,1,1,1,1,0,1,0,0,0,1,0,0,0,1,0,0,0,0,1,0,0,0,1 : 13.0004
0,0,0,1,0,0,1,1,1,0,1,0,1,1,0,0,0,1,1,1,0,0,0,1,0,0,1,0,1,0,0,0,0,1,0,0,1,1,1 : 13.0004
0,0,0,1,0,0,1,1,1,0,0,0,1,1,1,0,0,1,1,1,0,0,0,1,0,0,1,0,0,1,1,0,1,1,0,0,0,1,1 : 13.0004
0,0,1,0,0,0,1,0,0,1,0,1,1,1,0,1,1,1,0,1,0,1,0,0,1,1,0,0,0,1,0,0,0,0,1,0,0,0,1 : 13.0004
0,0,0,0,0,0,1,0,1,0,1,0,1,1,1,0,0,1,1,1,0,0,0,1,0,0,1,0,0,0,0,0,1,1,0,0,1,1,1 : 13.0004
0,0,0,1,0,0,1,1,0,0,0,0,1,1,1,0,0,1,1,1,0,0,0,1,0,0,1,0,0,0,0,0,0,1,0,0,0,1,0 : 13.0004
0,0,0,1,0,0,1,1,1,0,0,1,1,1,1,0,0,1,0,1,0,0,0,1,0,0,1,0,1,1,0,0,0,1,0,0,0,1,0 : 13.0004
0,0,0,1,0,0,1,0,1,0,0,0,1,1,1,0,0,1,0,1,0,0,0,0,0,0,1,0,0,1,0,0,0,1,0,0,0,1,0 : 13.0004
0,0,0,0,0,0,1,0,0,0,0,0,1,1,0,1,1,1,0,1,0,1,0,0,1,1,0,0,0,1,0,0,0,0,1,0,0,0,1 : 13.0004
1,0,0,1,0,0,0,1,1,0,1,0,1,1,1,1,1,1,1,1,0,0,0,1,0,1,0,1,0,0,1,0,1,1,1,0,1,0,0 : 13.0004
0,0,0,1,1,0,1,0,0,0,1,0,1,1,0,0,1,1,1,1,0,0,0,1,0,0,1,0,0,1,0,0,1,1,0,0,0,1,1 : 13.0004
0,1,0,1,0,0,1,1,1,0,1,0,1,1,1,0,0,1,1,1,0,0,0,1,0,0,1,0,1,0,0,0,0,1,0,0,1,1,0 : 13.0004
0,0,0,1,0,0,1,1,1,0,0,0,1,1,1,0,0,1,0,1,0,0,0,1,0,0,1,0,0,0,0,0,0,1,0,0,0,1,1 : 13.0004
0,0,0,1,1,0,1,1,1,0,0,0,1,1,1,0,0,1,1,1,0,0,0,1,1,0,1,0,0,1,0,0,1,1,0,0,0,0,1 : 13.0004
0,0,0,1,0,0,1,0,1,0,0,0,1,1,1,0,0,1,0,1,0,0,0,0,0,0,1,0,0,0,0,0,0,1,0,0,0,1,1 : 13.0004
0,0,0,1,0,0,1,1,1,0,0,0,1,1,1,1,0,1,0,1,0,0,0,1,1,0,1,0,1,1,0,1,0,1,0,0,0,1,1 : 13.0004
1,0,0,1,0,0,1,1,1,0,0,0,1,1,1,0,1,1,1,1,0,0,0,1,0,0,1,0,0,0,0,0,0,1,0,0,0,1,0 : 13.0004
0,0,0,0,0,0,1,0,0,0,0,0,1,1,1,1,1,1,1,1,0,1,0,0,0,1,0,1,0,1,0,0,0,0,1,0,0,0,1 : 13.0004
0,0,0,1,0,0,1,1,1,0,1,0,1,1,0,0,0,1,1,1,0,0,0,1,0,0,1,0,1,0,0,0,0,1,0,0,1,1,1 : 13.0004
0,0,0,0,0,0,1,0,1,0,1,0,1,1,1,0,0,1,1,1,0,0,0,1,0,0,1,0,0,0,0,0,1,0,0,0,1,1,1 : 13.0004
0,1,0,1,0,0,1,1,1,0,0,0,1,1,1,0,0,1,1,1,0,0,0,1,0,0,1,0,0,0,0,0,0,1,0,0,0,1,1 : 13.0004
0,0,0,1,0,0,1,0,1,0,0,0,1,1,1,0,1,1,0,1,0,1,0,1,0,0,1,0,0,1,0,0,1,1,0,0,0,1,1 : 13.0004
0,0,0,1,0,0,1,1,1,0,0,1,1,1,1,0,0,1,1,1,0,0,0,1,0,0,1,0,1,1,0,0,0,1,0,0,0,1,0 : 13.0004
0,0,0,1,0,0,1,0,1,0,0,0,1,1,1,0,0,1,0,1,0,0,0,0,0,0,1,0,0,1,0,0,0,1,0,0,0,1,0 : 13.0004
0,0,0,0,0,0,1,0,0,0,0,0,1,1,0,1,1,1,0,1,0,1,0,0,1,1,0,0,0,1,0,0,0,0,1,0,0,0,1 : 13.0004
0,0,0,1,1,0,1,0,0,0,1,0,1,1,0,0,1,1,1,1,0,0,0,1,0,0,1,0,1,1,0,0,1,1,0,0,0,1,1 : 13.0004
0,0,0,1,0,0,1,1,1,0,1,0,1,1,1,1,0,1,1,1,0,0,0,1,0,0,1,0,0,0,0,0,0,1,0,0,1,1,1 : 13.0004
0,0,0,1,0,0,1,1,1,0,0,0,1,1,1,0,0,1,1,1,0,0,0,1,0,0,1,0,0,0,0,0,0,1,0,0,0,1,1 : 13.0004
0,1,0,1,0,0,1,0,1,0,0,0,1,1,1,0,0,1,0,1,0,0,0,0,1,0,1,0,0,0,0,0,0,1,0,0,0,1,1 : 13.0004
0,0,0,1,0,0,1,0,1,0,1,0,1,1,1,0,0,1,1,1,0,0,0,1,0,0,1,0,1,0,0,0,0,1,0,0,1,1,1 : 13.0004
0,1,0,1,0,0,1,1,1,0,0,0,1,1,1,0,0,1,1,1,0,0,0,1,0,0,1,0,0,0,0,0,0,1,0,0,0,1,1 : 13.0004
0,1,0,1,0,0,1,1,1,0,0,0,1,0,1,0,0,1,0,1,0,0,0,1,0,0,1,0,1,1,0,1,0,1,0,0,0,1,0 : 13.0004
0,0,0,0,0,0,1,1,0,0,1,0,1,1,1,1,1,1,1,1,0,1,0,0,0,1,0,0,0,1,0,0,0,0,1,0,0,0,1 : 13.0004
0,0,0,1,0,0,1,1,1,0,1,0,1,1,0,0,0,1,1,1,0,0,0,1,0,0,1,0,1,0,0,0,0,1,0,0,1,1,1 : 13.0004
0,0,0,1,0,0,1,1,1,0,0,0,1,1,1,0,0,1,1,1,0,0,0,1,0,0,1,0,0,1,1,0,1,1,0,0,0,1,1 : 13.0004
0,0,1,0,0,0,1,0,0,1,0,1,1,1,0,1,1,1,0,1,0,1,0,0,1,1,0,0,0,1,0,0,0,0,1,0,0,0,1 : 13.0004
0,0,0,0,0,0,1,0,1,0,1,0,1,1,1,0,0,1,1,1,0,0,0,1,0,0,1,0,0,0,0,0,1,1,0,0,1,1,1 : 13.0004
0,0,0,1,0,0,1,1,0,0,0,0,1,1,1,0,0,1,1,1,0,0,0,1,0,0,1,0,0,0,0,0,0,1,0,0,0,1,0 : 13.0004
0,0,0,1,0,0,1,1,1,0,0,1,1,1,1,0,0,1,0,1,0,0,0,1,0,0,1,0,1,1,0,0,0,1,0,0,0,1,0 : 13.0004
0,0,0,1,0,0,1,0,1,0,0,0,1,1,1,0,0,1,0,1,0,0,0,0,0,0,1,0,0,1,0,0,0,1,0,0,0,1,0 : 13.0004
0,0,0,0,0,0,1,0,0,0,0,0,1,1,0,1,1,1,0,1,0,1,0,0,1,1,0,0,0,1,0,0,0,0,1,0,0,0,1 : 13.0004
1,0,0,1,0,0,0,1,1,0,1,0,1,1,1,1,1,1,1,1,0,0,0,1,0,1,0,1,0,0,1,0,1,1,1,0,1,0,0 : 13.0004
1,0,0,0,0,0,0,0,0,1,1,0,0,1,1,1,1,0,1,0,1,0,1,1,0,1,0,1,1,0,0,0,1,1,0,0,0,0,1 : 13.0212
1,0,0,0,0,0,0,1,0,1,1,0,0,0,1,1,1,0,1,0,1,0,1,1,0,1,0,1,1,0,0,0,1,1,0,0,0,0,1 : 13.0212
1,0,0,0,0,0,0,0,0,1,1,0,0,1,1,1,1,0,1,0,1,0,1,1,0,1,0,1,1,0,0,0,1,1,0,0,0,0,1 : 13.0212
1,0,0,0,0,0,0,0,0,1,1,0,0,1,1,1,1,0,1,0,1,0,1,1,0,1,0,1,1,0,0,0,1,1,0,0,0,0,1 : 13.0212
1,0,0,0,0,0,0,1,0,1,1,0,0,0,1,1,1,0,1,0,1,0,1,1,0,1,0,1,1,0,0,0,1,1,0,0,0,0,1 : 13.0212
1,0,0,0,0,0,0,0,0,1,1,0,0,1,1,1,1,0,1,0,1,0,1,1,0,1,0,1,1,0,0,0,1,1,0,0,0,0,1 : 13.0212
1,1,1,0,0,0,1,0,0,0,1,0,0,1,0,1,1,0,1,1,1,1,0,1,0,1,1,0,0,1,0,0,0,0,0,1,0,1,1 : 13.0344
1,1,1,0,0,0,1,1,1,0,0,0,0,1,0,0,1,0,1,1,1,0,0,0,0,1,1,0,0,1,0,0,1,1,0,1,1,0,1 : 13.0344
1,1,1,0,0,0,1,1,0,0,1,0,0,1,0,1,1,0,0,1,1,1,0,1,0,1,1,0,1,1,0,0,0,0,0,0,1,0,1 : 13.0344
1,1,1,0,0,0,1,0,0,0,0,0,0,1,0,0,1,0,1,0,1,0,0,0,0,1,1,1,0,1,0,0,1,1,0,1,0,0,1 : 13.0344
0,1,1,0,0,0,1,1,1,0,1,1,0,1,0,0,1,0,0,1,1,1,0,1,0,1,1,0,0,1,0,0,0,1,0,1,1,1,1 : 13.0344
1,1,1,0,0,0,1,1,0,0,1,0,0,1,0,1,1,0,0,1,1,1,0,1,0,1,1,0,1,1,0,0,0,0,0,1,0,1,1 : 13.0344
1,1,1,0,0,0,1,1,1,0,0,1,0,1,0,0,1,0,1,1,1,0,0,0,0,1,1,0,0,1,0,0,1,1,0,1,0,0,1 : 13.0344
1,1,1,0,0,0,1,1,0,0,0,0,0,1,0,0,1,0,1,0,1,0,0,0,0,1,1,1,0,1,0,0,1,1,0,1,1,0,1 : 13.0344
0,1,1,0,0,0,1,1,1,0,1,1,0,1,0,0,1,0,0,1,1,1,0,1,0,1,1,0,1,1,0,0,0,1,0,1,0,1,0 : 13.0344
1,1,1,0,0,0,1,0,0,0,1,0,0,1,0,1,1,0,1,1,1,1,0,1,0,1,1,0,0,1,0,0,0,0,0,1,0,1,1 : 13.0344
1,1,1,0,0,0,1,1,1,0,0,0,0,1,0,0,1,0,1,1,1,0,0,0,0,1,1,0,0,1,0,0,1,1,0,1,1,0,1 : 13.0344
1,1,1,0,0,0,1,1,0,0,1,0,0,1,0,1,1,0,0,1,1,1,0,1,0,1,1,0,1,1,0,0,0,0,0,0,1,0,1 : 13.0344
1,1,1,0,0,0,1,0,0,0,0,0,0,1,0,0,1,0,1,0,1,0,0,0,0,1,1,1,0,1,0,0,1,1,0,1,0,0,1 : 13.0344
0,1,1,0,0,0,1,1,1,0,1,1,0,1,0,0,1,0,0,1,1,1,0,1,0,1,1,0,0,1,0,0,0,1,0,1,1,1,1 : 13.0344
1,1,1,0,0,0,1,1,0,0,1,0,0,1,0,1,1,0,0,1,1,1,0,1,0,1,1,0,1,1,0,0,0,0,0,1,0,1,1 : 13.0344
1,1,1,0,0,0,1,1,1,0,0,1,0,1,0,0,1,0,1,1,1,0,0,0,0,1,1,0,0,1,0,0,1,1,0,1,0,0,1 : 13.0344
1,1,1,0,0,0,1,1,0,0,0,0,0,1,0,0,1,0,1,0,1,0,0,0,0,1,1,1,0,1,0,0,1,1,0,1,1,0,1 : 13.0344
0,1,1,0,0,0,1,1,1,0,1,1,0,1,0,0,1,0,0,1,1,1,0,1,0,1,1,0,1,1,0,0,0,1,0,1,0,1,0 : 13.0344
1,1,0,1,1,0,1,1,1,0,0,0,0,1,1,0,1,0,1,1,0,1,0,1,0,1,0,0,0,1,1,0,1,1,1,0,1,0,0 : 13.0372
1,1,0,1,1,0,1,1,1,0,0,0,0,1,1,0,1,0,1,1,0,1,0,1,0,1,0,0,0,1,1,0,1,1,1,0,1,0,0 : 13.0372
1,0,0,1,0,0,0,1,1,0,1,0,0,1,1,1,1,1,1,1,1,0,0,1,0,1,0,1,0,0,1,0,1,1,1,0,1,0,0 : 13.0451
1,0,0,1,0,0,0,1,1,1,0,0,0,1,0,1,1,1,1,1,1,0,0,1,0,1,1,1,0,0,1,0,1,1,1,0,1,0,0 : 13.0451
