1,0,1,0,1,0,0,0,0,1,0,0,0,1,1,0,0,1,1,1,1,0,1,1,0,0,1,1,1,0,0,1,0,1,0,1,0,1,0 : 12.7139
1,0,1,0,1,0,0,0,0,1,0,0,0,1,0,0,0,1,1,1,1,0,1,1,0,0,1,1,1,0,0,1,0,1,0,1,0,1,0 : 12.7139
0,0,1,0,1,0,0,0,0,0,0,0,0,1,1,0,1,1,1,1,1,0,0,0,0,0,1,0,0,0,1,0,1,1,0,1,1,1,0 : 12.7139
1,0,1,0,1,0,0,0,0,1,0,0,0,1,0,0,0,1,1,1,1,0,1,1,0,0,1,1,1,0,0,1,0,1,0,1,0,1,1 : 12.7139
1,0,1,0,1,0,0,0,0,1,0,0,0,0,0,0,0,1,1,1,1,0,1,1,0,0,1,1,1,0,0,1,0,1,0,1,0,1,0 : 12.7139
1,0,1,0,1,0,0,0,0,1,0,0,1,1,0,0,0,1,1,1,1,0,1,1,0,0,1,1,1,0,0,1,0,1,0,1,0,1,0 : 12.7139
1,0,1,0,1,0,0,0,0,1,0,0,0,1,1,0,0,1,1,1,1,0,1,1,0,0,1,1,1,0,0,1,0,1,0,0,0,1,0 : 12.7139
0,0,0,0,1,0,0,0,0,0,0,0,0,1,1,0,1,1,1,1,1,0,0,0,0,0,0,0,0,0,1,0,1,1,0,1,1,1,1 : 12.7139
1,0,1,0,1,0,0,0,0,1,0,0,0,1,1,0,0,1,1,1,1,0,1,1,0,0,1,1,1,0,0,1,0,1,0,1,0,1,0 : 12.7139
1,0,1,0,1,0,0,0,0,1,0,0,0,1,0,0,0,1,1,1,1,0,1,1,0,0,1,1,1,0,0,1,0,1,0,1,0,1,0 : 12.7139
0,0,1,0,1,0,0,0,0,0,0,0,0,1,1,0,1,1,1,1,1,0,0,0,0,0,1,0,0,0,1,0,1,1,0,1,1,1,0 : 12.7139
1,0,1,0,1,0,0,0,0,1,0,0,0,1,0,0,0,1,1,1,1,0,1,1,0,0,1,1,1,0,0,1,0,1,0,1,0,1,1 : 12.7139
1,0,1,0,1,0,0,0,0,1,0,0,0,0,0,0,0,1,1,1,1,0,1,1,0,0,1,1,1,0,0,1,0,1,0,1,0,1,0 : 12.7139
1,0,1,0,1,0,0,0,0,1,0,0,1,1,0,0,0,1,1,1,1,0,1,1,0,0,1,1,1,0,0,1,0,1,0,1,0,1,0 : 12.7139
1,0,1,0,1,0,0,0,0,1,0,0,0,1,1,0,0,1,1,1,1,0,1,1,0,0,1,1,1,0,0,1,0,1,0,0,0,1,0 : 12.7139
0,0,0,0,1,0,0,0,0,0,0,0,0,1,1,0,1,1,1,1,1,0,0,0,0,0,0,0,0,0,1,0,1,1,0,1,1,1,1 : 12.7139
0,0,0,1,0,0,0,0,0,1,1,1,1,1,0,1,1,1,0,1,1,1,1,0,1,0,1,0,0,1,0,0,0,1,0,1,0,1,0 : 12.8051
0,0,0,1,0,0,0,0,0,0,1,1,1,1,0,1,1,1,0,1,1,1,1,0,1,0,1,0,0,1,0,0,0,1,0,1,0,1,0 : 12.8051
0,0,0,1,0,0,0,0,0,1,1,1,1,1,0,1,1,1,0,1,1,1,1,0,1,0,1,0,0,1,0,0,0,1,0,1,0,1,0 : 12.8051
0,0,0,1,0,0,0,0,0,0,1,1,1,1,0,1,1,1,0,1,1,1,1,0,1,0,1,0,0,1,0,0,0,1,0,1,0,1,0 : 12.8051
0,1,1,1,0,0,0,0,1,1,0,1,0,0,0,1,0,1,1,1,1,1,1,0,0,0,1,0,1,1,0,0,1,1,0,0,0,0,0 : 12.8185
0,1,1,1,0,0,0,0,1,0,0,1,0,0,0,1,0,1,1,1,1,1,0,0,0,0,1,0,1,1,0,0,1,1,0,0,0,0,1 : 12.8185
0,1,1,1,0,0,0,0,1,1,0,1,0,0,0,1,0,1,1,1,1,1,1,0,0,0,1,0,1,1,0,0,1,1,0,0,0,0,1 : 12.8185
0,1,1,1,0,0,0,0,1,0,0,1,0,0,0,1,1,1,1,1,1,1,0,0,0,0,0,0,1,1,0,0,1,1,0,0,0,0,1 : 12.8185
0,1,1,1,0,0,0,0,1,1,0,1,0,0,0,1,0,1,1,1,1,1,1,0,0,0,1,0,1,1,0,0,1,1,0,0,0,0,0 : 12.8185
0,1,1,1,0,0,0,0,1,0,0,1,0,0,0,1,0,1,1,1,1,1,0,0,0,0,1,0,1,1,0,0,1,1,0,0,0,0,1 : 12.8185
0,1,1,1,0,0,0,0,1,1,0,1,0,0,0,1,0,1,1,1,1,1,1,0,0,0,1,0,1,1,0,0,1,1,0,0,0,0,1 : 12.8185
0,1,1,1,0,0,0,0,1,0,0,1,0,0,0,1,1,1,1,1,1,1,0,0,0,0,0,0,1,1,0,0,1,1,0,0,0,0,1 : 12.8185
0,1,0,0,0,0,1,1,1,1,0,0,1,1,0,1,0,1,1,1,0,1,0,0,1,1,0,0,1,0,1,1,1,0,0,0,1,1,0 : 13.0004
1,0,1,1,0,0,0,1,0,0,0,0,1,1,1,1,1,1,0,1,0,0,0,1,0,0,1,0,1,0,0,0,0,1,0,1,0,0,1 : 13.0004
0,1,0,0,0,0,0,1,1,1,0,0,1,1,0,1,0,1,1,1,0,1,0,0,0,1,0,0,1,0,1,1,1,0,0,1,1,0,0 : 13.0004
0,0,0,1,0,0,1,0,0,0,1,0,1,1,1,0,0,1,1,1,0,0,0,1,1,0,1,0,0,1,0,0,0,1,0,0,0,0,1 : 13.0004
0,1,0,1,0,0,0,1,1,1,0,0,1,1,1,1,0,1,1,1,0,0,0,0,0,1,0,0,1,1,1,1,1,0,0,0,0,1,0 : 13.0004
0,0,1,0,0,0,1,0,1,0,0,0,1,1,1,1,0,1,0,1,0,0,0,0,0,1,0,0,0,1,0,1,0,1,1,0,0,0,1 : 13.0004
0,0,0,0,0,0,0,1,0,1,0,0,1,1,1,1,0,1,1,1,0,1,0,0,1,1,0,0,1,0,0,1,1,0,0,0,1,1,1 : 13.0004
0,1,0,1,0,0,1,0,1,0,1,0,1,0,1,0,0,1,1,1,0,0,0,1,0,0,1,0,0,1,0,0,0,1,0,1,0,1,1 : 13.0004
0,0,0,1,0,0,0,1,1,1,0,0,1,1,1,1,0,1,1,1,0,0,0,0,0,1,0,0,0,1,1,1,1,0,0,0,1,1,0 : 13.0004
0,1,0,0,0,0,0,0,0,0,0,0,1,1,0,1,0,1,1,1,0,1,0,0,1,1,0,0,1,0,1,1,1,0,0,0,1,1,0 : 13.0004
0,1,0,0,0,0,0,1,1,1,1,0,1,0,1,1,0,1,1,1,0,1,0,0,1,1,0,0,1,0,1,1,1,0,0,0,1,1,0 : 13.0004
0,0,0,1,0,0,1,0,0,0,0,0,1,1,1,0,0,1,1,1,0,0,0,1,0,0,1,0,0,1,0,0,0,1,0,0,0,1,1 : 13.0004
0,1,0,1,0,0,0,1,1,1,0,0,1,1,1,1,0,1,1,1,0,0,0,0,0,1,0,0,1,1,1,0,1,0,0,1,0,1,0 : 13.0004
1,0,1,1,0,0,0,1,0,0,0,0,1,1,1,1,1,1,0,1,0,0,0,1,0,0,1,0,0,0,0,0,0,1,0,1,0,0,0 : 13.0004
0,1,0,0,0,0,0,1,1,1,0,0,1,1,0,1,0,1,1,1,0,1,0,0,0,1,0,0,1,0,1,1,1,0,0,1,1,1,0 : 13.0004
0,0,0,1,0,0,0,0,0,0,1,0,1,1,1,0,0,1,1,1,0,0,0,1,1,0,1,0,0,1,0,0,0,1,0,0,0,1,1 : 13.0004
0,0,1,0,0,0,1,0,1,0,0,0,1,1,1,1,0,1,0,1,0,0,0,0,0,1,0,0,0,1,0,1,0,1,1,0,0,0,1 : 13.0004
0,1,0,1,0,0,1,0,0,0,1,0,1,1,1,0,0,1,1,1,0,0,0,1,0,0,1,0,0,0,0,0,0,1,0,1,0,1,1 : 13.0004
0,0,0,1,0,0,0,1,1,1,0,0,1,1,1,1,0,1,1,1,0,0,0,0,0,1,0,0,0,1,1,1,1,0,0,0,1,1,0 : 13.0004
0,1,0,0,0,0,1,1,1,1,0,0,1,1,0,1,0,1,1,1,0,1,0,0,1,1,0,0,1,0,1,1,1,0,0,0,1,1,0 : 13.0004
1,0,1,1,0,0,0,1,0,0,0,0,1,1,1,1,1,1,0,1,0,0,0,1,0,0,1,0,1,0,0,0,0,1,0,1,0,0,1 : 13.0004
0,1,0,0,0,0,0,1,1,1,0,0,1,1,0,1,0,1,1,1,0,1,0,0,0,1,0,0,1,0,1,1,1,0,0,1,1,0,0 : 13.0004
0,0,0,1,0,0,1,0,0,0,1,0,1,1,1,0,0,1,1,1,0,0,0,1,1,0,1,0,0,1,0,0,0,1,0,0,0,0,1 : 13.0004
0,1,0,1,0,0,0,1,1,1,0,0,1,1,1,1,0,1,1,1,0,0,0,0,0,1,0,0,1,1,1,1,1,0,0,0,0,1,0 : 13.0004
0,0,1,0,0,0,1,0,1,0,0,0,1,1,1,1,0,1,0,1,0,0,0,0,0,1,0,0,0,1,0,1,0,1,1,0,0,0,1 : 13.0004
0,0,0,0,0,0,0,1,0,1,0,0,1,1,1,1,0,1,1,1,0,1,0,0,1,1,0,0,1,0,0,1,1,0,0,0,1,1,1 : 13.0004
0,1,0,1,0,0,1,0,1,0,1,0,1,0,1,0,0,1,1,1,0,0,0,1,0,0,1,0,0,1,0,0,0,1,0,1,0,1,1 : 13.0004
0,0,0,1,0,0,0,1,1,1,0,0,1,1,1,1,0,1,1,1,0,0,0,0,0,1,0,0,0,1,1,1,1,0,0,0,1,1,0 : 13.0004
0,1,0,0,0,0,0,0,0,0,0,0,1,1,0,1,0,1,1,1,0,1,0,0,1,1,0,0,1,0,1,1,1,0,0,0,1,1,0 : 13.0004
0,1,0,0,0,0,0,1,1,1,1,0,1,0,1,1,0,1,1,1,0,1,0,0,1,1,0,0,1,0,1,1,1,0,0,0,1,1,0 : 13.0004
0,0,0,1,0,0,1,0,0,0,0,0,1,1,1,0,0,1,1,1,0,0,0,1,0,0,1,0,0,1,0,0,0,1,0,0,0,1,1 : 13.0004
0,1,0,1,0,0,0,1,1,1,0,0,1,1,1,1,0,1,1,1,0,0,0,0,0,1,0,0,1,1,1,0,1,0,0,1,0,1,0 : 13.0004
1,0,1,1,0,0,0,1,0,0,0,0,1,1,1,1,1,1,0,1,0,0,0,1,0,0,1,0,0,0,0,0,0,1,0,1,0,0,0 : 13.0004
0,1,0,0,0,0,0,1,1,1,0,0,1,1,0,1,0,1,1,1,0,1,0,0,0,1,0,0,1,0,1,1,1,0,0,1,1,1,0 : 13.0004
0,0,0,1,0,0,0,0,0,0,1,0,1,1,1,0,0,1,1,1,0,0,0,1,1,0,1,0,0,1,0,0,0,1,0,0,0,1,1 : 13.0004
0,0,1,0,0,0,1,0,1,0,0,0,1,1,1,1,0,1,0,1,0,0,0,0,0,1,0,0,0,1,0,1,0,1,1,0,0,0,1 : 13.0004
0,1,0,1,0,0,1,0,0,0,1,0,1,1,1,0,0,1,1,1,0,0,0,1,0,0,1,0,0,0,0,0,0,1,0,1,0,1,1 : 13.0004
0,0,0,1,0,0,0,1,1,1,0,0,1,1,1,1,0,1,1,1,0,0,0,0,0,1,0,0,0,1,1,1,1,0,0,0,1,1,0 : 13.0004
0,1,0,1,1,0,1,1,0,0,1,0,1,1,0,1,0,0,1,1,0,0,0,0,0,1,1,1,0,0,1,1,0,1,0,0,0,0,1 : 13.0193
0,1,0,1,1,0,1,1,0,0,1,0,1,1,0,1,0,0,1,1,0,0,0,0,0,1,1,1,0,0,1,1,0,1,0,0,0,1,1 : 13.0193
0,1,0,1,1,0,1,1,0,0,0,0,1,1,0,1,0,0,1,1,0,0,0,0,0,1,1,1,0,0,1,1,0,1,0,0,0,1,1 : 13.0193
0,1,0,1,1,0,1,1,0,0,1,0,1,1,0,1,0,0,1,1,0,0,0,0,0,1,1,1,0,0,1,1,0,1,0,0,0,0,1 : 13.0193
0,1,0,1,1,0,1,1,0,0,1,0,1,1,0,1,0,0,1,1,0,0,0,0,0,1,1,1,0,0,1,1,0,1,0,0,0,1,1 : 13.0193
0,1,0,1,1,0,1,1,0,0,0,0,1,1,0,1,0,0,1,1,0,0,0,0,0,1,1,1,0,0,1,1,0,1,0,0,0,1,1 : 13.0193
1,1,1,0,0,0,1,0,0,1,0,1,0,1,1,0,1,1,0,0,0,0,0,1,1,0,1,1,0,1,0,1,1,0,0,1,1,0,0 : 13.0412
1,1,1,0,0,0,1,0,0,1,0,1,0,1,1,0,1,1,0,0,0,0,0,1,1,0,1,1,0,1,0,1,1,0,0,1,1,0,0 : 13.0412
1,1,1,0,0,0,1,0,0,1,0,1,0,1,1,0,1,1,0,0,0,0,0,1,1,0,1,1,0,1,0,1,1,0,0,1,1,0,0 : 13.0412
1,1,1,0,0,0,1,0,0,1,0,1,0,1,1,0,1,1,0,0,0,0,0,1,1,0,1,1,0,1,0,1,1,0,0,1,1,0,0 : 13.0412
0,0,1,0,0,1,0,0,0,0,1,1,0,0,0,1,1,1,0,0,1,0,0,1,1,0,1,1,1,0,0,0,0,0,0,0,1,0,0 : 13.0563
0,0,1,0,0,1,0,0,0,0,1,1,0,0,0,1,1,1,0,0,1,0,0,1,1,0,1,1,1,0,0,0,0,0,0,0,1,0,0 : 13.0563
0,0,0,1,1,0,1,1,0,0,1,0,1,1,0,1,1,0,1,1,0,0,0,0,0,0,1,1,0,0,1,1,0,1,0,0,0,0,1 : 13.059
0,0,0,1,1,0,1,1,0,0,1,0,1,1,0,1,1,0,1,1,0,0,0,0,0,0,1,0,0,0,1,1,0,1,0,0,0,1,1 : 13.059
0,0,0,1,1,0,1,1,0,0,1,1,1,1,0,1,1,0,1,1,0,0,0,0,0,0,1,1,0,0,1,1,0,1,0,1,0,0,1 : 13.059
0,1,0,1,1,0,1,1,0,0,0,0,1,1,0,1,0,0,1,1,0,0,0,0,0,0,1,1,0,0,1,1,0,1,0,0,0,0,1 : 13.059
0,0,0,1,1,0,1,1,0,0,0,0,1,1,0,1,1,0,1,1,0,0,0,0,0,0,1,0,0,0,1,1,0,1,0,0,0,1,1 : 13.059
1,1,1,1,0,0,0,1,0,0,0,0,1,1,1,1,0,0,0,0,0,0,0,1,0,0,1,0,0,0,1,1,0,1,0,1,0,0,1 : 13.059
1,1,1,1,0,0,0,0,1,0,0,1,1,0,0,1,1,0,0,0,0,0,0,1,1,0,1,0,1,0,0,0,0,1,0,1,0,0,0 : 13.059
0,0,0,1,1,0,1,1,0,0,1,0,1,1,0,1,1,0,1,1,0,0,0,0,0,0,1,1,0,0,1,1,0,1,0,0,0,0,1 : 13.059
0,0,0,1,1,0,1,1,0,0,1,0,1,1,0,1,1,0,1,1,0,0,0,0,0,0,1,0,0,0,1,1,0,1,0,0,0,1,1 : 13.059
0,0,0,1,1,0,1,1,0,0,1,1,1,1,0,1,1,0,1,1,0,0,0,0,0,0,1,1,0,0,1,1,0,1,0,1,0,0,1 : 13.059
0,1,0,1,1,0,1,1,0,0,0,0,1,1,0,1,0,0,1,1,0,0,0,0,0,0,1,1,0,0,1,1,0,1,0,0,0,0,1 : 13.059
0,0,0,1,1,0,1,1,0,0,0,0,1,1,0,1,1,0,1,1,0,0,0,0,0,0,1,0,0,0,1,1,0,1,0,0,0,1,1 : 13.059
1,1,1,1,0,0,0,1,0,0,0,0,1,1,1,1,0,0,0,0,0,0,0,1,0,0,1,0,0,0,1,1,0,1,0,1,0,0,1 : 13.059
1,1,1,1,0,0,0,0,1,0,0,1,1,0,0,1,1,0,0,0,0,0,0,1,1,0,1,0,1,0,0,0,0,1,0,1,0,0,0 : 13.059
1,0,1,1,0,0,0,1,0,0,0,0,1,1,1,1,1,1,0,0,0,0,0,1,0,0,1,0,0,0,1,1,0,1,0,1,0,1,1 : 13.0868
1,0,1,1,0,0,0,1,0,0,0,0,1,1,1,1,1,1,0,0,0,0,0,1,0,0,1,0,0,0,1,1,0,1,0,1,0,1,1 : 13.0868
0,1,0,0,0,0,1,0,1,0,1,1,1,1,1,0,1,0,0,0,0,1,0,0,0,1,1,0,0,1,1,0,1,1,1,0,1,0,0 : 13.0972
0,1,0,0,0,0,1,0,1,0,1,1,1,1,1,0,1,0,0,0,0,1,0,0,0,1,1,0,0,0,1,0,1,1,1,0,1,0,0 : 13.0972
0,1,0,0,0,0,1,0,1,0,1,1,1,1,1,0,1,0,0,0,0,1,0,0,0,1,1,0,0,1,1,0,1,1,1,0,1,0,0 : 13.0972
0,1,0,0,0,0,1,0,1,0,1,1,1,1,1,0,1,0,0,0,0,1,0,0,0,1,1,0,0,0,1,0,1,1,1,0,1,0,0 : 13.0972
0,1,1,1,0,0,0,0,1,1,0,1,0,0,0,1,1,1,1,1,1,0,1,0,1,0,1,0,1,1,0,0,0,1,0,0,0,0,1 : 13.1139
0,1,1,1,0,0,0,0,1,1,0,1,0,0,0,0,1,1,1,1,1,0,1,0,1,0,1,0,1,1,0,0,1,1,0,0,0,0,1 : 13.1139
