0,1,0,0,0,1,0,1,1,0,0,0,0,1,0,0,0,1 : 0.3536
0,1,0,1,0,1,0,1,1,0,0,0,0,1,0,0,0,1 : 0.3536
0,1,0,0,0,1,0,1,1,0,0,0,0,1,0,0,0,1 : 0.3536
0,1,0,0,0,1,0,1,1,0,0,0,0,1,0,0,0,1 : 0.3536
0,1,0,0,0,1,0,1,1,0,0,0,0,1,0,0,0,1 : 0.3536
0,1,0,1,0,1,0,1,1,0,0,0,0,1,0,0,0,1 : 0.3536
0,1,0,0,0,1,0,1,1,0,0,0,0,1,0,0,0,1 : 0.3536
0,1,0,1,0,1,0,1,1,0,0,0,0,1,0,0,0,1 : 0.3536
0,1,0,0,0,1,0,1,1,0,0,0,0,1,0,0,0,1 : 0.3536
0,1,0,0,0,1,0,1,1,0,0,0,0,1,0,0,0,1 : 0.3536
0,1,0,0,0,1,0,1,1,0,0,0,0,1,0,0,0,1 : 0.3536
0,1,0,1,0,1,0,1,1,0,0,0,0,1,0,0,0,1 : 0.3536
0,1,1,1,0,0,0,1,1,0,0,0,0,1,1,0,0,0 : 0.3537
0,1,1,1,0,0,0,1,1,0,0,0,0,1,1,0,0,0 : 0.3537
0,1,0,1,0,1,0,1,1,0,0,0,0,1,0,0,1,0 : 0.3595
0,1,0,1,0,1,0,1,1,0,0,0,0,1,0,0,1,0 : 0.3595
0,1,0,1,0,1,0,1,1,0,0,0,0,1,0,0,1,0 : 0.3595
0,1,0,1,0,1,0,1,1,0,0,0,0,1,0,0,1,0 : 0.3595
0,1,0,1,0,1,0,1,1,0,0,0,0,1,0,0,1,0 : 0.3595
0,1,0,1,0,1,0,1,1,0,0,0,0,1,0,0,1,0 : 0.3595
0,1,0,1,0,1,0,1,1,0,0,0,0,1,0,0,1,0 : 0.3595
0,1,0,1,0,1,0,1,1,0,0,0,0,1,0,0,1,0 : 0.3595
0,1,0,1,0,1,0,1,1,0,0,0,0,1,0,0,1,0 : 0.3595
0,1,0,1,0,1,0,1,1,0,0,0,0,1,0,0,1,0 : 0.3595
0,1,0,1,0,1,0,1,1,0,0,0,0,1,0,0,1,0 : 0.3595
0,1,0,1,0,1,0,1,1,0,0,0,0,1,0,0,1,0 : 0.3595
0,1,0,1,0,1,0,1,1,0,0,0,0,1,0,0,1,0 : 0.3595
0,1,0,1,0,1,0,1,1,0,0,0,0,1,0,0,1,0 : 0.3595
0,1,0,1,0,1,0,1,1,0,0,0,0,1,0,0,1,0 : 0.3595
0,1,0,1,0,1,0,1,1,0,0,0,0,1,0,0,1,0 : 0.3595
0,1,0,1,0,1,0,1,1,0,0,0,0,1,0,0,1,0 : 0.3595
0,1,0,1,0,1,0,1,1,0,0,0,0,1,0,0,1,0 : 0.3595
0,1,0,1,0,1,0,1,1,0,0,0,0,1,0,0,1,0 : 0.3595
0,1,0,1,0,1,0,1,1,0,0,0,0,1,0,0,1,0 : 0.3595
0,1,0,1,0,1,0,1,1,0,0,0,0,1,0,0,1,0 : 0.3595
0,1,0,1,0,1,0,1,1,0,0,0,0,1,0,0,1,0 : 0.3595
0,1,0,1,0,1,0,1,1,0,0,0,0,1,0,0,1,0 : 0.3595
0,1,0,1,0,1,0,1,1,0,0,0,0,1,0,0,1,0 : 0.3595
0,1,0,1,0,1,0,1,1,0,0,0,0,1,0,0,1,0 : 0.3595
0,1,0,1,0,1,0,1,1,0,0,0,0,1,0,0,1,0 : 0.3595
0,1,0,1,0,1,0,1,1,0,0,0,0,1,0,0,1,0 : 0.3595
0,1,0,1,0,1,0,1,1,0,0,0,0,1,0,0,1,0 : 0.3595
0,1,0,1,0,1,0,1,1,0,0,0,0,1,0,0,1,0 : 0.3595
0,1,0,1,0,1,0,1,1,0,0,0,0,1,0,0,1,0 : 0.3595
0,1,0,1,0,1,0,1,1,0,0,0,0,1,0,0,1,0 : 0.3595
0,1,0,1,0,1,0,1,1,0,0,0,0,1,0,0,1,0 : 0.3595
0,1,0,1,0,1,0,1,1,0,0,0,0,1,0,0,1,0 : 0.3595
0,1,0,1,0,1,0,1,1,0,0,0,0,1,0,0,1,0 : 0.3595
0,1,0,1,0,1,0,1,1,0,0,0,0,1,1,0,0,0 : 0.3605
0,1,0,1,0,1,0,1,1,0,0,0,0,1,1,0,0,0 : 0.3605
0,1,0,1,0,1,0,1,1,0,0,0,0,1,1,0,0,0 : 0.3605
0,1,0,1,0,1,0,1,1,0,0,0,0,1,1,0,0,0 : 0.3605
0,1,0,1,0,1,0,1,1,0,0,0,0,1,1,0,0,0 : 0.3605
0,1,0,1,0,1,0,1,1,0,0,0,0,1,1,0,0,0 : 0.3605
0,1,0,1,0,1,0,1,1,0,0,0,0,1,1,0,0,0 : 0.3605
0,1,0,1,0,1,0,1,1,0,0,0,0,1,1,0,0,0 : 0.3605
0,1,0,1,0,1,0,1,1,0,0,0,0,1,1,0,0,0 : 0.3605
0,1,0,1,0,1,0,1,1,0,0,0,0,1,1,0,0,0 : 0.3605
0,1,0,1,0,1,0,1,1,0,0,0,0,1,1,0,0,0 : 0.3605
0,1,0,1,0,1,0,1,1,0,0,0,0,1,1,0,0,0 : 0.3605
0,1,0,1,0,1,0,1,1,0,0,0,0,1,0,1,0,0 : 0.3617
0,1,0,0,0,1,0,1,1,0,0,0,0,1,0,1,0,0 : 0.3617
0,1,0,1,0,1,0,1,1,0,0,0,0,1,0,1,0,0 : 0.3617
0,1,0,0,0,1,0,1,1,0,0,0,0,1,0,1,0,0 : 0.3617
0,1,0,0,0,1,0,1,1,0,0,0,0,1,0,1,0,0 : 0.3617
0,1,0,0,0,1,0,1,1,0,0,0,0,1,0,1,0,0 : 0.3617
0,1,0,1,0,1,0,1,1,0,0,0,0,1,0,1,0,0 : 0.3617
0,1,0,1,0,1,0,1,1,0,0,0,0,1,0,1,0,0 : 0.3617
0,1,0,0,0,1,0,1,1,0,0,0,0,1,0,1,0,0 : 0.3617
0,1,0,1,0,1,0,1,1,0,0,0,0,1,0,1,0,0 : 0.3617
0,1,0,1,0,1,0,1,1,0,0,0,0,1,0,1,0,0 : 0.3617
0,1,0,1,0,1,0,1,1,0,0,0,0,1,0,1,0,0 : 0.3617
0,1,0,0,0,1,0,1,1,0,0,0,0,1,0,1,0,0 : 0.3617
0,1,0,1,0,1,0,1,1,0,0,0,0,1,0,1,0,0 : 0.3617
0,1,0,0,0,1,0,1,1,0,0,0,0,1,0,1,0,0 : 0.3617
0,1,0,0,0,1,0,1,1,0,0,0,0,1,0,1,0,0 : 0.3617
0,1,0,0,0,1,0,1,1,0,0,0,0,1,0,1,0,0 : 0.3617
0,1,0,1,0,1,0,1,1,0,0,0,0,1,0,1,0,0 : 0.3617
0,1,0,1,0,1,0,1,1,0,0,0,0,1,0,1,0,0 : 0.3617
0,1,0,0,0,1,0,1,1,0,0,0,0,1,0,1,0,0 : 0.3617
0,1,0,1,0,1,0,1,1,0,0,0,0,1,0,1,0,0 : 0.3617
0,1,0,1,0,1,0,1,1,0,0,0,0,1,0,1,0,0 : 0.3617
0,1,1,0,1,0,0,1,1,0,0,0,0,1,1,0,0,0 : 0.3619
0,1,1,0,1,0,0,1,1,0,0,0,0,1,1,0,0,0 : 0.3619
0,1,1,0,1,0,0,1,1,0,0,0,0,1,1,0,0,0 : 0.3619
0,1,1,0,1,0,0,1,1,0,0,0,0,1,1,0,0,0 : 0.3619
0,1,0,0,1,0,0,1,1,0,0,0,0,1,1,0,0,0 : 0.3633
0,1,0,0,1,0,0,1,1,0,0,0,0,1,1,0,0,0 : 0.3633
0,1,0,0,1,0,0,1,1,0,0,0,0,1,1,0,0,0 : 0.3633
0,1,0,0,1,0,0,1,1,0,0,0,0,1,1,0,0,0 : 0.3633
0,1,1,0,0,1,0,1,1,0,0,0,0,1,0,1,0,0 : 0.3643
0,1,1,0,0,1,0,1,1,0,0,0,0,1,0,1,0,0 : 0.3643
0,1,0,0,0,0,0,1,1,0,0,0,0,1,1,0,0,0 : 0.3651
0,1,0,0,0,0,0,1,1,0,0,0,0,1,1,0,0,0 : 0.3651
0,1,0,0,0,0,0,1,1,0,0,0,0,1,1,0,0,0 : 0.3651
0,1,0,0,0,0,0,1,1,0,0,0,0,1,1,0,0,0 : 0.3651
0,1,1,1,0,1,0,1,1,0,0,0,0,1,1,0,0,0 : 0.3653
0,1,1,1,0,1,0,1,1,0,0,0,0,1,1,0,0,0 : 0.3653
0,1,1,1,0,1,0,1,1,0,0,0,0,1,1,0,0,0 : 0.3653
0,1,1,1,0,1,0,1,1,0,0,0,0,1,1,0,0,0 : 0.3653
