1,1,0,0,1,0,1,0,1,1,1,0,0,1,1,0,1,1,1,0,1,0,1,0,0,0,1,1,0,1,0,1,0,1,0,1,1,1,1 : 12.7139
1,1,0,0,1,0,1,0,1,1,1,0,0,1,1,0,1,1,1,0,1,0,1,0,0,0,1,0,1,1,0,0,0,1,0,1,1,1,1 : 12.7139
1,1,0,0,1,0,1,0,1,1,1,0,0,1,1,0,1,1,1,0,1,0,1,0,0,0,0,0,1,1,0,0,0,1,0,1,1,0,1 : 12.7139
0,1,0,0,1,0,0,0,1,1,1,0,0,1,1,0,1,1,1,1,1,0,1,0,0,0,1,0,0,1,0,0,0,1,0,1,1,1,1 : 12.7139
1,1,0,0,1,0,1,0,1,1,1,0,0,1,1,0,1,1,1,0,1,0,1,0,0,0,1,1,0,1,0,1,0,1,0,1,1,1,1 : 12.7139
1,1,0,0,1,0,1,0,1,1,1,0,0,1,1,0,1,1,1,0,1,0,1,0,0,0,1,0,1,1,0,0,0,1,0,1,1,1,1 : 12.7139
1,1,0,0,1,0,1,0,1,1,1,0,0,1,1,0,1,1,1,0,1,0,1,0,0,0,0,0,1,1,0,0,0,1,0,1,1,0,1 : 12.7139
0,1,0,0,1,0,0,0,1,1,1,0,0,1,1,0,1,1,1,1,1,0,1,0,0,0,1,0,0,1,0,0,0,1,0,1,1,1,1 : 12.7139
1,0,0,0,1,0,0,1,1,1,0,1,0,0,1,0,1,0,0,0,1,0,1,0,0,0,0,0,0,1,0,0,0,1,0,0,0,0,1 : 13.0344
1,0,1,0,1,0,0,1,1,1,0,0,0,0,0,0,1,0,0,0,0,0,0,1,0,0,0,0,1,1,1,0,0,1,0,0,1,0,1 : 13.0344
1,0,1,0,1,0,0,1,1,1,0,1,1,0,0,0,1,0,0,1,1,1,1,1,0,0,1,1,0,1,0,0,0,1,0,1,1,1,0 : 13.0344
0,0,0,0,1,0,0,0,1,1,0,0,0,0,0,0,1,0,0,0,0,0,1,1,0,0,0,0,1,1,1,0,0,1,0,0,1,0,1 : 13.0344
0,0,0,0,1,0,0,0,1,1,1,0,0,1,1,1,0,0,0,0,1,0,1,0,0,0,0,0,0,1,0,1,0,1,0,1,1,1,1 : 13.0344
1,0,0,0,1,0,0,1,1,1,1,0,0,1,1,0,1,0,0,0,1,0,1,0,0,0,0,0,0,1,1,0,1,1,0,1,1,1,1 : 13.0344
1,0,0,0,1,0,0,1,1,1,0,1,0,0,1,1,1,0,0,0,0,1,1,1,0,0,0,0,1,1,0,0,1,0,0,1,1,1,0 : 13.0344
1,0,0,0,1,0,0,0,0,1,0,1,0,1,0,0,0,0,1,0,1,1,0,0,0,0,0,0,0,1,0,1,0,1,0,1,1,1,1 : 13.0344
1,0,1,0,1,0,0,1,1,1,0,1,1,0,0,1,1,0,0,1,1,0,1,1,0,0,1,0,0,1,0,0,0,1,0,1,1,1,0 : 13.0344
1,0,0,0,1,0,0,1,1,1,1,1,0,1,1,0,0,0,0,1,0,1,1,0,0,0,1,0,0,1,0,0,1,0,0,0,1,1,0 : 13.0344
0,0,1,0,1,0,0,1,1,1,0,0,0,1,1,0,1,0,0,1,0,0,1,1,0,0,1,1,0,1,0,0,0,1,0,1,1,0,0 : 13.0344
1,0,1,0,1,0,0,1,0,1,1,0,0,1,1,0,0,0,0,0,1,0,1,1,0,0,0,1,0,1,0,0,0,1,0,0,1,1,0 : 13.0344
1,0,1,0,1,0,0,1,1,1,0,0,0,0,0,0,1,0,0,0,0,0,1,1,0,0,0,0,1,1,1,0,1,1,0,0,1,0,1 : 13.0344
1,0,0,1,1,0,0,1,0,1,0,0,0,0,1,0,1,0,0,1,0,0,1,1,0,1,0,0,0,1,1,0,0,1,0,1,1,1,1 : 13.0344
1,0,0,0,1,0,0,1,1,1,0,1,1,0,0,0,1,0,0,0,1,0,0,1,1,0,1,0,0,1,0,0,0,1,0,1,1,1,1 : 13.0344
0,0,0,1,1,0,0,1,1,1,1,0,0,1,0,1,1,0,0,1,0,0,1,1,0,0,1,1,0,1,0,0,0,1,0,1,1,0,0 : 13.0344
0,0,1,0,1,0,0,1,0,1,0,0,0,0,0,0,1,0,0,0,1,0,1,0,0,0,1,0,0,1,0,0,0,1,0,1,1,1,1 : 13.0344
0,0,0,0,1,0,0,1,1,1,1,1,0,1,0,1,1,0,0,0,0,1,0,1,0,0,0,1,0,1,0,0,1,1,0,0,0,1,0 : 13.0344
1,0,1,0,1,0,0,1,1,1,1,0,1,0,1,0,1,0,1,0,0,0,1,1,0,0,1,1,0,1,0,0,0,0,0,1,1,1,1 : 13.0344
0,0,1,0,1,0,0,1,0,0,1,0,1,0,1,0,1,0,0,0,0,0,0,0,1,0,1,1,0,1,0,0,0,1,0,1,1,0,1 : 13.0344
0,0,0,0,1,0,0,1,1,1,1,0,0,0,1,0,0,0,0,1,1,0,1,1,0,0,0,0,0,1,0,0,1,0,0,0,1,1,0 : 13.0344
1,1,0,1,1,0,0,0,1,1,1,1,0,1,1,0,1,0,1,0,1,1,1,1,0,0,0,0,0,1,0,0,0,0,0,0,1,1,0 : 13.0344
0,1,0,0,1,0,0,1,1,0,1,0,0,1,1,0,1,0,1,0,1,1,1,0,0,0,1,0,0,1,0,1,0,1,0,1,0,1,1 : 13.0344
1,0,0,0,1,0,0,0,1,1,1,0,0,1,1,0,1,0,0,0,1,0,1,0,0,0,0,0,0,1,0,1,0,1,0,1,1,1,1 : 13.0344
1,1,0,0,1,0,0,0,1,1,1,0,1,1,1,0,1,0,1,0,0,0,1,1,0,0,1,0,0,1,0,1,1,0,0,1,0,1,0 : 13.0344
0,0,0,1,1,0,0,1,1,1,0,1,0,1,1,0,1,0,0,0,1,0,1,1,0,0,1,0,0,1,0,1,0,1,0,1,1,0,1 : 13.0344
0,0,0,0,1,0,0,1,0,0,0,0,1,0,1,0,1,0,0,0,0,0,0,0,1,0,1,0,1,1,0,0,0,1,0,1,1,1,1 : 13.0344
1,0,0,0,1,0,0,1,1,1,0,1,0,0,1,0,1,0,1,1,1,0,1,0,0,0,1,1,0,1,0,0,0,1,0,0,0,1,0 : 13.0344
1,1,0,0,1,0,0,1,1,1,1,1,0,1,1,0,1,0,0,0,1,1,0,0,0,0,1,1,0,1,0,0,0,1,0,1,0,0,1 : 13.0344
1,0,0,0,1,0,0,1,1,1,1,0,0,1,1,1,0,0,0,0,0,0,1,1,1,1,0,1,0,1,0,0,0,1,0,1,1,1,1 : 13.0344
1,0,0,0,1,0,0,1,1,1,1,1,0,1,0,0,1,0,0,0,1,0,1,0,0,1,0,0,0,1,1,1,0,1,0,1,0,1,1 : 13.0344
1,0,0,0,1,0,0,1,0,1,0,1,1,0,1,0,1,0,0,0,0,1,1,1,0,0,1,0,1,1,0,0,0,1,0,1,0,0,0 : 13.0344
1,0,0,1,1,0,0,1,1,1,0,0,0,0,0,0,1,0,0,1,0,1,1,1,0,1,0,1,0,1,0,0,0,0,0,1,1,0,0 : 13.0344
1,0,0,1,1,0,0,1,1,1,1,0,1,0,0,0,1,0,0,1,1,0,0,0,0,1,0,1,0,1,0,0,0,1,0,1,1,1,1 : 13.0344
1,0,0,0,1,0,0,1,1,0,1,0,0,0,0,1,0,0,0,0,0,1,1,1,0,0,0,1,0,1,0,1,0,1,0,1,1,0,1 : 13.0344
0,0,0,0,1,0,0,1,1,1,1,0,1,0,1,0,0,0,0,0,1,0,1,1,0,0,0,0,0,1,0,0,0,0,0,1,0,0,1 : 13.0344
0,0,0,0,1,0,0,1,1,0,0,1,0,1,1,1,1,0,0,0,0,0,1,1,1,0,1,0,0,1,0,0,1,1,0,1,0,1,0 : 13.0344
1,0,0,0,1,0,0,1,1,1,1,0,0,0,0,0,1,0,0,0,0,0,1,1,0,1,0,1,0,1,0,0,0,1,0,0,0,0,0 : 13.0344
0,1,0,0,1,0,0,1,1,1,1,1,0,1,1,0,1,0,0,0,0,1,1,1,0,0,0,0,0,1,0,0,1,0,0,1,1,1,0 : 13.0344
1,0,0,0,1,0,0,1,1,1,1,0,0,0,1,0,0,0,1,0,0,0,1,0,0,0,0,0,1,1,0,0,1,1,0,1,1,1,1 : 13.0344
0,0,0,0,1,0,0,1,1,0,0,1,0,1,1,0,1,0,0,0,1,0,0,1,1,0,1,1,0,1,0,0,0,1,0,1,1,0,1 : 13.0344
0,0,0,0,1,0,0,1,1,1,0,0,1,0,1,0,1,0,0,0,0,0,0,1,0,0,1,0,0,1,0,0,0,1,0,0,1,1,1 : 13.0344
0,0,0,0,1,0,0,1,1,1,0,1,1,0,0,0,1,0,0,1,1,1,1,1,0,0,1,0,0,1,0,0,0,0,0,0,1,0,0 : 13.0344
1,0,0,0,1,0,0,1,1,1,1,1,0,1,1,1,1,0,0,1,0,0,1,0,0,0,1,0,0,1,1,0,1,1,0,0,1,1,0 : 13.0344
1,0,0,0,1,0,0,1,1,1,0,0,0,0,1,0,1,0,0,0,0,0,1,1,0,0,0,0,1,1,1,0,0,1,0,0,1,0,1 : 13.0344
0,0,0,0,1,0,0,1,1,0,0,1,0,1,1,0,1,0,0,0,0,0,1,1,0,0,0,0,0,1,0,0,0,1,0,1,1,1,0 : 13.0344
1,1,0,0,1,0,0,1,1,1,1,0,0,1,1,0,1,0,0,0,1,0,1,0,0,0,1,0,0,1,1,0,0,1,0,0,1,1,1 : 13.0344
1,0,0,0,1,0,0,1,1,1,1,1,0,0,0,0,1,0,0,0,0,1,1,1,0,0,0,0,0,1,0,0,1,0,0,1,1,1,0 : 13.0344
1,1,0,0,1,0,0,1,1,1,0,0,1,0,1,0,1,0,0,0,0,0,0,1,0,0,1,1,0,1,0,0,0,1,0,0,1,1,1 : 13.0344
1,0,0,0,1,0,0,1,1,1,1,1,1,1,1,1,0,0,0,1,1,0,1,0,0,0,1,0,0,1,0,0,1,0,0,1,1,1,1 : 13.0344
1,0,0,0,1,0,0,1,1,1,0,0,0,0,0,0,0,0,0,0,0,0,1,1,0,0,0,0,1,1,1,0,0,1,0,0,1,0,1 : 13.0344
1,0,0,0,1,0,0,1,0,1,0,0,0,0,0,0,0,0,0,1,0,0,1,1,0,1,0,0,0,1,0,0,0,1,0,1,1,1,1 : 13.0344
1,1,0,1,1,0,0,1,1,1,0,1,0,0,1,0,1,0,0,0,1,0,1,1,1,0,1,0,0,1,0,0,0,0,0,1,1,1,0 : 13.0344
1,0,0,0,1,0,0,1,1,1,1,1,1,0,0,0,1,0,0,1,1,1,0,1,0,0,0,0,0,1,0,0,0,1,0,1,1,1,1 : 13.0344
1,0,0,0,1,0,0,1,1,1,1,1,1,0,1,0,1,0,0,0,1,0,1,0,0,0,0,0,0,1,0,0,0,1,0,0,0,0,1 : 13.0344
1,0,0,0,1,0,0,1,1,1,0,0,0,0,0,0,1,0,0,0,0,0,1,1,0,0,0,0,1,1,1,0,0,1,0,0,1,0,1 : 13.0344
0,0,0,0,1,0,0,1,1,1,1,0,0,1,1,1,1,0,0,0,0,0,1,0,0,0,0,0,0,1,0,1,0,1,0,1,1,1,1 : 13.0344
1,1,0,0,1,0,0,1,1,1,1,0,0,1,1,0,1,0,0,0,1,0,1,1,0,0,0,0,0,1,1,0,1,1,0,1,0,1,1 : 13.0344
1,0,0,0,1,0,0,1,1,1,0,0,0,0,1,0,1,0,0,0,0,1,0,1,0,0,0,0,1,1,0,0,0,0,0,1,1,1,0 : 13.0344
0,0,0,0,1,0,0,1,0,1,1,0,1,1,0,0,0,0,0,1,0,1,1,0,0,0,0,1,0,1,0,0,0,1,0,1,1,1,0 : 13.0344
0,0,1,0,1,0,0,1,1,0,0,1,0,0,0,1,1,0,0,1,1,0,0,1,0,0,1,1,0,1,0,0,0,1,0,1,1,1,0 : 13.0344
1,1,0,0,1,0,0,1,1,1,0,1,1,0,1,0,1,0,0,0,0,0,0,1,0,0,1,0,0,1,0,0,0,1,0,0,1,1,1 : 13.0344
1,0,0,0,1,0,0,1,1,1,0,1,1,0,0,0,1,0,0,1,1,0,1,1,0,0,1,1,0,1,0,0,0,1,0,1,1,1,0 : 13.0344
1,0,0,0,1,0,0,0,1,1,0,1,0,0,0,1,1,0,0,0,0,0,1,1,0,0,0,0,1,1,1,0,0,1,0,0,1,0,1 : 13.0344
1,1,0,0,1,0,0,1,1,0,0,1,0,1,1,0,1,0,0,0,0,0,1,1,0,0,0,0,0,1,0,0,0,1,0,1,1,1,0 : 13.0344
0,0,1,0,1,0,0,0,1,1,1,0,0,1,1,1,1,0,0,0,0,0,1,0,0,0,0,0,0,1,0,1,0,1,0,1,1,1,1 : 13.0344
1,1,0,0,1,0,0,1,1,1,1,0,0,1,1,0,1,0,0,0,1,0,1,0,0,0,0,0,0,1,1,0,1,1,0,1,1,1,1 : 13.0344
1,0,0,0,1,0,0,1,1,1,0,1,0,0,1,1,1,0,0,0,0,1,1,1,0,0,0,0,0,1,0,0,1,0,0,1,1,1,0 : 13.0344
1,0,0,0,1,0,0,0,0,1,0,1,0,0,0,0,0,0,1,0,1,1,0,0,0,0,0,0,0,1,0,1,0,1,0,1,1,1,1 : 13.0344
1,1,1,0,1,0,0,0,1,1,0,1,0,0,1,0,1,0,0,0,0,0,0,1,0,0,1,0,0,1,0,0,0,1,0,0,1,1,1 : 13.0344
1,0,1,0,1,0,0,1,1,1,0,1,1,0,0,1,1,0,0,1,1,0,1,1,0,0,1,0,0,1,0,0,0,1,0,1,1,1,0 : 13.0344
1,0,0,0,1,0,0,1,1,1,1,1,0,1,1,0,0,0,0,1,0,1,1,0,0,0,1,1,0,1,0,0,1,0,0,0,1,1,0 : 13.0344
0,0,1,0,1,0,0,1,1,1,0,0,0,1,0,0,1,0,0,1,0,0,1,1,1,0,1,1,0,1,0,0,0,1,0,1,1,0,0 : 13.0344
1,0,1,0,1,0,0,1,0,1,1,0,0,1,1,0,0,0,0,0,1,0,1,0,0,0,0,1,0,1,0,0,0,0,0,0,1,1,0 : 13.0344
1,0,1,0,1,0,0,1,1,1,0,0,0,0,0,0,1,0,0,0,0,0,0,1,0,0,0,0,1,1,1,0,0,1,0,0,1,0,1 : 13.0344
1,0,0,0,1,0,0,1,1,1,0,1,0,0,1,0,1,0,0,0,1,0,1,0,0,0,0,0,0,1,0,0,0,1,0,0,0,0,1 : 13.0344
1,0,1,0,1,0,0,1,1,1,0,1,1,0,0,0,1,0,0,1,1,1,1,1,0,0,1,1,0,1,0,0,0,1,0,1,1,1,0 : 13.0344
0,0,0,0,1,0,0,0,1,1,0,0,0,0,0,0,1,0,0,0,0,0,1,1,0,0,0,0,1,1,1,0,0,1,0,0,1,0,1 : 13.0344
0,0,0,0,1,0,0,0,1,1,1,0,0,1,1,1,0,0,0,0,1,0,1,0,0,0,0,0,0,1,0,1,0,1,0,1,1,1,1 : 13.0344
1,0,0,0,1,0,0,1,1,1,1,0,0,1,1,0,1,0,0,0,1,0,1,0,0,0,0,0,0,1,1,0,1,1,0,1,1,1,1 : 13.0344
1,0,0,0,1,0,0,1,1,1,0,1,0,0,1,1,1,0,0,0,0,1,1,1,0,0,0,0,1,1,0,0,1,0,0,1,1,1,0 : 13.0344
1,0,0,0,1,0,0,0,0,1,0,1,0,1,0,0,0,0,1,0,1,1,0,0,0,0,0,0,0,1,0,1,0,1,0,1,1,1,1 : 13.0344
1,0,1,0,1,0,0,1,1,1,0,1,1,0,0,1,1,0,0,1,1,0,1,1,0,0,1,0,0,1,0,0,0,1,0,1,1,1,0 : 13.0344
1,0,0,0,1,0,0,1,1,1,1,1,0,1,1,0,0,0,0,1,0,1,1,0,0,0,1,0,0,1,0,0,1,0,0,0,1,1,0 : 13.0344
0,0,1,0,1,0,0,1,1,1,0,0,0,1,1,0,1,0,0,1,0,0,1,1,0,0,1,1,0,1,0,0,0,1,0,1,1,0,0 : 13.0344
1,0,1,0,1,0,0,1,0,1,1,0,0,1,1,0,0,0,0,0,1,0,1,1,0,0,0,1,0,1,0,0,0,1,0,0,1,1,0 : 13.0344
1,0,1,0,1,0,0,1,1,1,0,0,0,0,0,0,1,0,0,0,0,0,1,1,0,0,0,0,1,1,1,0,1,1,0,0,1,0,1 : 13.0344
1,0,0,1,1,0,0,1,0,1,0,0,0,0,1,0,1,0,0,1,0,0,1,1,0,1,0,0,0,1,1,0,0,1,0,1,1,1,1 : 13.0344
1,0,0,0,1,0,0,1,1,1,0,1,1,0,0,0,1,0,0,0,1,0,0,1,1,0,1,0,0,1,0,0,0,1,0,1,1,1,1 : 13.0344
0,0,0,1,1,0,0,1,1,1,1,0,0,1,0,1,1,0,0,1,0,0,1,1,0,0,1,1,0,1,0,0,0,1,0,1,1,0,0 : 13.0344
0,0,1,0,1,0,0,1,0,1,0,0,0,0,0,0,1,0,0,0,1,0,1,0,0,0,1,0,0,1,0,0,0,1,0,1,1,1,1 : 13.0344
0,0,0,0,1,0,0,1,1,1,1,1,0,1,0,1,1,0,0,0,0,1,0,1,0,0,0,1,0,1,0,0,1,1,0,0,0,1,0 : 13.0344
