1,1,0,0,0,0,1,0,1,1,0,0,1,0,0,1,1,0,1,1,1,0,1,0,1,1,0,1,1,0,0,0,0,1,0,0,1,1,0 : 13.0769
1,1,0,0,0,0,1,0,1,1,0,0,1,0,0,1,1,0,1,1,1,0,1,0,1,1,0,1,1,0,0,0,0,1,0,0,1,1,0 : 13.0769
1,1,0,1,0,0,0,0,0,1,0,0,1,1,1,1,0,0,0,0,0,0,0,0,0,0,1,0,0,1,0,0,0,1,0,0,1,1,0 : 13.1284
0,1,1,1,0,0,0,0,0,0,1,1,1,1,0,1,1,0,0,0,1,0,0,1,1,1,0,0,1,1,0,0,1,0,0,0,0,0,0 : 13.1284
1,0,0,1,0,0,0,0,1,1,1,0,1,1,0,1,0,0,0,0,0,0,0,0,0,0,1,0,0,1,0,0,0,1,0,0,1,1,1 : 13.1284
1,0,0,1,0,0,0,0,1,0,0,1,0,1,1,1,1,0,0,1,0,1,0,1,0,0,1,1,0,1,0,1,1,0,0,0,0,0,0 : 13.1284
1,1,0,1,0,0,0,0,0,1,0,0,1,1,1,1,0,0,0,0,0,0,0,0,0,0,1,0,0,1,0,0,0,1,0,0,1,1,0 : 13.1284
0,1,1,1,0,0,0,0,0,0,1,1,1,1,0,1,1,0,0,0,1,0,0,1,1,1,0,0,1,1,0,0,1,0,0,0,0,0,0 : 13.1284
1,0,0,1,0,0,0,0,1,1,1,0,1,1,0,1,0,0,0,0,0,0,0,0,0,0,1,0,0,1,0,0,0,1,0,0,1,1,1 : 13.1284
1,0,0,1,0,0,0,0,1,0,0,1,0,1,1,1,1,0,0,1,0,1,0,1,0,0,1,1,0,1,0,1,1,0,0,0,0,0,0 : 13.1284
0,0,0,0,1,0,1,1,0,0,1,1,0,0,1,0,0,0,1,1,1,0,0,1,1,1,0,0,0,0,0,0,0,0,0,1,0,0,1 : 13.3695
1,0,0,1,1,0,1,1,1,1,0,1,0,1,1,0,1,0,0,1,1,1,0,1,1,1,0,0,1,0,0,0,1,1,0,0,1,0,0 : 13.3695
1,0,0,1,0,0,1,1,1,1,0,1,0,1,1,0,1,0,1,1,1,0,0,1,1,1,0,0,1,0,0,0,1,1,0,0,1,0,0 : 13.3695
0,0,0,0,1,0,1,1,0,0,1,1,0,0,1,0,0,0,1,1,1,0,0,1,1,1,0,0,0,0,0,0,0,0,0,1,0,0,1 : 13.3695
1,0,0,1,1,0,1,1,1,1,0,1,0,1,1,0,1,0,0,1,1,1,0,1,1,1,0,0,1,0,0,0,1,1,0,0,1,0,0 : 13.3695
1,0,0,1,0,0,1,1,1,1,0,1,0,1,1,0,1,0,1,1,1,0,0,1,1,1,0,0,1,0,0,0,1,1,0,0,1,0,0 : 13.3695
1,0,0,1,0,0,1,0,1,1,1,1,0,1,0,1,0,0,0,1,0,0,1,1,0,0,0,0,0,0,1,0,1,0,0,0,0,1,1 : 13.4238
1,1,0,1,0,0,1,0,1,0,1,1,1,0,1,1,0,1,0,1,0,0,0,1,1,0,1,0,1,0,1,0,0,1,0,0,0,1,1 : 13.4238
1,0,0,1,0,0,1,0,1,1,1,1,0,1,0,1,0,0,0,1,0,0,1,1,0,1,0,0,0,0,1,0,1,0,0,0,0,1,1 : 13.4238
1,0,0,0,0,0,0,0,1,1,0,0,0,0,0,1,1,1,0,0,1,0,1,1,1,0,1,0,1,0,0,0,1,1,0,0,0,1,0 : 13.4238
1,0,0,1,0,0,1,0,1,1,1,1,0,1,0,1,0,0,0,1,0,0,1,1,0,0,0,0,0,0,1,0,1,0,0,0,0,1,1 : 13.4238
1,1,0,1,0,0,1,0,1,0,1,1,1,0,1,1,0,1,0,1,0,0,0,1,1,0,1,0,1,0,1,0,0,1,0,0,0,1,1 : 13.4238
1,0,0,1,0,0,1,0,1,1,1,1,0,1,0,1,0,0,0,1,0,0,1,1,0,1,0,0,0,0,1,0,1,0,0,0,0,1,1 : 13.4238
1,0,0,0,0,0,0,0,1,1,0,0,0,0,0,1,1,1,0,0,1,0,1,1,1,0,1,0,1,0,0,0,1,1,0,0,0,1,0 : 13.4238
1,1,0,1,0,1,0,1,1,0,1,1,1,0,1,1,1,0,1,0,1,0,1,1,0,1,0,0,0,0,1,1,1,0,0,0,0,0,0 : 13.4596
0,1,0,0,0,1,1,1,1,0,0,1,0,1,1,1,0,1,1,1,1,0,1,0,0,0,1,0,0,0,0,0,0,0,0,0,1,0,0 : 13.4596
0,1,0,1,1,1,1,1,1,0,1,0,0,1,1,1,0,1,0,0,0,1,0,0,0,0,0,1,0,0,1,0,0,1,0,1,0,1,0 : 13.4596
0,0,0,1,1,1,1,1,1,0,0,0,1,1,0,1,0,1,1,0,1,1,0,1,0,0,0,0,0,0,0,0,1,0,0,0,0,1,0 : 13.4596
1,0,0,0,1,1,1,0,0,0,1,1,0,0,1,1,0,1,1,0,1,1,0,0,1,1,0,0,1,1,1,1,0,1,0,0,0,1,0 : 13.4596
0,0,0,1,0,1,1,1,1,0,1,0,0,0,1,1,0,0,0,0,1,0,0,1,0,0,0,0,1,1,0,0,1,0,0,1,1,1,1 : 13.4596
1,1,0,1,0,1,0,1,1,0,1,1,1,0,1,1,1,0,1,0,1,0,1,1,1,1,0,0,0,0,1,1,1,0,0,0,0,0,0 : 13.4596
0,1,0,0,0,1,1,1,1,0,0,1,0,1,1,1,0,1,1,1,1,0,1,0,0,0,1,0,0,0,0,0,0,0,0,0,1,0,0 : 13.4596
0,1,0,1,1,1,1,1,1,0,1,0,0,1,1,1,0,1,0,0,0,1,1,0,0,0,0,1,0,0,1,0,0,1,0,0,0,1,0 : 13.4596
0,0,0,1,1,1,1,1,0,0,0,0,1,1,0,1,0,1,1,0,1,1,0,1,0,0,0,0,0,0,0,0,1,0,0,0,0,1,0 : 13.4596
1,0,0,0,1,1,1,0,1,0,1,1,0,0,1,1,0,1,1,0,1,1,0,0,1,1,0,0,1,1,1,1,0,1,0,0,0,1,0 : 13.4596
0,0,0,1,0,1,1,1,1,0,1,0,0,0,1,1,0,0,0,1,1,0,0,1,0,0,0,0,1,1,0,0,1,1,0,1,1,1,1 : 13.4596
1,1,0,1,0,1,0,1,1,0,1,1,1,0,1,1,1,0,1,0,1,0,1,1,0,1,0,0,0,0,1,1,1,0,0,0,0,0,0 : 13.4596
0,1,0,0,0,1,1,1,1,0,0,1,0,1,1,1,0,1,1,1,1,0,1,0,0,0,1,0,0,0,0,0,0,0,0,0,1,0,0 : 13.4596
0,1,0,1,1,1,1,1,1,0,1,0,0,1,1,1,0,1,0,0,0,1,0,0,0,0,0,1,0,0,1,0,0,1,0,1,0,1,0 : 13.4596
0,0,0,1,1,1,1,1,1,0,0,0,1,1,0,1,0,1,1,0,1,1,0,1,0,0,0,0,0,0,0,0,1,0,0,0,0,1,0 : 13.4596
1,0,0,0,1,1,1,0,0,0,1,1,0,0,1,1,0,1,1,0,1,1,0,0,1,1,0,0,1,1,1,1,0,1,0,0,0,1,0 : 13.4596
0,0,0,1,0,1,1,1,1,0,1,0,0,0,1,1,0,0,0,0,1,0,0,1,0,0,0,0,1,1,0,0,1,0,0,1,1,1,1 : 13.4596
1,1,0,1,0,1,0,1,1,0,1,1,1,0,1,1,1,0,1,0,1,0,1,1,1,1,0,0,0,0,1,1,1,0,0,0,0,0,0 : 13.4596
0,1,0,0,0,1,1,1,1,0,0,1,0,1,1,1,0,1,1,1,1,0,1,0,0,0,1,0,0,0,0,0,0,0,0,0,1,0,0 : 13.4596
0,1,0,1,1,1,1,1,1,0,1,0,0,1,1,1,0,1,0,0,0,1,1,0,0,0,0,1,0,0,1,0,0,1,0,0,0,1,0 : 13.4596
0,0,0,1,1,1,1,1,0,0,0,0,1,1,0,1,0,1,1,0,1,1,0,1,0,0,0,0,0,0,0,0,1,0,0,0,0,1,0 : 13.4596
1,0,0,0,1,1,1,0,1,0,1,1,0,0,1,1,0,1,1,0,1,1,0,0,1,1,0,0,1,1,1,1,0,1,0,0,0,1,0 : 13.4596
0,0,0,1,0,1,1,1,1,0,1,0,0,0,1,1,0,0,0,1,1,0,0,1,0,0,0,0,1,1,0,0,1,1,0,1,1,1,1 : 13.4596
0,1,1,1,0,0,0,0,0,0,0,1,0,1,1,1,1,0,1,0,0,1,0,0,0,0,0,0,1,0,1,0,0,0,0,1,0,0,1 : 13.5935
0,1,1,1,0,0,0,0,0,0,0,1,0,1,1,1,1,0,1,0,0,1,0,0,0,0,0,0,1,0,1,0,0,0,0,1,0,0,1 : 13.5935
0,1,1,1,0,0,0,0,0,0,0,1,0,1,1,1,1,0,1,0,0,1,0,0,0,0,0,0,1,0,1,0,0,0,0,1,0,0,1 : 13.5935
0,1,1,1,0,0,0,0,0,0,0,1,0,1,1,1,1,0,1,0,0,1,0,0,0,0,0,0,1,0,1,0,0,0,0,1,0,0,1 : 13.5935
1,1,0,1,1,0,1,0,0,0,0,0,0,0,0,0,1,0,1,1,0,1,1,1,0,0,0,0,1,0,0,0,1,1,0,1,0,1,1 : 13.6324
1,1,0,1,1,0,1,0,0,0,1,0,0,0,0,0,1,0,1,1,1,1,1,1,0,0,0,0,1,0,0,0,1,1,0,1,0,1,1 : 13.6324
1,1,0,0,0,0,1,0,0,0,1,0,0,1,1,0,1,0,0,1,0,0,1,1,0,0,0,0,1,0,0,0,0,1,0,1,0,0,1 : 13.6324
1,1,0,1,1,0,1,0,0,0,0,0,0,0,0,0,1,0,1,1,0,1,1,1,0,0,0,0,1,0,0,0,1,1,0,1,0,1,1 : 13.6324
1,1,0,1,1,0,1,0,0,0,1,0,0,0,0,0,1,0,1,1,1,1,1,1,0,0,0,0,1,0,0,0,1,1,0,1,0,1,1 : 13.6324
1,1,0,0,0,0,1,0,0,0,1,0,0,1,1,0,1,0,0,1,0,0,1,1,0,0,0,0,1,0,0,0,0,1,0,1,0,0,1 : 13.6324
1,1,0,1,1,0,0,0,1,0,1,0,0,1,0,0,1,1,0,0,0,1,1,1,0,0,1,0,0,1,0,1,1,0,0,0,1,0,1 : 13.7203
1,1,0,1,1,0,0,0,1,0,1,0,0,1,0,0,1,1,0,0,0,1,1,1,0,0,1,0,0,1,0,1,1,0,0,0,1,0,1 : 13.7203
0,0,0,0,0,0,1,1,0,0,1,1,1,0,1,1,0,1,1,1,0,0,0,0,0,0,0,1,1,0,0,0,0,0,0,0,1,1,1 : 13.7428
0,0,0,0,0,0,1,1,0,0,1,1,1,0,1,1,0,1,1,1,1,0,0,0,0,0,0,1,1,0,0,0,0,0,0,0,1,0,1 : 13.7428
0,0,0,0,0,0,1,1,0,0,1,1,1,0,1,1,0,1,1,1,0,0,0,0,0,0,0,1,1,0,0,0,0,0,0,0,1,1,1 : 13.7428
0,0,0,0,0,0,1,1,0,0,1,1,1,0,1,1,0,1,1,1,1,0,0,0,0,0,0,1,1,0,0,0,0,0,0,0,1,0,1 : 13.7428
1,1,0,1,0,0,1,0,1,0,0,0,0,0,1,0,0,0,1,0,1,1,1,0,1,0,1,0,1,1,0,0,1,1,0,1,1,0,0 : 13.7606
1,0,0,0,0,0,1,0,1,0,0,0,1,0,0,0,0,0,1,0,0,0,1,1,0,0,0,1,1,0,0,1,0,1,0,0,1,0,0 : 13.7606
1,1,0,1,0,0,1,0,1,0,0,0,0,0,1,0,0,0,1,0,1,1,1,0,1,0,1,0,0,1,0,0,1,1,0,1,0,0,0 : 13.7606
1,0,0,1,0,0,1,1,1,0,0,0,0,0,1,0,0,0,1,0,0,1,1,0,0,0,1,0,0,1,1,1,0,1,0,0,0,1,0 : 13.7606
1,1,0,1,0,0,1,0,1,0,0,0,0,0,1,0,0,0,1,0,1,1,1,0,1,0,1,0,1,1,0,0,1,1,0,1,1,0,0 : 13.7606
1,0,0,0,0,0,1,0,1,0,0,0,1,0,0,0,0,0,1,0,0,0,1,1,0,0,0,1,1,0,0,1,0,1,0,0,1,0,0 : 13.7606
1,1,0,1,0,0,1,0,1,0,0,0,0,0,1,0,0,0,1,0,1,1,1,0,1,0,1,0,0,1,0,0,1,1,0,1,0,0,0 : 13.7606
1,0,0,1,0,0,1,1,1,0,0,0,0,0,1,0,0,0,1,0,0,1,1,0,0,0,1,0,0,1,1,1,0,1,0,0,0,1,0 : 13.7606
1,1,0,0,0,0,0,1,0,1,0,1,0,1,0,0,0,0,1,0,0,1,0,0,0,0,0,1,0,0,1,0,1,1,0,0,0,1,1 : 13.7919
1,1,0,0,0,0,0,1,0,1,0,1,0,1,0,0,0,0,1,0,0,1,0,0,0,0,0,1,0,0,1,0,1,1,0,0,0,1,1 : 13.7919
1,1,0,0,0,0,0,0,0,1,0,0,0,1,1,1,1,0,1,1,0,1,0,1,0,0,0,0,1,0,0,0,0,0,0,0,0,0,0 : 13.8582
1,0,0,1,0,0,0,0,0,1,0,0,0,0,0,1,1,1,0,0,1,0,1,1,1,0,1,0,1,0,1,0,1,1,0,0,0,1,1 : 13.8582
1,1,0,0,0,0,0,0,0,1,0,0,0,1,1,1,0,0,1,1,0,1,0,1,0,0,0,0,1,0,0,0,0,0,0,0,0,0,0 : 13.8582
1,1,0,0,0,0,0,0,0,1,0,0,0,1,1,1,1,0,1,1,0,1,0,1,0,0,0,0,1,0,0,0,0,0,0,0,0,0,0 : 13.8582
1,0,0,1,0,0,0,0,0,1,0,0,0,0,0,1,1,1,0,0,1,0,1,1,1,0,1,0,1,0,1,0,1,1,0,0,0,1,1 : 13.8582
1,1,0,0,0,0,0,0,0,1,0,0,0,1,1,1,0,0,1,1,0,1,0,1,0,0,0,0,1,0,0,0,0,0,0,0,0,0,0 : 13.8582
0,0,1,1,0,0,0,1,0,1,0,0,0,0,0,0,0,0,0,0,0,1,0,0,0,0,1,0,0,1,0,0,1,1,0,1,0,0,0 : 13.9044
0,0,1,1,0,0,0,1,0,1,0,0,0,0,0,0,0,0,0,0,0,1,0,0,0,0,1,0,0,1,0,0,1,1,0,1,0,0,0 : 13.9044
1,0,1,1,0,0,0,1,1,1,0,1,0,0,0,0,0,0,1,0,1,1,0,0,1,1,0,0,1,1,0,0,1,0,0,1,0,1,1 : 14.1734
1,0,1,1,0,0,0,1,1,1,0,1,0,0,0,0,0,0,1,0,1,1,0,0,1,1,0,0,1,1,0,0,1,0,0,1,0,1,0 : 14.1734
1,0,1,1,0,0,0,1,1,1,0,1,0,0,0,0,0,0,1,0,1,1,0,0,1,1,0,0,1,1,0,0,1,0,0,1,0,1,1 : 14.1734
1,0,1,1,0,0,0,1,1,1,0,1,0,0,0,0,0,0,1,0,1,1,0,0,1,1,0,0,1,1,0,0,1,0,0,1,0,1,0 : 14.1734
1,1,0,1,0,1,0,1,1,1,1,1,0,0,0,1,1,1,0,1,0,0,1,1,0,1,0,1,1,0,0,0,0,1,0,0,1,1,0 : 14.3946
1,1,0,0,1,1,1,1,1,1,1,1,0,1,0,1,0,1,1,1,0,1,0,1,1,0,1,0,0,0,1,0,0,1,0,1,1,0,0 : 14.3946
1,0,0,1,0,1,1,0,1,1,1,0,1,0,1,1,0,1,0,1,1,0,1,0,0,0,0,1,1,0,0,0,0,1,0,0,1,0,0 : 14.3946
0,1,0,1,1,1,0,1,0,1,1,1,1,1,0,1,1,0,0,0,0,1,1,1,0,0,0,1,0,0,1,0,0,0,0,0,1,1,1 : 14.3946
0,1,0,1,0,1,0,1,1,1,0,1,0,0,1,1,0,1,0,0,0,1,1,1,0,1,0,0,0,0,1,0,0,1,0,1,1,0,1 : 14.3946
1,1,0,1,0,1,0,1,1,1,0,0,0,0,0,1,0,0,1,1,0,0,1,1,0,1,0,0,0,0,1,0,0,1,0,0,1,0,1 : 14.3946
1,0,0,1,0,1,0,0,0,1,0,1,1,0,0,1,0,0,0,1,1,0,0,0,1,1,0,0,1,0,1,0,1,1,0,0,1,0,1 : 14.3946
1,1,0,1,0,1,0,1,1,1,1,1,0,0,0,1,1,1,0,1,0,0,1,1,0,1,0,1,1,0,0,0,0,0,0,0,1,1,0 : 14.3946
0,1,0,1,0,1,0,1,1,1,0,1,0,0,1,1,0,1,1,0,0,1,1,1,0,1,0,0,0,0,1,0,0,1,0,1,1,0,1 : 14.3946
1,1,0,1,0,1,0,1,1,1,0,0,0,0,0,1,0,0,1,1,0,0,1,1,0,1,0,0,0,0,1,0,0,1,0,0,1,0,1 : 14.3946
1,0,0,1,0,1,1,0,0,1,0,1,1,0,0,1,0,0,0,1,1,0,0,0,1,1,0,0,1,0,1,0,1,1,0,0,1,0,1 : 14.3946
1,1,0,0,1,1,1,1,1,1,1,1,0,1,0,1,0,1,1,1,0,1,0,1,1,0,1,0,0,0,1,0,0,1,0,1,1,0,0 : 14.3946
1,1,0,1,0,1,0,1,1,1,1,1,0,0,0,1,1,1,0,1,0,0,1,1,0,1,0,1,1,0,0,0,0,1,0,0,1,1,0 : 14.3946
1,0,0,1,0,1,1,0,1,1,1,0,1,0,1,1,0,1,0,1,1,0,1,0,0,0,0,1,1,0,0,0,0,1,0,0,1,0,0 : 14.3946
