0,0,0,0,1,1,1,1,1,0,0,0,0,1,0,1,0,1,0,1,0,1,1,1,0,0,0,0,1,1,0,0,1,0,0,0,0,0,0 : 13.5167
1,1,0,1,1,0,0,1,1,0,1,1,1,0,1,1,1,0,0,1,1,1,0,0,0,0,1,0,1,0,1,1,1,0,0,0,1,1,1 : 13.2462
0,0,0,1,1,0,0,1,1,1,0,0,1,0,1,0,1,0,1,1,0,1,0,0,0,0,1,1,0,1,0,1,0,1,0,1,0,0,0 : 13.0344
0,0,0,0,1,0,0,0,1,0,1,0,0,0,0,0,1,1,0,0,1,0,1,1,0,1,0,0,0,0,1,0,1,1,0,0,1,0,1 : 13.1808
0,1,0,1,1,0,0,1,1,1,0,0,1,0,1,0,0,1,0,1,0,1,0,0,1,0,1,0,1,1,1,1,0,1,1,0,1,0,0 : 13.1354
1,1,0,0,0,0,0,0,1,1,1,1,0,1,0,0,0,1,1,0,0,1,1,1,0,0,0,0,1,1,1,0,1,0,1,0,0,0,1 : 13.1354
1,0,0,0,0,0,1,1,0,0,0,0,0,0,1,0,1,0,1,1,0,1,0,0,0,1,1,1,1,0,0,1,0,1,0,1,0,0,0 : 13.1655
0,0,1,0,0,0,1,0,1,0,0,1,0,1,1,1,1,1,1,1,1,0,1,0,0,1,0,1,0,0,1,0,1,1,0,0,1,1,0 : 13.1808
1,1,1,0,1,0,0,0,0,1,1,1,0,1,1,1,0,1,1,0,0,1,0,1,0,0,1,0,0,1,0,0,0,1,0,0,0,0,1 : 13.1354
0,1,0,0,0,0,0,0,1,0,1,1,1,0,0,1,0,1,0,1,1,1,1,0,0,0,1,0,0,1,1,0,0,0,0,0,0,1,0 : 13.1354
0,0,1,0,0,1,0,1,0,1,0,0,1,0,1,0,0,1,1,0,0,0,0,1,1,1,0,0,1,0,1,1,1,0,0,1,0,1,1 : 16.3679
1,1,0,1,1,0,0,0,0,1,0,0,1,0,1,1,1,1,0,1,0,1,0,0,0,1,1,1,1,0,0,0,0,0,0,1,0,0,0 : 16.3747
0,1,0,1,0,0,0,0,1,0,1,0,0,0,0,1,0,0,0,1,0,1,1,1,0,0,1,0,1,0,1,0,0,1,0,1,0,0,1 : 13.0372
0,0,0,0,0,1,1,1,0,0,0,0,0,0,1,1,0,1,1,1,1,0,0,0,0,1,0,0,0,0,1,0,0,1,0,0,1,0,0 : 16.0462
1,1,1,0,1,0,0,0,0,0,0,0,0,0,1,0,1,1,0,1,0,0,1,1,0,0,0,0,1,1,0,0,0,0,0,0,1,0,0 : 16.3747
0,1,0,1,0,0,0,1,1,0,0,1,0,0,0,1,0,1,0,1,1,1,0,1,0,0,1,0,1,1,0,1,1,0,0,0,0,1,0 : 13.1354
0,1,0,1,0,0,0,1,0,0,1,0,0,1,1,0,1,1,1,1,1,0,1,1,0,0,1,0,0,1,1,1,1,0,0,1,1,0,1 : 12.6877
1,1,0,0,0,1,0,1,0,0,0,1,1,0,1,0,1,1,1,1,1,1,1,0,0,1,0,0,0,1,0,0,1,1,0,1,0,1,1 : 13.3568
1,0,0,1,0,1,1,0,0,0,1,1,0,0,1,1,0,0,1,1,0,1,0,1,1,0,1,0,1,1,0,0,1,1,0,1,1,0,0 : 13.2813
1,1,1,0,0,0,1,0,0,0,1,0,0,0,1,1,1,1,0,0,0,0,1,0,0,0,0,0,0,0,1,0,1,0,0,1,1,1,0 : 15.7588
0,1,0,1,1,1,0,0,1,1,1,0,1,1,0,1,1,0,1,0,1,0,0,1,0,1,1,1,1,0,0,0,0,0,0,0,1,0,0 : 16.474
1,0,0,0,1,1,1,1,1,0,0,1,0,0,1,1,0,0,0,1,1,1,0,0,0,0,0,1,0,0,1,0,0,0,0,1,1,1,0 : 14.8157
0,1,0,0,1,0,1,0,0,0,1,1,1,0,1,0,1,1,0,0,1,0,0,0,0,1,0,0,1,0,0,0,0,1,0,1,1,1,0 : 12.7358
0,1,0,1,0,1,1,0,1,1,1,0,0,0,1,1,1,1,0,1,1,1,1,1,0,0,1,0,1,1,0,1,0,1,0,0,1,1,0 : 12.6877
1,0,0,0,1,0,0,0,1,1,1,0,1,0,0,0,0,1,0,1,0,1,0,1,0,1,0,0,1,1,0,1,1,0,0,1,0,1,0 : 16.3032
0,1,0,0,1,0,0,0,0,1,0,1,0,1,0,0,1,1,0,1,0,0,0,1,0,0,0,1,0,1,0,0,1,0,0,1,0,1,1 : 16.3747
1,1,0,0,1,1,1,0,1,0,1,1,1,0,0,0,1,0,0,0,0,1,0,1,0,0,1,0,1,1,0,0,1,0,0,0,1,0,1 : 14.1838
0,0,0,0,1,1,0,0,1,0,0,1,0,1,0,1,0,1,1,1,0,0,0,0,0,0,1,0,1,1,1,0,1,0,1,0,1,0,0 : 13.18
1,0,0,0,1,0,1,0,1,0,0,0,1,1,0,0,0,1,0,1,1,0,1,1,0,1,0,0,1,0,0,1,0,1,0,1,0,1,0 : 16.0462
0,0,0,1,0,0,1,1,0,0,1,0,1,0,1,1,1,0,0,1,1,0,1,0,0,1,1,0,1,0,0,0,1,0,0,1,1,1,1 : 13.1655
0,0,0,1,1,0,0,0,1,1,1,0,0,0,1,0,0,0,0,1,0,0,1,0,0,0,1,1,0,0,1,0,1,0,0,0,0,1,1 : 13.2462
0,0,0,0,0,0,0,0,0,0,0,0,1,1,1,1,1,0,1,0,0,1,1,0,0,1,0,0,0,0,1,0,1,1,0,1,0,1,0 : 13.4454
0,0,0,0,1,0,1,0,0,1,1,1,0,1,0,0,1,0,1,1,0,1,0,1,0,1,0,1,0,0,1,0,0,0,1,1,0,0,0 : 16.0932
0,1,0,0,1,0,1,0,1,1,0,0,1,0,1,0,0,0,1,0,1,1,1,0,0,0,0,1,0,0,1,0,1,1,0,0,0,0,1 : 16.2059
1,0,0,0,1,1,0,0,1,0,0,0,0,0,0,1,1,1,0,1,1,0,1,0,0,1,1,0,0,1,1,0,1,0,1,0,1,0,0 : 13.1808
0,1,0,1,0,0,0,0,1,1,1,0,1,1,1,1,0,0,1,0,1,1,0,0,0,1,0,0,0,0,1,0,1,1,1,0,1,0,0 : 13.0713
1,0,0,1,1,1,1,1,1,0,1,1,1,1,1,0,0,1,0,0,0,1,0,1,0,0,1,0,1,1,0,0,1,0,0,0,0,1,0 : 13.5167
0,0,0,1,0,1,0,0,0,1,1,0,0,0,0,1,0,0,0,1,1,1,1,0,0,0,1,0,1,0,0,1,0,1,0,0,1,1,1 : 13.1747
1,1,0,0,0,0,0,0,0,0,1,0,0,1,0,0,0,1,1,0,1,0,0,0,0,0,1,0,0,1,1,0,1,1,0,0,0,1,1 : 16.0879
0,1,0,0,0,0,0,0,0,0,1,0,0,1,1,1,0,0,0,0,1,1,0,1,0,0,0,0,1,0,1,0,0,0,0,1,0,0,1 : 13.1202
0,1,1,0,0,1,0,0,0,1,0,0,0,1,1,1,1,0,0,0,0,1,1,0,1,0,1,0,0,0,1,0,1,0,0,0,0,1,1 : 13.1747
0,0,0,0,0,1,1,0,1,1,1,1,0,1,1,0,0,1,0,1,0,0,0,0,1,0,1,0,1,1,0,1,0,1,0,1,0,1,0 : 13.8795
1,0,0,0,0,0,0,0,1,1,1,1,0,0,0,1,0,1,1,1,1,1,0,1,0,0,1,0,0,0,1,0,1,0,1,1,0,0,0 : 16.1076
0,0,0,1,0,0,1,0,0,0,1,0,1,1,0,0,1,0,1,1,0,0,0,0,0,0,0,0,0,0,1,0,0,1,0,1,1,0,1 : 14.8157
1,0,0,1,1,0,1,1,0,0,0,0,0,1,0,1,1,0,1,1,0,0,0,1,1,0,1,0,1,0,1,0,1,1,0,0,0,0,0 : 13.2813
0,0,1,0,1,0,0,0,0,0,1,1,1,0,0,0,1,1,0,1,1,1,1,0,0,0,1,1,0,0,1,0,0,0,1,0,0,1,0 : 13.1808
1,0,0,0,0,1,0,1,0,0,0,0,0,0,1,1,1,1,0,1,1,0,0,1,1,0,1,0,0,0,0,0,0,1,0,0,1,0,0 : 13.1808
1,0,0,0,0,1,0,1,1,1,0,1,0,0,1,0,1,0,0,0,0,0,1,1,0,0,0,0,1,0,1,0,0,0,0,1,0,0,1 : 13.0854
1,0,0,1,1,1,0,0,1,0,0,0,0,0,0,1,0,0,0,1,1,0,1,1,1,1,0,1,1,0,0,0,1,1,0,0,0,1,1 : 16.4438
0,1,1,0,1,0,0,1,1,1,0,0,1,0,0,0,0,0,1,1,1,0,1,0,1,1,0,0,1,0,0,1,0,1,1,0,1,0,0 : 14.7795
1,1,0,1,1,0,1,1,0,0,0,1,0,0,0,0,1,1,0,0,0,0,0,0,1,1,0,0,0,0,1,0,1,1,0,0,1,0,1 : 15.7588
0,1,0,1,1,1,1,0,0,1,1,1,0,1,1,1,1,1,1,0,0,1,1,0,0,0,1,0,0,1,1,0,0,1,0,1,1,1,0 : 15.7588
1,1,0,0,0,0,1,1,0,1,1,0,0,0,1,0,1,0,1,1,1,1,0,1,0,0,1,0,1,0,0,0,1,0,1,0,0,1,0 : 13.2813
0,0,0,1,1,1,0,1,0,0,1,0,0,1,1,1,0,0,0,0,0,1,0,0,0,0,1,0,0,1,0,0,0,1,0,1,0,1,0 : 14.5638
0,0,0,0,1,0,0,1,1,0,0,1,0,0,0,0,1,1,1,1,1,0,0,0,0,1,1,1,0,0,1,0,1,1,0,1,0,1,1 : 13.1808
0,1,0,1,1,0,0,0,1,1,0,0,1,1,1,0,1,1,1,1,1,1,0,1,0,0,0,1,0,1,0,0,0,0,0,0,0,1,1 : 13.0451
1,0,0,0,1,1,1,1,0,0,1,1,0,0,1,1,0,1,0,0,0,1,0,0,0,0,0,0,1,1,1,1,0,1,0,1,0,1,1 : 13.8795
0,1,1,1,0,0,0,0,0,0,0,0,1,1,1,0,0,1,1,1,1,1,0,1,0,0,1,0,0,1,0,0,0,1,0,1,0,0,0 : 13.1354
0,1,0,0,0,0,1,0,0,1,1,0,0,1,0,0,1,1,0,1,1,0,0,1,0,1,0,1,0,0,1,0,1,1,0,0,1,1,1 : 12.7358
0,0,1,0,0,1,0,1,0,1,1,1,1,1,0,1,0,1,0,0,0,0,0,0,0,0,0,0,0,1,0,1,1,0,0,1,0,0,1 : 16.0056
0,1,0,0,0,0,0,1,1,0,1,1,0,0,1,0,0,1,1,0,0,0,0,0,0,0,1,0,0,1,0,0,0,1,0,0,0,0,0 : 15.1686
1,1,0,1,1,0,0,1,0,0,1,1,0,0,0,1,0,1,1,0,0,1,0,0,0,1,1,0,0,1,0,0,1,0,0,0,1,0,1 : 13.9444
1,0,0,0,1,0,0,1,1,1,0,1,0,0,0,0,1,0,0,0,0,0,1,1,0,0,0,0,0,1,0,0,0,0,0,1,1,1,1 : 13.0344
1,0,0,0,0,0,0,0,1,0,1,0,0,1,0,0,1,0,0,0,0,1,0,1,0,0,0,0,1,0,1,0,0,1,0,1,0,0,0 : 13.0035
0,0,0,1,0,1,1,0,0,0,0,0,1,0,0,0,1,1,0,0,0,1,0,1,0,1,0,0,0,0,0,1,0,1,0,1,0,1,0 : 15.7588
1,1,0,0,0,1,1,0,1,1,1,0,1,1,0,1,1,1,1,0,1,1,1,1,0,1,1,0,0,0,1,0,0,0,0,0,0,1,0 : 12.7139
0,1,1,0,0,0,1,0,0,1,1,0,1,0,0,1,1,1,0,1,1,0,0,1,0,0,0,0,0,0,0,0,0,1,0,0,0,0,1 : 12.7358
1,1,0,1,1,1,1,1,0,1,0,0,0,0,1,1,0,0,0,1,0,0,0,0,0,0,1,0,1,0,0,0,0,0,0,1,0,0,1 : 14.8157
1,0,0,0,1,0,1,0,1,1,1,1,1,1,1,1,0,1,1,1,0,0,0,0,0,0,1,0,0,0,0,1,1,0,0,0,1,0,0 : 13.5167
1,0,1,0,1,0,0,0,0,0,1,0,1,1,0,0,1,1,0,1,1,0,0,0,0,1,0,1,0,1,0,0,0,1,0,1,1,1,0 : 13.1808
1,1,0,1,0,1,1,0,0,1,1,0,1,0,0,0,0,0,0,1,0,0,0,1,1,1,0,0,1,1,1,1,1,0,0,1,1,0,1 : 15.092
0,1,0,1,1,1,1,0,0,0,1,1,0,0,0,0,1,1,0,1,1,0,0,1,0,1,0,0,1,1,0,0,1,0,0,1,0,0,1 : 12.6877
1,0,0,1,1,1,1,1,1,0,0,1,0,1,1,0,1,1,0,1,1,0,1,0,0,1,1,0,0,1,0,0,1,1,1,0,0,0,1 : 13.1808
1,0,0,1,0,0,1,1,1,1,1,1,1,1,1,0,0,1,0,1,0,0,0,1,0,0,0,0,1,0,0,0,1,0,0,1,0,0,1 : 13.5167
1,1,0,1,1,1,0,0,0,0,0,1,1,0,1,0,0,1,0,1,0,1,1,0,0,1,1,0,1,1,1,1,1,0,0,1,1,0,0 : 13.9444
1,0,1,0,0,1,0,1,1,0,0,0,0,0,1,0,1,1,0,1,1,1,1,0,0,1,0,0,0,1,1,0,0,0,0,1,1,0,0 : 13.1808
1,0,0,1,1,1,1,1,0,1,1,1,0,1,0,1,0,0,1,1,1,0,0,1,0,0,1,0,0,1,0,1,1,0,0,1,0,1,1 : 14.1838
1,0,0,1,1,0,0,0,1,1,1,0,0,0,0,1,1,0,1,1,1,0,0,1,1,0,1,0,1,1,1,0,1,0,0,0,1,0,1 : 13.0344
0,0,0,1,1,1,0,0,0,0,0,0,1,1,1,0,0,0,0,1,1,0,0,1,0,1,0,0,0,0,1,0,0,1,0,0,0,0,0 : 15.6587
0,1,0,1,0,1,0,1,0,1,1,0,0,1,0,1,0,0,1,1,0,0,0,0,0,0,1,0,1,0,1,0,0,1,0,1,0,1,0 : 13.0896
0,0,0,1,1,1,0,0,1,1,0,1,0,1,1,0,0,1,0,1,1,0,1,1,1,0,1,1,1,0,0,0,0,0,0,1,1,1,0 : 16.0879
1,0,1,1,0,0,0,1,1,1,1,1,0,1,1,0,0,0,0,0,0,1,0,0,0,0,0,0,1,0,1,0,1,1,0,1,0,1,0 : 13.1924
0,0,0,1,0,1,0,1,1,0,0,0,1,1,0,1,0,0,0,0,1,1,1,1,0,1,0,0,0,1,1,1,0,1,1,0,0,1,0 : 15.6587
0,0,1,0,1,0,0,1,1,1,0,1,1,0,1,0,1,0,0,1,1,1,1,0,0,1,1,0,0,1,0,1,0,1,0,1,0,0,1 : 13.0344
0,1,0,0,1,0,0,0,1,0,1,0,1,0,1,1,1,0,0,1,1,1,0,0,0,0,1,0,1,1,0,1,0,1,0,0,1,0,1 : 13.0344
1,1,0,0,0,1,1,0,0,1,1,0,1,0,1,0,0,1,0,0,1,0,1,0,0,1,0,0,1,1,1,1,1,0,0,0,0,1,1 : 16.3447
1,1,0,0,0,1,0,1,0,0,0,1,0,1,1,0,0,1,0,1,1,1,0,0,1,0,1,0,1,0,1,0,0,0,0,0,0,1,0 : 13.1354
0,0,1,0,1,0,0,0,0,0,0,0,1,1,0,0,0,1,1,0,1,0,1,0,0,0,1,0,0,1,0,0,0,1,1,0,0,0,1 : 16.0879
0,0,1,0,0,0,1,0,0,1,0,0,0,1,1,1,1,1,0,1,0,1,1,1,1,0,1,0,0,0,0,0,1,0,0,0,0,0,0 : 15.7588
0,0,0,0,1,0,1,1,1,0,1,1,1,1,1,1,1,0,1,1,0,1,0,0,0,0,0,0,1,0,0,0,1,1,0,1,0,0,1 : 14.1838
0,1,0,0,0,1,0,1,1,1,1,0,0,0,1,1,0,0,0,0,0,1,1,1,0,0,1,0,1,0,0,0,1,1,0,1,0,0,1 : 13.0854
1,1,0,1,1,1,0,1,1,1,1,1,0,0,1,0,1,1,0,1,1,0,0,0,0,1,0,0,1,1,1,0,0,1,0,1,1,1,1 : 12.6877
0,1,0,1,0,1,0,0,0,1,0,1,1,1,0,1,0,0,0,0,1,1,1,0,1,1,0,0,0,0,1,0,0,0,0,0,0,0,0 : 15.6587
1,0,0,0,1,1,0,0,0,1,0,0,0,0,1,1,1,0,0,1,1,1,0,1,0,0,0,0,1,0,0,0,0,0,0,0,1,0,1 : 15.1381
1,1,0,1,1,1,1,1,1,1,1,1,0,0,1,0,1,0,0,0,0,1,0,1,0,0,1,0,0,1,1,1,0,1,0,1,0,0,0 : 14.8157
1,1,0,1,1,1,0,1,1,0,1,1,0,0,1,1,1,0,0,1,1,0,0,0,0,0,1,0,0,1,0,0,0,1,0,0,0,0,0 : 14.5638
1,1,1,1,0,0,0,0,1,0,1,1,1,0,1,0,0,1,0,1,1,0,0,1,0,1,1,0,1,1,1,1,1,0,0,0,0,0,1 : 16.0879
0,0,0,1,1,1,0,1,1,1,0,0,1,1,1,0,1,0,0,1,0,1,0,0,1,1,0,0,1,1,0,0,1,0,0,0,1,0,1 : 16.1575
0,0,0,1,1,0,0,0,0,0,0,1,0,0,0,0,1,0,1,1,1,1,0,1,0,0,1,0,0,1,0,0,1,0,0,0,0,0,1 : 13.0344
1,1,0,0,0,0,0,1,1,1,1,0,0,0,0,0,0,1,0,1,0,0,1,0,0,0,1,0,0,1,1,0,1,1,0,0,1,1,1 : 13.7542
