1,0,0,0,0,0,0,1,1,1,0 : 199.6833
1,0,0,0,0,0,0,1,1,1,0 : 199.6833
1,0,0,0,0,0,0,1,0,0,0 : 199.9533
1,0,0,0,0,0,0,1,0,0,0 : 199.9533
1,0,0,0,0,0,0,1,0,0,0 : 199.9533
1,0,0,0,0,0,0,1,0,0,0 : 199.9533
1,0,0,0,1,1,0,0,1,1,0 : 200.38
1,0,0,0,1,1,0,0,1,1,0 : 200.38
1,0,0,0,1,0,0,0,0,0,0 : 201.5466
1,0,0,0,1,0,0,0,0,0,0 : 201.5466
1,0,0,0,1,1,1,1,0,1,0 : 202.68
1,0,0,0,1,1,1,1,0,1,0 : 202.68
1,0,0,0,1,0,1,0,1,0,0 : 205.7066
1,0,0,0,1,1,1,0,1,0,0 : 205.7066
1,0,0,0,1,0,1,0,1,0,0 : 205.7066
1,0,0,0,1,1,1,0,1,0,0 : 205.7066
1,0,0,0,1,1,1,0,0,0,0 : 207.2333
1,0,0,0,1,1,1,0,0,0,0 : 207.2333
1,0,0,0,1,1,1,0,0,0,0 : 207.2333
1,0,0,0,1,1,1,0,0,0,0 : 207.2333
1,0,0,1,1,0,0,1,0,0,0 : 209.84
1,0,0,1,1,0,1,0,0,1,0 : 209.84
1,0,0,1,1,0,0,1,0,0,0 : 209.84
1,0,0,1,1,0,1,0,0,1,0 : 209.84
1,0,0,1,1,0,0,1,0,0,0 : 209.84
1,0,0,1,1,0,1,0,0,1,0 : 209.84
1,0,0,1,1,0,0,1,0,0,0 : 209.84
1,0,0,1,1,0,1,0,0,1,0 : 209.84
1,0,0,1,0,1,0,0,1,0,0 : 210.5066
1,0,0,1,0,1,0,0,0,0,0 : 210.5066
1,0,0,1,0,1,0,0,1,0,0 : 210.5066
1,0,0,1,0,1,0,0,0,0,0 : 210.5066
1,0,0,1,0,1,0,1,1,1,0 : 212.0533
1,0,0,1,0,1,0,1,1,1,0 : 212.0533
1,0,0,1,0,1,0,1,1,1,0 : 212.0533
1,0,0,1,0,1,0,1,1,1,0 : 212.0533
1,0,0,0,1,1,0,0,0,1,1 : 214.2433
1,0,0,0,1,1,0,0,0,1,1 : 214.2433
1,0,0,0,0,0,1,1,0,1,1 : 214.6533
1,0,0,0,0,0,1,1,0,1,1 : 214.6533
1,0,0,0,0,0,1,1,0,1,1 : 214.6533
1,0,0,0,0,0,1,1,0,1,1 : 214.6533
1,0,0,0,1,1,0,1,0,1,1 : 215.1833
1,0,0,0,1,1,0,1,0,1,1 : 215.1833
1,0,0,0,1,1,0,1,0,1,1 : 215.1833
1,0,0,0,1,1,0,1,0,1,1 : 215.1833
1,0,0,1,0,1,1,0,1,0,0 : 215.47
1,0,0,1,0,1,1,0,1,0,0 : 215.47
1,0,0,1,0,1,1,0,1,0,0 : 215.47
1,0,0,1,0,1,1,0,1,0,0 : 215.47
1,0,0,0,0,0,1,1,1,1,1 : 215.6066
1,0,0,0,0,0,1,1,1,1,1 : 215.6066
1,0,0,1,1,1,0,1,1,0,0 : 215.9466
1,0,0,1,1,1,0,1,1,1,0 : 215.9466
1,0,0,1,1,1,0,1,1,0,0 : 215.9466
1,0,0,1,1,1,0,1,1,1,0 : 215.9466
1,0,0,0,1,1,1,0,0,0,1 : 216.6366
1,0,0,0,1,1,1,0,0,0,1 : 216.6366
1,0,0,0,1,1,1,0,0,0,1 : 216.6366
1,0,0,0,1,1,1,0,0,0,1 : 216.6366
1,0,0,1,1,0,0,1,1,1,0 : 216.9133
1,0,0,1,1,0,0,1,1,1,0 : 216.9133
1,0,1,0,0,0,1,0,1,0,0 : 217.2866
1,0,1,0,0,0,1,0,1,0,0 : 217.2866
1,0,0,0,1,0,1,0,1,1,1 : 218.02
1,0,0,0,1,0,0,1,1,1,1 : 218.02
1,0,0,0,1,0,1,0,1,1,1 : 218.02
1,0,0,0,1,0,1,0,1,1,1 : 218.02
1,0,0,0,1,0,0,1,1,1,1 : 218.02
1,0,0,0,1,0,1,0,1,1,1 : 218.02
1,1,0,0,1,0,0,0,0,0,0 : 219.1533
1,1,0,0,1,0,0,0,0,0,0 : 219.1533
1,0,1,0,1,0,1,1,1,0,0 : 219.3966
1,0,1,0,1,0,1,1,1,1,0 : 219.3966
1,0,1,0,1,0,0,0,1,1,0 : 219.3966
1,0,1,0,1,0,1,1,1,1,0 : 219.3966
1,0,1,0,1,0,1,1,1,0,0 : 219.3966
1,0,1,0,1,0,1,1,1,1,0 : 219.3966
1,0,1,0,1,0,0,0,1,1,0 : 219.3966
1,0,1,0,1,0,1,1,1,1,0 : 219.3966
1,0,1,0,0,0,1,0,0,0,0 : 220.4233
1,0,1,0,0,0,1,0,0,0,0 : 220.4233
1,0,1,0,0,0,1,0,0,0,0 : 220.4233
1,0,1,0,0,0,1,0,0,0,0 : 220.4233
1,1,0,0,1,1,0,0,1,1,0 : 223.0133
1,1,0,0,1,1,0,0,1,1,0 : 223.0133
1,0,1,0,1,1,0,1,0,1,0 : 224.1766
1,0,1,0,1,1,0,1,0,1,0 : 224.1766
1,0,1,0,1,1,0,1,0,1,0 : 224.1766
1,0,1,0,1,1,0,1,0,1,0 : 224.1766
1,1,0,0,1,1,1,1,0,1,0 : 225.7733
1,1,0,0,0,0,1,1,0,1,0 : 225.7733
1,1,0,0,1,1,1,1,0,1,0 : 225.7733
1,1,0,0,0,0,1,1,0,1,0 : 225.7733
1,1,0,0,1,1,1,1,0,1,0 : 225.7733
1,1,0,0,0,0,1,1,0,1,0 : 225.7733
1,1,0,0,1,1,1,1,0,1,0 : 225.7733
1,1,0,0,0,0,1,1,0,1,0 : 225.7733
1,0,1,1,0,0,0,0,0,0,0 : 226.13
1,0,1,1,0,0,0,0,0,0,0 : 226.13
