1,1,1,0,0,0,1,0,1,1,0,0,1,1,0,0 : 244.277
1,1,1,0,0,0,1,0,1,1,0,0,1,1,0,0 : 244.277
1,1,1,0,1,0,1,1,1,0,0,1,1,1,0,0 : 252.963
1,1,1,0,1,0,1,1,1,0,0,1,1,1,0,0 : 252.963
1,1,1,0,1,0,1,1,1,0,0,1,1,1,0,0 : 252.963
1,1,1,0,1,0,0,0,1,0,0,1,1,1,0,0 : 252.963
1,1,1,0,1,0,1,1,1,0,0,1,1,1,0,0 : 252.963
1,1,1,0,1,0,1,1,1,0,0,1,1,1,0,0 : 252.963
1,1,1,0,1,0,1,1,1,0,0,1,1,1,0,0 : 252.963
1,1,1,0,1,0,0,0,1,0,0,1,1,1,0,0 : 252.963
1,1,0,0,0,0,0,0,1,1,0,0,1,1,0,0 : 254.587
1,1,0,0,0,0,0,0,1,1,0,0,1,1,0,0 : 254.587
1,1,0,1,0,0,0,1,1,0,1,0,1,1,0,0 : 256.32
1,1,0,1,0,0,0,1,1,0,1,0,1,1,0,0 : 256.32
1,0,1,0,0,0,0,0,1,1,0,0,1,1,0,0 : 260.38
1,0,1,0,0,0,1,0,1,1,0,0,1,1,0,0 : 260.38
1,0,1,0,0,0,0,0,1,1,0,0,1,1,0,0 : 260.38
1,0,1,0,0,0,0,0,1,1,0,0,1,1,0,0 : 260.38
1,0,1,0,0,0,0,0,1,1,0,0,1,1,0,0 : 260.38
1,0,1,0,0,0,1,0,1,1,0,0,1,1,0,0 : 260.38
1,0,1,0,0,0,0,0,1,1,0,0,1,1,0,0 : 260.38
1,0,1,0,0,0,0,0,1,1,0,0,1,1,0,0 : 260.38
1,0,1,0,0,0,0,1,1,0,1,0,1,1,0,0 : 262.233
1,0,1,0,0,0,0,1,1,0,1,0,1,1,0,0 : 262.233
1,1,0,0,1,0,1,1,1,0,0,1,1,1,0,0 : 263.207
1,1,0,0,1,0,0,0,1,0,0,1,1,1,0,0 : 263.207
1,1,0,0,1,0,1,1,1,0,0,1,1,1,0,0 : 263.207
1,1,0,0,1,0,1,1,1,0,0,1,1,1,0,0 : 263.207
1,1,0,0,1,0,1,1,1,0,0,1,1,1,0,0 : 263.207
1,1,0,0,1,0,0,0,1,0,0,1,1,1,0,0 : 263.207
1,1,0,0,1,0,1,1,1,0,0,1,1,1,0,0 : 263.207
1,1,0,0,1,0,1,1,1,0,0,1,1,1,0,0 : 263.207
1,1,0,1,1,0,0,0,1,0,0,1,1,1,0,0 : 263.847
1,1,0,1,1,0,0,0,1,0,0,1,1,1,0,0 : 263.847
1,0,0,0,0,0,0,0,1,1,0,0,1,1,0,0 : 268.17
1,0,0,0,0,0,0,0,1,1,0,0,1,1,0,0 : 268.17
1,0,0,0,0,0,0,0,1,1,0,0,1,1,0,0 : 268.17
1,0,0,0,0,0,0,0,1,1,0,0,1,1,0,0 : 268.17
1,0,0,1,0,0,1,1,1,0,1,0,1,1,0,0 : 271.337
1,0,0,1,0,0,1,1,1,0,1,0,1,1,0,0 : 271.337
1,0,0,1,0,0,1,1,1,0,1,0,1,1,0,0 : 271.337
1,0,0,1,0,0,1,1,1,0,1,0,1,1,0,0 : 271.337
1,0,0,0,1,0,1,0,1,0,0,1,1,1,0,0 : 279.097
1,0,0,0,1,0,1,1,1,1,0,0,1,1,0,0 : 279.097
1,0,0,0,1,0,1,0,1,0,0,1,1,1,0,0 : 279.097
1,0,0,0,1,0,1,1,1,1,0,0,1,1,0,0 : 279.097
1,1,1,0,1,1,0,1,1,1,0,0,1,1,0,0 : 279.15
1,1,1,0,1,1,0,1,1,1,0,0,1,1,0,0 : 279.15
1,1,1,0,1,1,0,1,1,1,0,0,1,1,0,0 : 279.15
1,1,1,0,1,1,0,1,1,1,0,0,1,1,0,0 : 279.15
1,1,1,0,1,1,0,1,1,1,0,0,1,1,0,0 : 279.15
1,1,1,0,1,1,0,1,1,1,0,0,1,1,0,0 : 279.15
1,1,1,0,1,1,0,1,1,1,0,0,1,1,0,0 : 279.15
1,1,1,0,1,1,0,1,1,1,0,0,1,1,0,0 : 279.15
1,1,0,0,0,1,0,1,1,0,1,0,1,1,0,0 : 287.037
1,1,0,0,0,1,0,1,1,0,1,0,1,1,0,0 : 287.037
1,1,0,0,0,1,1,0,1,0,1,0,1,1,0,0 : 287.05
1,1,0,0,0,1,1,0,1,0,1,0,1,1,0,0 : 287.05
1,1,0,0,0,1,1,0,1,0,1,0,1,1,0,0 : 287.05
1,1,0,0,0,1,1,0,1,0,1,0,1,1,0,0 : 287.05
1,1,0,0,1,1,0,0,1,0,0,1,1,1,0,0 : 291.62
1,1,0,0,1,1,1,1,1,0,0,1,1,1,0,0 : 291.62
1,1,0,0,1,1,1,1,1,0,0,1,1,1,0,0 : 291.62
1,1,0,0,1,1,1,1,1,0,0,1,1,1,0,0 : 291.62
1,1,0,0,1,1,0,0,1,0,0,1,1,1,0,0 : 291.62
1,1,0,0,1,1,1,1,1,0,0,1,1,1,0,0 : 291.62
1,1,0,0,1,1,1,1,1,0,0,1,1,1,0,0 : 291.62
1,1,0,0,1,1,1,1,1,0,0,1,1,1,0,0 : 291.62
1,0,1,1,1,1,1,0,1,1,0,0,1,1,0,0 : 295.257
1,0,1,1,1,1,1,0,1,1,0,0,1,1,0,0 : 295.257
1,0,1,1,0,1,0,1,1,0,0,1,1,1,0,0 : 299.85
1,0,1,1,0,1,0,1,1,0,0,1,1,1,0,0 : 299.85
1,0,1,1,0,1,0,1,1,0,0,1,1,1,0,0 : 299.85
1,0,1,1,0,1,0,1,1,0,0,1,1,1,0,0 : 299.85
1,0,0,0,1,1,1,1,1,1,0,0,1,1,0,0 : 305.48
1,0,0,0,1,1,1,1,1,1,0,0,1,1,0,0 : 305.48
1,0,0,1,0,1,1,1,1,0,1,0,1,1,0,0 : 310.283
1,0,0,1,0,1,1,1,1,0,1,0,1,1,0,0 : 310.283
1,0,0,0,1,1,1,1,1,0,1,0,1,1,0,0 : 310.283
1,0,0,1,0,1,1,1,1,0,1,0,1,1,0,0 : 310.283
1,0,0,1,0,1,1,1,1,0,1,0,1,1,0,0 : 310.283
1,0,0,1,0,1,1,1,1,0,1,0,1,1,0,0 : 310.283
1,0,0,0,1,1,1,1,1,0,1,0,1,1,0,0 : 310.283
1,0,0,1,0,1,1,1,1,0,1,0,1,1,0,0 : 310.283
1,0,0,1,1,1,1,1,1,0,0,1,1,1,0,0 : 310.673
1,0,0,1,0,1,1,1,1,0,0,1,1,1,0,0 : 310.673
1,0,0,1,1,1,1,1,1,0,0,1,1,1,0,0 : 310.673
1,0,0,1,0,1,1,1,1,0,0,1,1,1,0,0 : 310.673
1,1,1,0,0,0,1,1,1,1,0,0,1,0,1,0 : 361.7029
1,1,1,1,0,0,1,1,1,1,0,0,1,0,1,0 : 361.7029
1,1,1,0,0,0,1,1,1,1,0,0,1,0,1,0 : 361.7029
1,1,1,0,0,0,1,1,1,1,0,0,1,0,1,0 : 361.7029
1,1,1,1,0,0,1,1,1,1,0,0,1,0,1,0 : 361.7029
1,1,1,0,0,0,1,1,1,1,0,0,1,0,1,0 : 361.7029
1,0,1,0,0,0,1,1,1,1,0,0,1,0,1,0 : 380.18
1,0,1,0,0,0,1,1,1,1,0,0,1,0,1,0 : 380.18
1,1,0,1,0,1,1,0,1,0,1,0,1,0,1,0 : 413.88
1,1,0,1,0,1,1,1,1,0,1,0,1,0,1,0 : 413.88
1,1,0,1,0,1,1,1,1,0,1,0,1,0,1,0 : 413.88
1,1,0,1,0,1,1,0,1,0,1,0,1,0,1,0 : 413.88
