1,1,0,0,0,0,0,1,1,1,0,0,1,1,0,0 : 254.707
1,1,0,0,0,0,0,1,1,1,0,0,1,1,0,0 : 254.707
1,1,0,0,0,0,0,1,1,1,0,0,1,1,0,0 : 254.707
1,1,0,0,0,0,0,1,1,1,0,0,1,1,0,0 : 254.707
1,1,0,1,0,0,0,1,1,0,1,0,1,1,0,0 : 256.32
1,1,0,0,0,0,0,1,1,0,1,0,1,1,0,0 : 256.32
1,1,0,1,0,0,0,1,1,0,1,0,1,1,0,0 : 256.32
1,1,0,0,0,0,0,1,1,0,1,0,1,1,0,0 : 256.32
1,1,0,1,0,0,0,1,1,0,1,0,1,1,0,0 : 256.32
1,1,0,0,0,0,0,1,1,0,1,0,1,1,0,0 : 256.32
1,1,0,1,0,0,0,1,1,0,1,0,1,1,0,0 : 256.32
1,1,0,0,0,0,0,1,1,0,1,0,1,1,0,0 : 256.32
1,1,0,1,0,0,0,0,1,0,0,1,1,1,0,0 : 257.407
1,1,0,1,0,0,0,0,1,0,0,1,1,1,0,0 : 257.407
1,1,0,1,0,0,0,1,1,0,0,1,1,1,0,0 : 257.45
1,1,0,1,0,0,0,1,1,0,0,1,1,1,0,0 : 257.45
1,1,0,1,0,0,0,1,1,0,0,1,1,1,0,0 : 257.45
1,1,0,1,0,0,0,1,1,0,0,1,1,1,0,0 : 257.45
1,1,0,1,0,0,1,1,1,0,0,1,1,1,0,0 : 257.5299
1,1,0,1,0,0,1,1,1,0,0,1,1,1,0,0 : 257.5299
1,0,1,0,0,0,1,0,1,1,0,0,1,1,0,0 : 260.38
1,0,1,0,0,0,0,0,1,1,0,0,1,1,0,0 : 260.38
1,0,1,0,0,0,0,0,1,1,0,0,1,1,0,0 : 260.38
1,0,1,0,0,0,1,0,1,1,0,0,1,1,0,0 : 260.38
1,0,1,0,0,0,0,0,1,1,0,0,1,1,0,0 : 260.38
1,0,1,0,0,0,0,0,1,1,0,0,1,1,0,0 : 260.38
1,0,1,0,0,0,0,1,1,0,0,1,1,1,0,0 : 263.363
1,0,1,0,0,0,0,1,1,0,0,1,1,1,0,0 : 263.363
1,0,1,1,1,0,0,0,1,1,0,0,1,1,0,0 : 266.67
1,0,1,1,1,0,0,0,1,1,0,0,1,1,0,0 : 266.67
1,0,0,1,0,0,0,0,1,1,0,0,1,1,0,0 : 268.17
1,0,0,1,0,0,0,0,1,1,0,0,1,1,0,0 : 268.17
1,0,1,1,1,0,1,1,1,0,0,1,1,1,0,0 : 269.95
1,0,1,1,1,0,1,1,1,0,0,1,1,1,0,0 : 269.95
1,0,1,1,1,0,1,1,1,0,0,1,1,1,0,0 : 269.95
1,0,1,1,1,0,1,1,1,0,0,1,1,1,0,0 : 269.95
1,0,1,1,1,0,1,1,1,0,0,1,1,1,0,0 : 269.95
1,0,1,1,1,0,1,1,1,0,0,1,1,1,0,0 : 269.95
1,0,1,1,1,0,1,1,1,0,0,1,1,1,0,0 : 269.95
1,0,1,1,1,0,1,1,1,0,0,1,1,1,0,0 : 269.95
1,0,1,1,1,0,1,1,1,0,0,1,1,1,0,0 : 269.95
1,0,1,1,1,0,1,1,1,0,0,1,1,1,0,0 : 269.95
1,0,0,1,0,0,0,0,1,0,0,1,1,1,0,0 : 271.337
1,0,0,1,0,0,0,0,1,0,0,1,1,1,0,0 : 271.337
1,0,0,1,1,0,0,1,1,1,0,0,1,1,0,0 : 275.373
1,0,0,1,1,0,0,1,1,1,0,0,1,1,0,0 : 275.373
1,1,1,1,0,1,0,1,1,0,0,1,1,1,0,0 : 275.4529
1,1,1,1,0,1,0,1,1,0,0,1,1,1,0,0 : 275.4529
1,0,0,0,1,0,0,0,1,0,1,0,1,1,0,0 : 276.103
1,0,0,0,1,0,0,0,1,0,1,0,1,1,0,0 : 276.103
1,0,0,0,1,0,0,0,1,0,1,0,1,1,0,0 : 276.103
1,0,0,0,1,0,0,0,1,0,1,0,1,1,0,0 : 276.103
1,1,1,0,1,1,0,1,1,1,0,0,1,1,0,0 : 279.15
1,1,1,0,1,1,1,1,1,1,0,0,1,1,0,0 : 279.15
1,1,1,0,1,1,0,1,1,1,0,0,1,1,0,0 : 279.15
1,1,1,0,1,1,1,1,1,1,0,0,1,1,0,0 : 279.15
1,1,1,0,1,1,0,1,1,1,0,0,1,1,0,0 : 279.15
1,1,1,0,1,1,1,1,1,1,0,0,1,1,0,0 : 279.15
1,1,1,0,1,1,0,1,1,1,0,0,1,1,0,0 : 279.15
1,1,1,0,1,1,1,1,1,1,0,0,1,1,0,0 : 279.15
1,1,0,1,0,1,0,1,1,0,0,1,1,1,0,0 : 286.353
1,1,0,1,0,1,0,0,1,0,0,1,1,1,0,0 : 286.353
1,1,0,1,0,1,1,0,1,0,0,1,1,1,0,0 : 286.353
1,1,0,1,0,1,0,1,1,0,0,1,1,1,0,0 : 286.353
1,1,0,1,0,1,0,0,1,0,0,1,1,1,0,0 : 286.353
1,1,0,1,0,1,1,0,1,0,0,1,1,1,0,0 : 286.353
1,1,0,1,0,1,1,1,1,0,1,0,1,1,0,0 : 286.43
1,1,0,1,0,1,1,0,1,0,1,0,1,1,0,0 : 286.43
1,1,0,1,0,1,1,1,1,0,1,0,1,1,0,0 : 286.43
1,1,0,1,0,1,1,0,1,0,1,0,1,1,0,0 : 286.43
1,1,0,0,0,1,1,1,1,0,0,1,1,1,0,0 : 287.037
1,1,0,0,0,1,1,1,1,0,0,1,1,1,0,0 : 287.037
1,1,0,0,0,1,1,1,1,0,0,1,1,1,0,0 : 287.037
1,1,0,0,0,1,1,1,1,0,0,1,1,1,0,0 : 287.037
1,1,0,0,0,1,1,1,1,0,0,1,1,1,0,0 : 287.037
1,1,0,0,0,1,1,1,1,0,0,1,1,1,0,0 : 287.037
1,1,0,0,0,1,1,0,1,0,1,0,1,1,0,0 : 287.05
1,1,0,0,0,1,1,0,1,0,1,0,1,1,0,0 : 287.05
1,1,0,0,0,1,1,0,1,0,1,0,1,1,0,0 : 287.05
1,1,0,0,0,1,1,0,1,0,1,0,1,1,0,0 : 287.05
1,1,0,0,0,1,1,0,1,0,1,0,1,1,0,0 : 287.05
1,1,0,0,0,1,1,0,1,0,1,0,1,1,0,0 : 287.05
1,1,0,0,0,1,1,0,1,0,1,0,1,1,0,0 : 287.05
1,1,0,0,0,1,1,0,1,0,1,0,1,1,0,0 : 287.05
1,1,0,0,0,1,1,0,1,0,1,0,1,1,0,0 : 287.05
1,1,0,0,0,1,1,0,1,0,1,0,1,1,0,0 : 287.05
1,1,0,1,1,1,1,0,1,0,0,1,1,1,0,0 : 291.237
1,1,0,1,1,1,1,1,1,0,0,1,1,1,0,0 : 291.237
1,1,0,1,1,1,1,0,1,0,0,1,1,1,0,0 : 291.237
1,1,0,1,1,1,1,1,1,0,0,1,1,1,0,0 : 291.237
1,1,0,0,1,1,1,1,1,1,0,0,1,1,0,0 : 291.62
1,1,0,0,1,1,1,0,1,0,0,1,1,1,0,0 : 291.62
1,1,0,0,1,1,1,1,1,0,0,1,1,1,0,0 : 291.62
1,1,0,0,1,1,1,1,1,0,0,1,1,1,0,0 : 291.62
1,1,0,0,1,1,1,0,1,0,0,1,1,1,0,0 : 291.62
1,1,0,0,1,1,1,0,1,0,0,1,1,1,0,0 : 291.62
1,1,0,0,1,1,0,1,1,0,0,1,1,1,0,0 : 291.62
1,1,0,0,1,1,1,1,1,0,0,1,1,1,0,0 : 291.62
1,1,0,0,1,1,1,0,1,0,0,1,1,1,0,0 : 291.62
1,1,0,0,1,1,0,1,1,0,0,1,1,1,0,0 : 291.62
