1,0,0,1,1,1,1,0,1,0,1,0,1,0,1,0,1,0,0,1,0,1,0,1,0,1,1,0,0,0,1,0,1,1,0,1,1,0,1 : 14.3553
1,1,0,1,1,1,0,1,1,0,1,0,1,0,1,0,1,0,0,0,0,1,0,1,0,1,1,0,0,0,0,1,1,0,0,1,0,0,1 : 15.8293
0,0,0,0,0,1,0,0,0,1,1,0,0,1,1,1,1,1,1,0,1,0,0,1,0,1,1,1,1,0,0,0,1,1,0,0,0,1,0 : 13.0563
0,1,0,1,0,0,0,1,0,0,0,0,0,0,1,0,0,0,0,1,0,1,0,1,0,1,0,0,0,1,0,0,1,1,0,0,0,1,1 : 13.1924
0,1,0,0,0,1,0,1,0,1,0,1,1,0,1,0,1,0,0,0,0,1,1,0,0,1,1,0,0,1,1,1,1,0,0,1,1,1,1 : 13.2118
0,0,1,0,0,0,1,1,1,0,0,0,0,0,0,0,0,1,0,0,0,0,0,1,0,0,1,1,1,0,0,0,0,1,0,1,1,1,0 : 13.2694
1,0,0,1,0,0,1,1,1,1,0,1,1,0,0,0,0,1,0,1,0,0,0,0,0,1,0,0,1,0,0,0,0,0,0,1,1,1,0 : 13.0004
1,0,0,0,0,1,1,0,1,0,1,0,1,1,0,0,1,0,0,0,0,0,1,1,0,0,1,0,0,1,1,0,0,1,0,0,1,0,1 : 14.3553
0,1,1,1,0,0,0,0,0,1,1,1,1,1,1,1,1,0,1,1,1,0,1,1,0,0,1,0,1,1,0,0,0,1,1,0,0,0,1 : 16.1022
1,0,0,0,1,1,0,1,0,0,0,1,0,0,0,1,1,0,1,0,0,0,1,1,0,1,1,0,1,0,1,0,1,1,0,1,1,0,0 : 13.0854
1,1,0,0,1,0,1,1,0,1,0,1,0,1,1,0,0,1,0,0,1,1,0,1,1,1,0,0,0,1,0,0,1,1,1,0,0,1,0 : 14.0434
1,0,0,0,0,1,1,0,0,1,0,1,1,0,1,1,0,1,0,0,0,1,0,1,0,1,0,0,1,1,1,0,1,0,0,1,0,1,1 : 15.4642
1,0,0,1,1,1,0,1,1,1,1,0,1,0,0,1,0,0,1,0,0,1,0,0,1,1,0,0,0,1,1,0,1,1,0,0,1,0,0 : 15.4642
1,0,0,1,1,1,1,0,1,1,1,1,1,0,1,0,1,1,1,1,1,1,1,1,0,1,0,1,0,0,1,1,0,1,1,0,0,0,1 : 15.4335
0,1,1,0,0,0,1,1,1,1,0,0,1,1,0,0,0,0,1,1,0,0,1,1,0,0,1,0,0,1,0,1,1,0,0,0,0,0,0 : 13.1559
0,0,0,0,0,0,0,0,0,0,1,0,1,0,0,0,1,0,0,1,1,1,0,0,1,0,1,0,0,1,1,1,0,1,0,0,0,0,1 : 15.5928
0,1,0,0,0,1,1,0,0,1,0,1,1,1,1,1,1,0,0,0,0,1,0,0,1,1,0,0,1,1,0,0,0,1,0,0,1,0,1 : 15.4335
0,0,1,0,1,0,0,0,1,0,0,1,1,0,1,0,0,0,0,1,1,0,0,1,0,0,0,1,0,1,0,1,0,1,0,1,1,0,0 : 13.1815
1,0,0,0,1,0,0,0,0,1,1,1,1,0,0,0,0,1,0,0,1,0,1,1,0,0,1,1,1,0,0,0,0,0,0,0,0,0,0 : 13.731
1,1,0,1,0,0,0,1,1,1,1,0,1,0,0,1,1,0,1,0,0,0,0,0,1,1,0,0,0,0,0,1,0,1,0,1,1,1,1 : 13.1294
0,0,0,1,1,1,1,0,0,0,0,0,0,0,1,0,1,0,1,1,0,0,1,0,0,1,1,0,1,0,0,0,0,1,1,0,0,0,1 : 15.8336
0,0,0,0,0,0,0,0,0,1,0,1,1,1,0,0,1,0,0,1,1,0,1,1,1,0,1,0,1,0,0,0,1,1,0,0,0,1,1 : 15.5928
0,0,0,0,1,0,1,1,1,0,0,0,1,1,1,1,0,0,1,1,0,0,1,1,0,1,0,0,1,0,0,0,0,0,0,0,0,0,0 : 13.0212
1,0,0,0,0,1,1,0,1,0,0,1,1,1,0,0,1,0,1,0,1,0,1,1,0,0,1,0,1,0,0,0,0,0,0,1,0,0,1 : 15.4579
1,0,1,0,1,0,0,0,0,1,1,0,0,0,1,0,0,1,1,1,0,1,0,1,1,1,0,1,1,0,0,0,1,0,0,0,0,1,1 : 13.2594
1,0,0,0,1,0,1,1,1,1,0,0,0,1,1,0,1,0,1,0,1,1,1,1,1,1,0,1,0,0,1,0,0,0,0,1,0,0,1 : 15.6878
1,1,1,0,0,0,1,0,1,0,0,0,1,0,0,1,1,1,0,0,1,1,0,1,0,0,0,1,1,0,0,0,1,0,0,1,1,1,1 : 13.1554
0,1,0,1,1,0,1,1,1,0,1,1,0,1,0,1,1,0,0,0,0,0,0,1,1,1,0,0,1,1,1,0,0,1,0,1,0,0,0 : 13.0193
1,1,0,1,0,0,1,0,1,0,1,1,0,1,1,1,0,0,0,1,1,1,1,1,0,0,0,0,0,1,0,1,0,1,1,1,0,0,0 : 15.1972
1,0,0,1,0,1,1,1,0,1,1,0,1,1,1,1,1,0,1,0,1,1,0,1,0,0,0,0,1,0,0,1,0,1,0,1,0,0,0 : 15.4335
1,1,0,0,0,0,1,1,1,1,1,1,0,0,0,1,1,0,1,0,1,0,1,0,1,0,1,0,0,0,0,1,0,1,0,1,0,0,1 : 15.5928
0,0,0,0,1,0,1,0,1,0,1,0,0,1,1,1,1,0,1,0,1,0,1,0,0,0,1,1,1,0,0,0,0,0,0,0,0,0,0 : 13.0015
0,1,0,0,1,1,0,1,1,1,1,0,0,1,1,0,0,0,1,0,0,0,0,0,1,0,1,0,0,1,1,0,0,0,0,1,0,1,0 : 15.2801
0,0,1,0,0,0,1,1,1,0,0,0,1,0,1,0,0,0,0,1,0,0,1,1,0,1,1,0,1,0,0,0,0,1,1,0,0,1,0 : 13.1655
1,1,0,1,1,1,0,0,0,0,0,1,1,1,1,1,1,1,0,0,1,0,0,0,1,0,1,0,0,1,0,0,1,0,0,1,1,1,0 : 13.0563
0,1,0,1,1,1,0,0,1,0,1,0,0,0,1,0,0,0,1,0,0,0,0,0,0,0,1,0,0,0,1,0,1,1,0,0,0,0,0 : 15.2801
1,1,0,1,1,0,1,1,1,1,0,1,0,1,1,1,1,0,1,1,0,0,0,0,1,0,1,1,0,0,1,1,1,0,0,1,1,1,0 : 13.1294
0,0,0,1,1,1,0,0,1,0,1,1,1,1,0,0,0,0,1,0,1,0,0,0,0,0,0,0,1,0,0,0,1,0,1,0,1,0,0 : 16.1267
1,1,0,0,0,1,1,1,0,1,1,1,1,0,0,1,1,0,1,0,0,1,1,0,1,0,1,0,0,0,0,1,0,1,0,1,1,1,0 : 13.2118
0,0,0,0,0,1,0,0,0,0,1,1,1,0,1,0,0,0,0,0,0,0,1,0,1,1,0,0,1,1,1,0,1,1,0,0,1,0,0 : 16.1267
1,0,1,0,1,0,0,1,0,1,0,1,0,0,1,0,1,0,1,1,0,0,0,0,0,0,0,0,0,1,0,1,0,1,0,0,1,0,0 : 13.2471
0,0,1,0,0,1,0,0,0,1,1,1,0,1,1,0,1,0,0,0,0,1,1,1,1,0,1,1,0,1,0,0,1,1,0,0,1,1,0 : 13.2118
0,0,1,0,0,0,1,0,1,0,0,0,1,1,1,1,0,1,0,1,0,1,0,0,0,1,0,0,0,1,0,0,0,1,1,0,0,0,1 : 13.0004
0,1,0,0,0,0,1,0,1,0,1,1,1,1,1,0,1,0,0,0,1,1,0,1,0,1,1,0,1,0,1,0,1,1,1,0,1,0,0 : 13.6216
0,0,1,0,1,0,0,1,0,0,1,0,0,0,0,1,1,1,1,1,0,0,1,1,0,1,0,0,0,1,0,1,1,0,0,1,1,1,0 : 16.3155
0,1,0,0,1,0,1,1,1,0,1,0,0,0,0,0,0,1,0,1,1,0,1,0,0,0,1,0,0,0,0,1,1,0,0,0,0,0,0 : 13.6112
1,0,1,1,0,0,0,1,0,0,0,0,1,0,1,1,1,1,0,0,0,0,0,1,0,0,1,0,0,0,0,1,0,1,0,1,0,0,1 : 13.2412
1,1,0,0,0,0,1,0,0,1,0,0,0,1,0,1,1,0,1,0,0,1,1,1,0,0,0,0,0,0,0,1,1,0,0,1,1,0,1 : 13.0015
1,1,1,0,0,0,1,0,0,0,1,1,0,0,0,0,0,0,0,1,1,1,0,1,0,0,1,0,0,1,1,1,1,0,0,0,0,0,0 : 15.3447
0,1,0,1,0,0,0,0,1,1,0,1,1,0,0,1,1,1,1,1,1,1,1,0,0,0,1,0,1,1,0,0,1,1,0,0,0,0,1 : 13.0713
0,1,0,0,0,0,0,1,1,0,1,1,1,1,0,1,1,0,0,1,1,0,0,1,0,1,1,1,1,0,0,0,1,1,1,0,1,0,0 : 13.6216
1,1,0,0,0,0,1,0,1,0,1,0,1,0,1,0,1,0,0,0,0,0,0,0,0,1,0,0,0,1,0,1,1,0,0,0,1,0,1 : 13.0135
1,0,1,0,0,1,0,1,0,0,1,0,1,0,0,1,1,1,1,0,1,0,0,1,1,0,1,0,1,0,1,0,1,0,0,0,1,0,0 : 13.9286
1,0,0,1,0,0,0,1,1,0,1,0,0,1,1,1,1,1,1,1,1,0,0,1,0,1,0,0,0,0,1,0,1,1,1,0,1,0,0 : 13.0451
0,1,0,1,0,0,0,0,1,1,0,1,1,1,1,1,1,1,1,0,1,0,1,0,0,1,0,0,1,0,1,0,1,1,1,0,1,0,0 : 16.3679
1,1,1,0,0,0,1,0,0,1,0,0,1,0,1,0,1,0,0,1,1,0,1,1,1,0,1,0,0,1,1,0,0,0,0,1,1,1,1 : 15.3447
0,1,0,1,1,1,0,0,0,0,0,1,0,1,1,0,1,1,1,1,1,1,0,0,0,1,1,0,1,0,0,0,0,0,0,0,0,0,0 : 15.8336
1,0,1,0,0,1,0,0,0,1,0,0,1,0,1,1,1,0,1,0,0,1,1,0,1,1,0,0,1,0,1,0,0,1,0,0,0,0,0 : 15.4335
0,1,1,1,0,0,0,0,1,0,1,0,0,0,1,1,1,1,0,1,0,1,0,0,0,0,0,0,0,1,0,0,1,0,0,0,1,1,0 : 13.2594
0,1,0,1,1,0,1,1,0,0,1,0,0,1,0,1,1,0,1,1,0,0,0,0,0,0,1,1,0,0,1,1,0,1,0,0,0,0,1 : 13.059
1,1,0,1,0,0,1,0,1,0,0,0,0,0,1,1,0,1,1,1,0,1,0,1,1,0,1,0,0,1,0,1,0,1,1,0,0,0,1 : 13.1543
1,0,0,0,0,0,0,1,1,0,1,0,0,1,0,0,1,0,1,1,1,1,0,1,0,0,1,0,1,0,0,0,1,0,0,1,0,1,1 : 14.0052
0,0,1,0,1,0,0,0,1,1,1,0,0,1,1,0,1,1,0,1,0,1,0,1,0,0,0,0,0,0,0,0,0,0,0,1,0,1,0 : 13.2594
1,0,1,0,0,0,1,0,0,0,0,1,0,1,1,0,1,0,0,0,0,0,0,1,1,0,1,1,0,1,0,1,1,0,0,1,1,0,0 : 13.1815
1,1,1,0,0,0,1,0,1,0,1,0,0,1,0,0,1,0,1,1,1,1,0,1,0,1,1,0,1,1,0,0,0,1,0,1,0,1,1 : 13.0344
1,0,0,1,1,1,0,0,0,1,0,0,0,0,1,1,1,1,1,0,0,1,1,0,0,1,1,0,1,0,1,1,0,1,0,1,0,0,1 : 13.2118
1,1,0,1,1,0,0,1,1,1,0,0,1,1,1,1,1,1,1,1,1,1,1,0,1,1,0,0,1,1,0,0,1,1,0,0,1,0,1 : 13.0451
0,1,1,0,1,0,0,1,1,1,0,0,1,1,1,1,1,1,1,0,1,0,0,0,1,0,1,1,0,1,0,1,1,0,0,0,1,0,0 : 13.0412
1,0,0,1,0,0,0,0,0,1,1,1,1,0,0,0,1,1,1,1,1,0,1,1,0,1,0,0,0,0,0,1,0,1,0,1,0,1,0 : 13.1283
0,0,0,0,0,1,0,1,0,0,0,0,1,1,0,0,1,1,0,0,0,0,1,0,0,0,0,1,0,1,0,1,1,0,0,1,0,1,1 : 16.1267
1,0,0,0,1,1,1,1,1,1,0,1,1,0,0,1,0,0,0,1,0,1,1,0,0,1,1,0,0,0,0,0,0,1,0,1,1,1,0 : 14.3553
0,0,0,1,0,0,1,0,0,0,1,0,1,1,1,0,0,1,1,1,0,0,0,1,0,0,1,0,0,1,0,0,0,1,0,0,0,1,1 : 13.0004
1,1,0,1,0,1,1,0,0,1,1,1,1,1,0,0,1,1,1,1,0,1,0,1,1,1,0,1,0,1,0,1,1,0,0,0,1,0,1 : 15.4335
1,1,0,1,1,0,1,0,1,1,1,0,1,1,1,1,0,0,0,0,1,1,0,1,0,1,1,1,0,1,0,0,1,0,0,1,1,1,0 : 13.1294
1,0,0,1,1,1,1,1,1,0,1,1,0,0,0,0,1,0,0,1,1,0,1,0,0,0,1,0,1,1,1,1,1,0,0,0,1,0,0 : 14.3553
1,0,0,0,0,0,0,0,1,0,1,1,1,0,0,1,1,0,0,0,1,1,0,1,0,1,1,0,0,0,1,0,1,0,0,0,0,1,0 : 13.0972
0,1,0,1,0,1,1,1,1,1,0,1,1,1,0,1,1,1,1,0,1,1,0,1,1,1,0,0,1,0,1,1,1,0,0,1,0,0,0 : 15.4335
0,0,1,0,0,1,0,1,0,1,0,1,0,1,0,1,0,0,1,0,1,1,1,0,0,0,1,0,0,0,0,0,1,1,0,0,0,0,0 : 13.2118
1,0,0,1,0,0,0,1,0,0,0,0,0,1,0,0,1,0,1,1,1,1,1,1,1,1,0,0,1,1,1,0,1,0,0,1,1,0,1 : 13.2796
1,1,1,0,1,0,0,0,1,1,0,1,1,1,0,1,1,1,0,0,0,1,1,1,0,1,1,0,1,1,0,0,0,0,1,1,0,0,0 : 13.1554
0,0,0,1,0,1,0,0,0,0,1,0,1,0,1,0,0,0,1,0,1,1,1,0,1,0,1,1,0,0,1,0,0,0,1,0,0,1,0 : 13.2118
0,1,0,0,0,0,0,1,1,1,0,0,1,1,1,1,0,1,1,1,0,0,0,0,0,1,0,0,1,1,1,1,1,0,0,0,1,1,0 : 13.0004
0,1,1,1,0,0,0,1,1,0,1,0,0,1,0,1,1,0,1,1,0,0,0,1,1,1,0,0,1,0,0,0,1,0,0,1,0,1,0 : 13.0193
0,1,1,1,0,0,0,1,1,1,1,0,1,1,1,1,0,0,1,0,0,1,1,1,0,1,0,0,0,1,1,0,1,0,0,1,0,0,0 : 13.1294
1,1,0,1,0,1,1,1,0,1,0,1,0,1,0,0,0,0,1,1,0,0,0,1,1,1,0,0,1,1,0,0,0,1,0,1,0,0,1 : 16.1202
0,0,0,1,0,0,1,0,1,0,0,0,0,0,1,1,1,0,1,1,0,1,0,1,0,1,0,0,0,1,1,0,1,1,1,0,1,0,0 : 13.3506
0,0,0,1,1,1,1,1,0,0,1,1,0,0,0,0,0,1,0,0,1,0,0,1,0,1,0,0,0,0,1,0,0,0,0,1,0,0,0 : 15.7855
1,1,0,1,0,0,1,1,0,1,1,0,1,1,1,1,0,0,0,1,1,0,1,0,1,1,0,0,0,0,1,0,1,1,0,0,0,1,0 : 16.1022
1,0,0,1,0,0,1,0,1,1,0,0,0,1,1,0,0,1,0,1,1,0,1,0,0,0,0,0,0,1,0,1,0,1,0,0,0,0,1 : 13.6112
1,0,0,1,0,0,1,1,0,0,1,0,1,1,1,1,0,0,1,0,0,1,1,0,0,1,0,0,1,0,1,1,1,0,0,1,0,1,0 : 13.1305
0,0,0,1,1,0,0,0,1,0,0,0,0,0,1,0,0,1,1,1,1,1,0,0,0,0,1,0,0,0,1,0,1,1,0,1,1,1,1 : 13.0451
1,0,0,1,1,1,1,1,1,0,1,1,0,0,1,0,1,1,1,0,1,1,0,0,0,1,1,0,0,0,0,0,0,1,0,0,0,0,1 : 15.2801
0,0,0,1,1,0,0,0,0,1,1,1,1,1,0,0,1,1,0,1,1,1,1,0,1,0,1,0,0,1,0,0,1,1,0,1,0,0,0 : 12.8051
1,1,0,0,1,1,1,1,0,1,1,1,1,1,1,1,0,1,1,1,1,0,0,1,0,1,0,0,0,0,0,0,1,1,0,1,1,1,1 : 16.1267
0,0,1,0,1,0,0,0,0,0,0,1,0,0,1,0,1,1,0,0,1,0,0,1,1,0,1,1,1,0,0,0,0,0,0,1,1,0,1 : 13.2412
0,1,0,0,0,1,1,0,0,0,0,0,0,1,0,1,1,0,1,0,1,0,0,0,0,0,1,1,0,1,0,0,1,1,0,1,1,1,1 : 15.5776
0,0,0,0,0,0,1,1,1,0,1,1,0,1,0,0,0,1,0,0,0,0,1,1,1,0,1,0,0,1,1,0,0,1,0,1,0,1,0 : 13.2324
0,0,1,1,0,0,0,0,1,1,1,1,1,0,0,1,0,1,0,1,1,1,0,0,1,0,1,1,1,0,0,0,0,1,0,1,0,0,1 : 12.8051
0,1,0,1,1,1,1,1,1,1,0,1,1,1,1,1,0,0,1,0,0,0,1,0,1,1,0,0,1,0,0,0,0,1,0,1,0,1,1 : 16.1267
1,1,0,1,1,0,0,1,0,1,1,1,0,0,1,1,1,0,0,0,1,0,1,1,1,0,1,0,0,0,0,0,0,1,1,0,0,1,0 : 16.3945
