1,1,0,0,1,0,1,0,1,0,1,1,1,0,1,0,1,1,0,1,1,0,0,0,0,1,1,0,0,1,0,1,1,0,0,0,1,0,0 : 12.7358
1,1,0,1,0,0,1,0,0,1,1,0,0,1,1,0,1,1,1,1,1,0,0,0,1,0,1,0,1,1,0,1,1,0,0,0,0,0,1 : 12.6877
0,0,0,1,1,0,0,1,1,1,0,0,1,0,1,0,1,0,1,1,0,1,0,0,0,0,1,1,0,1,0,1,0,1,0,1,0,0,0 : 13.0344
0,1,0,0,1,0,1,0,1,0,1,1,0,1,0,0,1,1,0,0,1,1,1,1,0,1,0,0,0,0,0,0,1,1,0,0,1,0,1 : 13.1776
0,1,0,1,1,0,0,1,1,1,0,0,1,0,1,0,0,1,0,1,0,1,0,0,1,0,1,0,1,1,1,1,0,1,1,0,1,0,0 : 13.1354
1,1,0,0,0,0,0,0,1,1,1,1,0,1,0,0,0,1,1,0,0,1,1,1,0,0,0,0,1,1,1,0,1,0,1,0,0,0,1 : 13.1354
1,0,0,0,0,0,1,0,0,0,1,0,0,1,0,0,0,1,1,1,0,0,0,0,0,0,1,0,1,0,0,1,0,1,0,0,0,0,1 : 13.8795
0,0,0,0,0,0,0,1,0,1,0,1,1,1,1,0,0,1,0,1,0,0,1,0,0,1,0,1,0,1,0,0,1,1,0,1,0,1,0 : 13.7542
1,1,0,0,0,1,0,1,1,0,1,1,0,1,1,0,0,1,0,0,0,1,1,1,0,0,1,0,0,0,0,0,0,1,0,0,0,0,1 : 13.1354
0,1,0,0,1,1,0,0,0,0,1,1,0,0,1,1,0,0,1,1,1,1,0,0,0,0,0,0,1,1,0,0,0,0,1,0,1,0,0 : 14.0173
0,0,0,0,0,0,0,1,1,0,0,0,0,1,1,0,0,0,0,0,0,0,1,1,1,1,0,0,1,1,1,0,0,0,0,0,0,0,0 : 13.4292
1,1,0,1,1,0,0,0,1,1,0,0,1,1,1,1,1,1,1,1,0,0,0,0,0,1,1,1,1,0,0,0,0,0,0,1,1,0,0 : 16.3747
0,1,0,0,0,0,0,0,0,0,1,0,1,0,0,1,0,1,0,1,1,1,1,1,0,0,1,1,0,0,1,0,0,1,0,1,0,0,0 : 13.1354
0,0,0,0,0,1,1,1,0,0,0,0,0,1,1,1,0,0,1,1,1,0,0,1,0,1,1,0,0,0,1,0,1,1,0,0,1,0,0 : 15.9379
1,1,1,0,1,0,0,0,0,0,0,0,0,0,1,0,1,1,0,1,0,0,1,1,0,0,0,0,1,1,0,0,0,0,0,0,1,0,0 : 16.3747
0,0,0,0,1,0,0,0,0,1,0,1,0,0,0,1,0,0,0,0,1,0,1,1,1,0,1,0,1,1,0,0,1,1,1,0,0,1,0 : 13.0344
0,1,0,1,0,0,0,1,0,0,1,0,0,1,1,0,1,1,1,1,1,0,1,1,0,0,1,0,0,1,1,1,1,0,0,1,1,0,1 : 12.6877
1,0,0,0,0,1,1,1,1,0,0,0,1,0,1,1,1,0,0,1,0,1,0,1,0,1,1,0,1,0,0,0,1,1,0,1,1,1,1 : 13.1655
1,0,0,0,1,0,0,0,0,0,0,1,1,1,0,1,1,0,1,1,1,1,0,0,0,1,1,0,0,1,1,0,1,1,0,0,1,0,0 : 13.0344
1,1,1,0,0,0,1,0,0,0,1,0,0,0,1,1,1,1,0,0,0,0,1,0,0,0,0,0,0,0,1,0,1,0,0,1,1,1,0 : 15.7588
1,0,0,0,1,0,0,0,1,0,1,1,1,1,0,1,1,0,1,0,0,0,0,1,0,1,1,0,1,1,0,0,0,0,0,0,1,0,0 : 13.0344
1,0,0,0,1,1,1,0,1,0,0,1,1,1,1,0,0,0,1,1,0,1,0,0,1,1,0,1,0,0,1,0,0,0,0,1,0,1,0 : 13.1655
0,1,0,1,1,0,1,0,0,1,1,1,1,0,1,0,1,1,0,0,1,0,0,0,1,1,0,0,0,1,1,0,0,1,0,1,1,1,0 : 13.2484
0,1,0,1,1,1,0,1,1,1,1,0,0,0,1,1,0,1,0,1,1,1,1,1,0,0,1,0,1,1,0,1,0,1,0,0,1,1,0 : 13.1354
0,1,0,1,1,0,0,0,1,0,0,1,1,0,0,0,1,1,1,0,1,0,0,1,0,0,0,0,1,0,0,1,1,0,0,1,1,0,0 : 13.0451
0,0,0,0,1,0,0,0,0,1,1,0,1,1,0,1,1,1,0,0,1,0,0,1,1,1,0,0,0,0,0,0,1,0,0,1,0,1,1 : 13.1808
0,1,0,1,1,1,0,0,1,1,1,0,0,1,1,0,1,1,0,1,1,0,0,0,0,1,0,0,1,0,0,0,1,0,1,0,0,1,0 : 12.6877
0,0,0,0,1,1,0,0,1,0,0,1,0,1,0,1,0,1,1,1,0,0,0,0,0,0,1,0,1,1,1,0,1,0,1,0,1,0,0 : 13.18
0,0,0,0,1,0,0,0,1,1,1,0,1,1,0,0,1,1,1,0,1,0,1,1,1,1,0,0,0,0,0,1,0,1,0,1,0,1,0 : 13.1808
0,0,0,1,0,0,1,1,0,0,1,0,1,0,1,1,1,0,0,1,1,0,1,0,0,1,1,0,1,0,0,0,1,0,0,1,1,1,1 : 13.1655
0,1,0,1,1,1,1,0,0,1,1,0,0,0,1,1,0,0,0,0,1,0,0,0,0,0,1,0,0,0,1,0,1,0,0,0,1,1,0 : 13.2813
0,0,0,0,0,0,0,1,0,1,0,0,1,1,1,1,1,0,0,0,0,0,0,0,1,1,0,0,0,0,0,0,1,0,0,0,0,1,1 : 13.3872
0,0,0,0,1,0,1,0,0,1,1,1,0,1,0,0,1,0,1,0,0,0,0,1,0,0,0,1,0,0,1,0,0,0,1,0,0,0,1 : 14.8157
0,1,0,0,1,1,0,0,1,1,0,0,1,0,1,1,0,1,1,0,1,0,1,0,0,0,0,1,0,0,1,0,0,1,0,0,0,0,0 : 16.0879
0,1,0,1,0,0,0,0,0,1,1,0,0,0,1,1,1,1,0,0,1,0,1,0,0,1,1,0,0,1,0,0,1,1,1,0,1,0,0 : 12.6877
0,0,1,0,1,0,0,0,1,1,1,0,1,1,1,1,0,0,1,0,1,1,0,0,0,1,1,0,0,1,1,0,1,1,1,0,1,0,0 : 13.0344
1,0,0,0,1,1,1,0,1,0,0,1,1,1,1,1,0,1,0,1,0,1,0,0,0,0,0,0,1,1,1,1,0,1,0,0,1,0,1 : 13.8795
0,1,0,1,0,1,0,0,0,1,1,0,1,0,0,1,1,1,0,1,1,1,1,0,0,1,1,0,0,0,0,1,0,1,0,1,0,1,1 : 12.902
0,1,0,1,1,0,0,0,1,1,0,1,0,1,0,0,1,0,0,0,1,1,0,0,0,0,1,0,1,0,0,0,0,0,0,1,0,1,1 : 13.2462
0,0,0,0,0,0,0,1,1,0,0,1,0,1,1,0,0,0,0,0,1,1,0,0,0,1,0,0,1,0,0,0,0,0,0,1,0,0,0 : 13.0713
0,1,0,1,1,1,0,1,0,1,1,0,0,1,1,0,1,1,0,0,1,0,1,0,0,0,0,0,0,1,0,0,0,1,0,0,1,1,0 : 12.6877
1,0,0,0,0,1,0,1,1,1,0,1,0,0,1,1,0,0,1,1,0,0,0,0,1,0,1,0,1,1,0,1,0,1,0,1,1,1,1 : 14.0173
0,0,0,0,1,0,0,0,0,1,0,0,0,1,0,0,0,0,1,0,1,0,1,0,0,1,0,0,1,1,0,0,1,1,0,1,0,0,0 : 13.0344
0,1,0,1,0,0,0,0,0,0,1,1,1,1,1,1,0,1,1,1,0,1,0,1,0,0,0,0,1,0,1,0,0,0,1,1,0,0,0 : 13.1354
1,0,0,1,1,0,1,1,0,0,0,0,0,1,0,1,1,0,1,1,0,0,0,1,1,0,1,0,1,0,1,0,1,1,0,0,0,0,0 : 13.2813
0,0,1,0,1,0,0,0,0,0,1,1,1,0,0,0,1,1,0,1,1,1,1,0,0,0,1,1,0,0,1,0,0,0,1,0,0,1,0 : 13.1808
1,1,0,0,1,0,0,1,0,1,0,0,0,1,1,1,0,0,0,1,1,0,0,1,0,1,0,1,0,1,0,0,0,1,0,1,0,1,1 : 13.0344
0,0,0,0,1,0,0,1,1,1,0,1,0,0,1,0,1,0,0,0,0,1,1,1,0,1,1,0,1,1,1,0,0,0,0,1,1,0,0 : 13.0344
1,1,0,1,1,1,0,0,1,0,0,0,0,0,0,1,0,0,0,1,1,0,1,1,0,0,0,1,1,0,0,0,1,1,0,0,0,1,1 : 13.1747
0,1,1,0,0,0,1,1,0,0,0,0,1,0,0,0,0,0,1,1,1,1,1,0,1,1,0,0,0,1,0,1,0,1,1,0,1,0,0 : 15.092
1,0,0,1,0,0,1,1,0,1,0,0,0,0,0,0,1,1,0,0,1,0,1,1,1,1,0,0,0,0,1,0,1,1,0,1,1,0,0 : 13.1808
0,1,0,1,1,0,1,0,0,1,1,1,1,1,1,1,1,0,0,0,0,1,0,0,0,0,0,0,1,1,1,0,1,1,0,1,1,0,0 : 13.2813
1,1,0,0,0,0,0,1,1,1,1,0,0,0,1,0,1,0,0,1,0,1,0,1,0,0,0,0,1,1,0,0,1,1,1,0,0,1,0 : 13.4292
0,1,0,1,0,0,0,1,1,1,1,0,0,1,1,1,0,1,0,0,1,1,0,0,0,0,1,0,0,1,0,0,1,1,0,0,0,0,1 : 13.1354
0,0,0,0,1,0,0,1,1,0,0,1,0,0,0,0,1,0,1,1,1,0,0,0,0,1,1,1,0,1,0,0,1,0,0,1,0,1,1 : 13.0344
0,1,0,1,1,0,0,0,1,1,0,0,1,1,1,0,1,1,1,1,1,1,0,1,0,0,0,1,0,1,0,0,0,0,0,0,0,1,1 : 13.0451
1,0,0,0,1,1,1,1,0,0,1,1,0,0,1,1,0,1,0,0,0,1,0,0,0,0,0,0,1,1,1,1,0,1,0,1,0,1,1 : 13.8795
0,1,0,1,0,0,0,1,0,0,0,0,1,0,0,0,0,1,0,1,0,0,0,0,0,1,1,0,0,1,0,0,1,1,0,0,0,0,0 : 13.751
0,1,0,0,1,0,1,0,0,0,0,0,1,1,0,1,0,0,0,1,1,1,1,1,0,1,0,1,0,0,1,1,0,1,0,1,1,1,1 : 15.6491
0,1,0,1,1,0,0,0,1,1,1,0,1,0,0,1,0,0,1,1,1,1,0,0,1,1,0,0,0,1,0,0,1,0,0,1,1,0,1 : 13.0344
1,1,1,0,0,1,0,1,0,1,0,1,1,0,1,1,1,1,0,0,1,0,0,0,0,0,1,0,0,0,1,0,0,1,0,1,1,0,0 : 13.974
1,0,0,1,0,0,1,1,1,0,0,1,0,0,0,0,1,1,0,0,0,1,0,1,0,0,0,0,0,1,0,0,1,1,0,0,1,0,1 : 15.7588
1,0,0,0,1,0,0,1,1,1,0,1,0,0,0,0,1,0,0,0,0,0,1,1,0,0,0,0,0,1,0,0,0,0,0,1,1,1,1 : 13.0344
1,0,0,1,1,1,0,1,0,0,0,0,1,1,1,0,1,1,1,0,1,0,1,1,0,1,0,1,1,0,0,1,1,0,0,1,1,1,0 : 13.9312
0,0,0,0,0,0,1,1,0,0,1,0,0,1,0,0,1,1,1,0,0,1,0,1,0,1,0,0,1,1,1,0,0,0,0,1,0,1,1 : 15.7588
1,1,0,0,0,1,1,1,1,1,1,0,1,1,0,1,1,1,0,0,1,0,1,1,0,0,1,0,0,1,0,0,0,0,0,0,1,0,1 : 12.7139
0,0,0,0,0,0,0,0,0,1,0,1,0,0,1,0,0,0,0,1,0,1,0,1,0,1,0,0,0,1,1,0,0,1,0,0,1,1,1 : 13.3872
1,1,0,1,0,0,0,1,0,1,0,0,0,1,0,1,0,0,0,1,0,0,0,0,0,0,0,0,1,1,0,0,0,0,0,1,1,0,1 : 13.0193
1,0,0,0,1,0,1,0,1,1,1,1,1,1,1,1,0,1,1,1,0,0,0,0,0,0,1,0,0,0,0,1,1,0,0,0,1,0,0 : 13.5167
1,0,1,0,1,0,0,0,0,0,1,0,1,1,0,0,1,1,0,1,1,0,0,0,0,1,0,1,0,1,0,0,0,1,0,1,1,1,0 : 13.1808
0,1,0,0,0,1,1,0,0,1,1,0,0,1,0,0,1,0,0,1,0,1,1,0,0,1,0,0,0,1,0,0,1,0,0,0,1,1,1 : 15.092
0,1,0,1,1,1,1,0,0,0,1,1,0,0,0,0,1,1,0,1,1,0,0,1,0,1,0,0,1,1,0,0,1,0,0,1,0,0,1 : 12.6877
1,0,0,0,1,1,1,1,1,0,1,1,0,1,1,1,0,0,1,0,1,0,1,1,0,1,0,0,0,1,0,0,1,1,1,0,0,0,1 : 15.9379
1,0,0,1,0,1,0,1,1,1,1,1,0,1,1,0,0,1,0,1,0,0,0,1,0,1,0,0,1,0,0,0,1,0,0,1,0,0,1 : 13.7542
1,1,0,1,1,1,0,0,0,0,0,1,1,0,0,0,0,1,0,1,0,0,1,1,0,1,1,0,1,0,1,0,1,0,0,1,0,0,0 : 13.3061
0,0,0,0,0,1,0,1,1,1,0,1,0,0,0,0,1,0,1,1,0,1,1,0,0,0,0,0,0,0,1,0,0,1,0,1,1,0,0 : 13.0854
1,0,0,1,1,1,1,1,0,1,1,1,0,1,1,1,0,1,0,1,1,0,0,1,0,0,1,0,0,1,0,0,1,0,0,1,0,1,1 : 13.5167
1,0,0,1,0,0,1,1,1,1,1,1,1,0,0,1,1,0,1,1,1,1,1,0,1,0,1,0,1,1,1,0,1,0,0,0,0,0,1 : 16.2059
0,0,0,0,0,1,1,1,0,0,0,1,1,1,1,0,0,0,0,1,1,0,1,1,0,1,1,0,0,0,1,0,1,0,0,0,0,0,0 : 15.9379
1,0,0,0,1,1,0,1,0,0,1,0,1,0,0,0,1,1,0,1,1,1,0,0,0,0,1,0,0,0,1,0,0,1,0,1,0,1,0 : 13.1808
0,0,0,1,1,1,0,0,1,1,0,1,0,1,1,0,0,1,0,1,1,0,1,1,1,0,1,1,1,0,0,0,0,0,0,1,1,1,0 : 16.0879
1,1,0,0,0,0,0,0,1,1,1,1,0,1,1,1,1,0,0,0,1,1,0,1,0,1,0,0,1,0,1,0,0,1,0,0,1,1,0 : 13.0713
1,0,0,1,1,0,1,0,1,0,0,0,0,1,1,1,1,1,0,0,1,0,1,1,0,1,0,0,1,1,1,0,1,0,0,0,1,1,1 : 13.9312
1,0,0,0,1,0,0,1,1,1,1,0,0,1,1,0,0,0,1,1,0,1,1,0,0,1,0,0,1,1,1,0,0,1,0,1,1,1,0 : 13.0344
1,1,0,1,1,0,0,1,1,1,0,1,1,0,1,1,1,0,0,0,0,0,0,1,0,0,1,1,1,0,0,0,0,1,0,1,0,0,1 : 13.2462
1,0,0,1,0,0,0,0,0,0,1,0,1,0,1,0,0,0,0,0,1,1,0,1,0,0,0,0,1,0,1,1,1,0,0,0,0,1,0 : 13.1202
1,1,0,0,0,1,0,1,0,0,0,1,0,1,1,0,0,1,0,1,1,1,0,0,1,0,1,0,1,0,1,0,0,0,0,0,0,1,0 : 13.1354
0,0,0,0,1,0,0,0,0,1,0,0,1,1,1,0,0,0,1,0,1,0,1,0,0,0,1,1,0,1,0,0,0,1,1,0,0,0,1 : 13.0344
0,0,1,0,0,0,1,0,0,1,0,0,0,1,0,1,0,1,0,1,0,1,1,1,1,0,1,0,0,0,0,0,0,0,0,0,0,0,0 : 13.8795
0,0,0,1,1,1,0,1,1,1,1,1,1,1,0,1,0,0,1,0,0,1,0,0,0,0,0,0,0,0,1,0,0,0,0,1,0,1,0 : 13.0896
0,0,0,0,1,0,0,1,1,1,1,0,0,0,1,1,1,0,0,1,1,1,1,0,0,0,1,0,1,1,0,0,1,0,0,1,1,0,1 : 13.0344
1,1,0,1,0,1,0,1,1,1,1,0,0,0,1,1,1,1,0,1,1,0,0,1,0,1,0,0,1,1,0,0,0,1,0,0,1,1,0 : 12.6877
0,0,0,1,0,1,0,0,0,1,0,1,0,0,1,1,0,1,0,1,0,0,1,0,1,1,0,1,0,0,1,0,0,0,0,1,1,0,1 : 16.0056
0,0,0,1,1,1,0,1,0,1,1,0,0,0,1,0,1,1,0,1,1,1,0,1,0,0,0,0,1,0,1,0,1,0,0,0,1,0,1 : 13.9312
1,1,0,0,1,0,0,1,0,1,1,1,1,1,1,1,1,0,1,1,1,1,0,1,0,1,0,0,1,1,1,1,0,1,0,1,0,0,1 : 13.0344
1,1,0,1,1,1,1,0,1,0,1,1,1,1,0,1,1,1,0,1,1,1,1,0,1,0,1,0,1,1,1,0,0,0,0,0,1,0,0 : 13.0451
1,1,1,1,0,0,0,0,1,0,1,1,1,0,1,0,0,1,0,1,1,0,0,1,0,1,1,0,1,1,1,1,1,0,0,0,0,0,1 : 16.0879
0,0,0,1,1,1,1,1,1,1,0,1,1,0,0,0,1,0,0,1,0,0,0,1,1,1,0,0,1,1,0,0,1,0,0,0,1,0,1 : 15.092
1,0,1,1,0,0,0,1,1,0,0,1,0,0,0,1,0,0,0,1,0,0,0,0,0,0,1,0,0,1,1,0,0,0,0,0,0,1,0 : 13.0406
1,1,0,0,0,0,1,0,1,0,1,0,1,1,0,0,0,0,0,1,0,0,0,1,0,0,0,0,0,0,1,0,1,0,0,1,1,1,1 : 14.1838
