1,1,1,0,1,0,0,0,1,0,0,1,1,1,0,0 : 252.963
1,1,1,0,1,0,0,0,1,0,0,1,1,1,0,0 : 252.963
1,1,0,0,0,0,0,0,1,1,0,0,1,1,0,0 : 254.587
1,1,0,0,0,0,0,0,1,1,0,0,1,1,0,0 : 254.587
1,1,0,0,0,0,0,1,1,0,1,0,1,1,0,0 : 256.32
1,1,0,0,0,0,0,1,1,0,1,0,1,1,0,0 : 256.32
1,1,0,0,0,0,0,1,1,0,1,0,1,1,0,0 : 256.32
1,1,0,0,0,0,0,1,1,0,1,0,1,1,0,0 : 256.32
1,1,0,0,0,0,0,0,1,0,1,0,1,1,0,0 : 256.333
1,1,0,0,0,0,0,0,1,0,1,0,1,1,0,0 : 256.333
1,1,0,1,0,0,0,1,1,0,0,1,1,1,0,0 : 257.45
1,1,0,1,0,0,0,1,1,0,0,1,1,1,0,0 : 257.45
1,1,0,0,0,0,0,1,1,0,0,1,1,1,0,0 : 257.927
1,1,0,0,0,0,0,1,1,0,0,1,1,1,0,0 : 257.927
1,0,1,0,0,0,0,0,1,1,0,0,1,1,0,0 : 260.38
1,0,1,0,0,0,0,0,1,1,0,0,1,1,0,0 : 260.38
1,1,0,0,1,0,0,1,1,1,0,0,1,1,0,0 : 261.31
1,1,0,0,1,0,0,1,1,1,0,0,1,1,0,0 : 261.31
1,1,0,0,1,0,0,1,1,1,0,0,1,1,0,0 : 261.31
1,1,0,0,1,0,0,1,1,1,0,0,1,1,0,0 : 261.31
1,1,0,0,1,0,0,1,1,0,0,1,1,1,0,0 : 263.207
1,1,0,0,1,0,1,1,1,0,0,1,1,1,0,0 : 263.207
1,1,0,0,1,0,0,1,1,0,0,1,1,1,0,0 : 263.207
1,1,0,0,1,0,1,1,1,0,0,1,1,1,0,0 : 263.207
1,0,0,1,0,0,1,1,1,0,0,1,1,1,0,0 : 271.337
1,0,0,1,0,0,1,1,1,0,0,1,1,1,0,0 : 271.337
1,1,0,0,0,1,0,1,1,0,1,0,1,1,0,0 : 287.037
1,1,0,0,0,1,0,1,1,0,1,0,1,1,0,0 : 287.037
1,1,0,0,0,1,1,0,1,0,1,0,1,1,0,0 : 287.05
1,1,0,0,0,1,1,0,1,0,1,0,1,1,0,0 : 287.05
1,1,0,0,0,1,1,0,1,0,1,0,1,1,0,0 : 287.05
1,1,0,0,0,1,1,0,1,0,1,0,1,1,0,0 : 287.05
1,1,0,0,1,1,0,1,1,0,0,1,1,1,0,0 : 291.62
1,1,0,0,1,1,1,0,1,0,0,1,1,1,0,0 : 291.62
1,1,0,0,1,1,0,1,1,0,0,1,1,1,0,0 : 291.62
1,1,0,0,1,1,0,1,1,0,0,1,1,1,0,0 : 291.62
1,1,0,0,1,1,1,0,1,0,0,1,1,1,0,0 : 291.62
1,1,0,0,1,1,0,1,1,0,0,1,1,1,0,0 : 291.62
1,0,1,1,1,1,1,1,1,1,0,0,1,1,0,0 : 295.257
1,0,1,0,1,1,1,1,1,1,0,0,1,1,0,0 : 295.257
1,0,1,1,1,1,1,1,1,1,0,0,1,1,0,0 : 295.257
1,0,1,0,1,1,1,1,1,1,0,0,1,1,0,0 : 295.257
1,0,1,1,0,1,0,1,1,0,0,1,1,1,0,0 : 299.85
1,0,1,1,0,1,0,1,1,0,0,1,1,1,0,0 : 299.85
1,0,1,1,0,1,0,1,1,0,0,1,1,1,0,0 : 299.85
1,0,1,1,0,1,0,1,1,0,0,1,1,1,0,0 : 299.85
1,0,0,0,1,1,1,0,1,1,0,0,1,1,0,0 : 305.48
1,0,0,0,1,1,1,0,1,1,0,0,1,1,0,0 : 305.48
1,0,0,0,1,1,1,1,1,0,0,1,1,1,0,0 : 310.673
1,0,0,0,1,1,1,1,1,0,0,1,1,1,0,0 : 310.673
1,0,0,0,1,1,0,1,1,0,0,1,1,1,0,0 : 310.687
1,0,0,0,1,1,0,1,1,0,0,1,1,1,0,0 : 310.687
1,1,1,1,0,0,1,1,1,1,0,0,1,0,1,0 : 361.7029
1,1,1,1,0,0,1,1,1,1,0,0,1,0,1,0 : 361.7029
1,0,1,0,0,0,1,0,1,1,0,0,1,0,1,0 : 380.18
1,0,1,0,0,0,1,0,1,1,0,0,1,0,1,0 : 380.18
1,1,0,1,0,1,1,1,1,1,0,0,1,0,1,0 : 414.737
1,1,0,1,0,1,1,1,1,1,0,0,1,0,1,0 : 414.737
1,1,0,1,0,1,1,1,1,1,0,0,1,0,1,0 : 414.737
1,1,0,1,0,1,1,1,1,1,0,0,1,0,1,0 : 414.737
1,1,1,1,0,0,0,1,1,1,0,0,1,0,1,0 : 439.02
1,0,1,0,0,0,0,1,1,0,1,0,1,0,1,0 : 439.02
1,1,1,1,0,0,0,1,1,0,1,0,1,0,1,0 : 439.02
1,1,1,0,0,0,0,1,1,0,0,1,1,0,1,0 : 439.02
1,1,1,1,0,0,0,1,1,1,0,0,1,0,1,0 : 439.02
1,0,1,0,0,0,0,1,1,0,1,0,1,0,1,0 : 439.02
1,1,1,1,0,0,0,1,1,0,1,0,1,0,1,0 : 439.02
1,1,1,0,0,0,0,1,1,0,0,1,1,0,1,0 : 439.02
1,1,1,1,0,0,0,0,1,1,0,0,1,0,1,0 : 445.577
1,0,0,0,0,0,0,0,1,0,1,0,1,0,1,0 : 445.577
1,1,1,1,0,0,0,0,1,1,0,0,1,0,1,0 : 445.577
1,0,0,0,0,0,0,0,1,0,1,0,1,0,1,0 : 445.577
1,0,0,1,1,1,1,1,1,0,0,1,1,0,1,0 : 445.667
1,0,0,1,1,1,1,1,1,0,0,1,1,0,1,0 : 445.667
1,0,0,1,1,1,1,1,1,0,0,1,1,0,1,0 : 445.667
1,0,0,1,1,1,1,1,1,0,0,1,1,0,1,0 : 445.667
1,1,0,1,1,0,1,0,1,0,1,0,1,0,1,0 : 456.363
1,1,0,1,1,1,1,1,1,1,0,0,1,0,1,0 : 456.363
1,1,0,1,1,1,1,1,1,1,0,0,1,0,1,0 : 456.363
1,1,0,1,1,0,1,0,1,0,1,0,1,0,1,0 : 456.363
1,1,0,1,1,1,1,1,1,1,0,0,1,0,1,0 : 456.363
1,1,0,1,1,1,1,1,1,1,0,0,1,0,1,0 : 456.363
1,0,1,1,1,0,1,0,1,0,1,0,1,0,1,0 : 482.04
1,0,1,1,1,0,1,0,1,0,1,0,1,0,1,0 : 482.04
1,0,1,1,1,0,1,0,1,0,1,0,1,0,1,0 : 482.04
1,0,1,1,1,0,1,0,1,0,1,0,1,0,1,0 : 482.04
1,0,1,0,1,1,1,0,1,1,0,0,1,0,1,0 : 482.59
1,0,1,0,1,1,1,0,1,1,0,0,1,0,1,0 : 482.59
1,0,1,0,1,1,1,0,1,1,0,0,1,0,1,0 : 482.59
1,0,1,0,1,1,1,0,1,1,0,0,1,0,1,0 : 482.59
1,0,1,1,0,1,1,0,1,1,0,0,1,0,0,1 : 490.473
1,0,1,1,0,0,1,0,1,0,1,0,1,0,0,1 : 490.473
1,0,1,1,0,1,1,0,1,1,0,0,1,0,0,1 : 490.473
1,0,1,1,0,0,1,0,1,0,1,0,1,0,0,1 : 490.473
1,1,1,1,1,0,0,0,1,1,0,0,1,0,1,0 : 491.687
1,1,1,1,1,0,0,0,1,1,0,0,1,0,1,0 : 491.687
1,1,1,1,1,0,0,0,1,1,0,0,1,0,1,0 : 491.687
1,1,1,1,1,0,0,0,1,1,0,0,1,0,1,0 : 491.687
1,1,0,1,1,0,0,1,1,0,1,0,1,0,1,0 : 493.893
1,1,0,1,1,0,0,1,1,0,1,0,1,0,1,0 : 493.893
