0,1,0,1,1,1,0,1,0,1,1,0,0,0,0,0,1,1,0,1,1,0,1,0,0,1,0,0,1,1,1,0,1,1,0,1,1,0,1 : 12.6877
1,1,0,1,1,0,0,0,0,1,1,0,0,0,1,0,0,0,0,1,1,1,0,0,0,1,0,0,0,1,1,1,1,0,0,0,0,0,0 : 13.0344
0,0,0,1,1,0,0,1,1,1,0,0,1,0,1,0,1,0,1,1,0,1,0,0,0,0,1,1,0,1,0,1,0,1,0,1,0,0,0 : 13.0344
0,0,0,0,1,0,0,0,1,0,1,0,0,0,0,0,1,1,0,0,1,0,1,1,0,1,0,0,0,0,1,0,1,1,0,0,1,0,1 : 13.1808
0,1,0,1,1,0,0,1,1,1,0,0,1,0,1,0,0,1,0,1,0,1,0,0,1,0,1,0,1,1,1,1,0,1,1,0,1,0,0 : 13.1354
1,1,0,0,0,0,0,0,1,1,1,1,0,1,0,0,0,1,1,0,0,1,1,1,0,0,0,0,1,1,1,0,1,0,1,0,0,0,1 : 13.1354
0,0,0,1,0,0,1,1,0,1,0,0,0,0,0,0,1,1,0,1,1,1,0,0,0,1,1,0,1,1,0,1,0,1,0,0,0,1,1 : 13.9312
0,0,1,0,1,0,0,1,1,0,0,1,0,1,1,1,1,0,0,1,0,0,0,0,0,0,0,1,1,0,0,0,1,0,0,1,0,1,0 : 13.2462
1,1,0,1,0,1,0,1,0,1,1,1,1,0,1,1,0,1,0,0,0,1,1,1,0,0,1,0,0,0,0,0,0,1,0,0,0,0,0 : 13.1354
1,0,0,1,1,0,0,1,1,0,1,1,1,0,1,1,0,0,0,1,1,1,0,1,0,1,1,0,1,1,0,0,0,0,0,1,0,0,1 : 13.0344
0,1,0,0,0,1,0,1,0,0,0,0,1,0,0,0,0,1,0,0,0,0,0,1,0,1,1,0,0,0,1,1,1,0,0,1,0,1,1 : 13.3061
1,1,0,0,1,0,0,1,1,1,0,0,1,0,1,1,1,0,1,1,0,1,0,0,0,0,1,1,1,0,0,0,1,1,0,1,0,0,0 : 13.2462
0,1,0,1,0,0,0,0,1,0,1,0,0,0,0,1,0,0,0,0,1,1,1,1,0,0,1,0,1,0,1,0,0,1,0,1,0,0,0 : 13.1949
0,1,0,1,1,0,1,0,0,1,0,1,0,0,0,1,1,1,1,1,1,0,0,0,0,0,0,0,0,0,1,1,0,1,0,0,1,0,0 : 12.6877
1,1,1,0,1,0,0,0,0,0,0,0,0,0,1,1,0,1,0,1,0,0,1,1,0,0,1,0,1,1,0,0,0,0,0,0,1,1,0 : 13.18
0,1,1,1,0,0,0,0,0,0,0,0,0,1,1,1,1,0,0,1,0,1,0,1,0,1,0,0,1,1,0,1,1,0,0,1,0,1,0 : 13.0193
0,1,0,1,0,0,0,1,0,0,1,0,0,1,1,0,1,1,1,1,1,0,1,1,0,0,1,0,0,1,1,1,1,0,0,1,1,0,1 : 12.6877
0,0,0,1,0,1,0,0,1,0,0,0,0,0,1,0,1,1,0,1,1,1,0,1,0,1,0,0,1,0,0,0,0,1,0,1,0,0,1 : 13.9312
1,0,0,0,1,0,0,0,0,1,0,1,1,0,0,0,1,0,1,1,1,1,0,0,0,1,1,1,0,1,0,0,1,1,0,1,0,0,1 : 13.0344
1,1,1,0,0,0,1,0,0,0,1,0,0,0,1,1,1,1,0,0,0,0,1,0,0,0,0,0,0,0,1,0,1,0,0,1,1,1,0 : 15.7588
1,0,0,0,0,1,0,1,1,1,1,1,1,0,0,1,1,0,0,1,1,1,0,1,0,1,1,1,1,0,0,0,0,1,0,0,1,0,0 : 16.4438
0,0,0,0,1,1,1,1,1,0,0,1,0,0,1,1,0,1,0,0,1,1,0,0,0,0,0,1,0,0,1,0,0,0,0,1,1,1,0 : 13.8795
0,0,0,1,0,0,1,0,1,0,1,0,1,0,1,0,1,0,0,0,1,0,0,0,1,1,0,0,0,1,1,0,0,1,0,1,1,1,1 : 13.1655
0,1,0,1,1,1,0,1,1,1,1,0,0,0,1,1,0,1,0,1,1,1,1,1,0,0,1,0,1,1,0,1,0,1,0,0,1,1,0 : 13.1354
0,0,0,1,1,0,0,0,1,1,0,0,1,1,0,0,0,0,0,1,0,1,0,1,0,0,0,0,1,1,0,1,1,0,0,1,0,1,0 : 13.0344
0,0,0,0,1,0,0,1,0,1,0,1,0,1,0,0,0,0,0,1,1,0,1,0,0,0,0,1,0,1,0,0,1,0,0,1,0,1,1 : 13.0344
1,0,1,1,0,0,0,1,0,0,0,0,0,0,0,0,0,0,1,0,1,1,1,0,1,0,1,0,1,0,0,0,1,0,0,0,0,1,1 : 13.1949
0,0,0,0,1,1,0,0,1,0,0,1,0,1,0,1,0,1,1,1,0,0,0,0,0,0,1,0,1,1,1,0,1,0,1,0,1,0,0 : 13.18
1,0,0,0,1,0,1,1,1,0,0,1,0,1,0,0,1,1,0,0,1,0,1,0,0,1,0,0,0,0,1,1,0,1,0,0,0,1,0 : 13.1808
0,0,0,1,0,0,1,1,0,0,1,0,1,0,1,1,1,0,0,1,1,0,1,0,0,1,1,0,1,0,0,0,1,0,0,1,1,1,1 : 13.1655
1,1,0,1,0,0,1,0,0,1,1,0,0,0,1,0,1,0,0,0,0,0,0,0,0,0,1,0,0,1,1,0,1,0,0,0,1,1,0 : 13.2813
0,0,0,0,0,0,0,1,0,1,0,0,0,1,0,1,1,0,0,0,0,0,1,0,1,1,0,0,0,0,1,0,1,1,0,1,0,1,1 : 13.262
0,0,0,1,1,0,1,0,0,1,1,1,0,0,0,0,1,1,1,1,0,1,0,1,0,1,0,1,0,0,1,0,0,0,1,1,0,0,0 : 15.7588
0,1,0,0,1,0,0,0,1,1,1,0,0,1,1,1,0,0,1,0,1,1,0,0,0,0,0,1,0,0,1,0,1,0,0,1,0,0,1 : 13.2462
1,1,0,0,0,1,1,1,1,1,0,0,1,0,1,1,1,1,0,0,0,0,1,1,0,1,1,0,1,1,1,0,0,0,1,0,1,0,0 : 15.7588
0,1,0,1,0,0,0,0,1,1,1,0,1,1,1,1,0,0,1,0,1,1,0,0,0,1,0,0,0,0,1,0,1,1,1,0,1,0,0 : 13.0713
1,0,0,0,1,0,1,1,1,1,1,0,0,0,1,1,0,1,0,1,0,1,0,0,0,0,0,0,1,0,0,1,0,1,0,0,1,0,0 : 13.8795
0,0,0,1,1,1,0,1,1,1,0,0,0,0,0,0,1,0,0,1,1,1,1,0,0,0,1,0,0,0,0,1,0,1,0,1,1,1,0 : 13.0854
1,1,0,0,0,1,1,0,0,1,1,1,1,1,0,0,1,0,0,1,0,0,0,0,0,1,1,0,1,0,0,0,0,1,0,1,0,0,0 : 15.5349
0,1,0,0,1,0,0,0,1,1,1,1,0,1,1,0,0,0,1,0,1,1,0,1,0,1,0,0,0,1,0,0,1,0,0,0,0,1,1 : 13.0344
1,1,1,0,0,1,0,0,0,0,0,0,0,1,1,1,0,1,1,0,0,1,1,0,0,0,1,0,0,0,0,0,0,0,0,0,0,0,1 : 13.1354
0,0,0,0,0,1,1,0,1,1,0,1,0,1,1,1,0,0,1,1,0,0,0,0,1,0,1,0,1,1,0,1,0,1,0,1,0,1,0 : 14.8157
1,1,0,1,1,0,0,0,0,0,0,0,0,0,0,1,1,1,1,1,1,0,1,1,0,0,1,0,0,0,1,0,1,1,0,0,1,1,0 : 12.6877
1,1,0,1,0,0,1,0,0,0,1,0,0,0,1,1,1,1,1,1,1,1,0,1,0,0,1,0,0,0,0,0,1,1,0,0,1,0,1 : 12.6877
1,1,0,1,1,0,0,1,1,0,0,0,0,1,0,1,1,0,1,1,0,0,1,1,0,0,1,0,1,1,1,0,1,1,0,0,0,0,0 : 13.0344
0,1,1,0,1,0,0,0,1,0,1,0,1,0,1,0,1,1,0,1,1,1,1,0,0,0,1,0,0,1,1,0,0,0,1,0,0,1,0 : 13.1776
1,1,0,0,1,0,0,1,0,1,0,0,0,1,0,1,1,0,0,1,1,0,0,1,0,1,0,1,0,1,0,0,1,1,0,0,1,1,0 : 13.0344
1,0,0,0,1,1,0,1,1,1,0,1,0,0,1,0,1,0,0,0,0,1,1,1,0,0,1,0,1,0,1,0,0,0,0,1,0,0,0 : 13.0854
1,1,0,0,1,1,1,0,0,0,0,0,0,1,0,1,0,0,0,1,1,1,1,1,1,1,0,1,1,0,0,0,1,1,0,1,0,1,1 : 15.6491
0,1,1,0,0,0,1,1,0,1,0,0,1,0,0,0,0,0,1,1,1,0,1,0,1,1,0,0,1,0,0,1,0,1,1,0,1,0,0 : 15.6491
1,0,0,0,1,0,1,1,0,1,0,1,0,0,1,0,1,1,0,0,0,0,0,0,0,1,0,0,0,1,1,0,1,0,0,1,1,1,0 : 15.7588
0,1,0,1,1,0,0,1,1,1,1,1,1,1,1,1,1,0,1,0,0,1,0,0,0,0,0,0,1,1,0,0,0,1,0,0,1,0,1 : 13.0344
1,1,0,0,0,0,1,1,1,1,1,0,0,0,1,0,1,0,1,1,0,1,0,1,0,0,1,0,1,1,0,0,1,0,1,0,0,1,0 : 13.4618
1,1,0,0,1,0,0,1,0,0,0,0,1,1,1,1,0,1,0,0,1,1,1,0,1,0,1,0,0,1,0,0,0,1,0,0,1,1,0 : 13.1354
0,0,0,0,1,0,0,1,1,0,0,1,0,0,0,0,1,1,1,1,1,0,0,0,0,1,1,1,0,0,1,0,1,1,0,1,0,1,1 : 13.1808
0,1,0,1,1,0,0,1,1,1,0,0,0,1,1,0,1,1,0,1,1,0,1,1,0,0,0,0,0,1,0,0,0,0,0,0,0,1,1 : 12.6877
1,1,0,0,1,1,0,1,0,1,1,1,0,0,1,1,0,1,0,0,1,1,0,0,0,0,0,0,1,0,1,1,0,1,0,1,0,0,1 : 13.1354
0,0,1,0,1,0,0,0,0,1,0,1,1,1,0,0,1,0,0,1,1,1,0,1,0,1,0,0,0,1,0,0,1,1,0,1,0,0,0 : 13.0344
0,1,0,0,1,0,0,1,1,1,1,1,1,1,0,1,0,0,0,1,1,1,1,1,0,1,1,0,1,1,1,1,1,0,0,0,0,1,0 : 13.0344
0,0,0,0,1,0,0,0,1,0,1,1,1,1,0,1,0,0,0,0,0,0,0,1,0,1,0,0,1,1,1,0,0,1,0,1,1,0,1 : 13.0344
0,1,0,0,0,0,1,0,1,1,1,1,1,0,1,1,1,1,1,0,1,0,0,0,0,0,1,0,0,0,1,1,0,1,0,0,1,0,1 : 12.7358
1,1,0,1,1,0,0,1,1,0,1,1,1,0,0,1,0,1,1,0,0,1,0,0,0,0,1,0,1,1,0,0,0,0,0,0,1,0,0 : 13.1354
1,0,0,0,1,0,0,1,1,1,0,1,0,0,0,0,1,0,0,0,0,0,1,1,0,0,0,0,0,1,0,0,0,0,0,1,1,1,1 : 13.0344
0,0,0,1,1,1,0,1,1,0,1,1,1,1,0,0,0,0,0,1,1,1,1,0,0,0,0,0,0,0,1,0,1,0,0,1,0,1,0 : 13.0854
0,1,0,1,0,1,1,1,1,0,0,0,1,1,0,0,0,0,1,0,1,0,0,0,0,1,1,0,1,1,0,0,1,0,0,1,0,1,0 : 15.9064
1,1,0,0,0,1,1,0,0,1,1,1,1,1,0,1,1,1,0,0,1,0,0,1,0,1,1,0,1,1,1,0,0,0,0,0,1,1,0 : 12.7358
1,0,0,0,0,0,0,0,0,0,1,0,0,0,0,1,1,0,0,1,0,1,0,0,0,1,0,0,0,1,0,0,0,1,0,1,1,1,1 : 13.0035
0,1,0,1,1,1,1,1,1,1,0,1,1,0,1,0,0,0,1,1,0,0,0,0,1,0,1,0,1,0,1,0,1,1,0,1,1,0,1 : 14.1838
1,1,0,1,1,0,1,0,0,1,1,1,1,1,1,1,1,0,0,1,0,0,0,0,0,0,1,0,0,1,1,0,1,0,0,0,1,0,0 : 13.2813
1,0,1,0,1,0,0,0,0,0,1,0,1,1,0,0,1,1,0,1,1,0,0,0,0,1,0,1,0,1,0,0,0,1,0,1,1,1,0 : 13.1808
0,1,0,1,0,1,0,1,1,0,1,1,0,0,1,1,0,0,0,1,1,1,0,0,1,0,1,0,1,1,0,0,1,0,0,0,1,1,0 : 15.3049
0,1,0,1,1,1,1,0,0,0,1,1,0,0,0,0,1,1,0,1,1,0,0,1,0,1,0,0,1,1,0,0,1,0,0,1,0,0,1 : 12.6877
0,0,0,1,0,1,1,1,1,0,1,1,0,0,1,0,0,1,1,0,1,1,0,0,1,0,1,0,1,0,1,0,1,1,0,1,1,0,0 : 13.5167
1,0,0,1,0,0,0,0,1,1,1,1,0,1,0,1,1,0,0,1,0,0,1,0,1,1,0,0,0,1,1,0,1,0,0,1,0,0,1 : 13.0193
1,1,0,0,1,1,0,0,0,0,0,0,1,0,0,0,0,1,0,1,0,1,1,0,0,0,1,0,0,1,1,1,1,0,0,1,1,0,0 : 13.1354
1,1,0,0,0,0,0,1,1,1,0,0,0,0,1,0,0,1,1,1,1,1,1,0,0,1,1,0,0,0,0,0,0,0,0,1,1,0,0 : 13.9444
1,0,0,0,0,1,1,1,0,1,1,1,0,1,1,1,0,1,1,1,0,0,0,1,0,0,0,0,0,1,0,1,1,0,0,1,1,1,1 : 13.5167
0,1,0,1,1,0,0,1,1,1,0,1,1,0,1,0,0,0,0,0,1,1,0,1,0,0,1,0,1,1,1,1,1,0,0,0,0,0,1 : 13.0344
0,0,0,0,0,1,0,1,1,0,0,1,0,1,1,0,0,0,1,1,1,1,1,1,0,0,1,0,0,0,1,0,1,0,0,0,0,1,0 : 13.1747
1,0,0,1,0,1,0,1,0,1,1,0,1,0,1,0,1,0,0,1,0,1,1,0,0,0,1,0,0,0,1,0,0,1,0,1,0,0,0 : 13.0854
0,0,0,1,1,1,0,0,1,1,0,0,0,1,1,0,1,0,0,1,1,0,1,1,1,0,1,1,1,0,0,1,1,0,0,1,1,0,0 : 13.0854
1,0,0,1,0,0,0,0,0,1,1,1,1,1,1,0,0,0,0,0,0,1,1,1,0,0,0,1,1,0,0,0,1,0,0,1,1,0,0 : 13.2913
0,0,0,1,0,1,1,1,0,1,0,0,0,1,0,1,0,1,0,0,0,1,1,1,1,0,1,0,0,1,1,1,0,1,1,0,0,1,0 : 13.8795
0,0,0,0,1,0,0,1,0,0,0,1,0,1,1,0,0,0,0,1,1,1,1,0,0,1,1,0,0,1,1,0,0,1,0,0,0,1,1 : 13.0344
1,1,0,1,1,0,0,1,1,1,0,0,0,0,1,1,1,1,0,1,1,1,0,1,0,0,0,0,1,0,0,0,0,1,0,1,1,0,1 : 12.6877
1,1,0,0,0,0,1,0,0,1,0,0,1,1,1,0,1,1,0,1,1,0,0,0,0,0,0,0,0,1,1,1,1,0,0,0,0,0,1 : 12.7358
1,1,0,0,0,1,0,1,0,0,0,1,0,1,1,0,0,1,0,1,1,1,0,0,1,0,1,0,1,0,1,0,0,0,0,0,0,1,0 : 13.1354
0,1,0,1,1,0,0,0,0,0,0,0,0,0,0,1,1,1,0,1,1,0,1,0,0,0,0,0,0,1,0,0,1,1,0,0,0,0,1 : 12.6877
0,0,1,0,0,0,1,0,0,1,0,0,0,1,1,1,1,1,0,1,0,1,1,1,1,0,1,0,0,0,0,0,1,0,0,0,0,0,0 : 15.7588
0,0,0,1,0,0,0,1,1,0,1,1,0,1,0,1,1,0,0,0,1,0,0,0,0,0,0,0,1,0,0,0,1,1,0,1,0,1,0 : 13.0713
1,1,0,0,0,1,0,1,1,0,1,0,0,0,0,1,0,1,1,0,1,1,1,1,1,0,1,0,1,1,0,0,0,1,0,0,1,1,0 : 13.1354
0,1,0,1,1,0,0,1,1,1,1,1,0,0,1,1,1,0,0,1,1,0,1,0,0,1,0,0,1,1,1,0,0,1,0,1,1,1,0 : 13.0344
0,0,0,0,1,0,0,0,0,1,0,1,0,1,0,1,0,1,0,1,0,0,0,0,0,1,1,1,0,0,1,0,1,0,0,0,0,0,0 : 13.18
1,0,0,1,1,1,1,1,0,1,0,0,0,0,1,0,1,0,0,1,1,1,0,1,0,0,0,0,0,1,1,0,1,0,0,0,1,0,0 : 13.2813
1,1,0,0,1,1,0,1,1,1,1,1,1,0,1,1,1,0,1,0,0,1,0,1,0,1,0,0,1,1,1,1,0,1,0,1,0,0,1 : 15.6587
1,0,0,1,1,1,0,0,1,0,1,1,1,0,0,1,0,0,0,1,1,0,1,0,0,0,1,0,0,0,0,0,0,0,0,0,1,0,1 : 13.1747
1,1,0,0,0,0,0,1,0,0,0,1,1,1,1,0,1,0,0,1,0,0,1,1,0,0,0,0,1,1,1,1,1,0,1,0,0,0,1 : 13.3803
0,1,0,1,1,0,0,1,1,1,0,0,1,1,1,0,1,0,0,1,0,1,0,0,1,1,0,0,1,1,0,0,1,0,0,0,1,0,1 : 13.0344
0,0,1,0,0,0,1,0,1,0,0,1,0,0,1,0,0,0,0,0,0,1,0,0,0,0,1,0,0,1,1,0,0,0,0,0,0,1,0 : 14.8157
1,1,0,0,0,0,1,1,1,0,1,0,1,1,0,0,1,0,0,0,0,0,0,0,1,0,1,0,0,1,1,0,1,0,0,0,1,1,1 : 14.1838
