1,1,0,1,0,0,0,0,1,0,0,1,1,1,0,0 : 257.407
1,1,0,1,0,0,0,0,1,0,0,1,1,1,0,0 : 257.407
1,1,0,1,0,0,0,0,1,0,0,1,1,1,0,0 : 257.407
1,1,0,1,0,0,0,0,1,0,0,1,1,1,0,0 : 257.407
1,1,0,1,0,0,0,1,1,0,0,1,1,1,0,0 : 257.45
1,1,0,1,0,0,0,1,1,0,0,1,1,1,0,0 : 257.45
1,1,0,1,0,0,0,1,1,0,0,1,1,1,0,0 : 257.45
1,1,0,1,0,0,0,1,1,0,0,1,1,1,0,0 : 257.45
1,1,0,1,0,0,1,1,1,0,0,1,1,1,0,0 : 257.5299
1,1,0,1,0,0,1,1,1,0,0,1,1,1,0,0 : 257.5299
1,1,0,1,0,0,1,1,1,0,0,1,1,1,0,0 : 257.5299
1,1,0,1,0,0,1,1,1,0,0,1,1,1,0,0 : 257.5299
1,0,1,1,0,0,0,1,1,0,1,0,1,1,0,0 : 262.233
1,0,1,1,0,0,0,1,1,0,1,0,1,1,0,0 : 262.233
1,0,1,1,0,0,0,1,1,0,1,0,1,1,0,0 : 262.233
1,0,1,1,0,0,0,1,1,0,1,0,1,1,0,0 : 262.233
1,1,0,0,1,0,1,1,1,0,0,1,1,1,0,0 : 263.207
1,1,0,0,1,0,0,1,1,0,1,0,1,1,0,0 : 263.207
1,1,0,0,1,0,1,1,1,0,0,1,1,1,0,0 : 263.207
1,1,0,0,1,0,1,1,1,0,0,1,1,1,0,0 : 263.207
1,1,0,0,1,0,1,1,1,0,0,1,1,1,0,0 : 263.207
1,1,0,0,1,0,0,1,1,0,1,0,1,1,0,0 : 263.207
1,1,0,0,1,0,1,1,1,0,0,1,1,1,0,0 : 263.207
1,1,0,0,1,0,1,1,1,0,0,1,1,1,0,0 : 263.207
1,0,1,1,0,0,1,1,1,0,0,1,1,1,0,0 : 263.363
1,0,1,1,0,0,1,1,1,0,0,1,1,1,0,0 : 263.363
1,0,1,1,0,0,1,1,1,0,0,1,1,1,0,0 : 263.363
1,0,1,1,0,0,1,1,1,0,0,1,1,1,0,0 : 263.363
1,1,1,0,0,1,1,0,1,0,1,0,1,1,0,0 : 275.923
1,1,1,0,0,1,1,0,1,0,1,0,1,1,0,0 : 275.923
1,0,0,0,1,0,0,0,1,1,0,0,1,1,0,0 : 276.103
1,0,0,0,1,0,0,0,1,1,0,0,1,1,0,0 : 276.103
1,0,0,0,1,0,0,0,1,1,0,0,1,1,0,0 : 276.103
1,0,0,0,1,0,0,0,1,1,0,0,1,1,0,0 : 276.103
1,0,0,0,1,0,1,0,1,1,0,0,1,1,0,0 : 279.097
1,0,0,0,1,0,1,0,1,1,0,0,1,1,0,0 : 279.097
1,0,0,0,1,0,1,0,1,1,0,0,1,1,0,0 : 279.097
1,0,0,0,1,0,1,0,1,1,0,0,1,1,0,0 : 279.097
1,1,1,0,1,1,0,1,1,1,0,0,1,1,0,0 : 279.15
1,1,1,1,1,1,1,1,1,0,0,1,1,1,0,0 : 279.15
1,1,1,0,1,1,0,1,1,1,0,0,1,1,0,0 : 279.15
1,1,1,0,1,1,0,1,1,1,0,0,1,1,0,0 : 279.15
1,1,1,1,1,1,1,1,1,0,0,1,1,1,0,0 : 279.15
1,1,1,0,1,1,0,1,1,1,0,0,1,1,0,0 : 279.15
1,1,0,1,0,1,0,1,1,0,0,1,1,1,0,0 : 286.353
1,1,0,1,0,1,0,1,1,0,0,1,1,1,0,0 : 286.353
1,0,1,1,0,1,0,1,1,0,1,0,1,1,0,0 : 299.85
1,0,1,1,0,1,0,1,1,0,1,0,1,1,0,0 : 299.85
1,0,1,1,0,1,0,1,1,0,0,1,1,1,0,0 : 299.85
1,0,1,0,1,1,0,1,1,0,0,1,1,1,0,0 : 299.85
1,0,1,1,0,1,0,1,1,0,1,0,1,1,0,0 : 299.85
1,0,1,1,0,1,0,1,1,0,1,0,1,1,0,0 : 299.85
1,0,1,1,0,1,0,1,1,0,0,1,1,1,0,0 : 299.85
1,0,1,0,1,1,0,1,1,0,0,1,1,1,0,0 : 299.85
1,0,0,1,0,1,1,1,1,0,1,0,1,1,0,0 : 310.283
1,0,0,1,0,1,1,1,1,0,1,0,1,1,0,0 : 310.283
1,0,0,0,0,1,0,0,1,0,0,1,1,1,0,0 : 310.687
1,0,0,1,1,1,0,0,1,0,0,1,1,1,0,0 : 310.687
1,0,0,0,0,1,0,0,1,0,0,1,1,1,0,0 : 310.687
1,0,0,1,1,1,0,0,1,0,0,1,1,1,0,0 : 310.687
1,1,1,1,0,0,1,1,1,1,0,0,1,0,1,0 : 361.7029
1,1,1,1,0,0,1,1,1,1,0,0,1,0,1,0 : 361.7029
1,1,0,1,0,0,1,1,1,0,1,0,1,0,1,0 : 368.63
1,1,0,1,0,0,1,1,1,0,1,0,1,0,1,0 : 368.63
1,1,0,1,0,0,1,1,1,0,1,0,1,0,1,0 : 368.63
1,1,0,1,0,0,1,1,1,0,1,0,1,0,1,0 : 368.63
1,0,1,1,0,0,1,1,1,1,0,0,1,0,1,0 : 380.18
1,0,1,1,0,0,1,1,1,0,0,1,1,0,1,0 : 380.18
1,0,1,1,0,0,1,0,1,0,0,1,1,0,1,0 : 380.18
1,0,1,1,0,0,1,1,1,1,0,0,1,0,1,0 : 380.18
1,0,1,1,0,0,1,1,1,0,0,1,1,0,1,0 : 380.18
1,0,1,1,0,0,1,0,1,0,0,1,1,0,1,0 : 380.18
1,0,1,1,0,1,1,0,1,1,0,0,1,0,1,0 : 432.757
1,0,1,1,0,1,1,0,1,1,0,0,1,0,1,0 : 432.757
1,1,1,0,1,0,1,1,1,0,0,1,1,0,1,0 : 433.913
1,1,1,0,1,0,1,1,1,0,0,1,1,0,1,0 : 433.913
1,1,1,0,0,0,0,1,1,0,1,0,1,0,1,0 : 439.02
1,1,1,1,0,0,0,1,1,0,0,1,1,0,1,0 : 439.02
1,1,1,0,0,0,0,1,1,0,1,0,1,0,1,0 : 439.02
1,1,1,0,0,0,0,1,1,0,1,0,1,0,1,0 : 439.02
1,1,1,1,0,0,0,1,1,0,0,1,1,0,1,0 : 439.02
1,1,1,0,0,0,0,1,1,0,1,0,1,0,1,0 : 439.02
1,0,1,0,0,0,0,0,1,0,1,0,1,0,1,0 : 445.577
1,0,1,0,0,0,0,0,1,0,1,0,1,0,1,0 : 445.577
1,0,1,0,0,0,0,0,1,0,1,0,1,0,1,0 : 445.577
1,0,1,0,0,0,0,0,1,0,1,0,1,0,1,0 : 445.577
1,1,0,1,1,0,1,0,1,0,1,0,1,0,1,0 : 456.363
1,1,0,0,1,1,1,1,1,1,0,0,1,0,1,0 : 456.363
1,1,0,1,1,0,1,0,1,0,1,0,1,0,1,0 : 456.363
1,1,0,0,1,1,1,1,1,1,0,0,1,0,1,0 : 456.363
1,0,1,0,1,1,1,0,1,1,0,0,1,0,1,0 : 482.59
1,0,1,0,1,1,1,0,1,1,0,0,1,0,1,0 : 482.59
1,0,1,0,1,1,1,0,1,1,0,0,1,0,1,0 : 482.59
1,0,1,0,1,1,1,0,1,1,0,0,1,0,1,0 : 482.59
1,1,0,0,0,1,1,0,1,1,0,0,1,0,0,1 : 490.473
1,0,0,1,0,1,1,0,1,1,0,0,1,0,0,1 : 490.473
1,0,0,1,0,0,1,0,1,1,0,0,1,0,0,1 : 490.473
1,1,0,0,0,1,1,0,1,1,0,0,1,0,0,1 : 490.473
1,0,0,1,0,1,1,0,1,1,0,0,1,0,0,1 : 490.473
1,1,0,0,0,1,1,0,1,1,0,0,1,0,0,1 : 490.473
