1,1,1,0,1,1,1,1,0,0,1,1,0,1,1,0,1,1,1,1,0,1,1,0,1,0 : 4668.0
1,1,1,0,1,1,1,0,1,1,1,1,0,1,1,0,1,1,1,0,0,1,0,0,1,1 : 5048.0
1,1,1,1,0,0,0,0,0,0,1,1,0,1,1,1,1,1,1,1,0,1,1,1,0,1 : 3238.0
1,1,1,0,1,1,1,0,1,1,1,0,1,1,1,1,1,1,1,1,0,1,0,1,1,0 : 16392.0
1,1,1,1,0,1,0,1,1,0,1,1,0,1,1,0,1,1,1,0,0,1,1,0,1,1 : 4907.0
1,1,1,1,0,1,0,0,0,0,1,1,0,1,1,0,1,1,1,1,0,1,1,1,0,1 : 3139.0
1,1,1,1,0,0,1,1,0,1,1,0,1,1,1,1,1,1,1,0,0,0,0,0,1,0 : 16342.0
1,1,1,0,1,1,1,1,0,0,1,0,1,1,1,0,1,1,1,0,0,1,0,0,0,1 : 5343.0
1,1,1,1,0,0,0,0,0,0,1,1,1,1,1,0,1,1,1,1,0,0,0,0,0,0 : 5207.0
1,1,1,0,1,1,1,0,1,0,1,0,1,1,1,0,1,1,1,0,0,0,0,1,1,0 : 14638.0
1,1,1,1,0,0,1,1,0,0,1,1,0,1,1,0,1,1,1,0,0,1,1,1,0,0 : 2986.0
1,1,1,1,0,1,1,0,1,0,1,1,0,1,1,0,1,1,1,1,0,1,0,0,0,0 : 3138.0
1,1,1,1,0,0,0,1,0,1,1,0,1,1,1,1,1,1,1,0,0,0,0,1,0,0 : 5419.0
1,1,1,1,0,1,0,0,0,1,1,1,0,1,1,1,1,1,1,0,0,1,0,1,0,0 : 3154.0
1,1,1,1,0,0,1,1,0,0,1,1,0,1,1,0,1,1,1,1,0,1,1,1,0,0 : 2986.0
1,1,1,1,0,1,0,1,0,0,1,1,0,1,1,0,1,1,1,1,0,1,1,1,0,0 : 2986.0
1,1,1,1,0,1,0,0,0,1,1,1,0,1,1,1,1,1,1,0,0,0,1,0,1,1 : 5048.0
1,1,1,1,0,0,1,0,1,1,1,1,0,1,1,1,1,1,1,1,0,1,0,0,0,1 : 3058.0
1,1,1,1,0,1,0,0,0,0,1,1,0,1,1,0,1,1,1,1,0,1,0,0,0,0 : 3138.0
1,1,1,0,1,1,1,0,1,0,1,0,1,1,1,1,1,1,1,0,0,0,0,0,0,0 : 5233.0
1,1,1,1,0,0,0,1,1,0,1,0,1,1,1,0,1,1,1,1,0,1,0,1,1,1 : 14694.0
1,1,1,1,0,0,1,0,1,0,1,1,0,1,1,1,1,1,1,1,0,1,0,1,0,1 : 3238.0
1,1,1,1,0,0,0,0,0,0,1,1,0,1,1,0,1,1,1,0,1,1,1,0,1,1 : 4907.0
1,1,1,1,0,1,0,0,1,0,1,0,1,1,1,0,1,1,1,0,0,1,1,0,1,0 : 14638.0
1,1,1,0,1,1,1,0,1,0,1,0,1,1,1,0,1,1,1,1,0,0,0,1,0,0 : 5207.0
1,1,1,1,0,0,0,0,1,0,1,1,1,1,1,0,1,1,1,0,0,1,0,1,0,0 : 5207.0
1,1,1,1,0,0,1,0,1,0,1,0,1,1,1,0,1,1,1,0,1,1,1,1,0,0 : 5186.0
1,1,1,1,0,1,0,0,1,0,1,0,1,1,1,1,1,1,1,1,0,1,0,0,1,1 : 14905.0
1,1,1,1,0,0,0,1,1,0,1,1,1,1,1,0,1,1,1,1,0,1,0,0,0,0 : 5194.0
1,1,1,1,0,1,0,1,1,0,1,1,0,1,1,1,1,1,1,0,0,0,1,1,0,1 : 3053.0
1,1,1,1,0,0,1,0,1,1,1,0,1,1,1,0,1,1,1,0,0,1,0,1,1,1 : 16446.0
1,1,1,1,0,0,0,0,1,0,1,1,0,1,1,0,1,1,1,0,0,0,0,1,0,1 : 3139.0
1,1,1,1,0,0,0,0,0,0,1,1,0,1,1,0,1,1,1,1,0,0,0,0,1,1 : 4907.0
1,1,1,1,0,1,0,0,1,0,1,1,0,1,1,0,1,1,1,0,0,0,0,1,0,1 : 3139.0
1,1,1,1,0,0,0,0,0,0,1,0,1,1,1,0,1,1,1,1,0,1,0,0,0,1 : 5316.0
1,1,1,1,0,1,0,1,1,0,1,1,0,1,1,0,1,1,1,1,0,1,0,1,0,0 : 2986.0
1,1,1,1,0,1,1,1,0,0,1,1,0,1,1,1,1,1,1,1,0,1,0,0,0,0 : 3053.0
1,1,1,1,0,0,0,0,0,0,1,1,0,1,1,0,1,1,1,0,0,1,1,1,0,1 : 3139.0
1,1,1,1,0,1,1,0,1,0,1,1,1,1,1,0,1,1,1,1,1,1,1,1,0,0 : 5186.0
1,1,1,0,1,1,1,1,0,1,1,1,0,1,1,0,1,1,1,0,0,1,1,1,0,0 : 3154.0
1,1,1,1,0,1,0,0,0,0,1,1,0,1,1,1,1,1,1,0,0,0,1,1,0,1 : 3263.0
1,1,1,1,0,1,0,1,1,1,1,1,0,1,1,1,1,1,1,1,1,1,1,1,0,0 : 3127.0
1,1,1,0,1,1,1,1,0,0,1,0,1,1,1,0,1,1,1,0,0,1,1,1,0,0 : 5194.0
1,1,1,1,0,1,0,1,0,0,1,1,0,1,1,0,1,1,1,1,0,1,1,1,0,0 : 2986.0
1,1,1,0,1,1,1,0,1,0,1,0,1,1,1,0,1,1,1,1,0,1,0,0,0,1 : 5339.0
1,1,1,1,0,0,0,1,0,0,1,1,0,1,1,1,1,1,1,0,0,1,0,1,0,0 : 3053.0
1,1,1,1,0,0,0,1,1,0,1,1,1,1,1,0,1,1,1,0,1,1,1,0,1,0 : 14594.0
1,1,1,1,0,0,0,1,0,1,1,1,0,1,1,0,1,1,1,1,0,1,0,1,0,0 : 3154.0
1,1,1,1,0,0,0,1,1,0,1,0,1,1,1,0,1,1,1,0,0,1,1,0,1,0 : 14594.0
1,1,1,1,0,1,0,0,1,0,1,1,0,1,1,0,1,1,1,0,0,0,0,1,0,0 : 3139.0
1,1,1,1,0,1,1,1,0,0,1,1,0,1,1,0,1,1,1,0,0,0,0,1,0,0 : 3182.0
1,1,1,1,0,1,1,1,0,0,1,1,1,1,1,1,1,1,1,0,0,0,0,1,0,1 : 5328.0
1,1,1,1,0,1,1,1,0,0,1,1,0,1,1,0,1,1,1,1,1,1,1,1,0,0 : 2986.0
1,1,1,1,0,1,0,1,0,0,1,1,0,1,1,0,1,1,1,0,0,1,1,1,0,0 : 2986.0
1,1,1,1,0,1,0,1,0,0,1,1,0,1,1,0,1,1,1,0,0,1,0,1,0,0 : 2986.0
1,1,1,1,0,0,0,1,1,0,1,1,0,1,1,1,1,1,1,0,0,1,0,1,0,1 : 3053.0
1,1,1,1,0,0,0,0,1,0,1,1,1,1,1,0,1,1,1,1,1,1,1,1,0,1 : 5339.0
1,1,1,0,1,1,1,1,0,0,1,1,1,1,1,1,1,1,1,0,0,1,0,0,0,1 : 5343.0
1,1,1,1,0,0,0,0,0,0,1,1,0,1,1,0,1,1,1,0,0,1,1,1,0,0 : 3139.0
1,1,1,0,1,1,1,1,0,1,1,1,0,1,1,1,1,1,1,0,0,1,0,1,0,0 : 3154.0
1,1,1,1,0,0,0,1,0,0,1,0,1,1,1,0,1,1,1,1,0,1,0,0,0,1 : 5316.0
1,1,1,1,0,1,0,1,1,0,1,0,1,1,1,0,1,1,1,0,0,1,1,1,0,0 : 5194.0
1,1,1,1,0,0,0,1,1,0,1,1,0,1,1,1,1,1,1,1,0,0,0,1,0,0 : 3053.0
1,1,1,0,1,1,1,0,1,0,1,1,1,1,1,0,1,1,1,0,0,0,0,1,1,0 : 14638.0
1,1,1,0,1,1,1,1,0,0,1,0,1,1,1,1,1,1,1,0,1,1,1,1,0,0 : 5233.0
1,1,1,1,0,1,0,0,1,1,1,1,0,1,1,0,1,1,1,1,0,1,0,0,0,1 : 3058.0
1,1,1,0,1,1,1,1,0,0,1,0,1,1,1,1,1,1,1,0,0,1,1,0,1,0 : 14594.0
1,1,1,1,0,1,0,0,0,0,1,1,0,1,1,0,1,1,1,1,0,0,0,1,0,1 : 3139.0
1,1,1,0,1,1,1,0,1,0,1,1,0,1,1,1,1,1,1,0,0,1,0,0,1,0 : 4668.0
1,1,1,1,0,1,0,1,0,0,1,1,0,1,1,0,1,1,1,0,0,1,0,0,0,0 : 2986.0
1,1,1,1,0,1,0,1,0,0,1,1,0,1,1,0,1,1,1,1,1,1,1,0,1,0 : 4668.0
1,1,1,0,1,1,1,1,0,1,1,1,0,1,1,0,1,1,1,1,0,1,0,1,0,0 : 3154.0
1,1,1,1,0,1,0,0,1,0,1,1,0,1,1,0,1,1,1,0,0,0,0,1,0,1 : 3139.0
1,1,1,1,0,1,0,0,1,0,1,1,0,1,1,1,1,1,1,1,0,1,0,0,0,1 : 3238.0
1,1,1,1,0,0,0,0,0,1,1,0,1,1,1,1,1,1,1,1,1,1,1,0,1,0 : 16392.0
1,1,1,0,1,1,1,0,1,1,1,1,0,1,1,0,1,1,1,1,0,1,0,0,0,1 : 3058.0
1,1,1,1,0,0,0,1,1,0,1,1,0,1,1,1,1,1,1,1,0,0,0,1,0,1 : 3053.0
1,1,1,1,0,0,0,0,0,0,1,0,1,1,1,0,1,1,1,0,0,0,0,1,0,0 : 5207.0
1,1,1,1,0,0,0,0,1,1,1,1,0,1,1,1,1,1,1,0,0,0,0,1,0,0 : 3127.0
1,1,1,1,0,0,1,1,0,0,1,1,0,1,1,1,1,1,1,1,0,0,0,1,0,0 : 3053.0
1,1,1,1,0,1,0,1,0,1,1,1,0,1,1,1,1,1,1,1,0,1,1,1,0,1 : 3605.0
1,1,1,1,0,1,0,1,1,0,1,1,0,1,1,1,1,1,1,0,1,1,1,0,1,0 : 4668.0
1,1,1,1,0,0,0,1,0,0,1,1,0,1,1,1,1,1,1,1,0,0,0,1,0,1 : 3053.0
1,1,1,0,1,1,1,1,0,1,1,1,0,1,1,0,1,1,1,0,0,0,0,0,1,1 : 5048.0
1,1,1,1,0,1,0,0,1,0,1,1,0,1,1,0,1,1,1,1,0,0,0,1,0,1 : 3139.0
1,1,1,1,0,0,0,0,0,0,1,0,1,1,1,0,1,1,1,0,1,1,1,0,1,0 : 14638.0
1,1,1,1,0,0,0,1,1,0,1,0,1,1,1,1,1,1,1,1,1,1,1,1,0,1 : 5339.0
1,1,1,1,0,0,0,0,1,0,1,1,0,1,1,0,1,1,1,0,0,0,0,1,0,1 : 3139.0
1,1,1,0,1,1,1,1,0,0,1,1,1,1,1,1,1,1,1,0,0,0,0,0,0,0 : 5233.0
1,1,1,1,0,1,1,0,1,0,1,0,1,1,1,0,1,1,1,0,0,0,0,1,1,0 : 14638.0
1,1,1,1,0,0,0,0,1,0,1,1,1,1,1,1,1,1,1,1,1,1,1,1,0,0 : 5220.0
1,1,1,1,0,1,0,0,1,1,1,1,0,1,1,1,1,1,1,1,0,0,1,1,0,1 : 3127.0
1,1,1,0,1,1,1,0,1,0,1,0,1,1,1,1,1,1,1,0,0,0,0,0,0,1 : 5387.0
1,1,1,1,0,1,1,0,1,1,1,0,1,1,1,1,1,1,1,1,0,0,1,1,0,0 : 5419.0
1,1,1,1,0,1,0,0,1,0,1,1,0,1,1,0,1,1,1,0,0,0,0,1,0,0 : 3139.0
1,1,1,1,0,1,0,0,0,0,1,1,1,1,1,0,1,1,1,1,0,1,0,1,0,1 : 5316.0
1,1,1,1,0,1,1,0,1,0,1,1,1,1,1,1,1,1,1,1,0,1,1,1,0,1 : 5339.0
1,1,1,1,0,0,1,1,0,1,1,0,1,1,1,1,1,1,1,1,0,0,0,1,0,0 : 5419.0
1,1,1,1,0,1,0,0,0,0,1,1,0,1,1,1,1,1,1,1,0,1,0,1,0,0 : 3238.0
1,1,1,1,0,0,0,1,0,0,1,1,1,1,1,0,1,1,1,0,0,0,0,1,0,0 : 5194.0
