1,1,1,0,0,0,1,0,1,1,0,0,1,0,0,1 : 493.543
1,1,0,1,0,0,1,0,1,0,0,1,1,0,1,0 : 427.07
1,0,1,1,1,0,0,0,1,1,0,0,1,0,1,0 : 495.1
1,1,0,1,1,0,1,0,1,0,0,1,1,0,1,0 : 482.817
1,0,1,1,0,1,0,1,1,0,0,1,1,1,0,0 : 304.96
1,1,0,1,1,1,0,0,1,1,0,0,1,0,1,0 : 544.5069
1,0,0,1,0,0,0,0,1,0,0,1,1,0,0,1 : 605.273
1,1,1,1,0,0,1,0,1,1,0,0,1,0,0,1 : 493.543
1,1,0,0,0,1,1,1,1,0,1,0,1,0,0,1 : 561.743
1,0,1,0,1,0,1,1,1,0,1,0,1,1,0,0 : 277.533
1,1,0,0,0,1,0,1,1,0,1,0,1,1,0,0 : 286.337
1,1,1,0,0,1,0,0,1,0,1,0,1,0,0,1 : 680.563
1,1,1,1,0,1,0,0,1,0,0,1,1,0,1,0 : 408.073
1,0,1,0,0,0,1,0,1,0,0,1,1,0,0,1 : 508.34
1,0,1,1,1,0,0,1,1,0,1,0,1,1,0,0 : 277.533
1,0,0,0,1,0,1,1,1,0,1,0,1,0,0,1 : 672.207
1,0,1,0,0,0,1,1,1,0,0,1,1,1,0,0 : 263.6429
1,0,0,0,1,1,1,0,1,0,0,1,1,1,0,0 : 310.2269
1,1,1,1,1,0,1,0,1,0,1,0,1,0,1,0 : 432.77
1,1,0,1,1,0,0,1,1,0,0,1,1,0,0,1 : 713.39
1,1,0,0,1,0,0,0,1,1,0,0,1,0,1,0 : 486.637
1,0,1,0,1,0,0,1,1,0,0,1,1,1,0,0 : 279.037
1,1,1,0,0,1,1,1,1,0,1,0,1,1,0,0 : 275.97
1,0,0,0,0,1,1,1,1,0,1,0,1,0,1,0 : 435.977
1,1,1,1,0,1,1,1,1,1,0,0,1,0,0,1 : 575.477
1,0,0,1,1,0,1,1,1,1,0,0,1,1,0,0 : 277.533
1,0,1,0,0,0,1,1,1,0,0,1,1,0,1,0 : 435.977
1,1,0,0,0,0,1,1,1,0,1,0,1,0,0,1 : 493.543
1,1,1,1,1,0,1,0,1,0,1,0,1,0,1,0 : 432.77
1,0,1,1,1,0,1,0,1,0,0,1,1,1,0,0 : 279.037
1,0,1,0,0,1,0,0,1,0,1,0,1,0,1,0 : 435.977
1,1,1,1,1,0,1,0,1,1,0,0,1,1,0,0 : 247.717
1,1,0,0,0,0,1,1,1,0,1,0,1,0,1,0 : 414.687
1,1,1,0,0,0,0,0,1,0,1,0,1,0,1,0 : 426.417
1,0,1,1,0,1,1,1,1,0,0,1,1,1,0,0 : 304.96
1,1,1,0,0,1,0,0,1,0,0,1,1,0,1,0 : 426.417
1,1,0,1,1,1,1,0,1,0,0,1,1,0,1,0 : 482.817
1,0,0,1,0,0,1,1,1,1,0,0,1,0,1,0 : 493.987
1,0,1,1,0,0,0,1,1,0,0,1,1,1,0,0 : 263.6429
1,1,1,0,1,1,0,1,1,1,0,0,1,0,0,1 : 773.3869
1,0,0,1,1,0,1,1,1,1,0,0,1,1,0,0 : 277.533
1,1,1,1,0,1,1,0,1,0,1,0,1,0,0,1 : 575.477
1,0,1,1,0,1,0,0,1,0,0,1,1,0,0,1 : 683.543
1,0,1,1,1,0,1,1,1,0,0,1,1,0,1,0 : 482.817
1,1,0,1,0,1,0,1,1,1,0,0,1,0,1,0 : 493.987
1,0,0,1,1,0,0,1,1,0,0,1,1,1,0,0 : 279.037
1,1,0,1,1,1,0,1,1,0,1,0,1,0,1,0 : 544.5069
1,1,0,1,1,1,1,1,1,0,1,0,1,0,1,0 : 432.77
1,0,1,1,0,0,1,1,1,1,0,0,1,0,0,1 : 508.34
1,1,1,1,1,1,1,0,1,0,0,1,1,1,0,0 : 279.903
1,0,1,1,0,1,0,0,1,0,0,1,1,1,0,0 : 304.96
1,1,1,1,1,0,0,0,1,1,0,0,1,0,1,0 : 495.1
1,0,1,0,0,0,1,0,1,0,1,0,1,1,0,0 : 263.6429
1,0,1,0,0,0,0,1,1,0,0,1,1,0,1,0 : 435.977
1,1,0,0,0,0,0,1,1,0,0,1,1,0,1,0 : 414.687
1,0,1,0,0,0,1,1,1,0,0,1,1,1,0,0 : 263.6429
1,0,0,0,0,0,1,1,1,0,1,0,1,0,0,1 : 510.837
1,0,0,1,0,1,1,1,1,0,1,0,1,0,1,0 : 513.0
1,0,0,0,0,1,0,1,1,0,0,1,1,0,1,0 : 435.977
1,0,0,1,1,0,0,1,1,1,0,0,1,0,0,1 : 713.39
1,1,1,1,1,1,0,0,1,1,0,0,1,1,0,0 : 279.903
1,0,1,0,1,1,0,1,1,0,1,0,1,0,1,0 : 562.187
1,0,0,1,1,0,1,1,1,1,0,0,1,1,0,0 : 277.533
1,1,1,1,0,0,0,1,1,1,0,0,1,1,0,0 : 247.717
1,0,0,1,0,0,1,0,1,0,1,0,1,1,0,0 : 267.853
1,1,0,0,0,1,0,0,1,0,1,0,1,0,1,0 : 426.417
1,1,1,1,0,0,0,0,1,1,0,0,1,0,1,0 : 408.073
1,1,1,0,1,0,0,0,1,0,1,0,1,1,0,0 : 247.717
1,1,0,1,1,1,0,1,1,1,0,0,1,0,0,1 : 773.3869
1,0,1,1,1,1,0,1,1,0,1,0,1,0,1,0 : 562.187
1,1,0,0,1,0,0,0,1,0,0,1,1,1,0,0 : 263.92
1,1,1,1,0,0,0,1,1,0,0,1,1,0,1,0 : 440.41
1,1,0,0,1,0,0,0,1,0,1,0,1,0,1,0 : 486.637
1,0,0,0,1,1,1,1,1,0,1,0,1,0,1,0 : 448.11
1,0,1,0,1,1,1,0,1,0,1,0,1,0,0,1 : 671.73
1,1,0,0,1,0,0,1,1,0,1,0,1,1,0,0 : 256.82
1,0,0,1,0,0,1,1,1,0,1,0,1,0,1,0 : 513.0
1,0,0,1,1,0,0,1,1,0,0,1,1,0,0,1 : 713.39
1,1,1,0,0,0,0,0,1,1,0,0,1,1,0,0 : 247.717
1,1,0,0,1,1,1,0,1,0,0,1,1,0,0,1 : 671.73
1,0,1,0,0,0,1,1,1,0,0,1,1,0,1,0 : 435.977
1,0,1,1,1,1,0,1,1,1,0,0,1,0,0,1 : 807.273
1,0,0,0,1,1,1,0,1,0,0,1,1,0,1,0 : 482.817
1,0,1,1,1,0,0,1,1,0,1,0,1,1,0,0 : 277.533
1,1,1,0,1,0,1,0,1,0,1,0,1,1,0,0 : 247.717
1,0,1,1,0,1,1,0,1,0,0,1,1,0,0,1 : 575.477
1,1,1,1,1,1,1,0,1,0,1,0,1,0,0,1 : 671.73
1,0,1,0,0,1,1,0,1,0,0,1,1,0,0,1 : 576.54
1,1,1,1,1,0,1,1,1,0,1,0,1,0,1,0 : 432.77
1,0,1,0,0,1,1,1,1,0,1,0,1,0,0,1 : 576.54
1,1,0,1,0,0,1,1,1,0,1,0,1,1,0,0 : 256.82
1,0,1,0,0,0,1,1,1,1,0,0,1,0,0,1 : 508.34
1,0,0,1,1,1,1,1,1,1,0,0,1,0,1,0 : 482.817
1,1,1,1,0,1,0,0,1,0,0,1,1,0,0,1 : 683.543
1,0,1,0,1,0,1,1,1,1,0,0,1,0,1,0 : 482.817
1,0,1,1,0,1,0,0,1,0,1,0,1,0,1,0 : 408.073
1,1,0,0,1,1,0,1,1,0,0,1,1,0,0,1 : 773.3869
1,0,0,0,1,0,0,0,1,0,1,0,1,1,0,0 : 277.533
1,0,1,0,0,0,1,0,1,1,0,0,1,0,0,1 : 508.34
1,0,0,1,0,0,1,0,1,0,1,0,1,0,0,1 : 510.837
