1,1,0,1,0,0,1,0,1,0,1,1,0,1,1,1,0,1,0,1,1,1,1,1,0,1,0,0,0,1,0,0,0,1,1,1,0,0,0 : 12.8051
1,1,0,1,0,0,1,0,1,0,1,1,0,1,1,1,0,1,0,1,1,1,1,1,0,1,0,0,0,1,0,0,0,1,1,1,0,0,0 : 12.8051
1,1,0,1,0,0,1,0,1,0,1,1,0,1,1,1,0,1,0,1,1,1,1,1,0,1,0,0,0,1,0,0,0,1,1,1,0,0,0 : 12.8051
1,1,0,1,0,0,1,0,1,0,1,1,0,1,1,1,0,1,0,1,1,1,1,1,0,1,0,0,0,1,0,0,0,1,1,1,0,0,0 : 12.8051
0,0,1,0,0,0,1,0,0,0,0,0,1,1,1,1,0,1,0,1,0,1,0,0,0,1,0,0,0,1,0,0,0,1,1,0,0,0,1 : 13.0004
0,0,0,0,0,0,1,0,0,0,1,0,1,1,1,0,0,1,1,1,0,0,0,1,0,0,1,0,0,1,0,0,0,0,0,0,1,1,0 : 13.0004
0,0,1,0,0,0,1,0,1,0,0,0,1,1,1,1,1,1,0,1,0,1,0,0,0,1,0,0,1,1,0,0,0,0,0,0,0,0,1 : 13.0004
0,0,0,1,0,0,1,0,1,0,0,0,1,1,0,0,0,1,1,1,0,0,0,1,0,1,1,0,1,1,0,0,0,0,0,0,0,1,1 : 13.0004
0,0,1,0,0,0,1,0,0,0,0,1,1,1,1,1,0,1,0,1,0,1,0,0,0,0,1,0,1,1,0,0,0,1,0,0,0,0,1 : 13.0004
0,0,0,1,0,0,0,0,0,0,0,0,1,1,1,0,0,1,1,1,0,0,0,1,0,0,1,0,0,1,0,0,0,0,0,0,0,1,1 : 13.0004
0,0,1,0,0,0,1,1,1,0,0,0,1,1,1,1,1,1,0,1,0,1,0,0,0,1,0,0,0,1,0,0,0,1,0,0,0,0,1 : 13.0004
0,0,0,1,0,0,1,0,0,0,0,0,1,1,1,1,0,1,1,1,0,0,0,1,1,0,1,0,0,1,0,0,0,0,0,0,0,1,1 : 13.0004
0,0,1,0,0,0,1,0,1,0,0,0,1,0,1,1,0,1,0,1,0,1,0,0,0,1,0,0,0,1,0,0,0,1,0,0,0,0,1 : 13.0004
1,0,1,1,0,0,0,1,0,0,1,0,1,0,1,1,0,1,0,1,0,0,0,1,0,0,1,0,0,0,0,1,0,1,0,1,0,1,1 : 13.0004
0,0,1,0,0,0,1,0,1,0,0,0,1,1,1,1,0,1,0,1,0,1,0,0,0,1,0,0,0,1,0,0,0,1,1,0,0,0,1 : 13.0004
0,0,0,0,0,0,1,0,0,0,1,0,1,0,1,0,0,1,1,1,0,0,0,1,0,1,1,0,0,1,0,0,0,0,0,0,0,1,0 : 13.0004
0,0,1,0,0,0,1,0,1,0,0,0,1,1,1,1,1,1,0,1,0,1,0,0,0,0,0,0,0,1,0,0,0,1,0,0,1,0,1 : 13.0004
0,0,1,0,0,0,1,0,1,0,0,0,1,1,1,1,0,1,1,1,0,1,0,0,1,1,0,0,0,1,0,0,0,1,1,0,0,0,1 : 13.0004
0,0,0,1,0,0,1,0,1,0,0,0,1,1,0,0,0,1,0,1,0,0,0,1,0,0,1,0,1,1,0,0,1,0,0,0,0,1,1 : 13.0004
0,0,1,0,0,0,1,0,0,0,0,1,1,1,1,1,0,1,0,1,0,1,0,0,0,1,1,0,0,1,0,0,0,1,0,0,0,0,1 : 13.0004
0,0,0,1,0,0,1,0,0,0,0,0,1,1,1,0,0,1,1,1,0,0,0,1,0,0,1,0,0,1,0,0,0,0,0,0,0,1,1 : 13.0004
0,0,1,0,0,0,1,0,1,0,0,0,1,1,1,1,1,1,0,1,0,1,0,0,0,1,0,0,0,1,0,0,0,1,0,0,0,0,1 : 13.0004
0,0,1,0,0,0,1,0,1,0,0,0,1,0,1,1,0,1,0,1,0,1,0,0,0,1,1,0,0,1,0,1,0,1,0,0,0,0,1 : 13.0004
0,0,1,1,0,0,0,1,0,0,1,0,1,0,1,1,0,1,0,1,0,0,0,1,0,0,1,0,0,0,0,0,0,1,0,1,0,1,1 : 13.0004
0,0,1,0,0,0,1,0,0,0,0,0,1,1,1,1,0,1,0,1,0,1,0,0,0,1,0,0,0,1,0,0,0,1,1,0,0,0,1 : 13.0004
0,0,0,0,0,0,1,0,0,0,1,0,1,1,1,0,0,1,1,1,0,0,0,1,0,0,1,0,0,1,0,0,0,0,0,0,1,1,0 : 13.0004
0,0,1,0,0,0,1,0,1,0,0,0,1,1,1,1,1,1,0,1,0,1,0,0,0,1,0,0,1,1,0,0,0,0,0,0,0,0,1 : 13.0004
0,0,0,1,0,0,1,0,1,0,0,0,1,1,0,0,0,1,1,1,0,0,0,1,0,1,1,0,1,1,0,0,0,0,0,0,0,1,1 : 13.0004
0,0,1,0,0,0,1,0,0,0,0,1,1,1,1,1,0,1,0,1,0,1,0,0,0,0,1,0,1,1,0,0,0,1,0,0,0,0,1 : 13.0004
0,0,0,1,0,0,0,0,0,0,0,0,1,1,1,0,0,1,1,1,0,0,0,1,0,0,1,0,0,1,0,0,0,0,0,0,0,1,1 : 13.0004
0,0,1,0,0,0,1,1,1,0,0,0,1,1,1,1,1,1,0,1,0,1,0,0,0,1,0,0,0,1,0,0,0,1,0,0,0,0,1 : 13.0004
0,0,0,1,0,0,1,0,0,0,0,0,1,1,1,1,0,1,1,1,0,0,0,1,1,0,1,0,0,1,0,0,0,0,0,0,0,1,1 : 13.0004
0,0,1,0,0,0,1,0,1,0,0,0,1,0,1,1,0,1,0,1,0,1,0,0,0,1,0,0,0,1,0,0,0,1,0,0,0,0,1 : 13.0004
1,0,1,1,0,0,0,1,0,0,1,0,1,0,1,1,0,1,0,1,0,0,0,1,0,0,1,0,0,0,0,1,0,1,0,1,0,1,1 : 13.0004
0,0,1,0,0,0,1,0,1,0,0,0,1,1,1,1,0,1,0,1,0,1,0,0,0,1,0,0,0,1,0,0,0,1,1,0,0,0,1 : 13.0004
0,0,0,0,0,0,1,0,0,0,1,0,1,0,1,0,0,1,1,1,0,0,0,1,0,1,1,0,0,1,0,0,0,0,0,0,0,1,0 : 13.0004
0,0,1,0,0,0,1,0,1,0,0,0,1,1,1,1,1,1,0,1,0,1,0,0,0,0,0,0,0,1,0,0,0,1,0,0,1,0,1 : 13.0004
0,0,1,0,0,0,1,0,1,0,0,0,1,1,1,1,0,1,1,1,0,1,0,0,1,1,0,0,0,1,0,0,0,1,1,0,0,0,1 : 13.0004
0,0,0,1,0,0,1,0,1,0,0,0,1,1,0,0,0,1,0,1,0,0,0,1,0,0,1,0,1,1,0,0,1,0,0,0,0,1,1 : 13.0004
0,0,1,0,0,0,1,0,0,0,0,1,1,1,1,1,0,1,0,1,0,1,0,0,0,1,1,0,0,1,0,0,0,1,0,0,0,0,1 : 13.0004
0,0,0,1,0,0,1,0,0,0,0,0,1,1,1,0,0,1,1,1,0,0,0,1,0,0,1,0,0,1,0,0,0,0,0,0,0,1,1 : 13.0004
0,0,1,0,0,0,1,0,1,0,0,0,1,1,1,1,1,1,0,1,0,1,0,0,0,1,0,0,0,1,0,0,0,1,0,0,0,0,1 : 13.0004
0,0,1,0,0,0,1,0,1,0,0,0,1,0,1,1,0,1,0,1,0,1,0,0,0,1,1,0,0,1,0,1,0,1,0,0,0,0,1 : 13.0004
0,0,1,1,0,0,0,1,0,0,1,0,1,0,1,1,0,1,0,1,0,0,0,1,0,0,1,0,0,0,0,0,0,1,0,1,0,1,1 : 13.0004
0,1,0,1,1,0,1,1,0,0,1,0,0,1,0,1,1,0,1,1,0,0,0,0,0,1,1,0,0,0,1,1,0,1,0,0,0,0,1 : 13.0193
0,1,0,1,1,0,1,1,0,0,1,1,0,1,0,1,1,0,1,1,0,0,0,0,0,1,1,0,0,0,1,1,0,1,0,0,0,0,0 : 13.0193
0,1,0,1,1,0,1,1,0,0,1,0,0,1,0,1,1,0,1,0,0,0,0,0,0,1,1,0,0,0,1,0,0,1,0,0,0,0,0 : 13.0193
0,1,0,1,1,0,1,1,0,0,1,0,0,1,0,1,1,0,1,1,0,0,0,0,0,1,1,0,0,0,1,1,0,1,0,0,0,0,1 : 13.0193
0,1,0,1,1,0,1,1,0,0,1,1,0,1,0,1,1,0,1,1,0,0,0,0,0,1,1,0,0,0,1,1,0,1,0,0,0,0,0 : 13.0193
0,1,0,1,1,0,1,1,0,0,1,0,0,1,0,1,1,0,1,0,0,0,0,0,0,1,1,0,0,0,1,0,0,1,0,0,0,0,0 : 13.0193
0,0,1,0,0,0,1,0,1,0,0,0,1,1,1,1,0,0,0,1,0,1,0,0,1,1,0,0,0,1,0,0,0,1,1,0,0,0,1 : 13.0344
1,0,1,0,1,0,0,1,0,1,0,1,0,0,1,0,1,0,1,1,0,0,0,0,0,1,0,0,0,1,0,1,0,1,1,0,1,0,0 : 13.0344
1,0,1,0,1,0,0,1,0,1,0,1,0,0,1,0,1,0,1,1,0,0,0,0,0,1,0,0,0,1,1,1,0,1,1,0,1,0,0 : 13.0344
1,0,1,0,1,0,0,1,0,1,0,1,0,1,1,0,1,0,1,1,0,0,0,0,0,1,0,0,0,1,1,1,0,1,1,0,1,0,0 : 13.0344
1,0,1,0,1,0,0,1,0,1,0,1,0,0,1,0,1,0,0,1,0,0,0,0,0,1,0,0,0,1,1,1,0,1,1,0,1,0,0 : 13.0344
1,0,1,0,1,0,0,1,0,1,0,1,0,0,1,0,1,0,1,1,0,0,0,0,0,1,0,0,0,1,1,1,0,1,1,0,1,0,0 : 13.0344
0,0,1,0,0,0,1,0,1,0,0,0,1,1,1,1,0,0,0,1,0,1,0,0,1,1,0,0,0,1,0,0,0,1,1,0,0,0,1 : 13.0344
1,0,1,0,1,0,0,1,0,1,0,1,0,0,1,0,1,0,1,1,0,0,0,0,0,1,0,0,0,1,0,1,0,1,1,0,1,0,0 : 13.0344
1,0,1,0,1,0,0,1,0,1,0,1,0,0,1,0,1,0,1,1,0,0,0,0,0,1,0,0,0,1,1,1,0,1,1,0,1,0,0 : 13.0344
1,0,1,0,1,0,0,1,0,1,0,1,0,1,1,0,1,0,1,1,0,0,0,0,0,1,0,0,0,1,1,1,0,1,1,0,1,0,0 : 13.0344
1,0,1,0,1,0,0,1,0,1,0,1,0,0,1,0,1,0,0,1,0,0,0,0,0,1,0,0,0,1,1,1,0,1,1,0,1,0,0 : 13.0344
1,0,1,0,1,0,0,1,0,1,0,1,0,0,1,0,1,0,1,1,0,0,0,0,0,1,0,0,0,1,1,1,0,1,1,0,1,0,0 : 13.0344
0,0,0,0,1,0,1,1,0,0,1,1,0,1,0,1,0,0,0,1,1,1,0,1,1,1,0,0,0,1,0,1,0,1,0,0,1,0,0 : 13.0405
0,0,0,0,1,0,1,1,0,0,1,1,0,1,0,1,0,0,0,1,1,1,0,1,1,1,0,0,0,1,0,1,0,1,0,0,1,0,0 : 13.0405
0,1,0,1,1,0,1,1,0,0,1,0,0,1,0,1,1,0,1,1,0,0,0,0,0,0,1,0,0,0,1,1,0,1,0,0,0,0,0 : 13.059
0,1,0,1,1,0,1,1,0,0,1,0,0,1,0,1,1,0,1,1,0,0,0,0,0,0,1,0,0,0,1,1,0,1,0,0,0,0,0 : 13.059
1,1,0,1,0,0,1,0,1,1,1,1,0,1,1,0,0,1,1,1,1,1,1,1,0,1,0,0,0,1,1,1,0,1,0,0,1,0,0 : 13.0713
0,1,0,1,0,0,0,0,1,1,0,1,0,0,0,1,1,1,1,1,1,0,1,0,0,0,0,0,0,1,0,0,1,1,0,0,0,1,1 : 13.0713
1,0,0,1,1,0,1,0,1,1,1,1,0,0,0,0,0,1,1,1,1,1,0,1,0,0,0,0,0,1,1,1,0,1,0,1,1,1,1 : 13.0713
0,1,0,1,0,0,1,0,1,1,0,1,1,0,1,1,1,1,1,1,1,1,1,1,0,1,1,0,0,1,0,0,1,1,0,0,0,0,1 : 13.0713
1,1,0,1,1,0,1,0,1,1,1,1,0,1,1,0,0,1,1,1,1,1,1,1,0,1,0,0,0,1,1,1,0,1,0,0,1,0,1 : 13.0713
0,1,0,1,0,0,0,0,1,1,0,1,0,0,0,1,1,1,1,1,1,1,1,0,0,0,1,0,0,1,0,0,1,1,0,0,0,0,1 : 13.0713
0,0,0,1,1,0,0,0,1,1,1,1,0,0,1,1,0,1,1,1,1,1,1,1,0,1,0,0,0,1,1,1,0,1,0,0,1,0,1 : 13.0713
0,1,0,1,1,0,0,0,1,1,0,1,1,0,0,1,1,1,1,1,1,1,0,1,0,0,1,0,0,1,0,0,1,1,0,0,0,0,1 : 13.0713
1,1,0,1,0,0,1,0,1,1,1,1,0,1,1,0,0,1,1,1,1,1,1,1,0,0,0,0,0,1,1,0,0,1,0,0,1,0,1 : 13.0713
0,0,0,1,0,0,0,0,1,1,0,1,0,0,0,1,1,1,1,1,1,1,1,0,0,0,1,0,0,1,0,0,1,1,0,0,0,0,1 : 13.0713
1,1,0,1,1,0,0,0,1,1,0,1,1,0,0,1,1,1,1,1,1,1,1,1,0,0,1,0,0,1,0,0,1,1,0,0,0,0,1 : 13.0713
1,0,0,1,1,0,1,0,1,1,1,1,0,0,0,0,0,1,1,1,1,1,0,1,0,1,0,0,0,1,1,0,0,1,0,0,1,0,1 : 13.0713
0,1,0,1,0,0,0,0,1,1,0,1,1,0,1,1,1,1,1,1,1,1,1,1,0,0,1,0,0,1,0,0,1,1,0,0,0,0,1 : 13.0713
1,1,0,1,1,0,1,0,1,1,1,1,0,1,1,0,0,1,1,1,1,1,1,1,0,1,0,0,0,1,1,1,0,1,0,0,1,0,1 : 13.0713
0,1,0,1,0,0,0,0,1,1,0,1,1,0,0,1,1,1,1,1,1,1,1,0,0,0,1,0,0,1,0,0,1,1,0,0,0,0,1 : 13.0713
0,1,0,1,0,0,0,1,1,1,0,1,1,0,0,1,1,1,1,1,1,1,1,1,0,0,1,0,0,1,0,0,1,1,0,0,0,0,0 : 13.0713
1,1,0,1,0,0,1,0,1,1,1,1,0,1,1,0,0,1,1,1,1,1,1,1,0,1,0,0,0,1,1,1,0,1,0,0,1,0,0 : 13.0713
0,1,0,1,0,0,0,0,1,1,0,1,0,0,0,1,1,1,1,1,1,0,1,0,0,0,0,0,0,1,0,0,1,1,0,0,0,1,1 : 13.0713
1,0,0,1,1,0,1,0,1,1,1,1,0,0,0,0,0,1,1,1,1,1,0,1,0,0,0,0,0,1,1,1,0,1,0,1,1,1,1 : 13.0713
0,1,0,1,0,0,1,0,1,1,0,1,1,0,1,1,1,1,1,1,1,1,1,1,0,1,1,0,0,1,0,0,1,1,0,0,0,0,1 : 13.0713
1,1,0,1,1,0,1,0,1,1,1,1,0,1,1,0,0,1,1,1,1,1,1,1,0,1,0,0,0,1,1,1,0,1,0,0,1,0,1 : 13.0713
0,1,0,1,0,0,0,0,1,1,0,1,0,0,0,1,1,1,1,1,1,1,1,0,0,0,1,0,0,1,0,0,1,1,0,0,0,0,1 : 13.0713
0,0,0,1,1,0,0,0,1,1,1,1,0,0,1,1,0,1,1,1,1,1,1,1,0,1,0,0,0,1,1,1,0,1,0,0,1,0,1 : 13.0713
0,1,0,1,1,0,0,0,1,1,0,1,1,0,0,1,1,1,1,1,1,1,0,1,0,0,1,0,0,1,0,0,1,1,0,0,0,0,1 : 13.0713
1,1,0,1,0,0,1,0,1,1,1,1,0,1,1,0,0,1,1,1,1,1,1,1,0,0,0,0,0,1,1,0,0,1,0,0,1,0,1 : 13.0713
0,0,0,1,0,0,0,0,1,1,0,1,0,0,0,1,1,1,1,1,1,1,1,0,0,0,1,0,0,1,0,0,1,1,0,0,0,0,1 : 13.0713
1,1,0,1,1,0,0,0,1,1,0,1,1,0,0,1,1,1,1,1,1,1,1,1,0,0,1,0,0,1,0,0,1,1,0,0,0,0,1 : 13.0713
1,0,0,1,1,0,1,0,1,1,1,1,0,0,0,0,0,1,1,1,1,1,0,1,0,1,0,0,0,1,1,0,0,1,0,0,1,0,1 : 13.0713
0,1,0,1,0,0,0,0,1,1,0,1,1,0,1,1,1,1,1,1,1,1,1,1,0,0,1,0,0,1,0,0,1,1,0,0,0,0,1 : 13.0713
1,1,0,1,1,0,1,0,1,1,1,1,0,1,1,0,0,1,1,1,1,1,1,1,0,1,0,0,0,1,1,1,0,1,0,0,1,0,1 : 13.0713
0,1,0,1,0,0,0,0,1,1,0,1,1,0,0,1,1,1,1,1,1,1,1,0,0,0,1,0,0,1,0,0,1,1,0,0,0,0,1 : 13.0713
0,1,0,1,0,0,0,1,1,1,0,1,1,0,0,1,1,1,1,1,1,1,1,1,0,0,1,0,0,1,0,0,1,1,0,0,0,0,0 : 13.0713
1,0,0,0,1,1,0,0,0,1,0,0,0,0,1,1,1,1,1,0,0,0,1,1,0,1,1,0,1,0,1,0,0,1,0,0,0,0,1 : 13.0854
1,1,0,1,1,1,0,0,0,1,0,0,0,0,0,1,1,1,1,0,0,0,1,1,0,1,1,0,1,0,1,1,0,1,0,1,0,0,1 : 13.0854
