1,1,1,1,0,1,0,1,1,0,1,1,0,1,1,1,1,1,1,0,1,1,1,1,0,0 : 2960.0
1,1,1,1,0,0,0,1,1,0,1,1,0,1,1,1,1,1,1,0,1,1,1,1,0,0 : 2960.0
1,1,1,1,0,1,0,1,1,0,1,1,0,1,1,1,1,1,1,0,1,1,1,1,0,0 : 2960.0
1,1,1,1,0,0,0,1,1,0,1,1,0,1,1,1,1,1,1,0,1,1,1,1,0,0 : 2960.0
1,1,1,1,0,0,0,1,1,0,1,1,0,1,1,0,1,1,1,1,0,1,0,1,0,0 : 2986.0
1,1,1,1,0,1,0,1,1,0,1,1,0,1,1,0,1,1,1,0,1,1,1,1,0,0 : 2986.0
1,1,1,1,0,0,0,1,1,0,1,1,0,1,1,0,1,1,1,1,0,1,0,1,0,0 : 2986.0
1,1,1,1,0,1,0,1,1,0,1,1,0,1,1,0,1,1,1,1,1,1,1,1,0,0 : 2986.0
1,1,1,1,0,0,0,1,0,0,1,1,0,1,1,0,1,1,1,0,0,1,0,1,0,0 : 2986.0
1,1,1,1,0,1,0,1,1,0,1,1,0,1,1,0,1,1,1,1,0,1,0,1,0,0 : 2986.0
1,1,1,1,0,0,0,1,1,0,1,1,0,1,1,0,1,1,1,1,0,1,0,1,0,0 : 2986.0
1,1,1,1,0,0,0,1,0,0,1,1,0,1,1,0,1,1,1,1,0,1,0,0,0,0 : 2986.0
1,1,1,1,0,0,0,1,1,0,1,1,0,1,1,0,1,1,1,1,0,1,0,1,0,0 : 2986.0
1,1,1,1,0,1,0,1,1,0,1,1,0,1,1,0,1,1,1,0,1,1,1,1,0,0 : 2986.0
1,1,1,1,0,0,0,1,0,0,1,1,0,1,1,0,1,1,1,1,0,1,0,1,0,0 : 2986.0
1,1,1,1,0,1,0,1,0,0,1,1,0,1,1,0,1,1,1,1,0,1,0,1,0,0 : 2986.0
1,1,1,1,0,0,0,1,0,0,1,1,0,1,1,0,1,1,1,1,0,1,0,1,0,0 : 2986.0
1,1,1,1,0,0,0,1,1,0,1,1,0,1,1,0,1,1,1,1,0,1,0,0,0,0 : 2986.0
1,1,1,1,0,0,0,1,1,0,1,1,0,1,1,0,1,1,1,1,0,1,0,1,0,0 : 2986.0
1,1,1,1,0,1,0,1,1,0,1,1,0,1,1,0,1,1,1,0,1,1,1,1,0,0 : 2986.0
1,1,1,1,0,0,0,1,1,0,1,1,0,1,1,0,1,1,1,1,0,1,0,1,0,0 : 2986.0
1,1,1,1,0,1,0,1,1,0,1,1,0,1,1,0,1,1,1,1,1,1,1,1,0,0 : 2986.0
1,1,1,1,0,0,0,1,0,0,1,1,0,1,1,0,1,1,1,0,0,1,0,1,0,0 : 2986.0
1,1,1,1,0,1,0,1,1,0,1,1,0,1,1,0,1,1,1,1,0,1,0,1,0,0 : 2986.0
1,1,1,1,0,0,0,1,1,0,1,1,0,1,1,0,1,1,1,1,0,1,0,1,0,0 : 2986.0
1,1,1,1,0,0,0,1,0,0,1,1,0,1,1,0,1,1,1,1,0,1,0,0,0,0 : 2986.0
1,1,1,1,0,0,0,1,1,0,1,1,0,1,1,0,1,1,1,1,0,1,0,1,0,0 : 2986.0
1,1,1,1,0,1,0,1,1,0,1,1,0,1,1,0,1,1,1,0,1,1,1,1,0,0 : 2986.0
1,1,1,1,0,0,0,1,0,0,1,1,0,1,1,0,1,1,1,1,0,1,0,1,0,0 : 2986.0
1,1,1,1,0,1,0,1,0,0,1,1,0,1,1,0,1,1,1,1,0,1,0,1,0,0 : 2986.0
1,1,1,1,0,0,0,1,0,0,1,1,0,1,1,0,1,1,1,1,0,1,0,1,0,0 : 2986.0
1,1,1,1,0,0,0,1,1,0,1,1,0,1,1,0,1,1,1,1,0,1,0,0,0,0 : 2986.0
1,1,1,1,0,0,0,1,0,0,1,1,0,1,1,1,1,1,1,0,0,0,0,0,0,1 : 3053.0
1,1,1,1,0,0,0,1,1,0,1,1,0,1,1,1,1,1,1,0,0,0,0,0,0,1 : 3053.0
1,1,1,1,0,0,0,1,0,0,1,1,0,1,1,1,1,1,1,0,0,0,0,0,0,1 : 3053.0
1,1,1,1,0,0,0,1,1,0,1,1,0,1,1,1,1,1,1,0,0,0,0,0,0,1 : 3053.0
1,1,1,0,1,1,1,1,0,0,1,1,0,1,1,1,1,1,1,1,0,0,1,1,0,0 : 3053.0
1,1,1,1,0,0,0,1,0,0,1,1,0,1,1,1,1,1,1,0,0,0,0,0,0,1 : 3053.0
1,1,1,1,0,0,0,1,1,0,1,1,0,1,1,1,1,1,1,0,0,0,0,0,0,1 : 3053.0
1,1,1,1,0,0,0,1,0,0,1,1,0,1,1,1,1,1,1,0,0,0,0,0,0,1 : 3053.0
1,1,1,1,0,0,0,1,1,0,1,1,0,1,1,1,1,1,1,0,0,0,0,0,0,1 : 3053.0
1,1,1,0,1,1,1,1,0,0,1,1,0,1,1,1,1,1,1,1,0,0,1,1,0,0 : 3053.0
1,1,1,1,0,0,1,0,1,1,1,1,0,1,1,1,1,1,1,1,0,1,0,0,0,1 : 3058.0
1,1,1,1,0,0,1,0,1,1,1,1,0,1,1,1,1,1,1,1,0,1,0,0,0,1 : 3058.0
1,1,1,1,0,1,0,0,0,0,1,1,0,1,1,0,1,1,1,1,0,0,0,0,0,0 : 3138.0
1,1,1,1,0,0,0,0,0,0,1,1,0,1,1,0,1,1,1,1,0,0,0,0,0,0 : 3138.0
1,1,1,1,0,0,0,0,0,0,1,1,0,1,1,0,1,1,1,1,0,0,0,0,0,0 : 3138.0
1,1,1,1,0,1,0,0,0,0,1,1,0,1,1,0,1,1,1,1,0,0,0,0,0,0 : 3138.0
1,1,1,1,0,0,0,0,0,0,1,1,0,1,1,0,1,1,1,1,0,0,0,0,0,0 : 3138.0
1,1,1,1,0,0,0,0,0,0,1,1,0,1,1,0,1,1,1,1,0,0,0,0,0,0 : 3138.0
1,1,1,1,0,1,1,0,1,0,1,1,0,1,1,0,1,1,1,0,0,1,0,1,0,0 : 3139.0
1,1,1,1,0,1,1,0,1,0,1,1,0,1,1,0,1,1,1,1,0,0,0,1,0,0 : 3139.0
1,1,1,1,0,1,0,0,1,0,1,1,0,1,1,0,1,1,1,1,0,0,0,1,0,0 : 3139.0
1,1,1,1,0,1,1,0,1,0,1,1,0,1,1,0,1,1,1,1,0,0,0,1,0,0 : 3139.0
1,1,1,1,0,1,0,0,0,0,1,1,0,1,1,0,1,1,1,1,1,1,1,1,0,0 : 3139.0
1,1,1,1,0,1,1,0,1,0,1,1,0,1,1,0,1,1,1,1,0,0,0,1,0,0 : 3139.0
1,1,1,1,0,1,1,0,1,0,1,1,0,1,1,0,1,1,1,1,0,0,0,1,0,0 : 3139.0
1,1,1,1,0,1,0,0,1,0,1,1,0,1,1,0,1,1,1,1,0,0,0,1,0,0 : 3139.0
1,1,1,1,0,1,0,0,0,0,1,1,0,1,1,0,1,1,1,1,1,1,1,1,0,0 : 3139.0
1,1,1,1,0,1,1,0,1,0,1,1,0,1,1,0,1,1,1,0,0,1,0,1,0,0 : 3139.0
1,1,1,1,0,1,1,0,1,0,1,1,0,1,1,0,1,1,1,1,0,0,0,1,0,0 : 3139.0
1,1,1,1,0,1,0,0,1,0,1,1,0,1,1,0,1,1,1,1,0,0,0,1,0,0 : 3139.0
1,1,1,1,0,1,1,0,1,0,1,1,0,1,1,0,1,1,1,1,0,0,0,1,0,0 : 3139.0
1,1,1,1,0,1,0,0,0,0,1,1,0,1,1,0,1,1,1,1,1,1,1,1,0,0 : 3139.0
1,1,1,1,0,1,1,0,1,0,1,1,0,1,1,0,1,1,1,1,0,0,0,1,0,0 : 3139.0
1,1,1,1,0,1,1,0,1,0,1,1,0,1,1,0,1,1,1,1,0,0,0,1,0,0 : 3139.0
1,1,1,1,0,1,0,0,1,0,1,1,0,1,1,0,1,1,1,1,0,0,0,1,0,0 : 3139.0
1,1,1,1,0,1,0,0,0,0,1,1,0,1,1,0,1,1,1,1,1,1,1,1,0,0 : 3139.0
1,1,1,1,0,0,0,1,1,0,1,1,0,1,1,0,1,1,1,0,0,0,0,0,0,1 : 3182.0
1,1,1,1,0,0,0,1,1,0,1,1,0,1,1,0,1,1,1,0,0,0,0,0,0,1 : 3182.0
1,1,1,1,0,1,0,0,1,0,1,1,0,1,1,1,1,1,1,1,0,0,0,1,0,0 : 3238.0
1,1,1,1,0,0,0,0,1,0,1,1,0,1,1,1,1,1,1,1,0,0,0,1,0,0 : 3238.0
1,1,1,1,0,0,0,0,1,0,1,1,0,1,1,1,1,1,1,1,0,0,0,1,0,0 : 3238.0
1,1,1,1,0,0,0,0,1,0,1,1,0,1,1,1,1,1,1,1,0,0,0,1,0,0 : 3238.0
1,1,1,1,0,1,0,0,1,0,1,1,0,1,1,1,1,1,1,1,0,0,0,1,0,0 : 3238.0
1,1,1,1,0,0,0,0,1,0,1,1,0,1,1,1,1,1,1,1,0,0,0,1,0,0 : 3238.0
1,1,1,1,0,0,0,0,1,0,1,1,0,1,1,1,1,1,1,1,0,0,0,1,0,0 : 3238.0
1,1,1,1,0,0,0,0,1,0,1,1,0,1,1,1,1,1,1,1,0,0,0,1,0,0 : 3238.0
1,1,1,1,0,1,0,1,1,1,1,1,0,1,1,0,1,1,1,0,1,1,1,1,0,0 : 3303.0
1,1,1,1,0,1,0,0,1,1,1,1,0,1,1,0,1,1,1,1,0,0,0,1,0,0 : 3303.0
1,1,1,1,0,1,0,0,1,1,1,1,0,1,1,0,1,1,1,1,0,0,0,1,0,0 : 3303.0
1,1,1,1,0,1,0,1,1,1,1,1,0,1,1,0,1,1,1,0,1,1,1,1,0,0 : 3303.0
1,1,1,1,0,1,0,0,1,1,1,1,0,1,1,0,1,1,1,1,0,0,0,1,0,0 : 3303.0
1,1,1,1,0,1,0,0,1,1,1,1,0,1,1,0,1,1,1,1,0,0,0,1,0,0 : 3303.0
1,1,1,1,0,1,0,0,0,1,1,1,0,1,1,0,1,1,1,1,0,0,0,1,0,0 : 3341.0
1,1,1,0,1,1,1,1,0,1,1,1,0,1,1,1,1,1,1,0,0,0,1,1,0,0 : 3341.0
1,1,1,0,1,1,1,1,0,1,1,1,0,1,1,1,1,1,1,0,0,0,0,1,0,0 : 3341.0
1,1,1,0,1,1,1,1,0,1,1,1,0,1,1,1,1,1,1,0,0,0,0,1,0,0 : 3341.0
1,1,1,1,0,1,0,0,0,1,1,1,0,1,1,0,1,1,1,1,0,0,0,1,0,0 : 3341.0
1,1,1,0,1,1,1,1,0,1,1,1,0,1,1,1,1,1,1,0,0,0,1,1,0,0 : 3341.0
1,1,1,0,1,1,1,1,0,1,1,1,0,1,1,1,1,1,1,0,0,0,0,1,0,0 : 3341.0
1,1,1,0,1,1,1,1,0,1,1,1,0,1,1,1,1,1,1,0,0,0,0,1,0,0 : 3341.0
1,1,1,1,0,0,1,0,1,1,1,1,0,1,1,1,1,1,1,0,0,1,0,0,1,0 : 5048.0
1,1,1,1,0,0,1,0,1,1,1,1,0,1,1,1,1,1,1,0,0,1,0,0,1,0 : 5048.0
1,1,1,1,0,0,0,1,0,1,1,1,0,1,1,0,1,1,1,1,0,0,0,0,1,1 : 5062.0
1,1,1,1,0,1,0,1,0,1,1,1,0,1,1,0,1,1,1,1,1,1,1,0,1,1 : 5062.0
1,1,1,1,0,1,0,1,0,1,1,1,0,1,1,0,1,1,1,1,1,1,1,0,1,1 : 5062.0
1,1,1,1,0,0,0,0,0,1,1,1,0,1,1,0,1,1,1,1,0,0,1,0,1,1 : 5062.0
1,1,1,1,0,1,1,1,0,1,1,1,0,1,1,1,1,1,1,1,1,1,1,0,1,0 : 5062.0
1,1,1,1,0,1,0,1,0,1,1,1,0,1,1,0,1,1,1,1,1,1,1,0,1,1 : 5062.0
