0,0,0,1,1,0,0,1,0,0,1,0,0,1,1,0,0,0,0,1,1,0,1,1,0,0,1,0,1,1,0,0,0,1,0,0,1,0,0 : 13.0344
0,1,0,0,0,1,1,0,1,0,1,0,0,0,1,1,1,1,0,1,1,1,0,0,0,0,0,0,0,1,0,0,1,1,0,0,1,0,1 : 12.7358
0,0,0,1,1,0,0,1,1,1,0,0,1,0,1,0,1,0,1,1,0,1,0,0,0,0,1,1,0,1,0,1,0,1,0,1,0,0,0 : 13.0344
0,1,0,0,0,0,1,0,1,1,0,0,0,0,0,0,1,1,0,0,1,0,1,1,0,1,0,1,0,0,1,0,1,1,0,0,1,0,1 : 12.7139
0,1,0,1,1,0,0,1,1,1,0,0,1,0,1,0,0,1,0,1,0,1,0,0,1,0,1,0,1,1,1,1,0,1,1,0,1,0,0 : 13.1354
1,1,0,0,0,0,0,0,1,1,1,1,0,1,0,0,0,1,1,0,0,1,1,1,0,0,0,0,1,1,1,0,1,0,1,0,0,0,1 : 13.1354
0,1,0,0,0,0,0,0,0,0,0,0,0,0,1,0,0,1,1,1,0,0,1,1,0,1,1,1,0,1,0,1,0,1,0,0,1,0,0 : 13.1046
1,0,1,0,0,1,0,1,1,1,0,0,0,1,1,0,1,0,0,1,0,0,1,0,0,0,0,1,0,0,1,0,1,1,0,0,0,0,0 : 13.1747
1,1,0,1,1,0,0,1,1,0,1,1,0,1,1,1,0,1,1,0,0,1,1,1,0,0,0,0,0,0,0,0,0,1,0,0,0,0,0 : 13.1354
0,1,0,0,0,0,0,0,0,1,1,1,1,0,1,1,0,1,1,1,1,1,0,0,0,0,0,0,0,1,1,0,0,0,0,0,0,1,0 : 13.1354
0,0,1,0,0,1,0,1,0,0,0,1,1,1,1,0,1,1,1,1,1,0,0,1,1,0,1,0,1,0,0,1,1,0,0,1,1,0,1 : 13.9312
1,1,0,1,1,1,1,0,1,1,1,0,1,1,1,1,1,0,1,1,0,0,0,0,0,0,1,1,1,0,0,0,0,0,0,1,1,0,0 : 14.8157
0,1,0,1,0,1,0,0,1,0,1,0,0,0,1,1,0,0,0,0,1,1,1,1,1,0,1,0,1,0,1,0,0,1,0,1,0,0,0 : 13.0854
0,0,0,0,0,1,1,1,0,0,0,0,1,1,0,1,1,1,1,1,1,0,0,0,0,0,0,0,0,0,0,0,0,1,0,0,1,0,0 : 13.1808
1,1,0,0,1,0,0,0,1,0,0,0,0,0,1,0,0,0,1,1,0,1,0,1,0,0,0,0,0,1,0,0,0,0,0,0,1,0,0 : 13.0344
0,1,0,1,0,1,0,0,0,1,0,1,0,0,0,1,1,1,0,0,1,1,0,1,0,1,0,0,0,1,0,1,1,0,0,0,0,1,0 : 12.6877
0,1,0,1,0,0,0,1,0,0,1,0,0,1,1,0,1,1,1,1,1,0,1,1,0,0,1,0,0,1,1,1,1,0,0,1,1,0,1 : 12.6877
1,0,1,0,0,1,0,0,1,0,1,0,0,0,1,1,1,1,0,1,1,0,0,1,0,1,0,1,1,0,0,1,0,1,0,1,1,0,0 : 13.9312
1,0,0,0,1,0,0,0,0,0,0,1,1,0,1,1,1,0,1,1,1,1,0,0,0,1,1,0,0,1,1,0,1,1,0,0,1,0,0 : 13.0344
0,1,1,0,0,0,1,1,1,0,0,0,1,0,1,0,1,1,0,1,1,0,0,0,0,1,1,0,0,0,1,1,1,0,0,1,1,1,0 : 12.7358
0,1,0,0,0,0,0,1,0,0,1,1,1,1,0,0,1,0,1,1,0,0,0,1,0,0,0,1,1,0,0,0,0,0,0,0,0,1,0 : 13.2906
0,1,0,0,1,1,0,0,1,1,1,1,0,1,1,1,1,1,0,1,1,1,1,0,0,0,0,1,0,0,1,0,0,0,0,1,1,0,0 : 12.841
0,1,0,1,0,1,0,1,0,1,1,0,0,0,0,0,1,1,0,0,1,0,0,1,1,1,0,0,0,1,1,0,0,1,0,0,0,1,0 : 12.6877
0,1,0,1,1,1,0,1,1,1,1,0,0,0,1,1,0,1,0,1,1,1,1,1,0,0,1,0,1,1,0,1,0,1,0,0,1,1,0 : 13.1354
1,0,1,1,0,0,0,1,1,1,1,0,1,0,0,0,1,1,0,1,1,1,0,1,0,0,0,0,0,0,0,0,1,0,0,0,0,1,0 : 13.1808
0,1,0,0,1,0,0,0,1,0,0,1,0,1,0,0,0,1,0,1,0,1,0,1,0,0,0,1,0,1,0,0,1,1,0,1,0,1,1 : 13.1354
1,1,0,0,0,1,1,1,1,1,0,0,0,0,1,1,1,1,1,1,1,1,1,0,0,0,1,0,1,0,0,0,1,1,0,0,0,1,0 : 12.7139
0,1,0,0,1,0,1,0,1,0,0,1,0,1,0,0,1,1,1,1,1,0,0,0,0,0,0,0,1,1,0,0,1,0,0,0,1,0,0 : 12.7358
1,0,0,0,1,0,0,1,1,0,1,0,1,0,0,0,0,0,0,1,1,0,1,0,0,0,0,0,1,1,1,0,0,1,0,1,1,1,1 : 13.0344
0,0,0,1,0,0,1,1,0,0,1,0,1,0,1,1,1,0,0,1,1,0,1,0,0,1,1,0,1,0,0,0,1,0,0,1,1,1,1 : 13.1655
0,1,0,1,0,0,1,0,0,0,1,0,1,0,1,0,0,0,0,0,1,0,0,0,0,0,0,1,0,0,1,0,1,0,0,0,1,1,0 : 13.2813
0,0,0,0,0,1,0,1,0,1,1,0,0,1,0,1,1,1,0,0,1,0,1,0,0,1,0,0,0,0,1,0,1,1,0,0,0,1,0 : 13.1808
0,0,0,1,1,0,0,0,0,1,1,1,0,1,0,0,1,1,0,1,1,1,1,0,0,1,0,1,0,0,1,0,0,0,0,1,0,0,1 : 13.1808
0,1,0,1,1,0,0,0,1,1,0,0,1,0,1,0,0,1,1,1,0,1,0,0,0,0,1,1,0,0,1,0,0,1,0,1,0,1,1 : 13.1354
1,1,0,0,0,0,0,1,1,1,0,0,0,0,1,1,0,1,0,0,0,0,0,0,0,1,1,0,1,1,1,0,1,1,0,0,0,0,0 : 13.18
0,1,0,1,0,0,0,0,1,1,1,0,1,1,1,1,0,0,1,0,1,1,0,0,0,1,0,0,0,0,1,0,1,1,1,0,1,0,0 : 13.0713
1,0,0,0,0,1,1,1,1,0,0,1,0,1,1,1,0,1,0,1,0,1,0,0,0,0,0,0,1,0,0,1,0,1,0,0,1,0,0 : 13.8795
0,1,0,1,1,0,0,1,1,0,1,1,1,0,0,1,1,1,0,0,1,1,0,0,0,1,1,1,0,1,0,1,0,1,0,0,1,1,1 : 12.902
0,1,0,0,0,0,1,0,0,1,0,1,0,0,0,1,1,1,0,1,0,0,1,0,0,0,1,0,1,0,0,0,0,1,0,1,0,1,1 : 15.7588
0,1,0,0,0,0,0,0,1,1,1,0,0,1,1,1,0,0,1,0,0,1,0,1,0,1,0,0,1,1,0,0,0,1,0,1,0,0,0 : 13.0035
0,1,0,0,0,1,0,1,0,1,1,0,0,1,1,1,1,1,0,0,1,0,1,0,0,0,0,0,0,0,0,0,0,0,0,0,0,1,1 : 13.3568
0,1,0,1,0,1,0,1,1,1,0,0,0,0,1,1,1,1,0,1,1,1,1,0,1,0,1,0,1,0,0,0,0,1,0,1,0,1,0 : 12.6877
1,1,0,1,0,0,1,1,0,0,1,0,0,0,0,1,1,1,1,0,1,0,0,1,1,1,0,0,0,0,1,0,1,0,0,1,1,1,0 : 12.6877
1,1,0,1,0,0,1,0,0,0,1,0,1,0,1,1,0,0,1,1,0,1,0,0,0,0,0,0,1,0,1,0,0,0,0,1,1,1,1 : 14.8157
1,1,0,1,1,1,0,1,1,0,1,0,0,0,0,1,1,1,1,1,1,1,0,1,1,0,1,0,1,0,1,0,1,1,0,0,0,0,0 : 12.6877
0,0,1,0,1,0,0,0,0,0,1,1,1,0,0,0,1,1,0,1,1,1,1,0,0,0,1,1,0,0,1,0,0,0,1,0,0,1,0 : 13.1808
1,1,0,1,1,0,0,1,0,0,0,1,0,1,1,0,0,0,0,1,1,0,0,1,0,1,0,0,0,0,0,0,0,0,1,0,1,0,0 : 13.5954
0,1,0,0,1,1,0,1,1,0,0,1,0,0,1,0,0,1,0,0,0,1,1,0,0,0,1,0,0,1,0,0,0,0,0,1,0,0,0 : 13.1354
0,0,0,1,1,1,0,0,1,0,0,0,0,0,0,1,1,1,0,1,1,0,1,1,1,1,0,1,1,0,0,0,1,1,0,0,0,0,1 : 13.9312
0,1,0,1,0,1,1,1,1,1,0,0,0,0,0,0,0,0,0,1,1,0,1,0,1,1,0,0,1,1,0,1,0,1,1,0,1,0,0 : 15.092
1,1,0,0,0,0,1,1,0,1,1,1,0,1,1,1,1,1,0,0,1,1,0,0,0,1,1,0,0,0,1,0,1,1,0,0,1,0,0 : 12.7358
0,1,0,1,1,1,1,1,1,1,1,1,0,1,1,0,0,0,0,0,0,0,0,0,0,0,1,0,1,1,1,1,0,1,0,0,1,0,0 : 14.8157
0,1,0,1,1,0,0,1,0,0,1,1,0,0,1,0,0,0,1,0,0,0,0,1,0,0,1,0,1,1,1,0,1,0,0,0,1,1,0 : 13.0344
0,0,0,1,0,1,0,1,0,0,1,0,0,1,1,1,0,0,1,0,1,1,0,1,0,0,1,0,1,1,0,0,0,1,0,1,1,1,1 : 14.0173
1,1,0,1,0,0,1,0,1,0,1,1,0,0,0,0,1,1,1,1,1,1,0,0,0,1,1,0,0,1,1,0,1,0,0,0,0,1,1 : 12.6877
0,1,0,1,1,0,0,0,1,1,0,0,0,0,1,1,1,1,1,1,1,1,0,1,0,0,0,1,0,1,0,0,0,0,0,0,0,1,0 : 12.6877
1,0,0,0,0,1,1,1,0,0,1,1,0,0,1,1,1,1,0,0,1,1,0,0,0,1,1,0,0,0,1,0,0,1,0,1,0,1,1 : 13.1808
0,1,0,1,0,1,1,1,0,0,0,1,0,0,0,0,0,0,0,0,1,1,0,0,0,1,1,1,0,1,0,0,0,1,0,1,1,0,0 : 15.092
1,0,0,0,0,0,0,0,1,1,0,1,0,1,0,1,0,0,0,0,1,0,0,1,0,1,0,1,0,0,1,0,1,1,0,1,1,1,0 : 13.0713
0,0,1,0,0,1,0,1,1,1,1,0,1,1,0,1,0,1,1,0,1,0,0,0,1,1,0,0,0,1,0,0,1,0,0,1,0,0,1 : 16.0879
0,1,0,0,0,1,0,1,0,0,0,1,1,1,1,1,0,1,1,0,1,1,0,1,0,0,1,0,0,0,0,0,1,0,0,0,0,0,1 : 13.1354
1,0,0,1,0,0,0,1,1,0,1,1,0,0,0,1,1,1,0,0,1,1,0,0,0,1,1,0,1,1,0,0,0,0,0,0,1,0,1 : 13.9312
1,0,0,0,1,0,0,1,1,1,0,1,0,0,0,0,1,0,0,0,0,0,1,1,0,0,0,0,0,1,0,0,0,0,0,1,1,1,1 : 13.0344
1,0,0,1,1,0,0,1,0,0,1,0,1,0,1,0,0,0,1,0,0,0,0,0,1,1,0,0,0,1,0,0,0,0,0,1,1,1,0 : 13.0344
1,0,0,0,0,0,0,0,0,0,0,0,1,1,0,0,0,0,1,1,0,0,0,1,0,0,0,0,0,1,1,0,1,1,0,0,0,0,0 : 13.119
0,1,0,0,0,1,1,1,0,1,1,0,1,1,0,1,1,1,1,0,1,0,0,1,0,0,1,0,1,1,0,0,0,0,0,0,0,0,0 : 12.7358
1,0,0,1,0,0,1,0,0,0,1,0,0,0,1,0,1,0,0,1,0,1,0,1,0,1,0,0,0,1,0,0,1,1,0,1,0,1,1 : 13.1655
1,1,0,0,1,0,0,1,0,1,1,1,0,0,1,1,0,1,1,0,0,0,0,0,0,0,1,0,0,0,1,0,1,0,0,0,1,1,0 : 13.18
0,0,0,0,1,0,0,1,1,1,0,0,1,1,1,1,1,0,1,1,0,0,0,1,0,1,1,0,0,1,0,0,1,0,0,0,1,0,0 : 13.0344
1,0,1,0,1,0,0,0,0,0,1,0,1,1,0,0,1,1,0,1,1,0,0,0,0,1,0,1,0,1,0,0,0,1,0,1,1,1,0 : 13.1808
0,1,0,1,0,1,0,0,0,0,1,0,0,0,0,0,1,1,0,1,1,1,0,1,0,1,0,0,1,1,1,0,0,1,0,0,1,1,1 : 12.6877
0,1,0,1,1,1,1,0,0,0,1,1,0,0,0,0,1,1,0,1,1,0,0,1,0,1,0,0,1,1,0,0,1,0,0,1,0,0,1 : 12.6877
0,0,0,1,1,1,1,0,1,1,1,1,1,1,0,1,0,1,1,0,0,1,0,0,0,0,0,1,0,1,0,0,0,1,0,0,0,0,1 : 13.8795
1,0,0,1,0,1,0,1,1,1,1,1,0,1,1,0,0,1,0,1,0,0,0,1,0,1,0,0,1,0,0,0,1,0,0,1,0,0,1 : 13.7542
1,1,0,1,1,1,0,0,0,0,0,1,1,0,1,0,0,1,0,1,0,1,1,0,0,1,1,0,1,1,1,1,1,0,0,1,1,0,0 : 13.9444
1,0,0,0,0,1,1,1,1,0,0,1,1,0,1,0,1,0,1,1,1,1,1,0,0,1,0,0,0,1,1,0,0,1,0,1,1,0,0 : 13.1655
1,0,0,0,1,1,0,1,0,1,1,0,0,0,0,1,1,1,1,1,1,0,0,0,1,0,1,0,0,1,0,1,0,1,0,1,0,1,1 : 13.1808
1,0,0,1,0,0,1,1,0,1,1,1,1,0,0,1,1,1,1,1,0,0,1,0,1,0,1,0,1,1,1,0,1,0,0,0,0,0,1 : 15.7588
0,0,0,0,0,1,0,0,0,0,0,1,1,1,1,1,0,0,1,1,1,0,0,1,0,0,0,0,0,0,1,0,1,0,0,1,0,0,0 : 13.0896
0,0,0,1,0,0,0,0,0,0,1,0,1,0,0,1,0,0,0,1,1,0,0,1,0,0,0,0,1,0,1,1,0,1,0,1,0,1,0 : 13.3081
0,0,0,1,1,0,0,0,1,1,0,1,0,1,0,1,0,0,0,1,1,0,1,1,0,0,1,1,1,0,0,0,0,0,0,1,1,0,0 : 13.2462
1,1,0,0,1,1,0,0,0,1,1,0,0,1,1,0,1,1,0,0,1,0,1,1,0,0,1,0,0,1,1,0,0,0,0,1,1,0,0 : 13.3568
0,1,0,1,0,1,0,1,1,0,1,0,1,1,0,1,1,0,0,0,1,1,1,1,0,0,0,0,0,0,0,1,0,1,1,0,0,0,1 : 13.1747
0,0,1,0,1,0,0,1,1,1,1,1,1,0,0,0,1,1,0,0,1,0,1,0,0,1,1,0,0,0,1,0,1,1,0,1,1,0,1 : 13.1808
0,1,0,0,0,1,0,1,1,1,1,0,0,0,1,0,1,1,0,0,1,0,1,1,0,0,1,0,1,0,1,0,0,1,0,1,1,1,1 : 12.7139
0,0,1,0,0,1,0,1,0,1,1,0,0,0,1,0,1,0,0,1,1,0,1,0,0,0,0,0,0,0,0,0,1,0,0,1,0,1,1 : 13.0854
1,1,0,1,1,1,0,1,0,0,0,0,1,1,1,0,0,0,1,1,1,1,0,0,1,0,1,0,1,0,1,0,1,0,0,0,0,1,1 : 13.0896
0,0,0,1,1,1,0,1,0,0,1,1,1,1,0,0,0,0,1,0,0,0,1,1,0,0,1,0,0,0,0,0,0,1,0,1,0,0,1 : 13.0854
1,0,1,0,0,0,1,0,0,1,0,0,0,1,1,1,0,1,0,1,0,1,1,1,1,0,1,0,0,0,0,0,1,0,0,1,1,1,0 : 13.5167
0,1,0,0,1,0,0,0,1,0,1,1,1,1,0,1,1,0,1,1,0,1,0,0,0,0,0,1,1,0,0,0,1,1,0,1,0,0,0 : 13.2462
0,1,0,0,0,1,0,1,1,1,1,0,0,0,1,1,0,1,0,1,0,1,1,1,0,1,1,0,1,1,0,0,1,0,0,0,1,0,1 : 13.9444
1,1,0,1,1,0,0,0,1,1,1,0,0,0,1,1,1,1,0,1,1,0,0,0,0,1,0,0,0,0,1,0,0,0,0,1,0,1,0 : 12.6877
0,0,0,1,0,0,0,0,1,1,0,1,1,1,1,1,1,0,1,0,0,1,1,1,1,1,0,1,0,0,1,0,1,0,0,0,1,1,1 : 13.1418
1,1,0,1,0,1,1,0,0,1,0,1,0,0,0,0,1,1,0,0,1,1,0,0,0,0,0,0,1,0,1,0,1,0,0,0,1,0,1 : 12.6877
1,1,1,0,1,0,0,1,1,1,0,0,1,0,1,1,1,0,0,0,0,1,0,1,0,1,0,0,1,1,1,1,0,1,0,1,0,0,1 : 13.0344
1,0,0,0,1,0,0,1,1,1,0,1,0,1,1,0,1,0,1,1,0,1,0,0,0,0,1,0,0,1,0,0,0,0,0,0,0,0,1 : 13.0344
1,1,1,1,0,0,0,0,1,0,1,0,0,0,1,0,1,0,0,1,0,0,0,1,0,0,1,0,1,1,1,1,1,0,0,0,0,1,1 : 13.4295
0,0,0,0,1,1,1,0,1,0,1,1,1,1,1,0,0,0,0,1,0,1,1,0,0,1,0,0,1,0,1,0,1,0,0,1,1,1,0 : 13.1655
1,0,1,1,0,0,0,0,0,0,0,1,1,1,1,0,1,0,1,0,0,1,0,0,0,1,0,0,0,1,1,1,1,0,0,0,0,1,0 : 13.1418
1,0,0,0,0,0,1,1,1,1,0,1,1,1,0,0,0,1,0,1,1,0,0,0,0,0,0,0,0,0,1,0,1,0,0,1,1,1,1 : 13.5167
