0,0,1,1,1,0,0,1,0,0,0,0,1,1,0,0,0,1 : 0.9221
0,1,0,1,0,0,0,1,0,1,0,0,0,1,0,0,0,1 : 0.515
1,0,0,1,1,0,0,1,0,1,0,0,0,1,0,1,0,0 : 6.5251
1,0,0,0,1,1,0,1,0,1,0,0,0,1,1,0,0,0 : 6.5427
0,0,0,1,0,1,0,1,0,0,0,1,0,1,0,0,1,0 : 0.627
0,0,0,1,1,1,0,1,0,0,1,0,0,1,1,0,0,0 : 0.5057
0,0,0,0,1,1,0,1,0,1,0,0,0,1,0,1,0,0 : 0.435
1,1,0,0,0,1,1,1,0,0,1,0,0,1,1,0,0,0 : 10.9379
1,0,1,0,1,0,0,1,1,0,0,0,0,1,1,0,0,0 : 2.0324
0,0,0,0,1,1,0,1,0,0,0,1,0,1,0,1,0,0 : 0.627
1,1,1,1,1,1,0,1,0,1,0,0,0,1,0,1,0,0 : 5.8483
0,0,0,1,1,0,0,1,0,1,0,0,0,1,0,1,0,0 : 0.4525
0,1,0,0,1,0,1,1,1,0,0,0,0,1,0,1,0,0 : 0.3861
1,0,0,0,0,0,1,1,0,0,0,1,0,1,1,0,0,0 : 19.9269
0,0,0,0,1,1,0,1,0,1,0,0,0,1,0,1,0,0 : 0.435
0,0,1,1,0,1,0,1,0,1,0,0,0,1,0,0,0,1 : 0.4439
0,0,0,0,0,1,1,1,0,0,0,0,1,1,0,1,0,0 : 0.9259
0,0,0,1,0,0,0,1,0,0,1,0,0,1,1,0,0,0 : 0.4785
0,0,1,1,0,0,0,1,0,1,0,0,0,1,1,0,0,0 : 0.4392
0,0,1,0,0,0,1,1,0,1,0,0,0,1,0,0,1,0 : 0.4638
1,1,0,1,1,1,1,1,1,0,0,0,0,1,0,0,1,0 : 3.3196
0,1,0,1,1,1,0,1,1,0,0,0,0,1,0,0,1,0 : 0.3688
1,0,1,1,0,1,1,1,0,0,0,1,0,1,0,0,1,0 : 19.9269
1,1,0,1,1,1,0,1,1,0,0,0,0,1,1,0,0,0 : 2.0193
0,0,1,0,1,0,0,1,1,0,0,0,0,1,1,0,0,0 : 0.5171
1,0,0,1,0,1,1,1,0,0,0,1,0,1,0,0,1,0 : 19.9269
0,0,0,1,1,1,0,1,0,1,0,0,0,1,1,0,0,0 : 0.4603
1,0,1,0,1,1,1,1,0,0,0,1,0,1,0,0,1,0 : 19.9269
0,0,1,0,0,1,0,1,0,0,0,1,0,1,1,0,0,0 : 0.6247
0,0,1,0,1,0,0,1,0,1,0,0,0,1,0,0,1,0 : 0.4455
0,0,1,1,0,1,0,1,0,1,0,0,0,1,1,0,0,0 : 0.4392
1,0,0,0,0,0,1,1,0,0,0,1,0,1,0,1,0,0 : 19.9701
0,1,0,1,0,0,1,1,0,1,0,0,0,1,0,0,0,1 : 0.515
0,1,1,0,1,0,0,1,1,0,0,0,0,1,1,0,0,0 : 0.3619
1,1,0,0,0,1,1,1,0,0,0,0,1,1,1,0,0,0 : 38.8257
1,0,0,0,0,0,0,1,0,1,0,0,0,1,1,0,0,0 : 6.5427
0,0,1,1,1,1,1,1,0,1,0,0,0,1,0,0,0,1 : 0.4734
0,0,0,1,1,0,0,1,0,1,0,0,0,1,1,0,0,0 : 0.4603
0,0,1,0,1,1,0,1,1,0,0,0,0,1,0,1,0,0 : 0.5293
1,0,0,0,0,0,1,1,0,1,0,0,0,1,1,0,0,0 : 6.5427
1,1,0,0,0,1,1,1,1,0,0,0,0,1,0,1,0,0 : 2.0769
1,0,0,1,0,1,1,1,0,0,0,1,0,1,0,0,0,1 : 19.9269
0,0,1,1,1,1,0,1,0,0,0,1,0,1,1,0,0,0 : 0.6247
1,1,0,1,1,1,0,1,1,0,0,0,0,1,0,0,0,1 : 2.0193
0,1,1,1,0,0,1,1,1,0,0,0,0,1,0,0,1,0 : 0.383
1,0,1,1,1,0,1,1,0,0,1,0,0,1,0,0,0,1 : 10.7623
1,0,1,1,0,0,0,1,1,0,0,0,0,1,0,1,0,0 : 2.0331
0,1,0,0,0,1,1,1,0,0,1,0,0,1,1,0,0,0 : 0.7548
1,0,0,0,0,0,0,1,1,0,0,0,0,1,0,0,0,1 : 2.0193
0,1,1,1,1,0,0,1,0,0,0,1,0,1,0,1,0,0 : 1.3138
0,1,1,1,1,0,0,1,0,0,0,0,1,1,0,0,0,1 : 2.1446
0,1,1,1,1,1,1,1,1,0,0,0,0,1,0,0,0,1 : 0.387
0,0,0,0,1,0,0,1,0,0,1,0,0,1,1,0,0,0 : 0.485
0,0,0,0,1,1,1,1,0,0,0,1,0,1,1,0,0,0 : 0.6444
0,1,0,0,0,1,1,1,0,0,0,1,0,1,0,0,1,0 : 1.2462
0,0,1,1,1,1,1,1,0,1,0,0,0,1,0,0,1,0 : 0.4742
0,0,1,0,0,1,1,1,0,0,0,0,1,1,0,0,0,1 : 0.9249
0,0,1,1,0,0,0,1,0,0,1,0,0,1,0,1,0,0 : 0.4971
1,0,0,0,1,1,1,1,0,0,1,0,0,1,0,0,0,1 : 10.7378
0,1,0,0,1,1,0,1,1,0,0,0,0,1,1,0,0,0 : 0.3675
1,0,1,0,1,0,1,1,0,1,0,0,0,1,1,0,0,0 : 6.5447
0,1,1,1,0,0,0,1,0,0,1,0,0,1,0,0,0,1 : 0.7507
0,0,0,0,1,0,1,1,0,0,0,0,1,1,1,0,0,0 : 0.9567
0,0,0,1,1,0,1,1,0,0,0,1,0,1,0,0,0,1 : 0.6391
1,1,1,0,0,1,1,1,0,0,1,0,0,1,1,0,0,0 : 10.9379
0,1,1,1,1,0,0,1,1,0,0,0,0,1,0,0,1,0 : 0.3634
1,0,0,0,0,1,0,1,1,0,0,0,0,1,1,0,0,0 : 2.0193
0,0,0,0,1,0,1,1,1,0,0,0,0,1,0,1,0,0 : 0.5268
0,0,1,1,0,0,0,1,1,0,0,0,0,1,0,0,1,0 : 0.5164
0,1,0,1,0,0,0,1,0,1,0,0,0,1,0,0,1,0 : 0.5056
0,0,0,0,1,1,0,1,0,1,0,0,0,1,1,0,0,0 : 0.4505
1,1,0,0,0,1,1,1,1,0,0,0,0,1,0,0,1,0 : 3.3196
1,0,1,1,1,1,0,1,0,0,0,1,0,1,1,0,0,0 : 19.9734
1,1,1,1,1,0,0,1,0,0,0,0,1,1,0,1,0,0 : 39.0409
0,0,0,0,1,0,1,1,0,1,0,0,0,1,0,0,0,1 : 0.4633
0,1,0,0,1,1,0,1,1,0,0,0,0,1,0,0,0,1 : 0.3658
0,1,0,0,1,1,1,1,1,0,0,0,0,1,1,0,0,0 : 0.3897
0,0,0,0,1,0,0,1,0,1,0,0,0,1,0,0,0,1 : 0.4329
0,0,1,0,1,0,0,1,0,0,0,0,1,1,0,1,0,0 : 0.9206
0,1,0,1,0,1,0,1,0,0,0,1,0,1,0,0,1,0 : 1.3238
0,1,0,1,1,0,0,1,0,1,0,0,0,1,0,1,0,0 : 0.524
0,1,1,0,1,1,1,1,0,1,0,0,0,1,0,0,1,0 : 0.5354
0,1,0,1,0,0,0,1,0,0,0,1,0,1,0,1,0,0 : 1.3238
1,1,0,1,0,0,0,1,1,0,0,0,0,1,0,1,0,0 : 2.0193
1,0,0,1,1,0,1,1,0,0,0,0,1,1,0,0,0,1 : 37.6487
0,0,0,1,0,0,0,1,0,1,0,0,0,1,0,1,0,0 : 0.4525
0,1,0,1,1,0,1,1,1,0,0,0,0,1,0,1,0,0 : 0.383
0,1,1,0,1,1,0,1,0,0,0,1,0,1,0,1,0,0 : 1.2462
1,1,1,0,1,0,0,1,0,0,0,1,0,1,1,0,0,0 : 21.293
0,0,0,1,1,1,0,1,0,0,0,0,1,1,0,0,1,0 : 0.9116
0,1,0,0,1,0,0,1,1,0,0,0,0,1,0,0,1,0 : 0.3634
1,1,1,0,1,0,0,1,0,0,1,0,0,1,1,0,0,0 : 10.9226
0,0,0,0,0,0,1,1,0,1,0,0,0,1,0,0,1,0 : 0.4638
0,0,0,0,0,1,0,1,0,0,1,0,0,1,0,1,0,0 : 0.5087
1,1,1,0,1,1,0,1,1,0,0,0,0,1,0,0,1,0 : 3.3196
1,1,0,1,0,1,1,1,0,1,0,0,0,1,0,1,0,0 : 5.8483
0,1,0,0,1,0,0,1,1,0,0,0,0,1,0,0,0,1 : 0.3664
0,0,1,0,1,1,0,1,0,1,0,0,0,1,0,0,0,1 : 0.4555
1,1,0,0,1,0,0,1,1,0,0,0,0,1,0,0,0,1 : 2.0193
0,0,0,1,1,1,0,1,1,0,0,0,0,1,0,0,1,0 : 0.5293
