0,1,0,0,1,0,0,1,1,0,0,0,0,1,1,0,0,0 : 0.3633
0,1,0,0,1,0,0,1,1,0,0,0,0,1,1,0,0,0 : 0.3633
0,1,1,1,1,0,0,1,1,0,0,0,0,1,0,0,1,0 : 0.3634
0,1,0,1,1,0,0,1,1,0,0,0,0,1,0,0,1,0 : 0.3634
0,1,0,1,1,0,0,1,1,0,0,0,0,1,0,0,1,0 : 0.3634
0,1,1,1,1,0,0,1,1,0,0,0,0,1,0,0,1,0 : 0.3634
0,1,1,1,1,0,0,1,1,0,0,0,0,1,0,0,1,0 : 0.3634
0,1,1,1,1,0,0,1,1,0,0,0,0,1,0,0,1,0 : 0.3634
0,1,0,1,1,0,0,1,1,0,0,0,0,1,0,0,1,0 : 0.3634
0,1,0,1,1,0,0,1,1,0,0,0,0,1,0,0,1,0 : 0.3634
0,1,1,1,1,0,0,1,1,0,0,0,0,1,0,0,1,0 : 0.3634
0,1,1,1,1,0,0,1,1,0,0,0,0,1,0,0,1,0 : 0.3634
0,1,0,0,0,0,0,1,1,0,0,0,0,1,1,0,0,0 : 0.3651
0,1,0,0,0,0,0,1,1,0,0,0,0,1,1,0,0,0 : 0.3651
0,1,0,0,0,0,0,1,1,0,0,0,0,1,1,0,0,0 : 0.3651
0,1,0,0,0,0,0,1,1,0,0,0,0,1,1,0,0,0 : 0.3651
0,1,0,1,1,1,0,1,1,0,0,0,0,1,1,0,0,0 : 0.3688
0,1,1,1,1,1,0,1,1,0,0,0,0,1,1,0,0,0 : 0.3688
0,1,0,1,1,1,0,1,1,0,0,0,0,1,1,0,0,0 : 0.3688
0,1,1,1,1,1,0,1,1,0,0,0,0,1,1,0,0,0 : 0.3688
0,1,0,1,1,1,0,1,1,0,0,0,0,1,1,0,0,0 : 0.3688
0,1,0,1,1,1,0,1,1,0,0,0,0,1,1,0,0,0 : 0.3688
0,1,1,1,1,1,0,1,1,0,0,0,0,1,1,0,0,0 : 0.3688
0,1,0,1,1,1,0,1,1,0,0,0,0,1,1,0,0,0 : 0.3688
0,1,1,1,1,1,0,1,1,0,0,0,0,1,1,0,0,0 : 0.3688
0,1,0,1,1,1,0,1,1,0,0,0,0,1,1,0,0,0 : 0.3688
0,1,0,1,1,0,1,1,1,0,0,0,0,1,1,0,0,0 : 0.3874
0,1,0,1,1,0,1,1,1,0,0,0,0,1,1,0,0,0 : 0.3874
0,1,0,1,1,0,1,1,1,0,0,0,0,1,1,0,0,0 : 0.3874
0,1,0,1,1,0,1,1,1,0,0,0,0,1,1,0,0,0 : 0.3874
0,1,0,1,1,1,1,1,1,0,0,0,0,1,1,0,0,0 : 0.3897
0,1,0,1,1,1,1,1,1,0,0,0,0,1,1,0,0,0 : 0.3897
0,0,1,1,0,1,0,1,0,1,0,0,0,1,0,0,0,1 : 0.4439
0,0,1,1,0,1,0,1,0,1,0,0,0,1,0,0,0,1 : 0.4439
0,0,1,1,0,1,0,1,0,1,0,0,0,1,0,0,0,1 : 0.4439
0,0,1,1,0,1,0,1,0,1,0,0,0,1,0,0,0,1 : 0.4439
0,0,1,1,0,1,0,1,0,1,0,0,0,1,0,0,0,1 : 0.4439
0,0,1,1,0,1,0,1,0,1,0,0,0,1,0,0,0,1 : 0.4439
0,0,1,1,0,1,0,1,0,1,0,0,0,1,0,0,0,1 : 0.4439
0,0,1,1,0,1,0,1,0,1,0,0,0,1,0,0,0,1 : 0.4439
0,0,1,0,1,0,0,1,0,1,0,0,0,1,0,0,1,0 : 0.4455
0,0,1,0,1,0,0,1,0,1,0,0,0,1,0,0,1,0 : 0.4455
0,0,0,0,1,0,0,1,0,1,0,0,0,1,1,0,0,0 : 0.4505
0,0,0,0,1,1,0,1,0,1,0,0,0,1,1,0,0,0 : 0.4505
0,0,0,0,1,1,0,1,0,1,0,0,0,1,1,0,0,0 : 0.4505
0,0,0,0,1,1,0,1,0,1,0,0,0,1,1,0,0,0 : 0.4505
0,0,0,0,1,1,0,1,0,1,0,0,0,1,1,0,0,0 : 0.4505
0,0,0,0,1,1,0,1,0,1,0,0,0,1,1,0,0,0 : 0.4505
0,0,0,0,1,0,0,1,0,1,0,0,0,1,1,0,0,0 : 0.4505
0,0,0,0,1,1,0,1,0,1,0,0,0,1,1,0,0,0 : 0.4505
0,0,0,0,1,1,0,1,0,1,0,0,0,1,1,0,0,0 : 0.4505
0,0,0,0,1,1,0,1,0,1,0,0,0,1,1,0,0,0 : 0.4505
0,0,0,0,1,1,0,1,0,1,0,0,0,1,1,0,0,0 : 0.4505
0,0,0,0,1,1,0,1,0,1,0,0,0,1,1,0,0,0 : 0.4505
0,0,0,1,1,1,0,1,0,1,0,0,0,1,0,1,0,0 : 0.4526
0,0,0,1,1,1,0,1,0,1,0,0,0,1,0,0,0,1 : 0.4526
0,0,0,1,0,1,0,1,0,1,0,0,0,1,0,1,0,0 : 0.4526
0,0,0,1,1,1,0,1,0,1,0,0,0,1,0,0,0,1 : 0.4526
0,0,0,1,1,1,0,1,0,1,0,0,0,1,0,1,0,0 : 0.4526
0,0,0,1,1,1,0,1,0,1,0,0,0,1,0,0,0,1 : 0.4526
0,0,0,1,0,1,0,1,0,1,0,0,0,1,0,1,0,0 : 0.4526
0,0,0,1,1,1,0,1,0,1,0,0,0,1,0,0,0,1 : 0.4526
0,0,0,0,0,1,1,1,0,1,0,0,0,1,0,0,0,1 : 0.4676
0,0,0,0,0,1,1,1,0,1,0,0,0,1,0,0,0,1 : 0.4676
0,0,0,0,0,1,1,1,0,1,0,0,0,1,0,0,0,1 : 0.4676
0,0,0,0,0,1,1,1,0,1,0,0,0,1,0,0,0,1 : 0.4676
0,0,0,0,0,1,1,1,0,1,0,0,0,1,0,0,0,1 : 0.4676
0,0,0,0,0,1,1,1,0,1,0,0,0,1,0,0,0,1 : 0.4676
0,0,0,0,0,1,1,1,0,1,0,0,0,1,0,0,0,1 : 0.4676
0,0,0,0,0,1,1,1,0,1,0,0,0,1,0,0,0,1 : 0.4676
0,0,0,1,0,0,0,1,0,0,1,0,0,1,1,0,0,0 : 0.4785
0,0,0,1,0,0,0,1,0,0,1,0,0,1,1,0,0,0 : 0.4785
0,0,0,1,0,0,0,1,0,0,1,0,0,1,1,0,0,0 : 0.4785
0,0,0,1,0,0,0,1,0,0,1,0,0,1,1,0,0,0 : 0.4785
0,0,1,1,1,0,0,1,0,0,1,0,0,1,0,1,0,0 : 0.4971
0,0,1,1,1,0,0,1,0,0,1,0,0,1,0,1,0,0 : 0.4971
0,0,1,1,1,0,0,1,0,0,1,0,0,1,0,1,0,0 : 0.4971
0,0,1,1,1,0,0,1,0,0,1,0,0,1,0,1,0,0 : 0.4971
0,1,0,1,0,0,0,1,0,1,0,0,0,1,0,1,0,0 : 0.515
0,1,0,1,0,1,1,1,0,1,0,0,0,1,0,0,0,1 : 0.515
0,1,0,1,0,0,0,1,0,1,0,0,0,1,0,1,0,0 : 0.515
0,1,0,1,0,1,1,1,0,1,0,0,0,1,0,0,0,1 : 0.515
0,1,0,1,0,0,0,1,0,1,0,0,0,1,0,1,0,0 : 0.515
0,1,0,1,0,1,1,1,0,1,0,0,0,1,0,0,0,1 : 0.515
0,1,0,1,0,0,0,1,0,1,0,0,0,1,0,1,0,0 : 0.515
0,1,0,1,0,1,1,1,0,1,0,0,0,1,0,0,0,1 : 0.515
0,0,1,1,0,0,1,1,0,0,1,0,0,1,0,0,0,1 : 0.5153
0,0,1,1,0,0,1,1,0,0,1,0,0,1,0,0,0,1 : 0.5153
0,0,1,1,0,0,1,1,0,0,1,0,0,1,0,0,0,1 : 0.5153
0,0,1,1,0,0,1,1,0,0,1,0,0,1,0,0,0,1 : 0.5153
0,0,1,1,0,0,1,1,0,0,1,0,0,1,0,0,0,1 : 0.5153
0,0,1,1,0,0,1,1,0,0,1,0,0,1,0,0,0,1 : 0.5153
0,1,0,0,1,1,0,1,0,1,0,0,0,1,1,0,0,0 : 0.5197
0,1,0,0,1,1,0,1,0,1,0,0,0,1,1,0,0,0 : 0.5197
0,0,0,0,0,1,1,1,0,0,1,0,0,1,0,0,0,1 : 0.5226
0,0,0,0,0,1,1,1,0,0,1,0,0,1,0,0,0,1 : 0.5226
0,1,0,1,1,1,0,1,0,1,0,0,0,1,1,0,0,0 : 0.524
0,1,0,1,1,1,0,1,0,1,0,0,0,1,1,0,0,0 : 0.524
0,1,0,1,1,1,1,1,0,1,0,0,0,1,0,0,1,0 : 0.5247
0,1,0,0,1,1,1,1,0,1,0,0,0,1,0,0,1,0 : 0.5247
