1,0,0,0,1,0,0,0,1,1,0 : 199.6833
1,0,0,0,1,0,0,0,1,1,0 : 199.6833
1,0,0,0,1,1,1,0,0,1,0 : 202.68
1,0,0,0,1,1,1,1,1,1,0 : 202.68
1,0,0,0,1,1,1,0,1,1,0 : 202.68
1,0,0,0,1,1,1,1,0,1,0 : 202.68
1,0,0,0,1,0,1,0,1,1,0 : 202.68
1,0,0,0,1,1,1,0,1,1,0 : 202.68
1,0,0,0,1,1,1,0,0,1,0 : 202.68
1,0,0,0,1,1,1,1,1,1,0 : 202.68
1,0,0,0,1,1,1,1,0,1,0 : 202.68
1,0,0,0,1,1,1,0,1,1,0 : 202.68
1,0,0,0,1,0,1,1,1,1,0 : 202.68
1,0,0,0,1,1,1,0,0,1,0 : 202.68
1,0,0,0,1,1,1,1,1,1,0 : 202.68
1,0,0,0,1,1,1,0,1,1,0 : 202.68
1,0,0,0,1,1,1,1,0,1,0 : 202.68
1,0,0,0,1,0,1,0,1,1,0 : 202.68
1,0,0,0,1,1,1,0,1,1,0 : 202.68
1,0,0,0,1,1,1,0,0,1,0 : 202.68
1,0,0,0,1,1,1,1,1,1,0 : 202.68
1,0,0,0,1,1,1,1,0,1,0 : 202.68
1,0,0,0,1,1,1,0,1,1,0 : 202.68
1,0,0,0,1,0,1,1,1,1,0 : 202.68
1,0,0,0,1,1,0,0,0,0,0 : 203.9333
1,0,0,0,1,1,0,0,1,0,0 : 203.9333
1,0,0,0,1,1,0,0,0,0,0 : 203.9333
1,0,0,0,1,1,0,0,0,0,0 : 203.9333
1,0,0,0,1,1,0,0,1,0,0 : 203.9333
1,0,0,0,1,1,0,0,0,0,0 : 203.9333
1,0,0,0,1,1,0,0,1,0,0 : 203.9333
1,0,0,0,1,1,0,0,0,0,0 : 203.9333
1,0,0,0,1,1,0,0,0,0,0 : 203.9333
1,0,0,0,1,1,0,0,1,0,0 : 203.9333
1,0,0,0,0,0,1,1,1,0,0 : 204.1766
1,0,0,0,0,0,1,1,1,0,0 : 204.1766
1,0,0,0,0,0,1,1,1,0,0 : 204.1766
1,0,0,0,0,0,1,1,1,0,0 : 204.1766
1,0,0,0,0,1,1,1,0,0,0 : 205.3633
1,0,0,0,0,1,1,0,0,0,0 : 205.3633
1,0,0,0,0,1,1,1,0,0,0 : 205.3633
1,0,0,0,0,1,1,0,0,0,0 : 205.3633
1,0,0,0,1,0,1,1,1,0,0 : 205.7066
1,0,0,0,1,0,1,1,1,0,0 : 205.7066
1,0,0,0,1,0,1,1,1,0,0 : 205.7066
1,0,0,0,1,0,1,1,1,0,0 : 205.7066
1,0,0,0,1,1,1,0,0,0,0 : 207.2333
1,0,0,0,1,1,1,0,0,0,0 : 207.2333
1,0,0,0,1,1,1,0,0,0,0 : 207.2333
1,0,0,0,1,1,1,0,0,0,0 : 207.2333
1,0,0,1,0,0,0,1,1,1,0 : 210.2366
1,0,0,1,0,0,0,1,1,1,0 : 210.2366
1,0,0,1,0,0,0,1,1,1,0 : 210.2366
1,0,0,1,0,0,0,1,1,1,0 : 210.2366
1,0,0,1,0,0,0,1,1,1,0 : 210.2366
1,0,0,1,0,0,0,1,1,1,0 : 210.2366
1,0,0,1,0,1,0,0,1,0,0 : 210.5066
1,0,0,1,0,1,0,0,1,1,0 : 210.5066
1,0,0,1,0,1,0,0,1,0,0 : 210.5066
1,0,0,1,0,1,0,0,1,0,0 : 210.5066
1,0,0,1,0,1,0,0,1,1,0 : 210.5066
1,0,0,1,0,1,0,0,1,0,0 : 210.5066
1,0,0,1,0,1,0,1,0,0,0 : 212.0533
1,0,0,1,0,1,0,1,0,0,0 : 212.0533
1,0,0,1,0,1,0,1,0,0,0 : 212.0533
1,0,0,1,0,1,0,1,0,0,0 : 212.0533
1,0,0,0,0,0,1,0,0,1,1 : 214.37
1,0,0,0,0,0,1,0,0,1,1 : 214.37
1,0,0,0,0,0,1,0,0,1,1 : 214.37
1,0,0,0,0,0,1,0,0,1,1 : 214.37
1,0,0,1,1,1,1,1,1,0,0 : 214.48
1,0,0,1,1,1,1,1,1,0,0 : 214.48
1,0,0,1,1,1,1,1,1,0,0 : 214.48
1,0,0,1,1,1,1,1,1,0,0 : 214.48
1,0,0,0,0,0,1,1,0,1,1 : 214.6533
1,0,0,0,0,0,0,1,0,1,1 : 214.6533
1,0,0,0,0,0,1,1,0,1,1 : 214.6533
1,0,0,0,0,0,0,1,0,1,1 : 214.6533
1,0,0,0,1,1,1,1,0,1,1 : 215.1833
1,0,0,0,1,1,1,1,0,1,1 : 215.1833
1,0,0,1,1,1,1,0,1,0,0 : 215.3666
1,0,0,1,1,1,1,0,1,0,0 : 215.3666
1,0,0,1,1,1,1,0,1,0,0 : 215.3666
1,0,0,1,1,1,1,0,1,0,0 : 215.3666
1,0,0,1,1,1,1,0,1,0,0 : 215.3666
1,0,0,1,1,1,1,0,1,0,0 : 215.3666
1,0,0,1,1,1,1,0,1,0,0 : 215.3666
1,0,0,1,1,1,1,0,1,0,0 : 215.3666
1,0,0,0,0,0,1,1,1,1,1 : 215.6066
1,0,0,0,0,0,1,1,1,1,1 : 215.6066
1,0,0,0,0,0,1,1,1,1,1 : 215.6066
1,0,0,0,0,0,1,1,1,1,1 : 215.6066
1,0,0,1,1,0,0,1,1,1,0 : 216.9133
1,0,0,1,1,0,0,1,1,1,0 : 216.9133
1,0,0,1,1,0,0,1,1,1,0 : 216.9133
1,0,0,1,1,0,0,1,1,1,0 : 216.9133
1,0,0,1,1,0,0,1,1,1,0 : 216.9133
1,0,0,1,1,0,0,1,1,1,0 : 216.9133
1,0,0,0,1,0,1,1,1,1,1 : 218.02
1,0,0,0,1,0,1,1,1,1,1 : 218.02
