0,1,1,1,0,0,0,1,1,0,0,0,0,1,1,0,0,0 : 0.3537
0,1,1,1,0,0,0,1,1,0,0,0,0,1,1,0,0,0 : 0.3537
0,1,1,1,0,0,0,1,1,0,0,0,0,1,0,0,1,0 : 0.3563
0,1,1,1,0,0,0,1,1,0,0,0,0,1,0,0,1,0 : 0.3563
0,1,1,1,0,0,0,1,1,0,0,0,0,1,0,0,1,0 : 0.3563
0,1,1,1,0,0,0,1,1,0,0,0,0,1,0,0,1,0 : 0.3563
0,1,1,1,0,0,0,1,1,0,0,0,0,1,0,0,1,0 : 0.3563
0,1,1,1,0,0,0,1,1,0,0,0,0,1,0,0,1,0 : 0.3563
0,1,1,1,0,0,0,1,1,0,0,0,0,1,0,0,1,0 : 0.3563
0,1,1,1,0,0,0,1,1,0,0,0,0,1,0,0,1,0 : 0.3563
0,1,1,1,0,0,0,1,1,0,0,0,0,1,0,0,1,0 : 0.3563
0,1,1,1,0,0,0,1,1,0,0,0,0,1,0,0,1,0 : 0.3563
0,1,1,1,0,0,0,1,1,0,0,0,0,1,0,0,1,0 : 0.3563
0,1,1,1,0,0,0,1,1,0,0,0,0,1,0,0,1,0 : 0.3563
0,1,0,1,0,1,0,1,1,0,0,0,0,1,1,0,0,0 : 0.3605
0,1,0,1,0,1,0,1,1,0,0,0,0,1,1,0,0,0 : 0.3605
0,1,1,0,0,0,0,1,1,0,0,0,0,1,1,0,0,0 : 0.3606
0,1,1,0,0,0,0,1,1,0,0,0,0,1,1,0,0,0 : 0.3606
0,1,1,0,0,0,0,1,1,0,0,0,0,1,1,0,0,0 : 0.3606
0,1,1,0,0,0,0,1,1,0,0,0,0,1,1,0,0,0 : 0.3606
0,1,1,0,0,0,0,1,1,0,0,0,0,1,1,0,0,0 : 0.3606
0,1,1,0,0,0,0,1,1,0,0,0,0,1,1,0,0,0 : 0.3606
0,1,1,0,0,0,0,1,1,0,0,0,0,1,1,0,0,0 : 0.3606
0,1,1,0,0,0,0,1,1,0,0,0,0,1,1,0,0,0 : 0.3606
0,1,1,0,0,0,0,1,1,0,0,0,0,1,1,0,0,0 : 0.3606
0,1,1,0,0,0,0,1,1,0,0,0,0,1,1,0,0,0 : 0.3606
0,1,1,0,0,0,0,1,1,0,0,0,0,1,1,0,0,0 : 0.3606
0,1,1,0,0,0,0,1,1,0,0,0,0,1,1,0,0,0 : 0.3606
0,1,1,0,1,0,0,1,1,0,0,0,0,1,1,0,0,0 : 0.3619
0,1,1,0,1,0,0,1,1,0,0,0,0,1,1,0,0,0 : 0.3619
0,1,0,1,1,0,0,1,1,0,0,0,0,1,1,0,0,0 : 0.3633
0,1,0,1,1,0,0,1,1,0,0,0,0,1,1,0,0,0 : 0.3633
0,1,1,0,1,0,0,1,1,0,0,0,0,1,0,0,1,0 : 0.3634
0,1,1,0,1,0,0,1,1,0,0,0,0,1,0,0,1,0 : 0.3634
0,1,0,1,0,0,0,1,1,0,0,0,0,1,0,1,0,0 : 0.3671
0,1,0,1,0,0,0,1,1,0,0,0,0,1,0,1,0,0 : 0.3671
0,1,0,1,1,1,0,1,1,0,0,0,0,1,1,0,0,0 : 0.3688
0,1,0,1,1,1,0,1,1,0,0,0,0,1,1,0,0,0 : 0.3688
0,1,0,1,1,1,0,1,1,0,0,0,0,1,1,0,0,0 : 0.3688
0,1,0,1,1,1,0,1,1,0,0,0,0,1,1,0,0,0 : 0.3688
0,1,0,1,1,1,0,1,1,0,0,0,0,1,1,0,0,0 : 0.3688
0,1,0,1,1,1,0,1,1,0,0,0,0,1,1,0,0,0 : 0.3688
0,1,0,1,1,1,0,1,1,0,0,0,0,1,1,0,0,0 : 0.3688
0,1,0,1,1,1,0,1,1,0,0,0,0,1,1,0,0,0 : 0.3688
0,1,0,1,1,1,0,1,1,0,0,0,0,1,1,0,0,0 : 0.3688
0,1,0,1,1,1,0,1,1,0,0,0,0,1,1,0,0,0 : 0.3688
0,1,0,1,1,1,0,1,1,0,0,0,0,1,1,0,0,0 : 0.3688
0,1,0,1,1,1,0,1,1,0,0,0,0,1,1,0,0,0 : 0.3688
0,1,0,1,1,1,0,1,1,0,0,0,0,1,1,0,0,0 : 0.3688
0,1,0,1,1,1,0,1,1,0,0,0,0,1,1,0,0,0 : 0.3688
0,1,0,1,1,1,0,1,1,0,0,0,0,1,1,0,0,0 : 0.3688
0,1,0,1,1,1,0,1,1,0,0,0,0,1,1,0,0,0 : 0.3688
0,1,0,1,1,1,0,1,1,0,0,0,0,1,1,0,0,0 : 0.3688
0,1,0,1,1,1,0,1,1,0,0,0,0,1,1,0,0,0 : 0.3688
0,1,0,1,1,1,0,1,1,0,0,0,0,1,1,0,0,0 : 0.3688
0,1,0,1,1,1,0,1,1,0,0,0,0,1,1,0,0,0 : 0.3688
0,1,0,1,1,1,0,1,1,0,0,0,0,1,1,0,0,0 : 0.3688
0,1,0,1,1,1,0,1,1,0,0,0,0,1,1,0,0,0 : 0.3688
0,1,1,1,1,0,1,1,1,0,0,0,0,1,0,1,0,0 : 0.383
0,1,1,1,1,0,1,1,1,0,0,0,0,1,0,1,0,0 : 0.383
0,1,1,1,1,0,1,1,1,0,0,0,0,1,0,1,0,0 : 0.383
0,1,1,1,1,0,1,1,1,0,0,0,0,1,0,1,0,0 : 0.383
0,1,1,1,1,0,1,1,1,0,0,0,0,1,0,1,0,0 : 0.383
0,1,1,1,1,0,1,1,1,0,0,0,0,1,0,1,0,0 : 0.383
0,1,1,1,1,0,1,1,1,0,0,0,0,1,0,1,0,0 : 0.383
0,1,1,1,1,0,1,1,1,0,0,0,0,1,0,1,0,0 : 0.383
0,1,1,1,1,0,1,1,1,0,0,0,0,1,0,1,0,0 : 0.383
0,1,1,1,1,0,1,1,1,0,0,0,0,1,0,1,0,0 : 0.383
0,1,1,1,1,0,1,1,1,0,0,0,0,1,0,1,0,0 : 0.383
0,1,1,1,1,0,1,1,1,0,0,0,0,1,0,1,0,0 : 0.383
0,1,1,1,1,0,1,1,1,0,0,0,0,1,0,1,0,0 : 0.383
0,1,1,1,1,0,1,1,1,0,0,0,0,1,0,1,0,0 : 0.383
0,1,1,0,1,0,1,1,1,0,0,0,0,1,0,1,0,0 : 0.3861
0,1,1,0,1,0,1,1,1,0,0,0,0,1,0,1,0,0 : 0.3861
0,1,1,1,1,1,1,1,1,0,0,0,0,1,0,1,0,0 : 0.387
0,1,1,1,1,1,1,1,1,0,0,0,0,1,0,1,0,0 : 0.387
0,1,1,1,1,1,1,1,1,0,0,0,0,1,0,1,0,0 : 0.387
0,1,1,1,1,1,1,1,1,0,0,0,0,1,0,1,0,0 : 0.387
0,1,1,1,1,1,1,1,1,0,0,0,0,1,0,1,0,0 : 0.387
0,1,1,1,1,1,1,1,1,0,0,0,0,1,0,1,0,0 : 0.387
0,1,0,0,0,1,1,1,1,0,0,0,0,1,0,1,0,0 : 0.3917
0,1,0,0,0,1,1,1,1,0,0,0,0,1,0,1,0,0 : 0.3917
0,1,0,0,0,1,1,1,1,0,0,0,0,1,0,1,0,0 : 0.3917
0,1,0,0,0,1,1,1,1,0,0,0,0,1,0,1,0,0 : 0.3917
0,0,1,1,1,1,0,1,0,1,0,0,0,1,0,0,0,1 : 0.4449
0,0,1,1,1,1,0,1,0,1,0,0,0,1,0,0,0,1 : 0.4449
0,0,1,1,1,1,0,1,0,1,0,0,0,1,0,0,0,1 : 0.4449
0,0,1,1,1,1,0,1,0,1,0,0,0,1,0,0,0,1 : 0.4449
0,0,1,0,1,0,0,1,0,1,0,0,0,1,0,0,1,0 : 0.4455
0,0,0,0,0,0,0,1,0,1,0,0,0,1,0,0,1,0 : 0.4455
0,0,1,0,1,0,0,1,0,1,0,0,0,1,0,0,1,0 : 0.4455
0,0,1,0,1,0,0,1,0,1,0,0,0,1,0,0,1,0 : 0.4455
0,0,0,0,1,0,0,1,0,1,0,0,0,1,0,0,1,0 : 0.4455
0,0,1,0,1,0,0,1,0,1,0,0,0,1,0,0,1,0 : 0.4455
0,0,1,0,1,0,0,1,0,1,0,0,0,1,0,0,1,0 : 0.4455
0,0,0,0,1,0,0,1,0,1,0,0,0,1,0,0,1,0 : 0.4455
0,0,0,0,0,0,0,1,0,1,0,0,0,1,0,0,1,0 : 0.4455
0,0,1,0,1,0,0,1,0,1,0,0,0,1,0,0,1,0 : 0.4455
0,0,1,0,1,0,0,1,0,1,0,0,0,1,0,0,1,0 : 0.4455
0,0,1,0,1,0,0,1,0,1,0,0,0,1,0,0,1,0 : 0.4455
