1,1,0,0,0,0,1,1,1,0,1,0,1,1,0,0 : 256.32
1,1,0,0,0,0,0,1,1,0,1,0,1,1,0,0 : 256.32
1,1,0,0,0,0,1,1,1,0,1,0,1,1,0,0 : 256.32
1,1,0,0,0,0,0,1,1,0,1,0,1,1,0,0 : 256.32
1,1,0,1,0,0,0,0,1,0,0,1,1,1,0,0 : 257.407
1,1,0,1,0,0,0,0,1,0,0,1,1,1,0,0 : 257.407
1,1,0,1,0,0,0,0,1,0,0,1,1,1,0,0 : 257.407
1,1,0,1,0,0,0,0,1,0,0,1,1,1,0,0 : 257.407
1,1,0,0,0,0,0,1,1,0,0,1,1,1,0,0 : 257.927
1,1,0,0,0,0,0,0,1,0,0,1,1,1,0,0 : 257.927
1,1,0,0,0,0,0,1,1,0,0,1,1,1,0,0 : 257.927
1,1,0,0,0,0,0,0,1,0,0,1,1,1,0,0 : 257.927
1,0,1,0,0,0,0,0,1,1,0,0,1,1,0,0 : 260.38
1,0,1,0,0,0,0,0,1,1,0,0,1,1,0,0 : 260.38
1,0,1,1,0,0,0,1,1,0,1,0,1,1,0,0 : 262.233
1,0,1,1,0,0,0,1,1,0,1,0,1,1,0,0 : 262.233
1,1,0,0,1,0,1,1,1,0,0,1,1,1,0,0 : 263.207
1,1,0,0,1,0,1,1,1,0,0,1,1,1,0,0 : 263.207
1,0,1,1,0,0,1,1,1,0,0,1,1,1,0,0 : 263.363
1,0,1,1,0,0,1,1,1,0,0,1,1,1,0,0 : 263.363
1,0,1,1,1,0,1,1,1,1,0,0,1,1,0,0 : 266.67
1,0,1,1,1,0,1,1,1,1,0,0,1,1,0,0 : 266.67
1,1,1,0,0,1,1,0,1,0,1,0,1,1,0,0 : 275.923
1,1,1,0,0,1,1,0,1,0,1,0,1,1,0,0 : 275.923
1,0,0,0,1,0,0,0,1,1,0,0,1,1,0,0 : 276.103
1,0,0,0,1,0,0,1,1,0,0,1,1,1,0,0 : 276.103
1,0,0,0,1,0,0,0,1,1,0,0,1,1,0,0 : 276.103
1,0,0,0,1,0,0,1,1,0,0,1,1,1,0,0 : 276.103
1,0,0,0,1,0,1,1,1,1,0,0,1,1,0,0 : 279.097
1,0,0,0,1,0,1,1,1,1,0,0,1,1,0,0 : 279.097
1,1,0,1,0,1,1,0,1,0,0,1,1,1,0,0 : 286.353
1,1,0,1,0,1,1,0,1,0,0,1,1,1,0,0 : 286.353
1,1,0,0,1,1,0,0,1,0,1,0,1,1,0,0 : 291.577
1,1,0,0,1,1,0,0,1,0,1,0,1,1,0,0 : 291.577
1,1,0,0,1,1,0,0,1,0,0,1,1,1,0,0 : 291.62
1,1,0,0,1,1,0,0,1,0,0,1,1,1,0,0 : 291.62
1,0,1,1,1,1,1,1,1,1,0,0,1,1,0,0 : 295.257
1,0,1,1,1,1,1,1,1,1,0,0,1,1,0,0 : 295.257
1,0,1,0,1,1,0,1,1,1,0,0,1,1,0,0 : 299.85
1,0,1,1,0,1,0,1,1,0,0,1,1,1,0,0 : 299.85
1,0,1,0,1,1,0,1,1,1,0,0,1,1,0,0 : 299.85
1,0,1,1,0,1,0,1,1,0,0,1,1,1,0,0 : 299.85
1,0,1,1,0,1,0,0,1,0,0,1,1,1,0,0 : 299.867
1,0,1,1,0,1,0,0,1,0,0,1,1,1,0,0 : 299.867
1,0,0,1,0,1,1,1,1,0,1,0,1,1,0,0 : 310.283
1,0,0,1,0,1,1,1,1,0,1,0,1,1,0,0 : 310.283
1,0,0,0,1,1,0,0,1,0,0,1,1,1,0,0 : 310.687
1,0,0,0,0,1,0,0,1,0,0,1,1,1,0,0 : 310.687
1,0,0,0,1,1,0,0,1,0,0,1,1,1,0,0 : 310.687
1,0,0,0,0,1,0,0,1,0,0,1,1,1,0,0 : 310.687
1,1,0,1,0,0,1,1,1,0,1,0,1,0,1,0 : 368.63
1,1,0,1,0,0,1,1,1,0,1,0,1,0,1,0 : 368.63
1,0,1,1,0,0,1,1,1,0,1,0,1,0,1,0 : 382.01
1,0,1,1,0,0,1,1,1,0,1,0,1,0,1,0 : 382.01
1,1,1,0,0,1,1,1,1,1,0,0,1,0,1,0 : 407.757
1,1,1,0,0,1,1,1,1,1,0,0,1,0,1,0 : 407.757
1,1,1,0,1,0,1,1,1,0,0,1,1,0,1,0 : 433.913
1,1,1,0,1,0,1,1,1,0,0,1,1,0,1,0 : 433.913
1,1,1,0,0,0,0,1,1,0,0,1,1,0,1,0 : 439.02
1,1,1,1,0,0,0,1,1,0,0,1,1,0,1,0 : 439.02
1,1,1,0,0,0,0,1,1,0,0,1,1,0,1,0 : 439.02
1,1,1,1,0,0,0,1,1,0,0,1,1,0,1,0 : 439.02
1,0,0,1,1,1,1,1,1,0,0,1,1,0,1,0 : 445.667
1,0,0,1,1,1,1,1,1,0,0,1,1,0,1,0 : 445.667
1,1,1,0,1,1,1,0,1,1,0,0,1,0,1,0 : 456.363
1,1,0,0,1,1,1,1,1,1,0,0,1,0,1,0 : 456.363
1,1,1,0,1,0,1,1,1,0,1,0,1,0,1,0 : 456.363
1,1,1,1,1,1,1,0,1,1,0,0,1,0,1,0 : 456.363
1,1,1,0,1,1,1,0,1,1,0,0,1,0,1,0 : 456.363
1,1,0,0,1,1,1,1,1,1,0,0,1,0,1,0 : 456.363
1,1,1,0,1,0,1,1,1,0,1,0,1,0,1,0 : 456.363
1,1,1,1,1,1,1,0,1,1,0,0,1,0,1,0 : 456.363
1,0,1,0,0,1,1,0,1,0,1,0,1,0,0,1 : 490.473
1,1,1,1,0,1,1,0,1,0,1,0,1,0,0,1 : 490.473
1,0,1,0,0,1,1,0,1,0,1,0,1,0,0,1 : 490.473
1,1,1,1,0,1,1,0,1,0,1,0,1,0,0,1 : 490.473
1,1,0,0,1,0,0,1,1,0,1,0,1,0,1,0 : 493.893
1,1,0,1,1,0,0,1,1,0,1,0,1,0,1,0 : 493.893
1,1,0,1,1,0,0,1,1,0,1,0,1,0,1,0 : 493.893
1,1,0,0,1,0,0,1,1,0,1,0,1,0,1,0 : 493.893
1,1,0,1,1,0,0,1,1,0,1,0,1,0,1,0 : 493.893
1,1,0,1,1,0,0,1,1,0,1,0,1,0,1,0 : 493.893
1,0,1,0,1,0,0,0,1,0,1,0,1,0,1,0 : 508.983
1,0,1,0,1,0,0,0,1,0,1,0,1,0,1,0 : 508.983
1,1,0,1,0,0,1,1,1,0,1,0,1,0,0,1 : 510.857
1,0,0,0,0,1,1,1,1,0,1,0,1,0,0,1 : 510.857
1,1,0,1,0,0,1,1,1,0,1,0,1,0,0,1 : 510.857
1,0,0,0,0,1,1,1,1,0,1,0,1,0,0,1 : 510.857
1,0,1,1,0,1,0,1,1,0,1,0,1,0,1,0 : 536.8769
1,0,1,1,0,1,0,1,1,0,1,0,1,0,1,0 : 536.8769
1,1,1,1,0,1,0,1,1,1,0,0,1,0,1,0 : 536.95
1,1,1,1,0,1,0,1,1,1,0,0,1,0,1,0 : 536.95
1,1,1,1,0,1,1,0,1,0,0,1,1,0,0,1 : 555.633
1,0,1,0,0,0,1,0,1,0,0,1,1,0,0,1 : 555.633
1,1,1,1,0,1,1,0,1,0,0,1,1,0,0,1 : 555.633
1,0,1,0,0,0,1,0,1,0,0,1,1,0,0,1 : 555.633
1,1,1,0,0,1,1,1,1,0,0,1,1,0,0,1 : 576.247
1,1,1,0,0,1,1,1,1,0,0,1,1,0,0,1 : 576.247
1,0,1,0,0,0,0,1,1,1,0,0,1,0,0,1 : 604.8869
1,0,0,0,0,0,0,1,1,0,0,1,1,0,0,1 : 604.8869
