1,0,0,0,1,0,0,1,1,1,0 : 199.6833
1,0,0,0,1,0,0,1,1,1,0 : 199.6833
1,0,0,0,1,0,0,1,0,0,0 : 199.9533
1,0,0,0,1,0,0,1,0,0,0 : 199.9533
1,0,0,0,1,0,0,1,0,0,0 : 199.9533
1,0,0,0,1,0,0,1,0,0,0 : 199.9533
1,0,0,0,1,0,0,1,0,0,0 : 199.9533
1,0,0,0,1,0,0,1,0,0,0 : 199.9533
1,0,0,0,1,0,0,1,0,0,0 : 199.9533
1,0,0,0,1,0,0,1,0,0,0 : 199.9533
1,0,0,0,0,1,0,0,1,1,0 : 200.38
1,0,0,0,0,1,0,0,1,1,0 : 200.38
1,0,0,0,0,1,0,0,1,1,0 : 200.38
1,0,0,0,1,1,0,0,0,1,0 : 200.38
1,0,0,0,0,1,0,0,1,1,0 : 200.38
1,0,0,0,0,1,0,0,1,1,0 : 200.38
1,0,0,0,0,1,0,0,1,1,0 : 200.38
1,0,0,0,1,1,0,0,0,1,0 : 200.38
1,0,0,0,1,1,0,1,1,1,0 : 201.9733
1,0,0,0,1,1,0,1,1,1,0 : 201.9733
1,0,0,0,1,1,0,1,0,1,0 : 201.9733
1,0,0,0,1,1,0,1,1,1,0 : 201.9733
1,0,0,0,1,1,0,1,1,1,0 : 201.9733
1,0,0,0,1,1,0,1,0,1,0 : 201.9733
1,0,0,0,1,1,1,1,0,1,0 : 202.68
1,0,0,0,1,0,1,1,1,1,0 : 202.68
1,0,0,0,1,1,1,1,0,1,0 : 202.68
1,0,0,0,1,0,1,1,1,1,0 : 202.68
1,0,0,0,1,0,1,0,0,1,0 : 202.68
1,0,0,0,1,0,1,1,1,1,0 : 202.68
1,0,0,0,1,1,1,1,0,1,0 : 202.68
1,0,0,0,1,0,1,1,1,1,0 : 202.68
1,0,0,0,1,1,1,1,0,1,0 : 202.68
1,0,0,0,1,0,1,1,1,1,0 : 202.68
1,0,0,0,1,0,1,0,0,1,0 : 202.68
1,0,0,0,1,0,1,1,1,1,0 : 202.68
1,0,0,0,1,1,0,0,0,0,0 : 203.9333
1,0,0,0,1,1,0,0,0,0,0 : 203.9333
1,0,0,0,0,1,0,0,0,0,0 : 203.9333
1,0,0,0,0,1,0,0,0,0,0 : 203.9333
1,0,0,0,1,1,0,0,0,0,0 : 203.9333
1,0,0,0,1,1,0,0,0,0,0 : 203.9333
1,0,0,0,0,1,0,0,0,0,0 : 203.9333
1,0,0,0,0,1,0,0,0,0,0 : 203.9333
1,0,0,0,1,1,1,1,0,0,0 : 207.2333
1,0,0,0,1,1,1,0,0,0,0 : 207.2333
1,0,0,0,1,1,1,0,0,0,0 : 207.2333
1,0,0,0,1,1,1,0,0,0,0 : 207.2333
1,0,0,0,1,1,1,0,0,0,0 : 207.2333
1,0,0,0,1,1,1,1,0,0,0 : 207.2333
1,0,0,0,1,1,1,0,0,0,0 : 207.2333
1,0,0,0,1,1,1,0,0,0,0 : 207.2333
1,0,0,0,1,1,1,0,0,0,0 : 207.2333
1,0,0,0,1,1,1,0,0,0,0 : 207.2333
1,0,0,1,0,0,0,1,0,1,0 : 207.7466
1,0,0,1,0,0,0,1,0,1,0 : 207.7466
1,0,0,1,1,0,0,1,0,1,0 : 209.84
1,0,0,1,1,0,0,1,0,1,0 : 209.84
1,0,0,1,1,0,0,1,0,1,0 : 209.84
1,0,0,1,1,0,0,1,0,1,0 : 209.84
1,0,0,1,1,0,0,1,0,1,0 : 209.84
1,0,0,1,1,0,0,1,0,1,0 : 209.84
1,0,0,1,1,0,0,1,0,1,0 : 209.84
1,0,0,1,1,0,0,1,0,1,0 : 209.84
1,0,0,1,1,0,0,1,0,1,0 : 209.84
1,0,0,1,1,0,0,1,0,1,0 : 209.84
1,0,0,1,1,1,0,0,1,0,0 : 210.5066
1,0,0,1,0,1,0,0,1,0,0 : 210.5066
1,0,0,1,0,1,0,0,1,0,0 : 210.5066
1,0,0,1,1,1,0,0,0,0,0 : 210.5066
1,0,0,1,0,1,0,0,1,0,0 : 210.5066
1,0,0,1,1,1,0,0,1,0,0 : 210.5066
1,0,0,1,0,1,0,0,1,0,0 : 210.5066
1,0,0,1,0,1,0,0,1,0,0 : 210.5066
1,0,0,1,1,1,0,0,0,0,0 : 210.5066
1,0,0,1,0,1,0,0,1,0,0 : 210.5066
1,0,0,0,1,1,0,1,1,0,1 : 213.9966
1,0,0,0,1,1,0,1,1,0,1 : 213.9966
1,0,0,0,1,1,0,1,1,0,1 : 213.9966
1,0,0,0,1,1,0,1,1,0,1 : 213.9966
1,0,0,0,1,1,0,1,1,0,1 : 213.9966
1,0,0,0,1,1,0,1,1,0,1 : 213.9966
1,0,0,0,1,1,0,1,1,0,1 : 213.9966
1,0,0,0,1,1,0,1,1,0,1 : 213.9966
1,0,0,0,0,0,1,1,0,1,1 : 214.6533
1,0,0,0,0,0,1,1,0,1,1 : 214.6533
1,0,0,0,0,0,1,1,0,1,1 : 214.6533
1,0,0,0,0,0,1,1,0,1,1 : 214.6533
1,0,0,0,0,0,0,1,0,1,1 : 214.6533
1,0,0,0,0,0,1,1,0,1,1 : 214.6533
1,0,0,0,0,0,1,1,0,1,1 : 214.6533
1,0,0,0,0,0,1,1,0,1,1 : 214.6533
1,0,0,0,0,0,1,1,0,1,1 : 214.6533
1,0,0,0,0,0,0,1,0,1,1 : 214.6533
1,0,0,0,1,0,1,0,0,1,1 : 214.8866
1,0,0,0,1,0,1,0,0,1,1 : 214.8866
1,0,0,0,1,0,1,0,0,1,1 : 214.8866
1,0,0,0,1,0,1,0,0,1,1 : 214.8866
1,0,0,0,1,0,1,0,0,1,1 : 214.8866
1,0,0,0,1,0,1,0,0,1,1 : 214.8866
