1,0,1,0,0,0,1,1,1,0,0 : 217.2866
1,0,0,0,0,0,1,0,0,1,0 : 200.66
1,0,1,0,0,0,0,1,1,0,0 : 217.2866
1,0,0,0,0,0,0,0,1,1,0 : 199.6833
1,1,0,0,0,0,0,0,0,0,0 : 219.1533
1,0,0,0,0,0,1,1,0,1,0 : 200.66
1,0,0,0,1,1,0,0,1,1,0 : 200.38
1,0,0,0,0,0,0,0,1,0,0 : 201.1533
1,0,0,0,0,1,0,0,0,1,0 : 200.38
1,0,0,0,1,1,1,0,0,1,0 : 202.68
1,1,1,1,1,1,1,1,0,1,1 : 252.6833
1,0,0,0,0,1,0,0,1,0,0 : 203.9333
1,0,1,1,1,0,0,0,0,0,0 : 226.13
1,0,1,0,1,0,1,0,1,1,0 : 219.3966
1,1,0,0,0,0,0,0,1,0,0 : 219.1533
1,0,0,0,1,0,0,1,0,0,0 : 199.9533
1,0,0,0,0,1,0,0,0,1,0 : 200.38
1,0,0,0,1,0,0,0,0,0,0 : 201.5466
1,0,0,0,0,0,0,0,0,1,0 : 199.6833
1,0,0,0,0,0,0,0,1,1,0 : 199.6833
1,0,0,0,1,0,0,0,0,1,0 : 199.6833
1,0,0,0,1,0,0,1,0,1,0 : 199.6833
1,0,0,0,0,0,0,1,1,1,0 : 199.6833
1,0,0,0,1,0,0,1,0,1,0 : 199.6833
1,0,0,0,0,0,0,0,0,0,0 : 201.1533
1,0,0,0,0,0,0,0,1,1,0 : 199.6833
1,0,0,0,0,1,0,0,1,0,0 : 203.9333
1,0,0,0,0,0,0,1,0,1,0 : 199.6833
1,0,1,1,1,0,0,1,1,1,0 : 227.0133
1,0,0,0,0,1,0,0,0,1,0 : 200.38
1,0,0,0,1,0,1,1,0,1,0 : 202.68
1,0,0,0,0,0,0,0,0,1,0 : 199.6833
1,0,0,0,1,0,0,1,1,1,0 : 199.6833
1,0,0,0,1,0,0,0,1,0,0 : 201.5466
1,0,0,0,0,1,0,0,1,1,0 : 200.38
1,0,0,0,0,0,0,1,0,0,1 : 216.6366
1,0,0,0,1,1,1,0,1,1,0 : 202.68
1,1,0,1,0,0,0,0,1,0,0 : 233.6666
1,0,1,0,0,0,1,0,0,1,0 : 218.89
1,0,0,0,1,1,0,0,1,0,1 : 213.9966
1,0,0,0,1,1,1,0,0,0,1 : 216.6366
1,0,0,0,0,0,1,0,1,0,0 : 203.9766
1,0,0,1,1,0,1,1,0,0,0 : 209.84
1,1,1,1,1,1,1,1,0,0,1 : 252.6833
1,0,0,0,1,1,0,0,0,1,0 : 200.38
1,1,0,0,1,1,1,0,1,1,1 : 232.18
1,0,1,1,1,1,1,0,1,1,0 : 223.52
1,1,0,0,0,1,1,0,1,0,0 : 224.3366
1,0,0,0,1,1,0,1,0,1,0 : 201.9733
1,0,0,0,1,1,0,1,0,0,0 : 202.9366
1,0,0,0,0,1,0,0,1,1,0 : 200.38
1,0,0,0,0,1,1,0,1,1,0 : 203.9766
1,1,1,0,1,1,0,1,0,0,0 : 245.7566
1,0,0,0,1,0,0,0,0,1,0 : 199.6833
1,0,0,0,0,0,1,1,0,1,1 : 214.6533
1,0,0,0,0,0,0,0,1,1,0 : 199.6833
1,0,0,1,1,0,0,1,0,0,0 : 209.84
1,0,0,0,1,0,1,1,1,1,0 : 202.68
1,1,0,0,1,1,1,0,1,1,0 : 229.2433
1,0,0,0,1,0,0,1,1,1,0 : 199.6833
1,0,1,0,1,0,1,0,0,1,0 : 218.89
1,0,0,1,0,0,1,1,0,0,0 : 210.7066
1,0,0,0,0,0,0,0,1,1,0 : 199.6833
1,0,0,1,0,0,1,0,1,0,0 : 210.7066
1,0,0,0,0,1,0,0,1,1,0 : 200.38
1,1,0,1,0,0,1,0,1,1,0 : 233.6666
1,0,0,0,1,1,1,1,0,1,0 : 202.68
1,0,0,0,0,0,0,1,1,1,0 : 199.6833
1,0,0,0,1,1,0,0,1,1,0 : 200.38
1,0,1,0,1,1,0,1,0,1,0 : 224.1766
1,0,0,1,1,0,1,0,0,0,0 : 209.84
1,0,0,0,1,0,1,0,1,1,0 : 202.68
1,0,0,0,1,1,0,0,1,1,0 : 200.38
1,0,1,0,0,0,1,0,0,1,0 : 218.89
1,0,0,0,0,0,1,1,1,0,0 : 204.1766
1,0,0,0,1,0,0,0,0,0,0 : 201.5466
1,0,0,0,1,1,0,0,1,1,0 : 200.38
1,1,1,0,1,1,0,0,0,0,1 : 251.3633
1,0,0,0,0,0,0,0,1,1,0 : 199.6833
1,0,0,1,1,1,0,1,1,0,0 : 215.9466
1,0,0,0,1,1,0,0,1,1,0 : 200.38
1,0,0,0,0,1,0,0,0,1,0 : 200.38
1,0,0,0,0,0,0,0,0,1,0 : 199.6833
1,0,0,0,1,0,0,0,0,1,0 : 199.6833
1,0,0,0,0,1,1,1,1,0,0 : 204.1766
1,0,1,0,1,0,0,1,1,1,0 : 219.3966
1,0,0,0,0,0,0,0,0,1,1 : 212.4466
1,0,0,0,0,1,0,0,0,1,0 : 200.38
1,0,0,0,1,0,1,0,0,1,0 : 202.68
1,0,0,0,0,1,0,0,1,1,0 : 200.38
1,1,0,0,1,1,0,0,1,1,0 : 223.0133
1,0,0,0,1,0,1,0,0,1,0 : 202.68
1,0,0,0,1,0,0,0,1,0,0 : 201.5466
1,0,0,0,1,1,0,1,1,0,0 : 202.9366
1,0,0,0,0,0,0,1,1,0,0 : 199.9533
1,1,0,0,0,1,0,1,0,1,0 : 223.2133
1,0,0,0,1,0,0,1,1,1,0 : 199.6833
1,0,0,0,0,1,1,1,0,0,0 : 205.3633
1,0,0,0,0,1,0,0,1,1,0 : 200.38
1,1,0,0,1,1,0,0,1,0,0 : 223.0133
