1,1,1,0,0,0,0,1,1,0,1,0,1,1,0,0 : 246.41
1,1,1,0,0,0,0,1,1,0,1,0,1,1,0,0 : 246.41
1,1,1,0,0,0,0,1,1,0,1,0,1,1,0,0 : 246.41
1,1,1,0,0,0,0,1,1,0,1,0,1,1,0,0 : 246.41
1,1,1,1,0,0,1,1,1,0,0,1,1,1,0,0 : 247.537
1,1,1,1,0,0,1,1,1,0,0,1,1,1,0,0 : 247.537
1,1,1,1,0,0,1,1,1,0,0,1,1,1,0,0 : 247.537
1,1,1,1,0,0,1,1,1,0,0,1,1,1,0,0 : 247.537
1,1,1,0,1,0,1,1,1,1,0,0,1,1,0,0 : 249.607
1,1,1,0,1,0,1,1,1,1,0,0,1,1,0,0 : 249.607
1,1,1,1,1,0,1,0,1,0,0,1,1,1,0,0 : 252.78
1,1,1,1,1,0,0,1,1,0,0,1,1,1,0,0 : 252.78
1,1,1,1,1,0,1,1,1,0,0,1,1,1,0,0 : 252.78
1,1,1,1,1,0,0,0,1,0,0,1,1,1,0,0 : 252.78
1,1,1,1,1,0,1,0,1,0,0,1,1,1,0,0 : 252.78
1,1,1,1,1,0,0,1,1,0,0,1,1,1,0,0 : 252.78
1,1,1,1,1,0,1,1,1,0,0,1,1,1,0,0 : 252.78
1,1,1,1,1,0,0,0,1,0,0,1,1,1,0,0 : 252.78
1,1,1,0,1,0,1,0,1,0,0,1,1,1,0,0 : 252.963
1,1,1,0,1,0,1,0,1,0,0,1,1,1,0,0 : 252.963
1,1,1,0,1,0,1,0,1,0,0,1,1,1,0,0 : 252.963
1,1,1,0,1,0,1,0,1,0,0,1,1,1,0,0 : 252.963
1,1,1,0,1,0,1,0,1,0,0,1,1,1,0,0 : 252.963
1,1,1,0,1,0,1,0,1,0,0,1,1,1,0,0 : 252.963
1,1,1,0,1,0,1,0,1,0,0,1,1,1,0,0 : 252.963
1,1,1,0,1,0,1,0,1,0,0,1,1,1,0,0 : 252.963
1,1,0,0,0,0,0,1,1,0,1,0,1,1,0,0 : 256.32
1,1,0,0,0,0,0,1,1,0,1,0,1,1,0,0 : 256.32
1,1,0,0,0,0,0,1,1,0,1,0,1,1,0,0 : 256.32
1,1,0,0,0,0,0,1,1,0,1,0,1,1,0,0 : 256.32
1,1,0,0,0,0,0,1,1,0,1,0,1,1,0,0 : 256.32
1,1,0,0,0,0,0,1,1,0,1,0,1,1,0,0 : 256.32
1,1,0,0,0,0,0,1,1,0,1,0,1,1,0,0 : 256.32
1,1,0,0,0,0,0,1,1,0,1,0,1,1,0,0 : 256.32
1,1,0,0,0,0,0,0,1,0,1,0,1,1,0,0 : 256.333
1,1,0,0,0,0,0,0,1,0,1,0,1,1,0,0 : 256.333
1,1,0,0,0,0,0,0,1,0,1,0,1,1,0,0 : 256.333
1,1,0,1,0,0,0,0,1,0,1,0,1,1,0,0 : 256.333
1,1,0,0,0,0,0,0,1,0,1,0,1,1,0,0 : 256.333
1,1,0,0,0,0,0,0,1,0,1,0,1,1,0,0 : 256.333
1,1,0,0,0,0,0,0,1,0,1,0,1,1,0,0 : 256.333
1,1,0,0,0,0,0,0,1,0,1,0,1,1,0,0 : 256.333
1,1,0,1,0,0,0,0,1,0,1,0,1,1,0,0 : 256.333
1,1,0,0,0,0,0,0,1,0,1,0,1,1,0,0 : 256.333
1,1,0,1,0,0,0,1,1,0,0,1,1,1,0,0 : 257.45
1,1,0,1,0,0,0,1,1,0,0,1,1,1,0,0 : 257.45
1,1,0,1,0,0,0,1,1,0,0,1,1,1,0,0 : 257.45
1,1,0,1,0,0,0,1,1,0,0,1,1,1,0,0 : 257.45
1,1,0,1,0,0,0,1,1,0,0,1,1,1,0,0 : 257.45
1,1,0,1,0,0,0,1,1,0,0,1,1,1,0,0 : 257.45
1,1,0,1,0,0,0,1,1,0,0,1,1,1,0,0 : 257.45
1,1,0,1,0,0,0,1,1,0,0,1,1,1,0,0 : 257.45
1,1,0,0,1,0,0,0,1,1,0,0,1,1,0,0 : 261.31
1,1,0,0,1,0,0,0,1,1,0,0,1,1,0,0 : 261.31
1,1,0,0,1,0,0,0,1,1,0,0,1,1,0,0 : 261.31
1,1,0,0,1,0,0,1,1,1,0,0,1,1,0,0 : 261.31
1,1,0,0,1,0,0,0,1,1,0,0,1,1,0,0 : 261.31
1,1,0,0,1,0,0,0,1,1,0,0,1,1,0,0 : 261.31
1,1,0,0,1,0,0,0,1,1,0,0,1,1,0,0 : 261.31
1,1,0,0,1,0,0,1,1,1,0,0,1,1,0,0 : 261.31
1,0,1,1,0,0,1,1,1,0,1,0,1,1,0,0 : 262.17
1,0,1,0,0,0,1,1,1,0,1,0,1,1,0,0 : 262.17
1,0,1,1,0,0,1,1,1,0,1,0,1,1,0,0 : 262.17
1,0,1,0,0,0,1,1,1,0,1,0,1,1,0,0 : 262.17
1,0,1,1,0,0,0,1,1,0,1,0,1,1,0,0 : 262.233
1,0,1,1,0,0,0,1,1,0,1,0,1,1,0,0 : 262.233
1,0,1,1,0,0,0,1,1,0,1,0,1,1,0,0 : 262.233
1,0,1,1,0,0,0,1,1,0,1,0,1,1,0,0 : 262.233
1,1,0,0,1,0,1,1,1,0,0,1,1,1,0,0 : 263.207
1,1,0,0,1,0,1,1,1,0,0,1,1,1,0,0 : 263.207
1,1,0,0,1,0,1,1,1,0,0,1,1,1,0,0 : 263.207
1,1,0,0,1,0,0,0,1,0,0,1,1,1,0,0 : 263.207
1,1,0,0,1,0,1,1,1,0,0,1,1,1,0,0 : 263.207
1,1,0,0,1,0,1,1,1,0,0,1,1,1,0,0 : 263.207
1,1,0,0,1,0,1,1,1,0,0,1,1,1,0,0 : 263.207
1,1,0,0,1,0,0,0,1,0,0,1,1,1,0,0 : 263.207
1,0,1,1,0,0,1,0,1,0,0,1,1,1,0,0 : 263.363
1,0,1,1,0,0,0,1,1,0,0,1,1,1,0,0 : 263.363
1,0,1,1,0,0,0,1,1,0,0,1,1,1,0,0 : 263.363
1,0,1,1,0,0,1,1,1,0,0,1,1,1,0,0 : 263.363
1,0,1,1,0,0,1,1,1,0,0,1,1,1,0,0 : 263.363
1,0,1,1,0,0,0,1,1,0,0,1,1,1,0,0 : 263.363
1,0,1,1,0,0,0,1,1,0,0,1,1,1,0,0 : 263.363
1,0,1,1,0,0,0,1,1,0,0,1,1,1,0,0 : 263.363
1,0,1,1,0,0,0,1,1,0,0,1,1,1,0,0 : 263.363
1,0,1,1,0,0,1,1,1,0,0,1,1,1,0,0 : 263.363
1,0,1,1,0,0,1,1,1,0,0,1,1,1,0,0 : 263.363
1,0,1,1,0,0,0,1,1,0,0,1,1,1,0,0 : 263.363
1,0,1,1,0,0,0,1,1,0,0,1,1,1,0,0 : 263.363
1,0,1,1,0,0,1,0,1,0,0,1,1,1,0,0 : 263.363
1,0,1,1,0,0,0,1,1,0,0,1,1,1,0,0 : 263.363
1,0,1,1,0,0,1,1,1,0,0,1,1,1,0,0 : 263.363
1,0,1,1,0,0,1,1,1,0,0,1,1,1,0,0 : 263.363
1,0,1,1,0,0,0,1,1,0,0,1,1,1,0,0 : 263.363
1,0,1,1,0,0,0,1,1,0,0,1,1,1,0,0 : 263.363
1,0,1,1,0,0,0,1,1,0,0,1,1,1,0,0 : 263.363
1,0,1,1,0,0,0,1,1,0,0,1,1,1,0,0 : 263.363
1,0,1,1,0,0,1,1,1,0,0,1,1,1,0,0 : 263.363
1,0,1,1,0,0,1,1,1,0,0,1,1,1,0,0 : 263.363
1,0,1,1,0,0,0,1,1,0,0,1,1,1,0,0 : 263.363
