1,1,0,0,1,0,0,0,1,1,0 : 223.3366
1,0,0,1,1,0,1,0,0,0,0 : 214.05
1,0,0,0,1,1,1,0,1,0,0 : 205.0866
1,0,1,0,0,0,0,0,0,1,0 : 218.8166
1,0,0,0,0,1,1,0,0,0,0 : 205.0866
1,0,0,0,1,1,0,1,1,0,0 : 205.0866
1,0,0,0,0,1,0,1,1,1,0 : 205.0866
1,0,0,1,1,0,0,1,0,1,0 : 214.05
1,0,1,0,0,0,1,1,0,1,0 : 217.2866
1,0,0,0,0,0,1,1,1,1,1 : 217.0733
1,1,0,0,1,1,1,0,0,1,1 : 230.79
1,0,0,0,0,1,0,0,1,0,0 : 205.0866
1,1,0,0,0,0,0,0,1,1,0 : 223.3366
1,0,1,0,1,1,1,0,1,1,0 : 219.0766
1,0,0,1,1,1,1,1,1,0,0 : 215.9466
1,0,0,0,0,0,1,0,0,0,1 : 218.0733
1,0,1,0,1,1,1,0,1,0,0 : 219.0766
1,0,1,1,0,1,0,0,0,1,1 : 246.1266
1,0,0,0,1,1,1,1,1,1,0 : 205.0866
1,0,0,0,1,0,0,0,1,0,0 : 205.0866
1,1,0,0,0,1,0,1,0,0,1 : 230.79
1,0,1,1,0,1,0,1,1,0,0 : 229.2766
1,0,0,0,1,0,1,1,0,1,0 : 205.0866
1,0,0,1,0,0,1,0,1,0,0 : 215.9466
1,0,0,1,0,1,1,1,1,0,0 : 215.9466
1,1,0,0,1,1,0,0,0,1,1 : 230.79
1,1,0,0,1,1,1,0,1,1,0 : 223.2133
1,0,1,0,1,0,0,1,1,1,1 : 236.17
1,0,0,0,1,0,0,0,0,0,0 : 205.0866
1,0,0,0,1,1,0,0,1,0,0 : 205.0866
1,1,0,0,0,0,0,0,0,0,0 : 223.3366
1,0,0,1,1,1,0,1,0,0,0 : 214.05
1,0,1,0,1,0,1,0,1,0,0 : 220.8633
1,0,1,0,0,0,0,1,0,1,0 : 217.2866
1,0,0,0,1,0,0,1,0,1,0 : 205.0866
1,0,1,0,1,0,1,0,1,1,0 : 220.8633
1,0,0,0,1,1,1,1,1,0,0 : 205.0866
1,0,0,1,1,0,0,1,0,0,0 : 214.05
1,0,0,0,1,1,1,0,0,1,0 : 205.0866
1,0,0,1,1,1,0,0,0,0,0 : 214.05
1,0,0,0,0,0,1,0,1,1,0 : 205.0866
1,0,0,0,0,0,0,1,0,1,1 : 217.0733
1,0,1,1,1,1,0,0,1,1,0 : 228.8566
1,0,0,0,0,0,1,0,0,0,0 : 205.0866
1,1,0,1,0,0,0,1,1,0,0 : 239.5633
1,0,0,0,1,1,0,0,1,1,1 : 218.0733
1,0,0,0,1,1,1,1,0,0,1 : 217.0733
1,1,0,0,1,1,1,1,0,0,1 : 230.79
1,0,0,0,1,0,1,1,0,1,0 : 205.0866
1,1,0,1,0,0,0,1,1,0,0 : 239.5633
1,0,0,1,1,1,0,1,0,0,0 : 214.05
1,0,0,1,0,0,1,1,0,1,0 : 214.05
1,0,0,1,1,0,0,0,1,1,0 : 215.9466
1,0,0,0,1,1,0,1,1,0,1 : 217.0733
1,0,0,1,0,0,0,0,1,1,0 : 215.9466
1,0,0,0,1,0,0,1,1,0,0 : 205.0866
1,0,0,1,1,1,1,1,0,1,0 : 214.05
1,0,1,0,0,1,1,0,1,1,0 : 219.9666
1,0,0,0,1,0,1,0,0,1,0 : 205.0866
1,0,0,0,0,0,1,0,1,1,0 : 205.0866
1,1,0,0,0,1,1,0,0,1,0 : 223.2133
1,0,0,1,1,0,1,0,1,0,0 : 215.9466
1,1,0,1,1,0,1,0,0,0,0 : 233.6666
1,1,0,0,1,0,0,0,0,1,0 : 223.3366
1,1,0,0,0,1,1,0,0,1,0 : 223.2133
1,0,0,0,1,1,0,0,0,1,1 : 218.0733
1,0,0,1,0,1,1,0,0,0,0 : 214.05
1,1,0,0,0,1,1,0,0,1,0 : 223.2133
1,0,1,0,1,1,1,1,0,1,1 : 232.99
1,0,1,0,0,1,0,1,1,1,0 : 220.21
1,0,0,0,1,0,1,0,1,0,1 : 218.0733
1,1,0,0,1,0,1,1,0,0,1 : 230.79
1,0,0,0,1,1,1,1,0,0,0 : 205.0866
1,0,0,0,0,1,1,1,0,0,0 : 205.0866
1,0,0,0,0,1,1,0,1,1,0 : 205.0866
1,0,0,1,0,1,1,0,1,1,1 : 246.1266
1,0,0,0,1,1,0,1,1,1,0 : 205.0866
1,0,1,1,0,1,0,0,0,1,1 : 246.1266
1,0,1,0,1,1,0,0,1,1,0 : 219.0766
1,0,0,0,1,0,1,0,0,1,0 : 205.0866
1,0,0,0,1,0,1,0,1,0,0 : 205.0866
1,0,0,1,0,1,0,0,1,0,0 : 215.9466
1,0,0,1,1,0,0,1,0,0,0 : 214.05
1,0,0,1,0,0,0,1,0,0,0 : 214.05
1,1,1,1,0,1,0,0,0,1,0 : 255.0233
1,0,0,0,1,0,0,0,0,0,0 : 205.0866
1,0,0,0,0,0,0,1,1,0,0 : 205.0866
1,0,1,0,0,0,0,1,0,1,1 : 231.62
1,0,0,0,1,0,1,0,1,0,0 : 205.0866
1,0,1,1,1,1,0,0,1,1,0 : 228.8566
1,1,0,0,0,1,0,1,1,0,0 : 223.2133
1,0,0,0,0,0,1,0,1,1,0 : 205.0866
1,0,0,0,0,0,0,1,1,1,0 : 205.0866
1,1,0,1,1,0,0,1,0,0,0 : 239.5633
1,1,0,0,0,1,1,1,0,0,1 : 230.79
1,0,0,0,0,0,1,1,1,1,1 : 217.0733
1,0,0,0,0,1,1,0,0,0,0 : 205.0866
1,0,0,0,1,1,0,0,0,1,1 : 218.0733
1,0,1,0,1,0,0,1,1,1,0 : 220.8633
1,1,0,0,1,0,0,0,0,1,0 : 223.3366
