1,0,0,0,0,0,0,1,1,1,1,0,0,1,0,1,1,1,1,1,1,0,0,1,0,1,0,0,0,0,1,0,1,1,0,0,1,0,0 : 12.7139
1,0,0,0,0,0,0,1,1,1,0,0,1,1,0,1,1,1,1,1,1,0,0,1,0,1,0,0,0,0,1,0,1,1,0,1,1,0,0 : 12.7139
1,0,0,0,0,0,0,1,1,0,1,0,0,1,0,1,1,1,1,1,1,0,0,1,0,1,0,0,0,0,1,0,1,1,0,0,0,0,0 : 12.7139
1,0,0,0,0,0,0,1,1,0,1,0,0,1,0,1,1,1,1,1,1,0,0,1,0,1,0,0,0,0,1,0,1,1,0,0,1,0,0 : 12.7139
1,0,0,0,0,0,0,1,1,0,1,0,0,1,0,0,1,1,1,1,1,0,0,1,0,1,0,0,0,0,1,0,1,1,0,0,1,0,1 : 12.7139
1,0,0,0,0,0,0,1,1,0,1,0,0,1,0,1,1,1,1,1,1,0,0,1,0,1,1,0,0,1,1,0,1,1,0,1,1,0,0 : 12.7139
1,0,0,0,0,0,0,1,1,0,1,0,0,1,0,1,1,1,1,1,1,0,0,1,0,1,0,0,0,0,1,0,1,1,0,0,0,1,0 : 12.7139
1,0,0,0,0,0,0,1,1,0,1,0,0,1,0,1,1,1,1,1,1,0,0,1,0,1,0,0,0,0,1,0,1,1,0,0,1,0,0 : 12.7139
1,0,0,0,0,0,0,0,1,0,1,0,1,1,0,1,1,1,1,1,1,0,0,1,0,0,0,0,0,0,1,0,1,1,0,1,1,0,0 : 12.7139
1,0,0,0,1,0,0,1,1,0,1,0,0,1,0,1,0,1,1,1,1,1,0,1,0,1,0,0,0,0,1,0,1,1,0,0,1,0,1 : 12.7139
1,0,0,0,0,0,0,1,1,0,1,0,0,1,0,1,1,1,1,1,1,0,0,1,0,1,0,0,0,0,1,0,1,1,0,1,0,0,1 : 12.7139
1,0,0,0,0,0,0,1,1,1,1,0,0,1,0,1,1,1,1,1,1,0,0,1,0,1,0,0,0,0,1,0,1,1,0,0,1,0,0 : 12.7139
1,0,0,0,0,0,0,1,1,1,0,0,1,1,0,1,1,1,1,1,1,0,0,1,0,1,0,0,0,0,1,0,1,1,0,1,1,0,0 : 12.7139
1,0,0,0,0,0,0,1,1,0,1,0,0,1,0,1,1,1,1,1,1,0,0,1,0,1,0,0,0,0,1,0,1,1,0,0,0,0,0 : 12.7139
1,0,0,0,0,0,0,1,1,0,1,0,0,1,0,1,1,1,1,1,1,0,0,1,0,1,0,0,0,0,1,0,1,1,0,0,1,0,0 : 12.7139
1,0,0,0,0,0,0,1,1,0,1,0,0,1,0,0,1,1,1,1,1,0,0,1,0,1,0,0,0,0,1,0,1,1,0,0,1,0,1 : 12.7139
1,0,0,0,0,0,0,1,1,0,1,0,0,1,0,1,1,1,1,1,1,0,0,1,0,1,1,0,0,1,1,0,1,1,0,1,1,0,0 : 12.7139
1,0,0,0,0,0,0,1,1,0,1,0,0,1,0,1,1,1,1,1,1,0,0,1,0,1,0,0,0,0,1,0,1,1,0,0,0,1,0 : 12.7139
1,0,0,0,0,0,0,1,1,0,1,0,0,1,0,1,1,1,1,1,1,0,0,1,0,1,0,0,0,0,1,0,1,1,0,0,1,0,0 : 12.7139
1,0,0,0,0,0,0,0,1,0,1,0,1,1,0,1,1,1,1,1,1,0,0,1,0,0,0,0,0,0,1,0,1,1,0,1,1,0,0 : 12.7139
1,0,0,0,1,0,0,1,1,0,1,0,0,1,0,1,0,1,1,1,1,1,0,1,0,1,0,0,0,0,1,0,1,1,0,0,1,0,1 : 12.7139
1,0,0,0,0,0,0,1,1,0,1,0,0,1,0,1,1,1,1,1,1,0,0,1,0,1,0,0,0,0,1,0,1,1,0,1,0,0,1 : 12.7139
0,1,1,1,0,0,0,0,0,1,1,1,1,0,1,1,0,1,0,1,1,0,0,0,1,0,1,0,1,0,0,0,0,0,0,1,0,0,1 : 12.8051
1,1,0,1,0,0,0,0,1,1,1,1,0,0,1,0,1,1,0,1,1,1,1,0,1,0,1,0,0,0,0,0,1,1,0,1,0,0,0 : 12.8051
1,0,0,1,1,0,0,0,0,1,1,1,1,0,0,0,1,1,0,1,1,1,1,1,1,0,1,0,1,1,0,0,1,0,0,1,0,0,0 : 12.8051
1,1,0,1,1,0,0,0,1,1,1,1,1,0,1,1,1,1,0,1,1,1,1,1,1,0,1,0,0,0,1,0,1,1,0,1,0,0,0 : 12.8051
1,0,0,1,1,0,0,0,0,1,1,1,1,0,0,0,1,1,0,1,1,1,1,1,1,0,1,0,0,1,0,0,1,0,0,1,0,0,0 : 12.8051
1,0,0,1,1,0,0,0,0,1,1,1,1,0,0,0,1,1,0,1,1,1,1,0,1,0,1,0,1,0,0,0,1,0,0,1,0,0,0 : 12.8051
0,0,1,1,0,0,0,0,0,1,0,1,1,0,1,1,1,1,0,1,1,0,1,0,1,0,1,0,1,0,0,0,1,0,0,1,0,0,0 : 12.8051
1,1,0,1,1,0,0,0,1,1,1,1,1,0,1,0,1,1,0,1,1,1,1,1,1,0,1,0,0,0,0,0,1,1,0,1,0,0,0 : 12.8051
1,0,0,1,1,0,0,0,0,1,1,1,1,0,1,0,1,1,0,1,1,1,1,0,1,0,1,0,0,1,0,0,1,0,0,1,0,0,0 : 12.8051
0,1,1,1,0,0,0,0,0,1,1,1,1,0,1,1,0,1,0,1,1,0,0,0,1,0,1,0,1,0,0,0,0,0,0,1,0,0,1 : 12.8051
1,1,0,1,0,0,0,0,1,1,1,1,0,0,1,0,1,1,0,1,1,1,1,0,1,0,1,0,0,0,0,0,1,1,0,1,0,0,0 : 12.8051
1,0,0,1,1,0,0,0,0,1,1,1,1,0,0,0,1,1,0,1,1,1,1,1,1,0,1,0,1,1,0,0,1,0,0,1,0,0,0 : 12.8051
1,1,0,1,1,0,0,0,1,1,1,1,1,0,1,1,1,1,0,1,1,1,1,1,1,0,1,0,0,0,1,0,1,1,0,1,0,0,0 : 12.8051
1,0,0,1,1,0,0,0,0,1,1,1,1,0,0,0,1,1,0,1,1,1,1,1,1,0,1,0,0,1,0,0,1,0,0,1,0,0,0 : 12.8051
1,0,0,1,1,0,0,0,0,1,1,1,1,0,0,0,1,1,0,1,1,1,1,0,1,0,1,0,1,0,0,0,1,0,0,1,0,0,0 : 12.8051
0,0,1,1,0,0,0,0,0,1,0,1,1,0,1,1,1,1,0,1,1,0,1,0,1,0,1,0,1,0,0,0,1,0,0,1,0,0,0 : 12.8051
1,1,0,1,1,0,0,0,1,1,1,1,1,0,1,0,1,1,0,1,1,1,1,1,1,0,1,0,0,0,0,0,1,1,0,1,0,0,0 : 12.8051
1,0,0,1,1,0,0,0,0,1,1,1,1,0,1,0,1,1,0,1,1,1,1,0,1,0,1,0,0,1,0,0,1,0,0,1,0,0,0 : 12.8051
0,1,1,1,0,0,0,0,1,1,0,1,1,0,0,1,1,1,1,1,1,1,0,0,0,0,1,0,1,0,0,0,1,1,0,1,0,0,1 : 12.9019
0,1,1,1,0,0,0,0,1,1,0,1,1,0,0,1,1,1,1,1,1,1,0,0,0,0,1,0,1,0,0,0,1,1,0,1,0,0,1 : 12.9019
0,0,1,0,1,0,0,0,0,0,0,1,1,0,1,0,0,1,1,1,1,1,0,1,0,0,0,0,1,1,1,1,0,1,0,1,0,0,0 : 12.9329
0,0,1,0,1,0,0,0,0,0,0,1,1,0,1,0,0,1,1,1,1,1,0,1,0,0,0,0,1,1,1,1,0,1,0,1,0,0,0 : 12.9329
1,0,0,0,0,0,0,1,1,0,1,0,1,1,0,0,1,1,1,1,0,0,0,1,0,1,0,1,0,0,1,0,1,1,0,0,1,0,1 : 13.0004
0,0,1,1,0,0,0,0,0,0,1,1,1,0,0,0,0,1,0,1,0,0,0,0,1,0,1,1,1,0,0,0,0,0,0,1,0,0,1 : 13.0004
0,1,0,0,0,0,0,1,0,1,0,0,1,1,1,1,0,1,1,1,0,1,0,0,1,1,0,0,1,1,1,1,1,0,0,0,1,1,0 : 13.0004
0,0,0,1,0,0,1,0,0,0,1,0,1,0,1,1,0,1,1,1,0,0,0,1,0,1,1,0,0,1,1,0,0,0,0,0,0,1,1 : 13.0004
0,1,0,0,0,0,0,1,1,1,0,0,1,1,0,1,0,1,1,1,0,0,0,0,0,1,0,0,1,0,1,1,1,0,0,1,1,1,0 : 13.0004
0,1,0,0,0,0,0,1,1,1,0,0,1,1,1,1,0,1,1,1,0,0,0,0,0,0,0,0,1,1,0,1,1,0,0,0,1,1,0 : 13.0004
0,1,0,0,0,0,0,1,0,1,0,0,1,1,1,1,0,1,1,1,0,1,0,0,1,1,0,0,1,1,1,1,1,0,0,0,1,1,0 : 13.0004
0,0,0,1,0,0,0,0,0,0,1,0,1,1,1,1,0,1,1,1,0,0,0,1,0,1,0,0,0,1,1,0,1,0,0,0,0,1,1 : 13.0004
0,1,0,1,0,0,1,1,0,0,0,0,1,1,1,1,0,1,1,1,0,1,0,0,0,1,1,0,1,1,1,1,1,0,0,0,1,1,0 : 13.0004
0,1,0,0,0,0,0,1,1,1,0,0,1,1,1,1,0,1,1,1,0,0,0,0,0,0,0,0,1,0,0,1,1,0,0,0,1,0,0 : 13.0004
0,1,0,1,0,0,1,1,0,1,0,0,1,1,0,1,0,1,1,1,0,0,0,1,0,1,0,0,1,1,1,1,1,0,0,0,0,1,0 : 13.0004
0,1,0,0,0,0,0,1,0,1,0,0,1,1,1,1,0,1,1,1,0,1,0,0,1,1,0,0,1,1,1,1,1,0,0,0,1,1,0 : 13.0004
0,0,0,1,1,0,1,0,0,0,1,0,1,1,1,1,0,1,1,1,0,0,0,1,0,1,1,0,0,1,1,0,0,0,0,0,0,1,1 : 13.0004
0,1,0,0,0,0,0,1,1,1,0,0,1,1,0,1,0,1,1,1,0,0,0,0,0,1,0,0,1,0,1,0,1,0,0,1,1,1,0 : 13.0004
0,1,0,0,0,0,0,1,1,1,0,0,1,1,1,1,0,1,1,1,0,0,0,0,0,0,0,0,1,1,0,1,1,0,0,0,1,1,0 : 13.0004
0,0,0,1,0,0,1,0,0,1,1,0,1,1,1,1,0,1,1,1,0,0,0,1,0,1,1,0,0,1,1,1,1,0,0,0,0,1,1 : 13.0004
0,1,0,0,0,0,0,1,0,1,0,0,1,1,1,1,0,1,1,1,0,1,0,0,0,1,0,0,1,1,1,1,1,0,0,0,1,1,0 : 13.0004
0,1,0,0,0,0,0,1,1,1,0,1,1,1,1,1,0,1,1,1,0,0,0,0,0,1,0,0,1,1,0,1,1,0,0,0,1,1,0 : 13.0004
0,1,0,0,0,0,1,1,0,1,0,0,1,1,0,1,0,1,1,1,0,0,0,1,0,1,0,0,1,0,1,1,1,0,0,0,0,1,0 : 13.0004
1,1,0,1,1,0,0,0,1,1,1,1,1,0,1,1,1,1,1,1,0,1,0,0,1,0,1,0,0,1,0,0,1,1,0,1,0,0,0 : 13.0004
1,0,0,0,0,0,0,1,1,0,1,0,1,1,0,0,1,1,1,1,0,0,0,1,0,1,0,1,0,0,1,0,1,1,0,0,1,0,1 : 13.0004
0,0,1,1,0,0,0,0,0,0,1,1,1,0,0,0,0,1,0,1,0,0,0,0,1,0,1,1,1,0,0,0,0,0,0,1,0,0,1 : 13.0004
0,1,0,0,0,0,0,1,0,1,0,0,1,1,1,1,0,1,1,1,0,1,0,0,1,1,0,0,1,1,1,1,1,0,0,0,1,1,0 : 13.0004
0,0,0,1,0,0,1,0,0,0,1,0,1,0,1,1,0,1,1,1,0,0,0,1,0,1,1,0,0,1,1,0,0,0,0,0,0,1,1 : 13.0004
0,1,0,0,0,0,0,1,1,1,0,0,1,1,0,1,0,1,1,1,0,0,0,0,0,1,0,0,1,0,1,1,1,0,0,1,1,1,0 : 13.0004
0,1,0,0,0,0,0,1,1,1,0,0,1,1,1,1,0,1,1,1,0,0,0,0,0,0,0,0,1,1,0,1,1,0,0,0,1,1,0 : 13.0004
0,1,0,0,0,0,0,1,0,1,0,0,1,1,1,1,0,1,1,1,0,1,0,0,1,1,0,0,1,1,1,1,1,0,0,0,1,1,0 : 13.0004
0,0,0,1,0,0,0,0,0,0,1,0,1,1,1,1,0,1,1,1,0,0,0,1,0,1,0,0,0,1,1,0,1,0,0,0,0,1,1 : 13.0004
0,1,0,1,0,0,1,1,0,0,0,0,1,1,1,1,0,1,1,1,0,1,0,0,0,1,1,0,1,1,1,1,1,0,0,0,1,1,0 : 13.0004
0,1,0,0,0,0,0,1,1,1,0,0,1,1,1,1,0,1,1,1,0,0,0,0,0,0,0,0,1,0,0,1,1,0,0,0,1,0,0 : 13.0004
0,1,0,1,0,0,1,1,0,1,0,0,1,1,0,1,0,1,1,1,0,0,0,1,0,1,0,0,1,1,1,1,1,0,0,0,0,1,0 : 13.0004
0,1,0,0,0,0,0,1,0,1,0,0,1,1,1,1,0,1,1,1,0,1,0,0,1,1,0,0,1,1,1,1,1,0,0,0,1,1,0 : 13.0004
0,0,0,1,1,0,1,0,0,0,1,0,1,1,1,1,0,1,1,1,0,0,0,1,0,1,1,0,0,1,1,0,0,0,0,0,0,1,1 : 13.0004
0,1,0,0,0,0,0,1,1,1,0,0,1,1,0,1,0,1,1,1,0,0,0,0,0,1,0,0,1,0,1,0,1,0,0,1,1,1,0 : 13.0004
0,1,0,0,0,0,0,1,1,1,0,0,1,1,1,1,0,1,1,1,0,0,0,0,0,0,0,0,1,1,0,1,1,0,0,0,1,1,0 : 13.0004
0,0,0,1,0,0,1,0,0,1,1,0,1,1,1,1,0,1,1,1,0,0,0,1,0,1,1,0,0,1,1,1,1,0,0,0,0,1,1 : 13.0004
0,1,0,0,0,0,0,1,0,1,0,0,1,1,1,1,0,1,1,1,0,1,0,0,0,1,0,0,1,1,1,1,1,0,0,0,1,1,0 : 13.0004
0,1,0,0,0,0,0,1,1,1,0,1,1,1,1,1,0,1,1,1,0,0,0,0,0,1,0,0,1,1,0,1,1,0,0,0,1,1,0 : 13.0004
0,1,0,0,0,0,1,1,0,1,0,0,1,1,0,1,0,1,1,1,0,0,0,1,0,1,0,0,1,0,1,1,1,0,0,0,0,1,0 : 13.0004
1,1,0,1,1,0,0,0,1,1,1,1,1,0,1,1,1,1,1,1,0,1,0,0,1,0,1,0,0,1,0,0,1,1,0,1,0,0,0 : 13.0004
0,0,1,0,1,0,0,0,1,0,0,1,1,0,1,0,0,1,1,1,1,1,0,1,0,0,0,0,1,1,0,1,0,1,0,1,0,0,0 : 13.014
0,0,1,0,1,0,0,0,1,0,0,1,1,0,1,0,0,1,1,1,1,1,0,1,0,0,0,0,1,1,0,1,0,1,0,1,0,0,0 : 13.014
1,0,1,1,0,0,0,1,0,0,0,0,1,0,1,1,1,0,0,0,0,0,0,1,0,1,1,0,0,0,0,1,0,1,0,1,0,0,1 : 13.0193
1,0,1,1,0,0,0,1,0,0,0,0,1,0,1,1,1,0,0,0,0,0,0,1,0,1,1,0,0,0,0,1,0,1,0,1,0,0,1 : 13.0193
1,0,1,1,0,0,0,1,0,0,0,0,1,0,1,1,1,0,0,0,0,0,0,1,0,1,1,0,0,0,0,1,0,1,0,1,0,0,1 : 13.0193
1,0,1,1,0,0,0,1,0,0,0,0,1,0,1,1,1,0,0,0,0,0,0,1,0,1,1,0,0,0,0,1,0,1,0,1,0,0,1 : 13.0193
1,0,0,1,0,0,0,1,1,0,1,0,0,1,0,0,1,1,1,1,1,0,0,1,0,1,0,1,0,0,1,0,1,1,0,0,1,0,1 : 13.0451
1,0,0,1,0,0,0,0,1,0,1,0,1,0,1,1,0,1,1,1,1,1,0,0,0,0,1,0,1,0,1,0,1,1,0,1,1,1,1 : 13.0451
1,0,0,1,0,0,0,1,1,0,1,0,0,1,0,0,1,1,1,1,1,0,0,1,0,1,0,0,0,0,1,0,1,1,0,1,1,0,0 : 13.0451
0,0,0,1,1,0,0,0,1,0,1,0,1,0,1,0,1,1,1,1,1,1,1,0,0,0,1,0,1,0,1,0,1,1,0,1,1,1,1 : 13.0451
1,0,0,1,0,0,0,0,1,0,1,0,1,0,1,1,0,1,1,1,1,1,0,0,0,0,1,0,1,0,1,0,1,1,0,1,1,1,1 : 13.0451
1,0,0,1,1,0,0,0,1,0,1,0,1,0,1,0,0,1,1,1,1,1,1,0,0,0,1,0,1,0,1,0,1,1,0,1,1,1,1 : 13.0451
1,0,0,1,0,0,0,0,1,0,1,0,1,0,1,1,0,1,1,1,1,1,0,0,0,0,1,0,1,0,1,0,1,1,0,1,1,1,1 : 13.0451
1,0,0,1,0,0,0,1,1,0,1,0,0,1,0,0,1,1,1,1,1,0,0,1,0,1,0,1,0,0,1,0,1,1,0,0,1,0,1 : 13.0451
1,0,0,1,0,0,0,1,1,0,1,0,0,1,0,0,1,1,1,1,1,0,0,1,0,1,0,0,0,0,1,0,1,1,0,1,1,0,0 : 13.0451
0,0,0,1,1,0,0,0,1,0,1,0,1,0,1,0,1,1,1,1,1,1,1,0,0,0,1,0,1,0,1,0,1,1,0,1,1,1,1 : 13.0451
