1,0,0,1,1,1,1,0,1,0,1,0,1,0,1,0,1,0,0,1,0,1,0,1,0,1,1,0,0,0,1,0,1,1,0,1,1,0,1 : 14.3553
1,1,0,1,1,1,0,1,1,0,1,0,1,0,1,0,1,0,0,0,0,1,0,1,0,1,1,0,0,0,0,1,1,0,0,1,0,0,1 : 15.8293
1,0,0,0,0,0,0,0,0,1,1,0,0,0,1,1,1,0,1,0,1,0,0,1,0,1,0,1,1,0,0,0,1,1,0,0,0,0,0 : 13.1168
0,0,0,1,0,0,1,0,0,0,0,1,1,0,0,1,0,1,0,1,1,0,1,0,0,1,0,0,0,0,0,0,1,1,0,1,0,1,1 : 12.8051
0,1,0,1,0,0,0,1,1,0,0,0,1,0,0,0,1,0,0,1,0,1,1,0,0,1,1,0,0,1,1,1,1,0,0,1,1,1,1 : 13.0372
0,1,0,1,0,0,1,1,1,0,0,1,0,1,0,0,1,1,0,0,0,0,0,1,0,0,1,1,0,0,1,1,1,0,0,0,1,0,0 : 13.1186
1,0,0,1,0,1,0,0,0,1,0,1,1,1,0,0,1,1,0,0,1,0,0,0,0,1,1,0,1,0,0,0,1,1,0,1,1,1,1 : 13.0563
1,0,0,0,0,1,1,0,1,0,1,0,1,1,0,0,1,0,0,0,0,0,1,1,0,0,1,0,0,1,1,0,0,1,0,0,1,0,1 : 14.3553
0,0,1,1,0,0,0,0,0,1,1,1,0,1,1,1,1,0,1,1,0,0,1,1,1,1,0,0,1,1,0,0,0,1,0,0,0,0,1 : 16.1022
0,0,0,0,1,1,0,1,1,0,1,0,0,1,1,1,0,0,1,1,0,1,0,1,0,1,1,0,0,0,1,0,0,1,0,1,1,0,1 : 14.3553
1,1,0,0,1,0,1,1,1,1,0,1,0,1,1,0,0,0,0,0,1,1,1,0,1,1,0,0,0,0,0,0,1,1,1,0,0,1,0 : 13.0405
0,0,0,1,0,0,1,1,0,0,0,1,0,1,0,1,1,1,0,0,1,1,1,1,0,1,0,0,0,0,0,0,0,0,0,1,1,0,0 : 13.3019
1,0,0,1,1,1,1,1,0,1,1,0,1,0,0,1,0,0,0,0,0,0,0,0,1,1,0,0,0,1,0,0,1,1,0,0,1,0,1 : 16.1267
1,0,0,0,1,0,0,0,1,1,1,1,0,0,1,0,0,1,1,1,1,0,1,1,0,1,0,1,0,0,1,1,0,1,1,0,0,1,0 : 13.1283
1,1,0,0,0,0,1,1,0,0,0,0,0,1,1,1,0,0,1,1,0,0,0,0,0,0,0,0,1,1,0,1,1,0,0,1,1,0,0 : 13.0015
1,0,0,1,0,1,1,1,0,0,0,0,1,0,0,1,1,1,1,0,0,1,0,0,0,0,1,0,0,1,1,1,0,1,0,0,0,0,1 : 13.9286
0,1,0,0,0,1,1,0,0,1,0,1,1,1,1,1,1,0,0,0,0,1,0,0,1,1,0,0,1,1,0,0,0,1,0,0,1,0,1 : 15.4335
0,1,1,0,1,0,0,0,1,0,1,1,1,0,1,1,0,1,0,1,1,1,0,1,0,1,0,1,0,1,0,0,0,1,0,1,1,0,0 : 12.8051
0,0,1,0,1,0,0,0,0,1,1,0,0,0,0,0,0,1,1,1,1,0,0,1,0,0,0,1,1,0,0,0,0,0,0,1,0,1,0 : 12.7139
1,1,0,1,0,0,0,1,1,1,1,0,1,0,0,1,1,0,1,0,0,0,0,0,1,1,0,0,0,0,0,1,0,1,0,1,1,1,1 : 13.1294
0,0,0,1,1,1,0,0,0,1,0,0,0,0,1,0,1,0,1,0,0,0,1,0,0,1,1,0,1,0,0,0,0,1,0,0,0,0,1 : 13.0854
0,0,0,1,1,1,0,0,0,1,0,1,0,1,0,0,1,1,0,0,0,0,1,0,0,1,1,0,0,0,0,0,0,1,0,0,1,0,1 : 13.0854
0,0,0,0,1,0,0,1,1,0,0,1,1,1,1,0,1,0,1,0,1,1,1,1,1,0,1,0,1,0,0,0,1,0,0,0,1,1,0 : 15.72
1,0,0,1,0,0,0,0,0,0,0,1,0,1,0,0,1,1,0,0,1,0,1,0,0,1,1,0,1,1,1,0,0,1,0,1,0,0,0 : 13.0606
1,0,1,0,1,0,0,1,0,1,1,0,0,0,1,0,0,1,1,1,0,1,0,1,0,1,1,1,1,0,0,0,1,0,0,0,0,1,1 : 13.1543
0,1,0,0,1,1,0,1,1,1,0,0,0,1,1,0,1,1,1,1,1,1,0,1,0,1,1,1,0,0,1,0,1,0,0,0,0,0,1 : 15.2801
1,1,0,0,0,1,1,1,0,1,0,0,1,1,0,0,1,1,0,0,1,1,1,1,0,1,0,1,1,0,0,0,1,1,0,1,1,1,1 : 15.4335
0,1,0,0,0,0,1,0,0,1,1,0,0,1,1,1,0,0,1,0,0,0,1,1,0,1,0,0,0,0,1,1,0,1,0,0,1,0,0 : 13.0972
1,1,1,0,0,0,1,1,1,0,1,1,0,1,1,1,0,0,0,1,1,1,1,1,0,0,1,0,1,1,0,0,0,1,1,1,0,0,0 : 13.1815
1,0,0,1,0,1,1,0,0,0,1,0,1,1,1,0,1,1,1,0,1,1,0,1,0,0,1,0,1,0,0,0,0,1,0,1,1,1,0 : 13.0563
1,0,0,1,0,0,0,1,0,0,1,0,0,0,0,0,1,1,1,1,1,1,1,1,0,0,1,0,1,0,0,0,0,1,0,1,1,0,0 : 13.0451
0,0,0,0,1,0,1,0,1,0,1,0,0,0,1,1,0,1,0,1,1,0,1,1,0,1,0,1,1,0,0,0,0,0,1,0,0,1,0 : 13.6112
0,1,0,1,0,1,1,1,0,1,1,0,1,0,0,1,1,1,0,0,1,0,1,0,0,0,1,0,0,1,1,0,0,1,0,0,0,0,1 : 13.0686
0,0,1,0,0,0,1,1,1,1,0,1,1,0,1,0,0,1,0,1,0,0,0,1,0,0,1,0,1,0,0,0,0,1,0,0,0,1,0 : 13.0004
1,1,0,1,1,1,0,1,0,0,0,1,1,0,1,0,1,1,0,0,1,0,0,0,1,0,1,0,0,0,0,0,0,0,0,1,0,1,0 : 13.0563
1,1,0,1,1,0,1,0,1,1,0,0,1,1,1,0,0,0,1,1,0,0,1,0,0,1,1,0,1,0,1,1,0,1,0,1,0,0,0 : 13.1294
0,0,0,0,1,0,0,1,1,1,1,1,0,1,1,1,1,1,0,1,1,0,0,0,1,0,1,1,0,0,1,0,1,0,0,1,0,1,0 : 12.8051
0,0,0,1,1,1,0,0,0,1,1,0,1,1,0,0,1,1,1,0,1,0,1,0,0,0,1,0,0,0,0,0,1,0,1,1,0,0,0 : 13.0686
0,0,0,0,0,1,0,1,0,1,1,1,1,0,0,1,1,0,1,0,1,0,0,0,0,0,1,0,0,0,0,0,1,1,0,1,1,1,1 : 15.2654
1,1,0,0,0,0,0,0,0,0,1,0,0,1,1,1,1,0,1,0,0,0,0,0,0,1,0,0,1,1,1,0,1,0,0,0,0,0,1 : 13.1168
0,0,1,0,1,0,0,1,0,1,0,1,0,0,1,0,1,0,1,1,1,0,0,0,0,1,0,0,0,1,0,1,0,1,0,0,1,0,0 : 13.0344
1,1,0,1,0,0,0,0,1,0,1,0,0,0,1,1,1,0,1,1,0,0,0,1,0,1,1,0,0,1,1,0,1,1,1,1,0,0,0 : 13.0193
0,1,1,0,0,0,1,0,1,0,0,0,1,0,1,1,0,1,0,0,1,1,1,0,0,1,0,0,0,1,0,1,0,1,0,0,1,0,1 : 12.6091
1,1,1,0,0,0,1,0,0,0,1,1,1,1,1,1,1,1,1,0,1,0,1,1,0,1,1,0,0,0,1,1,0,1,0,1,1,0,0 : 13.0412
0,0,1,0,1,0,0,1,0,0,1,0,0,0,0,1,1,1,1,1,0,0,1,1,0,1,0,0,0,1,0,1,1,0,0,1,1,1,0 : 16.3155
1,1,0,1,1,1,1,1,0,0,1,0,0,1,0,0,0,0,0,0,0,0,1,0,1,0,1,0,0,0,1,1,1,0,1,0,0,0,1 : 13.0854
1,0,1,1,0,0,0,1,0,0,0,0,1,0,1,1,1,1,0,0,0,0,0,1,0,0,1,0,0,0,0,1,0,1,0,1,0,0,1 : 13.2412
1,1,0,0,0,0,1,0,0,1,0,0,0,1,0,1,1,0,1,0,0,1,1,1,0,0,0,0,0,0,0,1,1,0,0,1,1,0,1 : 13.0015
1,1,1,0,0,0,1,1,0,1,1,1,0,0,0,0,0,1,0,1,1,1,0,1,0,0,1,0,0,1,0,1,1,0,0,1,0,0,0 : 12.8051
1,1,0,1,0,0,0,0,1,1,0,0,1,0,1,1,1,1,1,1,1,1,1,0,0,0,1,0,1,1,0,0,1,1,0,0,0,0,1 : 13.0451
0,1,0,0,0,0,0,1,1,0,1,1,1,1,0,1,1,0,0,1,1,0,0,1,0,1,1,1,1,0,0,0,1,1,1,0,1,0,0 : 13.6216
1,1,0,1,0,1,1,0,0,0,1,0,1,0,1,0,1,0,1,0,1,1,1,0,0,0,0,0,0,1,1,1,1,0,0,1,0,0,0 : 15.4335
1,0,0,0,0,0,1,1,1,0,1,0,1,1,0,1,1,0,1,1,1,1,1,0,1,0,1,1,1,0,0,1,1,0,0,0,0,0,0 : 13.5321
1,0,0,1,0,0,0,1,1,0,1,0,0,1,1,1,1,1,1,1,1,0,0,1,0,1,0,0,0,0,1,0,1,1,1,0,1,0,0 : 13.0451
0,0,0,1,0,0,1,0,1,1,0,1,0,1,1,1,1,1,1,1,1,0,1,1,0,1,0,0,1,0,1,0,1,1,1,0,1,0,0 : 13.1283
1,1,1,0,1,0,0,1,1,1,0,0,1,0,1,1,1,1,0,0,0,0,1,0,0,1,1,0,0,1,1,0,0,0,0,1,0,0,0 : 13.0412
0,0,1,0,0,1,0,1,0,1,0,1,0,1,1,0,1,1,0,0,1,0,0,0,0,0,1,0,1,1,0,0,1,0,0,1,0,0,0 : 13.0563
0,0,1,0,0,1,0,1,0,1,0,0,0,0,0,0,1,0,1,0,1,0,1,0,1,0,1,0,1,0,1,0,0,0,0,0,0,1,0 : 13.0686
0,0,1,1,0,0,0,0,1,0,1,0,0,0,1,1,1,0,0,0,0,1,0,0,0,0,0,0,0,1,0,0,1,1,0,1,1,1,0 : 13.3506
0,1,0,1,1,0,1,1,1,0,1,1,0,0,0,0,1,0,1,1,0,1,0,0,0,0,1,0,0,0,1,1,0,1,1,0,0,0,1 : 13.0372
1,1,0,1,1,0,0,0,1,0,0,1,0,0,1,0,1,1,1,1,1,1,0,1,1,0,1,0,0,1,0,1,0,1,0,0,1,1,1 : 13.0713
0,0,0,0,1,0,0,1,1,0,1,0,1,0,0,0,0,0,1,0,1,1,0,1,0,1,0,0,0,0,1,0,0,0,0,1,0,0,1 : 15.7207
0,1,1,0,1,0,0,0,0,1,1,0,0,1,1,0,1,1,0,1,1,1,0,1,0,1,0,0,0,0,0,0,1,0,0,1,0,1,0 : 13.1433
1,0,0,0,0,0,1,0,1,0,1,1,0,0,1,0,1,0,0,0,0,0,0,1,0,0,1,1,0,1,0,1,1,0,0,1,0,0,0 : 13.1113
1,1,1,0,0,0,1,0,1,0,1,0,0,1,0,0,1,0,1,1,1,1,0,1,0,1,1,0,1,1,0,0,0,1,0,1,0,1,1 : 13.0344
1,0,0,1,1,1,0,0,0,1,0,0,0,1,0,1,1,1,1,0,0,1,0,0,0,1,1,0,1,0,0,0,0,1,0,1,0,0,1 : 13.0563
1,1,0,1,1,0,1,1,1,1,0,1,1,0,0,0,0,1,0,1,1,0,0,0,0,1,0,0,1,0,0,0,0,0,0,1,1,0,1 : 12.8051
0,0,1,0,1,0,0,1,1,1,0,0,1,0,0,1,0,0,1,0,1,0,0,0,0,0,0,1,0,1,0,0,1,0,0,0,0,0,1 : 13.2471
1,1,1,1,0,0,0,0,1,1,1,1,1,0,1,0,1,1,0,0,1,0,0,0,0,1,0,0,0,0,0,1,0,1,0,1,0,1,1 : 12.6091
0,0,0,0,0,1,0,1,0,0,0,0,1,1,0,0,1,1,0,0,0,0,1,0,0,0,0,1,0,1,0,1,1,0,0,1,0,1,1 : 16.1267
0,0,0,1,1,0,1,1,1,1,0,1,1,0,1,1,1,1,0,1,1,1,1,0,0,0,1,0,1,0,0,1,0,1,0,1,0,1,1 : 12.8051
0,0,0,1,0,0,1,0,0,0,1,0,1,1,1,0,0,1,1,1,0,0,0,1,0,0,1,0,0,1,0,0,0,1,0,0,0,1,1 : 13.0004
0,1,0,1,0,1,1,0,0,1,0,1,1,1,0,0,1,1,1,1,0,0,1,1,1,1,0,1,0,1,0,1,1,0,0,0,1,1,1 : 16.1267
1,1,0,0,0,0,1,0,1,1,0,0,1,1,1,1,0,0,0,0,1,0,0,1,0,1,1,1,0,1,0,0,1,1,0,0,1,0,1 : 13.0135
1,0,0,1,0,1,0,1,0,1,1,1,0,0,0,0,1,1,0,0,1,0,1,0,0,0,1,0,1,0,1,1,1,0,0,0,1,0,0 : 13.0686
0,0,1,1,0,0,0,0,1,0,0,1,1,1,0,1,0,1,1,0,1,0,0,1,0,0,1,1,0,0,1,1,1,0,0,0,0,0,0 : 13.0868
0,1,0,1,0,1,1,1,1,1,0,1,1,1,0,1,1,1,1,0,1,1,0,1,1,1,0,0,1,0,1,1,1,0,0,1,0,0,0 : 15.4335
0,0,1,0,0,1,0,1,1,1,1,1,0,0,1,1,0,0,0,1,1,1,1,0,0,1,1,1,1,0,0,0,1,1,0,0,0,0,0 : 15.6815
1,0,0,1,1,0,0,1,0,0,0,0,0,1,0,0,1,1,1,1,1,0,1,1,1,1,0,0,0,1,1,1,1,0,0,0,1,0,1 : 13.0451
1,0,1,0,1,0,0,0,0,1,0,1,1,1,0,0,1,0,0,0,0,1,1,0,0,0,1,0,0,1,0,0,0,0,0,1,0,0,0 : 13.1815
0,0,0,1,0,1,0,0,0,0,1,0,1,0,1,0,0,0,1,0,1,1,1,0,1,0,1,1,0,0,1,0,0,0,1,0,0,1,0 : 13.2118
0,1,0,0,0,0,0,1,1,1,0,0,1,1,1,1,0,1,1,1,0,0,0,0,0,1,0,0,1,1,1,1,1,0,0,0,1,1,0 : 13.0004
0,0,1,1,0,0,0,1,1,1,0,0,1,1,0,1,0,1,1,1,0,0,0,1,1,1,0,0,1,1,0,0,1,0,0,1,1,1,0 : 13.0004
1,1,1,1,0,0,0,1,1,0,1,0,1,0,1,1,1,1,1,1,1,1,1,1,0,0,0,0,0,0,1,0,0,0,0,0,0,0,0 : 13.0451
0,1,0,0,0,1,1,0,1,1,0,1,1,0,0,0,1,1,0,0,0,1,1,1,1,1,0,1,1,0,0,0,0,1,0,1,0,0,1 : 15.4335
0,0,0,0,0,0,0,0,1,0,0,0,0,0,0,1,1,0,1,1,0,1,0,1,0,1,0,0,0,1,1,0,1,1,1,0,1,0,0 : 13.0972
0,0,0,1,0,0,0,0,1,1,1,1,1,1,0,1,1,1,0,1,1,1,1,1,0,1,0,0,0,0,1,0,1,1,0,0,1,0,1 : 13.6112
1,0,0,0,0,0,1,1,0,1,1,0,0,1,1,0,0,0,0,1,1,0,1,0,0,1,0,0,0,0,1,0,1,1,1,0,0,1,0 : 13.0972
1,0,0,0,0,0,1,1,1,1,1,1,1,1,1,0,0,0,0,1,1,1,1,1,0,1,0,0,0,1,1,1,0,1,0,0,0,0,1 : 13.0972
1,0,0,1,1,0,1,1,0,0,1,0,1,1,1,1,0,1,1,0,0,1,0,1,0,0,0,0,1,0,1,0,1,0,1,1,0,0,0 : 16.3679
0,0,1,0,1,0,0,0,1,0,0,0,0,0,1,0,0,1,1,1,1,1,0,0,0,0,1,0,0,0,1,0,1,1,0,1,0,1,0 : 12.7139
1,1,0,1,1,1,1,1,0,0,1,1,0,0,1,0,1,1,1,0,1,0,0,0,0,1,1,0,1,0,0,0,0,0,0,0,0,0,0 : 13.0563
0,0,0,1,1,0,0,0,0,1,1,1,1,1,0,0,1,1,0,1,1,1,1,0,1,0,1,0,0,1,0,0,1,1,0,1,0,0,0 : 12.8051
0,1,0,1,0,0,1,1,0,0,1,1,1,1,1,1,0,1,0,1,1,1,0,0,0,1,0,0,1,0,0,0,1,1,0,1,1,0,0 : 12.8051
0,1,1,0,1,0,0,0,0,1,0,1,0,0,1,1,1,1,0,0,1,0,1,1,1,0,1,0,1,0,0,0,0,1,0,0,1,0,1 : 12.6091
0,1,0,0,0,1,1,0,1,1,0,0,1,1,0,0,1,0,0,0,1,0,0,0,0,0,1,1,0,1,0,0,0,1,0,1,1,1,1 : 14.3553
1,0,0,0,0,1,1,0,0,0,1,1,0,0,1,0,0,1,0,0,0,0,1,1,0,0,1,0,0,1,1,0,1,1,0,1,1,1,0 : 13.0854
0,0,1,1,0,0,0,0,1,1,1,1,1,0,0,1,0,1,0,1,1,1,0,0,1,0,1,1,1,0,0,0,0,1,0,1,0,0,1 : 12.8051
0,0,0,1,1,0,1,1,1,1,1,1,0,1,1,1,0,1,0,0,1,0,1,0,0,1,0,0,1,0,0,0,0,1,0,0,0,1,0 : 14.0434
0,1,0,1,1,1,0,1,0,1,1,1,0,0,1,1,1,0,0,0,0,0,1,1,0,0,1,0,0,0,0,0,0,1,1,0,0,1,0 : 13.0854
