1,0,0,0,1,0,0,1,0,0,0 : 199.9533
1,0,0,0,1,0,0,1,0,0,0 : 199.9533
1,0,0,0,0,1,0,0,1,1,0 : 200.38
1,0,0,0,0,1,0,0,1,1,0 : 200.38
1,0,0,0,1,1,0,1,1,1,0 : 201.9733
1,0,0,0,1,1,0,1,1,1,0 : 201.9733
1,0,0,0,1,1,1,1,0,1,0 : 202.68
1,0,0,0,1,1,1,1,0,1,0 : 202.68
1,0,0,0,1,0,1,0,1,0,0 : 205.7066
1,0,0,0,1,0,1,0,1,0,0 : 205.7066
1,0,0,1,1,0,0,1,0,1,0 : 209.84
1,0,0,1,1,0,0,1,0,0,0 : 209.84
1,0,0,1,1,0,0,1,0,1,0 : 209.84
1,0,0,1,1,0,0,1,0,0,0 : 209.84
1,0,0,1,1,1,0,0,0,0,0 : 210.5066
1,0,0,1,0,1,0,0,1,0,0 : 210.5066
1,0,0,1,1,1,0,0,0,0,0 : 210.5066
1,0,0,1,0,1,0,0,1,0,0 : 210.5066
1,0,0,0,0,0,0,1,1,0,1 : 213.5333
1,0,0,0,0,0,0,1,1,0,1 : 213.5333
1,0,0,0,1,1,0,1,0,1,1 : 215.1833
1,0,0,0,1,1,0,1,0,1,1 : 215.1833
1,0,0,1,0,1,1,0,1,0,0 : 215.47
1,0,0,1,0,1,1,0,1,0,0 : 215.47
1,0,0,1,1,1,0,1,1,1,0 : 215.9466
1,0,0,1,1,1,0,1,1,1,0 : 215.9466
1,0,0,0,0,0,1,0,1,0,1 : 216.2233
1,0,0,0,0,0,1,0,1,0,1 : 216.2233
1,0,1,0,0,0,1,0,1,0,0 : 217.2866
1,0,1,0,0,0,1,0,1,0,0 : 217.2866
1,0,0,0,1,0,1,1,1,1,1 : 218.02
1,0,0,0,1,0,1,1,1,1,1 : 218.02
1,0,1,0,0,0,1,0,0,1,0 : 218.89
1,0,1,0,0,0,1,0,0,1,0 : 218.89
1,1,0,0,1,0,0,0,0,0,0 : 219.1533
1,1,0,0,1,0,0,0,0,0,0 : 219.1533
1,0,1,0,1,0,1,1,1,1,0 : 219.3966
1,0,1,0,1,0,1,1,1,1,0 : 219.3966
1,1,0,0,0,1,0,0,0,1,0 : 223.0133
1,1,0,0,0,1,0,0,0,1,0 : 223.0133
1,1,0,0,1,1,0,1,0,1,0 : 223.2133
1,1,0,0,1,1,0,1,0,1,0 : 223.2133
1,0,1,0,1,1,0,0,1,1,0 : 224.0733
1,0,1,0,1,1,0,0,1,0,0 : 224.0733
1,0,1,0,1,1,1,0,1,1,0 : 224.0733
1,0,1,0,1,1,1,0,0,0,0 : 224.0733
1,0,1,0,1,1,0,0,1,1,0 : 224.0733
1,0,1,0,1,1,0,0,1,0,0 : 224.0733
1,0,1,0,1,1,1,0,1,1,0 : 224.0733
1,0,1,0,1,1,1,0,0,0,0 : 224.0733
1,0,1,0,1,1,0,1,0,1,0 : 224.1766
1,0,1,0,1,1,0,1,0,1,0 : 224.1766
1,0,1,1,0,0,0,0,1,0,0 : 227.0133
1,0,1,1,0,0,0,0,1,0,0 : 227.0133
1,1,0,0,1,0,1,1,1,0,0 : 227.78
1,1,0,0,0,0,1,1,1,0,0 : 227.78
1,1,0,0,1,0,1,1,1,0,0 : 227.78
1,1,0,0,0,0,1,1,1,0,0 : 227.78
1,1,0,0,1,1,1,1,1,1,1 : 230.2366
1,1,0,0,1,1,1,1,1,1,1 : 230.2366
1,0,1,1,0,0,1,1,1,1,0 : 230.9433
1,0,1,1,0,0,1,1,1,1,0 : 230.9433
1,0,1,1,1,1,1,0,0,0,0 : 231.77
1,0,1,1,1,1,1,0,0,0,0 : 231.77
1,1,0,1,0,1,1,1,0,1,0 : 232.9566
1,1,0,1,0,1,1,1,0,1,0 : 232.9566
1,1,0,1,0,1,1,0,0,1,0 : 233.6666
1,1,0,1,0,1,1,0,0,1,0 : 233.6666
1,0,1,0,0,1,0,1,0,1,1 : 234.65
1,0,1,0,0,1,1,0,0,1,1 : 234.65
1,0,1,0,1,1,1,0,0,1,1 : 234.65
1,0,1,0,0,1,0,1,0,1,1 : 234.65
1,0,1,0,0,1,1,0,0,1,1 : 234.65
1,0,1,0,1,1,1,0,0,1,1 : 234.65
1,1,0,0,0,0,1,0,1,0,1 : 235.7333
1,1,0,0,0,0,1,0,1,0,1 : 235.7333
1,0,1,0,1,1,1,1,1,1,1 : 235.78
1,0,1,0,1,1,1,0,1,1,1 : 235.78
1,0,1,0,0,1,1,1,1,1,1 : 235.78
1,0,1,0,1,1,1,1,1,1,1 : 235.78
1,0,1,0,1,1,1,0,1,1,1 : 235.78
1,0,1,0,0,1,1,1,1,1,1 : 235.78
1,1,0,1,0,0,1,1,1,1,0 : 235.97
1,1,0,1,0,0,0,1,1,1,0 : 235.97
1,1,0,1,0,0,1,1,1,1,0 : 235.97
1,1,0,1,0,0,0,1,1,1,0 : 235.97
1,1,0,1,0,1,1,1,0,0,1 : 237.3466
1,1,0,1,0,1,1,1,0,0,1 : 237.3466
1,1,1,0,0,0,1,1,0,1,0 : 237.75
1,1,1,0,0,0,1,1,0,1,0 : 237.75
1,1,0,1,0,0,0,1,0,0,0 : 238.62
1,1,0,1,0,0,0,1,0,0,0 : 238.62
1,1,0,1,0,1,1,1,1,0,0 : 239.32
1,1,0,1,0,1,1,1,1,0,0 : 239.32
1,0,0,1,0,0,0,0,0,0,1 : 239.9633
1,0,0,1,0,0,0,0,0,0,1 : 239.9633
1,1,1,0,0,0,1,0,1,1,0 : 240.1633
1,1,1,0,0,0,1,0,1,1,0 : 240.1633
1,1,1,0,0,1,0,0,1,1,0 : 240.9833
1,1,1,0,0,1,0,0,1,1,0 : 240.9833
