0,1,0,0,0,1,0,1,1,0,0,0,0,1,0,1,0,0 : 0.3617
0,1,0,0,0,1,0,1,1,0,0,0,0,1,0,1,0,0 : 0.3617
0,1,1,1,1,0,0,1,1,0,0,0,0,1,0,0,1,0 : 0.3634
0,1,1,1,1,0,0,1,1,0,0,0,0,1,0,0,1,0 : 0.3634
0,1,0,0,0,0,0,1,1,0,0,0,0,1,1,0,0,0 : 0.3651
0,1,0,0,0,0,0,1,1,0,0,0,0,1,0,0,0,1 : 0.3651
0,1,0,0,0,0,0,1,1,0,0,0,0,1,1,0,0,0 : 0.3651
0,1,0,0,0,0,0,1,1,0,0,0,0,1,0,0,0,1 : 0.3651
0,1,0,1,1,0,1,1,1,0,0,0,0,1,0,0,1,0 : 0.383
0,1,0,1,1,0,1,1,1,0,0,0,0,1,0,0,1,0 : 0.383
0,1,0,1,1,0,1,1,1,0,0,0,0,1,0,0,1,0 : 0.383
0,1,0,1,1,0,1,1,1,0,0,0,0,1,0,0,1,0 : 0.383
0,1,0,1,1,0,1,1,1,0,0,0,0,1,0,0,1,0 : 0.383
0,1,0,1,1,0,1,1,1,0,0,0,0,1,0,0,1,0 : 0.383
0,1,0,1,1,0,1,1,1,0,0,0,0,1,0,0,1,0 : 0.383
0,1,0,1,1,0,1,1,1,0,0,0,0,1,0,0,1,0 : 0.383
0,1,0,1,1,0,1,1,1,0,0,0,0,1,0,0,1,0 : 0.383
0,1,0,1,1,0,1,1,1,0,0,0,0,1,0,0,1,0 : 0.383
0,1,0,1,1,0,1,1,1,0,0,0,0,1,0,0,1,0 : 0.383
0,1,0,1,1,0,1,1,1,0,0,0,0,1,0,0,1,0 : 0.383
0,1,0,1,1,0,1,1,1,0,0,0,0,1,0,0,1,0 : 0.383
0,1,0,1,1,0,1,1,1,0,0,0,0,1,0,0,1,0 : 0.383
0,1,0,0,0,0,1,1,1,0,0,0,0,1,0,1,0,0 : 0.3861
0,1,0,0,1,0,1,1,1,0,0,0,0,1,0,1,0,0 : 0.3861
0,1,0,0,1,0,1,1,1,0,0,0,0,1,0,1,0,0 : 0.3861
0,1,0,0,0,0,1,1,1,0,0,0,0,1,0,1,0,0 : 0.3861
0,1,0,0,1,0,1,1,1,0,0,0,0,1,0,1,0,0 : 0.3861
0,1,0,0,1,0,1,1,1,0,0,0,0,1,0,1,0,0 : 0.3861
0,1,0,0,0,1,1,1,1,0,0,0,0,1,0,1,0,0 : 0.3917
0,1,0,1,0,1,1,1,1,0,0,0,0,1,0,1,0,0 : 0.3917
0,1,0,0,0,1,1,1,1,0,0,0,0,1,0,1,0,0 : 0.3917
0,1,0,1,0,1,1,1,1,0,0,0,0,1,0,1,0,0 : 0.3917
0,1,0,1,0,1,1,1,1,0,0,0,0,1,0,1,0,0 : 0.3917
0,1,0,1,0,1,1,1,1,0,0,0,0,1,0,1,0,0 : 0.3917
0,1,0,1,0,1,1,1,1,0,0,0,0,1,0,1,0,0 : 0.3917
0,1,0,1,0,1,1,1,1,0,0,0,0,1,0,1,0,0 : 0.3917
0,1,0,0,0,1,1,1,1,0,0,0,0,1,0,1,0,0 : 0.3917
0,1,0,0,0,1,1,1,1,0,0,0,0,1,0,1,0,0 : 0.3917
0,1,0,1,0,1,1,1,1,0,0,0,0,1,0,1,0,0 : 0.3917
0,1,0,0,0,1,1,1,1,0,0,0,0,1,0,1,0,0 : 0.3917
0,1,0,1,0,1,1,1,1,0,0,0,0,1,0,1,0,0 : 0.3917
0,1,0,1,0,1,1,1,1,0,0,0,0,1,0,1,0,0 : 0.3917
0,1,0,1,0,1,1,1,1,0,0,0,0,1,0,1,0,0 : 0.3917
0,1,0,1,0,1,1,1,1,0,0,0,0,1,0,1,0,0 : 0.3917
0,1,0,1,0,1,1,1,1,0,0,0,0,1,0,1,0,0 : 0.3917
0,1,0,0,0,1,1,1,1,0,0,0,0,1,0,1,0,0 : 0.3917
0,0,0,1,1,1,0,1,0,1,0,0,0,1,0,1,0,0 : 0.4526
0,0,0,1,1,1,0,1,0,1,0,0,0,1,0,1,0,0 : 0.4526
0,0,0,1,1,1,0,1,0,1,0,0,0,1,0,1,0,0 : 0.4526
0,0,0,1,1,1,0,1,0,1,0,0,0,1,0,1,0,0 : 0.4526
0,0,1,0,0,1,0,1,0,1,0,0,0,1,0,0,0,1 : 0.4581
0,0,1,0,0,1,0,1,0,1,0,0,0,1,0,0,0,1 : 0.4581
0,0,1,0,0,0,1,1,0,1,0,0,0,1,0,0,0,1 : 0.4633
0,0,1,0,0,0,1,1,0,1,0,0,0,1,0,0,0,1 : 0.4633
0,0,1,0,0,0,1,1,0,1,0,0,0,1,0,0,0,1 : 0.4633
0,0,1,0,0,0,1,1,0,1,0,0,0,1,0,0,0,1 : 0.4633
0,0,1,0,0,0,1,1,0,1,0,0,0,1,0,0,0,1 : 0.4633
0,0,1,0,0,0,1,1,0,1,0,0,0,1,0,0,0,1 : 0.4633
0,0,1,0,0,1,1,1,0,1,0,0,0,1,0,0,0,1 : 0.4742
0,0,1,0,0,1,1,1,0,1,0,0,0,1,0,0,0,1 : 0.4742
0,0,1,0,0,1,1,1,0,1,0,0,0,1,0,0,0,1 : 0.4742
0,0,1,0,0,1,1,1,0,1,0,0,0,1,0,0,0,1 : 0.4742
0,0,1,0,0,1,1,1,0,1,0,0,0,1,0,0,0,1 : 0.4742
0,0,1,0,0,1,1,1,0,1,0,0,0,1,0,0,0,1 : 0.4742
0,0,0,1,0,0,0,1,0,0,1,0,0,1,0,1,0,0 : 0.4785
0,0,0,1,0,0,0,1,0,0,1,0,0,1,0,1,0,0 : 0.4785
0,1,0,0,0,0,1,1,0,1,0,0,0,1,0,0,1,0 : 0.5056
0,1,0,0,0,0,1,1,0,1,0,0,0,1,0,0,1,0 : 0.5056
0,1,0,1,0,1,0,1,0,1,0,0,0,1,0,1,0,0 : 0.515
0,1,0,1,0,0,0,1,0,1,0,0,0,1,0,1,0,0 : 0.515
0,1,0,1,0,0,0,1,0,1,0,0,0,1,0,1,0,0 : 0.515
0,1,0,0,0,1,0,1,0,1,0,0,0,1,0,0,0,1 : 0.515
0,1,0,1,0,0,0,1,0,1,0,0,0,1,0,1,0,0 : 0.515
0,1,0,0,0,1,0,1,0,1,0,0,0,1,0,1,0,0 : 0.515
0,1,0,0,0,1,0,1,0,1,0,0,0,1,0,1,0,0 : 0.515
0,1,0,1,0,1,0,1,0,1,0,0,0,1,0,1,0,0 : 0.515
0,1,0,1,0,0,0,1,0,1,0,0,0,1,0,1,0,0 : 0.515
0,1,0,1,0,1,0,1,0,1,0,0,0,1,0,1,0,0 : 0.515
0,1,0,1,0,1,1,1,0,1,0,0,0,1,0,1,0,0 : 0.515
0,1,0,1,0,1,0,1,0,1,0,0,0,1,0,1,0,0 : 0.515
0,1,0,1,0,1,0,1,0,1,0,0,0,1,0,1,0,0 : 0.515
0,1,0,1,0,1,0,1,0,1,0,0,0,1,0,1,0,0 : 0.515
0,1,0,1,0,0,0,1,0,1,0,0,0,1,0,1,0,0 : 0.515
0,1,0,0,0,1,0,1,0,1,0,0,0,1,0,0,0,1 : 0.515
0,1,0,1,0,0,0,1,0,1,0,0,0,1,0,1,0,0 : 0.515
0,1,0,0,0,1,1,1,0,1,0,0,0,1,0,1,0,0 : 0.515
0,1,0,1,0,1,0,1,0,1,0,0,0,1,0,1,0,0 : 0.515
0,1,0,1,0,1,1,1,0,1,0,0,0,1,0,1,0,0 : 0.515
0,1,0,1,0,0,0,1,0,1,0,0,0,1,0,1,0,0 : 0.515
0,1,0,1,0,1,1,1,0,1,0,0,0,1,0,1,0,0 : 0.515
0,1,0,1,0,1,0,1,0,1,0,0,0,1,0,1,0,0 : 0.515
0,1,0,1,0,1,1,1,0,1,0,0,0,1,0,1,0,0 : 0.515
0,1,0,1,0,0,0,1,0,1,0,0,0,1,0,1,0,0 : 0.515
0,1,0,1,0,1,0,1,0,1,0,0,0,1,0,1,0,0 : 0.515
0,1,0,1,0,0,0,1,0,1,0,0,0,1,0,1,0,0 : 0.515
0,1,0,0,0,1,0,1,0,1,0,0,0,1,0,0,0,1 : 0.515
0,1,0,1,0,0,0,1,0,1,0,0,0,1,0,1,0,0 : 0.515
0,1,0,0,0,1,0,1,0,1,0,0,0,1,0,1,0,0 : 0.515
0,1,0,0,0,1,0,1,0,1,0,0,0,1,0,1,0,0 : 0.515
0,1,0,1,0,1,0,1,0,1,0,0,0,1,0,1,0,0 : 0.515
