1,1,1,1,0,0,0,1,1,1,0,0,1,1,1,0,1,1,1,0,0,0,0,1,0,0,1,0,0,0,0,1,0,1,0,1,0,0,1 : 12.6091
1,1,1,1,0,0,0,1,0,0,0,1,1,0,1,1,1,1,0,0,0,0,0,1,0,0,1,0,0,0,0,1,0,1,0,1,0,0,1 : 12.6091
1,1,1,1,0,0,0,1,0,0,0,0,1,1,1,0,1,1,1,0,0,0,0,1,0,0,1,0,0,0,0,1,0,1,0,1,0,0,1 : 12.6091
1,1,1,1,0,0,0,1,0,0,0,1,1,0,1,1,1,1,0,0,0,0,0,1,0,0,1,0,0,0,0,1,0,1,0,1,0,0,1 : 12.6091
1,1,1,1,0,0,0,1,1,1,0,0,1,1,1,0,1,1,1,0,0,0,0,1,0,0,1,0,0,0,0,1,0,1,0,1,0,0,1 : 12.6091
1,1,1,1,0,0,0,1,0,0,0,1,1,0,1,1,1,1,0,0,0,0,0,1,0,0,1,0,0,0,0,1,0,1,0,1,0,0,1 : 12.6091
1,1,1,1,0,0,0,1,0,0,0,0,1,1,1,0,1,1,1,0,0,0,0,1,0,0,1,0,0,0,0,1,0,1,0,1,0,0,1 : 12.6091
1,1,1,1,0,0,0,1,0,0,0,1,1,0,1,1,1,1,0,0,0,0,0,1,0,0,1,0,0,0,0,1,0,1,0,1,0,0,1 : 12.6091
1,0,0,0,0,0,0,1,1,0,1,0,1,0,1,0,1,1,1,1,1,1,0,1,0,1,1,0,0,1,1,0,1,0,0,0,0,0,0 : 12.7139
1,0,0,0,0,0,0,1,1,0,1,0,1,0,1,0,1,1,1,1,1,1,0,1,0,1,1,0,0,1,1,0,1,0,0,1,0,0,0 : 12.7139
0,0,0,0,1,0,0,1,1,0,0,0,1,0,1,0,0,1,1,1,1,1,1,1,0,0,1,0,0,0,1,0,0,0,0,1,1,1,1 : 12.7139
1,0,0,0,0,0,0,1,1,0,1,0,1,0,1,0,1,1,1,1,1,1,0,1,0,1,1,0,0,1,1,0,1,0,0,0,0,0,0 : 12.7139
1,0,0,0,0,0,0,1,1,0,1,0,1,0,1,0,1,1,1,1,1,1,0,1,0,1,1,0,0,1,1,0,1,0,0,1,0,0,0 : 12.7139
0,0,0,0,1,0,0,1,1,0,0,0,1,0,1,0,0,1,1,1,1,1,1,1,0,0,1,0,0,0,1,0,0,0,0,1,1,1,1 : 12.7139
0,0,1,1,0,0,0,0,0,1,1,1,1,0,0,0,1,1,0,1,1,0,1,0,1,0,1,0,0,1,0,0,1,1,1,1,0,0,0 : 12.8051
1,0,0,1,0,0,1,0,1,0,1,1,0,1,0,1,1,1,0,1,1,0,1,1,0,0,1,0,0,1,1,0,0,0,1,1,0,0,0 : 12.8051
0,0,0,1,0,0,0,0,0,0,1,1,1,1,0,0,1,1,0,1,1,0,1,0,0,0,1,0,0,1,0,0,1,1,0,1,0,0,0 : 12.8051
1,0,0,0,0,0,1,0,0,0,1,1,0,1,1,1,0,1,0,1,1,0,1,1,1,1,0,0,0,1,0,1,0,1,0,1,0,0,0 : 12.8051
1,1,0,1,0,0,1,0,1,0,1,1,0,1,0,1,1,1,0,1,1,0,1,1,1,0,1,0,0,0,1,0,0,0,1,1,0,0,0 : 12.8051
1,1,0,0,0,0,1,0,0,0,1,1,0,1,1,1,0,1,0,1,1,0,1,1,0,1,0,0,0,1,0,1,0,1,0,1,0,0,0 : 12.8051
0,0,0,1,0,0,0,0,0,0,1,1,1,1,0,0,1,1,0,1,1,0,1,0,1,0,1,0,0,0,0,0,1,1,0,1,1,0,0 : 12.8051
1,1,0,0,0,0,1,1,0,1,1,1,0,1,1,1,0,1,0,1,1,0,1,1,1,1,0,0,0,1,0,1,0,1,0,1,0,0,0 : 12.8051
0,0,1,1,0,0,0,0,0,1,1,1,1,0,0,0,1,1,0,1,1,0,1,0,1,0,1,0,0,1,0,0,1,1,1,1,0,0,0 : 12.8051
0,0,0,1,0,0,1,0,1,0,1,1,0,1,0,1,1,1,0,1,1,0,1,1,1,0,1,0,0,1,1,0,0,0,1,1,0,0,0 : 12.8051
1,1,0,0,0,0,1,0,0,0,1,1,0,1,1,1,0,1,0,1,1,0,1,1,1,1,0,0,0,1,0,1,0,1,0,1,1,0,0 : 12.8051
0,0,0,1,0,0,0,0,0,1,1,1,1,1,0,0,1,1,0,1,1,1,1,0,0,1,1,0,0,0,0,0,1,1,0,1,0,0,0 : 12.8051
0,1,0,1,0,0,0,0,0,1,1,1,1,0,0,0,1,1,0,1,1,0,1,0,1,0,1,0,0,1,0,0,1,1,1,1,0,0,0 : 12.8051
1,1,0,1,0,0,1,0,1,0,1,1,0,1,0,1,1,1,0,1,1,0,1,1,1,0,1,0,0,1,1,0,0,0,1,1,0,0,0 : 12.8051
0,0,1,1,0,0,0,0,0,1,1,1,1,0,0,0,1,1,0,1,1,0,1,0,1,0,1,0,0,1,0,0,1,1,1,1,0,0,0 : 12.8051
1,0,0,1,0,0,1,0,1,0,1,1,0,1,0,1,1,1,0,1,1,0,1,1,0,0,1,0,0,1,1,0,0,0,1,1,0,0,0 : 12.8051
0,0,0,1,0,0,0,0,0,0,1,1,1,1,0,0,1,1,0,1,1,0,1,0,0,0,1,0,0,1,0,0,1,1,0,1,0,0,0 : 12.8051
1,0,0,0,0,0,1,0,0,0,1,1,0,1,1,1,0,1,0,1,1,0,1,1,1,1,0,0,0,1,0,1,0,1,0,1,0,0,0 : 12.8051
1,1,0,1,0,0,1,0,1,0,1,1,0,1,0,1,1,1,0,1,1,0,1,1,1,0,1,0,0,0,1,0,0,0,1,1,0,0,0 : 12.8051
1,1,0,0,0,0,1,0,0,0,1,1,0,1,1,1,0,1,0,1,1,0,1,1,0,1,0,0,0,1,0,1,0,1,0,1,0,0,0 : 12.8051
0,0,0,1,0,0,0,0,0,0,1,1,1,1,0,0,1,1,0,1,1,0,1,0,1,0,1,0,0,0,0,0,1,1,0,1,1,0,0 : 12.8051
1,1,0,0,0,0,1,1,0,1,1,1,0,1,1,1,0,1,0,1,1,0,1,1,1,1,0,0,0,1,0,1,0,1,0,1,0,0,0 : 12.8051
0,0,1,1,0,0,0,0,0,1,1,1,1,0,0,0,1,1,0,1,1,0,1,0,1,0,1,0,0,1,0,0,1,1,1,1,0,0,0 : 12.8051
0,0,0,1,0,0,1,0,1,0,1,1,0,1,0,1,1,1,0,1,1,0,1,1,1,0,1,0,0,1,1,0,0,0,1,1,0,0,0 : 12.8051
1,1,0,0,0,0,1,0,0,0,1,1,0,1,1,1,0,1,0,1,1,0,1,1,1,1,0,0,0,1,0,1,0,1,0,1,1,0,0 : 12.8051
0,0,0,1,0,0,0,0,0,1,1,1,1,1,0,0,1,1,0,1,1,1,1,0,0,1,1,0,0,0,0,0,1,1,0,1,0,0,0 : 12.8051
0,1,0,1,0,0,0,0,0,1,1,1,1,0,0,0,1,1,0,1,1,0,1,0,1,0,1,0,0,1,0,0,1,1,1,1,0,0,0 : 12.8051
1,1,0,1,0,0,1,0,1,0,1,1,0,1,0,1,1,1,0,1,1,0,1,1,1,0,1,0,0,1,1,0,0,0,1,1,0,0,0 : 12.8051
1,0,0,0,0,0,0,1,1,0,1,0,1,0,1,0,1,1,1,1,0,1,0,1,0,1,1,0,0,1,1,1,1,0,0,1,0,0,0 : 13.0004
0,0,1,0,0,0,1,0,0,0,1,0,1,1,0,1,0,1,0,1,0,1,0,0,1,1,0,0,0,1,0,0,0,1,1,0,0,0,1 : 13.0004
1,1,0,1,1,0,0,1,1,0,1,0,1,0,1,1,1,1,1,1,0,1,0,1,0,1,1,0,1,0,1,1,1,0,0,1,0,0,0 : 13.0004
1,0,0,1,0,0,0,1,1,0,0,0,1,0,1,0,1,1,1,1,0,1,0,1,0,1,1,0,0,0,0,1,1,0,0,1,0,0,1 : 13.0004
0,0,0,0,0,0,0,0,0,0,1,0,1,0,0,0,1,1,1,1,0,0,0,1,0,1,1,0,0,0,0,1,0,1,0,1,0,1,0 : 13.0004
1,0,0,1,0,0,0,1,1,0,1,0,1,0,1,0,1,1,1,1,0,1,0,1,0,1,1,0,0,1,1,1,1,0,0,1,0,0,0 : 13.0004
0,0,1,0,0,0,1,0,1,0,1,0,1,1,0,1,0,1,0,1,0,1,0,0,1,1,0,0,0,1,1,0,0,1,1,0,0,0,1 : 13.0004
0,0,1,0,0,0,1,0,0,0,0,0,1,1,0,1,0,1,0,1,0,1,0,0,0,1,0,1,0,1,0,1,0,1,1,0,0,0,1 : 13.0004
0,0,1,0,0,0,1,0,1,0,0,0,1,1,0,1,0,1,0,1,0,1,0,0,1,1,0,0,0,0,0,0,0,1,0,0,0,1,1 : 13.0004
1,0,0,1,1,0,0,1,1,0,1,0,1,0,1,0,1,1,1,1,0,1,0,1,0,1,1,0,0,1,1,1,1,0,0,1,0,0,1 : 13.0004
1,1,0,1,0,0,1,0,1,0,0,0,1,0,1,1,0,1,0,1,0,1,0,1,1,0,1,0,0,1,0,1,0,1,1,0,0,0,1 : 13.0004
0,0,0,1,1,0,0,1,0,0,1,0,1,0,0,0,1,1,1,1,0,0,0,1,0,1,1,0,0,0,0,1,0,1,0,1,0,1,0 : 13.0004
1,0,0,0,0,0,0,1,1,0,1,0,1,0,1,0,1,1,1,1,0,1,0,1,0,1,1,0,0,1,1,1,1,0,0,1,0,0,0 : 13.0004
0,0,1,0,0,0,1,0,0,0,1,0,1,1,0,1,0,1,0,1,0,1,0,0,1,1,0,0,0,1,0,0,0,1,1,0,0,0,1 : 13.0004
1,1,0,1,1,0,0,1,1,0,1,0,1,0,1,1,1,1,1,1,0,1,0,1,0,1,1,0,1,0,1,1,1,0,0,1,0,0,0 : 13.0004
1,0,0,1,0,0,0,1,1,0,0,0,1,0,1,0,1,1,1,1,0,1,0,1,0,1,1,0,0,0,0,1,1,0,0,1,0,0,1 : 13.0004
0,0,0,0,0,0,0,0,0,0,1,0,1,0,0,0,1,1,1,1,0,0,0,1,0,1,1,0,0,0,0,1,0,1,0,1,0,1,0 : 13.0004
1,0,0,1,0,0,0,1,1,0,1,0,1,0,1,0,1,1,1,1,0,1,0,1,0,1,1,0,0,1,1,1,1,0,0,1,0,0,0 : 13.0004
0,0,1,0,0,0,1,0,1,0,1,0,1,1,0,1,0,1,0,1,0,1,0,0,1,1,0,0,0,1,1,0,0,1,1,0,0,0,1 : 13.0004
0,0,1,0,0,0,1,0,0,0,0,0,1,1,0,1,0,1,0,1,0,1,0,0,0,1,0,1,0,1,0,1,0,1,1,0,0,0,1 : 13.0004
0,0,1,0,0,0,1,0,1,0,0,0,1,1,0,1,0,1,0,1,0,1,0,0,1,1,0,0,0,0,0,0,0,1,0,0,0,1,1 : 13.0004
1,0,0,1,1,0,0,1,1,0,1,0,1,0,1,0,1,1,1,1,0,1,0,1,0,1,1,0,0,1,1,1,1,0,0,1,0,0,1 : 13.0004
1,1,0,1,0,0,1,0,1,0,0,0,1,0,1,1,0,1,0,1,0,1,0,1,1,0,1,0,0,1,0,1,0,1,1,0,0,0,1 : 13.0004
0,0,0,1,1,0,0,1,0,0,1,0,1,0,0,0,1,1,1,1,0,0,0,1,0,1,1,0,0,0,0,1,0,1,0,1,0,1,0 : 13.0004
1,1,0,0,0,0,1,0,0,1,0,0,0,1,0,1,1,0,1,0,0,1,1,1,0,0,0,0,0,0,0,1,1,0,0,1,1,0,1 : 13.0015
1,1,0,0,0,0,1,0,0,1,0,0,0,1,0,1,1,0,1,0,0,1,1,1,0,0,0,0,0,0,0,1,1,0,0,1,1,0,1 : 13.0015
1,1,0,0,0,0,1,0,0,1,1,0,0,1,0,1,1,0,1,1,1,1,1,1,0,0,0,0,0,1,0,1,1,0,0,1,1,0,1 : 13.0015
1,1,0,0,0,0,1,0,0,1,0,0,0,1,0,1,1,0,1,0,0,1,1,1,0,0,0,0,0,0,0,1,1,0,0,1,1,0,1 : 13.0015
1,1,0,0,0,0,1,0,0,1,0,0,0,1,0,1,1,0,1,0,0,1,1,1,0,0,0,0,0,0,0,1,1,0,0,1,1,0,1 : 13.0015
1,1,0,0,0,0,1,0,0,1,1,0,0,1,0,1,1,0,1,1,1,1,1,1,0,0,0,0,0,1,0,1,1,0,0,1,1,0,1 : 13.0015
1,0,0,1,1,0,0,1,1,0,1,0,1,1,0,1,1,0,1,1,0,0,0,0,1,1,0,0,1,1,0,0,1,0,0,1,0,1,1 : 13.0193
1,0,1,1,0,0,0,0,1,0,1,0,0,1,0,1,0,0,0,0,0,0,0,0,1,1,0,0,0,1,0,0,1,0,0,1,0,1,1 : 13.0193
1,0,0,1,1,0,0,1,1,0,1,0,1,1,0,1,1,0,1,1,0,0,0,0,1,1,0,0,1,1,0,0,1,0,0,1,0,1,1 : 13.0193
1,0,1,1,0,0,0,0,1,0,1,0,0,1,0,1,0,0,0,0,0,0,0,0,1,1,0,0,0,1,0,0,1,0,0,1,0,1,1 : 13.0193
1,1,1,0,0,0,1,0,1,1,1,0,0,1,0,0,1,0,1,1,1,1,0,0,0,1,1,0,1,1,0,0,0,0,0,1,1,1,0 : 13.0344
1,1,1,0,0,0,1,0,0,1,1,0,0,1,0,0,1,0,1,0,1,1,0,0,0,1,1,0,1,1,0,0,0,0,0,0,0,1,0 : 13.0344
1,1,1,0,0,0,1,0,1,1,1,0,0,1,0,0,1,0,1,1,1,1,0,0,0,1,1,0,1,1,0,0,0,1,0,1,1,1,0 : 13.0344
1,1,1,0,0,0,1,0,1,0,1,0,0,0,0,0,1,0,1,0,1,1,0,0,0,1,0,0,1,1,0,0,0,1,0,1,0,1,1 : 13.0344
1,1,1,0,0,0,1,0,1,1,1,0,0,1,0,0,1,0,1,1,1,1,0,0,0,1,1,0,1,1,0,0,0,1,0,1,1,1,0 : 13.0344
1,1,1,0,0,0,1,0,1,0,1,0,0,0,0,0,1,0,1,0,1,1,0,1,0,1,1,0,0,1,0,0,0,1,0,1,0,1,1 : 13.0344
1,1,1,0,0,0,1,0,0,1,1,0,0,1,0,0,1,0,1,0,1,1,0,0,0,1,1,0,1,1,0,0,0,1,0,0,0,1,0 : 13.0344
1,1,1,0,0,0,1,0,1,0,1,0,0,0,0,0,1,0,1,0,1,1,0,1,0,1,1,0,1,1,0,0,0,1,0,1,0,1,1 : 13.0344
1,1,1,0,0,0,1,0,1,1,1,0,0,1,0,0,1,0,1,1,1,1,0,0,0,1,1,0,1,1,0,0,0,0,0,1,1,1,0 : 13.0344
1,1,1,0,0,0,1,0,0,1,1,0,0,1,0,0,1,0,1,0,1,1,0,0,0,1,1,0,1,1,0,0,0,0,0,0,0,1,0 : 13.0344
1,1,1,0,0,0,1,0,1,1,1,0,0,1,0,0,1,0,1,1,1,1,0,0,0,1,1,0,1,1,0,0,0,1,0,1,1,1,0 : 13.0344
1,1,1,0,0,0,1,0,1,0,1,0,0,0,0,0,1,0,1,0,1,1,0,0,0,1,0,0,1,1,0,0,0,1,0,1,0,1,1 : 13.0344
1,1,1,0,0,0,1,0,1,1,1,0,0,1,0,0,1,0,1,1,1,1,0,0,0,1,1,0,1,1,0,0,0,1,0,1,1,1,0 : 13.0344
1,1,1,0,0,0,1,0,1,0,1,0,0,0,0,0,1,0,1,0,1,1,0,1,0,1,1,0,0,1,0,0,0,1,0,1,0,1,1 : 13.0344
1,1,1,0,0,0,1,0,0,1,1,0,0,1,0,0,1,0,1,0,1,1,0,0,0,1,1,0,1,1,0,0,0,1,0,0,0,1,0 : 13.0344
1,1,1,0,0,0,1,0,1,0,1,0,0,0,0,0,1,0,1,0,1,1,0,1,0,1,1,0,1,1,0,0,0,1,0,1,0,1,1 : 13.0344
1,1,1,0,1,0,0,0,0,1,0,0,1,0,1,1,1,1,0,0,0,0,1,0,0,1,1,0,0,1,1,0,0,0,0,1,1,0,0 : 13.0412
1,1,1,0,1,0,0,0,0,1,0,0,0,0,1,1,1,1,0,0,0,0,1,0,0,1,1,0,1,1,1,0,1,0,0,1,1,0,0 : 13.0412
1,1,1,0,1,0,0,0,0,1,0,0,1,0,1,1,1,1,0,0,0,0,1,0,0,1,1,0,0,1,1,0,1,0,0,1,1,0,0 : 13.0412
1,1,1,0,1,0,0,0,0,1,0,0,1,0,1,1,1,1,0,0,0,0,1,1,0,1,1,0,0,1,1,0,0,0,0,1,1,0,0 : 13.0412
0,1,1,0,1,0,0,0,0,1,0,0,1,0,1,1,1,1,0,0,0,0,1,0,0,1,1,0,0,1,1,0,0,1,0,1,1,0,0 : 13.0412
1,1,1,0,1,0,0,0,0,1,0,0,0,0,1,1,1,1,0,0,0,0,1,0,0,1,1,0,1,1,1,0,1,0,0,1,1,0,0 : 13.0412
1,1,1,0,1,0,0,0,0,1,0,0,1,0,1,1,1,1,0,0,0,0,1,0,0,1,1,0,0,1,1,0,0,0,0,1,1,0,0 : 13.0412
1,1,1,0,1,0,0,0,0,1,0,0,1,0,1,1,1,1,0,0,0,0,1,0,0,1,1,0,0,1,1,0,1,0,0,1,1,0,0 : 13.0412
