1,0,0,1,1,0,1,0,1,1,1,0,1,1,1,1,1,0,1,1,0,1,0,1,0,1,1,0,0,0,1,0,1,1,0,1,1,0,1 : 13.1294
1,0,0,1,1,0,0,0,1,0,1,0,1,0,0,1,1,0,0,0,0,1,0,1,0,1,1,0,0,0,0,1,1,0,0,1,0,0,1 : 13.1305
1,0,0,1,0,0,0,0,0,0,1,0,0,0,1,1,1,0,0,0,0,0,0,1,0,1,0,1,0,1,0,0,1,1,0,0,0,0,0 : 13.0193
1,1,0,1,0,0,1,0,1,0,0,0,1,0,0,0,0,0,0,1,0,1,0,1,0,1,1,1,0,1,0,0,0,1,1,0,0,1,0 : 13.0372
0,1,0,0,1,0,0,1,1,1,0,0,0,0,1,0,0,0,0,1,0,0,1,0,0,1,1,0,0,1,1,1,1,0,0,0,1,1,1 : 13.0972
0,1,1,0,0,0,1,0,1,1,0,1,1,0,0,1,0,1,0,1,0,0,0,1,0,0,1,0,1,0,1,1,0,1,0,0,1,1,0 : 13.0004
1,1,1,1,0,0,0,1,1,1,0,0,1,1,1,1,1,1,0,1,1,0,0,1,0,0,1,0,1,0,0,0,0,1,1,1,0,0,0 : 13.1433
0,0,0,0,0,1,1,0,0,0,0,0,1,1,0,0,1,0,0,0,0,0,1,1,0,0,1,0,0,1,1,0,0,1,0,0,1,1,1 : 13.0854
0,0,1,1,0,0,0,0,1,0,1,0,0,1,1,1,1,0,0,0,0,0,0,1,0,0,1,0,1,1,0,0,1,1,0,0,0,0,1 : 13.059
0,0,0,0,1,0,0,0,1,1,1,0,1,0,0,1,1,1,0,1,0,1,0,1,0,0,0,0,0,0,1,0,0,1,0,0,1,0,1 : 13.0004
0,1,0,0,1,0,1,1,1,1,0,1,0,1,1,0,0,1,1,1,1,1,0,0,0,1,0,0,0,1,1,0,1,1,0,0,0,0,1 : 13.0713
0,0,0,0,0,0,1,0,1,0,1,1,0,1,1,1,1,1,0,1,1,1,1,0,1,1,0,0,1,1,0,0,0,0,0,1,1,1,0 : 12.8051
1,1,0,1,1,0,1,0,1,1,1,0,0,1,1,0,0,0,0,0,0,0,1,0,1,1,0,0,0,1,0,0,0,0,0,1,1,0,1 : 13.1294
1,0,0,1,1,1,1,0,1,1,1,1,1,0,1,0,1,1,1,1,1,1,1,1,0,1,0,1,0,0,1,1,0,1,1,0,0,0,1 : 15.4335
0,1,0,0,1,0,1,1,1,1,0,1,1,1,1,1,1,0,1,0,0,1,0,1,0,1,1,0,1,1,0,1,1,0,0,0,1,1,0 : 13.6216
1,0,0,1,0,0,1,0,0,1,1,1,1,1,1,1,0,1,0,1,0,1,0,0,0,1,1,0,0,1,1,1,0,1,1,0,0,0,1 : 13.0004
0,1,0,0,1,0,0,0,0,1,0,1,1,0,1,1,1,1,0,1,0,1,0,0,1,1,0,1,1,0,0,1,0,1,0,0,1,0,1 : 13.0004
0,0,1,0,1,0,0,0,0,0,1,1,1,1,1,0,1,1,0,1,1,0,0,1,1,0,1,0,0,1,1,1,0,1,0,1,1,1,0 : 12.8051
1,0,1,0,1,0,0,0,0,1,1,0,0,1,0,0,0,1,1,0,1,0,1,1,0,0,1,1,1,0,0,0,0,0,0,1,0,1,0 : 15.4384
1,1,0,1,0,0,0,1,1,1,1,0,1,0,0,1,1,0,1,0,0,0,0,0,1,1,0,0,0,0,0,1,0,1,0,1,1,1,1 : 13.1294
0,0,0,0,1,0,1,0,0,0,0,0,0,0,1,0,1,0,1,1,0,0,1,0,0,1,1,1,1,0,0,0,1,1,1,0,0,0,1 : 13.0212
1,0,1,1,0,0,0,0,0,0,0,0,1,1,1,0,1,1,0,0,1,0,0,0,0,0,1,0,0,0,0,0,0,1,0,0,0,0,1 : 13.2412
1,0,0,0,1,0,0,1,1,1,1,0,0,1,0,1,1,0,0,0,0,1,0,1,0,1,0,0,1,0,1,0,1,0,0,0,0,0,0 : 13.1168
1,0,0,1,1,1,0,0,0,1,0,1,1,1,1,0,0,0,1,0,0,1,1,0,1,0,1,0,0,0,1,0,1,0,0,1,1,0,1 : 13.2118
1,0,0,0,1,0,0,0,1,1,1,0,0,0,1,0,0,1,1,1,1,0,0,1,0,0,0,1,1,0,0,0,1,1,0,0,0,1,1 : 12.7139
0,1,0,0,1,0,0,1,1,1,0,1,0,1,0,1,1,0,0,0,0,1,0,0,0,1,0,1,0,0,1,0,1,0,0,0,1,0,1 : 13.0972
0,1,0,0,1,0,0,1,0,1,1,0,1,0,0,0,1,0,0,0,1,1,1,0,0,1,0,0,1,0,1,0,0,1,0,0,0,1,1 : 13.0212
1,1,0,0,0,0,1,1,0,0,1,1,1,1,0,1,0,0,0,0,1,0,0,1,1,1,0,0,1,1,1,1,0,1,0,0,1,1,0 : 13.6216
1,0,1,1,0,0,0,0,0,1,1,1,1,1,1,0,0,1,1,1,1,1,1,1,0,1,0,0,1,1,0,1,0,1,0,1,1,0,0 : 13.014
1,0,0,0,0,1,0,1,0,0,1,0,1,1,0,0,1,0,0,0,1,0,1,1,0,1,1,0,1,1,1,1,0,1,0,1,0,0,1 : 13.0686
1,1,0,1,0,0,0,1,1,1,1,0,1,0,0,1,1,0,0,0,1,0,1,1,0,0,0,0,0,0,0,0,0,1,0,1,0,0,0 : 13.1294
0,0,0,0,1,0,1,0,1,0,1,0,0,1,1,1,1,1,0,1,1,0,1,1,0,0,1,1,1,0,0,0,0,0,0,0,1,0,0 : 13.6112
1,1,1,0,1,0,0,0,0,1,1,0,1,1,0,0,1,0,1,0,0,0,0,0,1,0,1,0,0,1,0,0,0,1,0,1,1,0,0 : 13.2471
0,0,0,0,0,0,1,1,1,0,1,0,1,0,1,1,0,0,0,1,0,0,1,1,0,1,1,0,0,0,0,0,0,0,0,0,1,0,0 : 13.0768
0,1,1,0,1,0,0,1,1,1,0,1,1,0,1,0,1,0,0,0,1,0,0,0,1,0,1,0,0,1,0,0,1,0,0,1,0,1,0 : 13.1815
1,1,0,1,1,1,0,1,0,0,1,0,0,0,1,0,0,0,1,0,0,0,1,0,0,0,1,0,0,0,1,1,0,1,0,0,1,1,0 : 13.0854
1,0,0,1,1,0,1,1,0,1,0,1,0,1,1,1,1,1,0,1,1,0,0,1,1,0,1,1,0,0,1,1,1,0,0,1,0,1,0 : 12.8051
1,0,0,1,1,1,1,0,0,0,1,1,1,0,0,0,0,0,1,0,0,0,1,0,0,0,1,0,1,1,0,1,1,0,1,0,0,0,1 : 13.0854
0,1,0,0,1,0,1,1,0,0,1,1,0,0,0,1,1,0,1,0,0,0,1,0,0,0,1,0,0,0,0,0,0,0,0,1,1,1,1 : 13.0015
1,1,0,1,0,0,0,1,1,1,1,0,1,0,0,1,1,0,0,0,0,0,0,0,1,1,0,0,0,0,0,0,0,1,0,1,1,1,0 : 13.1294
1,0,1,0,1,0,0,1,0,1,0,1,0,0,1,0,1,0,1,1,0,0,0,0,0,0,0,0,0,1,0,1,0,1,0,0,1,0,0 : 13.2471
1,1,0,0,0,0,0,1,1,1,1,1,0,1,0,0,0,1,0,1,1,0,1,0,1,0,1,0,1,0,1,0,0,1,0,1,1,0,0 : 12.8051
0,0,1,0,0,0,1,0,1,0,0,0,1,1,1,1,0,1,0,1,0,1,0,0,0,1,0,0,0,1,0,0,0,1,1,0,0,0,1 : 13.0004
0,1,0,0,0,0,1,0,1,0,1,1,1,1,1,0,1,0,0,0,1,1,0,1,0,1,1,0,1,0,1,0,1,1,1,0,1,0,0 : 13.6216
0,1,0,1,1,0,0,1,1,0,1,0,1,0,0,0,0,0,0,0,0,1,0,1,0,1,0,0,1,0,0,0,1,0,0,1,1,0,0 : 13.0372
0,1,1,1,0,0,0,1,1,0,1,0,1,0,0,0,0,0,0,1,1,0,1,0,0,0,0,0,0,0,0,1,1,0,1,0,0,0,1 : 15.8531
0,0,1,1,0,0,0,1,1,0,0,0,1,0,1,1,1,1,0,1,0,0,0,1,0,0,1,0,0,0,0,1,0,1,0,1,1,0,1 : 13.0004
1,1,0,0,0,0,1,0,0,1,0,0,0,1,0,1,1,0,1,0,0,1,1,1,0,0,0,0,0,0,0,1,1,0,0,1,1,0,1 : 13.0015
1,1,1,0,0,0,1,0,0,0,1,1,0,1,1,0,0,0,0,1,1,1,0,1,0,1,0,0,0,1,1,1,1,0,0,0,0,0,0 : 13.0344
0,1,0,0,0,0,0,0,1,0,1,0,1,0,1,1,1,1,1,1,1,0,0,0,0,0,1,0,1,1,0,0,1,1,0,0,0,1,1 : 12.7139
0,1,0,0,0,0,0,1,1,0,0,1,1,1,0,1,0,1,0,1,0,0,0,1,0,1,1,0,0,1,0,0,0,1,0,0,1,0,1 : 13.0004
1,1,0,1,0,0,1,1,1,0,1,1,1,0,0,0,0,0,0,1,0,0,0,0,1,1,0,0,1,0,1,0,1,1,0,0,1,1,0 : 13.0372
0,0,1,0,0,0,1,1,0,1,1,0,0,1,1,0,1,0,0,0,1,1,1,1,0,0,1,0,1,0,0,0,0,0,0,1,1,0,0 : 13.2877
0,0,0,0,1,0,0,0,1,0,1,0,0,1,1,1,1,1,1,1,1,0,0,1,0,1,1,0,0,0,1,0,1,1,0,0,1,0,0 : 12.7139
1,1,0,0,1,0,1,0,1,1,0,1,1,1,1,1,1,1,1,1,1,0,1,1,0,0,0,0,1,1,1,0,1,0,0,1,1,0,0 : 13.0713
1,1,1,0,1,0,0,1,0,1,1,0,1,1,1,1,1,1,0,0,0,0,1,0,0,1,1,0,0,1,0,0,0,0,0,1,0,0,0 : 13.0412
1,1,0,1,0,0,0,0,0,0,0,0,0,1,1,1,1,1,0,0,1,1,0,1,0,1,1,0,1,1,1,0,0,1,0,1,0,0,0 : 13.8373
0,1,0,1,1,1,0,0,0,1,1,0,0,0,0,1,1,1,0,0,0,1,0,1,0,1,1,0,1,0,0,0,1,1,0,0,0,0,0 : 13.0563
0,1,1,1,0,0,0,0,1,0,1,0,1,0,0,0,0,0,0,1,0,1,0,0,0,0,0,0,1,1,0,0,1,1,0,1,1,1,0 : 13.0372
0,1,0,1,0,0,0,1,0,1,1,1,1,1,0,1,1,1,1,1,0,0,0,0,0,0,1,1,0,0,1,1,0,1,0,0,0,0,1 : 13.0004
1,1,0,1,0,0,1,0,0,0,0,1,0,0,0,1,0,1,1,1,1,1,0,1,1,0,1,1,0,1,0,1,0,1,1,0,0,0,1 : 13.0713
1,1,0,0,0,0,0,1,1,0,0,0,1,1,0,0,1,1,1,1,1,0,0,1,0,0,0,0,0,0,0,0,0,0,0,1,0,0,1 : 12.7139
0,0,1,0,1,0,0,0,1,1,1,0,1,1,0,0,1,1,1,1,0,1,0,1,0,0,0,0,0,0,1,0,0,1,0,1,0,1,1 : 13.0004
0,0,1,0,0,0,1,0,1,0,0,1,0,1,1,1,0,0,1,0,0,0,0,1,1,0,1,0,0,1,0,1,1,0,0,1,1,0,0 : 13.1559
1,1,1,0,0,0,1,0,1,0,1,0,0,1,0,0,1,0,1,1,1,1,0,1,0,1,1,0,1,1,0,0,0,1,0,1,0,1,1 : 13.0344
1,0,0,1,1,1,0,0,0,1,0,0,0,0,1,0,1,0,1,0,1,0,1,0,0,0,1,0,1,1,1,1,0,1,0,1,1,0,0 : 13.0686
1,1,0,1,1,0,1,1,1,1,1,1,1,0,1,1,0,0,1,1,1,1,1,0,0,1,0,0,1,1,0,0,1,0,0,1,1,1,0 : 13.1294
1,0,1,0,1,0,0,1,1,1,0,1,1,1,0,1,1,0,0,1,1,0,0,0,0,0,0,0,0,1,0,1,1,0,0,0,1,0,1 : 13.1815
1,0,0,1,0,0,0,0,0,1,1,0,1,0,1,0,0,1,1,1,1,0,1,0,0,1,0,1,0,1,0,1,0,1,0,1,0,1,1 : 13.0451
0,0,0,0,0,0,0,1,0,1,0,0,1,1,1,1,1,1,1,1,1,1,0,1,1,1,0,0,0,1,1,0,0,0,0,0,0,1,1 : 12.7139
1,0,0,0,1,1,1,1,1,1,0,1,1,0,0,1,0,0,0,1,0,1,1,0,0,1,1,0,0,0,0,0,0,1,0,1,1,1,0 : 14.3553
0,0,0,1,0,0,1,0,0,0,1,0,1,1,1,0,0,1,1,1,0,0,0,1,0,0,1,0,0,1,0,0,0,1,0,0,0,1,1 : 13.0004
0,1,0,1,0,0,1,0,1,0,0,1,1,1,0,0,1,1,1,1,1,0,1,1,1,1,0,1,0,1,0,1,1,0,0,0,1,0,1 : 13.0713
1,1,0,1,1,0,1,0,1,1,1,0,1,1,1,1,0,0,0,0,1,1,0,1,0,1,1,1,0,1,0,0,1,0,0,1,1,1,0 : 13.1294
1,0,0,1,1,0,1,0,1,1,1,1,0,0,0,0,1,1,1,1,1,0,0,0,0,0,0,0,1,1,1,1,1,0,0,1,1,0,0 : 13.0713
1,0,0,0,1,0,0,0,1,0,1,1,1,0,0,1,1,0,1,1,1,0,0,1,0,1,1,1,0,0,1,1,1,0,0,0,0,0,0 : 13.0972
0,1,0,1,0,0,1,1,1,1,0,1,1,0,0,1,1,0,1,0,1,1,0,0,1,0,1,0,1,0,1,0,1,0,0,1,0,0,0 : 13.1294
0,1,1,0,0,0,1,1,0,0,1,1,0,1,1,1,0,1,1,1,1,1,1,0,0,0,1,0,0,1,0,0,1,1,0,0,0,0,0 : 12.8185
1,0,0,0,0,0,0,0,0,1,0,0,0,1,1,1,1,0,1,0,1,1,1,1,0,0,1,0,1,0,0,0,1,0,0,1,1,0,0 : 13.0015
1,1,1,0,1,0,0,0,0,1,0,1,1,1,1,1,1,0,0,0,0,1,1,1,0,0,1,0,1,1,0,0,0,0,1,1,0,0,0 : 13.1815
0,0,0,1,0,1,0,0,0,0,1,0,1,0,0,0,0,0,0,0,1,0,1,0,0,0,1,1,0,0,1,0,0,0,1,0,0,1,0 : 13.0686
0,1,0,0,0,0,0,1,1,1,0,0,1,1,1,1,0,1,1,1,0,0,0,0,0,1,0,0,1,1,1,1,1,0,0,0,1,1,0 : 13.0004
0,0,1,1,0,0,0,1,0,0,1,0,1,0,0,0,0,1,1,1,0,0,0,1,1,1,0,0,1,1,0,0,1,0,0,1,0,1,1 : 13.0004
0,1,1,1,0,0,0,1,1,0,1,0,1,0,1,1,1,1,1,0,0,0,1,1,0,1,1,0,0,0,1,1,1,0,1,1,0,0,0 : 13.0412
1,1,0,0,0,0,1,0,0,1,1,0,0,0,0,1,1,1,1,1,0,0,0,1,0,1,1,0,1,1,0,0,0,1,1,1,0,0,0 : 13.1543
0,0,0,0,0,0,1,0,1,0,0,0,0,0,1,1,1,1,1,1,0,1,0,1,0,1,0,0,0,0,1,0,1,1,0,1,1,0,0 : 13.2594
1,0,0,1,0,1,0,0,0,1,1,0,0,1,0,0,1,0,0,0,1,0,1,1,0,1,1,1,0,0,1,0,0,0,1,0,0,1,0 : 13.0686
1,0,0,0,0,0,1,1,0,1,1,0,1,1,1,1,0,0,0,1,1,0,0,0,1,1,0,0,0,0,0,0,1,0,0,0,1,1,1 : 13.0135
0,0,0,0,1,1,1,1,1,1,0,0,1,1,1,0,0,0,1,1,1,0,1,1,0,1,1,0,0,1,0,1,0,1,0,1,1,1,0 : 14.3553
1,0,0,1,1,0,1,1,0,0,1,0,1,1,1,1,1,0,1,0,0,1,0,1,0,0,1,0,1,0,1,0,1,1,1,1,0,0,0 : 13.1305
0,0,0,0,1,0,0,0,1,0,0,0,1,0,1,0,0,1,1,1,1,1,0,0,0,0,1,0,1,0,1,0,1,1,0,1,1,1,1 : 12.7139
0,0,0,0,0,0,1,1,1,0,1,1,0,1,0,0,1,0,1,0,1,0,0,0,0,1,1,0,1,1,0,0,1,1,0,0,1,0,1 : 13.6216
0,0,0,1,1,0,0,0,0,1,1,1,1,1,0,0,1,1,0,1,1,1,1,0,1,0,1,0,0,1,0,0,1,1,0,1,0,0,0 : 12.8051
0,1,0,0,1,0,0,0,1,1,1,1,1,1,1,0,0,1,0,1,1,0,1,1,0,1,0,0,0,0,0,0,1,1,0,1,0,1,1 : 12.8051
0,1,1,0,1,0,0,0,0,0,0,1,0,0,1,0,0,1,0,0,1,0,0,1,1,0,1,1,1,0,0,0,0,0,0,0,1,0,1 : 12.6091
1,1,0,0,1,1,0,0,0,0,0,1,0,1,0,1,1,1,0,0,1,0,1,0,0,0,1,0,0,1,1,0,1,1,0,1,1,1,1 : 13.0686
1,0,0,0,0,1,1,1,0,0,1,0,1,1,1,0,0,1,0,0,0,0,1,1,0,1,1,0,0,1,1,0,0,1,0,0,1,1,1 : 13.0854
0,0,1,1,0,0,0,0,1,1,1,1,1,0,0,1,0,1,0,1,1,1,0,0,1,0,1,1,1,0,0,0,0,1,0,1,0,0,1 : 12.8051
0,0,0,1,0,1,1,1,1,1,0,1,1,0,1,0,0,0,1,1,0,1,1,0,0,1,1,1,1,0,0,0,1,1,0,1,1,1,1 : 14.3553
0,0,0,0,1,1,0,1,0,1,0,1,0,1,1,0,1,0,0,0,1,0,1,0,0,0,1,1,1,0,0,0,1,0,0,0,1,1,0 : 13.0686
