1,1,1,1,0,0,0,1,1,0,1,0,1,1,0,0 : 246.273
1,1,1,1,0,0,0,1,1,0,1,0,1,1,0,0 : 246.273
1,1,1,0,0,0,0,1,1,0,1,0,1,1,0,0 : 246.41
1,1,1,0,0,0,0,1,1,0,1,0,1,1,0,0 : 246.41
1,1,1,0,0,0,0,1,1,0,1,0,1,1,0,0 : 246.41
1,1,1,0,0,0,0,1,1,0,1,0,1,1,0,0 : 246.41
1,1,1,0,1,0,1,1,1,1,0,0,1,1,0,0 : 249.607
1,1,1,0,1,0,1,1,1,1,0,0,1,1,0,0 : 249.607
1,1,1,0,1,0,1,1,1,1,0,0,1,1,0,0 : 249.607
1,1,1,0,1,0,1,1,1,1,0,0,1,1,0,0 : 249.607
1,1,1,0,1,0,1,1,1,0,0,1,1,1,0,0 : 252.963
1,1,1,0,1,0,1,1,1,0,0,1,1,1,0,0 : 252.963
1,1,1,0,1,0,1,1,1,0,0,1,1,1,0,0 : 252.963
1,1,1,0,1,0,1,1,1,0,0,1,1,1,0,0 : 252.963
1,1,1,0,1,0,1,1,1,0,0,1,1,1,0,0 : 252.963
1,1,1,0,1,0,1,1,1,0,0,1,1,1,0,0 : 252.963
1,1,1,0,1,0,1,1,1,0,0,1,1,1,0,0 : 252.963
1,1,1,0,1,0,1,1,1,0,0,1,1,1,0,0 : 252.963
1,1,0,0,0,0,1,0,1,1,0,0,1,1,0,0 : 254.587
1,1,0,0,0,0,1,0,1,1,0,0,1,1,0,0 : 254.587
1,1,0,0,0,0,1,0,1,1,0,0,1,1,0,0 : 254.587
1,1,0,0,0,0,1,0,1,1,0,0,1,1,0,0 : 254.587
1,1,0,0,0,0,1,0,1,1,0,0,1,1,0,0 : 254.587
1,1,0,0,0,0,1,0,1,1,0,0,1,1,0,0 : 254.587
1,1,0,0,0,0,1,0,1,1,0,0,1,1,0,0 : 254.587
1,1,0,0,0,0,1,0,1,1,0,0,1,1,0,0 : 254.587
1,1,0,0,0,0,1,0,1,0,1,0,1,1,0,0 : 256.3399
1,1,0,0,0,0,1,0,1,0,1,0,1,1,0,0 : 256.3399
1,1,0,0,0,0,1,0,1,0,1,0,1,1,0,0 : 256.3399
1,1,0,0,0,0,1,0,1,0,1,0,1,1,0,0 : 256.3399
1,1,0,0,0,0,1,0,1,0,1,0,1,1,0,0 : 256.3399
1,1,0,0,0,0,1,0,1,0,1,0,1,1,0,0 : 256.3399
1,1,0,0,0,0,1,0,1,0,1,0,1,1,0,0 : 256.3399
1,1,0,0,0,0,1,0,1,0,1,0,1,1,0,0 : 256.3399
1,1,0,1,0,0,0,0,1,0,0,1,1,1,0,0 : 257.407
1,1,0,1,0,0,1,0,1,0,0,1,1,1,0,0 : 257.407
1,1,0,1,0,0,0,0,1,0,0,1,1,1,0,0 : 257.407
1,1,0,1,0,0,1,0,1,0,0,1,1,1,0,0 : 257.407
1,1,0,1,0,0,0,1,1,0,0,1,1,1,0,0 : 257.45
1,1,0,1,0,0,0,1,1,0,0,1,1,1,0,0 : 257.45
1,1,0,1,0,0,0,1,1,0,0,1,1,1,0,0 : 257.45
1,1,0,1,0,0,0,1,1,0,0,1,1,1,0,0 : 257.45
1,1,0,1,0,0,0,1,1,0,0,1,1,1,0,0 : 257.45
1,1,0,1,0,0,0,1,1,0,0,1,1,1,0,0 : 257.45
1,1,0,0,0,0,0,1,1,0,0,1,1,1,0,0 : 257.927
1,1,0,0,0,0,0,0,1,0,0,1,1,1,0,0 : 257.927
1,1,0,0,0,0,0,1,1,0,0,1,1,1,0,0 : 257.927
1,1,0,0,0,0,0,0,1,0,0,1,1,1,0,0 : 257.927
1,1,0,0,0,0,0,1,1,0,0,1,1,1,0,0 : 257.927
1,1,0,0,0,0,0,0,1,0,0,1,1,1,0,0 : 257.927
1,1,0,0,0,0,0,1,1,0,0,1,1,1,0,0 : 257.927
1,1,0,0,0,0,0,0,1,0,0,1,1,1,0,0 : 257.927
1,1,0,0,0,0,0,0,1,0,0,1,1,1,0,0 : 257.927
1,1,0,0,0,0,0,0,1,0,0,1,1,1,0,0 : 257.927
1,1,0,0,0,0,0,1,1,0,0,1,1,1,0,0 : 257.927
1,1,0,0,0,0,0,0,1,0,0,1,1,1,0,0 : 257.927
1,1,0,0,0,0,0,1,1,0,0,1,1,1,0,0 : 257.927
1,1,0,0,0,0,0,0,1,0,0,1,1,1,0,0 : 257.927
1,1,0,0,0,0,0,1,1,0,0,1,1,1,0,0 : 257.927
1,1,0,0,0,0,0,0,1,0,0,1,1,1,0,0 : 257.927
1,1,0,0,0,0,0,1,1,0,0,1,1,1,0,0 : 257.927
1,1,0,0,0,0,0,0,1,0,0,1,1,1,0,0 : 257.927
1,1,0,0,0,0,0,0,1,0,0,1,1,1,0,0 : 257.927
1,1,0,0,0,0,0,0,1,0,0,1,1,1,0,0 : 257.927
1,1,0,0,0,0,1,0,1,0,0,1,1,1,0,0 : 258.113
1,1,0,0,0,0,1,0,1,0,0,1,1,1,0,0 : 258.113
1,0,1,0,0,0,0,0,1,1,0,0,1,1,0,0 : 260.38
1,0,1,0,0,0,0,0,1,1,0,0,1,1,0,0 : 260.38
1,0,1,0,0,0,0,0,1,1,0,0,1,1,0,0 : 260.38
1,0,1,0,0,0,0,0,1,1,0,0,1,1,0,0 : 260.38
1,0,1,1,0,0,0,1,1,0,1,0,1,1,0,0 : 262.233
1,0,1,1,0,0,0,1,1,0,1,0,1,1,0,0 : 262.233
1,0,1,1,0,0,0,1,1,0,1,0,1,1,0,0 : 262.233
1,0,1,1,0,0,0,1,1,0,1,0,1,1,0,0 : 262.233
1,1,0,0,1,0,1,1,1,0,0,1,1,1,0,0 : 263.207
1,1,0,0,1,0,1,1,1,0,0,1,1,1,0,0 : 263.207
1,1,0,0,1,0,1,1,1,0,0,1,1,1,0,0 : 263.207
1,1,0,0,1,0,1,1,1,0,0,1,1,1,0,0 : 263.207
1,1,0,0,1,0,1,1,1,0,0,1,1,1,0,0 : 263.207
1,1,0,0,1,0,1,1,1,0,0,1,1,1,0,0 : 263.207
1,1,0,0,1,0,0,1,1,0,0,1,1,1,0,0 : 263.207
1,1,0,0,1,0,1,1,1,0,0,1,1,1,0,0 : 263.207
1,1,0,0,1,0,1,1,1,0,0,1,1,1,0,0 : 263.207
1,1,0,0,1,0,1,1,1,0,0,1,1,1,0,0 : 263.207
1,1,0,0,1,0,1,1,1,0,0,1,1,1,0,0 : 263.207
1,1,0,0,1,0,1,1,1,0,0,1,1,1,0,0 : 263.207
1,1,0,0,1,0,1,1,1,0,0,1,1,1,0,0 : 263.207
1,1,0,0,1,0,0,1,1,0,0,1,1,1,0,0 : 263.207
1,0,1,0,0,0,1,1,1,0,0,1,1,1,0,0 : 263.363
1,0,1,0,0,0,1,1,1,0,0,1,1,1,0,0 : 263.363
1,0,1,1,1,0,1,1,1,1,0,0,1,1,0,0 : 266.67
1,0,1,1,1,0,1,1,1,1,0,0,1,1,0,0 : 266.67
1,0,1,1,1,0,1,1,1,1,0,0,1,1,0,0 : 266.67
1,0,1,1,1,0,1,1,1,1,0,0,1,1,0,0 : 266.67
1,0,0,0,0,0,0,0,1,1,0,0,1,1,0,0 : 268.17
1,0,0,0,0,0,0,0,1,1,0,0,1,1,0,0 : 268.17
1,1,1,0,0,1,1,0,1,0,0,1,1,1,0,0 : 275.923
1,1,1,0,0,1,1,0,1,0,0,1,1,1,0,0 : 275.923
1,1,1,0,0,1,1,0,1,0,0,1,1,1,0,0 : 275.923
1,1,1,0,0,1,1,0,1,0,0,1,1,1,0,0 : 275.923
