1,1,0,0,0,0,0,1,1,1,0,0,1,1,0,0 : 254.707
1,1,0,0,0,0,0,1,1,1,0,0,1,1,0,0 : 254.707
1,1,0,0,0,0,0,0,1,0,1,0,1,1,0,0 : 256.333
1,1,0,0,0,0,0,0,1,0,1,0,1,1,0,0 : 256.333
1,1,0,0,0,0,0,0,1,0,1,0,1,1,0,0 : 256.333
1,1,0,0,0,0,0,0,1,0,1,0,1,1,0,0 : 256.333
1,1,0,0,0,0,0,0,1,0,1,0,1,1,0,0 : 256.333
1,1,0,0,0,0,0,0,1,0,1,0,1,1,0,0 : 256.333
1,1,0,1,0,0,0,0,1,0,0,1,1,1,0,0 : 257.407
1,1,0,1,0,0,0,0,1,0,0,1,1,1,0,0 : 257.407
1,1,0,1,0,0,0,0,1,0,0,1,1,1,0,0 : 257.407
1,1,0,1,0,0,0,0,1,0,0,1,1,1,0,0 : 257.407
1,1,0,1,0,0,0,0,1,0,0,1,1,1,0,0 : 257.407
1,1,0,1,0,0,0,0,1,0,0,1,1,1,0,0 : 257.407
1,1,0,1,0,0,0,0,1,0,0,1,1,1,0,0 : 257.407
1,1,0,1,0,0,0,0,1,0,0,1,1,1,0,0 : 257.407
1,0,1,0,0,0,0,0,1,1,0,0,1,1,0,0 : 260.38
1,0,1,0,0,0,0,0,1,1,0,0,1,1,0,0 : 260.38
1,1,0,0,1,0,0,1,1,1,0,0,1,1,0,0 : 261.31
1,1,0,0,1,0,0,1,1,1,0,0,1,1,0,0 : 261.31
1,0,1,1,0,0,1,1,1,0,1,0,1,1,0,0 : 262.17
1,0,1,1,0,0,1,1,1,0,1,0,1,1,0,0 : 262.17
1,0,1,1,0,0,1,1,1,0,1,0,1,1,0,0 : 262.17
1,0,1,1,0,0,1,1,1,0,1,0,1,1,0,0 : 262.17
1,0,1,1,0,0,1,1,1,0,1,0,1,1,0,0 : 262.17
1,0,1,1,0,0,1,1,1,0,1,0,1,1,0,0 : 262.17
1,0,1,1,0,0,0,1,1,0,1,0,1,1,0,0 : 262.233
1,0,1,1,0,0,0,1,1,0,1,0,1,1,0,0 : 262.233
1,0,1,1,0,0,0,1,1,0,1,0,1,1,0,0 : 262.233
1,0,1,1,0,0,0,1,1,0,1,0,1,1,0,0 : 262.233
1,0,1,1,0,0,0,1,1,0,1,0,1,1,0,0 : 262.233
1,0,1,1,0,0,0,1,1,0,1,0,1,1,0,0 : 262.233
1,0,1,1,0,0,0,1,1,0,1,0,1,1,0,0 : 262.233
1,0,1,0,0,0,0,0,1,0,1,0,1,1,0,0 : 262.233
1,0,1,1,0,0,0,1,1,0,1,0,1,1,0,0 : 262.233
1,0,1,1,0,0,0,1,1,0,1,0,1,1,0,0 : 262.233
1,0,1,1,0,0,0,1,1,0,1,0,1,1,0,0 : 262.233
1,0,1,1,0,0,0,1,1,0,1,0,1,1,0,0 : 262.233
1,0,1,1,0,0,0,1,1,0,1,0,1,1,0,0 : 262.233
1,0,1,1,0,0,0,1,1,0,1,0,1,1,0,0 : 262.233
1,0,1,1,0,0,0,1,1,0,1,0,1,1,0,0 : 262.233
1,0,1,1,0,0,0,1,1,0,1,0,1,1,0,0 : 262.233
1,0,1,1,0,0,0,1,1,0,1,0,1,1,0,0 : 262.233
1,0,1,0,0,0,0,0,1,0,1,0,1,1,0,0 : 262.233
1,0,1,1,0,0,0,1,1,0,1,0,1,1,0,0 : 262.233
1,0,1,1,0,0,0,1,1,0,1,0,1,1,0,0 : 262.233
1,1,0,0,1,0,0,0,1,0,0,1,1,1,0,0 : 263.207
1,1,0,0,1,0,1,0,1,0,0,1,1,1,0,0 : 263.207
1,1,0,0,1,0,1,0,1,0,0,1,1,1,0,0 : 263.207
1,1,0,0,1,0,1,1,1,0,1,0,1,1,0,0 : 263.207
1,1,0,0,1,0,0,0,1,0,0,1,1,1,0,0 : 263.207
1,1,0,0,1,0,1,0,1,0,0,1,1,1,0,0 : 263.207
1,1,0,0,1,0,0,0,1,0,0,1,1,1,0,0 : 263.207
1,1,0,0,1,0,1,0,1,0,0,1,1,1,0,0 : 263.207
1,1,0,0,1,0,1,0,1,0,0,1,1,1,0,0 : 263.207
1,1,0,0,1,0,1,1,1,0,1,0,1,1,0,0 : 263.207
1,1,0,0,1,0,0,0,1,0,0,1,1,1,0,0 : 263.207
1,1,0,0,1,0,1,0,1,0,0,1,1,1,0,0 : 263.207
1,1,0,1,1,0,0,0,1,0,0,1,1,1,0,0 : 263.847
1,1,0,1,1,0,0,0,1,0,0,1,1,1,0,0 : 263.847
1,1,0,1,1,0,0,0,1,0,0,1,1,1,0,0 : 263.847
1,1,0,1,1,0,0,0,1,0,0,1,1,1,0,0 : 263.847
1,0,0,0,0,0,0,0,1,1,0,0,1,1,0,0 : 268.17
1,0,0,0,0,0,0,0,1,1,0,0,1,1,0,0 : 268.17
1,0,0,0,1,0,0,0,1,0,0,1,1,1,0,0 : 276.103
1,0,0,0,1,0,0,0,1,0,0,1,1,1,0,0 : 276.103
1,0,0,0,1,0,0,0,1,0,0,1,1,1,0,0 : 276.103
1,0,0,0,1,0,0,0,1,0,0,1,1,1,0,0 : 276.103
1,0,0,0,1,0,1,0,1,1,0,0,1,1,0,0 : 279.097
1,0,0,0,1,0,1,0,1,1,0,0,1,1,0,0 : 279.097
1,0,0,1,1,0,1,0,1,1,0,0,1,1,0,0 : 279.097
1,0,0,0,1,0,1,0,1,1,0,0,1,1,0,0 : 279.097
1,0,0,0,1,0,1,0,1,1,0,0,1,1,0,0 : 279.097
1,0,0,0,1,0,1,0,1,1,0,0,1,1,0,0 : 279.097
1,0,0,0,1,0,1,0,1,1,0,0,1,1,0,0 : 279.097
1,0,0,0,1,0,1,0,1,1,0,0,1,1,0,0 : 279.097
1,0,0,0,1,0,1,0,1,1,0,0,1,1,0,0 : 279.097
1,0,0,0,1,0,1,0,1,1,0,0,1,1,0,0 : 279.097
1,0,0,1,1,0,1,0,1,1,0,0,1,1,0,0 : 279.097
1,0,0,0,1,0,1,0,1,1,0,0,1,1,0,0 : 279.097
1,0,0,0,1,0,1,0,1,1,0,0,1,1,0,0 : 279.097
1,0,0,0,1,0,1,0,1,1,0,0,1,1,0,0 : 279.097
1,0,0,0,1,0,1,0,1,1,0,0,1,1,0,0 : 279.097
1,0,0,0,1,0,1,0,1,1,0,0,1,1,0,0 : 279.097
1,1,0,1,0,1,1,1,1,1,0,0,1,1,0,0 : 286.43
1,1,0,1,0,1,1,1,1,1,0,0,1,1,0,0 : 286.43
1,1,0,1,0,1,1,1,1,1,0,0,1,1,0,0 : 286.43
1,1,0,1,0,1,1,1,1,0,1,0,1,1,0,0 : 286.43
1,1,0,1,0,1,1,1,1,1,0,0,1,1,0,0 : 286.43
1,1,0,1,0,1,1,1,1,1,0,0,1,1,0,0 : 286.43
1,1,0,1,0,1,1,1,1,1,0,0,1,1,0,0 : 286.43
1,1,0,1,0,1,1,1,1,0,1,0,1,1,0,0 : 286.43
1,1,0,0,0,1,0,1,1,0,0,1,1,1,0,0 : 287.037
1,1,0,0,0,1,0,1,1,0,0,1,1,1,0,0 : 287.037
1,1,0,0,0,1,0,1,1,0,0,1,1,1,0,0 : 287.037
1,1,0,0,0,1,0,1,1,0,0,1,1,1,0,0 : 287.037
1,1,0,1,1,1,1,1,1,1,0,0,1,1,0,0 : 291.01
1,1,0,1,1,1,1,1,1,1,0,0,1,1,0,0 : 291.01
1,1,0,1,1,1,1,1,1,0,1,0,1,1,0,0 : 291.067
1,1,0,1,1,1,1,1,1,0,1,0,1,1,0,0 : 291.067
