1,0,0,0,0,0,0,0,0,1,0 : 199.6833
1,0,0,0,1,0,0,1,1,1,0 : 199.6833
1,0,0,0,0,1,0,1,1,0,1 : 213.5333
1,0,1,0,0,0,1,0,0,1,0 : 218.89
1,0,0,0,0,0,0,0,1,0,0 : 201.1533
1,0,0,0,1,0,0,1,1,1,0 : 199.6833
1,0,0,0,0,0,0,0,0,1,0 : 199.6833
1,0,0,0,0,0,0,0,1,1,0 : 199.6833
1,0,0,0,1,0,0,0,0,1,0 : 199.6833
1,0,0,0,1,0,0,1,1,1,0 : 199.6833
1,0,0,0,0,1,1,1,0,1,1 : 214.6533
1,0,0,0,0,0,0,1,0,1,0 : 199.6833
1,0,0,0,1,0,0,1,1,1,0 : 199.6833
1,0,0,0,0,0,0,1,0,1,0 : 199.6833
1,0,0,0,1,0,0,0,0,1,0 : 199.6833
1,0,0,0,1,0,0,1,0,1,0 : 199.6833
1,0,0,0,0,0,0,0,0,1,0 : 199.6833
1,0,0,0,1,0,0,0,0,1,0 : 199.6833
1,0,0,0,0,0,0,0,0,1,0 : 199.6833
1,0,0,0,1,0,0,1,1,1,0 : 199.6833
1,0,0,0,0,0,0,1,1,1,0 : 199.6833
1,0,0,0,1,0,0,0,1,1,0 : 199.6833
1,0,0,0,1,0,1,0,0,1,0 : 202.68
1,0,0,0,0,0,0,1,0,1,0 : 199.6833
1,0,0,0,0,1,0,1,0,1,0 : 201.9733
1,0,0,0,1,0,0,0,1,1,0 : 199.6833
1,0,0,0,0,0,0,0,0,1,0 : 199.6833
1,0,0,0,1,0,0,1,0,1,0 : 199.6833
1,0,0,0,1,0,0,1,0,0,0 : 199.9533
1,0,0,0,0,1,0,1,1,0,0 : 202.9366
1,0,0,0,1,1,0,1,1,0,1 : 213.9966
1,0,0,0,1,0,0,0,1,1,0 : 199.6833
1,0,0,0,1,0,0,1,0,0,0 : 199.9533
1,0,0,0,0,0,0,0,0,0,0 : 201.1533
1,0,0,0,0,0,0,1,1,1,0 : 199.6833
1,0,0,0,0,0,0,1,1,1,0 : 199.6833
1,0,0,0,0,1,0,0,0,1,0 : 200.38
1,0,0,0,1,1,0,0,0,0,0 : 203.9333
1,0,0,0,1,0,1,1,0,1,0 : 202.68
1,0,0,0,1,0,0,1,0,1,0 : 199.6833
1,0,0,0,0,0,0,0,0,1,0 : 199.6833
1,0,0,0,0,0,0,1,0,1,0 : 199.6833
1,0,0,0,1,1,0,1,0,1,0 : 201.9733
1,0,0,0,1,1,0,1,0,1,0 : 201.9733
1,0,0,0,1,1,0,0,0,1,0 : 200.38
1,0,0,0,1,1,0,1,1,1,0 : 201.9733
1,0,0,0,1,0,0,1,1,1,0 : 199.6833
1,0,0,0,1,1,0,1,0,0,0 : 202.9366
1,0,0,0,1,0,0,0,0,1,0 : 199.6833
1,0,0,0,0,0,0,1,0,1,0 : 199.6833
1,0,0,0,1,0,0,1,0,1,0 : 199.6833
1,0,0,0,0,0,0,0,1,1,0 : 199.6833
1,0,0,0,0,1,1,0,1,0,0 : 203.9766
1,0,0,0,0,0,0,1,0,1,0 : 199.6833
1,0,0,0,0,0,0,1,1,1,0 : 199.6833
1,0,0,0,1,0,0,0,1,1,0 : 199.6833
1,0,0,0,0,0,0,1,0,1,0 : 199.6833
1,0,0,0,1,0,0,1,1,1,0 : 199.6833
1,0,0,0,1,0,1,1,1,1,0 : 202.68
1,0,0,0,1,0,0,1,0,1,1 : 215.1833
1,0,0,0,0,0,0,0,0,1,0 : 199.6833
1,0,0,0,0,1,0,1,1,0,0 : 202.9366
1,0,0,0,0,0,1,0,0,1,0 : 200.66
1,0,0,0,0,0,0,0,0,1,0 : 199.6833
1,0,0,0,0,0,0,1,1,0,0 : 199.9533
1,0,0,0,1,0,0,0,1,1,0 : 199.6833
1,1,0,0,1,0,0,0,1,0,0 : 219.1533
1,0,0,0,0,0,0,1,0,1,0 : 199.6833
1,0,0,0,1,0,0,1,1,1,0 : 199.6833
1,0,0,0,1,0,0,1,1,1,0 : 199.6833
1,0,0,0,0,0,0,0,0,1,0 : 199.6833
1,0,0,0,1,0,0,0,1,1,0 : 199.6833
1,0,0,0,1,0,0,0,1,1,0 : 199.6833
1,0,0,0,0,1,0,1,0,0,0 : 202.9366
1,0,0,0,0,0,0,0,0,1,0 : 199.6833
1,0,0,0,0,0,0,1,0,1,0 : 199.6833
1,0,0,0,1,0,0,0,0,1,0 : 199.6833
1,0,0,0,1,0,0,1,1,1,0 : 199.6833
1,0,0,0,1,0,0,0,1,1,0 : 199.6833
1,0,0,1,0,0,0,0,0,1,0 : 207.7466
1,0,0,0,1,0,0,0,0,1,0 : 199.6833
1,0,0,0,1,1,0,1,0,0,0 : 202.9366
1,0,0,0,1,0,0,1,1,1,0 : 199.6833
1,0,0,0,1,0,0,1,0,1,0 : 199.6833
1,0,0,0,0,0,0,0,0,0,0 : 201.1533
1,0,0,0,0,0,0,0,0,1,0 : 199.6833
1,0,0,0,1,0,0,0,1,0,0 : 201.5466
1,0,0,0,1,0,0,1,1,1,0 : 199.6833
1,0,0,0,0,0,0,0,0,1,0 : 199.6833
1,0,0,0,0,0,0,0,1,1,0 : 199.6833
1,0,0,0,0,0,0,0,0,1,0 : 199.6833
1,0,0,0,0,0,1,0,0,1,0 : 200.66
1,0,0,0,1,0,0,1,0,0,0 : 199.9533
1,0,0,0,1,0,0,1,0,0,0 : 199.9533
1,0,0,0,1,0,0,1,1,1,0 : 199.6833
1,0,0,0,0,0,0,1,0,1,0 : 199.6833
1,0,0,0,0,1,0,0,0,1,0 : 200.38
1,0,0,0,1,0,0,1,1,0,0 : 199.9533
1,0,0,0,0,0,0,1,1,1,0 : 199.6833
1,0,0,0,1,1,0,1,1,0,1 : 213.9966
