0,1,0,1,0,0,0,1,0,0,1,0,0,1,1,0,1,1,1,1,1,0,1,1,0,0,1,0,1,1,1,1,1,0,0,1,1,0,1 : 12.6877
0,1,0,1,0,0,0,1,0,0,1,0,0,1,1,0,1,1,1,1,1,0,1,1,0,0,1,0,1,1,1,1,1,0,0,1,1,0,1 : 12.6877
0,1,0,1,0,0,0,1,0,1,1,0,0,1,1,0,1,1,1,1,1,1,1,1,0,0,1,0,1,1,1,1,1,0,0,1,1,0,1 : 12.6877
0,1,0,1,0,0,0,1,0,0,1,0,0,1,1,0,1,1,1,1,1,0,1,1,0,0,1,0,1,1,1,1,1,0,0,1,1,0,1 : 12.6877
0,1,0,1,0,0,0,1,0,0,1,0,0,1,1,0,1,1,1,1,1,0,1,1,0,0,1,0,1,1,1,1,1,0,0,1,1,0,1 : 12.6877
0,1,0,1,0,0,0,1,0,1,1,0,0,1,1,0,1,1,1,1,1,1,1,1,0,0,1,0,1,1,1,1,1,0,0,1,1,0,1 : 12.6877
0,0,0,1,1,0,0,1,1,1,1,0,1,0,1,0,1,0,1,1,0,0,0,1,0,0,1,1,0,1,0,1,0,1,0,1,0,0,0 : 13.0344
0,0,0,1,1,0,0,1,1,1,0,0,0,0,1,0,0,0,1,1,0,1,0,0,0,0,0,1,0,1,0,1,0,1,0,1,1,1,0 : 13.0344
1,1,1,0,1,0,0,0,0,0,0,0,0,0,1,0,0,0,0,1,0,0,1,1,0,0,0,0,1,1,1,0,0,0,0,0,1,0,0 : 13.0344
0,0,0,1,1,0,0,1,1,1,1,0,1,0,1,0,1,0,1,1,0,0,0,1,0,0,1,1,0,1,0,1,0,1,0,1,0,0,0 : 13.0344
0,0,0,1,1,0,0,1,1,1,0,0,0,0,1,0,0,0,1,1,0,1,0,0,0,0,0,1,0,1,0,1,0,1,0,1,1,1,0 : 13.0344
1,1,1,0,1,0,0,0,0,0,0,0,0,0,1,0,0,0,0,1,0,0,1,1,0,0,0,0,1,1,1,0,0,0,0,0,1,0,0 : 13.0344
0,1,0,1,1,1,0,1,1,1,1,0,1,0,1,1,1,1,0,1,1,1,1,1,0,0,1,0,1,1,0,1,0,1,0,0,1,1,0 : 13.0451
0,1,0,1,1,1,0,1,1,1,1,0,1,0,1,1,1,1,0,1,1,1,1,1,0,0,1,0,1,1,0,1,0,1,0,0,1,1,0 : 13.0451
0,1,0,0,0,0,0,0,1,0,0,1,0,1,1,0,0,0,0,0,1,1,0,1,0,1,0,0,1,0,0,0,1,0,1,1,0,0,0 : 13.0713
0,1,0,0,0,0,0,0,1,0,1,1,0,1,1,0,0,0,0,0,1,1,0,1,0,1,0,0,1,0,0,0,1,0,0,1,0,0,1 : 13.0713
0,1,0,0,0,0,0,0,1,0,0,1,0,1,1,0,0,0,0,0,1,1,0,1,0,1,0,0,1,0,0,0,1,0,1,1,0,0,0 : 13.0713
0,1,0,0,0,0,0,0,1,0,1,1,0,1,1,0,0,0,0,0,1,1,0,1,0,1,0,0,1,0,0,0,1,0,0,1,0,0,1 : 13.0713
0,0,0,1,0,1,0,1,0,0,1,0,1,0,0,0,1,0,0,1,1,0,1,0,0,0,1,0,0,0,1,0,0,1,0,1,0,1,0 : 13.0854
0,0,0,1,0,1,0,1,0,0,1,0,1,0,0,0,1,0,0,1,1,0,1,0,0,0,1,0,0,0,1,0,0,1,0,1,0,1,0 : 13.0854
0,1,0,1,1,1,0,1,1,1,0,0,0,0,1,1,0,1,0,1,1,1,1,1,0,0,1,0,1,1,0,1,0,1,0,0,1,1,0 : 13.1354
0,1,0,1,1,1,0,1,1,1,0,0,0,0,1,1,0,1,0,1,1,1,1,1,1,0,1,0,1,1,0,1,0,1,0,0,1,1,0 : 13.1354
0,1,0,1,1,1,0,1,1,1,0,0,0,0,1,1,0,1,0,1,1,1,1,1,0,0,1,0,1,1,0,1,0,1,0,0,1,1,0 : 13.1354
1,1,0,0,0,0,0,0,1,1,1,1,0,1,0,0,0,1,1,1,0,1,0,1,0,0,0,0,1,1,1,0,1,0,1,0,0,0,1 : 13.1354
1,1,1,0,1,0,0,0,0,0,0,0,0,0,1,0,0,1,0,1,0,1,1,1,0,0,0,0,0,1,0,0,0,0,0,0,1,0,0 : 13.1354
0,1,0,1,1,1,0,1,1,1,0,0,0,0,1,1,0,1,0,1,1,1,1,1,0,0,1,0,1,1,0,1,0,1,0,0,1,1,0 : 13.1354
0,1,0,1,1,1,0,1,1,1,0,0,0,0,1,1,0,1,0,1,1,1,1,1,1,0,1,0,1,1,0,1,0,1,0,0,1,1,0 : 13.1354
0,1,0,1,1,1,0,1,1,1,0,0,0,0,1,1,0,1,0,1,1,1,1,1,0,0,1,0,1,1,0,1,0,1,0,0,1,1,0 : 13.1354
1,1,0,0,0,0,0,0,1,1,1,1,0,1,0,0,0,1,1,1,0,1,0,1,0,0,0,0,1,1,1,0,1,0,1,0,0,0,1 : 13.1354
1,1,1,0,1,0,0,0,0,0,0,0,0,0,1,0,0,1,0,1,0,1,1,1,0,0,0,0,0,1,0,0,0,0,0,0,1,0,0 : 13.1354
1,1,1,0,1,0,0,0,0,0,0,0,0,0,1,0,0,1,0,1,0,0,1,0,0,0,0,0,1,1,0,0,0,0,0,0,1,0,0 : 13.1554
1,1,1,0,1,0,0,0,0,0,0,0,0,0,1,0,0,1,0,1,0,0,1,0,0,0,0,0,1,1,0,0,0,0,0,0,1,0,0 : 13.1554
0,0,0,0,0,0,1,1,1,0,1,0,1,0,1,0,1,0,0,1,1,0,1,0,0,1,1,0,1,0,0,0,1,0,0,1,1,1,1 : 13.1655
0,0,0,0,0,0,1,1,1,0,1,0,1,0,1,0,1,0,0,1,1,0,1,0,0,1,1,0,1,0,0,0,1,0,0,1,1,1,1 : 13.1655
0,0,0,0,0,0,1,1,0,0,1,0,1,0,1,1,1,0,0,1,1,0,1,0,0,1,1,0,1,0,0,0,1,0,0,1,1,1,1 : 13.1655
0,0,0,0,0,0,1,1,1,0,1,0,1,0,1,0,1,0,0,1,1,0,1,0,0,1,1,0,1,0,0,0,1,0,0,1,1,1,1 : 13.1655
0,0,0,0,0,0,1,1,1,0,1,0,1,0,1,0,1,0,0,1,1,0,1,0,0,1,1,0,1,0,0,0,1,0,0,1,1,1,1 : 13.1655
0,0,0,0,0,0,1,1,0,0,1,0,1,0,1,1,1,0,0,1,1,0,1,0,0,1,1,0,1,0,0,0,1,0,0,1,1,1,1 : 13.1655
0,0,0,0,1,0,0,0,1,0,1,0,0,0,0,0,1,1,1,0,1,0,1,1,0,1,0,0,0,0,1,0,1,1,0,0,1,0,1 : 13.1808
1,0,1,0,1,0,0,0,0,0,1,1,0,0,0,0,1,1,0,1,1,1,1,0,0,0,1,1,0,0,1,0,0,0,1,0,0,1,0 : 13.1808
0,0,0,0,1,0,0,0,1,0,1,1,0,0,1,0,1,1,0,0,1,0,1,1,0,1,0,0,0,1,1,0,1,1,0,0,1,0,1 : 13.1808
0,0,0,0,1,0,0,1,1,0,0,1,0,0,0,0,1,1,1,1,1,0,0,0,0,1,1,1,0,0,1,0,1,1,0,1,0,1,1 : 13.1808
0,0,0,0,1,0,0,0,1,0,1,1,0,0,1,0,1,1,0,0,1,0,1,1,0,1,0,0,0,1,1,0,1,1,0,0,1,0,1 : 13.1808
1,0,1,0,1,0,0,1,1,0,1,1,0,0,0,0,1,1,0,1,1,0,1,0,0,0,1,1,0,0,1,0,0,0,1,0,0,1,0 : 13.1808
0,0,1,0,1,0,0,1,1,0,0,1,1,0,1,0,1,1,1,1,1,0,0,0,0,1,1,1,0,0,1,0,1,1,0,1,0,1,0 : 13.1808
0,0,0,0,1,0,0,0,1,0,1,0,0,0,0,0,1,1,1,0,1,0,1,1,0,1,0,0,0,0,1,0,1,1,0,0,1,0,1 : 13.1808
1,0,1,0,1,0,0,0,0,0,1,1,0,0,0,0,1,1,0,1,1,1,1,0,0,0,1,1,0,0,1,0,0,0,1,0,0,1,0 : 13.1808
0,0,0,0,1,0,0,0,1,0,1,1,0,0,1,0,1,1,0,0,1,0,1,1,0,1,0,0,0,1,1,0,1,1,0,0,1,0,1 : 13.1808
0,0,0,0,1,0,0,1,1,0,0,1,0,0,0,0,1,1,1,1,1,0,0,0,0,1,1,1,0,0,1,0,1,1,0,1,0,1,1 : 13.1808
0,0,0,0,1,0,0,0,1,0,1,1,0,0,1,0,1,1,0,0,1,0,1,1,0,1,0,0,0,1,1,0,1,1,0,0,1,0,1 : 13.1808
1,0,1,0,1,0,0,1,1,0,1,1,0,0,0,0,1,1,0,1,1,0,1,0,0,0,1,1,0,0,1,0,0,0,1,0,0,1,0 : 13.1808
0,0,1,0,1,0,0,1,1,0,0,1,1,0,1,0,1,1,1,1,1,0,0,0,0,1,1,1,0,0,1,0,1,1,0,1,0,1,0 : 13.1808
0,0,0,0,1,0,0,1,1,1,0,1,0,0,0,0,1,0,0,0,0,0,1,1,0,0,0,0,0,0,0,0,0,1,0,0,1,1,1 : 13.2462
0,0,0,0,1,0,0,1,1,1,0,1,0,0,0,0,1,0,0,0,0,0,1,1,0,0,0,0,0,0,0,0,0,1,0,0,1,1,1 : 13.2462
0,1,0,1,1,0,1,0,0,1,1,1,1,0,1,0,1,1,0,0,1,0,0,0,1,1,0,0,0,1,1,0,0,1,0,1,1,1,0 : 13.2484
0,1,0,1,1,0,1,0,0,1,1,1,1,0,1,0,1,1,0,0,1,0,0,0,1,1,0,0,0,1,1,0,0,1,0,1,1,1,0 : 13.2484
0,1,0,1,1,0,1,0,0,1,1,1,1,0,1,0,1,1,0,0,1,0,0,0,1,1,0,0,0,0,1,0,0,1,0,1,1,1,0 : 13.2484
0,1,0,1,1,0,1,0,0,1,1,1,1,0,1,0,1,1,0,0,1,0,0,0,1,1,0,0,0,0,1,0,0,1,0,1,1,1,0 : 13.2484
0,1,0,1,1,0,1,0,0,1,1,1,1,0,1,0,1,1,0,0,1,0,0,0,1,1,0,0,0,1,1,0,0,1,0,1,1,1,0 : 13.2484
0,1,0,1,1,0,1,0,0,1,1,1,1,0,1,0,1,1,0,0,1,0,0,0,1,1,0,0,0,1,1,0,0,1,0,1,1,1,0 : 13.2484
0,1,0,1,1,0,1,0,0,1,1,1,1,0,1,0,1,1,0,0,1,0,0,0,1,1,0,0,0,0,1,0,0,1,0,1,1,1,0 : 13.2484
0,1,0,1,1,0,1,0,0,1,1,1,1,0,1,0,1,1,0,0,1,0,0,0,1,1,0,0,0,0,1,0,0,1,0,1,1,1,0 : 13.2484
0,0,0,1,1,0,1,1,0,0,0,0,0,1,0,1,1,0,1,1,0,0,0,1,1,0,1,0,1,0,1,0,1,1,0,0,0,0,0 : 13.2813
0,0,0,1,0,1,1,1,0,0,1,0,0,1,1,1,0,0,0,0,1,0,0,0,0,0,1,0,0,1,0,0,1,1,0,0,1,1,0 : 13.2813
0,0,0,0,1,0,1,1,0,0,0,0,0,1,0,1,1,0,1,1,0,0,0,1,1,0,1,0,1,0,1,0,1,1,0,0,0,0,0 : 13.2813
0,0,0,1,0,1,1,1,0,0,1,0,0,1,1,1,0,0,0,0,1,0,0,1,0,0,1,0,0,1,0,0,1,1,0,0,1,1,0 : 13.2813
0,0,0,1,1,0,1,1,0,0,0,0,0,1,0,1,1,0,1,1,0,0,0,1,1,0,1,0,1,0,1,0,1,1,0,0,0,0,0 : 13.2813
0,0,0,1,0,1,1,1,0,0,1,0,0,1,1,1,0,0,0,0,1,0,0,0,0,0,1,0,0,1,0,0,1,1,0,0,1,1,0 : 13.2813
0,0,0,0,1,0,1,1,0,0,0,0,0,1,0,1,1,0,1,1,0,0,0,1,1,0,1,0,1,0,1,0,1,1,0,0,0,0,0 : 13.2813
0,0,0,1,0,1,1,1,0,0,1,0,0,1,1,1,0,0,0,0,1,0,0,1,0,0,1,0,0,1,0,0,1,1,0,0,1,1,0 : 13.2813
0,0,0,1,0,1,0,1,0,0,0,0,1,1,0,0,0,1,1,0,0,0,0,1,0,1,0,0,1,1,1,0,1,1,0,1,0,1,1 : 13.3061
0,0,0,1,0,1,0,1,0,0,0,0,1,1,0,0,0,1,1,0,0,0,0,1,0,1,0,0,1,1,1,0,1,1,0,1,0,1,1 : 13.3061
1,1,0,0,0,1,1,0,0,1,1,0,1,1,0,1,1,1,1,0,1,1,1,1,0,1,1,0,1,1,1,0,0,1,0,0,0,0,0 : 13.3568
1,1,0,0,0,1,1,1,0,1,1,0,1,1,0,1,1,1,1,0,1,1,1,0,0,1,1,0,1,1,1,0,0,1,0,0,0,0,0 : 13.3568
1,1,0,0,0,1,1,1,0,1,1,0,1,1,0,1,1,1,1,0,1,1,1,1,0,1,1,0,1,1,1,0,0,1,1,1,0,0,0 : 13.3568
1,1,0,0,0,1,1,0,0,1,1,0,1,1,0,1,1,1,1,0,1,1,1,1,0,1,1,0,1,1,1,0,0,1,0,0,0,0,0 : 13.3568
1,1,0,0,0,1,1,1,0,1,1,0,1,1,0,1,1,1,1,0,1,1,1,0,0,1,1,0,1,1,1,0,0,1,0,0,0,0,0 : 13.3568
1,1,0,0,0,1,1,1,0,1,1,0,1,1,0,1,1,1,1,0,1,1,1,1,0,1,1,0,1,1,1,0,0,1,1,1,0,0,0 : 13.3568
0,0,0,0,1,0,1,1,1,0,0,1,1,1,1,1,1,0,1,1,0,0,0,0,0,0,0,0,1,0,0,0,1,1,0,1,0,0,0 : 13.4618
0,0,0,0,1,0,1,1,1,0,0,1,1,1,1,1,1,0,1,1,0,0,0,0,0,0,0,0,1,0,0,0,1,1,0,1,0,0,0 : 13.4618
0,0,0,0,1,0,1,1,1,0,0,1,1,1,1,1,1,0,1,1,0,0,0,0,0,0,0,0,1,0,0,0,1,1,0,1,0,0,0 : 13.4618
0,0,0,0,1,0,1,1,1,0,0,1,1,1,1,1,1,0,1,1,0,0,0,0,0,0,0,0,1,0,0,0,1,1,0,1,0,0,0 : 13.4618
0,0,0,1,0,0,0,0,1,1,0,0,1,1,1,1,0,0,1,0,0,1,0,0,0,1,0,0,0,0,1,0,1,1,1,0,1,0,0 : 13.4925
0,0,0,1,0,0,0,0,1,1,0,0,1,1,1,1,0,0,1,0,0,1,0,0,0,1,0,0,0,0,1,0,1,1,1,0,1,0,0 : 13.4925
0,0,0,1,0,1,0,1,0,0,0,0,1,1,0,0,0,1,1,0,0,0,0,1,0,0,1,0,1,1,1,0,1,1,0,1,0,1,0 : 13.4937
0,0,0,1,0,1,0,1,0,0,0,0,1,1,0,0,0,1,1,1,0,0,0,1,0,0,0,0,1,0,1,0,1,1,0,1,0,1,0 : 13.4937
1,1,0,0,1,1,0,1,0,0,0,1,1,0,1,0,0,1,1,0,0,0,0,1,0,0,1,0,0,0,0,0,0,1,0,0,1,0,1 : 13.4937
0,0,0,1,0,1,0,1,0,0,0,0,1,1,0,0,0,1,1,0,0,0,0,1,0,0,1,0,1,1,1,0,1,1,0,1,0,1,0 : 13.4937
0,0,0,1,0,1,0,1,0,0,0,0,1,1,0,0,0,1,1,1,0,0,0,1,0,0,0,0,1,0,1,0,1,1,0,1,0,1,0 : 13.4937
1,1,0,0,1,1,0,1,0,0,0,1,1,0,1,0,0,1,1,0,0,0,0,1,0,0,1,0,0,0,0,0,0,1,0,0,1,0,1 : 13.4937
1,0,0,1,1,0,1,0,1,1,1,1,1,1,1,1,0,1,1,1,1,1,0,0,0,0,0,0,0,0,0,1,1,0,0,1,1,0,0 : 13.5167
1,0,0,1,1,1,1,1,0,1,1,1,0,0,0,1,0,1,0,1,1,0,1,1,0,0,1,0,0,1,0,1,1,0,0,1,0,1,1 : 13.5167
1,0,0,1,1,0,1,0,1,1,1,1,1,1,1,1,0,1,1,1,1,1,0,0,0,0,0,0,0,0,0,1,1,0,0,1,1,1,0 : 13.5167
1,0,0,1,1,0,1,0,1,1,1,1,1,1,1,1,0,1,1,1,1,1,0,0,0,0,0,0,0,0,0,1,1,0,0,1,1,0,0 : 13.5167
1,0,0,1,1,1,1,1,0,1,1,1,0,0,0,1,0,1,0,1,1,0,1,1,0,0,1,0,0,1,0,1,1,0,0,1,0,1,1 : 13.5167
1,0,0,1,1,0,1,0,1,1,1,1,1,1,1,1,0,1,1,1,1,1,0,0,0,0,0,0,0,0,0,1,1,0,0,1,1,1,0 : 13.5167
0,1,0,0,1,0,0,0,0,0,1,1,0,1,1,0,0,0,0,0,1,1,0,1,0,1,0,0,1,0,0,1,1,0,0,1,0,0,1 : 13.5954
0,1,0,0,1,0,0,0,1,0,1,1,0,1,1,0,0,0,0,0,1,1,0,1,0,1,0,0,1,0,0,0,0,0,0,1,0,0,1 : 13.5954
0,1,0,0,1,0,0,0,1,0,1,1,0,1,1,0,0,0,0,0,1,1,0,1,0,1,0,0,1,0,0,0,0,0,0,1,0,0,1 : 13.5954
0,1,0,0,1,0,0,0,0,0,1,1,0,1,1,0,0,0,0,0,1,1,0,1,0,1,0,0,1,0,0,1,1,0,0,1,0,0,1 : 13.5954
