1,0,0,0,0,0,0,0,1,1,0 : 205.0866
1,0,0,0,1,0,0,0,1,0,0 : 205.0866
1,0,0,0,1,1,1,0,1,0,0 : 205.0866
1,0,0,0,0,0,0,1,0,1,0 : 205.0866
1,0,0,0,0,1,1,0,0,1,0 : 205.0866
1,0,0,0,1,1,0,1,1,0,0 : 205.0866
1,0,0,0,0,0,0,0,0,1,0 : 205.0866
1,0,0,0,1,0,0,1,1,1,0 : 205.0866
1,0,0,0,1,0,1,0,0,1,0 : 205.0866
1,0,0,0,0,1,0,0,1,1,0 : 205.0866
1,0,1,0,0,0,0,0,0,1,0 : 218.8166
1,0,0,0,0,0,1,1,1,0,0 : 205.0866
1,0,0,0,0,1,0,0,0,1,0 : 205.0866
1,0,0,0,1,0,1,0,1,0,0 : 205.0866
1,0,0,0,1,0,0,0,1,1,0 : 205.0866
1,0,0,0,0,1,1,0,1,0,0 : 205.0866
1,0,0,0,1,1,1,0,1,1,0 : 205.0866
1,0,0,0,0,1,0,0,0,1,0 : 205.0866
1,0,0,0,0,0,1,1,1,0,0 : 205.0866
1,0,0,0,1,0,1,0,0,0,0 : 205.0866
1,0,0,0,0,0,1,1,0,1,0 : 205.0866
1,0,0,0,0,1,1,1,0,1,0 : 205.0866
1,1,0,0,1,0,0,1,0,0,1 : 230.79
1,0,0,0,1,0,0,0,0,0,0 : 205.0866
1,0,0,0,1,1,1,1,0,0,0 : 205.0866
1,0,0,0,0,1,0,1,1,1,0 : 205.0866
1,0,0,0,0,1,0,0,1,1,0 : 205.0866
1,0,0,0,0,1,0,0,0,1,0 : 205.0866
1,0,0,0,0,0,0,1,1,1,0 : 205.0866
1,0,0,0,1,1,0,0,1,0,0 : 205.0866
1,0,0,0,0,0,0,1,0,0,0 : 205.0866
1,0,0,0,0,1,0,0,1,0,0 : 205.0866
1,0,0,0,1,1,1,0,1,1,0 : 205.0866
1,0,0,0,1,0,1,1,1,0,0 : 205.0866
1,0,0,0,1,0,0,1,0,1,0 : 205.0866
1,0,0,0,0,0,0,0,1,0,0 : 205.0866
1,0,0,0,1,1,1,1,1,0,1 : 217.0733
1,0,0,0,0,0,1,1,1,0,0 : 205.0866
1,0,0,0,1,1,1,0,1,1,0 : 205.0866
1,0,0,1,0,1,0,0,0,1,0 : 214.05
1,0,0,0,0,0,1,0,1,1,0 : 205.0866
1,0,0,0,0,1,0,1,1,1,0 : 205.0866
1,0,0,0,1,1,1,0,0,1,0 : 205.0866
1,0,0,0,0,0,1,1,0,0,0 : 205.0866
1,0,0,0,0,0,0,0,0,1,0 : 205.0866
1,0,0,0,1,0,1,0,1,0,0 : 205.0866
1,0,0,0,1,1,0,1,0,0,0 : 205.0866
1,0,0,0,0,0,0,0,0,0,0 : 205.0866
1,0,0,0,1,0,1,1,1,0,0 : 205.0866
1,0,0,0,1,0,0,0,0,1,0 : 205.0866
1,0,0,0,0,0,0,0,0,1,0 : 205.0866
1,0,0,0,1,0,0,1,1,0,0 : 205.0866
1,0,0,0,0,0,0,1,0,1,0 : 205.0866
1,0,0,0,1,0,1,0,1,0,0 : 205.0866
1,0,0,0,1,1,1,1,1,1,0 : 205.0866
1,0,0,0,0,1,1,1,1,0,0 : 205.0866
1,0,0,0,1,1,0,1,0,0,0 : 205.0866
1,0,0,0,1,0,1,0,0,1,0 : 205.0866
1,0,0,0,1,0,0,1,1,1,0 : 205.0866
1,0,0,0,0,0,1,0,1,1,0 : 205.0866
1,0,0,0,0,1,1,0,0,1,0 : 205.0866
1,0,0,0,1,0,0,1,0,1,0 : 205.0866
1,0,0,0,0,0,1,1,1,0,0 : 205.0866
1,0,0,0,1,0,0,0,0,1,0 : 205.0866
1,0,0,0,1,1,1,0,0,0,0 : 205.0866
1,0,0,0,1,0,1,1,0,1,0 : 205.0866
1,0,0,0,1,0,0,1,1,0,0 : 205.0866
1,0,0,0,0,0,1,1,1,1,0 : 205.0866
1,0,0,0,1,1,0,0,1,1,0 : 205.0866
1,0,0,0,0,0,0,0,1,1,0 : 205.0866
1,0,0,0,1,1,1,1,1,0,0 : 205.0866
1,0,0,0,1,1,1,0,0,0,0 : 205.0866
1,0,0,0,1,0,1,0,1,0,0 : 205.0866
1,0,0,0,1,1,0,1,0,0,0 : 205.0866
1,0,0,0,1,1,1,1,0,1,0 : 205.0866
1,0,0,0,0,0,1,1,1,1,0 : 205.0866
1,0,0,0,1,1,0,0,1,1,0 : 205.0866
1,0,0,0,0,0,0,0,1,0,0 : 205.0866
1,0,0,1,0,1,1,1,0,0,0 : 214.05
1,0,0,0,1,0,1,0,0,1,0 : 205.0866
1,0,0,0,1,1,1,0,1,0,0 : 205.0866
1,0,0,0,0,0,0,1,0,1,0 : 205.0866
1,0,0,0,1,1,1,0,0,1,0 : 205.0866
1,0,0,0,1,0,0,1,1,1,0 : 205.0866
1,0,0,0,0,0,0,0,1,1,0 : 205.0866
1,0,0,0,1,1,0,1,0,0,0 : 205.0866
1,0,0,0,0,1,0,1,1,1,0 : 205.0866
1,0,0,0,1,0,1,1,1,1,0 : 205.0866
1,0,0,0,1,0,1,1,1,0,1 : 217.0733
1,0,0,0,1,0,0,1,1,0,0 : 205.0866
1,0,0,0,1,0,0,0,0,0,0 : 205.0866
1,0,0,0,0,1,1,0,1,1,0 : 205.0866
1,0,0,0,0,0,0,1,1,1,0 : 205.0866
1,0,0,1,0,1,0,1,0,0,0 : 214.05
1,0,0,0,0,1,0,1,0,1,0 : 205.0866
1,0,0,0,0,0,1,1,1,0,0 : 205.0866
1,0,0,0,1,1,1,0,0,0,0 : 205.0866
1,0,0,0,0,0,0,0,0,0,0 : 205.0866
1,0,0,0,0,1,0,1,1,1,0 : 205.0866
1,0,0,0,1,0,1,0,0,1,0 : 205.0866
