0,0,0,0,1,0,0,1,1,0,1,1,0,0,0,0,1,0,0,0,1,0,0,0,1,1,0,0,0,1,1,0,1,1,0,0,0,0,1 : 13.0344
0,1,0,1,1,1,1,0,0,1,1,0,0,0,1,0,1,1,0,1,1,1,0,0,0,1,1,0,0,1,1,0,1,1,0,0,1,0,0 : 12.6877
0,0,0,1,1,0,0,1,1,1,0,0,1,0,1,0,1,0,1,1,0,1,0,0,0,0,1,1,0,1,0,1,0,1,0,1,0,0,0 : 13.0344
0,0,0,0,1,0,0,0,1,0,1,0,0,0,0,0,1,1,0,0,1,0,1,1,0,1,0,0,0,0,1,0,1,1,0,0,1,0,1 : 13.1808
0,1,0,1,1,0,0,1,1,1,0,0,1,0,1,0,0,1,0,1,0,1,0,0,1,0,1,0,1,1,1,1,0,1,1,0,1,0,0 : 13.1354
1,1,0,0,0,0,0,0,1,1,1,1,0,1,0,0,0,1,1,0,0,1,1,1,0,0,0,0,1,1,1,0,1,0,1,0,0,0,1 : 13.1354
1,0,1,0,0,0,1,1,0,0,1,0,0,1,0,1,1,1,1,1,1,0,0,0,0,1,1,0,0,0,0,1,0,1,1,0,0,0,1 : 13.1808
0,0,1,0,0,0,1,1,0,0,0,1,0,1,1,0,1,1,0,0,1,0,1,0,0,1,0,1,0,0,1,0,1,0,0,1,1,1,0 : 13.1808
1,1,0,1,0,1,0,1,1,0,0,1,0,0,1,1,0,1,0,1,0,1,1,1,0,0,0,0,0,0,0,0,1,1,0,0,0,0,1 : 13.1354
1,0,0,1,0,1,0,1,0,0,1,0,0,0,1,1,1,1,1,1,1,1,1,1,0,1,1,0,0,0,0,0,0,0,0,0,1,1,0 : 13.1808
0,0,1,0,1,0,0,1,0,1,0,1,1,0,1,0,0,1,0,0,0,0,0,1,0,1,1,0,1,0,1,1,1,0,0,1,0,0,1 : 13.7542
1,1,0,1,1,1,0,0,0,0,0,0,1,1,1,0,0,0,1,1,0,1,0,0,0,0,1,0,1,0,0,0,0,0,0,0,0,0,0 : 14.0173
0,1,0,0,0,0,0,0,1,0,1,0,0,0,1,1,0,1,0,0,1,1,0,0,0,0,1,0,0,0,1,0,0,1,0,1,1,0,0 : 13.1354
0,0,0,0,0,1,1,1,0,0,0,0,0,0,1,1,1,1,1,1,0,0,0,0,0,1,0,0,0,0,1,0,0,1,0,0,1,1,0 : 15.7588
0,0,1,0,1,0,0,1,0,0,1,0,0,1,1,1,1,1,0,1,1,0,1,1,0,1,0,0,0,1,0,0,1,0,0,0,1,1,0 : 13.1808
0,1,1,1,0,0,0,0,0,0,0,0,0,0,0,1,1,1,0,0,0,1,0,1,0,0,0,0,0,1,0,1,1,0,0,0,0,1,0 : 16.3747
0,1,0,1,0,0,0,1,0,0,1,0,0,1,1,0,1,1,1,1,1,0,1,1,0,0,1,0,0,1,1,1,1,0,0,1,1,0,1 : 12.6877
1,1,0,1,0,0,0,0,1,0,0,0,0,1,1,1,1,1,0,1,1,1,0,1,0,0,0,0,0,0,0,0,0,1,0,1,1,0,0 : 12.6877
1,0,0,1,1,1,1,0,0,1,1,1,1,0,0,1,1,0,1,1,0,1,0,0,0,0,1,0,0,1,1,0,1,1,0,1,1,0,0 : 13.2813
1,1,1,0,0,0,1,0,0,0,1,0,0,0,1,1,1,1,0,0,0,0,1,0,0,0,0,0,0,0,1,0,1,0,0,1,1,1,0 : 15.7588
0,1,0,1,0,1,0,0,0,0,1,0,1,1,1,1,1,0,1,0,1,0,0,1,0,0,0,0,1,0,0,0,0,0,0,0,1,0,0 : 14.0173
0,1,0,0,1,1,1,0,1,0,0,1,0,0,1,1,0,0,0,1,1,1,0,0,0,0,0,1,0,0,1,0,1,0,0,1,1,1,0 : 13.4618
0,1,0,1,1,0,1,0,0,1,1,1,1,0,1,0,1,1,0,0,1,0,0,0,1,1,0,0,0,1,1,0,0,1,0,1,1,1,0 : 13.2484
0,1,0,1,1,1,0,1,1,1,1,0,0,0,1,1,0,1,0,1,1,1,1,1,0,0,1,0,1,1,0,1,0,1,0,0,1,1,0 : 13.1354
0,0,0,1,1,0,1,0,0,1,0,0,1,0,0,0,0,1,0,1,0,1,0,1,0,0,0,1,0,1,0,1,1,0,0,1,0,1,0 : 13.5167
0,1,0,0,1,0,0,0,0,1,0,1,0,1,0,0,1,0,0,1,0,0,1,1,0,0,0,1,0,1,0,0,1,0,0,1,1,1,1 : 13.0344
0,1,0,0,0,1,1,1,0,0,1,1,0,0,1,0,1,1,1,0,0,0,0,1,0,0,1,0,0,0,0,0,1,0,0,0,1,0,0 : 15.7588
0,0,0,0,1,1,0,0,1,0,0,1,0,1,0,1,0,1,1,1,0,0,0,0,0,0,1,0,1,1,1,0,1,0,1,0,1,0,0 : 13.18
1,0,0,1,0,0,1,0,0,0,0,0,0,1,0,0,0,1,1,1,1,0,1,1,0,0,0,0,1,1,0,1,0,1,0,0,0,1,0 : 13.8795
0,0,0,1,0,0,1,1,0,0,1,0,1,0,1,1,1,0,0,1,1,0,1,0,0,1,1,0,1,0,0,0,1,0,0,1,1,1,1 : 13.1655
0,1,0,1,1,0,1,0,0,1,1,0,1,0,1,0,0,0,0,0,0,0,0,0,0,0,1,1,0,0,1,0,1,0,0,0,1,1,1 : 14.1838
0,0,0,0,0,1,0,1,0,1,0,0,1,1,1,1,1,0,1,0,0,0,1,0,1,1,0,0,0,0,1,0,1,1,0,1,0,1,0 : 15.6587
0,0,0,0,1,0,1,0,1,1,1,1,0,0,0,0,1,1,1,0,1,1,0,1,0,1,0,0,1,1,1,0,0,0,1,1,0,0,0 : 13.9312
0,1,0,1,1,0,1,0,1,1,0,0,1,0,1,0,0,0,1,0,0,1,0,0,0,0,0,1,0,0,1,0,1,1,0,0,1,0,1 : 14.1838
1,0,0,0,1,0,0,1,1,1,0,0,0,0,1,1,0,0,0,0,1,0,0,0,0,1,0,0,0,1,1,0,1,1,1,0,1,0,0 : 13.0344
0,1,0,1,0,0,0,0,1,1,1,0,1,1,1,1,0,0,1,0,1,1,0,0,0,1,0,0,0,0,1,0,1,1,1,0,1,0,0 : 13.0713
1,0,0,1,1,1,0,1,1,1,1,1,1,1,1,0,0,0,0,1,0,1,0,0,0,0,0,0,1,1,0,1,0,1,0,0,0,0,1 : 14.5638
0,0,0,0,0,1,0,1,0,1,1,0,0,0,0,1,0,1,0,1,1,1,1,0,0,1,1,0,0,0,0,0,0,1,0,1,0,1,1 : 16.1076
0,1,0,0,0,0,0,0,1,0,0,1,0,1,1,0,1,1,1,0,1,1,1,0,0,0,1,0,1,0,0,0,1,1,0,1,0,1,1 : 13.1776
0,1,0,1,1,0,0,0,1,1,1,0,1,1,1,0,0,0,0,1,1,1,0,1,0,0,1,0,1,1,1,0,1,0,0,0,1,0,1 : 13.0344
0,1,1,0,0,1,0,1,0,1,1,0,0,1,1,1,1,1,0,0,0,0,1,0,0,0,0,0,0,0,0,0,1,0,0,0,0,1,1 : 16.3747
0,0,0,0,0,0,0,1,1,1,0,1,1,0,1,1,1,0,0,0,0,0,0,0,0,0,0,0,1,1,0,0,0,1,0,1,0,1,0 : 13.0115
1,0,0,0,1,0,1,1,0,1,0,0,1,0,0,1,1,1,1,1,1,0,1,1,0,1,1,1,0,0,1,0,1,0,1,1,0,0,0 : 13.1808
0,0,0,1,0,1,1,0,0,0,1,0,1,0,1,1,0,1,1,1,1,1,0,1,0,0,0,0,1,0,1,0,0,0,0,1,1,0,1 : 13.8795
1,0,0,1,1,0,1,1,0,0,0,0,0,1,0,1,1,0,1,1,0,0,0,1,1,0,1,0,1,0,1,0,1,1,0,0,0,0,0 : 13.2813
0,0,1,0,1,0,0,0,0,0,1,1,1,0,0,0,1,1,0,1,1,1,1,0,0,0,1,1,0,0,1,0,0,0,1,0,0,1,0 : 13.1808
1,1,0,0,0,0,0,1,0,1,0,0,0,1,1,1,1,1,0,1,1,0,1,1,1,1,0,1,0,1,0,1,0,1,0,0,1,1,0 : 13.3568
1,0,0,0,1,1,0,1,1,1,0,1,0,0,1,0,1,0,0,0,0,1,1,1,0,0,1,0,1,1,1,0,0,0,0,1,0,0,0 : 13.8038
1,0,0,1,1,1,0,0,1,0,0,0,0,1,1,1,0,1,0,1,1,0,1,1,1,1,0,1,1,0,0,0,1,1,0,0,0,1,1 : 16.0879
0,1,1,0,0,0,1,1,0,1,0,0,1,0,0,0,0,0,1,1,1,0,1,0,1,1,0,0,1,0,0,1,0,1,1,0,1,0,0 : 15.6491
1,0,0,1,1,0,1,1,0,1,0,1,0,0,1,0,0,1,0,0,0,0,1,0,1,1,0,0,0,0,1,0,1,1,0,1,1,1,0 : 16.0462
0,1,0,1,1,1,0,1,0,1,1,1,0,1,1,1,1,0,0,1,0,1,1,0,0,1,1,0,1,1,1,1,0,1,0,0,1,0,0 : 15.6587
1,1,0,0,0,0,1,1,0,1,1,1,0,0,1,0,1,0,1,1,0,1,0,1,0,0,1,0,0,1,0,0,1,0,0,0,0,1,0 : 13.2813
0,1,0,1,1,0,0,1,1,0,1,0,0,1,0,0,1,0,0,1,0,1,0,1,0,0,0,0,0,1,0,0,0,0,1,0,0,1,0 : 13.0344
0,0,0,0,1,0,0,1,1,0,0,1,0,0,0,0,1,1,1,1,1,0,0,0,0,1,1,1,0,0,1,0,1,1,0,1,0,1,1 : 13.1808
0,1,0,1,0,0,0,0,1,1,0,1,0,1,1,0,1,1,1,1,1,0,0,1,0,1,0,1,0,1,0,0,0,1,0,0,0,1,1 : 12.6877
1,0,0,0,1,1,1,1,0,0,1,1,0,0,1,1,0,1,0,0,0,1,0,0,0,0,0,0,1,1,1,1,0,1,0,1,0,1,1 : 13.8795
0,0,0,1,1,0,1,0,1,0,0,1,0,1,0,0,0,0,0,1,1,0,1,1,0,1,1,0,0,1,0,0,1,1,0,1,0,0,0 : 15.645
0,0,0,0,1,0,1,0,1,0,0,0,1,0,0,1,0,0,1,1,1,1,1,1,0,1,0,1,0,1,0,1,0,1,0,1,1,1,1 : 15.092
0,0,1,0,0,0,1,1,1,1,1,1,1,1,1,1,0,1,1,0,1,0,1,0,1,0,1,1,0,1,0,0,1,0,0,1,0,0,1 : 13.5167
0,1,1,0,0,1,0,0,0,0,0,1,1,0,0,1,0,1,1,1,0,0,0,0,0,0,1,0,0,0,0,0,0,1,0,0,1,0,0 : 13.18
1,0,0,1,1,0,0,1,1,1,1,1,0,1,0,1,1,0,0,0,0,1,0,1,0,0,0,0,0,1,0,0,1,1,0,0,0,1,1 : 13.0344
1,0,0,0,1,0,0,1,1,1,0,1,0,0,0,0,1,0,0,0,0,0,1,1,0,0,0,0,0,1,0,0,0,0,0,1,1,1,1 : 13.0344
1,0,0,1,1,1,0,1,0,0,1,1,0,1,1,0,0,1,1,0,0,0,0,1,0,1,1,0,0,1,0,1,1,0,0,1,1,1,0 : 13.8794
1,0,0,1,0,0,0,1,0,0,0,1,0,0,0,0,0,1,1,0,0,0,0,1,0,0,0,0,0,0,1,0,1,1,0,1,0,1,0 : 13.4937
1,1,0,0,0,1,0,0,1,1,1,0,1,0,0,1,1,1,1,0,1,0,1,1,0,1,1,0,1,1,1,0,0,1,0,0,0,0,0 : 12.7139
0,0,0,0,0,0,1,0,0,0,1,1,0,0,1,1,1,0,1,1,0,1,0,1,0,0,0,0,0,1,0,0,1,0,0,1,0,1,1 : 14.1838
0,1,0,0,0,1,1,1,1,0,0,0,0,0,1,1,0,0,0,1,1,1,0,1,0,1,0,0,1,0,0,1,1,0,0,1,1,0,0 : 16.1635
1,0,0,0,1,0,1,0,1,1,1,1,1,1,1,1,0,1,1,1,0,0,0,0,0,0,1,0,0,0,0,1,1,0,0,0,1,0,0 : 13.5167
1,0,1,0,1,0,0,0,0,0,1,0,1,1,0,0,1,1,0,1,1,0,0,0,0,1,0,1,0,1,0,0,0,1,0,1,1,1,0 : 13.1808
0,1,0,0,0,1,0,0,0,0,1,0,0,0,0,0,0,0,0,1,1,1,0,0,1,1,0,0,1,1,1,0,1,0,0,0,0,1,1 : 15.6587
0,1,0,1,1,1,1,0,0,0,1,1,0,0,0,0,1,1,0,1,1,0,0,1,0,1,0,0,1,1,0,0,1,0,0,1,0,0,1 : 12.6877
1,0,0,1,1,1,1,1,1,1,1,1,0,0,1,1,0,0,1,1,1,0,1,0,1,1,0,1,0,1,0,0,1,1,1,0,0,0,1 : 16.4525
1,0,0,1,0,1,0,1,1,1,1,1,0,1,1,0,0,1,0,1,0,0,0,1,0,1,0,0,1,0,0,0,1,0,0,1,0,0,1 : 13.7542
1,1,0,1,1,0,0,0,1,1,0,1,1,1,0,0,0,0,0,1,0,1,1,0,0,1,1,0,0,1,1,0,0,0,0,1,1,0,0 : 13.0344
1,0,1,0,0,1,0,1,1,1,0,1,1,0,1,0,1,0,1,1,1,1,1,0,0,1,0,0,0,0,1,0,0,0,0,1,1,0,0 : 15.6587
1,0,0,1,1,1,0,1,0,1,0,1,0,1,0,1,0,0,1,1,0,0,0,1,0,0,1,0,0,1,0,1,1,0,0,1,0,1,1 : 14.0173
1,0,0,0,0,0,1,1,1,1,0,1,1,0,0,1,0,1,1,1,1,1,1,0,1,0,1,0,1,1,1,1,1,0,0,0,0,0,1 : 13.5167
0,1,1,0,1,0,0,0,1,1,1,1,1,1,1,0,0,1,0,0,0,0,1,1,0,1,1,0,1,0,1,0,1,0,0,1,1,0,0 : 13.7542
0,1,0,1,0,0,0,0,0,0,1,0,0,0,0,1,1,0,0,1,1,1,1,0,0,0,1,0,0,0,1,0,0,1,0,1,0,0,0 : 13.1949
0,0,0,1,1,1,0,0,1,1,0,1,0,1,0,1,1,1,1,1,1,0,0,0,1,0,1,1,1,0,0,0,1,0,0,1,1,0,0 : 13.9312
1,1,1,1,0,0,0,0,1,1,1,0,0,1,1,0,1,0,0,0,0,0,1,0,0,0,0,0,1,0,1,0,1,0,0,1,0,1,0 : 15.9477
0,0,0,1,0,1,0,1,1,0,0,0,1,1,0,1,0,0,0,0,1,1,1,1,0,1,0,0,0,1,1,1,0,1,1,0,0,1,0 : 15.6587
0,1,1,0,1,0,0,1,1,0,1,1,0,1,1,0,0,1,0,1,1,1,1,0,0,1,1,0,0,1,0,0,0,1,0,1,1,0,1 : 13.9444
1,1,0,1,1,1,0,1,1,1,1,0,1,0,0,0,1,0,0,0,1,0,1,1,1,0,1,0,1,0,1,1,0,1,0,0,1,1,1 : 13.1747
0,1,0,0,0,1,0,1,0,1,1,0,1,0,1,0,0,1,0,0,0,0,1,0,0,1,0,0,1,1,1,0,1,0,0,1,0,1,1 : 13.7542
1,1,0,0,0,1,1,1,0,1,0,1,0,1,1,0,1,1,1,1,1,0,0,0,0,0,1,0,1,0,1,1,0,1,0,0,0,1,0 : 12.7358
0,0,0,0,0,0,0,0,0,0,1,0,1,1,0,0,1,1,1,1,1,1,1,0,0,0,1,0,0,1,0,0,0,1,0,0,0,0,1 : 13.1808
0,0,1,0,0,0,1,0,0,1,0,0,0,1,1,1,1,1,0,1,0,1,1,1,1,0,1,0,0,0,0,0,1,0,0,0,0,0,0 : 15.7588
0,0,0,1,1,0,0,1,1,0,1,0,1,1,1,1,0,0,1,1,0,1,1,0,0,0,0,0,1,0,1,0,1,1,0,1,0,0,1 : 13.2462
1,1,0,1,0,1,1,0,0,1,1,0,0,0,1,1,1,0,1,1,0,1,1,1,1,0,1,0,1,1,0,1,1,0,0,1,1,1,1 : 16.2059
1,0,0,1,0,1,0,1,1,1,1,0,0,0,1,1,1,1,0,1,1,0,0,0,0,1,0,0,1,1,1,0,0,1,0,1,1,1,0 : 13.9312
0,0,0,0,0,0,0,1,1,0,0,1,1,0,1,0,0,0,1,0,0,0,1,1,1,1,0,0,0,0,0,0,0,0,0,1,0,1,1 : 13.2913
0,1,0,1,0,0,0,0,0,1,0,0,0,0,1,0,1,0,0,1,0,1,0,1,0,0,0,0,0,1,0,0,1,1,0,1,1,1,1 : 13.1924
1,1,0,0,1,1,0,1,1,1,1,1,1,0,1,1,1,1,0,0,1,1,0,1,0,1,0,0,1,1,1,1,0,1,0,1,1,1,1 : 13.974
0,1,0,1,1,0,1,0,1,0,1,1,1,1,0,1,1,0,0,0,1,1,1,1,0,1,1,0,0,1,1,0,1,0,0,0,1,0,1 : 15.092
0,0,1,1,0,0,0,0,0,1,0,1,1,0,0,0,0,1,0,1,0,0,1,1,0,1,1,0,1,1,1,1,1,0,0,1,1,1,1 : 13.7542
0,0,0,1,1,1,0,0,1,0,0,0,1,1,0,0,1,0,1,1,0,1,0,0,1,0,1,0,1,1,0,1,1,0,0,0,1,0,1 : 14.0173
1,0,1,1,0,0,0,0,0,0,0,1,0,0,0,0,0,0,0,1,1,1,0,0,0,1,1,0,0,1,0,0,0,0,0,0,0,1,0 : 13.1949
1,1,0,1,1,0,0,1,1,0,1,0,1,1,1,0,1,0,1,0,1,0,0,0,0,0,1,0,1,1,1,0,0,1,0,0,1,1,1 : 13.0344
