1,0,1,0,1,0,0,0,1,0,1,0,1,0,1,0 : 508.983
1,0,1,0,0,1,1,0,1,1,0,0,1,0,1,0 : 432.757
1,1,1,1,0,1,1,0,1,0,1,0,1,1,0,0 : 275.39
1,0,1,0,0,1,1,0,1,0,1,0,1,1,0,0 : 295.62
1,1,1,0,0,0,1,0,1,0,1,0,1,0,1,0 : 364.76
1,0,0,0,0,0,0,0,1,0,1,0,1,0,1,0 : 445.577
1,1,1,1,0,1,0,0,1,0,0,1,1,0,0,1 : 680.727
1,1,0,1,1,0,1,0,1,1,0,0,1,0,0,1 : 616.97
1,1,0,1,0,0,0,1,1,0,0,1,1,1,0,0 : 257.45
1,0,1,0,1,1,0,1,1,1,0,0,1,1,0,0 : 299.85
1,1,1,0,0,1,1,1,1,0,1,0,1,0,1,0 : 408.073
1,1,1,1,0,1,1,0,1,0,0,1,1,1,0,0 : 275.39
1,1,1,0,0,1,1,1,1,0,1,0,1,1,0,0 : 275.973
1,0,1,0,0,0,1,0,1,0,1,0,1,0,0,1 : 490.473
1,1,1,1,0,1,1,0,1,0,0,1,1,0,0,1 : 555.633
1,1,0,1,0,0,1,1,1,0,1,0,1,0,1,0 : 368.63
1,0,0,1,0,0,1,1,1,1,0,0,1,0,1,0 : 380.147
1,1,1,0,1,0,1,1,1,0,0,1,1,0,1,0 : 433.913
1,1,0,0,0,1,1,0,1,1,0,0,1,0,0,1 : 490.473
1,1,0,0,0,0,0,0,1,0,1,0,1,1,0,0 : 256.333
1,1,0,1,0,0,1,0,1,0,1,0,1,1,0,0 : 256.3399
1,0,0,0,0,1,0,1,1,0,0,1,1,0,0,1 : 726.917
1,0,1,1,0,0,0,1,1,0,1,0,1,1,0,0 : 262.233
1,1,0,0,0,0,0,1,1,0,1,0,1,0,1,0 : 439.02
1,1,0,1,0,1,1,1,1,0,1,0,1,0,1,0 : 413.88
1,0,1,1,1,0,0,1,1,1,0,0,1,1,0,0 : 266.67
1,1,0,1,1,0,1,0,1,0,1,0,1,0,1,0 : 456.363
1,1,1,1,0,1,1,0,1,0,0,1,1,0,0,1 : 555.633
1,0,1,1,0,0,0,1,1,1,0,0,1,0,0,1 : 607.7
1,1,0,0,1,0,1,0,1,0,0,1,1,1,0,0 : 263.207
1,0,1,0,0,1,1,0,1,0,1,0,1,0,0,1 : 490.473
1,1,1,0,0,0,0,1,1,0,1,0,1,0,1,0 : 439.02
1,0,1,1,0,1,1,0,1,0,1,0,1,0,0,1 : 490.473
1,1,0,1,1,1,1,1,1,0,0,1,1,0,1,0 : 433.913
1,0,1,1,0,0,1,1,1,1,0,0,1,0,1,0 : 380.18
1,0,0,1,0,0,1,0,1,0,1,0,1,0,0,1 : 490.473
1,1,0,0,0,0,0,1,1,1,0,0,1,1,0,0 : 254.707
1,1,1,0,0,0,0,1,1,0,0,1,1,1,0,0 : 247.507
1,0,0,0,0,1,1,1,1,0,1,0,1,0,0,1 : 510.857
1,1,1,0,0,1,1,1,1,1,0,0,1,0,0,1 : 506.88
1,1,1,0,1,1,1,0,1,1,0,0,1,0,1,0 : 456.363
1,0,0,1,0,0,0,1,1,1,0,0,1,0,1,0 : 439.02
1,0,1,1,0,0,1,1,1,0,0,1,1,1,0,0 : 263.363
1,0,1,0,0,1,1,1,1,0,1,0,1,1,0,0 : 295.683
1,1,0,0,0,0,1,1,1,0,0,1,1,0,0,1 : 576.247
1,0,0,0,0,0,1,1,1,0,0,1,1,1,0,0 : 271.337
1,1,0,0,1,0,1,1,1,0,1,0,1,0,1,0 : 456.363
1,1,0,0,0,0,0,1,1,0,0,1,1,1,0,0 : 257.927
1,1,1,1,1,0,1,1,1,0,0,1,1,0,0,1 : 616.97
1,1,0,0,0,0,0,0,1,0,1,0,1,0,0,1 : 604.8869
1,0,1,0,1,1,1,1,1,1,0,0,1,1,0,0 : 295.257
1,0,0,1,0,1,1,1,1,0,1,0,1,1,0,0 : 310.283
1,0,1,1,0,0,1,1,1,0,0,1,1,0,1,0 : 380.18
1,1,1,0,0,1,0,1,1,0,1,0,1,1,0,0 : 275.973
1,1,1,0,1,0,0,1,1,1,0,0,1,1,0,0 : 249.607
1,1,1,1,0,0,1,1,1,1,0,0,1,0,0,1 : 506.88
1,1,0,0,1,0,0,0,1,0,0,1,1,1,0,0 : 263.207
1,1,0,0,0,0,0,0,1,0,1,0,1,1,0,0 : 256.333
1,1,1,0,0,0,0,0,1,1,0,0,1,1,0,0 : 244.23
1,1,0,0,1,0,1,1,1,0,0,1,1,1,0,0 : 263.207
1,0,0,0,1,0,1,0,1,0,0,1,1,1,0,0 : 279.097
1,1,0,1,0,1,0,1,1,0,1,0,1,1,0,0 : 286.4
1,1,1,0,1,1,0,0,1,0,1,0,1,0,1,0 : 519.583
1,1,1,1,1,1,0,0,1,1,0,0,1,1,0,0 : 279.15
1,1,1,0,1,1,1,1,1,1,0,0,1,0,1,0 : 456.363
1,1,0,0,0,1,1,0,1,0,1,0,1,1,0,0 : 287.05
1,0,1,1,0,0,0,1,1,1,0,0,1,0,0,1 : 607.7
1,1,1,0,1,0,1,0,1,0,1,0,1,0,0,1 : 610.957
1,0,0,1,1,0,0,0,1,1,0,0,1,0,1,0 : 515.543
1,0,0,0,1,1,0,0,1,0,1,0,1,1,0,0 : 310.317
1,1,1,0,1,1,0,0,1,1,0,0,1,1,0,0 : 279.15
1,0,0,0,0,0,0,1,1,0,0,1,1,0,0,1 : 604.8869
1,1,1,0,0,0,0,0,1,1,0,0,1,1,0,0 : 244.23
1,1,0,1,1,0,0,0,1,0,1,0,1,0,1,0 : 493.893
1,0,0,0,0,0,1,0,1,1,0,0,1,0,0,1 : 490.473
1,0,0,0,1,0,0,1,1,1,0,0,1,1,0,0 : 276.103
1,0,1,0,1,0,0,1,1,1,0,0,1,1,0,0 : 266.67
1,1,0,1,0,1,0,1,1,0,0,1,1,1,0,0 : 286.353
1,1,0,1,0,0,1,1,1,0,1,0,1,1,0,0 : 256.32
1,1,1,0,0,1,1,0,1,0,1,0,1,1,0,0 : 275.923
1,0,1,1,1,0,1,0,1,1,0,0,1,0,0,1 : 625.71
1,1,0,1,0,0,0,1,1,0,0,1,1,1,0,0 : 257.45
1,1,0,0,1,0,1,1,1,0,1,0,1,0,1,0 : 456.363
1,0,1,0,0,1,0,1,1,0,0,1,1,1,0,0 : 299.85
1,0,1,1,0,0,0,0,1,0,1,0,1,0,0,1 : 607.927
1,0,1,0,0,0,1,1,1,1,0,0,1,1,0,0 : 260.38
1,1,0,0,1,1,1,0,1,0,0,1,1,1,0,0 : 291.62
1,0,1,0,0,1,1,1,1,0,1,0,1,0,0,1 : 510.857
1,1,1,1,1,0,0,0,1,1,0,0,1,0,1,0 : 491.687
1,1,1,1,0,0,1,1,1,1,0,0,1,0,1,0 : 361.7029
1,0,1,1,1,0,0,0,1,1,0,0,1,0,0,1 : 729.3
1,1,1,0,1,0,0,1,1,1,0,0,1,0,0,1 : 703.5
1,1,0,0,1,0,0,1,1,0,1,0,1,1,0,0 : 263.207
1,1,1,1,0,0,1,1,1,0,0,1,1,1,0,0 : 247.537
1,1,1,1,1,0,0,1,1,1,0,0,1,1,0,0 : 249.363
1,1,0,0,0,1,1,0,1,0,0,1,1,0,0,1 : 555.633
1,0,1,0,0,0,0,0,1,1,0,0,1,1,0,0 : 260.38
1,1,0,0,1,1,1,0,1,0,1,0,1,0,1,0 : 456.363
1,1,1,0,0,0,1,1,1,1,0,0,1,0,1,0 : 361.7029
1,1,1,0,0,0,0,1,1,1,0,0,1,1,0,0 : 244.303
