1,1,1,0,0,1,1,1,1,0,1,0,1,0,1,0 : 408.073
1,1,1,1,0,1,1,1,1,1,0,0,1,0,1,0 : 407.757
1,1,1,0,0,1,1,0,1,0,1,0,1,0,1,0 : 408.073
1,1,1,0,0,0,1,1,1,1,0,0,1,0,1,0 : 361.7029
1,0,1,0,0,0,1,0,1,0,1,0,1,0,1,0 : 382.01
1,1,0,0,0,0,0,1,1,0,1,0,1,1,0,0 : 256.32
1,0,1,1,0,0,1,0,1,1,0,0,1,1,0,0 : 259.807
1,1,1,1,1,0,0,0,1,1,0,0,1,1,0,0 : 249.363
1,1,1,0,0,0,1,0,1,0,0,1,1,0,0,1 : 555.633
1,1,1,0,0,1,1,1,1,1,0,0,1,1,0,0 : 275.973
1,1,1,1,0,0,1,1,1,0,1,0,1,0,1,0 : 363.56
1,0,1,0,0,0,0,1,1,0,0,1,1,1,0,0 : 263.363
1,1,1,0,1,0,0,0,1,0,1,0,1,1,0,0 : 251.787
1,0,1,0,0,0,1,0,1,1,0,0,1,0,1,0 : 380.18
1,1,1,0,0,0,0,1,1,0,0,1,1,1,0,0 : 247.507
1,1,0,1,0,0,1,1,1,0,1,0,1,0,1,0 : 368.63
1,0,0,1,0,0,1,1,1,1,0,0,1,0,1,0 : 380.147
1,1,1,0,0,0,1,1,1,0,0,1,1,0,1,0 : 363.56
1,1,1,0,1,0,1,0,1,1,0,0,1,1,0,0 : 249.497
1,1,1,1,0,0,1,0,1,1,0,0,1,1,0,0 : 244.277
1,0,0,1,0,0,1,0,1,0,1,0,1,0,0,1 : 490.473
1,1,1,0,0,0,1,1,1,0,0,1,1,0,1,0 : 363.56
1,1,1,1,0,0,0,0,1,1,0,0,1,1,0,0 : 244.23
1,1,0,1,1,0,1,0,1,1,0,0,1,1,0,0 : 261.31
1,1,1,1,0,0,0,1,1,0,1,0,1,0,1,0 : 439.02
1,1,1,1,1,1,1,1,1,1,0,0,1,1,0,0 : 279.15
1,1,1,1,1,0,1,0,1,0,1,0,1,1,0,0 : 251.637
1,1,0,0,0,0,1,1,1,0,0,1,1,0,1,0 : 369.617
1,1,1,0,0,0,1,0,1,1,0,0,1,1,0,0 : 244.277
1,1,1,1,1,0,0,1,1,0,1,0,1,1,0,0 : 251.637
1,0,0,1,0,0,1,1,1,1,0,0,1,0,0,1 : 506.88
1,1,1,0,0,0,0,0,1,0,1,0,1,1,0,0 : 246.487
1,0,1,1,0,1,1,0,1,0,1,0,1,0,0,1 : 490.473
1,1,0,1,0,1,1,1,1,0,0,1,1,0,1,0 : 414.737
1,1,1,1,0,0,1,1,1,0,1,0,1,0,1,0 : 363.56
1,1,0,1,0,0,1,0,1,0,1,0,1,0,0,1 : 490.473
1,1,0,0,0,0,0,1,1,0,1,0,1,1,0,0 : 256.32
1,1,0,1,0,0,0,0,1,1,0,0,1,1,0,0 : 254.033
1,1,1,1,0,0,1,1,1,0,1,0,1,1,0,0 : 246.273
1,0,1,0,0,0,1,1,1,1,0,0,1,0,1,0 : 380.18
1,0,1,0,0,0,1,0,1,1,0,0,1,0,1,0 : 380.18
1,1,0,1,1,0,1,1,1,0,1,0,1,1,0,0 : 263.847
1,1,1,1,0,0,0,1,1,0,1,0,1,1,0,0 : 246.273
1,1,1,0,0,0,0,1,1,0,1,0,1,1,0,0 : 246.41
1,1,1,1,0,0,1,1,1,0,0,1,1,0,0,1 : 575.553
1,1,1,0,0,0,1,1,1,0,0,1,1,1,0,0 : 247.693
1,1,1,1,1,0,0,1,1,1,0,0,1,1,0,0 : 249.363
1,1,1,1,0,0,0,0,1,0,0,1,1,1,0,0 : 247.483
1,1,1,0,0,1,1,1,1,1,0,0,1,0,0,1 : 506.88
1,1,1,1,1,0,0,0,1,0,1,0,1,1,0,0 : 251.637
1,1,0,0,0,1,1,1,1,1,0,0,1,0,1,0 : 414.737
1,0,1,1,0,0,1,1,1,0,1,0,1,1,0,0 : 262.17
1,0,1,1,0,0,1,1,1,0,0,1,1,0,1,0 : 380.18
1,1,1,1,0,0,1,0,1,0,1,0,1,1,0,0 : 246.273
1,1,0,0,0,0,0,1,1,1,0,0,1,1,0,0 : 254.707
1,1,1,0,0,0,0,0,1,0,1,0,1,1,0,0 : 246.487
1,1,1,0,0,0,0,0,1,1,0,0,1,1,0,0 : 244.23
1,1,1,1,0,0,0,0,1,0,0,1,1,1,0,0 : 247.483
1,1,1,0,0,0,0,0,1,0,1,0,1,1,0,0 : 246.487
1,1,1,0,0,0,1,1,1,0,0,1,1,1,0,0 : 247.693
1,0,0,0,0,0,1,1,1,1,0,0,1,1,0,0 : 268.17
1,1,1,1,0,1,0,1,1,0,1,0,1,0,1,0 : 536.8769
1,1,1,1,0,0,1,1,1,0,1,0,1,0,1,0 : 363.56
1,1,1,1,0,0,1,0,1,1,0,0,1,0,0,1 : 490.473
1,1,1,1,0,0,1,1,1,0,1,0,1,0,1,0 : 363.56
1,0,0,0,0,0,1,1,1,0,1,0,1,1,0,0 : 271.337
1,0,1,1,0,0,1,1,1,0,0,1,1,0,1,0 : 380.18
1,1,1,0,0,1,1,0,1,1,0,0,1,0,0,1 : 490.473
1,0,0,1,0,0,0,0,1,1,0,0,1,0,1,0 : 445.577
1,1,1,1,0,0,1,0,1,0,1,0,1,1,0,0 : 246.273
1,1,1,0,1,1,0,1,1,1,0,0,1,0,0,1 : 773.22
1,0,0,0,0,0,0,1,1,0,0,1,1,0,0,1 : 604.8869
1,1,1,0,0,0,1,0,1,1,0,0,1,1,0,0 : 244.277
1,1,0,1,1,0,1,0,1,0,1,0,1,1,0,0 : 263.847
1,1,0,1,0,0,1,1,1,0,1,0,1,0,0,1 : 510.857
1,0,1,1,0,0,0,1,1,1,0,0,1,1,0,0 : 259.903
1,0,1,0,0,0,1,0,1,1,0,0,1,1,0,0 : 260.38
1,0,1,1,0,1,1,1,1,0,0,1,1,1,0,0 : 295.683
1,1,1,1,0,0,1,1,1,0,0,1,1,1,0,0 : 247.537
1,1,1,1,0,0,1,0,1,0,0,1,1,0,1,0 : 365.04
1,0,1,0,0,0,1,0,1,1,0,0,1,0,0,1 : 490.473
1,1,1,1,0,0,0,1,1,1,0,0,1,1,0,0 : 244.353
1,1,1,0,0,0,1,0,1,0,1,0,1,0,1,0 : 364.76
1,0,1,0,1,1,1,1,1,0,0,1,1,1,0,0 : 295.683
1,1,0,1,0,1,1,0,1,0,1,0,1,0,0,1 : 490.473
1,0,1,0,0,0,1,1,1,1,0,0,1,0,1,0 : 380.18
1,1,1,0,1,0,0,1,1,0,0,1,1,1,0,0 : 252.963
1,1,1,1,0,0,1,1,1,0,1,0,1,0,0,1 : 510.857
1,1,1,1,0,0,1,1,1,1,0,0,1,0,1,0 : 361.7029
1,1,1,0,0,0,1,1,1,0,0,1,1,0,1,0 : 363.56
1,1,0,0,0,0,1,0,1,1,0,0,1,0,0,1 : 490.473
1,1,1,1,0,0,1,0,1,1,0,0,1,0,0,1 : 490.473
1,1,0,0,1,0,1,1,1,0,1,0,1,0,0,1 : 610.957
1,1,1,1,0,0,1,1,1,0,0,1,1,0,1,0 : 363.56
1,1,1,0,0,0,1,1,1,1,0,0,1,1,0,0 : 244.333
1,1,0,0,1,1,1,1,1,0,1,0,1,0,0,1 : 652.373
1,0,1,0,0,0,0,0,1,1,0,0,1,1,0,0 : 260.38
1,1,0,0,0,1,0,1,1,0,0,1,1,1,0,0 : 287.037
1,1,1,0,0,0,0,1,1,1,0,0,1,1,0,0 : 244.303
1,0,1,1,0,1,1,1,1,1,0,0,1,1,0,0 : 295.257
