1,1,0,1,0,0,1,0,1,0,1,1,0,1,1,1,0,1,0,1,1,1,1,1,0,1,0,0,0,1,0,0,0,1,1,1,0,0,0 : 12.8051
1,1,0,1,0,0,1,0,1,0,1,1,0,1,1,1,0,1,0,1,1,1,1,1,0,1,0,0,0,1,0,0,0,1,1,1,0,0,0 : 12.8051
0,0,1,0,0,0,1,0,0,0,0,0,1,1,1,1,0,1,0,1,0,1,0,0,0,1,0,0,0,1,0,0,0,1,1,0,0,0,1 : 13.0004
0,0,0,0,0,0,1,0,0,0,1,0,1,1,1,0,0,1,1,1,0,0,0,1,0,0,1,0,0,1,0,0,0,0,0,0,1,1,0 : 13.0004
0,0,1,0,0,0,1,0,1,0,0,0,1,1,1,1,1,1,0,1,0,1,0,0,0,1,0,0,0,1,0,0,0,1,0,0,0,0,1 : 13.0004
0,0,1,0,0,0,1,0,1,0,0,0,1,1,1,1,0,1,0,1,0,1,0,0,1,1,0,0,0,1,0,0,0,1,1,0,0,0,1 : 13.0004
0,0,0,1,0,0,1,0,1,0,0,0,1,1,1,0,0,1,1,1,0,0,0,1,0,0,1,0,1,1,0,0,1,0,0,0,0,1,1 : 13.0004
0,0,1,0,0,0,1,0,0,0,0,1,1,1,1,1,0,1,0,1,0,1,0,0,0,1,1,0,0,1,0,0,0,1,0,0,0,0,1 : 13.0004
0,0,0,1,0,0,1,0,0,0,0,0,1,1,1,0,0,1,1,1,0,0,0,1,0,0,1,0,0,1,0,0,0,0,0,0,0,1,1 : 13.0004
0,0,1,0,0,0,1,0,1,0,0,0,1,1,1,1,1,1,0,1,0,1,0,0,0,1,0,0,0,1,0,0,0,1,0,0,0,0,1 : 13.0004
0,0,0,1,0,0,1,0,0,0,0,0,1,1,1,1,0,1,1,1,0,0,0,1,1,0,1,0,0,1,0,0,0,0,0,0,0,1,1 : 13.0004
0,0,1,0,0,0,1,0,1,0,0,0,1,0,1,1,0,1,0,1,0,1,0,0,0,1,1,0,0,1,0,0,0,1,0,0,0,0,1 : 13.0004
1,0,1,1,0,0,0,1,0,0,1,0,1,0,1,1,0,1,0,1,0,0,0,1,0,0,1,0,0,0,0,1,0,1,0,1,0,1,1 : 13.0004
0,0,1,0,0,0,1,0,0,0,0,0,1,1,1,1,0,1,0,1,0,1,0,0,0,1,0,0,0,1,0,0,0,1,1,0,0,0,1 : 13.0004
0,0,0,0,0,0,1,0,0,0,1,0,1,1,1,0,0,1,1,1,0,0,0,1,0,0,1,0,0,1,0,0,0,0,0,0,1,1,0 : 13.0004
0,0,1,0,0,0,1,0,1,0,0,0,1,1,1,1,1,1,0,1,0,1,0,0,0,1,0,0,0,1,0,0,0,1,0,0,0,0,1 : 13.0004
0,0,1,0,0,0,1,0,1,0,0,0,1,1,1,1,0,1,0,1,0,1,0,0,1,1,0,0,0,1,0,0,0,1,1,0,0,0,1 : 13.0004
0,0,0,1,0,0,1,0,1,0,0,0,1,1,1,0,0,1,1,1,0,0,0,1,0,0,1,0,1,1,0,0,1,0,0,0,0,1,1 : 13.0004
0,0,1,0,0,0,1,0,0,0,0,1,1,1,1,1,0,1,0,1,0,1,0,0,0,1,1,0,0,1,0,0,0,1,0,0,0,0,1 : 13.0004
0,0,0,1,0,0,1,0,0,0,0,0,1,1,1,0,0,1,1,1,0,0,0,1,0,0,1,0,0,1,0,0,0,0,0,0,0,1,1 : 13.0004
0,0,1,0,0,0,1,0,1,0,0,0,1,1,1,1,1,1,0,1,0,1,0,0,0,1,0,0,0,1,0,0,0,1,0,0,0,0,1 : 13.0004
0,0,0,1,0,0,1,0,0,0,0,0,1,1,1,1,0,1,1,1,0,0,0,1,1,0,1,0,0,1,0,0,0,0,0,0,0,1,1 : 13.0004
0,0,1,0,0,0,1,0,1,0,0,0,1,0,1,1,0,1,0,1,0,1,0,0,0,1,1,0,0,1,0,0,0,1,0,0,0,0,1 : 13.0004
1,0,1,1,0,0,0,1,0,0,1,0,1,0,1,1,0,1,0,1,0,0,0,1,0,0,1,0,0,0,0,1,0,1,0,1,0,1,1 : 13.0004
0,1,0,1,1,0,1,1,0,0,1,0,0,1,0,1,1,0,1,1,0,0,0,0,0,1,1,0,0,0,1,1,0,1,0,0,0,0,0 : 13.0193
0,1,0,1,1,0,1,1,0,0,1,0,0,1,0,1,1,0,1,1,0,0,0,0,0,1,1,0,0,0,1,1,0,1,0,0,0,0,0 : 13.0193
1,1,0,0,0,0,0,0,0,0,1,0,0,0,1,0,1,0,1,0,1,0,1,1,0,1,0,1,1,0,0,0,1,1,0,0,0,0,0 : 13.0212
1,1,0,0,0,0,0,0,0,0,1,0,0,0,1,0,1,0,1,0,1,0,1,1,0,1,0,1,1,0,0,0,1,1,0,0,0,0,0 : 13.0212
1,0,1,0,1,0,0,1,0,1,0,1,0,0,1,0,1,0,1,1,0,0,0,0,0,1,0,0,0,1,0,1,0,1,1,0,1,0,0 : 13.0344
1,0,1,0,1,0,0,1,0,1,0,1,0,0,1,0,1,0,1,1,0,0,0,0,0,1,0,0,0,1,1,1,0,1,1,0,1,0,0 : 13.0344
1,0,1,0,1,0,0,1,0,1,0,1,0,0,1,0,1,0,1,1,0,0,0,0,0,1,0,0,0,1,1,1,0,1,1,0,1,0,0 : 13.0344
1,0,1,0,1,0,0,1,0,1,0,1,0,0,1,0,1,0,1,1,0,0,0,0,0,1,0,0,0,1,0,1,0,1,1,0,1,0,0 : 13.0344
1,0,1,0,1,0,0,1,0,1,0,1,0,0,1,0,1,0,1,1,0,0,0,0,0,1,0,0,0,1,1,1,0,1,1,0,1,0,0 : 13.0344
1,0,1,0,1,0,0,1,0,1,0,1,0,0,1,0,1,0,1,1,0,0,0,0,0,1,0,0,0,1,1,1,0,1,1,0,1,0,0 : 13.0344
0,1,0,1,1,0,1,1,0,0,1,0,0,1,0,1,1,0,1,1,0,0,0,0,0,0,1,0,0,0,1,1,0,1,0,0,0,0,0 : 13.059
0,1,0,1,1,0,1,1,0,0,1,0,0,1,0,1,1,0,1,0,0,0,0,0,0,0,1,0,0,0,1,1,0,1,0,0,0,0,0 : 13.059
0,1,0,1,1,0,1,1,0,0,1,0,0,1,0,1,1,0,1,1,0,0,0,0,0,0,1,0,0,0,1,1,0,1,0,0,0,0,0 : 13.059
0,1,0,1,1,0,1,1,0,0,1,0,0,1,0,1,1,0,1,0,0,0,0,0,0,0,1,0,0,0,1,1,0,1,0,0,0,0,0 : 13.059
0,1,0,1,1,0,0,0,1,1,0,1,1,0,0,1,1,1,1,1,1,1,0,1,0,0,1,0,0,1,0,0,1,1,0,0,0,0,1 : 13.0713
1,1,0,1,0,0,1,0,1,1,1,1,0,1,1,0,0,1,1,1,1,1,1,1,0,1,0,0,0,1,1,1,0,1,0,0,1,0,1 : 13.0713
0,1,0,1,0,0,0,0,1,1,0,1,0,0,0,1,1,1,1,1,1,1,1,0,0,0,1,0,0,1,0,0,1,1,0,0,0,0,1 : 13.0713
1,1,0,1,1,0,0,0,1,1,0,1,1,0,0,1,1,1,1,1,1,1,1,1,0,0,1,0,0,1,0,0,1,1,0,0,0,0,1 : 13.0713
1,0,0,1,1,0,1,0,1,1,1,1,0,1,0,0,0,1,1,1,1,1,0,1,0,1,0,0,0,1,1,1,0,1,0,0,1,1,1 : 13.0713
0,1,0,1,0,0,0,0,1,1,0,1,1,0,1,1,1,1,1,1,1,1,1,1,0,0,1,0,0,1,0,0,1,1,0,0,0,0,1 : 13.0713
1,1,0,1,1,0,1,0,1,1,1,1,0,1,1,0,0,1,1,1,1,1,1,1,0,1,0,0,0,1,1,1,0,1,0,0,1,0,1 : 13.0713
0,1,0,1,0,0,0,0,1,1,0,1,0,0,0,1,1,1,1,1,1,1,1,0,0,0,1,0,0,1,0,0,1,1,0,0,0,0,1 : 13.0713
0,1,0,1,0,0,0,1,1,1,0,1,1,0,0,1,1,1,1,1,1,1,1,1,0,0,1,0,0,1,0,0,1,1,0,0,0,0,1 : 13.0713
1,0,0,1,1,0,0,0,1,1,1,1,0,1,1,0,0,1,1,1,1,1,1,1,0,1,0,0,0,1,1,1,0,1,0,0,1,0,1 : 13.0713
0,1,0,1,1,0,0,0,1,1,0,1,1,0,0,1,1,1,1,1,1,1,0,1,0,0,1,0,0,1,0,0,1,1,0,0,0,0,1 : 13.0713
1,1,0,1,0,0,1,0,1,1,1,1,0,1,1,0,0,1,1,1,1,1,1,1,0,1,0,0,0,1,1,1,0,1,0,0,1,0,1 : 13.0713
0,1,0,1,0,0,0,0,1,1,0,1,0,0,0,1,1,1,1,1,1,1,1,0,0,0,1,0,0,1,0,0,1,1,0,0,0,0,1 : 13.0713
1,1,0,1,1,0,0,0,1,1,0,1,1,0,0,1,1,1,1,1,1,1,1,1,0,0,1,0,0,1,0,0,1,1,0,0,0,0,1 : 13.0713
1,0,0,1,1,0,1,0,1,1,1,1,0,1,0,0,0,1,1,1,1,1,0,1,0,1,0,0,0,1,1,1,0,1,0,0,1,1,1 : 13.0713
0,1,0,1,0,0,0,0,1,1,0,1,1,0,1,1,1,1,1,1,1,1,1,1,0,0,1,0,0,1,0,0,1,1,0,0,0,0,1 : 13.0713
1,1,0,1,1,0,1,0,1,1,1,1,0,1,1,0,0,1,1,1,1,1,1,1,0,1,0,0,0,1,1,1,0,1,0,0,1,0,1 : 13.0713
0,1,0,1,0,0,0,0,1,1,0,1,0,0,0,1,1,1,1,1,1,1,1,0,0,0,1,0,0,1,0,0,1,1,0,0,0,0,1 : 13.0713
0,1,0,1,0,0,0,1,1,1,0,1,1,0,0,1,1,1,1,1,1,1,1,1,0,0,1,0,0,1,0,0,1,1,0,0,0,0,1 : 13.0713
1,0,0,1,1,0,0,0,1,1,1,1,0,1,1,0,0,1,1,1,1,1,1,1,0,1,0,0,0,1,1,1,0,1,0,0,1,0,1 : 13.0713
1,0,0,1,1,1,0,0,0,1,0,0,0,0,1,1,1,1,1,0,0,0,1,1,0,1,1,0,1,0,1,0,0,1,0,0,0,0,1 : 13.0854
1,0,0,1,1,1,0,0,0,1,0,0,0,0,0,1,1,1,1,0,0,0,1,1,0,1,1,0,1,0,1,1,0,1,0,1,0,0,1 : 13.0854
1,0,0,1,1,1,0,0,0,1,0,0,0,0,1,1,1,1,1,0,0,0,1,1,0,1,1,0,1,0,1,0,0,1,0,0,0,0,1 : 13.0854
1,0,0,1,1,1,0,0,0,1,0,0,0,0,0,1,1,1,1,0,0,0,1,1,0,1,1,0,1,0,1,1,0,1,0,1,0,0,1 : 13.0854
1,0,1,1,0,0,0,1,0,0,0,0,1,0,1,1,1,1,0,0,0,0,0,1,0,0,1,0,0,0,1,1,0,1,0,1,0,0,1 : 13.0868
1,0,1,1,0,0,0,1,0,0,0,0,1,0,1,1,1,1,0,0,0,0,0,1,0,0,1,0,0,0,1,1,0,1,0,1,0,0,1 : 13.0868
0,1,0,0,1,0,1,1,0,0,1,1,0,1,0,1,0,0,0,0,1,0,0,1,1,1,0,0,0,1,1,1,0,1,0,0,1,0,0 : 13.0972
0,1,0,0,1,0,1,1,0,0,1,1,0,1,0,1,0,0,0,1,1,0,0,1,1,1,0,0,0,1,1,1,0,1,0,0,1,0,0 : 13.0972
0,1,0,0,1,0,1,1,0,0,1,1,0,1,0,1,0,0,0,0,1,0,0,1,1,1,0,0,0,1,1,1,0,1,1,0,1,0,0 : 13.0972
0,0,0,0,1,0,1,1,0,0,1,1,0,1,0,1,0,0,0,1,1,0,0,1,1,1,0,0,0,1,1,1,0,1,0,0,1,0,0 : 13.0972
0,1,0,0,1,0,1,1,0,0,1,1,0,1,0,1,0,0,0,0,1,0,0,1,1,1,0,0,0,1,1,1,0,1,0,0,1,0,0 : 13.0972
0,1,0,0,1,0,1,1,0,0,1,1,0,1,0,1,0,0,0,1,1,0,0,1,1,1,0,0,0,1,1,1,0,1,0,0,1,0,0 : 13.0972
0,1,0,0,1,0,1,1,0,0,1,1,0,1,0,1,0,0,0,0,1,0,0,1,1,1,0,0,0,1,1,1,0,1,1,0,1,0,0 : 13.0972
0,0,0,0,1,0,1,1,0,0,1,1,0,1,0,1,0,0,0,1,1,0,0,1,1,1,0,0,0,1,1,1,0,1,0,0,1,0,0 : 13.0972
1,0,0,0,0,0,0,0,0,1,1,0,0,0,1,1,1,0,1,0,1,0,0,1,0,1,0,1,1,0,0,0,1,0,0,0,0,0,0 : 13.1168
1,0,0,0,0,0,0,0,0,1,1,0,0,0,1,1,1,0,1,0,1,0,0,1,0,1,0,1,1,0,0,0,1,0,0,0,0,0,0 : 13.1168
1,1,0,1,1,0,0,1,1,1,1,1,0,1,1,1,0,0,1,1,0,0,0,0,1,0,1,1,0,0,1,1,1,0,0,1,1,1,0 : 13.1294
1,1,0,1,1,0,1,0,1,1,0,0,1,1,1,1,0,0,0,0,1,1,0,1,0,1,1,1,0,1,0,0,1,0,0,1,1,0,0 : 13.1294
0,1,0,1,1,0,1,1,1,1,1,1,0,1,1,1,1,0,1,0,0,0,0,0,1,0,1,1,0,0,1,1,1,0,0,1,1,1,0 : 13.1294
1,1,0,1,1,0,1,0,1,1,1,0,1,1,0,1,0,0,0,1,1,1,0,1,0,0,1,1,0,1,0,0,1,0,0,1,1,0,0 : 13.1294
1,1,0,1,1,0,0,1,1,1,1,1,0,1,1,1,0,0,1,1,0,0,0,1,1,0,1,1,0,0,1,1,1,0,0,1,1,1,0 : 13.1294
1,1,0,1,1,0,1,0,1,1,0,0,1,1,1,1,0,0,0,0,1,1,0,1,0,1,1,1,0,1,0,0,1,0,0,1,1,0,0 : 13.1294
1,1,0,1,1,0,0,1,1,1,0,0,0,1,1,1,1,0,1,0,0,0,0,1,1,0,1,1,0,0,1,1,1,0,0,1,0,1,0 : 13.1294
1,1,0,1,1,0,0,1,1,1,1,1,0,1,1,1,0,0,1,1,0,0,0,0,1,0,1,1,0,0,1,1,1,0,0,1,1,1,0 : 13.1294
1,1,0,1,1,0,1,0,1,1,0,0,1,1,1,1,0,0,0,0,1,1,0,1,0,1,1,1,0,1,0,0,1,0,0,1,1,0,0 : 13.1294
0,1,0,1,1,0,1,1,1,1,1,1,0,1,1,1,1,0,1,0,0,0,0,0,1,0,1,1,0,0,1,1,1,0,0,1,1,1,0 : 13.1294
1,1,0,1,1,0,1,0,1,1,1,0,1,1,0,1,0,0,0,1,1,1,0,1,0,0,1,1,0,1,0,0,1,0,0,1,1,0,0 : 13.1294
1,1,0,1,1,0,0,1,1,1,1,1,0,1,1,1,0,0,1,1,0,0,0,1,1,0,1,1,0,0,1,1,1,0,0,1,1,1,0 : 13.1294
1,1,0,1,1,0,1,0,1,1,0,0,1,1,1,1,0,0,0,0,1,1,0,1,0,1,1,1,0,1,0,0,1,0,0,1,1,0,0 : 13.1294
1,1,0,1,1,0,0,1,1,1,0,0,0,1,1,1,1,0,1,0,0,0,0,1,1,0,1,1,0,0,1,1,1,0,0,1,0,1,0 : 13.1294
0,1,1,1,0,0,0,1,1,0,1,0,1,1,1,1,1,0,1,1,0,1,1,1,0,1,0,0,0,1,1,0,1,0,1,1,0,0,0 : 13.1305
1,1,0,1,0,0,1,0,0,0,0,0,0,0,0,1,0,0,1,0,0,1,0,1,1,0,1,0,0,1,0,1,0,1,1,0,0,0,1 : 13.1305
0,1,1,1,0,0,0,1,1,0,1,0,1,1,1,1,1,0,1,1,0,1,1,1,0,1,0,0,0,1,1,0,1,0,1,1,0,0,0 : 13.1305
1,1,0,1,0,0,1,0,0,0,0,0,0,0,0,1,0,0,1,0,0,1,0,1,1,0,1,0,0,1,0,1,0,1,1,0,0,0,1 : 13.1305
1,1,0,1,0,0,1,0,1,0,0,0,0,0,1,1,0,1,1,1,0,1,0,1,1,0,1,0,0,1,0,1,0,1,1,0,0,0,1 : 13.1543
1,1,0,1,0,0,1,0,1,0,0,0,0,0,1,1,0,1,1,1,0,1,0,1,1,0,1,0,0,1,0,1,0,1,1,0,0,0,1 : 13.1543
0,0,0,1,1,0,0,0,1,1,0,0,0,0,1,0,0,1,1,1,0,1,0,0,0,0,1,0,0,0,1,0,1,1,0,1,1,0,1 : 13.1543
1,1,0,1,0,0,1,0,0,0,0,0,0,0,1,1,0,1,0,1,0,1,0,1,0,0,1,0,0,1,0,1,0,1,1,0,0,0,1 : 13.1543
1,1,0,1,0,0,1,0,1,0,0,0,0,0,1,1,0,1,0,1,0,1,0,1,1,0,1,0,1,1,0,1,0,1,1,0,0,0,1 : 13.1543
1,1,0,1,0,0,1,0,0,1,0,0,0,0,0,1,0,1,1,1,0,1,0,1,1,0,1,0,0,1,0,1,0,1,1,0,0,0,1 : 13.1543
1,1,0,1,0,0,1,0,1,0,0,0,0,0,1,1,0,1,1,1,0,1,0,1,1,0,1,0,0,1,0,1,0,1,1,0,0,0,1 : 13.1543
1,1,0,1,0,0,1,0,1,0,0,0,0,0,1,1,0,1,1,1,0,1,0,1,1,0,1,0,0,1,0,1,0,1,1,0,0,0,1 : 13.1543
