1,1,0,0,0,0,1,0,1,1,0,0,1,1,0,0 : 254.587
1,1,0,0,0,0,1,0,1,1,0,0,1,1,0,0 : 254.587
1,1,0,0,0,0,0,1,1,0,1,0,1,1,0,0 : 256.32
1,1,0,0,0,0,0,1,1,0,1,0,1,1,0,0 : 256.32
1,1,0,1,0,0,0,0,1,0,0,1,1,1,0,0 : 257.407
1,1,0,1,0,0,0,0,1,0,0,1,1,1,0,0 : 257.407
1,0,1,1,0,0,1,1,1,1,0,0,1,1,0,0 : 259.903
1,0,1,1,0,0,1,1,1,1,0,0,1,1,0,0 : 259.903
1,1,0,1,1,0,0,1,1,1,0,0,1,1,0,0 : 261.31
1,1,0,1,1,0,0,1,1,1,0,0,1,1,0,0 : 261.31
1,0,1,1,0,0,0,1,1,0,1,0,1,1,0,0 : 262.233
1,0,1,1,0,0,0,1,1,0,1,0,1,1,0,0 : 262.233
1,1,0,0,1,0,1,1,1,0,0,1,1,1,0,0 : 263.207
1,1,0,0,1,0,0,0,1,0,0,1,1,1,0,0 : 263.207
1,1,0,0,1,0,1,1,1,0,0,1,1,1,0,0 : 263.207
1,1,0,0,1,0,0,0,1,0,0,1,1,1,0,0 : 263.207
1,0,1,1,0,0,1,1,1,0,0,1,1,1,0,0 : 263.363
1,0,1,0,0,0,0,1,1,0,0,1,1,1,0,0 : 263.363
1,0,1,1,0,0,1,1,1,0,0,1,1,1,0,0 : 263.363
1,0,1,0,0,0,0,1,1,0,0,1,1,1,0,0 : 263.363
1,0,0,0,1,0,0,0,1,1,0,0,1,1,0,0 : 276.103
1,0,0,0,1,0,0,0,1,1,0,0,1,1,0,0 : 276.103
1,0,0,1,1,0,1,0,1,1,0,0,1,1,0,0 : 279.097
1,0,0,1,1,0,1,0,1,1,0,0,1,1,0,0 : 279.097
1,1,1,0,1,1,0,1,1,1,0,0,1,1,0,0 : 279.15
1,1,1,0,1,1,0,1,1,1,0,0,1,1,0,0 : 279.15
1,1,0,1,0,1,1,1,1,0,1,0,1,1,0,0 : 286.43
1,1,0,1,0,1,1,1,1,0,1,0,1,1,0,0 : 286.43
1,1,0,0,0,1,1,0,1,0,0,1,1,1,0,0 : 287.05
1,1,0,0,0,1,1,0,1,0,0,1,1,1,0,0 : 287.05
1,1,0,0,1,1,1,1,1,0,0,1,1,1,0,0 : 291.62
1,1,0,0,1,1,1,0,1,0,0,1,1,1,0,0 : 291.62
1,1,0,0,1,1,1,1,1,0,0,1,1,1,0,0 : 291.62
1,1,0,0,1,1,1,0,1,0,0,1,1,1,0,0 : 291.62
1,0,1,1,1,1,1,1,1,1,0,0,1,1,0,0 : 295.257
1,0,1,1,1,1,1,1,1,1,0,0,1,1,0,0 : 295.257
1,0,1,0,1,1,0,1,1,1,0,0,1,1,0,0 : 299.85
1,0,1,1,0,1,0,1,1,0,1,0,1,1,0,0 : 299.85
1,0,1,1,0,1,0,1,1,0,0,1,1,1,0,0 : 299.85
1,0,1,0,1,1,0,1,1,1,0,0,1,1,0,0 : 299.85
1,0,1,1,0,1,0,1,1,0,1,0,1,1,0,0 : 299.85
1,0,1,1,0,1,0,1,1,0,0,1,1,1,0,0 : 299.85
1,0,0,0,1,1,0,0,1,0,1,0,1,1,0,0 : 310.317
1,0,0,0,1,1,0,0,1,0,1,0,1,1,0,0 : 310.317
1,0,0,0,0,1,1,1,1,0,0,1,1,1,0,0 : 310.673
1,0,0,0,0,1,1,1,1,0,0,1,1,1,0,0 : 310.673
1,0,0,0,1,1,0,0,1,0,0,1,1,1,0,0 : 310.687
1,0,0,0,1,1,0,0,1,0,0,1,1,1,0,0 : 310.687
1,1,1,0,0,0,1,1,1,1,0,0,1,0,1,0 : 361.7029
1,1,1,0,0,0,1,1,1,1,0,0,1,0,1,0 : 361.7029
1,1,0,1,0,0,1,1,1,0,1,0,1,0,1,0 : 368.63
1,1,0,1,0,0,1,1,1,0,1,0,1,0,1,0 : 368.63
1,0,0,1,0,0,1,1,1,0,0,1,1,0,1,0 : 380.147
1,0,0,1,0,0,1,1,1,0,0,1,1,0,1,0 : 380.147
1,0,1,0,0,0,1,0,1,0,1,0,1,0,1,0 : 382.01
1,0,1,0,0,0,1,0,1,0,1,0,1,0,1,0 : 382.01
1,1,1,0,1,1,1,1,1,0,0,1,1,0,1,0 : 433.913
1,1,1,0,1,1,1,1,1,0,0,1,1,0,1,0 : 433.913
1,0,0,0,0,0,0,0,1,0,1,0,1,0,1,0 : 445.577
1,0,0,0,0,0,0,0,1,0,1,0,1,0,1,0 : 445.577
1,1,0,1,1,0,1,0,1,0,1,0,1,0,1,0 : 456.363
1,1,0,0,1,1,1,1,1,1,0,0,1,0,1,0 : 456.363
1,1,0,0,1,0,1,1,1,0,1,0,1,0,1,0 : 456.363
1,1,1,1,1,0,1,0,1,1,0,0,1,0,1,0 : 456.363
1,1,0,1,1,0,1,0,1,0,1,0,1,0,1,0 : 456.363
1,1,0,0,1,1,1,1,1,1,0,0,1,0,1,0 : 456.363
1,1,0,0,1,0,1,1,1,0,1,0,1,0,1,0 : 456.363
1,1,1,1,1,0,1,0,1,1,0,0,1,0,1,0 : 456.363
1,0,1,0,1,1,1,0,1,1,0,0,1,0,1,0 : 482.59
1,0,1,0,1,1,1,0,1,1,0,0,1,0,1,0 : 482.59
1,0,1,0,1,0,1,1,1,1,0,0,1,0,1,0 : 482.59
1,0,1,0,1,1,1,0,1,1,0,0,1,0,1,0 : 482.59
1,0,1,0,1,1,1,0,1,1,0,0,1,0,1,0 : 482.59
1,0,1,0,1,0,1,1,1,1,0,0,1,0,1,0 : 482.59
1,1,0,0,1,0,0,1,1,0,1,0,1,0,1,0 : 493.893
1,1,0,1,1,0,0,1,1,0,1,0,1,0,1,0 : 493.893
1,1,0,0,1,0,0,1,1,0,1,0,1,0,1,0 : 493.893
1,1,0,1,1,0,0,1,1,0,1,0,1,0,1,0 : 493.893
1,0,1,0,1,0,0,0,1,0,1,0,1,0,1,0 : 508.983
1,0,1,0,1,0,0,0,1,0,1,0,1,0,1,0 : 508.983
1,0,0,0,0,1,1,1,1,0,1,0,1,0,0,1 : 510.857
1,1,0,1,0,0,1,1,1,0,1,0,1,0,0,1 : 510.857
1,0,0,0,0,1,1,1,1,0,1,0,1,0,0,1 : 510.857
1,1,0,1,0,0,1,1,1,0,1,0,1,0,0,1 : 510.857
1,1,1,0,1,1,0,0,1,0,1,0,1,0,1,0 : 519.583
1,1,1,0,0,1,0,1,1,0,0,1,1,0,1,0 : 519.583
1,1,1,0,1,1,0,0,1,0,1,0,1,0,1,0 : 519.583
1,1,1,0,0,1,0,1,1,0,0,1,1,0,1,0 : 519.583
1,1,1,1,0,1,0,1,1,1,0,0,1,0,1,0 : 536.95
1,1,1,1,0,1,0,1,1,1,0,0,1,0,1,0 : 536.95
1,1,0,1,0,1,0,1,1,0,1,0,1,0,1,0 : 544.74
1,1,0,1,0,1,0,1,1,0,1,0,1,0,1,0 : 544.74
1,1,1,1,0,1,1,0,1,0,0,1,1,0,0,1 : 555.633
1,1,1,1,0,1,1,0,1,0,0,1,1,0,0,1 : 555.633
1,0,0,0,0,0,0,0,1,0,0,1,1,0,0,1 : 604.8869
1,0,0,0,0,0,0,0,1,0,0,1,1,0,0,1 : 604.8869
1,0,1,1,0,0,0,1,1,1,0,0,1,0,0,1 : 607.7
1,0,1,1,0,0,0,1,1,1,0,0,1,0,0,1 : 607.7
1,0,1,1,0,0,0,1,1,1,0,0,1,0,0,1 : 607.7
1,0,1,1,0,0,0,1,1,1,0,0,1,0,0,1 : 607.7
