0,1,0,1,1,1,0,1,1,0,1,0,0,1,1,1,1,1,0,1,1,0,0,0,0,1,1,0,1,1,1,0,0,0,0,1,1,1,0 : 12.6877
0,1,0,1,1,1,1,0,0,0,1,1,0,1,0,0,1,1,0,1,1,1,0,0,0,1,0,0,0,1,1,0,1,0,0,1,0,0,1 : 12.6877
1,1,0,1,0,1,0,1,1,1,1,0,0,0,1,1,1,1,0,1,1,0,0,0,0,1,0,0,1,1,1,0,0,1,0,1,1,1,0 : 12.6877
0,1,0,1,0,0,0,1,1,1,1,0,0,0,1,1,1,1,0,1,1,0,0,0,0,1,0,0,1,1,1,0,0,0,0,1,1,1,0 : 12.6877
0,1,0,1,1,1,0,0,0,0,1,1,0,0,0,0,1,1,0,1,1,0,0,1,0,1,0,0,1,1,0,0,1,0,0,1,0,0,1 : 12.6877
1,1,0,1,0,0,1,1,1,1,1,0,0,0,1,1,1,1,0,1,1,0,0,0,0,1,0,0,1,1,1,0,0,1,0,0,1,1,0 : 12.6877
0,1,0,1,1,1,1,1,0,0,1,1,0,0,0,0,1,1,0,1,1,0,0,0,0,0,1,0,1,1,0,0,1,0,0,1,0,0,0 : 12.6877
1,1,0,1,0,0,0,1,1,0,1,0,0,0,1,1,1,1,0,1,1,1,0,1,1,1,0,0,1,1,1,0,0,1,0,1,1,1,0 : 12.6877
1,1,0,1,0,1,1,0,0,0,1,0,0,1,0,1,1,1,1,0,1,0,1,1,0,1,1,0,0,1,0,0,0,0,0,0,1,0,0 : 12.6877
1,1,0,1,0,1,0,1,1,1,1,0,0,0,1,1,1,1,0,1,1,0,0,0,0,1,1,0,1,1,1,0,0,1,0,1,1,1,0 : 12.6877
0,1,0,1,1,1,0,1,1,1,1,0,0,0,1,1,1,1,0,1,1,0,0,0,0,1,0,0,1,0,1,0,0,0,0,1,1,1,0 : 12.6877
0,1,0,1,1,1,1,0,0,0,1,1,0,1,0,0,1,1,0,1,1,1,0,1,0,1,0,0,1,1,1,0,1,0,0,1,0,0,1 : 12.6877
0,1,0,1,0,1,0,1,1,1,1,0,0,0,1,1,1,1,0,1,1,0,0,0,0,1,0,0,0,1,0,0,0,1,0,1,1,1,0 : 12.6877
1,1,0,1,0,1,0,1,1,1,1,0,0,0,1,1,1,1,0,1,1,0,0,0,0,1,0,0,1,1,1,0,0,1,0,1,1,1,0 : 12.6877
0,1,0,1,0,0,0,1,1,1,1,0,0,1,1,1,1,1,0,1,1,1,0,0,0,1,0,0,1,1,1,0,0,0,0,1,1,1,0 : 12.6877
0,1,0,1,1,1,1,0,0,0,0,1,0,0,0,0,1,1,0,1,1,0,1,1,0,1,0,0,1,1,1,0,1,0,0,1,0,0,1 : 12.6877
1,1,0,1,0,1,0,1,1,1,1,0,0,0,1,1,1,1,0,1,1,0,0,0,0,0,0,0,1,1,1,0,0,1,0,1,1,1,0 : 12.6877
0,1,0,1,1,1,1,0,0,0,1,1,0,0,0,0,1,1,1,0,1,0,0,0,0,1,1,0,1,1,0,0,1,0,0,1,0,0,0 : 12.6877
1,1,0,1,0,0,0,1,1,0,1,0,0,0,1,1,1,1,0,1,1,0,0,1,1,1,0,0,1,1,1,0,0,1,0,1,1,1,0 : 12.6877
1,1,0,1,0,1,1,0,0,0,1,0,0,1,0,1,1,1,1,1,1,0,1,1,0,1,1,0,0,1,0,0,0,0,0,0,1,0,0 : 12.6877
0,1,0,1,1,1,0,1,1,0,1,0,0,1,1,1,1,1,0,1,1,0,0,0,0,1,1,0,1,1,1,0,0,0,0,1,1,1,0 : 12.6877
0,1,0,1,1,1,1,0,0,0,1,1,0,1,0,0,1,1,0,1,1,1,0,0,0,1,0,0,0,1,1,0,1,0,0,1,0,0,1 : 12.6877
1,1,0,1,0,1,0,1,1,1,1,0,0,0,1,1,1,1,0,1,1,0,0,0,0,1,0,0,1,1,1,0,0,1,0,1,1,1,0 : 12.6877
0,1,0,1,0,0,0,1,1,1,1,0,0,0,1,1,1,1,0,1,1,0,0,0,0,1,0,0,1,1,1,0,0,0,0,1,1,1,0 : 12.6877
0,1,0,1,1,1,0,0,0,0,1,1,0,0,0,0,1,1,0,1,1,0,0,1,0,1,0,0,1,1,0,0,1,0,0,1,0,0,1 : 12.6877
1,1,0,1,0,0,1,1,1,1,1,0,0,0,1,1,1,1,0,1,1,0,0,0,0,1,0,0,1,1,1,0,0,1,0,0,1,1,0 : 12.6877
0,1,0,1,1,1,1,1,0,0,1,1,0,0,0,0,1,1,0,1,1,0,0,0,0,0,1,0,1,1,0,0,1,0,0,1,0,0,0 : 12.6877
1,1,0,1,0,0,0,1,1,0,1,0,0,0,1,1,1,1,0,1,1,1,0,1,1,1,0,0,1,1,1,0,0,1,0,1,1,1,0 : 12.6877
1,1,0,1,0,1,1,0,0,0,1,0,0,1,0,1,1,1,1,0,1,0,1,1,0,1,1,0,0,1,0,0,0,0,0,0,1,0,0 : 12.6877
1,1,0,1,0,1,0,1,1,1,1,0,0,0,1,1,1,1,0,1,1,0,0,0,0,1,1,0,1,1,1,0,0,1,0,1,1,1,0 : 12.6877
0,1,0,1,1,1,0,1,1,1,1,0,0,0,1,1,1,1,0,1,1,0,0,0,0,1,0,0,1,0,1,0,0,0,0,1,1,1,0 : 12.6877
0,1,0,1,1,1,1,0,0,0,1,1,0,1,0,0,1,1,0,1,1,1,0,1,0,1,0,0,1,1,1,0,1,0,0,1,0,0,1 : 12.6877
0,1,0,1,0,1,0,1,1,1,1,0,0,0,1,1,1,1,0,1,1,0,0,0,0,1,0,0,0,1,0,0,0,1,0,1,1,1,0 : 12.6877
1,1,0,1,0,1,0,1,1,1,1,0,0,0,1,1,1,1,0,1,1,0,0,0,0,1,0,0,1,1,1,0,0,1,0,1,1,1,0 : 12.6877
0,1,0,1,0,0,0,1,1,1,1,0,0,1,1,1,1,1,0,1,1,1,0,0,0,1,0,0,1,1,1,0,0,0,0,1,1,1,0 : 12.6877
0,1,0,1,1,1,1,0,0,0,0,1,0,0,0,0,1,1,0,1,1,0,1,1,0,1,0,0,1,1,1,0,1,0,0,1,0,0,1 : 12.6877
1,1,0,1,0,1,0,1,1,1,1,0,0,0,1,1,1,1,0,1,1,0,0,0,0,0,0,0,1,1,1,0,0,1,0,1,1,1,0 : 12.6877
0,1,0,1,1,1,1,0,0,0,1,1,0,0,0,0,1,1,1,0,1,0,0,0,0,1,1,0,1,1,0,0,1,0,0,1,0,0,0 : 12.6877
1,1,0,1,0,0,0,1,1,0,1,0,0,0,1,1,1,1,0,1,1,0,0,1,1,1,0,0,1,1,1,0,0,1,0,1,1,1,0 : 12.6877
1,1,0,1,0,1,1,0,0,0,1,0,0,1,0,1,1,1,1,1,1,0,1,1,0,1,1,0,0,1,0,0,0,0,0,0,1,0,0 : 12.6877
0,1,0,0,0,0,0,0,1,1,1,0,0,0,1,0,1,1,0,0,1,1,1,1,0,1,1,0,0,0,1,0,1,1,0,0,1,0,1 : 12.7139
0,1,0,0,0,0,0,0,1,1,1,0,0,0,1,0,1,1,0,0,1,1,1,1,0,1,1,0,0,0,1,0,1,1,0,0,1,0,1 : 12.7139
1,0,0,1,1,0,0,0,0,1,1,0,1,0,1,0,1,0,0,1,1,1,0,1,0,1,1,0,0,1,0,0,1,0,0,0,0,1,0 : 13.0344
1,0,0,0,1,0,0,1,1,1,0,0,0,1,0,0,1,0,0,0,0,0,1,1,1,1,0,0,0,1,1,0,0,0,0,0,1,1,1 : 13.0344
1,1,0,1,1,0,0,1,0,1,1,1,0,0,0,1,1,0,1,1,1,1,0,1,0,0,1,0,1,1,1,0,1,0,0,1,0,0,1 : 13.0344
1,0,0,1,1,0,0,1,0,1,1,0,1,0,1,0,1,0,0,1,1,1,0,0,0,1,1,0,0,1,1,0,1,0,0,0,0,0,0 : 13.0344
0,1,0,0,1,0,0,1,1,1,0,1,0,1,0,1,1,0,0,0,0,0,1,1,0,1,0,0,0,1,0,0,0,0,0,0,1,1,1 : 13.0344
1,0,0,0,1,0,0,1,1,1,0,1,0,1,0,0,1,0,0,0,0,0,1,1,0,1,0,0,1,1,0,0,0,0,0,0,1,1,1 : 13.0344
1,1,0,1,1,0,0,1,0,1,1,1,0,0,0,1,0,0,1,1,1,1,0,1,1,0,1,0,0,1,1,1,1,0,0,1,0,0,1 : 13.0344
1,0,0,1,1,0,0,0,0,1,1,0,1,0,1,0,1,0,0,1,1,1,0,1,0,0,1,0,0,1,1,1,1,0,0,0,0,1,0 : 13.0344
1,0,0,0,1,0,0,1,1,1,0,0,0,1,0,0,1,0,0,0,0,0,1,1,1,1,0,0,1,1,0,0,0,0,0,0,1,1,1 : 13.0344
1,1,0,1,1,0,0,1,0,1,1,1,0,0,0,1,1,0,1,1,1,1,0,1,0,0,1,0,0,1,1,0,0,0,0,0,0,0,1 : 13.0344
1,0,0,1,1,0,0,1,0,1,1,0,1,1,1,0,0,0,0,1,1,1,0,0,0,1,1,0,0,1,1,0,0,0,0,0,0,1,0 : 13.0344
0,1,0,1,1,0,0,1,0,0,0,0,1,0,1,0,0,0,1,1,0,1,0,0,1,0,1,0,1,1,1,0,0,0,1,0,1,0,0 : 13.0344
1,0,0,1,1,0,0,0,0,1,1,0,1,0,1,0,1,0,0,1,1,1,0,1,0,1,1,0,0,1,0,0,1,0,0,0,0,1,0 : 13.0344
1,0,0,0,1,0,0,1,1,1,0,0,0,1,0,0,1,0,0,0,0,0,1,1,1,1,0,0,0,1,1,0,0,0,0,0,1,1,1 : 13.0344
1,1,0,1,1,0,0,1,0,1,1,1,0,0,0,1,1,0,1,1,1,1,0,1,0,0,1,0,1,1,1,0,1,0,0,1,0,0,1 : 13.0344
1,0,0,1,1,0,0,1,0,1,1,0,1,0,1,0,1,0,0,1,1,1,0,0,0,1,1,0,0,1,1,0,1,0,0,0,0,0,0 : 13.0344
0,1,0,0,1,0,0,1,1,1,0,1,0,1,0,1,1,0,0,0,0,0,1,1,0,1,0,0,0,1,0,0,0,0,0,0,1,1,1 : 13.0344
1,0,0,0,1,0,0,1,1,1,0,1,0,1,0,0,1,0,0,0,0,0,1,1,0,1,0,0,1,1,0,0,0,0,0,0,1,1,1 : 13.0344
1,1,0,1,1,0,0,1,0,1,1,1,0,0,0,1,0,0,1,1,1,1,0,1,1,0,1,0,0,1,1,1,1,0,0,1,0,0,1 : 13.0344
1,0,0,1,1,0,0,0,0,1,1,0,1,0,1,0,1,0,0,1,1,1,0,1,0,0,1,0,0,1,1,1,1,0,0,0,0,1,0 : 13.0344
1,0,0,0,1,0,0,1,1,1,0,0,0,1,0,0,1,0,0,0,0,0,1,1,1,1,0,0,1,1,0,0,0,0,0,0,1,1,1 : 13.0344
1,1,0,1,1,0,0,1,0,1,1,1,0,0,0,1,1,0,1,1,1,1,0,1,0,0,1,0,0,1,1,0,0,0,0,0,0,0,1 : 13.0344
1,0,0,1,1,0,0,1,0,1,1,0,1,1,1,0,0,0,0,1,1,1,0,0,0,1,1,0,0,1,1,0,0,0,0,0,0,1,0 : 13.0344
0,1,0,1,1,0,0,1,0,0,0,0,1,0,1,0,0,0,1,1,0,1,0,0,1,0,1,0,1,1,1,0,0,0,1,0,1,0,0 : 13.0344
1,1,1,1,0,0,0,0,1,0,1,0,0,1,1,0,1,0,0,1,0,0,1,0,0,0,1,0,1,0,1,0,1,0,0,1,0,0,0 : 13.0372
1,1,1,1,0,0,0,0,1,0,0,1,0,1,1,0,1,0,0,1,0,0,1,0,0,0,1,0,1,0,1,0,1,0,0,1,0,0,0 : 13.0372
1,1,1,1,0,0,0,0,1,0,1,0,0,1,1,0,1,0,0,1,0,0,1,0,0,0,1,0,0,0,1,0,1,0,0,1,0,0,0 : 13.0372
1,1,1,1,0,0,0,0,1,0,1,0,0,1,1,0,1,0,0,1,0,0,1,0,0,0,1,0,1,0,1,0,1,0,0,1,0,0,0 : 13.0372
1,1,1,1,0,0,0,0,1,0,1,0,0,1,1,0,1,0,0,1,0,0,1,0,0,0,1,0,1,0,1,0,1,0,0,1,0,0,0 : 13.0372
1,1,1,1,0,0,0,0,1,0,0,1,0,1,1,0,1,0,0,1,0,0,1,0,0,0,1,0,1,0,1,0,1,0,0,1,0,0,0 : 13.0372
1,1,1,1,0,0,0,0,1,0,1,0,0,1,1,0,1,0,0,1,0,0,1,0,0,0,1,0,0,0,1,0,1,0,0,1,0,0,0 : 13.0372
1,1,1,1,0,0,0,0,1,0,1,0,0,1,1,0,1,0,0,1,0,0,1,0,0,0,1,0,1,0,1,0,1,0,0,1,0,0,0 : 13.0372
1,1,0,1,1,0,0,0,1,1,0,0,1,1,1,0,1,1,1,1,1,1,0,1,0,0,0,1,0,1,0,0,0,0,0,0,0,1,1 : 13.0451
1,1,0,1,1,0,0,0,1,1,0,0,1,1,1,0,1,1,1,1,1,1,0,1,0,0,0,1,0,1,0,0,0,0,0,0,0,1,1 : 13.0451
1,1,0,1,0,0,0,0,1,1,0,0,1,1,1,0,1,1,1,1,1,1,0,1,0,0,0,1,0,1,0,0,0,0,0,0,0,0,1 : 13.0451
1,1,0,1,0,0,0,0,1,1,0,0,1,1,1,0,1,1,1,1,1,1,1,1,0,0,0,1,0,1,0,0,0,0,0,0,0,0,1 : 13.0451
1,1,0,1,0,0,0,0,1,1,0,0,1,1,1,0,1,1,1,1,1,1,0,1,0,0,0,1,0,1,0,0,0,0,0,0,0,1,1 : 13.0451
1,1,0,1,1,0,0,0,1,1,0,0,1,1,1,0,1,1,1,1,1,1,0,1,0,0,0,1,0,1,0,0,0,0,0,0,0,1,1 : 13.0451
1,1,0,1,1,0,0,0,1,1,0,0,1,1,1,0,1,1,1,1,1,1,0,1,0,0,0,1,0,1,0,0,0,0,0,0,0,1,1 : 13.0451
1,1,0,1,0,0,0,0,1,1,0,0,1,1,1,0,1,1,1,1,1,1,0,1,0,0,0,1,0,1,0,0,0,0,0,0,0,0,1 : 13.0451
1,1,0,1,0,0,0,0,1,1,0,0,1,1,1,0,1,1,1,1,1,1,1,1,0,0,0,1,0,1,0,0,0,0,0,0,0,0,1 : 13.0451
1,1,0,1,0,0,0,0,1,1,0,0,1,1,1,0,1,1,1,1,1,1,0,1,0,0,0,1,0,1,0,0,0,0,0,0,0,1,1 : 13.0451
0,1,0,1,0,0,0,0,1,0,0,0,1,1,1,0,1,0,1,0,1,1,0,0,0,1,0,0,1,1,1,0,1,1,1,0,1,0,0 : 13.0713
0,1,0,1,0,0,0,0,1,0,1,0,1,1,1,0,0,0,1,0,1,1,0,0,0,1,0,0,1,0,1,0,1,1,1,0,1,0,0 : 13.0713
0,1,0,1,0,0,0,0,1,0,0,0,1,1,1,0,1,0,1,0,1,0,0,0,0,1,0,0,1,1,1,0,1,1,1,0,1,0,0 : 13.0713
0,1,0,0,0,0,0,0,1,0,0,0,1,1,1,0,1,0,1,0,1,1,0,0,0,1,0,0,1,1,1,0,1,1,1,0,1,0,0 : 13.0713
0,1,0,1,0,0,0,0,1,0,1,0,1,1,0,0,0,0,1,0,1,1,0,1,0,1,0,0,1,0,1,0,1,1,1,0,1,0,0 : 13.0713
0,1,0,1,0,0,0,0,1,0,0,0,1,1,1,1,1,0,1,0,1,1,0,0,0,1,0,0,1,1,1,0,1,1,1,0,1,0,0 : 13.0713
0,1,0,1,0,0,0,0,1,0,0,0,1,1,1,0,1,0,1,0,1,1,0,0,0,1,0,0,1,1,1,0,1,1,1,0,1,0,0 : 13.0713
0,1,0,1,0,0,0,0,1,0,1,0,1,1,1,0,0,0,1,0,1,1,0,0,0,1,0,0,1,0,1,0,1,1,1,0,1,0,0 : 13.0713
0,1,0,1,0,0,0,0,1,0,0,0,1,1,1,0,1,0,1,0,1,0,0,0,0,1,0,0,1,1,1,0,1,1,1,0,1,0,0 : 13.0713
0,1,0,0,0,0,0,0,1,0,0,0,1,1,1,0,1,0,1,0,1,1,0,0,0,1,0,0,1,1,1,0,1,1,1,0,1,0,0 : 13.0713
0,1,0,1,0,0,0,0,1,0,1,0,1,1,0,0,0,0,1,0,1,1,0,1,0,1,0,0,1,0,1,0,1,1,1,0,1,0,0 : 13.0713
0,1,0,1,0,0,0,0,1,0,0,0,1,1,1,1,1,0,1,0,1,1,0,0,0,1,0,0,1,1,1,0,1,1,1,0,1,0,0 : 13.0713
0,1,0,1,0,1,0,0,1,0,1,1,0,0,1,1,0,0,0,0,1,1,1,1,0,0,0,0,0,0,1,0,1,1,0,1,0,0,0 : 13.0854
0,1,0,1,0,1,0,0,1,0,1,1,0,0,1,1,1,0,0,0,1,1,1,1,0,0,0,0,0,0,1,0,0,1,0,1,0,0,0 : 13.0854
0,1,0,1,0,1,0,0,1,0,1,0,0,0,1,1,1,0,0,0,1,1,1,1,0,0,0,0,0,0,1,0,0,1,0,1,0,0,0 : 13.0854
0,1,0,1,0,1,0,0,1,0,1,1,0,0,1,1,1,0,0,0,1,1,1,1,0,0,0,0,0,0,1,0,0,1,0,1,0,0,0 : 13.0854
