1,0,0,0,0,0,0,1,0,0,0 : 199.9533
1,0,0,0,0,0,0,1,0,0,0 : 199.9533
1,0,0,0,0,0,0,1,0,0,0 : 199.9533
1,0,0,0,0,0,0,1,0,0,0 : 199.9533
1,0,0,0,0,0,0,1,0,0,0 : 199.9533
1,0,0,0,0,0,0,1,0,0,0 : 199.9533
1,0,0,0,1,1,0,1,0,1,0 : 201.9733
1,0,0,0,1,1,0,1,0,1,0 : 201.9733
1,0,0,0,1,1,1,0,1,1,0 : 202.68
1,0,0,0,1,1,1,0,1,1,0 : 202.68
1,0,0,0,1,1,1,0,1,1,0 : 202.68
1,0,0,0,1,1,1,0,1,1,0 : 202.68
1,0,0,0,1,1,1,0,1,0,0 : 205.7066
1,0,0,0,1,0,1,0,1,0,0 : 205.7066
1,0,0,0,1,1,1,0,1,0,0 : 205.7066
1,0,0,0,1,0,1,0,1,0,0 : 205.7066
1,0,0,0,1,1,1,1,0,0,0 : 207.2333
1,0,0,0,1,1,1,1,0,0,0 : 207.2333
1,0,0,1,0,0,0,0,1,0,0 : 208.37
1,0,0,1,0,0,0,0,1,0,0 : 208.37
1,0,0,1,0,0,1,0,1,0,0 : 210.7066
1,0,0,1,0,0,1,0,1,0,0 : 210.7066
1,0,0,1,0,1,0,1,1,1,0 : 212.0533
1,0,0,1,0,1,0,1,1,1,0 : 212.0533
1,0,0,1,0,1,0,1,1,1,0 : 212.0533
1,0,0,1,0,1,0,1,1,1,0 : 212.0533
1,0,0,0,0,0,0,0,0,1,1 : 212.4466
1,0,0,0,0,0,0,0,0,1,1 : 212.4466
1,0,0,0,0,0,0,1,0,1,1 : 214.6533
1,0,0,0,0,0,0,1,0,1,1 : 214.6533
1,0,0,0,0,0,0,1,0,1,1 : 214.6533
1,0,0,0,0,0,0,1,0,1,1 : 214.6533
1,0,0,0,1,1,1,0,0,1,1 : 214.8866
1,0,0,0,1,1,1,0,0,1,1 : 214.8866
1,0,0,0,1,1,1,0,0,1,1 : 214.8866
1,0,0,0,1,1,1,0,0,1,1 : 214.8866
1,0,0,1,1,1,1,0,0,0,0 : 215.3666
1,0,0,1,1,1,1,0,0,0,0 : 215.3666
1,0,0,1,1,1,1,0,0,0,0 : 215.3666
1,0,0,1,1,1,1,0,0,0,0 : 215.3666
1,0,0,1,1,1,1,0,0,0,0 : 215.3666
1,0,0,1,1,1,1,0,0,0,0 : 215.3666
1,0,0,0,0,0,0,1,1,1,1 : 215.6066
1,0,0,0,0,0,0,1,1,1,1 : 215.6066
1,0,0,0,0,0,0,1,1,1,1 : 215.6066
1,0,0,0,0,0,0,1,1,1,1 : 215.6066
1,0,0,0,1,0,1,1,1,0,1 : 215.8533
1,0,0,0,1,0,1,1,1,0,1 : 215.8533
1,0,0,1,1,1,0,1,0,1,0 : 215.9466
1,0,0,1,1,1,0,1,0,1,0 : 215.9466
1,0,0,1,1,1,0,1,0,1,0 : 215.9466
1,0,0,1,1,1,0,1,0,1,0 : 215.9466
1,0,0,0,0,0,1,0,1,0,1 : 216.2233
1,0,0,0,0,0,1,0,1,0,1 : 216.2233
1,0,0,0,0,0,1,0,1,0,1 : 216.2233
1,0,0,0,0,0,1,0,1,0,1 : 216.2233
1,0,0,0,1,1,1,1,0,0,1 : 216.6366
1,0,0,0,1,1,1,0,0,0,1 : 216.6366
1,0,0,0,1,1,1,1,0,0,1 : 216.6366
1,0,0,0,1,1,1,0,0,0,1 : 216.6366
1,0,0,1,1,0,0,1,1,1,0 : 216.9133
1,0,0,1,1,0,0,1,1,1,0 : 216.9133
1,0,1,0,0,0,1,0,1,0,0 : 217.2866
1,0,1,0,0,0,1,0,1,0,0 : 217.2866
1,0,1,0,0,0,1,0,1,0,0 : 217.2866
1,0,1,0,0,0,1,0,1,0,0 : 217.2866
1,0,1,0,0,0,1,0,1,0,0 : 217.2866
1,0,1,0,0,0,1,0,1,0,0 : 217.2866
1,0,1,0,0,0,1,0,1,0,0 : 217.2866
1,0,1,0,0,0,1,0,1,0,0 : 217.2866
1,0,0,0,1,0,1,1,1,1,1 : 218.02
1,0,0,0,1,0,1,1,1,1,1 : 218.02
1,1,0,0,1,0,0,1,0,0,0 : 219.1533
1,1,0,0,1,0,0,0,0,0,0 : 219.1533
1,1,0,0,1,0,0,0,0,1,0 : 219.1533
1,1,0,0,1,0,0,1,0,0,0 : 219.1533
1,1,0,0,1,0,0,0,0,0,0 : 219.1533
1,1,0,0,1,0,0,0,0,1,0 : 219.1533
1,0,1,0,1,0,1,1,1,1,0 : 219.3966
1,0,1,0,1,0,1,1,1,1,0 : 219.3966
1,0,1,1,1,1,1,1,1,1,0 : 223.52
1,0,1,1,1,1,1,1,1,1,0 : 223.52
1,0,1,1,1,1,1,1,1,1,0 : 223.52
1,0,1,1,1,1,1,1,1,1,0 : 223.52
1,0,1,0,1,1,0,0,0,0,0 : 224.0733
1,0,1,0,1,1,0,0,1,0,0 : 224.0733
1,0,1,0,0,1,0,0,0,1,0 : 224.0733
1,0,1,0,1,1,0,0,1,0,0 : 224.0733
1,0,1,0,1,1,0,0,0,0,0 : 224.0733
1,0,1,0,0,1,0,0,0,1,0 : 224.0733
1,0,1,0,1,1,0,0,0,0,0 : 224.0733
1,0,1,0,1,1,0,0,1,0,0 : 224.0733
1,0,1,0,0,1,0,0,0,1,0 : 224.0733
1,0,1,0,1,1,0,0,1,0,0 : 224.0733
1,0,1,0,1,1,0,0,0,0,0 : 224.0733
1,0,1,0,0,1,0,0,0,1,0 : 224.0733
1,1,0,0,0,0,1,1,0,1,0 : 225.7733
1,1,0,0,0,0,1,1,0,1,0 : 225.7733
1,1,0,0,0,0,1,1,0,1,0 : 225.7733
1,1,0,0,0,0,1,1,0,1,0 : 225.7733
