1,0,0,0,0,0,1,1,1,0,0 : 204.1766
1,0,0,0,1,0,0,1,1,0,0 : 199.9533
1,0,0,1,0,0,0,0,1,1,0 : 210.2366
1,0,0,0,1,1,1,0,1,1,0 : 202.68
1,0,0,0,1,0,1,0,0,1,1 : 214.8866
1,0,1,0,0,0,0,1,1,0,0 : 217.2866
1,0,0,0,0,0,0,0,0,1,1 : 212.4466
1,0,0,0,0,0,0,0,1,0,0 : 201.1533
1,0,0,0,0,0,0,0,1,1,0 : 199.6833
1,0,0,0,1,0,0,0,1,1,0 : 199.6833
1,0,0,0,0,1,1,0,1,1,0 : 203.9766
1,0,0,0,1,0,0,0,0,1,0 : 199.6833
1,0,0,0,1,1,0,0,1,1,0 : 200.38
1,0,0,0,0,0,1,0,0,1,0 : 200.66
1,0,1,0,1,0,0,0,0,0,0 : 221.7833
1,0,0,0,0,0,0,1,0,1,0 : 199.6833
1,0,0,0,1,0,1,0,0,1,0 : 202.68
1,0,0,0,1,0,0,0,0,1,0 : 199.6833
1,0,0,1,0,0,0,0,0,0,0 : 207.7466
1,0,0,0,1,1,0,0,0,1,0 : 200.38
1,0,0,0,0,0,0,1,1,0,0 : 199.9533
1,0,0,0,1,0,0,1,1,0,0 : 199.9533
1,0,0,0,1,0,0,0,1,0,0 : 201.5466
1,0,0,0,1,0,0,1,0,0,0 : 199.9533
1,0,0,0,0,1,0,0,1,0,1 : 213.5333
1,0,0,1,1,1,0,0,0,1,0 : 210.5066
1,0,0,0,0,0,0,0,1,1,0 : 199.6833
1,0,0,0,1,0,0,1,0,1,0 : 199.6833
1,0,0,0,0,0,0,0,1,1,0 : 199.6833
1,0,0,0,1,0,0,1,1,1,0 : 199.6833
1,0,0,0,0,0,0,1,0,0,0 : 199.9533
1,1,0,0,0,0,0,0,1,1,0 : 219.1533
1,1,0,0,0,0,0,1,1,1,0 : 219.1533
1,0,0,0,1,1,1,0,1,0,0 : 205.7066
1,0,0,0,1,1,0,1,1,0,0 : 202.9366
1,0,0,0,0,0,0,1,0,0,0 : 199.9533
1,0,0,0,1,0,0,0,0,1,0 : 199.6833
1,0,0,0,0,1,1,1,0,1,0 : 205.3633
1,0,0,0,0,0,0,0,1,1,0 : 199.6833
1,0,0,0,0,0,0,0,0,1,0 : 199.6833
1,0,0,0,1,0,0,1,1,0,0 : 199.9533
1,0,0,0,0,0,1,0,1,0,0 : 203.9766
1,0,0,0,1,1,0,0,1,1,0 : 200.38
1,0,0,1,0,0,1,1,0,1,0 : 210.7066
1,0,0,0,0,0,0,0,0,1,0 : 199.6833
1,0,0,0,0,1,0,1,1,0,0 : 202.9366
1,0,0,0,1,1,0,0,1,1,0 : 200.38
1,0,0,0,0,1,0,0,1,0,0 : 203.9333
1,0,0,0,0,1,0,0,1,1,0 : 200.38
1,1,0,0,0,1,0,1,0,1,0 : 223.2133
1,1,0,0,1,0,0,1,1,0,1 : 230.2366
1,0,0,0,1,1,1,0,1,1,0 : 202.68
1,0,0,0,0,0,0,0,0,0,0 : 201.1533
1,1,0,0,1,0,0,1,1,1,0 : 219.1533
1,0,0,0,0,0,1,0,0,1,0 : 200.66
1,0,0,0,1,1,0,0,1,1,0 : 200.38
1,0,0,0,0,0,0,0,0,0,0 : 201.1533
1,0,0,0,0,1,1,1,0,1,0 : 205.3633
1,1,0,0,1,0,1,1,0,1,0 : 225.7733
1,0,1,1,0,1,0,0,0,0,0 : 226.13
1,0,0,0,1,0,1,0,1,0,1 : 215.8533
1,0,0,0,1,1,0,1,1,1,0 : 201.9733
1,0,0,0,1,0,0,0,1,0,0 : 201.5466
1,0,0,0,1,0,0,0,0,1,0 : 199.6833
1,0,0,0,0,0,0,1,1,0,0 : 199.9533
1,1,0,0,0,1,1,1,0,1,0 : 225.7733
1,1,0,0,0,1,1,0,0,0,0 : 224.3366
1,0,0,0,0,0,0,0,0,1,0 : 199.6833
1,0,0,0,1,1,1,0,0,1,0 : 202.68
1,0,0,0,1,0,0,0,1,1,0 : 199.6833
1,0,0,0,1,0,0,0,1,1,0 : 199.6833
1,1,0,0,0,1,1,0,0,1,0 : 227.1833
1,0,0,0,1,1,1,0,0,1,0 : 202.68
1,1,0,0,0,1,0,0,0,1,0 : 223.0133
1,0,1,1,1,1,1,1,1,0,0 : 223.52
1,0,1,0,0,0,0,1,1,1,0 : 219.3866
1,0,0,0,1,1,0,0,1,1,0 : 200.38
1,1,0,0,1,1,0,0,0,1,0 : 223.0133
1,0,0,0,1,1,0,0,1,0,1 : 213.9966
1,0,1,0,0,0,1,0,1,0,0 : 217.2866
1,0,0,0,1,0,0,1,0,1,0 : 199.6833
1,0,0,0,1,0,0,0,0,1,0 : 199.6833
1,0,0,0,0,1,0,1,0,1,0 : 201.9733
1,0,0,0,1,1,0,0,0,1,1 : 214.2433
1,1,1,0,1,1,1,0,0,1,0 : 240.9833
1,0,1,0,0,0,0,0,0,1,0 : 218.89
1,1,0,0,0,0,0,0,1,1,0 : 219.1533
1,1,0,0,0,0,1,1,1,0,1 : 230.2366
1,0,0,0,1,1,0,0,1,1,0 : 200.38
1,0,0,0,0,1,0,0,1,1,0 : 200.38
1,0,0,0,0,0,0,1,0,0,0 : 199.9533
1,0,0,0,0,0,0,0,0,1,0 : 199.6833
1,0,0,0,1,1,1,1,0,1,0 : 202.68
1,0,0,0,0,1,1,1,1,0,0 : 204.1766
1,0,0,0,0,0,0,1,1,1,0 : 199.6833
1,0,0,0,1,1,0,1,1,0,0 : 202.9366
1,0,0,1,0,0,1,0,1,0,0 : 210.7066
1,0,0,1,0,1,1,0,0,1,0 : 217.2366
1,0,0,0,1,0,0,0,0,1,0 : 199.6833
1,0,0,0,0,0,0,0,1,0,0 : 201.1533
