1,1,0,1,0,0,0,1,0,0,1,1,0,1,1,0,1,1,1,1,1,1,0,1,0,0,1,0,0,1,1,1,1,0,0,1,1,0,1 : 12.6877
0,1,0,1,1,1,1,0,0,0,1,1,0,0,0,0,1,1,1,1,1,0,0,1,0,1,0,0,1,1,0,0,1,0,0,1,0,0,1 : 12.6877
1,1,0,1,0,0,0,1,0,0,1,0,0,1,0,0,1,1,1,1,1,1,1,1,0,0,1,0,0,1,1,1,1,0,0,1,1,0,1 : 12.6877
0,1,0,1,1,1,1,0,0,0,1,1,0,0,1,1,1,1,1,1,1,0,0,1,0,1,0,0,1,1,0,0,1,0,0,1,0,0,1 : 12.6877
1,1,0,1,0,0,0,1,0,0,1,1,0,1,1,0,1,1,1,1,1,1,0,1,0,0,1,0,0,1,1,1,1,0,0,1,1,0,1 : 12.6877
0,1,0,1,1,1,1,0,0,0,1,1,0,0,0,0,1,1,1,1,1,0,0,1,0,1,0,0,1,1,0,0,1,0,0,1,0,0,1 : 12.6877
1,1,0,1,0,0,0,1,0,0,1,0,0,1,0,0,1,1,1,1,1,1,1,1,0,0,1,0,0,1,1,1,1,0,0,1,1,0,1 : 12.6877
0,1,0,1,1,1,1,0,0,0,1,1,0,0,1,1,1,1,1,1,1,0,0,1,0,1,0,0,1,1,0,0,1,0,0,1,0,0,1 : 12.6877
0,1,0,0,1,1,0,0,1,1,1,0,0,0,0,0,1,1,0,1,1,0,1,1,0,1,0,0,0,0,1,0,1,1,0,0,1,0,1 : 12.7139
0,1,0,0,1,1,0,0,1,1,1,0,0,0,0,0,1,1,0,1,1,0,1,1,0,1,0,0,0,0,1,0,1,1,0,0,1,0,1 : 12.7139
0,1,0,1,1,0,0,1,1,1,0,0,1,0,1,0,1,0,1,1,0,1,0,0,0,1,1,1,0,1,0,0,1,1,0,1,0,0,0 : 13.0344
0,1,0,1,1,0,0,1,1,1,0,0,1,0,1,0,1,0,1,1,0,1,0,0,0,0,1,1,0,1,0,0,1,1,0,1,0,0,0 : 13.0344
0,1,0,1,1,0,0,1,1,1,0,0,1,0,1,0,1,0,1,1,0,1,0,0,0,1,1,1,0,1,0,0,1,1,0,1,0,0,0 : 13.0344
0,1,0,1,1,0,0,1,1,1,0,0,1,0,1,0,1,0,1,1,0,1,0,0,0,0,1,1,0,1,0,0,1,1,0,1,0,0,0 : 13.0344
1,1,0,1,1,0,0,0,1,1,0,0,1,1,1,0,1,1,0,1,1,0,0,1,0,0,1,1,0,1,0,0,0,0,0,0,0,1,1 : 13.0451
1,1,0,1,1,0,0,0,1,1,0,0,1,1,1,0,1,1,0,1,1,0,0,1,0,0,1,1,0,1,0,0,0,0,0,0,0,1,1 : 13.0451
0,1,0,1,0,0,0,0,1,1,1,0,1,1,1,1,0,0,1,0,1,1,0,0,0,1,0,0,0,0,1,0,1,1,1,0,1,0,0 : 13.0713
0,1,0,1,0,0,0,0,1,1,1,0,1,1,1,1,0,0,1,0,1,1,0,0,0,1,0,0,0,0,1,0,1,1,1,0,1,0,0 : 13.0713
0,1,0,1,0,0,0,0,1,1,1,0,1,1,1,1,0,0,1,0,1,1,0,0,0,1,0,0,0,0,1,0,1,1,1,0,1,0,0 : 13.0713
0,1,0,1,0,0,0,0,1,1,1,0,1,1,1,1,0,0,1,0,1,1,0,0,0,1,0,0,0,0,1,0,1,1,1,0,1,0,0 : 13.0713
1,1,0,0,0,0,0,1,1,1,1,1,0,1,0,0,0,1,1,1,0,1,1,1,0,0,0,0,1,1,0,0,1,0,1,0,0,0,1 : 13.1354
0,1,0,0,1,1,0,1,1,1,1,0,0,0,0,1,0,1,0,0,1,1,1,1,0,0,1,0,1,1,0,1,0,1,0,0,1,1,0 : 13.1354
0,1,0,0,1,1,0,0,1,0,0,1,0,1,0,1,0,1,0,1,0,1,0,0,0,0,1,0,1,1,1,0,1,0,1,0,1,0,0 : 13.1354
0,1,0,1,0,0,0,0,0,0,1,1,0,0,0,1,0,1,1,1,0,1,1,0,0,0,0,0,1,0,1,0,0,0,0,1,1,0,1 : 13.1354
0,1,0,0,0,1,0,1,0,0,0,1,0,1,1,0,0,1,0,1,1,1,0,0,1,0,1,0,1,0,1,0,0,0,0,0,0,1,0 : 13.1354
0,1,0,1,1,1,0,1,1,1,1,0,0,0,1,1,0,1,0,1,1,1,1,1,0,0,1,0,1,1,0,1,0,1,0,0,1,1,0 : 13.1354
0,1,0,0,1,1,0,0,1,0,1,1,0,1,1,1,0,1,0,1,0,1,0,0,0,0,1,0,1,1,1,0,1,0,1,0,1,0,0 : 13.1354
0,1,0,1,0,0,0,0,0,0,0,1,0,0,1,0,0,1,1,1,0,1,1,1,0,0,0,0,1,0,1,0,0,0,0,1,1,0,1 : 13.1354
0,1,0,0,0,1,0,1,0,0,1,1,0,1,1,1,0,1,0,1,1,1,0,0,1,0,1,0,1,0,1,0,0,0,0,0,0,1,0 : 13.1354
0,1,0,1,0,0,0,0,1,0,1,0,0,0,0,1,0,1,0,0,1,1,1,1,0,0,1,0,1,0,1,0,0,1,0,1,0,0,0 : 13.1354
1,1,0,0,0,0,0,1,1,1,1,1,0,1,0,0,0,1,1,1,0,1,1,1,0,0,0,0,1,1,0,0,1,0,1,0,0,0,1 : 13.1354
0,1,0,0,1,1,0,1,1,1,1,0,0,0,0,1,0,1,0,0,1,1,1,1,0,0,1,0,1,1,0,1,0,1,0,0,1,1,0 : 13.1354
0,1,0,0,1,1,0,0,1,0,0,1,0,1,0,1,0,1,0,1,0,1,0,0,0,0,1,0,1,1,1,0,1,0,1,0,1,0,0 : 13.1354
0,1,0,1,0,0,0,0,0,0,1,1,0,0,0,1,0,1,1,1,0,1,1,0,0,0,0,0,1,0,1,0,0,0,0,1,1,0,1 : 13.1354
0,1,0,0,0,1,0,1,0,0,0,1,0,1,1,0,0,1,0,1,1,1,0,0,1,0,1,0,1,0,1,0,0,0,0,0,0,1,0 : 13.1354
0,1,0,1,1,1,0,1,1,1,1,0,0,0,1,1,0,1,0,1,1,1,1,1,0,0,1,0,1,1,0,1,0,1,0,0,1,1,0 : 13.1354
0,1,0,0,1,1,0,0,1,0,1,1,0,1,1,1,0,1,0,1,0,1,0,0,0,0,1,0,1,1,1,0,1,0,1,0,1,0,0 : 13.1354
0,1,0,1,0,0,0,0,0,0,0,1,0,0,1,0,0,1,1,1,0,1,1,1,0,0,0,0,1,0,1,0,0,0,0,1,1,0,1 : 13.1354
0,1,0,0,0,1,0,1,0,0,1,1,0,1,1,1,0,1,0,1,1,1,0,0,1,0,1,0,1,0,1,0,0,0,0,0,0,1,0 : 13.1354
0,1,0,1,0,0,0,0,1,0,1,0,0,0,0,1,0,1,0,0,1,1,1,1,0,0,1,0,1,0,1,0,0,1,0,1,0,0,0 : 13.1354
0,0,0,1,0,0,1,1,1,0,1,0,1,0,1,1,1,0,0,1,1,0,1,0,0,1,1,0,1,0,0,0,1,0,0,1,1,1,1 : 13.1655
0,0,0,1,0,0,1,1,0,0,1,0,1,0,1,1,1,0,0,1,1,0,1,0,0,1,1,0,1,0,0,0,1,0,0,1,1,1,1 : 13.1655
0,0,0,1,0,0,1,1,1,0,1,0,1,0,1,1,1,0,0,1,1,0,1,0,0,1,1,0,1,0,0,0,1,0,0,1,1,1,1 : 13.1655
0,0,0,1,0,0,1,1,0,0,1,0,1,0,1,1,1,0,0,1,1,0,1,0,0,1,1,0,1,0,0,0,1,0,0,1,1,1,1 : 13.1655
1,0,0,1,1,0,0,0,1,1,0,0,1,1,1,0,1,1,0,1,1,0,0,1,0,0,1,1,0,1,0,0,0,0,0,0,0,1,1 : 13.1808
0,0,0,0,1,0,0,1,1,0,0,1,1,0,1,0,1,1,1,1,1,1,0,0,0,1,0,1,0,0,1,0,1,1,0,1,0,1,1 : 13.1808
1,0,1,0,1,0,0,0,0,0,1,1,1,1,0,0,1,1,0,1,1,0,1,0,0,1,0,1,0,1,0,0,0,1,0,1,1,1,0 : 13.1808
1,0,1,0,1,0,0,0,0,0,1,1,1,1,0,0,1,1,0,1,1,0,1,0,0,1,0,1,0,1,0,0,0,1,0,1,1,1,0 : 13.1808
1,0,0,1,1,0,0,0,1,1,0,0,1,1,1,0,1,1,0,1,1,0,0,1,0,0,1,1,0,1,0,0,0,0,0,0,0,1,1 : 13.1808
0,0,0,0,1,0,0,1,1,0,0,1,1,0,1,0,1,1,1,1,1,1,0,0,0,1,0,1,0,0,1,0,1,1,0,1,0,1,1 : 13.1808
1,0,1,0,1,0,0,0,0,0,1,1,1,1,0,0,1,1,0,1,1,0,1,0,0,1,0,1,0,1,0,0,0,1,0,1,1,1,0 : 13.1808
1,0,1,0,1,0,0,0,0,0,1,1,1,1,0,0,1,1,0,1,1,0,1,0,0,1,0,1,0,1,0,0,0,1,0,1,1,1,0 : 13.1808
0,1,0,1,0,0,0,0,1,0,1,0,0,0,0,1,0,0,0,0,1,1,1,1,0,0,1,0,1,0,1,0,0,1,0,1,0,0,0 : 13.1949
0,1,0,1,0,0,0,0,1,0,1,0,0,0,0,1,0,0,0,0,1,1,1,1,0,0,1,0,1,0,1,0,0,1,0,1,0,0,0 : 13.1949
1,1,0,1,1,0,0,1,1,0,1,0,1,0,1,1,1,0,0,0,1,0,0,1,1,0,1,0,1,0,1,1,0,1,0,1,1,0,1 : 13.2462
1,1,0,1,1,0,0,1,1,0,1,0,1,0,1,1,1,0,0,0,1,0,0,1,1,0,1,0,1,0,1,1,0,1,0,1,1,0,1 : 13.2462
0,1,0,1,1,0,1,0,0,1,0,1,1,1,1,0,1,1,0,0,1,1,0,0,1,1,0,0,0,1,1,0,0,1,0,1,1,1,0 : 13.2484
0,1,0,1,1,0,1,0,0,1,0,1,1,0,1,0,1,1,0,0,1,0,0,0,1,1,0,0,0,1,1,0,0,1,0,1,1,1,0 : 13.2484
0,1,0,1,1,0,1,0,0,1,0,1,1,1,1,0,1,1,0,0,1,1,0,0,1,1,0,0,0,1,1,0,0,1,0,1,1,1,0 : 13.2484
0,1,0,1,1,0,1,0,0,1,0,1,1,0,1,0,1,1,0,0,1,0,0,0,1,1,0,0,0,1,1,0,0,1,0,1,1,1,0 : 13.2484
1,1,0,0,0,1,0,0,0,1,1,0,1,0,0,1,1,1,1,0,1,0,1,1,0,1,1,0,1,1,1,0,0,0,0,0,0,0,0 : 13.3568
1,1,0,0,0,1,1,0,0,1,1,0,1,0,0,1,1,1,1,0,1,0,1,1,0,1,1,0,1,1,1,0,0,0,0,0,0,0,0 : 13.3568
1,1,0,0,0,1,0,0,0,1,1,0,1,0,0,1,1,1,1,0,1,0,1,1,0,1,1,0,1,1,1,0,0,0,0,0,0,0,0 : 13.3568
1,1,0,0,0,1,1,0,0,1,1,0,1,0,0,1,1,1,1,0,1,0,1,1,0,1,1,0,1,1,1,0,0,0,0,0,0,0,0 : 13.3568
1,1,0,0,0,0,1,1,1,1,1,0,0,0,1,0,1,0,1,1,0,1,0,0,0,0,0,0,1,1,0,0,1,0,1,0,0,1,0 : 13.4618
1,1,0,0,0,0,1,1,1,1,1,0,0,0,1,0,1,0,1,1,0,1,0,0,0,0,0,0,1,1,0,0,1,0,1,0,0,1,0 : 13.4618
1,1,0,0,0,0,1,1,1,1,1,0,0,0,1,0,1,0,1,1,0,1,0,0,0,0,0,0,1,1,0,0,1,0,1,0,0,1,0 : 13.4618
1,1,0,0,0,0,1,1,1,1,1,0,0,0,1,0,1,0,1,1,0,1,0,0,0,0,0,0,1,1,0,0,1,0,1,0,0,1,0 : 13.4618
0,0,0,0,0,0,0,0,0,0,1,0,0,0,0,1,1,0,0,1,0,1,0,1,0,0,0,0,1,0,0,0,0,0,0,1,0,1,1 : 13.4812
0,0,0,0,0,0,0,0,0,0,1,0,0,0,0,1,1,0,0,1,0,1,0,1,0,0,0,0,0,0,0,0,0,0,0,1,0,1,1 : 13.4812
0,0,0,0,0,0,0,0,0,0,1,0,0,0,0,1,1,0,0,1,0,1,0,1,0,0,0,0,1,0,0,0,0,0,0,1,0,1,1 : 13.4812
0,0,0,0,0,0,0,0,0,0,1,0,0,0,0,1,1,0,0,1,0,1,0,1,0,0,0,0,0,0,0,0,0,0,0,1,0,1,1 : 13.4812
1,0,0,0,1,0,1,0,0,1,1,0,0,1,1,1,0,1,1,0,0,0,1,0,1,0,1,0,0,0,1,1,1,0,0,0,1,0,0 : 13.5167
1,0,0,0,1,0,1,0,0,1,1,0,0,1,1,1,0,1,1,1,0,0,1,0,1,0,1,0,0,0,1,1,1,0,0,0,1,0,0 : 13.5167
1,0,0,0,1,0,1,0,0,1,1,0,0,1,1,1,0,1,1,0,0,0,1,0,1,0,1,0,0,0,1,1,1,0,0,0,1,0,0 : 13.5167
1,0,0,0,1,0,1,0,0,1,1,0,0,1,1,1,0,1,1,1,0,0,1,0,1,0,1,0,0,0,1,1,1,0,0,0,1,0,0 : 13.5167
0,1,0,1,1,0,0,0,1,0,1,1,0,1,1,1,0,0,1,0,1,1,0,1,0,1,0,0,1,0,1,0,1,0,0,1,0,0,1 : 13.5954
0,1,0,1,1,0,0,0,1,0,1,1,0,1,1,1,0,0,1,0,1,1,0,1,0,1,0,0,1,0,1,0,1,0,0,1,0,0,1 : 13.5954
1,0,0,1,0,1,0,1,1,1,1,1,0,1,1,0,0,1,0,1,0,0,0,1,0,1,0,0,1,0,0,0,1,1,0,1,0,0,1 : 13.7542
1,0,0,1,0,1,0,1,1,1,1,1,0,1,1,0,0,1,0,1,0,0,0,1,0,1,0,0,1,0,0,0,1,1,0,1,0,0,1 : 13.7542
1,0,0,0,1,1,0,1,1,1,0,1,0,0,1,0,1,0,0,0,0,1,1,1,0,0,1,0,1,1,1,0,0,0,0,1,0,0,0 : 13.8038
1,0,0,0,1,1,0,1,1,1,1,0,0,0,1,0,1,0,0,0,0,1,1,1,0,0,1,0,1,1,1,0,0,0,0,1,0,1,0 : 13.8038
1,0,0,0,1,1,0,1,1,1,0,1,0,0,1,0,1,0,0,0,0,1,1,1,0,0,1,0,1,1,1,0,0,0,0,1,0,0,0 : 13.8038
1,0,0,0,1,1,0,1,1,1,1,0,0,0,1,0,1,0,0,0,0,1,1,1,0,0,1,0,1,1,1,0,0,0,0,1,0,1,0 : 13.8038
1,0,0,1,0,1,0,1,1,1,1,0,0,0,1,1,1,1,0,1,1,1,0,0,0,1,0,0,1,1,1,0,0,1,0,1,1,1,0 : 13.9312
1,0,0,1,0,1,0,1,1,1,1,0,0,0,1,1,1,1,0,1,1,0,0,0,0,1,0,0,1,1,1,0,0,1,0,1,1,0,0 : 13.9312
1,0,0,1,0,1,0,1,1,1,1,0,0,0,1,1,1,1,0,1,1,1,0,0,0,1,0,0,1,1,1,0,0,1,0,1,1,1,0 : 13.9312
1,0,0,1,0,1,0,1,1,1,1,0,0,0,1,1,1,1,0,1,1,0,0,0,0,1,0,0,1,1,1,0,0,1,0,1,1,0,0 : 13.9312
1,1,0,1,1,1,0,0,0,1,0,1,1,0,1,0,0,1,0,1,0,1,1,0,0,1,1,0,1,1,1,1,1,0,0,1,1,0,0 : 13.9444
1,1,0,1,1,1,0,0,0,1,0,1,1,0,1,0,0,1,0,1,0,1,1,0,0,1,1,0,1,1,1,1,1,0,0,1,1,0,0 : 13.9444
1,1,0,0,0,1,0,0,1,0,0,0,1,0,1,1,1,1,0,1,1,0,0,1,0,1,0,1,1,0,0,0,0,1,0,1,1,0,1 : 13.974
1,1,0,0,0,1,0,1,1,0,0,0,1,0,1,1,1,1,0,1,1,0,0,1,0,1,0,1,1,0,0,0,0,1,0,1,1,0,1 : 13.974
1,1,0,0,0,1,0,0,1,0,0,0,1,0,1,1,1,1,0,1,1,0,0,1,0,1,0,1,1,0,0,0,0,1,0,1,1,0,1 : 13.974
1,1,0,0,0,1,0,1,1,0,0,0,1,0,1,1,1,1,0,1,1,0,0,1,0,1,0,1,1,0,0,0,0,1,0,1,1,0,1 : 13.974
0,0,0,1,1,0,1,0,0,1,1,0,1,0,1,0,0,0,0,0,0,0,0,0,0,0,1,0,0,0,1,0,1,0,0,0,1,1,1 : 14.1838
0,0,0,0,1,0,1,1,1,0,1,1,1,1,1,0,1,0,1,1,0,1,0,0,0,0,0,0,1,0,0,0,1,1,0,1,0,0,1 : 14.1838
1,0,0,1,1,1,1,1,0,1,1,1,0,1,0,1,0,0,1,1,1,0,0,0,0,0,1,0,0,1,0,1,1,0,0,1,0,1,1 : 14.1838
0,0,0,1,1,0,1,0,0,1,1,0,1,0,1,0,0,0,0,1,0,0,0,0,0,0,1,0,0,0,1,1,1,0,0,1,1,1,1 : 14.1838
1,0,0,1,1,1,1,1,0,1,1,1,0,1,0,1,0,0,1,1,1,0,0,0,0,0,1,0,0,1,0,1,1,0,0,0,1,1,1 : 14.1838
0,0,0,0,1,0,1,1,1,0,1,1,1,1,1,0,1,0,1,1,0,1,0,0,0,0,0,0,1,0,0,0,1,1,0,1,0,0,1 : 14.1838
