1,0,0,0,0,0,0,1,1,0,1,0,0,1,0,1,1,1,1,1,1,0,0,1,0,1,0,0,0,0,1,0,1,1,0,0,1,0,0 : 12.7139
1,0,0,0,0,0,0,1,1,0,1,0,0,1,0,1,1,1,1,1,1,0,0,1,0,1,0,0,0,0,1,0,1,1,0,0,1,0,0 : 12.7139
1,0,0,1,1,0,0,0,0,1,1,1,1,1,0,0,1,1,0,1,1,1,1,0,1,0,1,0,0,1,0,0,1,1,0,1,0,0,0 : 12.8051
0,0,1,0,1,0,0,0,0,0,0,1,0,0,1,0,1,1,0,1,1,0,0,1,1,0,1,1,1,0,0,0,0,0,0,1,1,0,0 : 12.8051
0,0,1,1,0,0,0,0,0,1,1,1,1,0,1,1,0,1,0,1,1,0,0,0,1,0,1,1,1,0,0,0,0,0,0,1,0,0,1 : 12.8051
1,0,0,1,1,0,0,0,0,1,1,1,1,1,0,0,1,1,0,1,1,1,1,0,1,0,1,0,0,1,0,0,1,1,0,1,0,0,0 : 12.8051
0,0,1,0,1,0,0,0,0,0,0,1,0,0,1,0,1,1,0,1,1,0,0,1,1,0,1,1,1,0,0,0,0,0,0,1,1,0,0 : 12.8051
0,0,1,1,0,0,0,0,0,1,1,1,1,0,1,1,0,1,0,1,1,0,0,0,1,0,1,1,1,0,0,0,0,0,0,1,0,0,1 : 12.8051
0,0,0,1,0,0,1,0,1,0,1,0,1,1,1,0,0,1,1,1,0,0,0,1,0,0,1,0,0,1,1,0,0,0,0,0,0,1,1 : 13.0004
0,1,0,0,0,0,0,1,1,1,0,0,1,1,1,1,0,1,1,1,0,0,0,0,0,1,0,0,1,1,1,1,1,0,0,0,1,1,0 : 13.0004
0,0,0,1,0,0,1,0,1,0,1,0,1,1,1,0,0,1,1,1,0,0,0,1,0,0,1,0,0,1,1,0,0,0,0,0,0,1,1 : 13.0004
0,1,0,0,0,0,0,1,1,1,0,0,1,1,1,1,0,1,1,1,0,0,0,0,0,1,0,0,1,1,1,1,1,0,0,0,1,1,0 : 13.0004
0,0,0,1,1,0,0,0,1,0,0,0,0,0,1,0,0,1,1,1,1,1,0,0,0,0,1,0,0,0,1,0,1,1,0,1,1,1,1 : 13.0451
0,0,0,1,1,0,0,0,1,0,0,0,0,0,1,0,0,1,1,1,1,1,0,0,0,0,1,0,0,0,1,0,1,1,0,1,1,1,1 : 13.0451
0,1,0,1,1,0,1,1,0,0,1,0,0,1,0,1,1,0,1,1,0,0,0,0,0,0,1,1,0,0,1,1,0,1,0,0,0,1,1 : 13.059
0,1,0,1,1,0,1,1,0,0,1,0,0,1,0,1,1,0,1,1,0,0,0,0,0,0,1,1,0,0,1,1,0,1,0,0,0,1,1 : 13.059
0,1,0,1,0,0,0,0,1,1,0,1,1,0,0,1,1,1,1,1,1,1,1,0,0,0,1,0,1,1,0,0,1,1,0,0,0,0,1 : 13.0713
0,1,0,1,0,0,0,0,1,1,0,1,1,0,0,1,1,1,1,1,1,1,1,0,0,0,1,0,1,1,0,0,1,1,0,0,0,0,1 : 13.0713
0,1,0,0,0,0,1,0,1,0,1,1,1,1,1,0,1,0,0,0,1,0,1,1,0,1,0,0,0,0,1,0,1,1,1,0,1,0,0 : 13.0972
0,1,0,0,0,0,1,0,1,0,1,1,1,1,1,0,1,0,0,0,1,0,1,1,0,1,0,0,0,0,1,0,1,1,1,0,1,0,0 : 13.0972
1,0,0,0,0,0,0,0,0,1,1,0,0,0,1,1,1,0,1,0,1,0,0,1,0,1,0,1,1,0,0,0,1,1,0,0,0,0,0 : 13.1168
1,0,0,0,0,0,0,0,0,1,1,0,0,0,1,1,1,0,1,0,1,0,0,1,0,1,0,1,1,0,0,0,1,1,0,0,0,0,0 : 13.1168
1,0,0,1,0,0,0,0,0,1,1,1,1,0,0,0,1,1,1,1,1,0,1,1,0,1,0,0,0,0,0,1,0,1,0,1,0,1,0 : 13.1283
1,0,0,1,0,0,0,0,0,1,1,1,1,0,0,0,1,1,1,1,1,0,1,1,0,1,0,0,0,0,0,1,0,1,0,1,0,1,0 : 13.1283
1,1,0,1,1,0,1,1,1,1,0,1,0,1,1,1,1,0,1,1,0,0,0,0,1,0,1,1,0,0,1,1,1,0,0,1,1,1,0 : 13.1294
1,1,0,1,1,0,1,1,1,1,0,1,0,1,1,1,1,0,1,1,0,0,0,0,1,0,1,1,0,0,1,1,1,0,0,1,1,1,0 : 13.1294
1,1,0,1,0,0,1,0,1,0,0,0,0,0,1,1,1,1,1,1,0,1,0,1,1,0,1,0,0,1,0,1,0,1,1,0,0,0,1 : 13.1543
1,1,0,1,0,0,1,0,1,0,0,0,0,0,1,1,1,1,1,1,0,1,0,1,1,0,1,0,0,1,0,1,0,1,1,0,0,0,1 : 13.1543
1,1,1,0,0,0,1,0,0,0,1,1,0,0,0,0,0,0,0,1,1,1,0,1,0,0,1,0,0,1,0,1,1,0,0,0,0,0,0 : 13.1815
1,1,1,0,0,0,1,0,0,0,1,1,0,0,0,0,0,0,0,1,1,1,0,1,0,0,1,0,0,1,0,1,1,0,0,0,0,0,0 : 13.1815
1,0,0,1,0,1,0,0,0,1,0,0,0,0,1,1,1,1,1,0,0,1,1,0,0,1,1,0,1,0,1,1,0,1,0,1,0,0,1 : 13.2118
0,0,0,1,0,1,0,0,0,0,1,0,1,0,1,0,0,0,1,0,1,1,1,0,1,0,1,1,0,0,1,0,0,0,1,0,0,1,0 : 13.2118
1,0,0,1,0,1,0,0,0,1,0,0,0,0,1,1,1,1,1,0,0,1,1,0,0,1,1,0,1,0,1,1,0,1,0,1,0,0,1 : 13.2118
0,0,0,1,0,1,0,0,0,0,1,0,1,0,1,0,0,0,1,0,1,1,1,0,1,0,1,1,0,0,1,0,0,0,1,0,0,1,0 : 13.2118
1,0,1,1,0,0,0,1,0,0,0,0,1,0,1,1,1,1,0,0,0,0,0,1,0,0,1,0,0,0,0,1,0,1,0,1,0,0,1 : 13.2412
1,0,1,1,0,0,0,1,0,0,0,0,1,0,1,1,1,1,0,0,0,0,0,1,0,0,1,0,0,0,0,1,0,1,0,1,0,0,1 : 13.2412
0,0,1,0,1,0,0,0,1,0,0,1,1,0,1,0,0,0,1,1,1,0,0,1,0,0,0,1,0,1,0,1,0,1,0,1,1,0,0 : 13.2471
0,0,1,0,1,0,0,0,1,0,0,1,1,0,1,0,0,0,1,1,1,0,0,1,0,0,0,1,0,1,0,1,0,1,0,1,1,0,0 : 13.2471
0,0,1,0,1,0,0,0,1,1,1,0,0,1,1,0,1,1,0,1,0,1,0,1,0,0,0,0,0,0,0,0,0,0,0,1,0,1,0 : 13.2594
0,0,1,0,1,0,0,0,1,1,1,0,0,1,1,0,1,1,0,1,0,1,0,1,0,0,0,0,0,0,0,0,0,0,0,1,0,1,0 : 13.2594
0,0,1,0,0,0,1,1,1,0,0,1,0,0,0,0,0,1,0,0,0,0,0,1,0,0,1,1,1,0,0,0,0,1,0,1,1,1,0 : 13.2694
0,0,1,0,0,0,1,1,1,0,0,1,0,0,0,0,0,1,0,0,0,0,0,1,0,0,1,1,1,0,0,0,0,1,0,1,1,1,0 : 13.2694
0,0,1,0,0,0,1,1,1,0,0,0,1,0,1,0,0,0,0,1,0,0,1,1,1,0,1,0,1,0,0,0,0,1,1,0,0,1,0 : 13.2877
0,0,1,0,0,0,1,1,1,0,0,0,1,0,1,0,0,0,0,1,0,0,1,1,1,0,1,0,1,0,0,0,0,1,1,0,0,1,0 : 13.2877
1,0,0,1,0,0,0,1,1,0,1,0,1,0,0,1,1,0,1,0,0,0,0,0,1,1,0,0,0,0,0,0,0,1,0,1,1,1,1 : 13.3506
0,0,1,1,0,0,0,0,1,0,1,0,0,0,1,1,1,0,0,0,0,1,0,0,0,0,0,0,0,1,0,0,1,1,0,1,1,0,0 : 13.3506
0,0,1,1,0,0,0,1,1,0,1,0,1,1,0,1,0,0,1,1,0,0,0,1,1,1,0,0,1,1,0,0,1,0,0,1,1,1,0 : 13.3506
1,0,0,1,0,0,0,1,1,0,1,0,1,0,0,1,1,0,1,0,0,0,0,0,1,1,0,0,0,0,0,0,0,1,0,1,1,1,1 : 13.3506
0,0,1,1,0,0,0,0,1,0,1,0,0,0,1,1,1,0,0,0,0,1,0,0,0,0,0,0,0,1,0,0,1,1,0,1,1,0,0 : 13.3506
0,0,1,1,0,0,0,1,1,0,1,0,1,1,0,1,0,0,1,1,0,0,0,1,1,1,0,0,1,1,0,0,1,0,0,1,1,1,0 : 13.3506
0,1,1,0,1,0,0,1,1,1,0,0,0,0,1,0,1,0,0,1,0,1,1,0,0,1,0,0,0,1,1,1,1,0,0,1,1,1,1 : 13.5423
1,1,1,0,1,0,0,1,1,1,0,0,1,0,1,1,1,0,0,1,0,0,1,0,0,1,1,0,1,1,1,0,0,0,0,1,1,0,0 : 13.5423
0,1,1,0,1,0,0,1,1,1,0,0,0,0,1,0,1,0,0,1,0,1,1,0,0,1,0,0,0,1,1,1,1,0,0,1,1,1,1 : 13.5423
1,1,1,0,1,0,0,1,1,1,0,0,1,0,1,1,1,0,0,1,0,0,1,0,0,1,1,0,1,1,1,0,0,0,0,1,1,0,0 : 13.5423
1,1,1,0,0,0,1,0,1,0,1,0,0,1,0,0,1,1,1,1,1,1,0,1,0,1,1,0,1,1,0,0,0,1,0,1,0,1,1 : 13.5619
1,1,1,0,0,0,1,0,1,0,1,0,0,1,0,0,1,1,1,1,1,1,0,1,0,1,1,0,1,1,0,0,0,1,0,1,0,1,1 : 13.5619
0,1,0,0,0,0,0,1,1,0,0,1,1,1,0,1,1,0,0,1,1,0,0,1,0,1,1,1,1,0,0,0,1,1,1,0,1,0,0 : 13.6216
0,1,0,0,0,0,0,1,1,0,0,1,1,1,0,1,1,0,0,1,1,0,0,1,0,1,1,1,1,0,0,0,1,1,1,0,1,0,0 : 13.6216
1,0,0,1,0,0,1,1,0,0,0,0,0,1,0,0,1,0,1,1,0,1,1,1,1,1,0,0,1,1,1,0,1,0,0,1,0,0,1 : 13.8014
1,0,0,1,0,0,1,1,0,0,0,0,0,1,0,0,1,0,1,1,0,1,1,1,1,1,0,0,1,1,1,0,1,0,0,1,0,0,1 : 13.8014
1,0,0,0,0,0,1,1,0,0,1,1,0,1,1,0,1,1,0,0,0,1,1,1,0,0,1,0,0,1,1,0,0,1,0,1,1,1,0 : 13.8373
1,0,0,0,0,0,1,1,0,0,1,1,0,1,1,0,1,1,0,0,0,1,1,1,0,0,1,0,0,1,1,0,0,1,0,1,1,1,0 : 13.8373
0,0,0,0,1,0,1,0,1,0,1,0,0,0,1,1,1,1,0,0,1,0,1,0,0,0,0,1,1,0,0,0,0,0,0,0,0,0,0 : 14.0434
0,0,0,0,1,0,1,0,1,0,1,0,0,0,1,1,1,1,0,0,1,0,1,0,0,0,0,1,1,0,0,0,0,0,0,0,0,0,0 : 14.0434
1,0,0,1,1,1,1,0,1,1,1,0,1,0,1,0,1,0,0,1,1,1,0,1,0,1,1,0,0,0,1,0,1,1,0,1,1,0,1 : 14.3553
1,0,0,0,0,1,1,1,1,0,1,0,1,1,0,0,1,0,0,0,0,0,1,1,0,0,1,0,0,1,1,0,0,1,0,0,1,0,1 : 14.3553
1,0,0,1,1,1,1,0,1,1,1,0,1,0,1,0,1,0,0,1,1,1,0,1,0,1,1,0,0,0,1,0,1,1,0,1,1,0,1 : 14.3553
1,0,0,0,0,1,1,1,1,0,1,0,1,1,0,0,1,0,0,0,0,0,1,1,0,0,1,0,0,1,1,0,0,1,0,0,1,0,1 : 14.3553
1,1,0,1,0,0,1,0,0,0,1,1,0,1,1,1,0,0,0,1,1,1,1,1,0,0,0,0,0,1,0,1,0,1,1,1,0,0,0 : 15.1972
1,1,0,1,0,0,1,0,0,0,1,1,0,1,1,1,0,0,0,1,1,1,1,1,0,0,0,0,0,1,0,1,0,1,1,1,0,0,0 : 15.1972
1,1,0,1,1,1,1,1,1,0,1,1,0,0,1,0,1,0,1,0,1,1,0,0,0,1,1,0,0,0,0,0,0,1,0,0,0,0,1 : 15.2801
1,1,0,1,1,1,1,1,1,0,1,1,0,0,1,0,1,0,1,0,1,1,0,0,0,1,1,0,0,0,0,0,0,1,0,0,0,0,1 : 15.2801
0,1,0,0,0,1,1,0,0,1,0,1,1,1,1,1,1,0,0,0,0,1,0,0,1,1,0,0,1,1,0,0,0,1,0,0,1,0,1 : 15.4335
1,0,0,1,0,1,1,1,0,1,1,0,1,0,1,1,1,0,1,0,1,1,0,1,0,0,0,0,1,0,0,1,0,1,0,1,0,0,0 : 15.4335
0,1,0,0,0,1,1,0,0,1,0,1,1,1,1,1,1,0,0,0,0,1,0,0,1,1,0,0,1,1,0,0,0,1,0,0,1,0,1 : 15.4335
1,0,0,1,0,1,1,1,0,1,1,0,1,0,1,1,1,0,1,0,1,1,0,1,0,0,0,0,1,0,0,1,0,1,0,1,0,0,0 : 15.4335
1,1,0,0,1,1,0,1,0,1,1,0,0,1,0,0,0,0,1,0,0,0,0,0,0,1,1,0,0,1,1,0,0,1,0,1,0,0,0 : 15.5776
0,1,0,0,0,1,1,0,0,0,0,0,0,1,0,1,1,0,1,0,1,0,0,0,0,0,1,1,0,1,0,0,1,1,0,1,1,1,1 : 15.5776
1,1,0,0,1,1,0,1,0,1,1,0,0,1,0,0,0,0,1,0,0,0,0,0,0,1,1,0,0,1,1,0,0,1,0,1,0,0,0 : 15.5776
0,1,0,0,0,1,1,0,0,0,0,0,0,1,0,1,1,0,1,0,1,0,0,0,0,0,1,1,0,1,0,0,1,1,0,1,1,1,1 : 15.5776
0,0,0,0,0,0,1,0,0,1,0,1,1,1,0,0,1,0,0,1,1,0,1,1,0,0,1,0,1,0,0,0,1,1,0,0,0,1,1 : 15.5928
0,0,0,0,0,0,1,0,0,1,0,1,1,1,0,0,1,0,0,1,1,0,1,1,0,0,1,0,1,0,0,0,1,1,0,0,0,1,1 : 15.5928
0,1,0,0,1,0,1,1,0,0,1,1,0,1,0,1,0,0,0,0,0,0,0,1,1,1,0,0,0,1,1,1,0,1,0,1,1,0,0 : 15.6878
0,1,0,0,1,0,1,1,0,0,1,1,0,1,0,1,0,0,0,0,0,0,0,1,1,1,0,0,0,1,1,1,0,1,0,1,1,0,0 : 15.6878
0,1,0,0,0,0,1,1,0,1,1,1,1,0,0,1,1,0,1,0,0,1,1,1,0,0,1,0,0,0,0,0,0,1,0,1,1,1,0 : 15.7156
0,1,0,0,0,0,1,1,0,1,1,1,1,0,0,1,1,0,1,0,0,1,1,1,0,0,1,0,0,0,0,0,0,1,0,1,1,1,0 : 15.7156
1,1,0,1,1,1,0,1,1,0,1,0,1,0,1,0,1,0,0,0,0,1,0,1,0,1,1,0,1,0,0,1,1,0,0,1,0,0,1 : 15.8293
1,1,0,1,1,1,0,1,1,0,1,0,1,0,1,0,1,0,0,0,0,1,0,1,0,1,1,0,1,0,0,1,1,0,0,1,0,0,1 : 15.8293
0,0,1,0,0,1,0,0,0,1,1,1,0,1,1,0,1,0,0,1,0,1,1,1,0,0,1,0,0,1,0,0,1,1,0,0,1,1,0 : 15.8336
0,0,1,0,0,1,0,0,0,0,1,1,0,0,0,1,0,0,0,1,1,1,1,0,0,1,1,0,0,0,0,0,1,1,0,0,0,0,0 : 15.8336
0,0,1,0,0,1,0,0,0,1,1,1,0,1,1,0,1,0,0,1,0,1,1,1,0,0,1,0,0,1,0,0,1,1,0,0,1,1,0 : 15.8336
0,0,1,0,0,1,0,0,0,0,1,1,0,0,0,1,0,0,0,1,1,1,1,0,0,1,1,0,0,0,0,0,1,1,0,0,0,0,0 : 15.8336
1,0,0,1,0,0,0,0,0,0,0,1,1,1,0,0,0,0,1,0,1,1,1,1,1,0,1,0,0,0,1,0,0,0,0,1,0,0,1 : 15.8531
1,1,0,1,0,0,1,0,0,0,1,1,1,0,0,0,1,0,1,0,1,1,0,0,0,0,0,0,0,1,0,1,1,0,0,0,1,0,0 : 15.8531
1,0,0,1,0,0,0,0,0,0,0,1,1,1,0,0,0,0,1,0,1,1,1,1,1,0,1,0,0,0,1,0,0,0,0,1,0,0,1 : 15.8531
1,1,0,1,0,0,1,0,0,0,1,1,1,0,0,0,1,0,1,0,1,1,0,0,0,0,0,0,0,1,0,1,1,0,0,0,1,0,0 : 15.8531
0,0,0,0,0,0,0,1,0,0,1,0,0,1,0,0,1,0,1,1,1,0,0,1,0,0,0,0,1,0,1,0,1,0,0,1,0,0,1 : 16.022
0,0,0,0,0,0,0,1,0,0,1,0,0,1,0,0,1,0,1,1,1,0,0,1,0,0,0,0,1,0,1,0,1,0,0,1,0,0,1 : 16.022
1,1,0,1,0,0,1,1,0,1,1,0,1,1,1,1,0,0,0,1,1,0,1,0,1,1,0,0,1,0,1,0,1,1,0,0,0,1,0 : 16.1022
1,0,0,1,1,0,1,0,1,1,0,1,0,1,1,0,0,0,0,1,1,0,1,1,0,1,0,0,0,1,1,1,0,1,0,0,0,0,1 : 16.1022
