1,0,1,1,0,0,0,1,1,0,1,0,1,0,1,0 : 439.02
1,0,1,0,0,1,1,0,1,1,0,0,1,0,1,0 : 432.757
1,1,0,1,1,1,1,0,1,0,1,0,1,0,0,1 : 651.703
1,1,1,1,0,0,1,0,1,0,0,1,1,0,1,0 : 365.04
1,0,1,0,0,0,1,0,1,1,0,0,1,0,1,0 : 380.18
1,0,0,0,0,0,1,0,1,0,1,0,1,0,1,0 : 382.01
1,1,1,0,0,1,1,0,1,0,0,1,1,0,0,1 : 555.633
1,0,0,1,0,0,1,1,1,1,0,0,1,0,0,1 : 506.88
1,1,1,0,0,1,1,0,1,0,0,1,1,0,0,1 : 555.633
1,0,1,0,1,0,0,1,1,1,0,0,1,1,0,0 : 266.67
1,1,1,1,0,0,1,1,1,0,1,0,1,0,1,0 : 363.56
1,0,0,0,1,1,1,0,1,0,0,1,1,1,0,0 : 310.673
1,1,1,0,0,0,1,0,1,0,1,0,1,1,0,0 : 246.543
1,0,1,0,0,0,1,0,1,0,1,0,1,0,0,1 : 490.473
1,0,0,1,0,0,1,1,1,0,0,1,1,1,0,0 : 271.337
1,1,0,1,0,0,1,1,1,0,1,0,1,0,1,0 : 368.63
1,0,0,1,0,0,0,1,1,1,0,0,1,0,1,0 : 439.02
1,1,1,0,1,0,1,1,1,0,0,1,1,0,1,0 : 433.913
1,1,0,0,0,1,1,0,1,1,0,0,1,0,0,1 : 490.473
1,1,0,0,0,0,0,0,1,0,1,0,1,1,0,0 : 256.333
1,0,0,1,0,0,1,0,1,0,1,0,1,0,0,1 : 490.473
1,1,0,1,0,0,0,1,1,0,0,1,1,0,0,1 : 607.7
1,0,1,1,0,0,0,1,1,0,1,0,1,1,0,0 : 262.233
1,1,1,0,1,0,1,1,1,0,0,1,1,0,1,0 : 433.913
1,1,1,1,0,1,0,1,1,0,1,0,1,0,1,0 : 536.8769
1,1,1,1,1,0,1,1,1,1,0,0,1,1,0,0 : 249.44
1,1,0,1,1,0,1,0,1,0,1,0,1,0,1,0 : 456.363
1,1,1,1,0,1,1,0,1,0,0,1,1,0,0,1 : 555.633
1,0,1,1,0,0,0,1,1,1,0,0,1,0,0,1 : 607.7
1,1,0,0,0,0,1,0,1,0,0,1,1,1,0,0 : 258.113
1,0,1,0,0,0,1,1,1,0,1,0,1,0,0,1 : 510.857
1,1,1,0,0,0,1,1,1,0,1,0,1,0,1,0 : 363.56
1,0,1,1,0,1,1,0,1,0,1,0,1,0,0,1 : 490.473
1,0,0,1,0,1,1,1,1,0,0,1,1,0,1,0 : 432.757
1,1,1,1,0,1,1,1,1,1,0,0,1,1,0,0 : 275.407
1,1,0,0,0,0,1,1,1,0,1,0,1,0,1,0 : 368.63
1,1,0,0,0,0,0,1,1,0,1,0,1,1,0,0 : 256.32
1,1,1,0,1,0,1,1,1,0,0,1,1,1,0,0 : 252.963
1,1,1,0,0,1,1,0,1,0,1,0,1,0,0,1 : 490.473
1,1,1,1,1,1,1,1,1,1,0,0,1,0,0,1 : 644.157
1,0,1,0,0,0,1,1,1,1,0,0,1,0,1,0 : 380.18
1,1,0,1,1,0,0,1,1,0,1,0,1,0,1,0 : 493.893
1,0,1,1,0,0,1,1,1,0,0,1,1,1,0,0 : 263.363
1,1,1,0,0,1,0,1,1,0,1,0,1,0,0,1 : 680.727
1,0,1,1,1,1,1,1,1,0,0,1,1,0,0,1 : 665.293
1,0,0,0,0,0,1,1,1,1,0,0,1,1,0,0 : 268.17
1,1,0,1,1,0,1,1,1,1,0,0,1,0,1,0 : 456.363
1,1,0,0,0,0,0,1,1,0,0,1,1,1,0,0 : 257.927
1,1,0,1,0,0,1,0,1,0,0,1,1,0,0,1 : 555.633
1,1,1,1,0,0,1,0,1,0,1,0,1,1,0,0 : 246.273
1,1,0,0,1,1,1,1,1,1,0,0,1,0,1,0 : 456.363
1,1,1,1,0,1,1,1,1,0,1,0,1,1,0,0 : 275.407
1,0,1,1,0,0,1,1,1,0,0,1,1,0,1,0 : 380.18
1,1,1,1,0,0,0,1,1,1,0,0,1,1,0,0 : 244.353
1,1,1,0,0,0,0,1,1,1,0,0,1,1,0,0 : 244.303
1,1,0,1,0,0,1,1,1,0,1,0,1,0,0,1 : 510.857
1,1,0,0,0,0,0,0,1,0,0,1,1,1,0,0 : 257.927
1,1,1,1,0,0,0,0,1,0,0,1,1,1,0,0 : 247.483
1,0,1,0,1,0,0,0,1,1,0,0,1,1,0,0 : 266.67
1,1,1,0,0,1,0,1,1,0,0,1,1,1,0,0 : 275.973
1,1,0,0,1,0,1,0,1,0,0,1,1,1,0,0 : 263.207
1,1,1,1,0,1,0,1,1,0,1,0,1,0,1,0 : 536.8769
1,1,1,0,1,1,0,0,1,0,1,0,1,0,1,0 : 519.583
1,1,1,1,0,0,0,0,1,0,0,1,1,1,0,0 : 247.483
1,1,1,1,1,1,0,1,1,1,0,0,1,0,1,0 : 536.95
1,1,1,0,0,1,0,1,1,0,0,1,1,1,0,0 : 275.973
1,1,1,1,0,0,1,0,1,1,0,0,1,0,0,1 : 490.473
1,1,1,1,1,1,1,1,1,1,0,0,1,0,0,1 : 644.157
1,1,1,0,0,1,1,0,1,1,0,0,1,0,1,0 : 407.757
1,0,0,0,1,0,0,0,1,0,1,0,1,1,0,0 : 276.103
1,1,1,0,0,1,0,0,1,1,0,0,1,0,0,1 : 680.727
1,0,0,0,0,0,0,1,1,0,0,1,1,0,0,1 : 604.8869
1,1,1,0,0,0,1,0,1,1,0,0,1,1,0,0 : 244.277
1,1,0,1,0,0,1,1,1,1,0,0,1,0,1,0 : 366.837
1,0,0,0,0,0,1,1,1,1,0,0,1,0,0,1 : 506.88
1,1,1,0,1,1,0,1,1,1,0,0,1,1,0,0 : 279.15
1,0,0,0,1,0,1,0,1,1,0,0,1,1,0,0 : 279.097
1,1,1,1,0,1,0,1,1,0,0,1,1,1,0,0 : 275.4529
1,1,0,0,0,0,1,1,1,0,0,1,1,1,0,0 : 258.113
1,1,1,0,0,1,1,1,1,0,0,1,1,0,0,1 : 576.247
1,1,1,1,0,0,1,1,1,1,0,0,1,0,0,1 : 506.88
1,1,0,1,0,0,0,0,1,0,0,1,1,1,0,0 : 257.407
1,1,0,0,0,0,1,1,1,0,1,0,1,0,1,0 : 368.63
1,1,1,0,0,0,0,0,1,1,0,0,1,1,0,0 : 244.23
1,1,1,1,1,1,1,0,1,0,1,0,1,0,0,1 : 644.357
1,0,1,0,0,0,1,1,1,1,0,0,1,0,1,0 : 380.18
1,1,1,0,0,1,1,0,1,0,0,1,1,1,0,0 : 275.923
1,1,1,0,0,0,1,1,1,0,1,0,1,0,0,1 : 510.857
1,1,1,1,1,0,1,0,1,1,0,0,1,0,1,0 : 456.363
1,1,0,0,0,0,1,1,1,1,0,0,1,0,1,0 : 367.543
1,0,1,1,0,0,0,0,1,0,0,1,1,0,0,1 : 607.927
1,1,1,0,0,0,1,1,1,1,0,0,1,0,0,1 : 506.88
1,0,0,0,0,0,1,1,1,0,1,0,1,0,0,1 : 510.857
1,0,1,1,0,0,1,1,1,0,1,0,1,0,1,0 : 382.01
1,0,1,1,1,0,1,1,1,1,0,0,1,1,0,0 : 266.67
1,1,1,0,1,1,1,1,1,0,1,0,1,0,0,1 : 644.357
1,1,1,1,0,0,0,0,1,0,1,0,1,1,0,0 : 246.273
1,0,1,0,0,0,1,0,1,0,1,0,1,0,0,1 : 490.473
1,1,1,0,0,0,1,1,1,1,0,0,1,0,1,0 : 361.7029
1,1,0,1,1,1,1,1,1,1,0,0,1,0,1,0 : 456.363
