0,0,0,1,1,0,0,0,0,1,1,1,1,1,0,0,0,1,0,1,1,1,1,0,1,0,1,0,0,1,0,0,1,1,0,1,0,0,0 : 12.8051
1,0,0,1,0,0,0,0,1,0,1,1,1,1,0,0,1,1,0,1,1,0,1,1,1,1,0,0,0,0,0,1,0,1,0,1,0,1,1 : 12.8051
0,0,0,1,1,0,0,0,0,1,1,1,1,1,0,1,1,1,0,1,1,1,1,0,1,0,1,0,0,1,0,0,1,1,0,1,0,0,0 : 12.8051
1,0,0,1,0,0,0,0,1,0,1,1,1,1,0,0,0,1,0,1,1,0,1,1,1,1,0,0,0,0,0,1,0,1,0,1,0,1,0 : 12.8051
0,0,0,1,1,0,0,0,1,1,1,1,1,1,0,0,0,1,0,1,1,1,1,0,1,0,1,0,0,1,0,0,1,1,0,1,0,0,0 : 12.8051
0,0,0,1,1,0,0,0,0,1,1,1,0,0,0,0,1,1,0,1,1,1,1,0,1,0,1,0,0,1,0,0,1,1,0,1,0,0,0 : 12.8051
0,0,0,1,1,0,0,0,0,1,1,1,1,1,0,1,1,1,0,1,1,1,1,0,1,0,1,0,0,1,0,0,1,1,0,1,0,0,0 : 12.8051
1,0,0,1,0,0,0,0,1,0,1,1,1,1,0,0,0,1,0,1,1,0,1,1,1,1,0,0,0,0,0,1,0,1,0,1,0,1,0 : 12.8051
0,0,0,1,1,0,0,0,0,1,1,1,1,1,0,0,0,1,0,1,1,1,1,0,1,0,1,0,0,1,0,0,1,1,0,1,0,0,0 : 12.8051
1,0,0,1,0,0,0,0,1,0,1,1,1,1,0,0,1,1,0,1,1,0,1,1,1,1,0,0,0,0,0,1,0,1,0,1,0,1,1 : 12.8051
0,0,0,1,1,0,0,0,0,1,1,1,1,1,0,1,1,1,0,1,1,1,1,0,1,0,1,0,0,1,0,0,1,1,0,1,0,0,0 : 12.8051
1,0,0,1,0,0,0,0,1,0,1,1,1,1,0,0,0,1,0,1,1,0,1,1,1,1,0,0,0,0,0,1,0,1,0,1,0,1,0 : 12.8051
0,0,0,1,1,0,0,0,1,1,1,1,1,1,0,0,0,1,0,1,1,1,1,0,1,0,1,0,0,1,0,0,1,1,0,1,0,0,0 : 12.8051
0,0,0,1,1,0,0,0,0,1,1,1,0,0,0,0,1,1,0,1,1,1,1,0,1,0,1,0,0,1,0,0,1,1,0,1,0,0,0 : 12.8051
0,0,0,1,1,0,0,0,0,1,1,1,1,1,0,1,1,1,0,1,1,1,1,0,1,0,1,0,0,1,0,0,1,1,0,1,0,0,0 : 12.8051
1,0,0,1,0,0,0,0,1,0,1,1,1,1,0,0,0,1,0,1,1,0,1,1,1,1,0,0,0,0,0,1,0,1,0,1,0,1,0 : 12.8051
0,0,1,0,0,0,1,1,1,0,0,0,1,1,1,1,0,1,0,1,0,1,0,0,0,1,1,0,0,1,0,1,0,1,1,0,0,0,1 : 13.0004
0,0,1,0,1,0,0,0,0,0,0,1,1,0,1,0,0,1,1,1,0,0,0,1,1,1,0,0,1,0,0,0,1,0,0,0,0,1,1 : 13.0004
0,0,1,0,1,0,0,0,0,0,0,0,1,1,1,0,0,1,1,1,0,0,0,1,1,1,0,1,1,0,0,0,1,1,0,0,0,1,1 : 13.0004
1,0,1,0,0,0,1,0,1,0,0,0,1,1,1,1,0,1,0,1,0,1,0,1,0,1,1,0,0,1,0,0,0,1,1,0,0,0,1 : 13.0004
0,0,1,0,1,0,0,0,0,0,0,1,1,0,1,0,0,1,1,1,0,0,0,1,1,1,0,0,0,0,0,0,1,0,0,0,0,1,1 : 13.0004
0,0,1,0,0,0,1,1,1,0,0,0,1,1,1,1,0,1,0,1,0,1,0,0,0,1,1,0,0,1,0,1,0,1,1,0,0,0,1 : 13.0004
0,0,1,0,1,0,0,0,0,0,0,1,1,0,1,0,0,1,1,1,0,0,0,1,1,1,0,0,1,0,0,0,1,0,0,0,0,1,1 : 13.0004
0,0,1,0,1,0,0,0,0,0,0,0,1,1,1,0,0,1,1,1,0,0,0,1,1,1,0,1,1,0,0,0,1,1,0,0,0,1,1 : 13.0004
1,0,1,0,0,0,1,0,1,0,0,0,1,1,1,1,0,1,0,1,0,1,0,1,0,1,1,0,0,1,0,0,0,1,1,0,0,0,1 : 13.0004
0,0,1,0,1,0,0,0,0,0,0,1,1,0,1,0,0,1,1,1,0,0,0,1,1,1,0,0,0,0,0,0,1,0,0,0,0,1,1 : 13.0004
0,1,1,1,0,0,0,1,1,0,1,1,1,1,0,1,1,0,1,1,0,0,0,1,1,1,0,0,0,1,0,0,1,0,0,1,0,0,0 : 13.0193
0,1,1,1,0,0,0,1,1,0,1,1,1,1,0,1,1,0,1,1,0,0,0,1,1,1,0,0,0,1,0,0,1,0,0,1,0,0,0 : 13.0193
0,0,0,0,1,0,1,1,1,0,0,0,1,0,1,1,0,0,0,1,0,0,1,1,0,1,1,0,1,0,0,0,0,1,0,0,0,1,0 : 13.0212
0,0,0,0,1,0,1,1,1,0,0,0,1,0,1,0,0,0,0,1,0,0,1,1,0,1,1,0,1,0,0,1,0,1,0,0,0,0,1 : 13.0212
0,0,0,0,1,0,1,1,1,0,0,0,1,0,1,1,0,0,0,1,0,0,1,1,0,1,1,0,1,0,0,0,0,1,0,0,0,1,0 : 13.0212
0,0,0,0,1,0,1,1,1,0,0,0,1,0,1,0,0,0,0,1,0,0,1,1,0,1,1,0,1,0,0,1,0,1,0,0,0,0,1 : 13.0212
0,0,1,0,0,0,1,0,1,0,0,0,1,1,1,1,0,0,1,1,0,1,0,1,0,1,0,0,1,1,0,0,0,1,1,0,0,0,1 : 13.0344
0,0,1,0,0,0,1,0,1,0,0,0,1,0,1,1,0,0,1,1,0,1,0,1,0,1,0,0,1,1,0,0,0,1,1,0,0,0,1 : 13.0344
0,0,1,0,0,0,1,0,1,0,0,0,1,1,1,1,0,0,1,1,0,1,0,1,0,1,0,0,1,1,0,0,0,1,1,0,0,0,1 : 13.0344
0,0,1,0,0,0,1,0,1,0,0,0,1,0,1,1,0,0,1,1,0,1,0,1,0,1,0,0,1,1,0,0,0,1,1,0,0,0,1 : 13.0344
0,1,1,1,0,0,0,1,1,0,1,1,1,1,0,0,1,0,1,1,0,0,0,1,1,1,0,0,0,1,0,0,1,0,0,1,0,0,0 : 13.0372
0,1,1,1,0,0,0,1,1,0,1,1,1,1,0,0,1,0,1,1,0,0,0,1,1,1,0,0,0,1,0,0,0,0,0,1,0,0,0 : 13.0372
0,1,1,1,0,0,0,1,1,0,1,1,1,1,0,0,1,0,1,1,0,0,0,1,1,1,0,0,0,1,0,0,1,0,0,1,0,0,0 : 13.0372
0,1,1,1,0,0,0,1,1,0,1,1,1,1,0,0,1,0,1,1,0,0,0,1,1,1,0,0,0,1,0,0,0,0,0,1,0,0,0 : 13.0372
0,1,0,1,1,0,0,0,0,0,0,0,1,0,1,0,0,1,1,1,1,0,0,1,1,0,1,0,0,0,1,0,0,1,0,1,1,1,1 : 13.0451
0,0,0,1,1,0,0,0,1,0,0,0,0,0,1,0,0,1,1,1,1,0,0,0,0,0,1,0,0,0,1,0,0,1,0,1,1,1,1 : 13.0451
0,0,0,1,1,0,0,0,1,0,0,0,1,0,1,0,0,1,1,1,1,0,1,1,0,1,1,0,0,0,1,0,1,1,0,0,1,1,1 : 13.0451
0,1,0,1,1,0,0,0,1,0,0,0,0,0,1,0,0,1,1,1,1,0,0,0,1,0,1,0,0,0,1,0,1,1,0,1,1,1,1 : 13.0451
0,0,0,1,1,0,0,1,1,0,0,0,0,0,0,0,0,1,1,1,1,0,0,0,1,0,1,0,0,0,1,0,1,1,0,1,1,1,1 : 13.0451
0,0,0,1,1,0,0,0,1,0,0,0,0,0,1,0,0,1,1,1,1,0,0,0,1,0,1,0,0,1,1,0,1,1,0,1,1,1,1 : 13.0451
0,0,0,1,1,0,0,0,1,0,0,0,1,0,1,0,0,1,1,1,1,0,0,0,0,0,1,0,0,0,1,0,1,1,0,1,1,0,1 : 13.0451
0,1,0,1,1,0,0,0,1,0,0,0,0,0,1,1,0,1,1,1,1,0,0,0,1,0,1,0,0,0,1,0,1,1,0,0,1,1,1 : 13.0451
0,0,0,1,1,0,0,0,1,1,0,0,0,0,1,0,0,1,1,1,1,0,0,0,1,0,1,0,0,0,1,0,1,1,0,1,1,1,1 : 13.0451
0,0,0,1,1,0,0,0,0,0,0,0,1,0,1,0,0,1,1,1,1,0,0,0,1,0,1,0,0,0,1,0,0,1,0,1,1,1,1 : 13.0451
0,1,0,1,1,0,0,0,1,0,0,0,0,0,1,0,0,1,1,1,1,0,0,0,1,0,1,0,0,0,1,0,1,1,0,1,1,1,1 : 13.0451
0,0,0,1,1,0,0,1,1,0,0,0,0,0,1,0,0,1,1,1,1,0,0,0,1,0,1,0,0,0,1,0,0,1,0,1,1,1,1 : 13.0451
0,0,0,1,1,0,0,0,1,0,0,0,0,0,1,0,0,1,1,1,1,0,0,0,1,0,1,0,0,0,1,0,0,1,0,1,1,1,1 : 13.0451
0,0,0,1,1,0,0,0,1,0,0,0,0,0,1,0,0,1,1,1,1,0,0,0,1,0,1,0,0,1,1,0,1,1,0,1,1,1,1 : 13.0451
0,0,0,1,1,0,0,0,1,0,0,0,1,0,1,1,0,1,1,1,1,0,1,0,0,0,1,0,0,0,1,0,1,1,0,1,1,1,1 : 13.0451
0,1,0,1,1,0,0,0,1,1,0,0,0,0,1,0,0,1,1,1,1,0,0,0,1,0,1,0,1,0,1,0,1,1,0,1,1,1,1 : 13.0451
0,1,0,1,1,0,0,0,0,0,0,0,1,0,1,0,0,1,1,1,1,0,0,1,1,0,1,0,0,0,1,0,0,1,0,1,1,1,1 : 13.0451
0,0,0,1,1,0,0,0,1,0,0,0,0,0,1,0,0,1,1,1,1,0,0,0,0,0,1,0,0,0,1,0,0,1,0,1,1,1,1 : 13.0451
0,0,0,1,1,0,0,0,1,0,0,0,1,0,1,0,0,1,1,1,1,0,1,1,0,1,1,0,0,0,1,0,1,1,0,0,1,1,1 : 13.0451
0,1,0,1,1,0,0,0,1,0,0,0,0,0,1,0,0,1,1,1,1,0,0,0,1,0,1,0,0,0,1,0,1,1,0,1,1,1,1 : 13.0451
0,0,0,1,1,0,0,1,1,0,0,0,0,0,0,0,0,1,1,1,1,0,0,0,1,0,1,0,0,0,1,0,1,1,0,1,1,1,1 : 13.0451
0,0,0,1,1,0,0,0,1,0,0,0,0,0,1,0,0,1,1,1,1,0,0,0,1,0,1,0,0,1,1,0,1,1,0,1,1,1,1 : 13.0451
0,0,0,1,1,0,0,0,1,0,0,0,1,0,1,0,0,1,1,1,1,0,0,0,0,0,1,0,0,0,1,0,1,1,0,1,1,0,1 : 13.0451
0,1,0,1,1,0,0,0,1,0,0,0,0,0,1,1,0,1,1,1,1,0,0,0,1,0,1,0,0,0,1,0,1,1,0,0,1,1,1 : 13.0451
0,0,0,1,1,0,0,0,1,1,0,0,0,0,1,0,0,1,1,1,1,0,0,0,1,0,1,0,0,0,1,0,1,1,0,1,1,1,1 : 13.0451
0,0,0,1,1,0,0,0,0,0,0,0,1,0,1,0,0,1,1,1,1,0,0,0,1,0,1,0,0,0,1,0,0,1,0,1,1,1,1 : 13.0451
0,1,0,1,1,0,0,0,1,0,0,0,0,0,1,0,0,1,1,1,1,0,0,0,1,0,1,0,0,0,1,0,1,1,0,1,1,1,1 : 13.0451
0,0,0,1,1,0,0,1,1,0,0,0,0,0,1,0,0,1,1,1,1,0,0,0,1,0,1,0,0,0,1,0,0,1,0,1,1,1,1 : 13.0451
0,0,0,1,1,0,0,0,1,0,0,0,0,0,1,0,0,1,1,1,1,0,0,0,1,0,1,0,0,0,1,0,0,1,0,1,1,1,1 : 13.0451
0,0,0,1,1,0,0,0,1,0,0,0,0,0,1,0,0,1,1,1,1,0,0,0,1,0,1,0,0,1,1,0,1,1,0,1,1,1,1 : 13.0451
0,0,0,1,1,0,0,0,1,0,0,0,1,0,1,1,0,1,1,1,1,0,1,0,0,0,1,0,0,0,1,0,1,1,0,1,1,1,1 : 13.0451
0,1,0,1,1,0,0,0,1,1,0,0,0,0,1,0,0,1,1,1,1,0,0,0,1,0,1,0,1,0,1,0,1,1,0,1,1,1,1 : 13.0451
0,1,0,0,0,1,1,0,0,1,1,1,1,0,1,0,1,1,0,0,0,0,0,1,0,0,1,0,0,0,0,0,0,1,0,1,1,1,1 : 13.0563
0,1,0,0,0,1,1,0,0,1,1,1,1,0,1,0,1,1,0,0,0,0,0,1,0,0,1,0,0,0,0,0,0,1,0,1,1,1,1 : 13.0563
0,0,0,1,0,1,0,0,0,0,1,1,1,0,1,0,0,0,0,0,1,0,1,0,1,0,1,1,0,0,1,0,0,0,1,0,0,1,0 : 13.0686
0,1,0,0,0,1,1,1,0,1,1,0,1,0,0,0,1,0,0,0,1,0,1,0,0,0,1,0,0,1,1,0,0,1,0,1,1,1,1 : 13.0686
0,1,0,0,0,1,1,1,0,1,1,0,1,0,1,0,1,0,0,0,1,0,1,1,0,0,1,0,1,0,0,0,0,1,0,1,1,1,1 : 13.0686
0,0,0,1,0,1,0,0,0,0,1,0,1,0,1,0,0,0,0,0,1,0,1,0,1,0,1,1,0,0,1,0,0,0,1,0,0,1,0 : 13.0686
0,0,0,1,0,1,0,0,0,0,1,1,0,0,1,0,0,0,0,0,1,0,1,0,1,0,1,1,0,0,1,0,0,0,1,0,0,1,0 : 13.0686
0,1,0,0,0,1,1,1,0,1,1,1,1,0,0,0,1,0,1,0,1,0,1,1,0,0,1,0,0,1,1,0,0,1,0,1,1,1,1 : 13.0686
0,1,0,0,0,1,1,1,0,1,1,0,1,0,1,0,1,0,0,0,1,0,1,1,0,0,1,0,1,0,0,0,0,1,0,1,0,1,1 : 13.0686
0,0,0,1,0,1,0,0,0,0,1,1,1,0,1,0,0,0,0,0,1,0,1,0,1,0,1,1,0,0,1,0,0,0,1,0,0,1,0 : 13.0686
0,1,0,0,0,1,1,1,0,1,1,0,1,0,0,0,1,0,0,0,1,0,1,0,0,0,1,0,0,1,1,0,0,1,0,1,1,1,1 : 13.0686
0,1,0,0,0,1,1,1,0,1,1,0,1,0,1,0,1,0,0,0,1,0,1,1,0,0,1,0,1,0,0,0,0,1,0,1,1,1,1 : 13.0686
0,0,0,1,0,1,0,0,0,0,1,0,1,0,1,0,0,0,0,0,1,0,1,0,1,0,1,1,0,0,1,0,0,0,1,0,0,1,0 : 13.0686
0,0,0,1,0,1,0,0,0,0,1,1,0,0,1,0,0,0,0,0,1,0,1,0,1,0,1,1,0,0,1,0,0,0,1,0,0,1,0 : 13.0686
0,1,0,0,0,1,1,1,0,1,1,1,1,0,0,0,1,0,1,0,1,0,1,1,0,0,1,0,0,1,1,0,0,1,0,1,1,1,1 : 13.0686
0,1,0,0,0,1,1,1,0,1,1,0,1,0,1,0,1,0,0,0,1,0,1,1,0,0,1,0,1,0,0,0,0,1,0,1,0,1,1 : 13.0686
0,1,0,1,1,0,0,0,0,0,0,1,0,1,1,1,0,1,1,1,1,1,1,1,0,1,0,0,0,1,0,1,0,1,1,1,0,0,0 : 13.0713
0,1,0,1,1,0,1,0,1,0,0,1,0,1,1,1,0,1,1,1,1,1,1,1,0,1,0,0,0,1,0,1,0,1,1,1,0,0,0 : 13.0713
0,1,0,1,1,0,0,0,0,0,0,1,0,1,1,1,0,1,1,1,1,1,1,1,0,1,0,0,0,1,0,1,0,1,1,1,0,0,0 : 13.0713
0,1,0,1,1,0,1,0,1,0,0,1,0,1,1,1,0,1,1,1,1,1,1,1,0,1,0,0,0,1,0,1,0,1,1,1,0,0,0 : 13.0713
0,1,0,0,0,1,1,1,0,0,1,1,1,0,0,1,1,0,1,0,0,0,1,1,1,0,1,0,0,0,1,0,0,1,0,1,1,1,1 : 13.0854
0,0,0,0,0,1,1,1,0,1,0,1,1,0,0,0,1,1,1,0,0,0,1,0,0,0,1,0,0,0,0,0,1,1,0,1,0,1,1 : 13.0854
0,1,0,0,0,1,1,0,0,1,1,1,1,0,1,0,1,1,0,0,0,0,1,1,0,0,1,0,0,0,0,0,0,1,0,1,1,1,1 : 13.0854
0,1,0,0,0,1,1,1,0,1,0,1,1,0,0,0,1,1,1,0,0,0,1,0,0,0,1,0,0,0,0,0,0,1,0,1,1,1,1 : 13.0854
0,0,0,0,0,1,1,1,0,1,0,1,1,0,0,0,1,1,1,0,0,0,1,0,0,0,1,0,0,0,0,0,1,1,0,1,1,1,1 : 13.0854
0,1,0,0,1,1,1,1,0,1,0,1,1,0,0,0,1,1,1,0,0,0,1,0,0,0,1,0,0,0,0,0,0,1,0,1,1,1,0 : 13.0854
0,0,0,0,0,1,1,1,0,1,0,1,1,0,0,0,1,1,1,0,0,0,1,0,1,0,1,0,0,0,0,0,1,1,0,1,0,1,1 : 13.0854
0,0,0,0,0,1,1,1,0,0,1,1,1,0,0,0,1,0,1,0,0,0,1,1,1,0,1,0,0,0,0,0,0,1,0,1,1,1,1 : 13.0854
