1,1,1,0,0,0,1,0,1,1,0,0,1,1,0,0 : 244.277
1,1,1,0,0,0,1,0,1,1,0,0,1,1,0,0 : 244.277
1,1,1,0,0,0,1,0,1,1,0,0,1,1,0,0 : 244.277
1,1,1,0,0,0,1,0,1,1,0,0,1,1,0,0 : 244.277
1,1,1,0,0,0,1,0,1,1,0,0,1,1,0,0 : 244.277
1,1,1,0,0,0,1,0,1,1,0,0,1,1,0,0 : 244.277
1,1,1,0,0,0,1,0,1,1,0,0,1,1,0,0 : 244.277
1,1,1,0,0,0,1,0,1,1,0,0,1,1,0,0 : 244.277
1,1,1,0,0,0,0,1,1,0,0,1,1,1,0,0 : 247.507
1,1,1,0,0,0,0,1,1,0,0,1,1,1,0,0 : 247.507
1,1,1,0,0,0,1,1,1,0,0,1,1,1,0,0 : 247.693
1,1,1,0,0,0,1,1,1,0,0,1,1,1,0,0 : 247.693
1,1,0,0,0,0,0,1,1,0,1,0,1,1,0,0 : 256.32
1,1,0,0,0,0,0,1,1,0,1,0,1,1,0,0 : 256.32
1,1,0,0,0,0,0,1,1,0,1,0,1,1,0,0 : 256.32
1,1,0,0,0,0,0,1,1,0,1,0,1,1,0,0 : 256.32
1,1,0,0,0,0,0,1,1,0,1,0,1,1,0,0 : 256.32
1,1,0,0,0,0,0,1,1,0,1,0,1,1,0,0 : 256.32
1,1,0,0,0,0,0,1,1,0,1,0,1,1,0,0 : 256.32
1,1,0,0,0,0,0,1,1,0,1,0,1,1,0,0 : 256.32
1,1,0,0,0,0,0,1,1,0,1,0,1,1,0,0 : 256.32
1,1,0,0,0,0,0,1,1,0,1,0,1,1,0,0 : 256.32
1,1,0,1,0,0,0,0,1,0,0,1,1,1,0,0 : 257.407
1,1,0,1,0,0,0,0,1,0,0,1,1,1,0,0 : 257.407
1,1,0,1,0,0,0,0,1,0,0,1,1,1,0,0 : 257.407
1,1,0,1,0,0,0,0,1,0,0,1,1,1,0,0 : 257.407
1,1,0,1,0,0,0,0,1,0,0,1,1,1,0,0 : 257.407
1,1,0,1,0,0,0,0,1,0,0,1,1,1,0,0 : 257.407
1,1,0,0,0,0,0,1,1,0,0,1,1,1,0,0 : 257.927
1,1,0,0,0,0,0,0,1,0,0,1,1,1,0,0 : 257.927
1,1,0,0,0,0,0,1,1,0,0,1,1,1,0,0 : 257.927
1,1,0,0,0,0,0,1,1,0,0,1,1,1,0,0 : 257.927
1,1,0,0,0,0,0,1,1,0,0,1,1,1,0,0 : 257.927
1,1,0,0,0,0,0,0,1,0,0,1,1,1,0,0 : 257.927
1,1,0,0,0,0,0,1,1,0,0,1,1,1,0,0 : 257.927
1,1,0,0,0,0,0,1,1,0,0,1,1,1,0,0 : 257.927
1,1,0,0,1,0,1,1,1,0,0,1,1,1,0,0 : 263.207
1,1,0,0,1,0,1,1,1,0,0,1,1,1,0,0 : 263.207
1,1,0,0,1,0,1,1,1,0,0,1,1,1,0,0 : 263.207
1,1,0,0,1,0,1,1,1,0,0,1,1,1,0,0 : 263.207
1,1,0,0,1,0,1,1,1,0,0,1,1,1,0,0 : 263.207
1,1,0,0,1,0,1,1,1,0,0,1,1,1,0,0 : 263.207
1,1,0,0,1,0,1,1,1,0,0,1,1,1,0,0 : 263.207
1,1,0,0,1,0,1,1,1,0,0,1,1,1,0,0 : 263.207
1,1,0,0,1,0,1,1,1,0,0,1,1,1,0,0 : 263.207
1,1,0,0,1,0,1,1,1,0,0,1,1,1,0,0 : 263.207
1,0,0,1,0,0,0,0,1,0,1,0,1,1,0,0 : 271.337
1,0,0,1,0,0,0,0,1,0,1,0,1,1,0,0 : 271.337
1,0,0,1,0,0,0,0,1,0,1,0,1,1,0,0 : 271.337
1,0,0,1,0,0,0,1,1,0,1,0,1,1,0,0 : 271.337
1,0,0,1,0,0,0,0,1,0,1,0,1,1,0,0 : 271.337
1,0,0,1,0,0,0,0,1,0,1,0,1,1,0,0 : 271.337
1,0,0,1,0,0,0,0,1,0,1,0,1,1,0,0 : 271.337
1,0,0,1,0,0,0,0,1,0,1,0,1,1,0,0 : 271.337
1,0,0,1,0,0,0,1,1,0,1,0,1,1,0,0 : 271.337
1,0,0,1,0,0,0,0,1,0,1,0,1,1,0,0 : 271.337
1,0,0,1,1,0,0,1,1,0,1,0,1,1,0,0 : 275.373
1,0,0,1,1,0,0,1,1,0,1,0,1,1,0,0 : 275.373
1,1,1,0,0,1,0,1,1,0,1,0,1,1,0,0 : 275.973
1,1,1,0,0,1,0,1,1,0,1,0,1,1,0,0 : 275.973
1,0,0,0,1,0,0,0,1,0,1,0,1,1,0,0 : 276.103
1,0,0,0,1,0,0,0,1,0,1,0,1,1,0,0 : 276.103
1,0,0,0,1,0,1,1,1,0,0,1,1,1,0,0 : 279.097
1,0,0,0,1,0,1,1,1,1,0,0,1,1,0,0 : 279.097
1,0,0,0,1,0,1,0,1,0,0,1,1,1,0,0 : 279.097
1,0,0,0,1,0,1,1,1,0,0,1,1,1,0,0 : 279.097
1,0,0,0,1,0,1,1,1,1,0,0,1,1,0,0 : 279.097
1,0,0,0,1,0,1,0,1,0,0,1,1,1,0,0 : 279.097
1,1,1,0,1,1,1,1,1,1,0,0,1,1,0,0 : 279.15
1,1,1,0,1,1,1,1,1,1,0,0,1,1,0,0 : 279.15
1,1,0,1,0,1,0,0,1,0,1,0,1,1,0,0 : 286.4
1,1,0,1,0,1,0,0,1,0,1,0,1,1,0,0 : 286.4
1,1,0,1,0,1,0,0,1,0,1,0,1,1,0,0 : 286.4
1,1,0,1,0,1,0,0,1,0,1,0,1,1,0,0 : 286.4
1,1,0,1,0,1,0,0,1,0,1,0,1,1,0,0 : 286.4
1,1,0,1,0,1,0,0,1,0,1,0,1,1,0,0 : 286.4
1,1,0,1,0,1,1,0,1,0,1,0,1,1,0,0 : 286.43
1,1,0,1,0,1,1,0,1,0,1,0,1,1,0,0 : 286.43
1,1,0,1,0,1,1,0,1,0,1,0,1,1,0,0 : 286.43
1,1,0,1,0,1,1,0,1,0,1,0,1,1,0,0 : 286.43
1,1,0,0,0,1,1,1,1,0,1,0,1,1,0,0 : 287.037
1,1,0,0,0,1,1,1,1,0,1,0,1,1,0,0 : 287.037
1,1,0,0,0,1,0,0,1,0,1,0,1,1,0,0 : 287.05
1,1,0,0,0,1,0,0,1,0,1,0,1,1,0,0 : 287.05
1,1,0,1,1,1,0,0,1,0,1,0,1,1,0,0 : 291.067
1,1,0,1,1,1,0,0,1,0,1,0,1,1,0,0 : 291.067
1,1,0,1,1,1,1,0,1,0,0,1,1,1,0,0 : 291.237
1,1,0,1,1,1,1,0,1,0,0,1,1,1,0,0 : 291.237
1,1,0,0,1,1,1,1,1,0,1,0,1,1,0,0 : 291.577
1,1,0,0,1,1,1,1,1,0,1,0,1,1,0,0 : 291.577
1,1,0,0,1,1,1,1,1,0,1,0,1,1,0,0 : 291.577
1,1,0,0,1,1,1,1,1,0,1,0,1,1,0,0 : 291.577
1,1,0,0,1,1,1,1,1,0,1,0,1,1,0,0 : 291.577
1,1,0,0,1,1,1,1,1,0,1,0,1,1,0,0 : 291.577
1,1,0,0,1,1,1,1,1,0,1,0,1,1,0,0 : 291.577
1,1,0,0,1,1,1,1,1,0,1,0,1,1,0,0 : 291.577
1,1,0,0,1,1,1,0,1,0,0,1,1,1,0,0 : 291.62
1,1,0,0,1,1,0,0,1,0,0,1,1,1,0,0 : 291.62
1,1,0,0,1,1,1,1,1,0,0,1,1,1,0,0 : 291.62
1,1,0,0,1,1,1,1,1,0,0,1,1,1,0,0 : 291.62
