1,1,0,0,1,1,1,0,1 : 900.0
1,1,0,0,1,0,0,0,0 : 930.0
1,1,0,1,0,1,1,1,0 : 930.0
1,1,0,1,1,0,1,1,0 : 1110.0
1,0,0,0,1,1,1,0,1 : 990.0
1,1,0,1,0,1,1,0,0 : 840.0
1,1,0,0,1,1,1,0,0 : 840.0
1,1,1,0,1,0,0,0,1 : 1050.0
1,1,1,1,0,1,1,0,1 : 870.0
1,1,1,0,1,1,1,0,1 : 870.0
1,0,0,0,1,1,1,0,0 : 990.0
1,1,0,1,1,1,1,0,1 : 870.0
1,1,1,0,0,0,0,0,0 : 1950.0
1,1,1,1,0,0,1,0,1 : 870.0
1,1,0,1,0,1,0,1,0 : 1020.0
1,1,0,0,1,1,0,0,0 : 900.0
1,1,0,0,1,1,1,0,1 : 900.0
1,0,1,1,0,0,0,0,1 : 1020.0
1,1,1,0,0,0,1,0,1 : 870.0
1,1,0,0,1,1,1,0,0 : 840.0
1,1,0,0,0,1,1,0,0 : 840.0
1,0,1,1,1,0,0,0,1 : 1020.0
1,1,1,1,1,0,1,0,1 : 870.0
1,0,0,0,1,1,1,0,1 : 990.0
1,1,0,0,1,1,1,0,1 : 900.0
1,1,0,0,1,0,0,0,0 : 930.0
1,1,0,1,1,0,0,0,0 : 930.0
1,0,0,1,0,1,1,0,1 : 1050.0
1,1,1,0,0,0,1,0,1 : 870.0
1,1,0,1,0,1,1,0,0 : 840.0
1,1,0,0,0,1,0,1,0 : 1020.0
1,1,1,0,0,1,1,0,1 : 870.0
1,1,0,1,0,1,1,0,0 : 840.0
1,1,1,1,1,0,1,0,1 : 870.0
1,1,0,0,1,0,1,0,0 : 930.0
1,0,1,1,1,1,0,0,1 : 1020.0
1,1,0,0,0,1,1,1,0 : 930.0
1,1,1,0,1,1,1,0,1 : 870.0
1,1,0,1,1,1,1,1,0 : 960.0
1,1,0,0,0,1,1,1,0 : 930.0
1,1,0,0,0,1,0,0,1 : 900.0
1,1,0,1,1,1,1,0,0 : 840.0
1,1,0,1,1,1,1,0,0 : 840.0
1,1,0,1,0,1,1,0,1 : 870.0
1,0,0,1,0,0,1,0,0 : 1290.0
1,0,1,1,1,0,1,0,1 : 1110.0
1,0,1,1,1,0,0,0,1 : 1020.0
1,1,1,0,0,0,0,0,1 : 1050.0
1,1,0,0,0,1,1,0,1 : 900.0
1,1,0,0,1,1,1,0,0 : 840.0
1,1,0,0,0,1,0,0,1 : 900.0
1,1,0,0,0,1,0,0,0 : 900.0
1,1,1,1,0,1,1,0,1 : 870.0
1,1,0,0,1,1,1,0,0 : 840.0
1,1,1,0,0,0,0,0,1 : 1050.0
1,0,0,0,0,1,1,0,1 : 990.0
1,1,1,0,0,1,0,0,0 : 1710.0
1,1,0,0,0,1,1,1,0 : 930.0
1,1,0,0,0,1,1,0,0 : 840.0
1,1,0,0,0,1,1,0,0 : 840.0
1,0,0,0,1,1,1,0,1 : 990.0
1,1,0,1,1,1,1,0,1 : 870.0
1,0,0,0,1,1,1,0,1 : 990.0
1,1,0,1,0,0,1,0,0 : 960.0
1,1,1,0,0,1,1,0,1 : 870.0
1,1,0,0,0,1,1,0,0 : 840.0
1,0,0,0,0,1,0,0,0 : 1080.0
1,1,1,0,1,1,0,1,0 : 2070.0
1,0,1,0,1,1,1,0,1 : 1110.0
1,1,1,0,1,0,1,0,1 : 870.0
1,1,0,0,1,1,1,0,0 : 840.0
1,1,1,0,0,1,1,0,0 : 1770.0
1,1,0,0,0,0,0,1,0 : 1110.0
1,0,0,0,0,0,1,1,0 : 1290.0
1,1,1,1,1,1,1,0,1 : 870.0
1,0,0,0,1,1,1,0,1 : 990.0
1,1,1,0,1,0,1,0,1 : 870.0
1,1,0,1,1,1,1,0,1 : 870.0
1,1,0,0,1,1,1,0,1 : 900.0
1,0,0,0,0,1,1,0,0 : 990.0
1,0,0,0,1,0,1,1,0 : 1290.0
1,0,1,0,1,0,1,0,1 : 1110.0
1,1,0,1,1,1,1,0,1 : 870.0
1,1,1,1,1,0,1,0,1 : 870.0
1,1,1,0,1,0,1,0,1 : 870.0
1,0,1,1,0,0,0,0,1 : 1020.0
1,1,0,1,1,1,1,0,1 : 870.0
1,1,1,0,1,0,0,0,1 : 1050.0
1,1,1,0,0,0,1,0,1 : 870.0
1,1,0,1,1,1,1,0,1 : 870.0
1,0,0,1,1,0,1,0,1 : 1200.0
1,0,0,0,0,1,0,0,0 : 1080.0
1,1,0,0,0,1,0,0,0 : 900.0
1,0,0,0,0,1,0,0,0 : 1080.0
1,1,0,0,1,1,0,1,0 : 1020.0
1,0,1,1,0,0,0,0,1 : 1020.0
1,0,0,1,0,1,0,0,0 : 1080.0
1,0,0,1,1,1,0,0,0 : 1140.0
1,0,1,1,0,1,0,0,1 : 1020.0
1,1,0,0,0,1,0,0,1 : 900.0
