1,0,0,1,1,1,1,0,0,0,0 : 215.3666
1,0,0,0,1,0,1,1,1,1,0 : 202.68
1,1,0,0,1,0,0,1,1,1,0 : 219.1533
1,1,1,0,0,0,1,0,0,1,0 : 237.75
1,0,1,1,0,1,1,1,0,1,1 : 250.2433
1,0,1,0,1,0,1,1,0,1,0 : 218.89
1,0,0,0,0,1,0,1,1,1,1 : 219.37
1,0,0,0,0,1,1,0,0,0,0 : 205.3633
1,0,0,1,1,0,1,0,0,1,0 : 209.84
1,0,0,0,0,1,0,1,1,1,0 : 201.9733
1,0,1,0,1,1,0,0,1,1,1 : 235.96
1,0,0,1,1,0,0,0,0,0,0 : 209.84
1,1,1,0,0,0,0,0,0,0,0 : 237.75
1,1,1,1,0,0,0,0,1,1,1 : 244.9166
1,0,0,0,0,0,0,0,0,0,0 : 201.1533
1,0,0,0,1,0,0,1,0,0,0 : 199.9533
1,0,1,0,0,0,1,1,0,1,1 : 233.23
1,1,0,0,1,0,0,0,0,0,0 : 219.1533
1,0,0,0,1,0,0,1,0,0,0 : 199.9533
1,0,0,0,0,0,0,0,1,1,0 : 199.6833
1,0,0,1,1,1,0,0,1,1,0 : 210.5066
1,1,0,0,0,0,1,1,1,0,0 : 227.78
1,0,0,0,1,1,0,0,1,1,0 : 200.38
1,0,0,0,1,0,0,0,1,1,0 : 199.6833
1,1,1,0,0,0,0,0,0,0,0 : 237.75
1,0,0,1,1,1,0,0,1,0,0 : 210.5066
1,0,0,0,0,1,0,0,0,1,1 : 213.48
1,0,0,1,1,0,0,1,0,1,0 : 209.84
1,1,0,0,1,0,0,1,1,1,0 : 219.1533
1,0,1,0,0,0,0,1,0,1,0 : 218.89
1,0,1,1,0,0,0,1,1,0,1 : 245.4966
1,1,0,1,0,0,0,1,0,1,0 : 232.9566
1,1,0,0,0,0,1,1,0,1,0 : 225.7733
1,0,0,0,0,1,1,0,1,0,0 : 203.9766
1,0,0,0,0,1,0,1,1,0,0 : 202.9366
1,1,0,0,0,0,0,1,1,0,0 : 219.1533
1,0,0,0,1,1,0,0,1,1,0 : 200.38
1,0,1,0,1,0,0,0,0,0,0 : 221.7833
1,0,0,0,1,0,1,0,1,0,0 : 205.7066
1,0,0,0,1,0,1,0,1,0,1 : 215.8533
1,0,0,0,1,1,0,0,1,0,1 : 213.9966
1,0,0,0,0,0,1,1,1,0,0 : 204.1766
1,0,0,1,0,1,0,0,0,1,0 : 210.5066
1,1,1,1,1,1,1,1,0,0,1 : 252.6833
1,0,0,1,1,1,0,0,1,0,0 : 210.5066
1,0,0,1,0,1,0,0,1,1,0 : 210.5066
1,1,1,0,1,1,1,0,1,1,0 : 240.9833
1,0,0,1,0,0,0,0,1,1,0 : 210.2366
1,0,0,0,1,1,0,1,0,1,0 : 201.9733
1,0,0,1,1,0,0,1,0,0,0 : 209.84
1,0,0,0,0,1,1,0,0,0,1 : 216.6366
1,1,0,0,1,1,0,0,0,1,0 : 223.0133
1,1,0,0,0,1,0,0,1,1,0 : 223.0133
1,0,1,1,0,0,0,0,1,1,1 : 244.9166
1,0,0,0,0,0,0,1,0,1,0 : 199.6833
1,0,0,0,0,0,0,0,0,1,0 : 199.6833
1,0,1,0,0,0,1,1,1,0,0 : 217.2866
1,0,0,0,0,1,1,1,0,1,0 : 205.3633
1,0,0,0,1,1,1,0,1,1,0 : 202.68
1,0,0,1,0,0,0,0,1,0,0 : 208.37
1,1,1,0,1,1,0,1,0,0,1 : 251.3633
1,1,0,1,0,1,1,1,0,0,1 : 237.3466
1,0,0,1,1,0,0,0,0,0,1 : 239.9633
1,1,0,0,0,1,1,0,0,0,0 : 224.3366
1,0,0,0,1,0,0,0,1,0,0 : 201.5466
1,0,0,0,1,1,1,1,1,0,0 : 205.7066
1,1,0,1,0,0,1,1,1,1,1 : 248.7833
1,0,0,0,1,0,0,1,1,1,0 : 199.6833
1,1,0,0,0,0,0,1,0,1,0 : 219.1533
1,0,0,1,1,0,0,0,0,0,0 : 209.84
1,0,0,0,1,0,0,0,0,0,0 : 201.5466
1,0,0,0,1,1,1,0,1,1,0 : 202.68
1,0,0,0,1,0,0,1,0,1,0 : 199.6833
1,0,0,0,1,0,0,0,1,1,0 : 199.6833
1,0,0,1,0,0,1,1,1,1,0 : 210.7066
1,0,0,0,1,0,0,1,1,0,1 : 213.9966
1,0,0,0,1,0,0,1,1,1,0 : 199.6833
1,1,0,0,0,1,0,1,0,1,0 : 223.2133
1,0,0,1,0,0,0,1,0,1,0 : 207.7466
1,0,1,0,1,1,0,0,1,1,0 : 224.0733
1,0,0,0,1,1,1,0,1,1,0 : 202.68
1,1,1,0,0,0,1,1,0,1,0 : 237.75
1,0,1,1,0,0,0,1,0,1,1 : 245.4966
1,0,0,0,0,1,0,1,1,0,1 : 213.5333
1,0,0,0,0,0,1,0,0,1,0 : 200.66
1,0,1,0,0,0,0,0,0,1,1 : 233.23
1,1,0,0,1,1,0,1,1,1,1 : 230.2366
1,1,0,1,0,0,0,0,0,1,0 : 233.6666
1,0,0,0,1,0,0,1,1,0,0 : 199.9533
1,0,0,0,0,0,0,1,0,1,0 : 199.6833
1,0,1,0,0,1,1,0,1,0,0 : 224.0733
1,1,0,0,1,0,0,1,0,1,0 : 219.1533
1,0,0,0,1,0,0,0,1,1,0 : 199.6833
1,0,0,0,0,0,0,0,1,1,1 : 215.6066
1,0,0,0,0,0,0,1,1,1,0 : 199.6833
1,0,0,1,1,1,0,0,1,0,0 : 210.5066
1,0,0,1,0,1,1,0,1,0,0 : 215.47
1,0,0,1,0,1,0,1,0,1,0 : 212.0533
1,1,0,0,0,1,1,1,1,1,1 : 230.2366
1,0,0,0,0,1,0,1,0,0,0 : 202.9366
