1,1,0,1,0,1,0,1,1,0,1,0,1,0,0,1,1,0,1,0,1,0,0,1,0,1,0,0,0,0,0,1,1,0,0,0,0,1,0 : 13.4596
0,0,0,0,1,1,1,0,1,0,0,1,1,1,0,1,1,0,1,1,1,1,1,1,0,0,0,0,1,0,1,0,1,1,0,1,0,1,1 : 13.4596
1,1,0,0,0,0,0,1,0,1,0,1,0,1,0,0,0,0,1,0,0,1,0,1,0,0,0,1,0,0,1,0,1,1,0,0,0,1,1 : 13.7919
0,1,1,1,0,0,0,0,0,0,1,1,1,1,0,1,1,0,0,0,1,0,0,1,1,1,0,0,1,1,0,0,1,0,0,0,0,0,0 : 13.1284
1,1,0,1,0,1,0,1,1,0,1,1,0,0,0,1,0,1,0,1,0,0,1,1,1,1,0,1,1,0,0,0,1,0,0,1,1,1,0 : 13.4596
0,1,0,0,0,1,1,1,1,0,0,1,0,1,1,1,0,1,1,1,1,0,1,0,0,0,1,0,0,0,0,0,0,0,0,0,1,0,0 : 13.4596
1,1,0,1,1,1,1,0,1,1,1,0,1,0,1,1,0,1,0,1,1,0,1,0,0,0,0,1,1,0,0,0,0,1,0,0,1,0,0 : 14.3946
1,0,0,0,0,0,1,1,1,1,1,1,1,1,1,0,0,1,1,1,0,1,0,0,1,0,1,0,0,0,0,0,0,1,0,1,1,0,1 : 13.6324
0,0,0,0,0,0,1,1,1,0,0,0,1,0,0,0,0,0,1,0,0,0,1,1,0,0,0,1,1,0,0,0,0,1,0,0,1,0,0 : 13.7606
0,0,0,0,0,1,0,1,1,1,1,1,0,0,0,1,0,1,0,0,0,1,1,0,0,0,0,1,0,0,1,0,1,0,0,0,0,1,1 : 14.4591
0,1,0,1,1,1,1,0,1,0,1,0,0,1,1,1,0,1,0,0,0,1,0,0,0,0,0,1,0,0,1,0,0,1,0,1,0,1,0 : 13.4596
1,1,0,0,0,0,1,1,1,1,0,0,1,0,1,0,1,0,1,1,1,0,1,0,1,1,0,1,1,0,0,1,0,1,0,0,1,1,0 : 13.3695
1,0,0,1,1,0,0,1,1,1,1,1,0,0,0,0,1,1,0,1,1,0,1,0,0,1,1,1,0,1,0,0,0,1,0,0,1,1,1 : 15.9736
0,0,0,0,1,0,1,1,0,0,1,1,0,0,1,0,0,0,1,1,1,0,0,1,1,1,0,0,0,0,0,0,0,0,0,1,0,0,1 : 13.3695
0,1,0,0,1,1,1,0,1,1,0,1,1,1,1,0,0,1,1,0,0,0,1,1,1,1,0,0,1,1,0,0,0,1,1,1,0,0,0 : 14.4688
1,1,1,0,0,0,1,1,1,1,0,1,0,1,0,1,1,0,1,0,0,1,1,0,1,1,0,0,0,1,1,0,1,1,0,0,0,0,1 : 14.704
0,1,0,1,0,1,1,1,1,0,1,0,1,1,0,1,1,0,0,1,1,1,1,1,1,0,1,0,0,0,0,1,0,1,0,0,1,1,0 : 13.4596
0,0,0,1,1,1,1,0,0,0,1,1,0,1,0,1,0,1,1,0,1,1,1,1,0,1,1,0,1,1,1,0,0,0,0,1,0,1,0 : 13.4596
0,0,0,1,1,0,1,1,0,0,0,1,0,0,1,1,1,0,1,1,0,0,1,0,0,1,0,1,0,1,0,0,1,1,1,0,0,1,0 : 14.4512
0,0,0,0,1,1,0,1,1,0,1,1,0,0,0,1,0,1,1,0,1,0,0,1,0,0,0,0,1,1,1,0,1,0,0,0,1,1,1 : 13.4596
0,0,0,0,0,1,0,1,1,1,0,1,1,1,0,1,0,1,0,0,0,1,0,0,1,0,1,1,0,1,0,1,1,0,0,1,1,1,1 : 14.3946
1,0,0,0,0,0,1,1,0,1,1,1,1,0,1,0,1,1,0,1,1,0,1,0,0,1,0,0,0,1,0,0,0,1,0,0,0,0,1 : 13.3695
1,0,0,1,1,0,1,1,1,1,0,1,0,1,1,0,1,1,0,1,1,1,0,1,1,1,0,0,1,0,0,0,1,1,0,0,1,0,0 : 13.3695
0,1,0,1,0,0,1,0,0,0,1,1,0,0,0,0,0,1,0,0,1,1,1,0,0,0,0,1,0,0,1,1,0,1,0,1,1,0,1 : 13.6324
1,1,0,1,0,1,1,1,0,0,0,1,0,1,1,1,0,0,0,0,0,0,1,1,0,0,1,0,0,0,1,1,0,1,1,0,0,0,1 : 13.4596
1,0,1,0,0,1,0,1,1,0,1,1,1,0,1,1,0,1,0,0,1,0,1,1,0,0,0,0,1,1,1,0,1,1,0,1,0,1,1 : 13.4596
0,1,0,1,0,0,0,1,0,1,0,1,0,0,0,1,0,0,0,1,0,0,0,1,0,1,0,1,0,0,1,0,1,1,0,0,1,1,0 : 13.7428
1,0,1,1,0,0,0,0,1,1,0,1,1,1,0,1,0,1,0,0,1,0,0,1,0,1,1,0,0,0,0,1,0,1,0,0,1,0,1 : 13.4238
0,1,0,0,0,0,0,0,1,1,1,1,0,0,1,0,0,0,1,0,1,1,0,0,0,0,1,0,0,1,1,1,1,0,0,1,0,1,0 : 15.1204
0,0,0,0,1,1,1,1,0,0,1,1,1,1,0,1,1,0,0,1,0,1,1,1,0,0,0,0,0,0,1,0,0,1,0,0,1,1,1 : 13.4596
0,0,0,1,0,1,0,0,1,0,0,0,1,0,1,1,0,1,0,0,0,1,0,0,0,1,1,0,0,1,0,1,1,0,0,1,0,0,1 : 13.4596
1,0,0,0,0,1,0,1,1,0,1,0,1,0,1,1,1,1,1,0,1,0,0,0,0,0,1,0,1,0,1,0,0,1,0,0,0,1,1 : 13.4596
1,0,0,1,0,0,0,0,0,1,1,0,1,1,1,1,0,0,0,0,0,0,0,0,0,0,1,0,0,1,0,0,0,1,0,0,1,1,1 : 13.1284
0,1,0,0,0,0,0,0,1,0,1,1,0,0,0,1,0,1,1,1,0,1,0,0,0,0,0,0,0,1,0,0,0,0,0,1,0,1,0 : 13.1284
1,0,0,1,0,0,0,1,1,0,1,1,1,0,1,1,0,0,0,1,0,0,0,1,1,0,1,0,1,0,1,0,0,1,0,0,0,1,1 : 13.4238
1,1,0,0,0,0,0,1,1,0,0,1,1,0,1,1,1,0,0,1,0,1,0,1,0,1,0,0,1,0,0,0,0,0,0,1,0,0,0 : 13.5935
0,0,1,1,0,0,0,1,0,1,1,0,1,0,1,1,0,0,1,0,0,1,0,1,1,1,0,0,1,1,0,0,0,0,0,1,0,0,0 : 13.1284
1,1,0,1,0,0,1,0,1,1,0,1,0,0,0,1,1,0,0,1,1,1,0,1,0,0,1,0,1,0,1,1,1,0,0,0,1,0,1 : 13.4238
0,0,1,1,0,0,0,1,0,1,1,1,1,1,0,0,0,0,1,0,1,0,0,0,1,1,0,0,1,1,0,0,0,0,0,1,0,1,0 : 14.2501
0,0,0,1,1,1,1,1,1,0,0,0,1,1,0,1,0,1,1,0,1,1,0,1,0,0,0,0,1,0,0,0,1,0,0,0,0,0,0 : 13.4596
0,0,0,1,0,1,1,0,0,1,1,0,1,0,1,1,0,1,0,1,0,1,0,1,0,1,1,1,1,0,0,1,1,0,1,0,0,0,1 : 14.4591
0,1,0,0,0,0,1,0,0,0,1,0,0,0,1,0,0,0,1,0,1,0,1,0,1,1,0,1,1,0,0,1,1,0,0,1,0,1,0 : 13.3695
1,1,0,0,0,0,0,0,1,0,0,0,0,0,0,1,1,1,0,0,0,0,1,1,1,0,1,0,1,0,0,0,1,1,0,0,0,1,0 : 13.4238
1,0,0,1,0,1,1,1,1,0,0,0,0,0,1,1,0,0,1,0,0,1,1,0,0,0,1,0,0,1,1,1,0,1,0,0,0,1,0 : 13.4596
0,1,0,1,0,1,0,1,0,0,1,1,1,1,1,1,0,1,0,0,0,1,1,0,0,0,0,0,0,1,1,0,1,1,0,1,1,1,1 : 13.4596
0,0,1,1,0,0,0,1,1,1,1,1,0,0,0,1,0,0,1,0,1,1,0,0,1,1,0,0,1,1,0,0,1,0,0,1,0,1,1 : 13.1284
0,0,0,0,0,0,1,0,1,1,1,0,1,1,1,1,0,0,1,1,0,1,0,0,0,1,1,0,0,0,1,0,0,0,0,0,0,1,0 : 13.1298
0,0,0,1,1,0,1,0,0,0,0,0,0,1,1,0,1,0,1,1,0,1,1,1,0,1,1,0,0,1,1,0,1,0,0,0,1,0,1 : 13.3695
0,1,0,1,0,1,0,0,1,0,0,1,0,0,1,1,1,1,1,1,0,0,1,0,0,1,0,0,0,1,1,0,1,1,0,1,1,1,1 : 13.4596
0,0,0,1,0,0,0,0,0,0,0,0,0,0,1,1,0,0,1,0,0,0,1,1,0,0,0,0,1,0,0,1,0,1,1,0,0,1,0 : 13.8582
1,0,1,0,0,0,1,1,0,0,0,1,0,1,0,1,1,1,0,0,0,1,0,0,1,1,0,0,1,1,1,0,0,1,0,0,0,0,0 : 13.1284
1,0,0,1,0,0,1,0,1,0,0,0,0,0,1,1,1,1,0,1,0,1,0,0,1,0,1,0,0,1,1,0,1,1,0,1,0,1,0 : 13.1284
1,0,1,1,0,0,0,1,1,0,0,1,0,1,1,0,0,1,1,1,0,0,1,0,1,1,0,0,0,0,0,0,1,0,1,1,0,0,0 : 15.9736
1,1,0,0,0,0,1,0,1,1,0,0,1,1,1,1,0,0,0,0,1,1,1,1,0,0,0,0,1,0,1,0,1,0,0,0,0,1,1 : 13.4238
1,1,0,1,0,1,1,1,1,1,0,0,0,0,0,1,0,0,0,1,0,0,1,0,0,1,0,0,0,0,1,0,0,1,0,0,1,0,1 : 14.3946
0,1,0,0,0,1,1,0,1,1,0,1,0,1,1,1,0,1,1,0,1,1,0,1,0,0,1,0,0,0,1,0,1,0,1,0,1,0,0 : 14.3946
0,0,0,1,0,0,1,0,0,1,0,1,0,1,0,1,0,0,0,0,1,0,0,1,1,1,0,0,0,1,1,0,1,0,0,0,0,1,1 : 13.1284
1,1,0,0,1,1,0,0,0,0,0,1,0,0,0,0,1,0,1,0,1,0,1,1,0,0,0,0,0,1,1,0,1,1,0,1,1,0,1 : 14.4688
1,1,0,0,1,1,0,1,1,1,1,1,0,1,0,0,0,0,1,0,1,0,0,1,0,1,0,0,1,0,0,0,1,1,0,0,0,1,0 : 14.4688
0,1,0,0,0,0,0,0,1,1,0,0,0,1,1,1,0,0,1,1,0,1,0,1,0,0,1,0,1,0,0,0,1,0,0,0,0,0,0 : 13.3165
1,1,0,1,0,1,0,1,0,0,0,1,0,0,1,1,0,1,0,0,1,0,1,0,1,1,0,0,1,0,0,0,0,1,0,0,0,0,1 : 13.4596
1,0,0,1,1,0,0,0,1,0,1,1,0,1,1,1,1,0,0,1,1,1,0,1,1,0,1,1,0,1,0,1,1,0,0,0,0,0,0 : 14.4512
1,0,0,0,1,1,1,0,0,0,1,1,0,0,1,1,0,1,1,0,1,1,0,0,1,1,0,0,1,1,1,1,0,1,0,0,0,1,0 : 13.4596
0,1,0,1,1,0,0,0,1,1,1,0,0,1,1,0,0,0,1,0,0,0,1,1,0,0,1,0,1,1,0,0,0,0,0,0,1,0,0 : 13.4452
1,1,0,0,0,1,1,1,0,0,0,1,0,1,0,1,1,1,0,1,0,0,0,0,0,1,1,0,0,0,1,0,1,0,1,0,0,1,0 : 13.4596
0,1,1,1,0,0,0,1,0,1,0,0,0,0,1,1,1,0,0,0,0,1,0,0,0,0,1,0,0,1,0,0,1,1,0,0,0,0,1 : 13.1284
0,0,0,1,0,0,0,1,0,0,1,0,1,0,1,0,0,0,0,1,1,0,0,0,0,0,0,0,0,0,0,0,1,1,0,1,0,1,1 : 14.5191
1,1,0,0,0,0,0,0,1,1,0,0,0,0,0,1,0,0,1,0,1,0,0,1,1,0,1,1,0,1,0,0,1,1,0,0,1,0,0 : 13.1284
1,0,0,0,1,1,0,1,0,0,0,1,0,0,0,0,0,1,1,0,0,0,1,0,1,1,0,1,1,0,0,1,1,0,0,0,1,1,0 : 14.4688
1,1,0,1,0,1,1,0,1,0,1,1,0,1,0,1,0,0,1,0,1,0,1,0,0,1,0,0,1,1,1,0,0,1,0,0,1,1,1 : 13.4596
1,0,0,0,0,0,0,0,0,1,1,1,1,1,1,1,0,1,0,1,0,0,0,1,0,1,1,0,0,1,1,1,1,0,0,0,0,1,1 : 13.1284
1,1,0,1,0,0,0,0,1,0,1,1,0,0,1,0,1,0,0,0,1,0,1,0,1,1,0,0,0,0,1,1,0,1,0,1,0,0,1 : 13.7919
0,0,1,0,1,0,0,0,1,1,1,0,1,1,1,0,1,1,1,0,0,1,1,1,1,0,1,0,0,1,0,0,1,1,0,0,1,0,1 : 14.6743
1,1,0,0,0,1,0,1,0,1,1,1,0,1,0,1,1,0,0,0,1,0,0,0,0,1,1,0,1,1,1,0,1,0,0,1,1,1,1 : 14.3946
1,0,0,0,0,1,0,1,0,0,0,0,0,0,0,1,1,1,0,0,1,1,1,1,0,0,1,0,1,1,1,0,1,0,0,1,1,0,1 : 13.4596
1,1,1,0,0,1,0,1,1,1,1,1,0,1,0,0,0,0,1,0,0,1,1,1,0,1,1,0,0,0,1,0,1,0,0,0,1,1,1 : 14.4688
1,1,0,1,0,0,0,0,0,0,1,1,0,1,1,0,1,1,0,0,1,1,1,0,0,0,0,0,1,0,1,1,0,1,0,1,1,1,0 : 14.1821
1,1,0,1,0,1,1,1,0,0,0,1,1,1,1,1,0,0,1,0,1,0,0,0,0,0,0,0,1,0,0,1,1,0,0,1,0,1,0 : 13.4596
1,1,0,1,1,0,0,0,1,0,1,0,0,1,0,0,1,1,0,0,0,1,1,1,0,0,1,1,0,1,0,1,1,0,0,0,1,0,1 : 13.7203
0,1,0,1,0,1,0,1,0,1,1,1,0,0,1,0,0,1,1,0,0,1,1,1,0,1,1,0,1,0,0,0,1,1,0,0,1,1,1 : 14.4688
1,1,0,1,0,0,1,0,0,0,0,0,0,0,1,0,1,0,0,1,1,1,1,1,0,0,0,0,1,0,0,0,0,0,0,1,0,0,0 : 13.7606
0,1,1,1,0,0,0,0,0,0,0,0,1,1,1,0,0,0,0,0,0,0,0,0,0,0,1,0,0,0,1,0,1,0,0,1,1,1,0 : 14.5191
1,0,0,0,1,1,0,0,1,0,1,0,0,0,1,1,0,1,0,0,0,1,1,0,0,0,1,0,1,0,0,0,1,1,1,0,0,0,1 : 13.4596
1,0,0,0,1,0,0,0,0,0,0,0,1,0,1,0,1,0,0,0,1,0,0,0,0,1,1,0,1,0,1,0,0,1,0,0,0,0,1 : 13.9445
1,1,1,0,0,1,0,1,0,0,1,0,0,1,1,1,0,1,1,0,0,0,1,1,1,0,1,0,1,1,1,0,1,1,0,0,0,1,1 : 13.4596
0,0,0,1,0,0,1,1,0,0,1,1,1,0,1,1,0,1,1,1,0,0,0,0,0,0,0,1,1,0,0,0,0,0,0,0,1,1,1 : 13.7428
0,0,0,1,1,1,1,1,0,0,0,0,1,0,0,1,1,1,1,1,1,0,0,0,1,1,0,0,0,0,0,1,0,1,0,0,1,0,1 : 13.4596
1,0,0,1,0,1,1,1,1,0,0,1,1,0,1,1,0,1,1,0,0,0,1,0,1,0,1,0,1,0,0,0,1,1,0,1,0,0,0 : 13.4596
1,1,1,0,1,0,0,1,0,1,0,0,0,0,0,0,0,1,0,1,1,1,0,0,0,0,0,1,1,0,0,0,0,1,0,0,0,1,1 : 15.9736
0,0,0,1,0,0,1,1,1,0,1,0,0,0,1,1,0,0,0,0,1,0,0,1,0,0,0,0,0,1,0,0,0,1,0,0,1,0,1 : 13.1284
0,1,0,0,1,1,1,0,0,0,1,0,1,0,1,1,0,0,1,0,1,0,1,0,1,0,1,0,0,1,1,1,1,0,0,0,0,1,1 : 13.4596
1,0,0,1,0,0,1,0,0,0,1,1,1,0,0,1,0,0,1,0,1,0,0,1,0,0,1,0,0,0,0,0,1,1,0,0,1,0,0 : 13.7428
0,0,0,1,1,0,0,1,0,1,1,0,1,0,1,1,0,1,1,0,0,1,0,1,0,1,0,0,1,0,1,0,1,0,0,0,1,0,0 : 14.2626
1,1,0,1,1,0,0,0,1,1,1,1,1,0,0,1,0,0,0,0,0,0,1,0,0,1,0,1,0,1,0,0,1,1,0,1,1,1,1 : 14.7903
1,0,0,1,1,0,1,0,0,1,1,1,1,1,0,1,1,0,0,1,1,0,0,1,0,0,0,0,1,1,1,1,1,0,0,1,1,0,1 : 14.7903
0,1,0,0,0,0,1,0,0,1,0,0,0,0,1,1,0,0,1,0,1,1,0,1,0,0,1,0,0,1,1,0,0,1,1,0,0,1,0 : 13.1284
0,0,0,0,1,1,1,0,0,1,0,1,0,0,1,0,0,0,1,0,0,0,0,1,0,1,0,0,0,1,0,1,1,0,1,0,0,1,0 : 14.4688
0,1,0,1,1,0,1,0,0,0,0,1,1,1,1,1,1,0,1,0,0,1,0,1,0,0,0,0,1,0,0,0,0,0,0,1,1,0,1 : 14.7903
0,0,1,0,0,0,1,1,0,0,1,0,1,0,1,0,0,1,1,0,1,0,0,1,0,0,0,0,1,1,0,1,0,1,0,0,0,1,1 : 13.6324
0,0,0,0,0,0,0,1,0,1,0,1,0,1,1,1,1,0,1,0,0,0,0,1,0,1,1,0,0,1,1,1,1,0,0,0,0,1,1 : 13.1284
