0,0,0,1,0,0,0,0,1,0,1,0,1,0,0,1,1,1,1,0,0,1,1,1,0,1,0,0,0,0,1,0,1,0,1,0,0,1,0 : 13.0769
0,0,0,1,0,0,0,0,1,0,1,0,1,0,0,1,1,1,1,0,0,1,1,1,0,1,0,0,0,0,1,0,1,0,1,0,0,1,0 : 13.0769
0,0,0,0,0,0,1,0,0,1,1,0,1,1,1,1,1,0,1,1,1,1,0,1,1,1,0,0,0,1,0,0,0,0,0,0,0,0,0 : 13.1284
1,0,1,1,0,0,0,0,0,1,1,0,1,1,1,1,0,0,0,0,0,0,0,0,0,1,1,0,0,1,0,0,0,1,0,0,1,1,1 : 13.1284
1,0,0,0,0,0,1,0,0,1,1,0,1,1,1,1,0,0,0,0,0,0,0,0,0,0,1,0,0,1,0,0,0,1,0,0,0,0,1 : 13.1284
0,0,0,0,0,0,1,0,1,1,1,0,1,0,1,1,1,0,1,1,1,1,0,0,0,1,0,0,0,1,0,0,0,0,0,1,0,0,0 : 13.1284
0,1,0,1,0,0,0,0,0,1,1,0,1,1,0,1,0,0,0,0,0,0,0,0,1,0,1,0,0,1,1,0,0,0,0,0,1,1,1 : 13.1284
1,1,0,1,0,0,1,0,0,1,1,0,1,0,1,1,1,0,0,0,0,0,0,0,0,0,1,0,1,1,0,0,0,1,0,0,0,1,0 : 13.1284
0,0,0,1,0,0,0,0,0,1,1,1,1,0,0,1,1,0,1,1,1,0,0,0,0,0,0,0,0,1,0,1,1,0,0,1,0,0,0 : 13.1284
0,0,0,0,0,0,1,0,1,1,1,0,1,0,1,1,1,0,1,0,1,1,0,0,0,0,1,0,0,1,0,0,0,1,0,1,1,0,0 : 13.1284
1,0,0,1,0,0,0,0,0,1,1,1,0,1,1,1,0,0,0,1,0,0,0,0,0,1,1,0,0,1,0,0,0,0,0,0,1,1,1 : 13.1284
1,0,0,1,0,0,0,0,0,0,1,0,0,1,1,1,0,0,0,0,0,0,0,0,0,0,1,0,0,1,0,0,0,1,0,0,0,1,1 : 13.1284
0,0,1,1,0,0,0,0,0,1,1,0,1,1,1,1,0,0,0,0,0,1,0,0,0,1,1,0,0,1,0,0,0,1,0,0,0,1,1 : 13.1284
1,0,0,1,0,0,0,0,1,1,1,0,1,1,1,1,0,0,0,0,0,0,0,0,0,0,1,0,0,1,1,0,0,1,0,0,0,1,1 : 13.1284
0,0,0,0,0,0,1,0,1,1,1,0,1,1,1,1,1,0,1,1,1,1,0,1,0,1,0,0,0,1,0,0,0,0,0,1,0,1,0 : 13.1284
1,1,0,1,0,0,0,0,0,1,1,0,1,1,1,1,0,0,0,0,0,0,0,0,0,1,1,0,1,1,0,0,0,0,0,0,1,0,1 : 13.1284
1,1,0,1,0,0,0,0,0,0,0,0,0,1,0,1,0,0,0,0,0,0,0,0,0,0,1,1,0,1,0,0,0,1,0,0,1,1,1 : 13.1284
0,0,0,0,0,0,1,0,0,1,1,0,0,1,1,1,1,0,1,1,1,1,0,1,0,1,0,0,0,1,0,0,0,0,0,1,0,0,0 : 13.1284
1,0,1,1,0,0,0,0,0,1,1,0,1,1,1,1,0,0,0,0,0,0,0,0,0,1,1,0,0,1,1,0,0,1,0,0,1,1,1 : 13.1284
1,0,0,1,0,0,1,0,0,1,1,0,1,1,1,1,0,0,1,0,0,0,0,0,0,0,1,0,0,1,1,0,0,1,0,0,0,0,1 : 13.1284
0,0,0,0,0,0,1,0,1,1,1,0,1,1,1,1,0,0,1,1,1,1,0,0,0,1,0,0,0,1,0,0,0,0,0,1,0,1,0 : 13.1284
1,1,0,1,0,0,0,0,0,1,1,0,1,1,0,1,0,0,0,0,0,1,0,0,1,0,1,0,0,1,1,0,0,1,0,0,1,1,1 : 13.1284
1,1,0,1,0,0,0,0,0,1,1,0,1,1,1,1,1,0,0,0,0,0,0,0,0,0,0,0,1,1,1,0,0,1,0,0,0,1,0 : 13.1284
0,0,0,1,0,0,1,0,0,1,1,1,1,0,0,1,0,0,1,1,1,0,0,1,0,0,0,0,0,1,1,1,1,0,0,1,0,0,1 : 13.1284
0,0,0,0,0,0,1,0,1,1,1,0,0,1,1,1,1,0,1,0,1,1,0,0,0,0,1,0,0,1,0,0,0,0,0,1,1,0,0 : 13.1284
1,0,0,1,0,0,0,0,0,1,1,1,1,1,1,1,0,0,0,1,0,0,0,0,0,1,1,0,0,1,0,0,0,1,0,1,1,1,1 : 13.1284
1,1,0,0,0,0,0,0,1,1,0,0,0,0,0,1,0,0,0,0,1,0,0,1,1,0,1,1,0,1,0,0,1,0,0,0,1,1,0 : 13.1284
1,0,0,1,0,0,0,0,0,0,1,0,0,1,1,1,0,0,0,0,0,0,0,0,0,0,1,0,0,1,0,0,0,1,0,0,0,1,1 : 13.1284
0,0,0,0,0,0,1,0,1,1,1,0,0,1,1,1,0,0,0,1,1,1,0,0,0,1,0,0,0,1,0,0,0,0,0,1,0,0,1 : 13.1284
1,0,0,1,0,0,1,0,0,1,1,0,1,1,1,1,0,0,0,0,0,0,0,0,0,0,1,0,0,1,1,0,0,1,0,0,0,1,1 : 13.1284
1,1,0,1,0,0,0,0,0,1,1,0,1,1,0,1,0,0,0,0,0,0,0,0,1,0,1,0,0,1,1,0,0,0,0,0,1,1,1 : 13.1284
0,0,0,0,0,0,1,0,1,1,1,0,1,1,1,1,1,0,1,1,1,1,0,1,0,1,0,0,0,1,0,0,0,0,0,1,0,0,0 : 13.1284
1,0,0,1,0,0,0,0,0,0,1,0,0,1,1,1,0,0,0,0,0,0,0,0,0,0,1,0,0,1,0,0,0,1,0,0,0,1,1 : 13.1284
0,0,0,0,0,0,1,0,0,1,1,0,1,1,1,1,1,0,1,1,1,1,0,1,1,1,0,0,0,1,0,0,0,0,0,0,0,0,0 : 13.1284
1,0,1,1,0,0,0,0,0,1,1,0,1,1,1,1,0,0,0,0,0,0,0,0,0,1,1,0,0,1,0,0,0,1,0,0,1,1,1 : 13.1284
1,0,0,0,0,0,1,0,0,1,1,0,1,1,1,1,0,0,0,0,0,0,0,0,0,0,1,0,0,1,0,0,0,1,0,0,0,0,1 : 13.1284
0,0,0,0,0,0,1,0,1,1,1,0,1,0,1,1,1,0,1,1,1,1,0,0,0,1,0,0,0,1,0,0,0,0,0,1,0,0,0 : 13.1284
0,1,0,1,0,0,0,0,0,1,1,0,1,1,0,1,0,0,0,0,0,0,0,0,1,0,1,0,0,1,1,0,0,0,0,0,1,1,1 : 13.1284
1,1,0,1,0,0,1,0,0,1,1,0,1,0,1,1,1,0,0,0,0,0,0,0,0,0,1,0,1,1,0,0,0,1,0,0,0,1,0 : 13.1284
0,0,0,1,0,0,0,0,0,1,1,1,1,0,0,1,1,0,1,1,1,0,0,0,0,0,0,0,0,1,0,1,1,0,0,1,0,0,0 : 13.1284
0,0,0,0,0,0,1,0,1,1,1,0,1,0,1,1,1,0,1,0,1,1,0,0,0,0,1,0,0,1,0,0,0,1,0,1,1,0,0 : 13.1284
1,0,0,1,0,0,0,0,0,1,1,1,0,1,1,1,0,0,0,1,0,0,0,0,0,1,1,0,0,1,0,0,0,0,0,0,1,1,1 : 13.1284
1,0,0,1,0,0,0,0,0,0,1,0,0,1,1,1,0,0,0,0,0,0,0,0,0,0,1,0,0,1,0,0,0,1,0,0,0,1,1 : 13.1284
0,0,1,1,0,0,0,0,0,1,1,0,1,1,1,1,0,0,0,0,0,1,0,0,0,1,1,0,0,1,0,0,0,1,0,0,0,1,1 : 13.1284
1,0,0,1,0,0,0,0,1,1,1,0,1,1,1,1,0,0,0,0,0,0,0,0,0,0,1,0,0,1,1,0,0,1,0,0,0,1,1 : 13.1284
0,0,0,0,0,0,1,0,1,1,1,0,1,1,1,1,1,0,1,1,1,1,0,1,0,1,0,0,0,1,0,0,0,0,0,1,0,1,0 : 13.1284
1,1,0,1,0,0,0,0,0,1,1,0,1,1,1,1,0,0,0,0,0,0,0,0,0,1,1,0,1,1,0,0,0,0,0,0,1,0,1 : 13.1284
1,1,0,1,0,0,0,0,0,0,0,0,0,1,0,1,0,0,0,0,0,0,0,0,0,0,1,1,0,1,0,0,0,1,0,0,1,1,1 : 13.1284
0,0,0,0,0,0,1,0,0,1,1,0,0,1,1,1,1,0,1,1,1,1,0,1,0,1,0,0,0,1,0,0,0,0,0,1,0,0,0 : 13.1284
1,0,1,1,0,0,0,0,0,1,1,0,1,1,1,1,0,0,0,0,0,0,0,0,0,1,1,0,0,1,1,0,0,1,0,0,1,1,1 : 13.1284
1,0,0,1,0,0,1,0,0,1,1,0,1,1,1,1,0,0,1,0,0,0,0,0,0,0,1,0,0,1,1,0,0,1,0,0,0,0,1 : 13.1284
0,0,0,0,0,0,1,0,1,1,1,0,1,1,1,1,0,0,1,1,1,1,0,0,0,1,0,0,0,1,0,0,0,0,0,1,0,1,0 : 13.1284
1,1,0,1,0,0,0,0,0,1,1,0,1,1,0,1,0,0,0,0,0,1,0,0,1,0,1,0,0,1,1,0,0,1,0,0,1,1,1 : 13.1284
1,1,0,1,0,0,0,0,0,1,1,0,1,1,1,1,1,0,0,0,0,0,0,0,0,0,0,0,1,1,1,0,0,1,0,0,0,1,0 : 13.1284
0,0,0,1,0,0,1,0,0,1,1,1,1,0,0,1,0,0,1,1,1,0,0,1,0,0,0,0,0,1,1,1,1,0,0,1,0,0,1 : 13.1284
0,0,0,0,0,0,1,0,1,1,1,0,0,1,1,1,1,0,1,0,1,1,0,0,0,0,1,0,0,1,0,0,0,0,0,1,1,0,0 : 13.1284
1,0,0,1,0,0,0,0,0,1,1,1,1,1,1,1,0,0,0,1,0,0,0,0,0,1,1,0,0,1,0,0,0,1,0,1,1,1,1 : 13.1284
1,1,0,0,0,0,0,0,1,1,0,0,0,0,0,1,0,0,0,0,1,0,0,1,1,0,1,1,0,1,0,0,1,0,0,0,1,1,0 : 13.1284
1,0,0,1,0,0,0,0,0,0,1,0,0,1,1,1,0,0,0,0,0,0,0,0,0,0,1,0,0,1,0,0,0,1,0,0,0,1,1 : 13.1284
0,0,0,0,0,0,1,0,1,1,1,0,0,1,1,1,0,0,0,1,1,1,0,0,0,1,0,0,0,1,0,0,0,0,0,1,0,0,1 : 13.1284
1,0,0,1,0,0,1,0,0,1,1,0,1,1,1,1,0,0,0,0,0,0,0,0,0,0,1,0,0,1,1,0,0,1,0,0,0,1,1 : 13.1284
1,1,0,1,0,0,0,0,0,1,1,0,1,1,0,1,0,0,0,0,0,0,0,0,1,0,1,0,0,1,1,0,0,0,0,0,1,1,1 : 13.1284
0,0,0,0,0,0,1,0,1,1,1,0,1,1,1,1,1,0,1,1,1,1,0,1,0,1,0,0,0,1,0,0,0,0,0,1,0,0,0 : 13.1284
1,0,0,1,0,0,0,0,0,0,1,0,0,1,1,1,0,0,0,0,0,0,0,0,0,0,1,0,0,1,0,0,0,1,0,0,0,1,1 : 13.1284
1,0,0,1,0,0,0,0,0,0,1,1,0,0,1,0,1,0,0,0,1,0,0,1,1,1,0,0,0,0,1,0,0,1,0,1,0,0,1 : 13.1683
1,0,0,0,0,0,0,0,1,0,1,1,0,0,1,0,1,0,0,0,1,0,0,1,1,1,0,0,0,0,1,0,0,1,0,1,0,0,1 : 13.1683
1,0,0,1,0,0,0,0,0,0,1,1,0,0,1,0,1,0,0,0,1,0,0,1,1,1,0,0,0,0,1,0,0,1,0,1,0,0,1 : 13.1683
1,0,0,0,0,0,0,0,1,0,1,1,0,0,1,0,1,0,0,0,1,0,0,1,1,1,0,0,0,0,1,0,0,1,0,1,0,0,1 : 13.1683
0,0,0,1,0,0,1,0,1,1,0,0,0,1,0,1,1,0,1,1,0,0,1,1,0,1,0,0,0,0,1,0,1,0,0,0,0,1,0 : 13.3165
0,1,0,0,0,0,1,1,1,0,0,1,0,0,1,1,0,0,1,1,0,0,1,0,1,0,1,0,0,0,0,0,0,0,0,0,0,0,0 : 13.3165
0,0,0,1,0,0,1,0,1,1,0,0,0,0,0,1,1,0,1,1,0,0,1,1,1,1,0,0,0,0,1,0,1,0,0,0,0,1,0 : 13.3165
0,1,0,0,0,0,1,1,1,0,0,1,0,1,1,1,0,0,1,1,0,0,1,0,0,0,1,0,0,0,0,0,0,0,0,0,0,0,0 : 13.3165
1,0,0,1,0,0,1,1,1,1,0,0,0,0,0,1,0,0,1,1,0,0,1,0,0,0,1,0,0,0,1,0,0,1,0,0,1,0,1 : 13.3165
1,0,0,1,0,0,1,0,1,1,0,0,0,1,0,1,1,0,1,1,0,0,1,0,0,1,0,0,0,0,1,0,1,0,0,0,0,1,1 : 13.3165
0,0,0,1,0,0,1,0,1,1,0,0,0,1,0,1,1,0,1,1,0,0,1,1,0,1,0,0,0,0,1,0,1,0,0,0,0,1,0 : 13.3165
0,1,0,0,0,0,1,1,1,0,0,1,0,0,1,1,0,0,1,1,0,0,1,0,1,0,1,0,0,0,0,0,0,0,0,0,0,0,0 : 13.3165
0,0,0,1,0,0,1,0,1,1,0,0,0,0,0,1,1,0,1,1,0,0,1,1,1,1,0,0,0,0,1,0,1,0,0,0,0,1,0 : 13.3165
0,1,0,0,0,0,1,1,1,0,0,1,0,1,1,1,0,0,1,1,0,0,1,0,0,0,1,0,0,0,0,0,0,0,0,0,0,0,0 : 13.3165
1,0,0,1,0,0,1,1,1,1,0,0,0,0,0,1,0,0,1,1,0,0,1,0,0,0,1,0,0,0,1,0,0,1,0,0,1,0,1 : 13.3165
1,0,0,1,0,0,1,0,1,1,0,0,0,1,0,1,1,0,1,1,0,0,1,0,0,1,0,0,0,0,1,0,1,0,0,0,0,1,1 : 13.3165
0,1,0,0,0,0,1,0,1,1,1,0,1,1,1,0,0,0,0,1,1,1,0,0,0,1,0,0,0,1,0,0,0,0,0,1,0,0,0 : 13.3695
1,1,0,1,0,0,1,0,1,0,0,1,1,1,1,0,0,0,1,1,1,1,1,0,0,1,0,0,1,0,1,0,0,0,0,1,0,1,1 : 13.3695
0,0,0,0,1,0,1,1,0,0,1,1,1,0,1,0,0,0,0,1,1,1,0,1,1,1,0,0,0,0,0,0,0,0,0,1,0,0,1 : 13.3695
0,0,0,0,0,0,1,0,1,1,1,0,1,1,1,0,0,0,0,1,1,1,0,0,0,1,0,0,0,1,0,0,0,0,0,1,0,0,0 : 13.3695
0,1,0,1,0,0,1,0,0,0,0,1,1,1,1,0,1,0,1,1,1,1,1,0,0,1,0,0,1,0,1,0,0,0,0,1,0,1,1 : 13.3695
0,0,0,1,1,0,1,1,0,0,1,1,1,0,1,0,0,0,0,1,1,1,0,1,1,1,0,0,0,0,0,0,0,0,0,1,0,0,1 : 13.3695
0,0,0,1,0,0,1,0,0,0,0,1,1,1,1,0,0,0,1,0,1,1,1,0,0,1,0,0,1,0,1,0,0,0,0,1,0,0,1 : 13.3695
0,1,0,0,0,0,1,0,1,1,1,0,1,1,1,0,0,0,0,1,1,1,0,0,0,1,0,0,0,1,0,0,0,0,0,1,0,0,0 : 13.3695
1,1,0,1,0,0,1,0,1,0,0,1,1,1,1,0,0,0,1,1,1,1,1,0,0,1,0,0,1,0,1,0,0,0,0,1,0,1,1 : 13.3695
0,0,0,0,1,0,1,1,0,0,1,1,1,0,1,0,0,0,0,1,1,1,0,1,1,1,0,0,0,0,0,0,0,0,0,1,0,0,1 : 13.3695
0,0,0,0,0,0,1,0,1,1,1,0,1,1,1,0,0,0,0,1,1,1,0,0,0,1,0,0,0,1,0,0,0,0,0,1,0,0,0 : 13.3695
0,1,0,1,0,0,1,0,0,0,0,1,1,1,1,0,1,0,1,1,1,1,1,0,0,1,0,0,1,0,1,0,0,0,0,1,0,1,1 : 13.3695
0,0,0,1,1,0,1,1,0,0,1,1,1,0,1,0,0,0,0,1,1,1,0,1,1,1,0,0,0,0,0,0,0,0,0,1,0,0,1 : 13.3695
0,0,0,1,0,0,1,0,0,0,0,1,1,1,1,0,0,0,1,0,1,1,1,0,0,1,0,0,1,0,1,0,0,0,0,1,0,0,1 : 13.3695
1,1,0,1,0,0,1,0,1,1,0,1,0,0,0,1,0,0,0,1,1,1,0,1,0,0,1,0,0,0,1,1,1,0,0,0,1,0,1 : 13.4238
1,1,0,1,0,0,1,1,1,1,0,0,0,0,0,1,0,0,0,1,0,1,1,0,0,0,0,1,0,0,1,0,0,1,0,0,1,0,1 : 13.4238
0,0,0,1,0,0,1,1,1,1,0,0,0,0,0,1,0,0,0,1,0,0,1,0,0,0,0,0,0,0,0,0,0,1,0,0,1,1,1 : 13.4238
1,0,0,1,0,0,1,0,1,1,0,1,0,1,0,1,1,0,0,1,0,0,1,1,0,1,0,0,0,0,1,0,1,0,0,0,0,1,1 : 13.4238
1,1,0,1,0,0,1,0,1,1,0,1,0,0,0,1,0,0,0,1,1,1,0,1,0,0,0,0,1,0,1,1,1,0,1,0,1,0,0 : 13.4238
1,0,0,1,0,0,0,0,1,0,1,0,0,1,0,1,1,0,0,1,0,0,1,0,0,0,0,0,0,0,1,0,1,0,0,0,0,1,1 : 13.4238
