0,0,1,1,1,0,0,1,0,1,0,0,0,1,0,0,0,1 : 0.4519
0,0,0,1,1,0,0,1,0,1,0,0,0,1,0,0,1,0 : 0.4525
0,0,1,1,0,0,0,1,0,1,0,0,0,1,0,0,1,0 : 0.452
0,0,0,0,1,0,0,1,0,1,0,0,0,1,1,0,0,0 : 0.4505
0,0,0,1,0,1,0,1,0,0,1,0,0,1,0,0,1,0 : 0.5087
0,1,0,1,0,1,0,1,1,0,0,0,0,1,1,0,0,0 : 0.3605
0,0,0,0,0,1,0,1,0,1,0,0,0,1,0,1,0,0 : 0.435
1,1,1,0,1,1,1,1,1,0,0,0,0,1,1,0,0,0 : 2.0869
0,0,1,1,0,0,1,1,0,0,0,1,0,1,0,0,0,1 : 0.6433
0,0,0,0,1,1,1,1,0,0,0,1,0,1,0,1,0,0 : 0.6444
1,1,1,1,1,1,0,1,0,1,0,0,0,1,0,1,0,0 : 5.8483
0,0,0,1,1,0,0,1,0,1,0,0,0,1,0,0,0,1 : 0.4525
0,0,1,1,1,0,1,1,1,0,0,0,0,1,0,1,0,0 : 0.5171
0,0,0,0,0,0,0,1,0,0,0,1,0,1,1,0,0,0 : 0.6247
0,1,0,0,1,1,0,1,0,1,0,0,0,1,0,1,0,0 : 0.5197
0,0,1,1,0,1,0,1,0,1,0,0,0,1,0,0,0,1 : 0.4439
0,0,1,1,1,1,1,1,0,1,0,0,0,1,0,0,1,0 : 0.4742
0,0,0,1,0,0,0,1,0,0,1,0,0,1,1,0,0,0 : 0.4785
0,0,1,0,1,0,0,1,0,1,0,0,0,1,0,0,1,0 : 0.4455
1,1,1,0,0,0,1,1,0,1,0,0,0,1,0,0,1,0 : 5.8465
1,1,0,0,1,1,1,1,0,0,1,0,0,1,0,0,1,0 : 10.9379
0,1,0,1,1,0,1,1,1,0,0,0,0,1,0,0,1,0 : 0.383
0,0,1,1,0,1,0,1,0,0,0,1,0,1,0,0,1,0 : 0.627
0,1,0,1,1,1,0,1,1,0,0,0,0,1,1,0,0,0 : 0.3688
0,1,1,1,0,0,0,1,1,0,0,0,0,1,0,0,0,1 : 0.3589
1,0,0,1,0,1,1,1,0,0,0,1,0,1,0,0,1,0 : 19.9269
0,0,0,0,1,0,0,1,0,1,0,0,0,1,1,0,0,0 : 0.4505
0,0,1,1,1,1,0,1,0,1,0,0,0,1,0,0,1,0 : 0.4428
0,0,1,0,1,0,1,1,0,0,0,1,0,1,1,0,0,0 : 0.6391
0,0,1,0,1,0,0,1,0,1,0,0,0,1,0,0,1,0 : 0.4455
0,0,0,1,1,1,1,1,0,0,0,0,1,1,0,0,0,1 : 0.9221
0,0,1,1,0,1,1,1,0,0,0,1,0,1,0,1,0,0 : 0.6465
0,0,1,1,0,0,0,1,0,1,0,0,0,1,1,0,0,0 : 0.4392
0,1,0,0,1,0,0,1,1,0,0,0,0,1,1,0,0,0 : 0.3633
1,0,0,0,1,1,1,1,0,0,1,0,0,1,1,0,0,0 : 10.7357
0,0,0,0,1,0,0,1,0,0,1,0,0,1,1,0,0,0 : 0.485
0,1,1,1,0,0,1,1,0,1,0,0,0,1,0,0,0,1 : 0.5388
0,0,0,1,0,0,0,1,0,1,0,0,0,1,0,0,0,1 : 0.4525
0,1,0,1,1,1,0,1,1,0,0,0,0,1,1,0,0,0 : 0.3688
1,1,0,0,0,0,1,1,0,1,0,0,0,1,1,0,0,0 : 5.8707
0,1,0,1,0,0,1,1,1,0,0,0,0,1,0,1,0,0 : 0.383
0,0,0,0,1,1,0,1,0,1,0,0,0,1,0,0,1,0 : 0.4455
0,1,1,1,0,0,0,1,1,0,0,0,0,1,1,0,0,0 : 0.3537
0,1,1,0,1,0,0,1,1,0,0,0,0,1,0,0,0,1 : 0.3639
0,0,1,1,1,0,0,1,0,1,0,0,0,1,0,0,1,0 : 0.4519
1,0,1,1,1,0,1,1,0,0,1,0,0,1,0,0,0,1 : 10.7623
0,1,1,1,1,0,1,1,1,0,0,0,0,1,0,0,0,1 : 0.3826
0,0,0,0,0,1,0,1,0,0,1,0,0,1,1,0,0,0 : 0.5087
0,0,0,0,0,1,0,1,0,1,0,0,0,1,0,0,0,1 : 0.4329
0,0,0,1,1,0,0,1,0,0,0,1,0,1,0,1,0,0 : 0.627
0,1,1,0,1,1,0,1,1,0,0,0,0,1,0,0,0,1 : 0.3658
0,1,0,0,1,0,1,1,0,1,0,0,0,1,0,0,0,1 : 0.5247
0,0,1,1,0,0,0,1,0,1,0,0,0,1,0,0,0,1 : 0.4439
0,1,0,0,1,1,1,1,0,0,0,1,0,1,1,0,0,0 : 1.2462
0,1,0,1,0,1,1,1,0,0,0,1,0,1,0,0,1,0 : 1.3238
0,0,0,1,1,1,0,1,0,1,0,0,0,1,0,0,1,0 : 0.4526
1,1,0,0,1,1,0,1,1,0,0,0,0,1,1,0,0,0 : 2.0193
0,0,0,1,0,0,0,1,0,0,1,0,0,1,0,1,0,0 : 0.4785
0,0,0,0,0,0,0,1,0,1,0,0,0,1,0,0,0,1 : 0.4329
0,1,0,1,1,1,0,1,1,0,0,0,0,1,1,0,0,0 : 0.3688
0,0,1,0,1,0,1,1,0,0,1,0,0,1,1,0,0,0 : 0.5065
0,0,1,0,0,0,0,1,0,0,1,0,0,1,0,0,0,1 : 0.5002
0,0,1,0,1,0,1,1,0,0,0,0,1,1,0,0,0,1 : 0.9221
0,0,1,1,1,0,1,1,0,0,1,0,0,1,0,1,0,0 : 0.5153
1,0,0,0,0,1,1,1,0,0,1,0,0,1,1,0,0,0 : 10.7529
0,1,1,1,1,0,0,1,1,0,0,0,0,1,0,0,1,0 : 0.3634
0,0,0,0,0,0,0,1,1,0,0,0,0,1,0,1,0,0 : 0.5268
0,0,0,0,1,1,1,1,1,0,0,0,0,1,0,1,0,0 : 0.5293
0,0,0,1,0,0,0,1,1,0,0,0,0,1,0,0,1,0 : 0.5268
0,1,1,0,0,0,1,1,1,0,0,0,0,1,0,1,0,0 : 0.3861
0,0,1,1,1,0,0,1,0,1,0,0,0,1,1,0,0,0 : 0.4392
0,1,0,0,0,1,0,1,1,0,0,0,0,1,0,0,1,0 : 0.3595
0,0,0,0,1,0,0,1,0,1,0,0,0,1,1,0,0,0 : 0.4505
1,1,0,1,1,0,1,1,0,0,0,0,1,1,0,0,1,0 : 38.916
0,0,0,0,1,0,0,1,0,1,0,0,0,1,0,0,0,1 : 0.4329
0,1,0,0,1,1,0,1,1,0,0,0,0,1,0,0,0,1 : 0.3658
0,1,0,1,0,1,0,1,1,0,0,0,0,1,1,0,0,0 : 0.3605
0,0,0,0,0,0,0,1,0,0,1,0,0,1,0,0,0,1 : 0.4785
0,1,0,1,1,1,0,1,0,1,0,0,0,1,0,1,0,0 : 0.524
0,0,0,1,1,0,0,1,0,0,0,1,0,1,0,0,1,0 : 0.627
0,0,0,0,1,1,0,1,0,0,0,1,0,1,0,1,0,0 : 0.627
0,0,1,0,1,1,0,1,0,1,0,0,0,1,0,0,0,1 : 0.4555
1,0,1,1,1,1,1,1,0,0,0,1,0,1,0,1,0,0 : 19.9701
0,0,1,1,1,0,0,1,0,1,0,0,0,1,0,1,0,0 : 0.4519
0,1,0,1,1,0,0,1,0,0,1,0,0,1,0,0,0,1 : 0.7507
0,0,1,1,1,0,1,1,1,0,0,0,0,1,0,0,1,0 : 0.5164
0,1,0,1,1,0,1,1,1,0,0,0,0,1,0,1,0,0 : 0.383
0,0,1,0,1,0,0,1,0,0,0,1,0,1,0,0,0,1 : 0.627
0,0,1,0,1,0,0,1,0,0,1,0,0,1,0,0,1,0 : 0.5002
0,0,0,0,1,1,0,1,0,0,0,0,1,1,0,1,0,0 : 0.917
0,1,1,1,1,0,0,1,0,0,0,1,0,1,0,0,1,0 : 1.3138
0,1,0,0,1,1,0,1,0,0,1,0,0,1,1,0,0,0 : 0.7507
0,0,1,1,1,1,0,1,0,1,0,0,0,1,0,0,1,0 : 0.4428
0,0,0,0,1,1,0,1,0,0,1,0,0,1,0,1,0,0 : 0.5057
0,1,1,0,0,1,0,1,1,0,0,0,0,1,0,0,1,0 : 0.3643
0,1,0,1,0,1,1,1,0,1,0,0,0,1,0,1,0,0 : 0.515
0,1,0,0,1,0,0,1,1,0,0,0,0,1,0,0,0,1 : 0.3664
0,0,1,1,1,1,0,1,0,0,0,1,0,1,0,0,0,1 : 0.627
0,0,1,1,0,0,1,1,1,0,0,0,0,1,0,0,1,0 : 0.5164
0,0,1,1,0,0,0,1,1,0,0,0,0,1,0,1,0,0 : 0.5171
