0,1,1,1,0,0,0,0,0,0,0,0,0,0,1,0,1,1,1,1,1,0,1,1,1,0,1,0,0,1,1,1,1,0,0,1,1,0,1 : 12.6877
0,1,0,1,1,1,0,1,0,0,1,0,0,1,0,0,1,1,0,1,1,0,0,1,0,0,0,0,0,1,0,0,0,1,0,1,0,0,0 : 12.6877
0,1,0,1,1,1,1,0,0,0,1,0,0,0,0,0,1,1,0,0,1,0,0,1,0,0,0,0,1,1,0,0,1,0,0,1,0,0,1 : 12.6877
0,1,0,1,1,1,0,1,0,0,1,0,0,0,0,0,1,1,0,1,1,1,0,1,0,0,0,0,1,1,0,0,0,0,0,1,0,0,1 : 12.6877
0,1,0,1,0,0,0,1,0,0,1,0,0,0,1,0,1,1,1,1,1,0,1,1,0,0,1,0,0,0,1,1,1,0,0,1,1,0,1 : 12.6877
0,1,0,1,0,0,0,1,0,0,1,0,0,1,1,0,1,1,1,1,1,0,1,1,1,0,1,0,0,1,1,1,1,0,0,1,1,0,1 : 12.6877
0,1,1,1,0,0,0,0,0,0,0,0,0,1,1,0,1,1,1,1,1,0,1,1,1,0,1,0,0,1,1,1,1,0,0,1,1,0,1 : 12.6877
0,1,0,1,1,1,0,1,0,0,1,0,0,0,0,0,1,1,0,1,1,0,0,1,0,0,0,0,0,1,0,0,0,1,0,1,0,0,1 : 12.6877
0,1,0,1,0,0,0,1,0,0,1,0,0,1,1,0,1,1,1,1,1,0,1,0,1,0,1,0,0,1,1,1,1,0,0,1,1,0,1 : 12.6877
0,1,0,1,0,0,0,1,0,0,1,0,0,0,1,0,1,1,1,1,1,0,1,1,0,0,1,0,0,1,1,1,1,0,0,1,1,0,1 : 12.6877
0,1,0,1,0,0,0,1,0,0,1,0,0,0,1,0,1,1,1,1,1,0,1,0,0,0,1,0,0,0,1,1,1,0,0,1,1,0,1 : 12.6877
1,1,0,1,0,1,0,0,1,1,1,0,0,0,1,1,1,1,0,1,1,0,0,0,0,0,1,0,0,1,1,0,0,1,0,1,0,1,0 : 12.6877
0,1,1,1,0,0,0,0,0,0,0,0,0,0,1,0,1,1,1,1,1,0,1,1,1,0,1,0,0,1,1,1,1,0,0,1,1,0,1 : 12.6877
0,1,0,1,1,1,0,1,0,0,1,0,0,1,0,0,1,1,0,1,1,0,0,1,0,0,0,0,0,1,0,0,0,1,0,1,0,0,0 : 12.6877
0,1,0,1,1,1,1,0,0,0,1,0,0,0,0,0,1,1,0,0,1,0,0,1,0,0,0,0,1,1,0,0,1,0,0,1,0,0,1 : 12.6877
0,1,0,1,1,1,0,1,0,0,1,0,0,0,0,0,1,1,0,1,1,1,0,1,0,0,0,0,1,1,0,0,0,0,0,1,0,0,1 : 12.6877
0,1,0,1,0,0,0,1,0,0,1,0,0,0,1,0,1,1,1,1,1,0,1,1,0,0,1,0,0,0,1,1,1,0,0,1,1,0,1 : 12.6877
0,1,0,1,0,0,0,1,0,0,1,0,0,1,1,0,1,1,1,1,1,0,1,1,1,0,1,0,0,1,1,1,1,0,0,1,1,0,1 : 12.6877
0,1,1,1,0,0,0,0,0,0,0,0,0,1,1,0,1,1,1,1,1,0,1,1,1,0,1,0,0,1,1,1,1,0,0,1,1,0,1 : 12.6877
0,1,0,1,1,1,0,1,0,0,1,0,0,0,0,0,1,1,0,1,1,0,0,1,0,0,0,0,0,1,0,0,0,1,0,1,0,0,1 : 12.6877
0,1,0,1,0,0,0,1,0,0,1,0,0,1,1,0,1,1,1,1,1,0,1,0,1,0,1,0,0,1,1,1,1,0,0,1,1,0,1 : 12.6877
0,1,0,1,0,0,0,1,0,0,1,0,0,0,1,0,1,1,1,1,1,0,1,1,0,0,1,0,0,1,1,1,1,0,0,1,1,0,1 : 12.6877
0,1,0,1,0,0,0,1,0,0,1,0,0,0,1,0,1,1,1,1,1,0,1,0,0,0,1,0,0,0,1,1,1,0,0,1,1,0,1 : 12.6877
1,1,0,1,0,1,0,0,1,1,1,0,0,0,1,1,1,1,0,1,1,0,0,0,0,0,1,0,0,1,1,0,0,1,0,1,0,1,0 : 12.6877
0,1,0,0,1,0,1,0,1,1,0,1,1,0,1,1,1,1,1,1,1,0,0,0,1,1,0,0,0,1,1,0,0,1,0,1,1,1,1 : 12.7358
0,1,0,0,1,0,1,0,1,1,0,1,1,0,1,1,1,1,1,1,1,0,0,0,1,1,0,0,0,1,1,0,0,1,0,1,1,1,1 : 12.7358
0,1,0,0,1,0,1,0,1,1,0,1,1,0,1,1,1,1,0,1,1,0,1,0,1,1,0,0,0,1,1,0,0,1,0,1,1,1,1 : 12.8468
0,1,0,0,1,0,1,0,1,1,0,1,1,0,1,1,1,1,0,1,1,0,1,0,1,1,0,0,0,1,1,0,0,1,0,1,1,1,1 : 12.8468
1,0,0,0,1,0,0,1,1,1,1,1,0,0,0,0,1,0,0,0,0,0,1,0,0,0,0,0,0,1,0,0,0,0,0,1,1,0,1 : 13.0344
1,0,0,0,1,0,0,1,0,1,1,1,0,0,1,0,1,0,0,0,0,0,1,0,0,0,0,0,0,1,0,0,0,1,0,1,1,0,1 : 13.0344
1,0,0,0,1,0,0,1,1,1,1,0,0,0,1,0,1,0,1,0,1,0,1,0,0,0,0,0,0,1,0,0,0,0,0,1,1,0,1 : 13.0344
1,0,0,0,1,0,0,1,1,1,1,1,0,0,0,0,1,0,0,0,0,0,1,0,0,0,0,0,0,1,0,0,0,0,0,1,1,0,1 : 13.0344
1,0,0,0,1,0,0,1,1,1,1,1,0,0,0,1,1,0,0,0,0,0,1,0,0,0,0,0,0,1,0,0,0,1,0,1,1,0,1 : 13.0344
1,0,0,0,1,0,0,1,1,1,1,1,0,0,0,0,1,0,0,0,0,0,1,0,0,0,0,0,0,1,0,0,0,0,0,1,1,0,1 : 13.0344
1,0,0,0,1,0,0,1,0,1,1,1,0,0,1,0,1,0,0,0,0,0,1,0,0,0,0,0,0,1,0,0,0,1,0,1,1,0,1 : 13.0344
1,0,0,0,1,0,0,1,1,1,1,0,0,0,1,0,1,0,1,0,1,0,1,0,0,0,0,0,0,1,0,0,0,0,0,1,1,0,1 : 13.0344
1,0,0,0,1,0,0,1,1,1,1,1,0,0,0,0,1,0,0,0,0,0,1,0,0,0,0,0,0,1,0,0,0,0,0,1,1,0,1 : 13.0344
1,0,0,0,1,0,0,1,1,1,1,1,0,0,0,1,1,0,0,0,0,0,1,0,0,0,0,0,0,1,0,0,0,1,0,1,1,0,1 : 13.0344
0,1,0,1,0,0,0,1,0,0,1,0,1,1,1,0,1,1,1,1,1,0,1,1,1,0,1,0,0,1,1,1,1,0,0,1,1,0,1 : 13.0451
0,1,0,1,0,0,0,1,0,0,1,0,1,1,1,0,1,1,1,1,1,0,1,1,1,0,1,0,0,1,1,1,1,0,0,1,1,0,1 : 13.0451
1,0,0,1,0,1,0,1,1,1,0,1,0,1,1,0,0,0,0,0,0,1,1,1,0,0,1,0,1,0,1,0,0,0,0,1,0,0,0 : 13.0854
1,0,0,0,0,1,0,1,1,1,0,1,0,1,1,0,0,0,0,0,0,1,1,1,0,0,1,0,1,0,1,0,0,0,0,1,0,0,0 : 13.0854
1,0,0,1,0,1,0,1,1,1,0,1,0,1,1,0,0,0,0,0,0,1,1,1,0,0,1,0,1,0,1,0,0,0,0,1,0,0,0 : 13.0854
1,0,0,0,0,1,0,1,1,1,0,1,0,1,1,0,0,0,0,0,0,1,1,1,0,0,1,0,1,0,1,0,0,0,0,1,0,0,0 : 13.0854
0,1,0,0,1,0,0,1,1,0,0,0,1,0,1,0,0,1,0,1,0,1,0,0,0,0,1,0,1,0,1,1,0,1,1,0,1,0,0 : 13.1354
0,1,0,1,0,0,0,1,1,1,1,0,0,0,1,0,0,1,0,1,1,1,0,1,0,0,1,0,1,1,1,1,0,1,0,0,1,1,0 : 13.1354
0,1,0,0,1,1,0,1,0,0,0,1,0,0,1,0,0,1,0,1,1,1,0,0,1,0,1,0,1,1,1,1,0,1,0,1,1,0,1 : 13.1354
0,1,0,1,0,1,0,1,1,1,1,0,0,0,0,0,0,1,0,1,0,1,1,1,0,0,1,0,1,1,0,1,0,1,0,0,0,1,0 : 13.1354
0,1,0,0,1,0,0,1,0,0,1,0,1,0,1,0,0,1,0,1,1,1,1,1,1,0,1,0,0,1,1,0,0,1,1,0,1,0,0 : 13.1354
0,1,0,1,1,1,0,1,1,1,1,0,0,0,1,0,0,1,1,1,1,1,1,1,0,0,1,0,1,0,1,1,0,1,0,0,0,1,0 : 13.1354
1,1,0,0,1,0,0,1,0,0,0,1,0,1,0,0,0,1,0,1,1,1,0,0,1,0,1,0,1,0,0,0,0,0,0,0,0,0,1 : 13.1354
1,1,0,0,1,0,0,1,0,0,0,1,0,1,1,0,0,1,0,1,1,1,0,0,0,0,1,0,1,1,1,0,0,1,0,0,0,0,1 : 13.1354
0,1,0,0,1,1,0,1,1,1,1,0,0,0,1,0,0,1,1,1,1,1,1,1,0,0,1,0,1,1,0,1,0,1,0,0,0,1,0 : 13.1354
0,1,0,1,0,0,0,1,1,1,1,0,0,0,1,1,0,1,0,1,1,1,1,1,0,0,1,0,1,1,1,1,0,1,0,0,1,1,0 : 13.1354
1,1,0,0,1,1,0,1,0,0,0,1,0,0,1,0,0,1,0,1,1,1,0,0,1,0,1,0,1,1,1,0,0,1,0,1,0,0,1 : 13.1354
0,1,0,1,0,0,0,0,1,1,1,0,1,0,0,0,0,1,0,1,0,1,1,1,0,0,1,0,1,1,0,1,0,1,0,0,1,1,0 : 13.1354
0,1,0,1,1,1,0,1,1,1,0,0,0,0,0,0,0,1,1,1,1,1,1,1,0,0,1,0,1,0,1,1,0,1,0,0,0,1,0 : 13.1354
1,1,0,0,1,0,0,1,0,0,1,1,0,1,0,0,0,1,0,1,1,1,1,0,1,0,1,0,1,0,1,0,0,0,0,0,0,0,1 : 13.1354
1,1,0,0,1,0,0,1,0,1,0,1,0,1,1,0,0,1,0,1,1,1,0,0,0,0,1,0,1,1,1,0,0,1,0,0,0,0,1 : 13.1354
0,1,0,1,0,0,0,1,1,1,1,0,0,0,0,0,0,1,0,1,1,1,0,1,0,0,1,0,1,1,0,1,0,1,0,0,0,1,0 : 13.1354
0,1,0,0,1,1,0,1,1,1,1,0,0,0,1,0,0,1,1,1,1,1,1,1,0,0,1,0,1,1,0,1,0,1,0,0,0,1,0 : 13.1354
0,1,0,0,1,0,0,1,1,0,0,0,1,0,1,0,0,1,0,1,0,1,0,0,0,0,1,0,1,0,1,1,0,1,1,0,1,0,0 : 13.1354
0,1,0,1,0,0,0,1,1,1,1,0,0,0,1,0,0,1,0,1,1,1,0,1,0,0,1,0,1,1,1,1,0,1,0,0,1,1,0 : 13.1354
0,1,0,0,1,1,0,1,0,0,0,1,0,0,1,0,0,1,0,1,1,1,0,0,1,0,1,0,1,1,1,1,0,1,0,1,1,0,1 : 13.1354
0,1,0,1,0,1,0,1,1,1,1,0,0,0,0,0,0,1,0,1,0,1,1,1,0,0,1,0,1,1,0,1,0,1,0,0,0,1,0 : 13.1354
0,1,0,0,1,0,0,1,0,0,1,0,1,0,1,0,0,1,0,1,1,1,1,1,1,0,1,0,0,1,1,0,0,1,1,0,1,0,0 : 13.1354
0,1,0,1,1,1,0,1,1,1,1,0,0,0,1,0,0,1,1,1,1,1,1,1,0,0,1,0,1,0,1,1,0,1,0,0,0,1,0 : 13.1354
1,1,0,0,1,0,0,1,0,0,0,1,0,1,0,0,0,1,0,1,1,1,0,0,1,0,1,0,1,0,0,0,0,0,0,0,0,0,1 : 13.1354
1,1,0,0,1,0,0,1,0,0,0,1,0,1,1,0,0,1,0,1,1,1,0,0,0,0,1,0,1,1,1,0,0,1,0,0,0,0,1 : 13.1354
0,1,0,0,1,1,0,1,1,1,1,0,0,0,1,0,0,1,1,1,1,1,1,1,0,0,1,0,1,1,0,1,0,1,0,0,0,1,0 : 13.1354
0,1,0,1,0,0,0,1,1,1,1,0,0,0,1,1,0,1,0,1,1,1,1,1,0,0,1,0,1,1,1,1,0,1,0,0,1,1,0 : 13.1354
1,1,0,0,1,1,0,1,0,0,0,1,0,0,1,0,0,1,0,1,1,1,0,0,1,0,1,0,1,1,1,0,0,1,0,1,0,0,1 : 13.1354
0,1,0,1,0,0,0,0,1,1,1,0,1,0,0,0,0,1,0,1,0,1,1,1,0,0,1,0,1,1,0,1,0,1,0,0,1,1,0 : 13.1354
0,1,0,1,1,1,0,1,1,1,0,0,0,0,0,0,0,1,1,1,1,1,1,1,0,0,1,0,1,0,1,1,0,1,0,0,0,1,0 : 13.1354
1,1,0,0,1,0,0,1,0,0,1,1,0,1,0,0,0,1,0,1,1,1,1,0,1,0,1,0,1,0,1,0,0,0,0,0,0,0,1 : 13.1354
1,1,0,0,1,0,0,1,0,1,0,1,0,1,1,0,0,1,0,1,1,1,0,0,0,0,1,0,1,1,1,0,0,1,0,0,0,0,1 : 13.1354
0,1,0,1,0,0,0,1,1,1,1,0,0,0,0,0,0,1,0,1,1,1,0,1,0,0,1,0,1,1,0,1,0,1,0,0,0,1,0 : 13.1354
0,1,0,0,1,1,0,1,1,1,1,0,0,0,1,0,0,1,1,1,1,1,1,1,0,0,1,0,1,1,0,1,0,1,0,0,0,1,0 : 13.1354
1,0,0,1,0,1,1,1,0,0,1,0,1,1,1,1,1,0,0,1,1,0,1,0,0,1,1,0,1,0,0,0,1,1,0,1,1,1,1 : 13.1655
0,0,0,1,0,1,1,1,0,0,1,0,1,1,1,1,0,0,0,1,1,0,1,0,0,1,1,0,1,0,0,0,1,0,0,1,1,1,1 : 13.1655
1,0,0,0,0,1,1,1,0,0,1,0,1,1,1,1,1,0,0,1,1,1,1,0,0,1,1,0,1,0,0,0,1,0,0,1,1,1,1 : 13.1655
0,0,0,1,0,1,1,1,0,0,1,0,1,0,1,1,1,0,0,1,1,0,1,0,0,1,0,0,1,0,0,0,1,0,0,1,0,1,1 : 13.1655
1,0,0,1,1,1,1,1,0,0,1,0,1,1,1,1,1,0,0,1,1,0,1,0,0,1,1,1,1,0,0,0,1,0,0,1,1,1,1 : 13.1655
1,0,0,1,0,0,1,1,0,0,1,0,1,1,1,1,1,0,0,1,1,0,1,0,0,1,1,1,1,0,0,0,1,0,0,1,1,1,1 : 13.1655
0,0,0,1,0,1,1,1,0,0,1,0,1,0,1,1,1,0,0,1,1,0,1,0,0,1,0,0,1,0,0,0,1,0,0,1,1,1,1 : 13.1655
1,0,0,1,0,1,1,1,0,0,1,0,1,1,1,1,1,0,0,1,1,0,1,0,0,1,1,0,1,0,0,0,1,1,0,1,1,1,1 : 13.1655
0,0,0,1,0,1,1,1,0,0,1,0,1,1,1,1,0,0,0,1,1,0,1,0,0,1,1,0,1,0,0,0,1,0,0,1,1,1,1 : 13.1655
1,0,0,0,0,1,1,1,0,0,1,0,1,1,1,1,1,0,0,1,1,1,1,0,0,1,1,0,1,0,0,0,1,0,0,1,1,1,1 : 13.1655
0,0,0,1,0,1,1,1,0,0,1,0,1,0,1,1,1,0,0,1,1,0,1,0,0,1,0,0,1,0,0,0,1,0,0,1,0,1,1 : 13.1655
1,0,0,1,1,1,1,1,0,0,1,0,1,1,1,1,1,0,0,1,1,0,1,0,0,1,1,1,1,0,0,0,1,0,0,1,1,1,1 : 13.1655
1,0,0,1,0,0,1,1,0,0,1,0,1,1,1,1,1,0,0,1,1,0,1,0,0,1,1,1,1,0,0,0,1,0,0,1,1,1,1 : 13.1655
0,0,0,1,0,1,1,1,0,0,1,0,1,0,1,1,1,0,0,1,1,0,1,0,0,1,0,0,1,0,0,0,1,0,0,1,1,1,1 : 13.1655
1,0,0,0,0,1,0,1,1,1,0,1,0,1,1,0,0,0,0,0,0,1,1,1,0,0,1,0,1,0,1,0,0,0,0,0,0,0,0 : 13.1747
1,0,0,0,0,1,0,1,1,1,0,1,0,1,1,0,0,0,0,0,0,1,1,1,0,0,1,0,1,0,1,0,0,0,0,0,0,0,0 : 13.1747
0,0,0,0,1,1,0,0,1,0,0,0,0,1,0,1,0,1,1,1,0,0,0,0,0,0,1,0,1,0,1,0,1,0,1,0,1,0,0 : 13.18
0,0,0,1,0,1,0,0,1,0,1,1,0,1,0,1,0,1,1,1,0,0,0,0,0,0,1,0,0,0,1,0,1,0,1,0,1,0,0 : 13.18
1,0,0,1,1,1,0,0,1,0,1,1,0,1,0,1,0,1,1,1,0,0,0,0,0,0,1,0,0,1,1,0,1,0,1,0,1,0,0 : 13.18
0,0,0,1,0,1,0,0,1,0,1,1,0,1,0,1,0,1,1,1,0,0,0,0,0,0,1,0,0,0,1,0,1,0,1,0,1,0,0 : 13.18
0,0,0,0,1,1,0,0,1,0,0,1,0,1,0,1,0,1,1,1,0,0,1,0,0,0,1,0,0,0,1,0,1,0,1,0,1,0,0 : 13.18
0,0,0,0,1,1,0,0,1,0,0,1,0,1,0,1,0,1,1,1,0,0,0,0,0,0,1,0,1,0,1,0,1,0,1,0,1,0,0 : 13.18
