1,0,0,0,1,0,1,0,1,0,1,0,1,0,1,0 : 482.04
1,0,1,0,1,1,1,0,1,0,1,0,1,0,1,0 : 482.04
1,1,1,0,1,1,1,0,1,0,1,0,1,0,0,1 : 644.357
1,0,1,1,0,0,1,0,1,1,0,0,1,0,1,0 : 380.18
1,0,1,0,0,0,1,0,1,0,1,0,1,0,1,0 : 382.01
1,0,0,0,0,0,0,0,1,0,1,0,1,0,1,0 : 445.577
1,1,1,1,0,0,0,0,1,0,0,1,1,0,0,1 : 607.927
1,0,0,1,1,1,1,0,1,1,0,0,1,0,0,1 : 671.73
1,1,1,0,0,1,0,0,1,0,0,1,1,0,0,1 : 680.727
1,1,1,1,0,1,1,1,1,0,1,0,1,1,0,0 : 275.407
1,1,0,1,0,0,0,1,1,0,1,0,1,0,1,0 : 439.02
1,0,0,0,1,1,0,0,1,0,0,1,1,1,0,0 : 310.687
1,1,0,0,0,1,1,1,1,0,1,0,1,1,0,0 : 287.037
1,0,1,0,0,0,1,0,1,0,1,0,1,0,0,1 : 490.473
1,1,1,1,0,1,1,0,1,0,0,1,1,0,1,0 : 407.763
1,1,0,1,0,0,1,1,1,0,1,0,1,0,1,0 : 368.63
1,0,0,1,0,0,0,1,1,1,0,0,1,0,1,0 : 439.02
1,1,1,0,0,0,1,1,1,0,0,1,1,0,1,0 : 363.56
1,1,1,0,1,1,1,0,1,1,0,0,1,1,0,0 : 279.15
1,1,0,0,0,0,0,0,1,0,1,0,1,1,0,0 : 256.333
1,0,0,1,0,0,1,0,1,0,1,0,1,0,0,1 : 490.473
1,0,0,0,0,1,0,1,1,0,0,1,1,0,0,1 : 726.917
1,0,1,1,0,0,0,1,1,0,1,0,1,1,0,0 : 262.233
1,1,0,0,1,0,0,1,1,0,1,0,1,0,1,0 : 493.893
1,1,0,0,0,1,0,1,1,0,1,0,1,0,1,0 : 519.583
1,1,0,1,1,1,1,1,1,1,0,0,1,1,0,0 : 291.01
1,1,0,1,1,0,1,0,1,0,1,0,1,0,1,0 : 456.363
1,1,1,0,1,1,1,0,1,0,0,1,1,0,0,1 : 644.357
1,0,1,1,0,0,0,1,1,1,0,0,1,0,0,1 : 607.7
1,1,1,0,0,1,0,0,1,0,0,1,1,1,0,0 : 275.923
1,0,1,0,0,0,1,1,1,0,1,0,1,0,0,1 : 510.857
1,1,1,0,0,0,0,1,1,0,1,0,1,0,1,0 : 439.02
1,0,1,1,0,1,1,0,1,0,1,0,1,0,0,1 : 490.473
1,1,0,1,1,1,1,1,1,0,0,1,1,0,1,0 : 433.913
1,1,1,1,0,1,1,1,1,1,0,0,1,0,1,0 : 407.757
1,1,0,1,0,0,1,1,1,0,1,0,1,0,0,1 : 510.857
1,1,0,0,0,0,0,1,1,0,1,0,1,1,0,0 : 256.32
1,1,0,0,1,0,1,1,1,0,0,1,1,1,0,0 : 263.207
1,0,0,0,0,0,1,1,1,0,1,0,1,0,1,0 : 382.01
1,1,1,0,0,1,0,1,1,1,0,0,1,0,0,1 : 680.727
1,0,1,0,1,1,1,0,1,1,0,0,1,0,1,0 : 482.59
1,1,0,1,1,0,0,1,1,0,1,0,1,0,1,0 : 493.893
1,0,1,1,0,0,1,1,1,0,0,1,1,1,0,0 : 263.363
1,0,1,0,0,1,0,0,1,0,0,1,1,0,0,1 : 712.87
1,0,1,1,1,1,1,1,1,0,0,1,1,0,0,1 : 665.293
1,1,0,0,1,1,0,0,1,0,0,1,1,1,0,0 : 291.62
1,1,0,1,1,1,1,1,1,0,1,0,1,0,1,0 : 456.363
1,1,1,0,0,0,0,1,1,0,0,1,1,1,0,0 : 247.507
1,1,1,1,0,0,1,1,1,1,0,0,1,0,0,1 : 506.88
1,1,1,0,1,0,0,0,1,0,1,0,1,0,0,1 : 705.213
1,1,0,0,1,1,1,1,1,1,0,0,1,0,1,0 : 456.363
1,0,0,1,0,1,1,1,1,0,1,0,1,1,0,0 : 310.283
1,0,1,1,0,0,1,1,1,0,0,1,1,1,0,0 : 263.363
1,1,1,1,0,1,0,1,1,0,1,0,1,1,0,0 : 275.4529
1,1,0,0,0,0,0,1,1,1,0,0,1,1,0,0 : 254.707
1,1,0,1,0,0,1,0,1,0,1,0,1,0,0,1 : 490.473
1,1,0,0,0,0,0,1,1,0,0,1,1,1,0,0 : 257.927
1,1,0,1,0,0,0,0,1,0,0,1,1,1,0,0 : 257.407
1,1,0,0,1,0,0,0,1,1,0,0,1,1,0,0 : 261.31
1,1,0,0,1,0,1,0,1,0,0,1,1,1,0,0 : 263.207
1,0,0,0,1,0,1,0,1,0,0,1,1,1,0,0 : 279.097
1,1,1,1,0,1,1,1,1,0,1,0,1,0,1,0 : 408.073
1,1,1,0,1,1,0,0,1,0,1,0,1,0,1,0 : 519.583
1,1,1,1,1,0,0,0,1,1,0,0,1,0,1,0 : 491.687
1,1,1,0,1,1,0,1,1,0,1,0,1,0,1,0 : 519.583
1,1,0,0,0,0,1,0,1,0,1,0,1,1,0,0 : 256.3399
1,0,1,1,0,0,0,1,1,1,0,0,1,0,0,1 : 607.7
1,1,1,0,0,1,1,1,1,0,1,0,1,0,0,1 : 510.857
1,1,0,1,0,1,0,0,1,1,0,0,1,0,0,1 : 690.463
1,0,1,0,1,1,0,0,1,0,1,0,1,1,0,0 : 299.867
1,1,1,0,1,1,0,0,1,1,0,0,1,0,0,1 : 773.3869
1,0,0,0,0,0,0,1,1,0,0,1,1,0,0,1 : 604.8869
1,1,1,0,0,0,1,0,1,1,0,0,1,1,0,0 : 244.277
1,1,0,1,0,0,0,0,1,0,1,0,1,0,1,0 : 445.577
1,1,0,1,0,0,1,1,1,0,1,0,1,1,0,0 : 256.32
1,0,1,0,1,0,0,0,1,1,0,0,1,1,0,0 : 266.67
1,1,1,0,1,0,1,0,1,1,0,0,1,1,0,0 : 249.497
1,1,1,1,0,1,0,1,1,0,0,1,1,1,0,0 : 275.4529
1,1,1,0,1,0,1,1,1,0,1,0,1,1,0,0 : 251.787
1,0,1,1,0,1,1,0,1,0,0,1,1,0,0,1 : 555.633
1,0,1,1,1,0,1,0,1,1,0,0,1,0,0,1 : 625.71
1,1,0,1,0,0,1,0,1,0,0,1,1,1,0,0 : 257.407
1,1,0,0,1,0,1,1,1,0,1,0,1,0,1,0 : 456.363
1,0,1,0,0,0,0,1,1,0,0,1,1,1,0,0 : 263.363
1,1,1,1,1,1,1,0,1,0,0,1,1,0,0,1 : 644.357
1,0,1,0,0,0,1,1,1,1,0,0,1,0,1,0 : 380.18
1,1,0,1,1,1,1,0,1,0,0,1,1,1,0,0 : 291.237
1,1,1,1,0,1,1,1,1,0,1,0,1,0,0,1 : 510.857
1,1,1,1,1,0,0,0,1,1,0,0,1,0,1,0 : 491.687
1,1,1,0,0,1,1,1,1,0,0,1,1,0,1,0 : 407.763
1,0,1,1,1,0,1,0,1,1,0,0,1,0,0,1 : 625.71
1,1,1,0,1,0,1,1,1,1,0,0,1,0,0,1 : 616.97
1,1,0,0,0,0,1,0,1,0,1,0,1,1,0,0 : 256.3399
1,1,1,1,0,0,0,1,1,0,0,1,1,0,1,0 : 439.02
1,0,1,1,1,0,1,1,1,1,0,0,1,1,0,0 : 266.67
1,1,0,0,1,1,1,1,1,1,0,0,1,1,0,0 : 291.62
1,0,1,0,0,0,0,0,1,1,0,0,1,1,0,0 : 260.38
1,0,1,0,0,0,1,0,1,0,0,1,1,0,0,1 : 555.633
1,1,1,0,0,0,1,1,1,1,0,0,1,0,1,0 : 361.7029
1,1,1,0,1,1,1,1,1,1,0,0,1,0,0,1 : 644.157
