1,1,1,0,0,0,0,0,1,1,0,0,1,1,0,0 : 244.23
1,1,1,0,0,0,0,0,1,1,0,0,1,1,0,0 : 244.23
1,1,1,1,0,0,0,1,1,1,0,0,1,1,0,0 : 244.353
1,1,1,1,0,0,0,1,1,1,0,0,1,1,0,0 : 244.353
1,1,1,1,0,0,1,1,1,0,0,1,1,1,0,0 : 247.537
1,1,1,1,0,0,1,0,1,0,0,1,1,1,0,0 : 247.537
1,1,1,1,0,0,1,1,1,0,0,1,1,1,0,0 : 247.537
1,1,1,1,0,0,1,1,1,0,0,1,1,1,0,0 : 247.537
1,1,1,1,0,0,1,1,1,0,0,1,1,1,0,0 : 247.537
1,1,1,1,0,0,1,0,1,0,0,1,1,1,0,0 : 247.537
1,1,1,1,0,0,1,1,1,0,0,1,1,1,0,0 : 247.537
1,1,1,1,0,0,1,1,1,0,0,1,1,1,0,0 : 247.537
1,1,1,0,1,0,0,0,1,1,0,0,1,1,0,0 : 249.497
1,1,1,0,1,0,0,0,1,1,0,0,1,1,0,0 : 249.497
1,1,1,0,1,0,0,0,1,1,0,0,1,1,0,0 : 249.497
1,1,1,0,1,0,0,0,1,1,0,0,1,1,0,0 : 249.497
1,1,1,0,1,0,0,0,1,1,0,0,1,1,0,0 : 249.497
1,1,1,0,1,0,0,0,1,1,0,0,1,1,0,0 : 249.497
1,1,1,0,1,0,0,0,1,0,1,0,1,1,0,0 : 251.787
1,1,1,0,1,0,0,0,1,0,1,0,1,1,0,0 : 251.787
1,1,1,0,1,0,0,0,1,0,1,0,1,1,0,0 : 251.787
1,1,1,0,1,0,0,0,1,0,1,0,1,1,0,0 : 251.787
1,1,1,0,1,0,1,1,1,0,0,1,1,1,0,0 : 252.963
1,1,1,0,1,0,1,1,1,0,0,1,1,1,0,0 : 252.963
1,1,0,1,0,0,1,0,1,1,0,0,1,1,0,0 : 254.033
1,1,0,1,0,0,1,0,1,1,0,0,1,1,0,0 : 254.033
1,1,0,0,0,0,0,1,1,0,1,0,1,1,0,0 : 256.32
1,1,0,0,0,0,0,1,1,0,1,0,1,1,0,0 : 256.32
1,1,0,0,0,0,0,1,1,0,1,0,1,1,0,0 : 256.32
1,1,0,0,0,0,0,1,1,0,1,0,1,1,0,0 : 256.32
1,1,0,0,0,0,1,1,1,0,1,0,1,1,0,0 : 256.32
1,1,0,0,0,0,0,1,1,0,1,0,1,1,0,0 : 256.32
1,1,0,0,0,0,0,1,1,0,1,0,1,1,0,0 : 256.32
1,1,0,0,0,0,0,1,1,0,1,0,1,1,0,0 : 256.32
1,1,0,0,0,0,0,1,1,0,1,0,1,1,0,0 : 256.32
1,1,0,0,0,0,0,1,1,0,1,0,1,1,0,0 : 256.32
1,1,0,0,0,0,0,1,1,0,1,0,1,1,0,0 : 256.32
1,1,0,0,0,0,0,1,1,0,1,0,1,1,0,0 : 256.32
1,1,0,0,0,0,0,1,1,0,1,0,1,1,0,0 : 256.32
1,1,0,0,0,0,1,1,1,0,1,0,1,1,0,0 : 256.32
1,1,0,0,0,0,0,1,1,0,1,0,1,1,0,0 : 256.32
1,1,0,0,0,0,0,1,1,0,1,0,1,1,0,0 : 256.32
1,1,0,0,0,0,0,1,1,0,1,0,1,1,0,0 : 256.32
1,1,0,1,0,0,0,1,1,0,1,0,1,1,0,0 : 256.32
1,1,0,0,0,0,0,1,1,0,1,0,1,1,0,0 : 256.32
1,1,0,0,0,0,0,1,1,0,1,0,1,1,0,0 : 256.32
1,1,0,0,0,0,0,1,1,0,1,0,1,1,0,0 : 256.32
1,1,0,0,0,0,0,1,1,0,1,0,1,1,0,0 : 256.32
1,1,0,0,0,0,1,1,1,0,1,0,1,1,0,0 : 256.32
1,1,0,0,0,0,0,1,1,0,1,0,1,1,0,0 : 256.32
1,1,0,0,0,0,0,1,1,0,1,0,1,1,0,0 : 256.32
1,1,0,0,0,0,0,1,1,0,1,0,1,1,0,0 : 256.32
1,1,0,0,0,0,0,1,1,0,1,0,1,1,0,0 : 256.32
1,1,0,0,0,0,0,1,1,0,1,0,1,1,0,0 : 256.32
1,1,0,0,0,0,0,1,1,0,1,0,1,1,0,0 : 256.32
1,1,0,0,0,0,0,1,1,0,1,0,1,1,0,0 : 256.32
1,1,0,0,0,0,0,1,1,0,1,0,1,1,0,0 : 256.32
1,1,0,0,0,0,1,1,1,0,1,0,1,1,0,0 : 256.32
1,1,0,0,0,0,0,1,1,0,1,0,1,1,0,0 : 256.32
1,1,0,0,0,0,0,1,1,0,1,0,1,1,0,0 : 256.32
1,1,0,0,0,0,0,1,1,0,1,0,1,1,0,0 : 256.32
1,1,0,1,0,0,0,1,1,0,1,0,1,1,0,0 : 256.32
1,1,0,1,0,0,0,0,1,0,1,0,1,1,0,0 : 256.333
1,1,0,1,0,0,0,0,1,0,1,0,1,1,0,0 : 256.333
1,1,0,0,0,0,0,0,1,0,1,0,1,1,0,0 : 256.333
1,1,0,1,0,0,0,0,1,0,1,0,1,1,0,0 : 256.333
1,1,0,1,0,0,0,0,1,0,1,0,1,1,0,0 : 256.333
1,1,0,1,0,0,0,0,1,0,1,0,1,1,0,0 : 256.333
1,1,0,1,0,0,0,0,1,0,1,0,1,1,0,0 : 256.333
1,1,0,1,0,0,0,0,1,0,1,0,1,1,0,0 : 256.333
1,1,0,1,0,0,0,0,1,0,1,0,1,1,0,0 : 256.333
1,1,0,0,0,0,0,0,1,0,1,0,1,1,0,0 : 256.333
1,1,0,0,0,0,0,0,1,0,1,0,1,1,0,0 : 256.333
1,1,0,1,0,0,0,0,1,0,1,0,1,1,0,0 : 256.333
1,1,0,0,0,0,0,0,1,0,1,0,1,1,0,0 : 256.333
1,1,0,1,0,0,0,0,1,0,1,0,1,1,0,0 : 256.333
1,1,0,1,0,0,0,0,1,0,1,0,1,1,0,0 : 256.333
1,1,0,0,0,0,0,0,1,0,1,0,1,1,0,0 : 256.333
1,1,0,1,0,0,0,0,1,0,1,0,1,1,0,0 : 256.333
1,1,0,1,0,0,0,0,1,0,1,0,1,1,0,0 : 256.333
1,1,0,1,0,0,0,0,1,0,1,0,1,1,0,0 : 256.333
1,1,0,1,0,0,0,0,1,0,1,0,1,1,0,0 : 256.333
1,1,0,1,0,0,0,0,1,0,1,0,1,1,0,0 : 256.333
1,1,0,1,0,0,0,0,1,0,1,0,1,1,0,0 : 256.333
1,1,0,0,0,0,0,0,1,0,1,0,1,1,0,0 : 256.333
1,1,0,0,0,0,0,0,1,0,1,0,1,1,0,0 : 256.333
1,1,0,1,0,0,0,0,1,0,1,0,1,1,0,0 : 256.333
1,1,0,0,0,0,0,0,1,0,1,0,1,1,0,0 : 256.333
1,1,0,1,0,0,0,0,1,0,0,1,1,1,0,0 : 257.407
1,1,0,1,0,0,0,0,1,0,0,1,1,1,0,0 : 257.407
1,1,0,1,0,0,0,0,1,0,0,1,1,1,0,0 : 257.407
1,1,0,1,0,0,0,0,1,0,0,1,1,1,0,0 : 257.407
1,0,1,1,0,0,0,0,1,1,0,0,1,1,0,0 : 259.807
1,0,1,1,0,0,0,0,1,1,0,0,1,1,0,0 : 259.807
1,0,1,1,0,0,0,0,1,1,0,0,1,1,0,0 : 259.807
1,0,1,1,0,0,0,0,1,1,0,0,1,1,0,0 : 259.807
1,0,1,1,0,0,0,0,1,1,0,0,1,1,0,0 : 259.807
1,0,1,1,0,0,0,0,1,1,0,0,1,1,0,0 : 259.807
1,0,1,1,0,0,0,0,1,1,0,0,1,1,0,0 : 259.807
1,0,1,1,0,0,0,0,1,1,0,0,1,1,0,0 : 259.807
