0,1,0,1,0,0,0,0,0,1,1,1,0,1,1,0,1,1,1,0,1,1,1,1,0,0,1,0,0,0,1,1,1,0,0,1,1,0,0 : 12.6877
0,1,0,1,0,0,0,1,0,0,1,1,0,1,0,0,1,1,0,0,1,0,1,0,0,1,1,0,1,1,1,1,1,0,0,1,1,1,1 : 12.6877
0,1,1,1,0,0,0,1,0,0,1,0,0,1,1,0,1,1,1,0,1,0,1,1,0,1,1,0,0,0,1,1,1,0,0,0,1,0,1 : 12.6877
0,1,0,1,0,0,0,1,0,0,1,1,0,1,0,0,1,1,1,0,1,0,1,0,0,1,1,0,1,1,1,1,1,0,0,1,1,1,1 : 12.6877
0,1,0,1,0,0,0,0,0,1,1,1,0,0,1,0,1,1,1,0,1,1,1,1,0,1,1,0,0,0,1,1,1,0,0,1,1,0,0 : 12.6877
1,1,1,1,0,0,0,1,0,0,1,1,0,1,1,0,1,1,1,0,1,0,1,1,0,0,0,0,1,0,0,1,1,0,0,1,1,1,1 : 12.6877
0,1,0,1,1,0,0,0,1,0,0,1,0,1,1,0,1,1,1,0,1,1,0,1,0,1,0,1,0,1,0,0,0,0,0,0,0,1,1 : 12.6877
0,1,0,1,1,0,0,1,0,1,1,1,0,1,1,0,1,1,1,0,1,0,1,1,0,0,1,0,0,0,1,1,1,0,0,1,1,0,1 : 12.6877
0,1,0,1,0,0,0,0,0,1,1,1,0,1,1,0,1,1,1,0,1,1,1,1,0,0,1,0,0,0,1,1,1,0,0,1,1,0,1 : 12.6877
1,1,0,1,0,0,0,1,0,0,1,0,0,1,0,0,1,1,1,0,1,0,1,1,0,1,1,0,0,0,1,1,1,0,0,1,1,1,0 : 12.6877
0,1,0,1,0,0,0,1,0,0,1,1,0,1,0,0,1,1,0,1,1,0,1,0,0,1,1,0,1,1,1,1,1,0,0,1,1,1,1 : 12.6877
0,1,1,1,0,0,0,1,0,0,1,0,0,1,0,0,1,1,0,0,1,0,1,1,0,1,1,0,0,0,1,1,1,0,0,0,1,0,1 : 12.6877
1,1,1,1,0,0,0,1,0,0,1,1,0,1,1,1,1,1,1,0,1,1,1,1,0,0,1,0,1,1,0,1,1,0,0,1,1,1,1 : 12.6877
0,1,0,1,0,0,0,1,0,0,1,1,0,0,0,1,1,1,1,0,1,0,1,1,0,1,1,1,0,0,1,1,1,0,0,1,1,1,1 : 12.6877
0,1,0,1,0,0,0,1,0,0,1,1,0,1,0,0,1,1,1,0,1,0,1,0,0,1,1,0,1,1,1,1,1,0,0,1,1,1,1 : 12.6877
0,1,0,1,0,0,0,0,0,1,1,1,0,1,1,0,1,1,1,0,1,1,1,1,0,1,1,0,0,0,1,1,1,0,0,1,1,0,0 : 12.6877
0,1,1,1,0,0,0,0,0,0,1,1,0,1,1,0,1,1,1,0,1,0,1,1,0,0,0,0,1,1,0,1,1,0,0,1,1,1,1 : 12.6877
0,1,0,1,1,0,0,1,0,1,0,1,0,1,1,0,1,1,1,0,1,1,0,1,0,0,0,1,0,1,0,0,0,0,0,0,0,1,1 : 12.6877
0,1,0,1,0,0,0,0,0,1,1,1,0,1,1,0,1,1,1,0,1,1,1,1,0,0,1,0,0,0,1,1,1,0,0,1,1,0,0 : 12.6877
0,1,0,1,0,0,0,1,0,0,1,1,0,1,0,0,1,1,0,0,1,0,1,0,0,1,1,0,1,1,1,1,1,0,0,1,1,1,1 : 12.6877
0,1,1,1,0,0,0,1,0,0,1,0,0,1,1,0,1,1,1,0,1,0,1,1,0,1,1,0,0,0,1,1,1,0,0,0,1,0,1 : 12.6877
0,1,0,1,0,0,0,1,0,0,1,1,0,1,0,0,1,1,1,0,1,0,1,0,0,1,1,0,1,1,1,1,1,0,0,1,1,1,1 : 12.6877
0,1,0,1,0,0,0,0,0,1,1,1,0,0,1,0,1,1,1,0,1,1,1,1,0,1,1,0,0,0,1,1,1,0,0,1,1,0,0 : 12.6877
1,1,1,1,0,0,0,1,0,0,1,1,0,1,1,0,1,1,1,0,1,0,1,1,0,0,0,0,1,0,0,1,1,0,0,1,1,1,1 : 12.6877
0,1,0,1,1,0,0,0,1,0,0,1,0,1,1,0,1,1,1,0,1,1,0,1,0,1,0,1,0,1,0,0,0,0,0,0,0,1,1 : 12.6877
0,1,0,1,1,0,0,1,0,1,1,1,0,1,1,0,1,1,1,0,1,0,1,1,0,0,1,0,0,0,1,1,1,0,0,1,1,0,1 : 12.6877
0,1,0,1,0,0,0,0,0,1,1,1,0,1,1,0,1,1,1,0,1,1,1,1,0,0,1,0,0,0,1,1,1,0,0,1,1,0,1 : 12.6877
1,1,0,1,0,0,0,1,0,0,1,0,0,1,0,0,1,1,1,0,1,0,1,1,0,1,1,0,0,0,1,1,1,0,0,1,1,1,0 : 12.6877
0,1,0,1,0,0,0,1,0,0,1,1,0,1,0,0,1,1,0,1,1,0,1,0,0,1,1,0,1,1,1,1,1,0,0,1,1,1,1 : 12.6877
0,1,1,1,0,0,0,1,0,0,1,0,0,1,0,0,1,1,0,0,1,0,1,1,0,1,1,0,0,0,1,1,1,0,0,0,1,0,1 : 12.6877
1,1,1,1,0,0,0,1,0,0,1,1,0,1,1,1,1,1,1,0,1,1,1,1,0,0,1,0,1,1,0,1,1,0,0,1,1,1,1 : 12.6877
0,1,0,1,0,0,0,1,0,0,1,1,0,0,0,1,1,1,1,0,1,0,1,1,0,1,1,1,0,0,1,1,1,0,0,1,1,1,1 : 12.6877
0,1,0,1,0,0,0,1,0,0,1,1,0,1,0,0,1,1,1,0,1,0,1,0,0,1,1,0,1,1,1,1,1,0,0,1,1,1,1 : 12.6877
0,1,0,1,0,0,0,0,0,1,1,1,0,1,1,0,1,1,1,0,1,1,1,1,0,1,1,0,0,0,1,1,1,0,0,1,1,0,0 : 12.6877
0,1,1,1,0,0,0,0,0,0,1,1,0,1,1,0,1,1,1,0,1,0,1,1,0,0,0,0,1,1,0,1,1,0,0,1,1,1,1 : 12.6877
0,1,0,1,1,0,0,1,0,1,0,1,0,1,1,0,1,1,1,0,1,1,0,1,0,0,0,1,0,1,0,0,0,0,0,0,0,1,1 : 12.6877
0,1,0,1,0,0,0,1,0,0,1,1,1,1,0,1,1,1,1,0,1,0,1,1,0,1,1,1,0,0,1,1,1,0,0,1,1,1,1 : 12.902
0,1,1,1,0,0,0,0,0,1,1,1,1,0,0,1,1,1,0,0,1,0,1,0,1,1,0,0,0,0,1,0,0,0,0,0,1,1,0 : 12.902
0,1,1,1,0,0,0,0,0,1,1,1,1,0,0,1,1,1,0,0,1,0,0,0,1,1,0,0,0,0,1,0,0,0,0,1,1,1,0 : 12.902
0,1,1,1,0,0,0,0,0,1,1,1,1,0,0,1,1,1,0,0,1,0,0,0,1,1,0,0,0,1,1,0,0,0,0,0,1,1,0 : 12.902
0,1,0,1,0,0,0,1,0,0,1,1,1,1,0,1,1,1,1,0,1,0,1,1,0,1,1,1,0,0,1,1,1,0,0,1,1,1,1 : 12.902
0,1,1,1,0,0,0,0,0,1,1,1,1,0,0,1,1,1,0,0,1,0,1,0,1,1,0,0,0,0,1,0,0,0,0,0,1,1,0 : 12.902
0,1,1,1,0,0,0,0,0,1,1,1,1,0,0,1,1,1,0,0,1,0,0,0,1,1,0,0,0,0,1,0,0,0,0,1,1,1,0 : 12.902
0,1,1,1,0,0,0,0,0,1,1,1,1,0,0,1,1,1,0,0,1,0,0,0,1,1,0,0,0,1,1,0,0,0,0,0,1,1,0 : 12.902
0,0,0,0,0,0,0,0,0,0,1,0,1,0,1,1,0,0,0,1,0,1,0,0,0,1,0,0,0,1,0,0,1,1,0,1,0,0,1 : 13.0035
1,0,0,0,0,0,0,0,0,0,1,0,1,0,1,1,0,0,0,1,0,1,0,0,0,1,0,0,0,1,0,0,1,1,0,1,0,0,1 : 13.0035
1,0,0,0,0,0,0,0,0,0,1,0,1,0,1,1,1,0,0,1,0,1,0,1,0,1,0,0,0,1,0,0,1,1,0,1,0,0,1 : 13.0035
0,0,0,0,0,0,0,0,0,0,1,0,1,0,1,1,0,0,0,1,0,1,0,0,0,1,0,0,0,1,0,0,1,1,0,1,0,0,1 : 13.0035
1,0,0,0,0,0,0,0,0,0,1,0,1,0,1,1,0,0,0,1,0,1,0,0,0,1,0,0,0,1,0,0,1,1,0,1,0,0,1 : 13.0035
1,0,0,0,0,0,0,0,0,0,1,0,1,0,1,1,1,0,0,1,0,1,0,1,0,1,0,0,0,1,0,0,1,1,0,1,0,0,1 : 13.0035
0,0,0,1,1,0,0,1,1,0,0,0,0,0,1,0,1,0,0,1,1,1,0,0,0,0,1,1,0,1,0,0,0,1,0,1,0,0,0 : 13.0344
1,0,0,1,1,0,0,0,1,1,1,0,1,1,0,1,1,0,1,1,1,0,0,0,0,0,0,0,0,1,0,0,0,1,0,1,1,1,1 : 13.0344
1,0,0,1,1,0,0,0,1,1,1,0,1,1,1,1,1,0,1,1,1,0,0,0,0,1,0,0,0,1,0,0,0,1,0,1,1,1,0 : 13.0344
0,1,0,1,1,0,0,1,1,0,0,0,1,0,1,0,0,0,1,0,1,1,0,0,0,0,0,1,0,1,0,0,0,1,0,1,0,0,0 : 13.0344
1,0,0,0,1,0,0,0,0,1,1,1,1,1,0,1,1,0,0,1,1,0,1,0,0,1,1,0,0,1,0,0,0,1,0,1,1,0,0 : 13.0344
0,0,0,1,1,0,0,1,1,0,0,0,1,0,1,0,1,0,1,1,1,1,0,0,0,0,1,0,0,1,0,1,0,1,0,0,0,1,1 : 13.0344
1,0,0,1,1,0,0,0,1,1,1,0,1,1,1,1,1,0,0,1,1,0,0,0,0,1,1,0,0,1,1,0,0,1,0,1,0,1,0 : 13.0344
0,0,0,1,1,0,0,1,1,0,0,0,1,0,0,0,1,0,1,1,1,1,0,0,0,0,1,1,0,1,0,0,0,1,0,1,0,0,0 : 13.0344
1,0,1,0,1,0,0,0,0,1,1,1,0,1,0,1,1,0,0,1,1,0,1,0,0,1,0,1,0,1,0,0,0,1,0,1,1,1,0 : 13.0344
0,0,0,1,1,0,0,1,0,0,0,0,1,0,0,0,0,0,1,0,1,1,1,0,0,0,1,1,0,1,0,0,0,1,0,1,0,0,0 : 13.0344
0,0,0,1,1,0,0,1,0,1,0,0,0,0,1,0,1,0,1,1,1,1,0,0,0,0,1,1,0,1,0,1,0,1,0,1,0,0,0 : 13.0344
1,0,0,0,1,0,0,0,1,1,1,1,1,1,0,1,1,0,0,1,1,0,1,0,0,1,1,1,0,1,0,0,0,1,0,1,1,1,0 : 13.0344
0,0,0,1,1,0,0,1,1,1,1,0,1,0,1,0,1,0,1,1,1,1,0,0,0,1,0,1,0,1,0,1,0,1,0,1,0,0,1 : 13.0344
1,0,0,1,1,0,0,0,1,1,1,0,1,1,0,1,1,0,0,1,1,0,0,0,0,1,0,0,0,1,0,0,0,1,0,1,1,1,0 : 13.0344
1,0,0,1,1,0,0,0,1,1,1,0,1,1,1,1,1,0,0,1,1,0,0,0,0,1,0,0,0,1,0,0,0,1,0,1,1,1,0 : 13.0344
0,0,0,1,1,0,0,1,1,0,0,0,1,1,1,0,0,0,1,0,1,0,0,0,0,0,0,1,0,1,0,0,0,1,0,1,0,0,0 : 13.0344
1,0,0,0,1,0,0,0,0,0,1,1,1,0,0,1,1,0,0,1,1,0,1,1,0,1,1,0,0,1,0,0,0,1,0,1,1,1,0 : 13.0344
0,0,0,1,1,0,0,1,1,1,0,0,1,0,1,0,1,0,1,1,1,1,0,0,0,0,0,0,0,1,0,1,0,1,0,0,0,0,0 : 13.0344
1,0,0,1,1,0,0,0,1,1,1,0,0,1,1,0,1,0,0,1,1,0,0,0,0,1,1,0,0,1,1,0,0,1,0,1,0,1,0 : 13.0344
0,0,0,1,1,0,0,1,1,0,0,0,0,0,0,0,1,0,1,1,1,1,1,0,0,0,1,1,0,1,0,1,0,1,0,1,0,0,0 : 13.0344
1,0,0,0,1,0,0,0,0,1,1,1,1,1,0,1,1,0,0,0,1,0,1,0,0,1,0,1,0,1,0,0,0,1,0,1,1,1,0 : 13.0344
1,0,0,1,1,0,0,0,0,1,1,0,1,1,1,1,1,0,1,1,0,0,0,0,0,1,0,0,0,1,0,1,0,1,0,1,1,1,0 : 13.0344
0,0,0,1,1,0,0,1,1,0,0,0,1,1,0,0,0,0,1,0,0,0,0,0,0,0,1,1,0,1,0,0,0,1,0,1,0,0,0 : 13.0344
0,0,0,1,1,0,0,0,0,1,0,0,0,0,1,0,1,0,1,1,1,1,0,0,0,0,1,1,0,1,0,1,0,1,0,1,0,1,0 : 13.0344
1,0,0,0,1,0,0,0,1,1,1,1,1,1,0,1,1,0,0,1,1,0,1,0,0,1,1,1,0,1,0,0,0,1,0,1,1,1,0 : 13.0344
0,0,0,1,1,0,0,1,1,1,1,0,1,0,1,0,1,0,1,1,1,1,0,0,0,1,0,0,0,1,0,1,0,1,0,1,0,0,1 : 13.0344
1,0,0,1,1,0,0,0,1,1,1,0,1,1,0,1,1,0,1,1,1,0,0,0,0,0,0,0,0,1,0,0,0,1,0,1,1,1,1 : 13.0344
0,0,0,1,1,0,0,1,1,0,0,0,0,0,1,0,1,0,0,1,1,1,0,0,0,0,1,1,0,1,0,0,0,1,0,1,0,0,0 : 13.0344
1,0,0,1,1,0,0,0,1,1,1,0,1,1,1,1,1,0,1,1,1,0,0,0,0,1,0,0,0,1,0,0,0,1,0,1,1,1,0 : 13.0344
0,1,0,1,1,0,0,1,1,0,0,0,1,0,1,0,0,0,1,0,1,1,0,0,0,0,0,1,0,1,0,0,0,1,0,1,0,0,0 : 13.0344
1,0,0,0,1,0,0,0,0,1,1,1,1,1,0,1,1,0,0,1,1,0,1,0,0,1,1,0,0,1,0,0,0,1,0,1,1,0,0 : 13.0344
0,0,0,1,1,0,0,1,1,0,0,0,1,0,1,0,1,0,1,1,1,1,0,0,0,0,1,0,0,1,0,1,0,1,0,0,0,1,1 : 13.0344
1,0,0,1,1,0,0,0,1,1,1,0,1,1,1,1,1,0,0,1,1,0,0,0,0,1,1,0,0,1,1,0,0,1,0,1,0,1,0 : 13.0344
0,0,0,1,1,0,0,1,1,0,0,0,1,0,0,0,1,0,1,1,1,1,0,0,0,0,1,1,0,1,0,0,0,1,0,1,0,0,0 : 13.0344
1,0,1,0,1,0,0,0,0,1,1,1,0,1,0,1,1,0,0,1,1,0,1,0,0,1,0,1,0,1,0,0,0,1,0,1,1,1,0 : 13.0344
0,0,0,1,1,0,0,1,0,0,0,0,1,0,0,0,0,0,1,0,1,1,1,0,0,0,1,1,0,1,0,0,0,1,0,1,0,0,0 : 13.0344
0,0,0,1,1,0,0,1,0,1,0,0,0,0,1,0,1,0,1,1,1,1,0,0,0,0,1,1,0,1,0,1,0,1,0,1,0,0,0 : 13.0344
1,0,0,0,1,0,0,0,1,1,1,1,1,1,0,1,1,0,0,1,1,0,1,0,0,1,1,1,0,1,0,0,0,1,0,1,1,1,0 : 13.0344
0,0,0,1,1,0,0,1,1,1,1,0,1,0,1,0,1,0,1,1,1,1,0,0,0,1,0,1,0,1,0,1,0,1,0,1,0,0,1 : 13.0344
1,0,0,1,1,0,0,0,1,1,1,0,1,1,0,1,1,0,0,1,1,0,0,0,0,1,0,0,0,1,0,0,0,1,0,1,1,1,0 : 13.0344
1,0,0,1,1,0,0,0,1,1,1,0,1,1,1,1,1,0,0,1,1,0,0,0,0,1,0,0,0,1,0,0,0,1,0,1,1,1,0 : 13.0344
0,0,0,1,1,0,0,1,1,0,0,0,1,1,1,0,0,0,1,0,1,0,0,0,0,0,0,1,0,1,0,0,0,1,0,1,0,0,0 : 13.0344
1,0,0,0,1,0,0,0,0,0,1,1,1,0,0,1,1,0,0,1,1,0,1,1,0,1,1,0,0,1,0,0,0,1,0,1,1,1,0 : 13.0344
0,0,0,1,1,0,0,1,1,1,0,0,1,0,1,0,1,0,1,1,1,1,0,0,0,0,0,0,0,1,0,1,0,1,0,0,0,0,0 : 13.0344
1,0,0,1,1,0,0,0,1,1,1,0,0,1,1,0,1,0,0,1,1,0,0,0,0,1,1,0,0,1,1,0,0,1,0,1,0,1,0 : 13.0344
0,0,0,1,1,0,0,1,1,0,0,0,0,0,0,0,1,0,1,1,1,1,1,0,0,0,1,1,0,1,0,1,0,1,0,1,0,0,0 : 13.0344
1,0,0,0,1,0,0,0,0,1,1,1,1,1,0,1,1,0,0,0,1,0,1,0,0,1,0,1,0,1,0,0,0,1,0,1,1,1,0 : 13.0344
1,0,0,1,1,0,0,0,0,1,1,0,1,1,1,1,1,0,1,1,0,0,0,0,0,1,0,0,0,1,0,1,0,1,0,1,1,1,0 : 13.0344
0,0,0,1,1,0,0,1,1,0,0,0,1,1,0,0,0,0,1,0,0,0,0,0,0,0,1,1,0,1,0,0,0,1,0,1,0,0,0 : 13.0344
0,0,0,1,1,0,0,0,0,1,0,0,0,0,1,0,1,0,1,1,1,1,0,0,0,0,1,1,0,1,0,1,0,1,0,1,0,1,0 : 13.0344
