1,1,1,1,0,1,1,1,0,0,1,1,0,1,1,0,1,1,1,1,0,1,0,1,0,0 : 2986.0
1,1,1,1,0,0,1,1,0,0,1,1,0,1,1,0,1,1,1,1,0,1,0,1,0,0 : 2986.0
1,1,1,1,0,1,1,1,0,0,1,1,0,1,1,0,1,1,1,1,0,0,0,1,0,0 : 2986.0
1,1,1,1,0,0,1,1,0,0,1,1,0,1,1,0,1,1,1,1,0,1,1,1,0,0 : 2986.0
1,1,1,1,0,0,1,1,0,0,1,1,0,1,1,0,1,1,1,1,0,1,0,1,0,0 : 2986.0
1,1,1,1,0,1,1,1,0,0,1,1,0,1,1,0,1,1,1,1,0,1,0,0,0,0 : 2986.0
1,1,1,1,0,1,0,0,0,0,1,1,0,1,1,1,1,1,1,1,0,1,0,0,0,0 : 2986.0
1,1,1,1,0,1,0,0,1,0,1,1,0,1,1,1,1,1,1,1,0,1,0,0,0,0 : 2986.0
1,1,1,1,0,1,0,0,0,0,1,1,0,1,1,1,1,1,1,1,0,1,0,0,0,0 : 2986.0
1,1,1,1,0,1,0,0,1,0,1,1,0,1,1,0,1,1,1,1,0,1,0,0,0,0 : 2986.0
1,1,1,1,0,1,0,0,1,0,1,1,0,1,1,0,1,1,1,1,0,1,0,0,0,0 : 2986.0
1,1,1,1,0,1,1,1,0,0,1,1,0,1,1,0,1,1,1,1,0,1,0,1,0,0 : 2986.0
1,1,1,1,0,0,1,1,0,0,1,1,0,1,1,0,1,1,1,1,0,1,0,1,0,0 : 2986.0
1,1,1,1,0,1,1,1,0,0,1,1,0,1,1,0,1,1,1,1,0,0,0,1,0,0 : 2986.0
1,1,1,1,0,0,1,1,0,0,1,1,0,1,1,0,1,1,1,1,0,1,1,1,0,0 : 2986.0
1,1,1,1,0,0,1,1,0,0,1,1,0,1,1,0,1,1,1,1,0,1,0,1,0,0 : 2986.0
1,1,1,1,0,1,1,1,0,0,1,1,0,1,1,0,1,1,1,1,0,1,0,0,0,0 : 2986.0
1,1,1,1,0,1,0,0,0,0,1,1,0,1,1,1,1,1,1,1,0,1,0,0,0,0 : 2986.0
1,1,1,1,0,1,0,0,1,0,1,1,0,1,1,1,1,1,1,1,0,1,0,0,0,0 : 2986.0
1,1,1,1,0,1,0,0,0,0,1,1,0,1,1,1,1,1,1,1,0,1,0,0,0,0 : 2986.0
1,1,1,1,0,1,0,0,1,0,1,1,0,1,1,0,1,1,1,1,0,1,0,0,0,0 : 2986.0
1,1,1,1,0,1,0,0,1,0,1,1,0,1,1,0,1,1,1,1,0,1,0,0,0,0 : 2986.0
1,1,1,1,0,1,0,0,1,1,1,1,0,1,1,1,1,1,1,0,0,1,0,0,0,1 : 3058.0
1,1,1,1,0,1,0,0,1,1,1,1,0,1,1,1,1,1,1,0,0,1,0,0,0,1 : 3058.0
1,1,1,1,0,1,0,0,1,1,1,1,0,1,1,1,1,1,1,0,0,1,0,0,0,1 : 3058.0
1,1,1,1,0,1,0,0,1,1,1,1,0,1,1,1,1,1,1,0,0,1,0,0,0,1 : 3058.0
1,1,1,1,0,1,1,0,1,0,1,1,0,1,1,0,1,1,1,1,0,1,1,1,0,1 : 3106.0
1,1,1,1,0,1,0,0,1,0,1,1,0,1,1,0,1,1,1,1,0,1,1,1,0,1 : 3106.0
1,1,1,1,0,1,0,0,1,0,1,1,0,1,1,0,1,1,1,1,0,1,1,1,0,1 : 3106.0
1,1,1,1,0,1,1,0,1,0,1,1,0,1,1,0,1,1,1,1,0,1,1,1,0,1 : 3106.0
1,1,1,1,0,1,0,0,1,0,1,1,0,1,1,0,1,1,1,1,0,1,1,1,0,1 : 3106.0
1,1,1,1,0,1,0,0,1,0,1,1,0,1,1,0,1,1,1,1,0,1,1,1,0,1 : 3106.0
1,1,1,1,0,1,0,0,1,0,1,1,0,1,1,0,1,1,1,1,0,1,1,1,0,1 : 3106.0
1,1,1,1,0,1,1,0,1,0,1,1,0,1,1,0,1,1,1,1,0,1,1,1,0,1 : 3106.0
1,1,1,1,0,1,0,0,1,0,1,1,0,1,1,0,1,1,1,1,0,1,1,1,0,1 : 3106.0
1,1,1,1,0,1,0,0,1,0,1,1,0,1,1,0,1,1,1,1,0,1,1,1,0,1 : 3106.0
1,1,1,1,0,1,1,0,1,0,1,1,0,1,1,0,1,1,1,1,0,1,1,1,0,1 : 3106.0
1,1,1,1,0,1,0,0,1,0,1,1,0,1,1,0,1,1,1,1,0,1,1,1,0,1 : 3106.0
1,1,1,1,0,1,0,0,1,0,1,1,0,1,1,0,1,1,1,1,0,1,1,1,0,1 : 3106.0
1,1,1,1,0,1,0,0,1,0,1,1,0,1,1,0,1,1,1,1,0,1,1,1,0,1 : 3106.0
1,1,1,1,0,0,1,0,1,1,1,1,0,1,1,0,1,1,1,0,0,1,1,1,0,0 : 3127.0
1,1,1,1,0,1,0,0,1,1,1,1,0,1,1,0,1,1,1,0,1,1,1,1,0,0 : 3127.0
1,1,1,1,0,0,1,0,1,1,1,1,0,1,1,0,1,1,1,0,0,1,1,1,0,0 : 3127.0
1,1,1,1,0,1,0,0,1,1,1,1,0,1,1,0,1,1,1,0,1,1,1,1,0,0 : 3127.0
1,1,1,1,0,1,0,0,1,1,1,1,0,1,1,0,1,1,1,0,0,1,1,1,0,0 : 3127.0
1,1,1,1,0,1,0,0,1,1,1,1,0,1,1,0,1,1,1,0,1,1,1,1,0,0 : 3127.0
1,1,1,1,0,1,0,0,1,1,1,1,0,1,1,0,1,1,1,0,0,1,0,0,0,0 : 3127.0
1,1,1,1,0,0,1,0,1,1,1,1,0,1,1,0,1,1,1,0,0,1,1,1,0,0 : 3127.0
1,1,1,1,0,1,0,0,1,1,1,1,0,1,1,0,1,1,1,0,1,1,1,1,0,0 : 3127.0
1,1,1,1,0,0,1,0,1,1,1,1,0,1,1,0,1,1,1,0,0,1,1,1,0,0 : 3127.0
1,1,1,1,0,1,0,0,1,1,1,1,0,1,1,0,1,1,1,0,1,1,1,1,0,0 : 3127.0
1,1,1,1,0,1,0,0,1,1,1,1,0,1,1,0,1,1,1,0,0,1,1,1,0,0 : 3127.0
1,1,1,1,0,1,0,0,1,1,1,1,0,1,1,0,1,1,1,0,1,1,1,1,0,0 : 3127.0
1,1,1,1,0,1,0,0,1,1,1,1,0,1,1,0,1,1,1,0,0,1,0,0,0,0 : 3127.0
1,1,1,1,0,1,0,0,1,0,1,1,0,1,1,0,1,1,1,1,0,1,0,0,0,1 : 3177.0
1,1,1,1,0,1,0,0,1,0,1,1,0,1,1,0,1,1,1,1,0,1,0,0,0,1 : 3177.0
1,1,1,1,0,1,0,0,1,1,1,1,0,1,1,0,1,1,1,0,1,1,1,1,0,1 : 3303.0
1,1,1,1,0,0,1,0,1,1,1,1,0,1,1,0,1,1,1,0,0,1,1,1,0,1 : 3303.0
1,1,1,1,0,0,1,0,1,1,1,1,0,1,1,0,1,1,1,0,0,0,1,1,0,1 : 3303.0
1,1,1,1,0,1,0,0,1,1,1,1,0,1,1,0,1,1,1,0,1,1,1,1,0,1 : 3303.0
1,1,1,1,0,0,1,0,1,1,1,1,0,1,1,0,1,1,1,0,0,1,1,1,0,1 : 3303.0
1,1,1,1,0,0,1,0,1,1,1,1,0,1,1,0,1,1,1,0,0,0,1,1,0,1 : 3303.0
1,1,1,1,0,1,0,0,1,1,1,1,0,1,1,1,1,1,1,1,0,1,0,0,0,0 : 3336.0
1,1,1,1,0,1,0,0,0,1,1,1,0,1,1,0,1,1,1,1,0,1,0,0,0,0 : 3336.0
1,1,1,1,0,1,0,0,0,1,1,1,0,1,1,1,1,1,1,1,0,1,0,0,0,0 : 3336.0
1,1,1,1,0,1,0,0,1,1,1,1,0,1,1,1,1,1,1,1,0,1,0,0,0,0 : 3336.0
1,1,1,1,0,1,0,0,1,1,1,1,0,1,1,0,1,1,1,1,0,1,0,0,0,0 : 3336.0
1,1,1,1,0,1,0,0,0,1,1,1,0,1,1,1,1,1,1,1,0,1,0,0,0,0 : 3336.0
1,1,1,1,0,1,0,0,0,1,1,1,0,1,1,1,1,1,1,1,0,1,0,0,0,0 : 3336.0
1,1,1,1,0,1,0,0,1,1,1,1,0,1,1,1,1,1,1,1,0,1,0,0,0,0 : 3336.0
1,1,1,1,0,1,0,0,0,1,1,1,0,1,1,1,1,1,1,1,0,1,0,0,0,0 : 3336.0
1,1,1,1,0,1,0,0,1,1,1,1,0,1,1,0,1,1,1,1,0,1,0,0,0,0 : 3336.0
1,1,1,1,0,1,0,0,1,1,1,1,0,1,1,1,1,1,1,1,0,1,0,0,0,0 : 3336.0
1,1,1,1,0,1,0,0,0,1,1,1,0,1,1,0,1,1,1,1,0,1,0,0,0,0 : 3336.0
1,1,1,1,0,1,0,0,0,1,1,1,0,1,1,1,1,1,1,1,0,1,0,0,0,0 : 3336.0
1,1,1,1,0,1,0,0,1,1,1,1,0,1,1,1,1,1,1,1,0,1,0,0,0,0 : 3336.0
1,1,1,1,0,1,0,0,1,1,1,1,0,1,1,0,1,1,1,1,0,1,0,0,0,0 : 3336.0
1,1,1,1,0,1,0,0,0,1,1,1,0,1,1,1,1,1,1,1,0,1,0,0,0,0 : 3336.0
1,1,1,1,0,1,0,0,0,1,1,1,0,1,1,1,1,1,1,1,0,1,0,0,0,0 : 3336.0
1,1,1,1,0,1,0,0,1,1,1,1,0,1,1,1,1,1,1,1,0,1,0,0,0,0 : 3336.0
1,1,1,1,0,1,0,0,0,1,1,1,0,1,1,1,1,1,1,1,0,1,0,0,0,0 : 3336.0
1,1,1,1,0,1,0,0,1,1,1,1,0,1,1,0,1,1,1,1,0,1,0,0,0,0 : 3336.0
1,1,1,1,0,1,0,1,0,1,1,1,0,1,1,1,1,1,1,1,0,1,0,0,0,0 : 3341.0
1,1,1,1,0,0,0,1,1,1,1,1,0,1,1,0,1,1,1,1,0,1,0,0,0,0 : 3341.0
1,1,1,1,0,0,1,1,0,1,1,1,0,1,1,0,1,1,1,1,0,0,1,1,0,0 : 3341.0
1,1,1,1,0,0,0,1,1,1,1,1,0,1,1,0,1,1,1,1,0,1,0,0,0,0 : 3341.0
1,1,1,1,0,1,0,1,0,1,1,1,0,1,1,1,1,1,1,1,0,1,0,0,0,0 : 3341.0
1,1,1,1,0,0,0,1,1,1,1,1,0,1,1,0,1,1,1,1,0,1,0,0,0,0 : 3341.0
1,1,1,1,0,0,1,1,0,1,1,1,0,1,1,0,1,1,1,1,0,0,1,1,0,0 : 3341.0
1,1,1,1,0,0,0,1,1,1,1,1,0,1,1,0,1,1,1,1,0,1,0,0,0,0 : 3341.0
1,1,1,1,0,1,0,0,1,1,1,1,0,1,1,1,1,1,1,1,0,1,0,1,0,1 : 3517.0
1,1,1,1,0,1,0,1,0,1,1,1,0,1,1,1,1,1,1,1,0,1,0,1,0,1 : 3517.0
1,1,1,1,0,1,0,0,1,1,1,1,0,1,1,0,1,1,1,1,0,1,0,0,0,1 : 3517.0
1,1,1,1,0,1,1,0,1,1,1,1,0,1,1,0,1,1,1,1,0,1,1,1,0,1 : 3517.0
1,1,1,1,0,0,0,0,1,1,1,1,0,1,1,0,1,1,1,1,0,1,1,1,0,1 : 3517.0
1,1,1,1,0,1,0,0,0,1,1,1,0,1,1,0,1,1,1,1,1,1,1,1,0,1 : 3517.0
1,1,1,1,0,1,0,0,1,1,1,1,0,1,1,1,1,1,1,1,0,1,1,1,0,1 : 3517.0
1,1,1,1,0,1,0,0,0,1,1,1,0,1,1,0,1,1,1,1,0,1,0,0,0,1 : 3517.0
1,1,1,1,0,1,0,0,0,1,1,1,0,1,1,0,1,1,1,1,0,1,0,0,0,1 : 3517.0
1,1,1,1,0,1,0,1,1,1,1,1,0,1,1,0,1,1,1,1,0,1,0,1,0,1 : 3517.0
