0,1,1,0,0,0,0,1,1,0,0,0,0,1,1,0,0,0 : 0.3606
0,1,1,0,0,0,0,1,1,0,0,0,0,1,1,0,0,0 : 0.3606
0,1,1,0,0,0,0,1,1,0,0,0,0,1,1,0,0,0 : 0.3606
0,1,1,0,0,0,0,1,1,0,0,0,0,1,1,0,0,0 : 0.3606
0,1,1,0,0,0,0,1,1,0,0,0,0,1,1,0,0,0 : 0.3606
0,1,1,0,0,0,0,1,1,0,0,0,0,1,1,0,0,0 : 0.3606
0,1,0,0,1,0,0,1,1,0,0,0,0,1,0,0,0,1 : 0.3664
0,1,0,0,1,0,0,1,1,0,0,0,0,1,0,0,0,1 : 0.3664
0,1,0,0,1,0,0,1,1,0,0,0,0,1,0,0,0,1 : 0.3664
0,1,0,0,1,0,0,1,1,0,0,0,0,1,0,0,0,1 : 0.3664
0,1,0,1,0,0,0,1,1,0,0,0,0,1,0,0,0,1 : 0.3671
0,1,0,1,0,0,0,1,1,0,0,0,0,1,0,0,0,1 : 0.3671
0,1,0,1,1,0,1,1,1,0,0,0,0,1,0,1,0,0 : 0.383
0,1,1,1,1,0,1,1,1,0,0,0,0,1,0,0,1,0 : 0.383
0,1,0,1,1,0,1,1,1,0,0,0,0,1,0,1,0,0 : 0.383
0,1,0,1,1,0,1,1,1,0,0,0,0,1,0,1,0,0 : 0.383
0,1,1,1,1,0,1,1,1,0,0,0,0,1,0,0,1,0 : 0.383
0,1,0,1,1,0,1,1,1,0,0,0,0,1,0,1,0,0 : 0.383
0,1,0,1,1,0,1,1,1,0,0,0,0,1,0,1,0,0 : 0.383
0,1,0,1,1,0,1,1,1,0,0,0,0,1,0,1,0,0 : 0.383
0,1,0,1,1,0,1,1,1,0,0,0,0,1,0,1,0,0 : 0.383
0,1,1,1,1,0,1,1,1,0,0,0,0,1,0,0,1,0 : 0.383
0,1,0,1,1,0,1,1,1,0,0,0,0,1,0,1,0,0 : 0.383
0,1,0,1,1,0,1,1,1,0,0,0,0,1,0,1,0,0 : 0.383
0,1,1,1,1,0,1,1,1,0,0,0,0,1,0,0,1,0 : 0.383
0,1,0,1,1,0,1,1,1,0,0,0,0,1,0,1,0,0 : 0.383
0,1,0,1,1,0,1,1,1,0,0,0,0,1,0,1,0,0 : 0.383
0,1,0,1,1,0,1,1,1,0,0,0,0,1,0,1,0,0 : 0.383
0,1,0,0,1,0,1,1,1,0,0,0,0,1,0,1,0,0 : 0.3861
0,1,0,0,1,0,1,1,1,0,0,0,0,1,0,1,0,0 : 0.3861
0,1,0,0,1,0,1,1,1,0,0,0,0,1,0,1,0,0 : 0.3861
0,1,0,0,1,0,1,1,1,0,0,0,0,1,0,1,0,0 : 0.3861
0,1,0,0,1,0,1,1,1,0,0,0,0,1,0,1,0,0 : 0.3861
0,1,0,0,1,0,1,1,1,0,0,0,0,1,0,1,0,0 : 0.3861
0,0,0,0,0,1,0,1,0,1,0,0,0,1,0,0,0,1 : 0.4329
0,0,0,0,0,1,0,1,0,1,0,0,0,1,0,0,0,1 : 0.4329
0,0,0,0,0,1,0,1,0,1,0,0,0,1,0,0,0,1 : 0.4329
0,0,0,0,0,1,0,1,0,1,0,0,0,1,0,0,0,1 : 0.4329
0,0,0,0,0,1,0,1,0,1,0,0,0,1,0,0,0,1 : 0.4329
0,0,0,0,0,1,0,1,0,1,0,0,0,1,0,0,0,1 : 0.4329
0,0,1,1,0,0,0,1,0,1,0,0,0,1,0,0,0,1 : 0.4439
0,0,1,1,0,1,0,1,0,1,0,0,0,1,0,0,0,1 : 0.4439
0,0,1,1,0,0,0,1,0,1,0,0,0,1,0,0,0,1 : 0.4439
0,0,1,1,0,1,0,1,0,1,0,0,0,1,0,0,0,1 : 0.4439
0,0,1,1,1,1,0,1,0,1,0,0,0,1,0,0,0,1 : 0.4449
0,0,1,1,1,1,0,1,0,1,0,0,0,1,0,0,0,1 : 0.4449
0,0,1,1,1,1,0,1,0,1,0,0,0,1,0,0,0,1 : 0.4449
0,0,1,1,1,1,0,1,0,1,0,0,0,1,0,0,0,1 : 0.4449
0,0,1,1,1,1,0,1,0,1,0,0,0,1,0,0,0,1 : 0.4449
0,0,1,1,1,1,0,1,0,1,0,0,0,1,0,0,0,1 : 0.4449
0,0,1,0,1,0,0,1,0,1,0,0,0,1,0,0,1,0 : 0.4455
0,0,1,0,1,0,0,1,0,1,0,0,0,1,0,0,1,0 : 0.4455
0,0,1,0,1,0,0,1,0,1,0,0,0,1,0,0,1,0 : 0.4455
0,0,1,0,1,0,0,1,0,1,0,0,0,1,0,0,1,0 : 0.4455
0,0,1,0,1,0,0,1,0,1,0,0,0,1,0,0,1,0 : 0.4455
0,0,1,0,1,0,0,1,0,1,0,0,0,1,0,0,1,0 : 0.4455
0,0,1,0,1,0,0,1,0,1,0,0,0,1,0,0,1,0 : 0.4455
0,0,1,0,1,0,0,1,0,1,0,0,0,1,0,0,1,0 : 0.4455
0,0,1,0,1,0,0,1,0,1,0,0,0,1,0,0,1,0 : 0.4455
0,0,1,0,1,0,0,1,0,1,0,0,0,1,0,0,1,0 : 0.4455
0,0,1,0,1,1,0,1,0,1,0,0,0,1,1,0,0,0 : 0.4456
0,0,1,0,1,1,0,1,0,1,0,0,0,1,1,0,0,0 : 0.4456
0,0,1,0,0,0,0,1,0,1,0,0,0,1,0,0,1,0 : 0.4478
0,0,1,0,0,0,0,1,0,1,0,0,0,1,0,0,1,0 : 0.4478
0,0,0,0,1,0,0,1,0,1,0,0,0,1,1,0,0,0 : 0.4505
0,0,0,0,1,1,0,1,0,1,0,0,0,1,1,0,0,0 : 0.4505
0,0,0,0,1,1,0,1,0,1,0,0,0,1,1,0,0,0 : 0.4505
0,0,0,0,1,1,0,1,0,1,0,0,0,1,1,0,0,0 : 0.4505
0,0,0,0,1,1,0,1,0,1,0,0,0,1,1,0,0,0 : 0.4505
0,0,0,0,1,0,0,1,0,1,0,0,0,1,1,0,0,0 : 0.4505
0,0,0,0,1,1,0,1,0,1,0,0,0,1,1,0,0,0 : 0.4505
0,0,0,0,1,1,0,1,0,1,0,0,0,1,1,0,0,0 : 0.4505
0,0,0,0,1,1,0,1,0,1,0,0,0,1,1,0,0,0 : 0.4505
0,0,0,0,1,1,0,1,0,1,0,0,0,1,1,0,0,0 : 0.4505
0,0,0,1,0,1,0,1,0,1,0,0,0,1,0,1,0,0 : 0.4526
0,0,0,1,0,1,0,1,0,1,0,0,0,1,0,1,0,0 : 0.4526
0,0,1,0,1,1,0,1,0,1,0,0,0,1,0,0,1,0 : 0.4555
0,0,1,0,1,1,0,1,0,1,0,0,0,1,0,0,1,0 : 0.4555
0,0,1,0,1,1,0,1,0,1,0,0,0,1,0,0,1,0 : 0.4555
0,0,1,0,1,1,0,1,0,1,0,0,0,1,0,0,1,0 : 0.4555
0,0,0,1,1,1,0,1,0,1,0,0,0,1,1,0,0,0 : 0.4603
0,0,0,1,1,1,0,1,0,1,0,0,0,1,1,0,0,0 : 0.4603
0,0,0,1,1,1,0,1,0,1,0,0,0,1,1,0,0,0 : 0.4603
0,0,0,1,1,1,0,1,0,1,0,0,0,1,1,0,0,0 : 0.4603
0,0,0,1,0,0,0,1,0,0,1,0,0,1,0,1,0,0 : 0.4785
0,0,0,1,0,0,0,1,0,0,1,0,0,1,0,1,0,0 : 0.4785
0,0,0,0,0,0,0,1,0,0,1,0,0,1,0,1,0,0 : 0.4785
0,0,0,1,0,0,0,1,0,0,1,0,0,1,0,1,0,0 : 0.4785
0,0,0,1,0,0,0,1,0,0,1,0,0,1,0,1,0,0 : 0.4785
0,0,0,0,0,0,0,1,0,0,1,0,0,1,0,1,0,0 : 0.4785
0,0,0,0,1,0,0,1,0,0,1,0,0,1,0,0,0,1 : 0.485
0,0,0,0,1,0,0,1,0,0,1,0,0,1,0,0,0,1 : 0.485
0,0,0,0,1,0,0,1,0,0,1,0,0,1,0,0,0,1 : 0.485
0,0,0,0,1,0,0,1,0,0,1,0,0,1,0,0,0,1 : 0.485
0,0,0,0,1,0,0,1,0,0,1,0,0,1,0,0,0,1 : 0.485
0,0,0,0,1,0,0,1,0,0,1,0,0,1,0,0,0,1 : 0.485
0,0,0,0,1,0,0,1,0,0,1,0,0,1,0,0,0,1 : 0.485
0,0,0,0,1,0,0,1,0,0,1,0,0,1,0,0,0,1 : 0.485
0,0,1,1,0,0,0,1,0,0,1,0,0,1,0,1,0,0 : 0.4971
0,0,1,1,0,0,0,1,0,0,1,0,0,1,0,1,0,0 : 0.4971
