1,1,0,1,0,0,0,1,1,0,0,0,1,0,0,1,1,0,1,0,1,0,0,1,0,1,1,0,0,0,0,1,0,1,0,0,1,1,0 : 13.0769
1,1,0,1,0,0,1,0,0,0,0,1,0,0,1,1,1,0,1,1,1,1,1,1,0,0,0,0,1,0,1,0,0,1,0,1,0,1,1 : 13.5935
1,1,0,0,0,0,0,1,0,1,0,1,0,1,0,0,0,0,1,0,0,1,0,1,0,0,0,1,0,0,1,0,1,1,0,0,0,1,1 : 13.7919
0,1,1,1,0,0,0,0,0,0,1,1,1,1,0,1,1,0,0,0,1,0,0,1,1,1,0,0,1,1,0,0,1,0,0,0,0,0,0 : 13.1284
1,1,0,1,0,1,0,1,1,1,1,0,0,0,0,1,1,1,0,1,0,0,1,1,0,1,0,1,1,0,0,0,1,0,0,0,1,1,0 : 14.3946
0,1,0,0,0,0,1,1,1,0,1,0,0,1,1,1,1,0,1,0,1,0,1,0,0,0,1,0,0,0,0,0,0,0,0,0,1,0,0 : 13.3165
1,1,0,1,1,1,1,0,1,0,0,0,1,0,1,1,0,0,0,1,0,0,1,0,0,0,1,1,1,0,0,0,0,1,0,0,1,0,1 : 13.4596
1,1,0,0,1,0,1,1,1,1,1,1,1,1,0,0,0,1,1,1,0,1,0,1,1,0,1,0,0,0,1,0,0,1,0,1,1,0,0 : 13.7606
0,1,0,0,0,0,0,1,1,0,1,0,1,0,0,1,0,0,1,0,1,1,0,0,0,0,0,0,0,1,0,0,0,1,0,0,0,0,1 : 13.1284
1,1,0,1,0,0,0,1,1,1,1,1,0,0,0,1,0,0,1,1,0,0,1,0,0,0,0,0,1,0,0,0,1,0,0,0,0,0,1 : 13.3165
0,1,0,1,0,0,1,0,1,0,0,0,0,0,1,1,0,1,1,0,0,1,0,0,0,0,0,1,0,0,1,0,0,0,0,0,0,1,0 : 13.3165
1,1,0,0,0,0,1,1,1,1,0,0,1,0,1,0,1,0,1,1,1,0,1,0,1,1,0,1,1,0,0,1,0,1,0,0,1,1,0 : 13.3695
1,0,0,1,1,1,0,1,0,1,1,0,0,0,0,1,1,0,0,1,1,1,0,1,0,1,1,1,0,1,0,1,0,1,0,0,1,0,1 : 14.3946
0,0,0,0,1,0,1,1,0,0,1,1,0,0,1,0,0,0,1,1,1,0,0,1,1,1,0,0,0,0,0,0,0,0,0,1,0,0,1 : 13.3695
0,1,0,0,1,0,1,0,1,1,0,1,1,1,1,1,0,1,1,0,0,0,1,0,0,1,0,0,0,1,0,0,0,1,0,0,1,0,0 : 14.2626
1,1,0,0,0,0,1,1,1,0,0,1,0,1,0,0,0,0,1,0,0,0,1,0,1,0,1,0,0,1,1,0,1,1,0,1,0,0,1 : 13.6324
1,1,0,0,1,1,1,1,1,0,0,1,1,0,1,1,0,0,1,1,1,1,1,0,1,0,1,1,0,1,0,1,0,1,0,1,1,1,0 : 13.4596
0,0,0,1,0,0,0,0,1,0,1,0,1,0,1,1,1,1,0,0,1,1,0,1,0,0,0,0,0,1,1,0,0,1,0,0,0,0,0 : 13.1284
0,1,0,0,0,0,1,0,1,1,1,0,1,0,1,1,0,0,1,1,1,0,0,0,0,1,1,0,1,1,0,0,0,1,1,1,0,0,0 : 13.1284
0,0,0,1,0,1,0,0,1,1,0,1,0,0,0,1,0,0,1,0,1,1,0,1,0,1,0,0,1,1,1,0,1,0,0,1,1,1,1 : 14.3946
0,1,0,1,0,0,1,1,1,0,0,1,1,1,0,1,0,1,0,0,0,1,0,1,0,1,1,0,1,1,0,0,1,0,0,1,0,1,1 : 13.1284
1,1,0,0,0,0,1,1,0,0,0,1,0,1,0,0,1,1,1,1,1,1,1,0,0,0,1,1,0,0,1,0,1,1,0,0,1,1,1 : 13.6324
1,0,0,1,1,0,1,1,1,1,0,1,0,1,1,0,1,1,0,1,1,1,0,1,1,1,0,0,1,0,0,0,1,1,0,0,1,0,0 : 13.3695
0,1,0,1,1,0,1,0,0,0,1,1,1,0,0,0,0,1,0,1,1,0,1,0,0,0,0,1,0,0,1,1,0,1,0,1,0,0,1 : 13.6324
1,1,1,0,0,1,0,1,0,0,0,0,0,0,0,1,0,0,0,0,0,1,1,1,0,1,1,1,0,0,1,1,0,1,1,0,0,0,1 : 13.4596
1,0,0,0,0,0,1,1,1,0,1,0,0,0,1,1,0,1,0,0,1,1,0,1,0,0,0,0,1,1,0,1,1,0,0,0,1,1,1 : 13.1284
0,1,0,1,0,0,0,1,0,1,0,1,0,0,0,1,0,0,0,1,0,0,0,1,0,1,0,1,0,0,1,0,1,1,0,0,1,1,0 : 13.7428
0,0,1,1,0,0,0,0,1,1,1,1,1,1,0,1,0,1,0,0,1,0,0,1,0,0,1,0,0,1,0,1,0,1,0,1,1,0,0 : 13.1284
0,1,0,1,0,1,1,0,0,0,1,0,0,1,0,1,0,0,1,0,0,0,0,0,0,0,1,0,1,1,1,1,1,0,0,1,1,1,0 : 13.4596
0,1,0,0,1,1,0,1,0,0,1,0,1,0,0,1,1,0,0,1,0,1,1,0,0,0,0,0,0,1,1,0,0,0,0,0,1,1,1 : 13.4596
1,0,0,1,1,1,0,0,1,0,0,0,1,0,1,1,0,0,1,0,1,1,1,0,0,0,1,0,0,0,0,0,1,0,0,0,1,0,1 : 13.4596
1,0,0,1,0,0,1,1,1,0,0,0,1,1,0,0,1,1,1,1,1,0,0,0,1,0,1,0,0,1,1,0,1,1,0,0,0,1,1 : 13.6324
1,0,0,1,0,0,0,0,0,1,1,0,1,1,1,1,0,0,0,0,0,0,0,0,0,0,1,0,0,1,0,0,0,1,0,0,1,1,1 : 13.1284
0,1,0,0,0,0,1,1,0,0,1,1,0,1,0,1,0,1,0,1,0,1,0,0,0,0,0,0,0,1,1,0,1,0,0,1,0,1,0 : 13.1284
1,0,0,0,0,0,0,1,1,0,1,1,1,0,1,1,0,1,1,1,0,0,0,1,1,0,1,0,0,0,1,0,0,0,0,0,0,1,0 : 13.1298
1,0,0,1,1,1,0,1,1,1,0,0,1,0,1,0,1,0,1,0,0,1,1,1,0,0,0,0,0,0,0,0,0,0,1,1,0,0,0 : 14.4688
1,1,1,0,0,1,0,0,1,1,0,1,0,0,1,1,1,1,1,0,0,0,0,1,0,1,0,1,1,0,0,0,0,0,0,0,1,0,0 : 14.3946
1,0,0,1,0,0,1,0,1,0,0,1,0,0,0,1,1,0,1,1,0,1,1,1,0,0,1,0,1,0,0,0,1,0,0,0,1,0,1 : 13.3165
0,0,1,0,0,1,0,0,0,1,0,0,1,0,1,0,1,1,1,1,0,0,1,0,1,1,0,0,1,0,0,0,1,0,0,0,0,0,0 : 14.4688
0,0,0,1,1,1,1,1,1,0,0,0,1,1,0,1,0,1,1,0,1,1,0,1,0,0,0,0,1,0,0,0,1,0,0,0,0,0,0 : 13.4596
0,1,0,1,0,1,1,0,0,0,1,0,1,0,1,1,0,1,0,1,0,1,1,1,0,1,1,1,1,0,0,1,1,0,1,0,0,0,1 : 13.4596
0,1,0,1,0,0,1,0,1,0,0,0,0,0,0,0,0,0,1,0,1,0,1,0,1,1,0,1,0,1,0,0,1,1,0,1,0,0,1 : 15.6585
1,1,0,1,0,1,0,0,0,0,0,0,0,0,0,1,0,1,0,0,0,0,1,1,1,0,1,0,0,0,0,0,1,1,0,0,1,0,0 : 13.4596
1,0,0,1,0,1,1,1,1,0,0,0,0,0,1,1,0,0,1,0,0,1,1,0,0,0,1,0,0,1,1,1,0,1,0,0,0,1,0 : 13.4596
1,1,0,1,1,1,1,1,0,0,1,1,1,1,1,1,1,1,1,1,0,1,1,0,0,0,0,0,0,1,1,0,1,1,0,1,0,1,1 : 13.4596
1,0,1,1,0,0,0,0,1,1,0,1,0,0,1,0,0,0,0,0,1,1,1,0,0,0,1,0,1,1,0,0,1,0,0,1,0,0,1 : 13.4452
1,0,0,0,0,1,1,0,1,0,1,0,1,1,1,1,0,1,1,1,1,1,0,0,0,1,1,0,0,0,0,1,0,1,0,1,0,1,0 : 13.4596
1,0,0,0,1,1,0,0,1,0,0,1,0,1,1,1,1,0,1,1,1,1,1,0,0,0,1,0,0,0,1,0,1,0,0,0,1,0,1 : 13.4596
1,1,0,1,0,0,1,1,1,0,0,0,1,0,1,1,1,1,1,0,1,0,1,1,0,1,1,0,0,0,0,0,1,1,0,0,1,1,0 : 13.0769
0,1,0,1,0,0,0,0,0,0,1,0,1,0,1,1,0,0,1,1,0,1,1,1,0,0,1,0,1,0,1,1,0,1,0,0,0,1,0 : 13.8582
1,0,1,0,0,0,1,1,0,0,0,1,0,1,0,1,1,1,0,0,0,1,0,0,1,1,0,0,1,1,1,0,0,1,0,0,0,0,0 : 13.1284
1,0,0,1,0,1,1,0,1,0,0,0,1,0,1,1,0,0,1,1,0,1,1,0,0,0,1,0,0,0,0,0,1,1,0,1,0,0,0 : 13.4596
1,0,0,1,0,0,1,1,1,1,0,0,0,0,1,0,0,1,1,1,0,0,1,0,1,1,0,1,0,1,0,0,0,0,1,1,0,0,0 : 13.3695
1,1,0,0,0,1,1,1,1,0,0,1,0,1,1,1,1,0,0,0,0,1,1,1,0,1,1,0,1,0,1,1,0,1,0,0,1,1,1 : 13.4596
1,1,0,1,0,1,1,1,1,0,0,0,0,0,0,1,1,0,0,1,0,0,1,0,0,0,0,0,1,0,1,0,0,0,0,0,1,0,1 : 13.4596
0,1,0,1,0,1,1,0,1,0,0,0,0,1,1,1,0,1,0,0,1,1,0,0,0,0,0,0,1,0,1,0,1,0,0,1,0,1,0 : 13.4596
0,0,0,1,0,0,1,0,1,1,1,1,0,1,0,1,0,0,0,1,0,0,1,1,0,1,0,0,0,0,1,0,1,0,0,0,0,1,1 : 13.4238
0,1,0,0,0,0,0,0,0,0,1,0,1,0,0,1,1,0,1,0,1,1,0,1,0,1,0,0,0,1,1,0,1,1,0,1,0,1,1 : 13.1284
1,1,0,1,0,0,0,1,1,0,0,1,1,1,1,1,1,0,1,1,1,1,0,1,1,1,0,0,1,0,1,0,0,1,0,0,1,1,0 : 13.0769
0,1,0,0,0,0,0,0,1,1,1,0,1,1,1,1,0,1,1,1,1,1,0,1,0,0,1,1,0,1,0,0,1,0,0,0,0,0,0 : 13.1284
0,1,0,0,0,0,1,0,1,0,1,1,0,0,0,1,0,1,1,0,1,1,1,0,0,0,0,1,1,0,0,0,1,0,1,1,0,0,0 : 13.5935
1,0,0,0,1,1,0,1,1,0,1,1,0,1,1,1,0,0,0,1,1,1,0,1,1,0,1,1,0,1,0,1,1,0,0,0,0,0,0 : 13.4596
1,0,0,0,1,1,1,0,0,0,1,1,0,0,1,1,0,1,1,0,1,1,0,0,1,1,0,0,1,1,1,1,0,1,0,0,0,1,0 : 13.4596
1,1,0,1,0,0,1,0,1,0,0,0,1,0,0,0,1,1,1,1,1,1,1,1,0,0,0,0,1,1,1,0,0,1,0,0,1,0,0 : 13.7606
0,1,1,0,0,0,1,1,1,0,0,1,0,1,0,1,1,1,0,0,0,0,0,0,0,1,1,0,0,0,1,0,1,1,0,0,0,1,0 : 13.4238
1,1,0,0,0,0,1,1,1,0,0,0,1,0,1,1,1,1,1,0,0,1,0,1,0,0,1,0,0,0,0,0,1,1,0,0,0,0,0 : 13.0769
0,1,0,1,1,1,0,0,1,1,1,0,1,0,0,1,1,0,0,1,1,0,0,1,0,0,0,0,0,0,0,0,1,1,0,0,1,1,1 : 14.3946
1,1,0,0,0,0,0,0,1,1,0,0,0,0,0,1,0,0,1,0,1,0,0,1,1,0,1,1,0,1,0,0,1,1,0,0,1,0,0 : 13.1284
0,0,0,0,1,1,1,0,1,0,0,1,0,1,0,1,1,1,0,1,0,0,1,0,0,0,0,1,1,0,0,1,1,0,0,0,0,1,1 : 13.4596
1,1,0,0,1,0,0,1,0,1,0,1,0,0,0,1,1,0,0,0,1,1,1,1,0,1,1,0,1,1,1,0,0,0,0,0,1,1,1 : 14.2626
1,0,0,0,1,1,1,1,0,0,1,1,1,0,0,1,0,1,0,1,1,0,0,1,0,1,1,0,1,0,1,0,0,1,0,0,1,1,1 : 13.4596
0,0,0,1,0,0,0,1,0,1,0,1,0,0,1,0,1,0,1,0,1,0,1,0,1,1,0,0,0,0,1,1,0,1,0,1,0,0,0 : 13.1175
1,0,0,1,1,0,0,0,1,0,1,0,0,1,0,0,1,0,1,0,1,1,1,1,0,0,1,1,0,0,1,0,1,1,0,0,1,0,1 : 13.7203
1,1,0,0,0,0,1,0,1,0,1,1,1,0,0,1,1,0,0,0,1,0,0,1,0,0,1,0,1,1,1,0,1,0,0,0,1,1,1 : 13.1284
1,1,0,1,0,1,0,1,0,0,1,0,0,0,1,1,0,1,0,1,1,1,0,1,0,0,1,0,0,1,1,0,1,0,0,0,0,1,0 : 13.4596
0,1,0,0,0,1,0,1,1,0,1,0,0,1,0,1,0,0,1,0,0,1,1,0,0,1,1,0,0,0,1,0,1,0,0,0,1,1,1 : 13.4596
0,1,0,1,0,0,1,1,1,0,1,0,1,0,1,0,0,1,1,0,0,1,1,0,1,1,0,1,0,1,0,0,0,1,0,1,1,1,0 : 13.3695
1,1,0,1,0,1,1,0,0,0,1,1,1,0,0,1,0,0,1,0,1,0,0,0,0,0,0,0,0,0,1,1,0,1,0,1,0,1,0 : 13.4596
1,1,0,0,1,0,1,1,1,0,1,1,0,1,1,0,1,1,0,0,0,1,1,1,0,1,1,1,0,1,0,1,1,0,0,0,1,0,1 : 13.3695
0,0,0,0,1,1,0,1,1,0,1,1,0,0,1,1,0,0,0,1,1,1,1,1,0,0,0,0,1,0,0,0,1,0,0,1,1,1,1 : 13.4596
0,1,1,0,1,0,0,1,0,0,0,1,0,0,0,0,1,0,0,1,0,0,1,1,0,1,1,0,1,0,1,0,1,1,0,0,1,1,1 : 13.8855
0,0,0,1,0,1,0,0,0,0,0,0,1,1,1,1,0,1,0,0,0,1,0,1,0,1,1,0,0,0,0,0,1,1,0,1,1,0,0 : 13.4596
0,0,0,0,0,0,1,1,1,0,0,1,1,0,1,1,1,1,1,1,1,0,1,0,1,0,1,0,0,0,1,0,0,1,0,0,1,1,1 : 13.0769
1,1,0,0,1,1,1,0,0,0,0,0,1,0,1,1,0,0,0,0,0,0,0,0,0,1,1,0,1,0,1,0,0,1,0,0,0,0,1 : 13.4596
1,1,1,0,0,0,1,1,0,0,1,0,0,1,0,0,0,0,1,1,0,0,1,1,0,0,1,0,1,1,1,0,1,1,0,0,0,0,1 : 13.6324
0,1,0,1,0,1,1,1,0,0,1,1,1,0,1,1,0,1,1,1,0,0,0,0,0,1,0,1,1,0,0,0,0,0,0,0,1,0,1 : 13.4596
0,0,0,1,1,0,0,1,0,0,1,1,0,0,0,0,0,1,1,0,1,1,0,0,1,1,0,0,1,0,1,0,1,1,0,1,0,0,1 : 13.6114
1,0,0,1,0,1,1,1,1,0,0,1,1,0,1,1,0,1,1,0,0,0,1,0,1,0,1,0,1,0,0,0,1,1,0,1,0,0,0 : 13.4596
0,0,1,0,1,0,0,1,0,0,0,0,0,0,0,0,0,1,0,0,1,1,0,0,0,0,0,0,1,1,1,0,0,1,0,0,0,1,1 : 13.6114
0,0,0,0,0,0,0,1,1,0,0,0,0,0,1,1,0,0,0,1,1,0,0,1,0,1,0,0,0,1,0,0,0,1,0,0,1,0,1 : 13.1284
1,0,0,0,1,1,0,1,1,0,0,1,1,0,1,1,0,1,0,0,1,0,1,0,0,0,1,1,0,0,1,1,1,0,0,0,0,1,0 : 13.4596
1,0,0,1,0,1,0,0,1,1,1,1,1,0,0,1,0,1,1,1,1,1,0,0,1,1,0,0,1,0,1,0,1,1,0,0,1,1,0 : 14.3946
0,1,0,1,1,0,0,0,1,0,0,0,1,0,0,1,1,1,1,1,0,1,0,1,1,1,0,0,1,0,1,1,1,0,0,0,1,0,0 : 14.2626
1,1,0,1,1,0,1,0,1,1,1,1,1,0,1,0,1,0,0,1,1,0,1,0,0,0,0,0,0,1,0,0,1,1,0,0,0,1,1 : 13.6324
1,0,0,1,0,0,1,0,0,1,1,1,1,1,0,1,1,0,0,1,1,1,0,1,0,0,0,0,1,1,1,1,1,0,0,0,1,1,0 : 13.1284
0,1,0,0,0,0,0,0,0,1,0,0,1,0,0,1,0,1,1,0,1,1,0,1,0,0,1,0,1,1,1,0,0,0,0,0,0,1,0 : 13.1284
1,0,0,0,0,0,1,1,1,1,0,1,0,0,1,1,0,1,0,0,0,1,0,1,1,1,0,0,0,0,0,1,1,0,0,0,0,1,0 : 13.4238
0,1,0,0,0,1,0,0,1,0,0,0,0,0,1,1,1,0,0,0,0,1,0,0,0,1,0,0,1,0,1,0,0,0,1,0,0,1,0 : 13.4596
0,0,1,0,0,0,1,1,0,1,1,0,1,0,1,0,0,1,1,0,1,0,1,1,0,1,1,1,1,0,0,1,0,1,1,0,0,0,1 : 13.3695
1,0,0,1,1,0,1,0,0,0,0,1,1,1,1,0,0,1,1,1,0,1,1,0,0,0,1,0,0,1,1,0,1,0,0,0,1,0,1 : 13.6324
