1,1,0,0,1,0,0,0,0,1,0,0,1,0,0,0,1,1,1,1,1,0,1,1,0,1,0,1,1,0,0,0,1,0,0,1,1,1,1 : 12.7139
0,1,0,0,0,0,0,0,0,1,0,0,1,0,0,0,1,1,1,1,1,1,1,1,0,1,0,0,1,0,0,0,1,0,0,1,1,1,1 : 12.7139
1,0,0,0,0,0,0,1,1,0,0,0,0,1,1,1,1,1,1,1,1,0,0,1,0,1,0,0,0,0,1,0,1,1,1,0,1,0,0 : 12.7139
1,1,0,0,1,0,0,0,0,1,0,0,1,0,0,0,1,1,1,1,1,0,1,1,0,1,0,1,1,0,0,0,1,0,0,1,1,1,1 : 12.7139
0,1,0,0,0,0,0,0,0,1,0,0,1,0,0,0,1,1,1,1,1,1,1,1,0,1,0,0,1,0,0,0,1,0,0,1,1,1,1 : 12.7139
1,0,0,0,0,0,0,1,1,0,0,0,0,1,1,1,1,1,1,1,1,0,0,1,0,1,0,0,0,0,1,0,1,1,1,0,1,0,0 : 12.7139
1,0,0,1,0,0,0,0,0,0,1,1,1,0,0,0,1,1,0,1,1,0,1,1,0,0,0,0,0,0,0,1,0,1,0,1,0,1,0 : 12.8051
1,0,0,1,0,0,0,0,0,0,1,1,1,0,0,0,1,1,0,1,1,0,1,1,0,0,0,0,0,0,0,1,0,1,0,1,0,1,0 : 12.8051
0,0,0,1,1,0,0,0,0,1,1,1,1,1,0,0,1,1,0,1,1,1,1,0,1,0,1,0,0,1,0,0,1,1,0,1,0,0,0 : 12.8051
1,0,0,1,0,0,0,0,0,0,1,1,1,0,0,0,1,1,0,1,1,0,1,1,0,0,0,0,0,0,0,1,0,1,0,1,0,1,0 : 12.8051
1,0,0,1,0,0,0,0,0,0,1,1,1,0,0,0,1,1,0,1,1,0,1,1,0,0,0,0,0,0,0,1,0,1,0,1,0,1,0 : 12.8051
0,0,0,1,1,0,0,0,0,1,1,1,1,1,0,0,1,1,0,1,1,1,1,0,1,0,1,0,0,1,0,0,1,1,0,1,0,0,0 : 12.8051
0,0,1,0,0,0,1,0,1,0,0,0,1,1,1,1,0,1,0,1,0,1,0,0,0,1,0,0,0,1,0,0,0,0,1,0,0,0,1 : 13.0004
0,1,0,0,0,0,0,1,1,1,0,0,1,1,1,1,0,1,1,1,0,0,0,0,0,1,0,0,1,1,1,1,1,0,0,0,1,1,0 : 13.0004
0,0,1,0,0,0,1,0,1,0,0,0,1,1,1,1,0,1,0,1,0,1,0,0,0,1,0,1,0,1,0,0,0,1,0,0,0,0,1 : 13.0004
0,0,1,0,0,0,1,0,1,0,0,0,1,1,1,1,0,1,0,1,0,1,0,0,0,1,0,0,0,1,0,0,0,0,1,0,0,0,1 : 13.0004
0,1,0,0,0,0,0,1,1,1,0,0,1,1,1,1,0,1,1,1,0,0,0,0,0,1,0,0,1,1,1,1,1,0,0,0,1,1,0 : 13.0004
0,0,1,0,0,0,1,0,1,0,0,0,1,1,1,1,0,1,0,1,0,1,0,0,0,1,0,1,0,1,0,0,0,1,0,0,0,0,1 : 13.0004
0,1,1,0,1,0,0,0,1,0,0,1,0,0,1,0,0,0,1,1,1,0,0,1,0,1,0,1,0,1,0,1,0,1,0,0,1,1,0 : 13.0344
0,1,1,0,1,0,0,0,1,0,0,1,0,0,1,0,0,0,1,1,1,0,0,1,0,1,0,1,0,1,0,1,0,1,0,0,1,1,0 : 13.0344
1,0,0,1,1,0,0,0,1,0,1,0,0,0,1,0,0,1,1,1,1,1,0,0,0,0,1,0,0,0,1,0,0,1,0,0,1,1,1 : 13.0451
1,0,0,1,1,0,0,0,1,0,1,0,0,0,1,0,0,1,1,1,1,1,0,0,0,0,1,0,0,0,1,0,0,1,0,1,1,1,1 : 13.0451
1,0,0,1,1,0,0,0,1,0,1,0,0,0,1,0,0,1,1,1,1,1,0,0,0,0,1,0,0,0,1,0,0,1,0,0,1,1,1 : 13.0451
1,0,0,1,1,0,0,0,1,0,1,0,0,0,1,0,0,1,1,1,1,1,0,0,0,0,1,0,0,0,1,0,0,1,0,1,1,1,1 : 13.0451
0,1,0,1,1,0,1,1,0,0,1,0,0,1,1,1,1,0,1,1,0,0,0,0,0,0,1,1,0,0,1,1,0,1,0,0,0,0,1 : 13.059
0,1,0,1,1,0,1,1,0,0,1,0,0,1,1,1,1,0,1,1,0,0,0,0,0,0,1,1,0,0,1,1,0,1,0,0,0,0,1 : 13.059
0,1,0,1,0,0,0,0,1,1,0,1,1,0,0,1,1,1,1,1,1,1,1,0,0,0,1,0,1,1,1,0,1,0,0,0,0,0,1 : 13.0713
1,1,0,1,0,0,0,0,1,1,0,1,1,0,0,1,1,1,1,1,1,1,1,0,0,0,1,0,1,1,1,0,1,0,0,0,0,0,1 : 13.0713
0,1,0,1,0,0,0,0,1,1,0,1,1,0,0,1,1,1,1,1,1,1,1,0,0,0,1,0,1,1,1,0,1,0,0,0,0,0,1 : 13.0713
1,1,0,1,0,0,0,0,1,1,0,1,1,0,0,1,1,1,1,1,1,1,1,0,0,0,1,0,1,1,1,0,1,0,0,0,0,0,1 : 13.0713
1,0,0,1,0,0,1,0,1,0,1,1,1,0,0,1,0,1,1,1,1,1,0,1,0,0,0,1,0,0,1,1,1,0,0,0,0,0,0 : 13.1283
1,0,0,1,0,0,1,0,1,0,1,1,1,0,0,1,1,1,1,1,1,1,0,1,0,0,0,1,0,0,1,1,1,0,0,0,0,0,0 : 13.1283
1,0,0,1,0,0,1,0,1,0,1,1,1,0,0,1,0,1,1,1,1,1,0,1,0,0,0,1,0,0,1,1,1,0,0,0,0,0,0 : 13.1283
1,0,0,1,0,0,1,0,1,0,1,1,1,0,0,1,1,1,1,1,1,1,0,1,0,0,0,1,0,0,1,1,1,0,0,0,0,0,0 : 13.1283
1,1,0,1,0,0,0,1,1,1,1,0,1,0,0,1,1,0,1,0,0,0,0,0,1,1,0,0,0,1,0,0,0,1,0,1,1,1,1 : 13.1294
1,1,0,1,1,0,1,0,1,1,1,0,1,1,1,1,0,0,0,0,1,1,0,1,0,1,0,1,0,1,0,1,1,0,0,1,0,1,0 : 13.1294
1,1,0,1,1,0,1,0,1,1,1,0,1,1,1,1,0,0,0,0,1,1,0,1,0,1,0,1,0,1,0,0,1,0,0,1,0,1,0 : 13.1294
1,1,0,1,0,0,0,1,1,1,1,0,1,0,0,1,1,0,1,0,0,0,0,0,1,1,0,0,0,1,0,0,0,1,0,1,1,1,1 : 13.1294
1,1,0,1,1,0,1,0,1,1,1,0,1,1,1,1,0,0,0,0,1,1,0,1,0,1,0,1,0,1,0,1,1,0,0,1,0,1,0 : 13.1294
1,1,0,1,1,0,1,0,1,1,1,0,1,1,1,1,0,0,0,0,1,1,0,1,0,1,0,1,0,1,0,0,1,0,0,1,0,1,0 : 13.1294
0,1,0,1,1,0,1,0,1,0,0,0,0,0,1,1,0,1,1,1,0,1,0,1,1,0,1,0,0,1,0,1,0,1,1,0,0,0,1 : 13.1543
0,1,0,1,1,0,1,0,1,0,0,0,0,0,1,1,0,1,1,1,0,1,0,1,1,0,1,0,0,1,0,1,0,1,1,0,0,0,1 : 13.1543
0,0,1,0,0,0,1,1,1,1,0,1,1,0,1,0,0,0,0,1,0,0,1,1,0,1,1,0,1,0,0,0,0,1,1,0,0,1,0 : 13.1655
0,0,1,0,0,0,1,1,1,0,0,1,1,0,1,0,0,0,0,1,0,0,1,1,0,1,1,0,1,0,0,0,0,1,1,0,0,1,0 : 13.1655
0,0,1,0,0,0,1,1,1,1,0,1,1,0,1,0,0,0,0,1,0,0,1,1,0,1,1,0,1,0,0,0,0,1,1,0,0,1,0 : 13.1655
0,0,1,0,0,0,1,1,1,0,0,1,1,0,1,0,0,0,0,1,0,0,1,1,0,1,1,0,1,0,0,0,0,1,1,0,0,1,0 : 13.1655
1,0,1,0,0,0,1,0,0,0,0,1,0,1,1,0,1,0,0,0,0,0,0,1,1,0,1,0,0,1,0,1,1,0,0,0,1,0,1 : 13.1815
0,0,1,0,0,0,1,1,1,0,1,1,0,1,1,0,1,0,0,0,0,0,0,1,0,0,1,1,1,0,0,0,0,1,0,1,1,1,0 : 13.1815
1,0,1,0,0,0,1,0,0,0,0,1,0,1,1,0,1,0,0,0,0,0,0,1,1,0,1,0,0,1,0,1,1,0,0,0,1,0,1 : 13.1815
0,0,1,0,0,0,1,1,1,0,1,1,0,1,1,0,1,0,0,0,0,0,0,1,0,0,1,1,1,0,0,0,0,1,0,1,1,1,0 : 13.1815
1,1,0,1,1,0,0,0,0,0,0,0,0,1,1,0,0,0,0,0,0,1,1,1,0,1,0,0,0,1,0,0,1,1,0,0,0,1,1 : 13.1924
1,1,0,1,1,0,0,0,0,0,0,0,0,1,1,0,0,0,0,0,0,1,1,1,0,1,0,0,0,1,0,0,1,1,0,0,0,1,1 : 13.1924
1,0,0,1,1,1,0,0,0,1,0,0,0,0,1,1,0,1,1,0,0,1,1,0,0,1,1,0,1,0,1,1,0,1,0,1,0,0,1 : 13.2118
1,0,0,1,1,1,0,0,0,1,0,0,0,0,1,1,0,1,1,0,0,1,1,0,0,1,1,0,1,0,1,1,0,1,0,1,0,0,1 : 13.2118
1,0,1,0,1,0,0,1,0,1,0,1,0,0,1,0,1,0,1,1,0,0,0,0,0,0,0,0,0,1,0,1,0,1,0,0,0,0,0 : 13.2471
1,0,1,0,1,0,0,1,0,1,0,1,0,0,1,0,1,0,1,1,0,0,0,0,0,0,0,0,0,1,0,1,0,1,0,0,0,0,0 : 13.2471
1,0,1,0,1,0,0,1,0,1,0,1,0,0,1,0,1,0,1,1,0,0,0,0,0,0,0,0,0,1,0,1,0,1,0,0,0,0,0 : 13.2471
1,0,1,0,1,0,0,1,0,1,0,1,0,0,1,0,1,0,1,1,0,0,0,0,0,0,0,0,0,1,0,1,0,1,0,0,0,0,0 : 13.2471
1,0,0,1,0,0,0,1,0,0,1,0,0,1,0,0,1,0,1,1,1,1,1,0,1,1,0,0,1,1,1,0,1,0,0,1,1,0,1 : 13.2796
1,0,0,1,0,0,0,1,0,0,1,0,0,1,0,0,1,0,1,1,1,1,1,0,1,1,0,0,1,1,1,0,1,0,0,1,1,0,1 : 13.2796
1,0,0,1,0,0,0,1,0,0,1,0,0,1,0,0,1,0,1,1,1,1,1,0,1,1,0,0,1,1,1,0,1,0,0,1,1,0,1 : 13.2796
1,0,0,1,0,0,0,1,0,0,1,0,0,1,0,0,1,0,1,1,1,1,1,0,1,1,0,0,1,1,1,0,1,0,0,1,1,0,1 : 13.2796
0,1,0,1,0,0,0,0,0,0,1,1,1,0,0,1,1,0,1,0,0,0,1,0,0,0,1,0,0,0,0,0,0,1,0,1,1,1,1 : 13.3506
0,0,0,1,0,0,1,0,1,0,0,0,0,0,1,1,1,0,1,1,0,1,0,1,0,1,0,0,0,1,1,0,1,1,1,0,1,0,0 : 13.3506
0,1,0,1,0,0,1,1,0,0,1,1,1,0,0,1,1,0,1,0,0,0,1,1,0,0,1,0,0,0,0,0,0,1,0,1,1,1,1 : 13.3506
0,1,0,1,0,0,0,0,0,0,1,1,1,0,0,1,1,0,1,0,0,0,1,0,0,0,1,0,0,0,0,0,0,1,0,1,1,1,1 : 13.3506
0,0,0,1,0,0,1,0,1,0,0,0,0,0,1,1,1,0,1,1,0,1,0,1,0,1,0,0,0,1,1,0,1,1,1,0,1,0,0 : 13.3506
0,1,0,1,0,0,1,1,0,0,1,1,1,0,0,1,1,0,1,0,0,0,1,1,0,0,1,0,0,0,0,0,0,1,0,1,1,1,1 : 13.3506
1,1,1,0,1,0,0,0,0,1,0,1,1,1,0,0,1,0,0,0,0,1,1,1,0,1,1,0,1,1,0,0,0,0,1,1,0,0,0 : 13.5423
1,1,1,0,1,0,0,0,0,1,0,1,1,1,0,0,1,0,0,0,0,1,1,1,0,1,1,0,1,1,0,0,0,0,1,1,0,0,0 : 13.5423
1,1,1,0,1,0,0,0,0,1,0,1,1,1,0,0,1,0,0,0,0,1,1,1,0,1,1,0,1,1,0,0,0,0,1,1,0,0,0 : 13.5423
1,1,1,0,1,0,0,0,0,1,0,1,1,1,0,0,1,0,0,0,0,1,1,1,0,1,1,0,1,1,0,0,0,0,1,1,0,0,0 : 13.5423
1,0,0,1,0,0,1,1,1,0,1,0,0,1,1,1,1,1,1,1,1,0,0,1,0,1,0,0,0,0,1,0,1,1,1,0,1,0,0 : 13.5619
1,0,0,1,0,0,1,1,1,0,1,0,0,1,1,1,1,1,1,1,1,0,0,1,0,1,0,0,0,0,1,0,1,1,1,0,1,0,0 : 13.5619
0,1,0,0,0,0,0,1,1,0,1,1,1,1,0,1,1,0,0,1,1,1,0,1,0,1,1,1,1,0,0,0,1,1,1,0,1,0,0 : 13.6216
0,1,0,0,0,0,0,1,1,0,1,1,1,1,0,1,1,0,0,1,1,1,0,1,0,1,1,1,1,0,0,0,1,1,1,0,1,0,0 : 13.6216
1,1,0,0,1,0,1,1,0,1,0,1,0,1,1,0,0,1,0,0,1,1,0,0,1,1,0,1,0,1,0,0,1,1,1,0,0,1,0 : 14.0434
0,0,0,0,1,0,1,1,1,0,1,0,0,0,1,1,1,1,0,0,1,0,1,0,0,0,0,1,1,0,0,0,0,0,1,0,1,0,0 : 14.0434
1,0,0,0,1,0,1,1,0,1,0,1,0,1,1,0,0,1,0,0,1,1,0,1,1,1,0,0,0,1,0,0,1,1,1,0,0,1,0 : 14.0434
0,0,0,0,1,0,1,0,1,0,1,0,0,0,1,1,1,1,0,0,1,0,1,0,0,0,0,1,1,0,0,0,0,0,0,0,1,0,0 : 14.0434
1,1,0,0,1,0,1,1,0,1,0,1,0,1,1,0,0,1,0,0,1,1,0,0,1,1,0,1,0,1,0,0,1,1,1,0,0,1,0 : 14.0434
0,0,0,0,1,0,1,1,1,0,1,0,0,0,1,1,1,1,0,0,1,0,1,0,0,0,0,1,1,0,0,0,0,0,1,0,1,0,0 : 14.0434
1,0,0,0,1,0,1,1,0,1,0,1,0,1,1,0,0,1,0,0,1,1,0,1,1,1,0,0,0,1,0,0,1,1,1,0,0,1,0 : 14.0434
0,0,0,0,1,0,1,0,1,0,1,0,0,0,1,1,1,1,0,0,1,0,1,0,0,0,0,1,1,0,0,0,0,0,0,0,1,0,0 : 14.0434
1,0,0,1,1,1,1,1,1,0,1,0,1,0,1,0,1,0,0,1,0,0,0,1,0,1,1,0,0,0,1,0,1,1,0,1,1,0,1 : 14.3553
1,0,0,1,1,1,1,1,1,1,1,0,1,0,1,0,1,0,0,1,0,1,0,1,0,1,1,0,0,1,1,0,1,1,0,1,1,0,1 : 14.3553
1,0,0,1,0,1,1,1,1,0,1,0,1,1,0,0,1,0,0,0,0,0,1,1,0,1,1,0,0,0,1,0,0,1,0,0,1,1,0 : 14.3553
1,0,0,1,1,1,1,1,1,0,1,0,1,0,1,0,1,0,0,1,0,0,0,1,0,1,1,0,0,0,1,0,1,1,0,1,1,0,1 : 14.3553
1,0,0,1,1,1,1,1,1,1,1,0,1,0,1,0,1,0,0,1,0,1,0,1,0,1,1,0,0,1,1,0,1,1,0,1,1,0,1 : 14.3553
1,0,0,1,0,1,1,1,1,0,1,0,1,1,0,0,1,0,0,0,0,0,1,1,0,1,1,0,0,0,1,0,0,1,0,0,1,1,0 : 14.3553
1,1,0,1,0,0,1,0,1,0,1,1,0,1,1,0,0,0,0,1,1,1,1,1,0,0,0,0,0,1,0,1,0,1,1,1,0,0,0 : 15.1972
1,1,0,1,0,0,1,0,1,0,1,1,0,1,1,0,0,0,0,1,1,1,1,1,0,0,0,0,0,1,0,1,0,1,1,1,0,0,0 : 15.1972
0,0,1,0,0,0,1,1,1,0,0,0,0,1,0,0,1,0,0,0,0,0,0,1,0,0,1,1,1,0,0,0,0,1,0,1,1,1,0 : 15.2072
0,0,1,0,0,0,1,1,1,0,0,0,0,1,0,0,1,0,0,0,0,0,0,1,0,0,1,1,1,0,0,0,0,1,0,1,1,1,0 : 15.2072
0,1,1,0,0,0,1,0,1,0,1,1,1,1,1,0,1,0,0,0,1,1,0,0,0,1,1,0,1,0,1,0,1,1,1,0,1,0,0 : 15.3642
0,1,1,0,0,0,1,0,0,0,1,1,1,1,1,0,1,0,1,0,1,1,0,0,0,1,1,0,1,0,1,0,1,1,1,0,1,0,0 : 15.3642
0,1,1,0,0,0,1,0,1,0,1,1,1,1,1,0,1,0,0,0,1,1,0,0,0,1,1,0,1,0,1,0,1,1,1,0,1,0,0 : 15.3642
0,1,1,0,0,0,1,0,0,0,1,1,1,1,1,0,1,0,1,0,1,1,0,0,0,1,1,0,1,0,1,0,1,1,1,0,1,0,0 : 15.3642
1,0,0,1,1,1,1,0,1,1,1,1,1,0,1,0,1,1,1,1,0,1,1,1,0,1,0,0,0,0,1,1,0,1,1,0,0,0,1 : 15.4335
1,1,0,1,0,1,1,1,1,1,0,1,1,0,0,1,1,0,1,0,1,1,0,1,1,1,0,0,1,0,1,1,1,0,0,0,0,0,0 : 15.4335
