1,1,0,0,1,0,0,0,1,0,1,0,1,0,1,0 : 493.893
1,0,1,0,1,1,1,0,1,1,0,0,1,0,1,0 : 482.59
1,1,0,0,1,0,1,0,1,0,1,0,1,1,0,0 : 263.207
1,0,1,1,0,1,1,0,1,1,0,0,1,0,1,0 : 432.757
1,0,1,0,0,0,1,0,1,0,1,0,1,0,1,0 : 382.01
1,0,1,0,1,0,0,0,1,0,1,0,1,1,0,0 : 269.95
1,0,1,1,0,1,1,0,1,0,0,1,1,0,0,1 : 555.633
1,1,1,1,1,0,1,0,1,1,0,0,1,0,0,1 : 616.97
1,1,0,0,0,1,1,1,1,0,1,0,1,0,1,0 : 413.88
1,0,1,0,1,1,1,1,1,1,0,0,1,1,0,0 : 295.257
1,1,0,1,0,1,1,1,1,0,1,0,1,0,1,0 : 413.88
1,1,1,0,1,1,0,0,1,0,0,1,1,1,0,0 : 279.15
1,1,1,0,0,1,0,1,1,0,1,0,1,1,0,0 : 275.973
1,0,1,0,0,0,1,0,1,0,1,0,1,0,0,1 : 490.473
1,1,1,1,0,1,1,0,1,0,0,1,1,0,0,1 : 555.633
1,1,0,1,0,0,1,1,1,1,0,0,1,0,1,0 : 366.837
1,0,0,1,0,0,1,1,1,1,0,0,1,0,1,0 : 380.147
1,1,1,0,1,0,1,1,1,0,0,1,1,0,1,0 : 433.913
1,1,0,0,0,0,1,0,1,1,0,0,1,1,0,0 : 254.587
1,1,0,1,0,0,0,1,1,0,1,0,1,1,0,0 : 256.32
1,0,0,1,0,0,1,0,1,0,1,0,1,0,0,1 : 490.473
1,1,1,0,0,0,1,1,1,0,0,1,1,0,0,1 : 576.247
1,0,1,0,0,0,1,1,1,0,1,0,1,1,0,0 : 262.17
1,1,0,1,0,0,1,1,1,0,1,0,1,0,1,0 : 368.63
1,1,0,1,0,1,1,1,1,0,1,0,1,0,1,0 : 413.88
1,1,1,1,1,0,0,1,1,1,0,0,1,1,0,0 : 249.363
1,1,0,1,1,0,1,0,1,0,1,0,1,0,1,0 : 456.363
1,1,1,0,0,0,1,0,1,1,0,0,1,0,0,1 : 490.473
1,0,1,1,0,0,1,1,1,1,0,0,1,0,0,1 : 506.88
1,1,0,0,0,1,1,0,1,0,0,1,1,1,0,0 : 287.05
1,0,1,0,0,0,1,1,1,0,1,0,1,0,0,1 : 510.857
1,1,1,0,0,0,0,1,1,0,1,0,1,0,1,0 : 439.02
1,0,1,1,0,1,1,0,1,0,1,0,1,0,0,1 : 490.473
1,1,0,1,1,1,1,1,1,0,0,1,1,0,1,0 : 433.913
1,1,1,1,0,1,1,1,1,1,0,0,1,0,1,0 : 407.757
1,1,0,1,0,0,1,1,1,0,1,0,1,0,0,1 : 510.857
1,1,0,0,0,0,0,1,1,0,1,0,1,1,0,0 : 256.32
1,1,0,0,1,0,1,1,1,0,0,1,1,1,0,0 : 263.207
1,0,0,1,0,0,1,0,1,0,1,0,1,1,0,0 : 271.337
1,0,1,0,0,0,0,1,1,0,0,1,1,0,0,1 : 604.8869
1,1,0,0,0,1,1,0,1,1,0,0,1,0,1,0 : 414.737
1,0,0,1,0,0,0,1,1,0,1,0,1,0,1,0 : 439.02
1,0,1,1,0,0,1,1,1,0,0,1,1,1,0,0 : 263.363
1,0,1,0,0,1,0,1,1,0,1,0,1,0,0,1 : 715.923
1,0,1,0,1,0,1,1,1,0,0,1,1,0,0,1 : 631.583
1,0,1,0,0,1,1,0,1,1,0,0,1,1,0,0 : 295.257
1,1,0,1,1,0,0,1,1,0,1,0,1,1,0,0 : 263.847
1,1,0,0,0,0,0,1,1,0,0,1,1,1,0,0 : 257.927
1,1,0,1,0,1,1,0,1,0,0,1,1,0,0,1 : 555.633
1,1,1,0,0,0,0,0,1,0,1,0,1,0,0,1 : 604.8869
1,1,0,0,1,1,1,1,1,0,0,1,1,0,1,0 : 433.913
1,0,1,1,0,1,1,1,1,0,1,0,1,1,0,0 : 295.683
1,0,1,1,0,0,1,1,1,0,0,1,1,0,1,0 : 380.18
1,1,0,1,0,0,0,1,1,0,1,0,1,1,0,0 : 256.32
1,1,0,1,0,0,0,1,1,1,0,0,1,1,0,0 : 254.033
1,1,0,1,0,0,1,1,1,0,1,0,1,0,0,1 : 510.857
1,1,0,1,0,0,1,1,1,1,0,0,1,1,0,0 : 254.033
1,1,0,1,0,0,0,1,1,0,1,0,1,1,0,0 : 256.32
1,0,0,0,0,0,0,0,1,0,1,0,1,1,0,0 : 271.337
1,1,1,0,1,0,1,1,1,0,0,1,1,1,0,0 : 252.963
1,1,0,0,1,0,0,0,1,0,0,1,1,1,0,0 : 263.207
1,1,0,0,1,0,0,1,1,0,1,0,1,0,1,0 : 493.893
1,1,1,0,0,0,0,0,1,0,1,0,1,0,1,0 : 445.577
1,1,0,1,0,0,1,0,1,1,0,0,1,0,1,0 : 366.837
1,1,1,1,1,1,1,0,1,1,0,0,1,0,1,0 : 456.363
1,1,1,0,0,0,1,0,1,0,0,1,1,1,0,0 : 247.693
1,0,1,0,0,0,0,0,1,1,0,0,1,0,0,1 : 604.8869
1,1,0,0,1,0,1,0,1,0,1,0,1,0,0,1 : 610.957
1,0,1,0,0,0,0,0,1,0,1,0,1,0,0,1 : 604.8869
1,1,0,1,0,0,0,0,1,0,1,0,1,1,0,0 : 256.333
1,1,1,0,0,0,1,1,1,0,0,1,1,0,0,1 : 576.247
1,0,1,0,0,1,1,1,1,0,0,1,1,0,0,1 : 576.247
1,1,1,0,0,0,1,0,1,1,0,0,1,1,0,0 : 244.277
1,0,1,1,0,0,0,0,1,0,1,0,1,0,1,0 : 445.577
1,0,0,0,1,0,1,1,1,0,1,0,1,0,0,1 : 631.053
1,1,1,0,1,1,0,1,1,1,0,0,1,1,0,0 : 279.15
1,0,0,0,1,0,1,0,1,1,0,0,1,1,0,0 : 279.097
1,0,1,1,0,0,0,1,1,1,0,0,1,1,0,0 : 259.903
1,1,0,0,1,0,1,1,1,0,0,1,1,1,0,0 : 263.207
1,1,0,1,0,1,1,1,1,0,0,1,1,0,0,1 : 575.553
1,0,1,1,0,0,1,0,1,1,0,0,1,0,0,1 : 490.473
1,1,0,1,0,0,0,1,1,0,0,1,1,1,0,0 : 257.45
1,1,1,0,0,0,1,1,1,1,0,0,1,0,1,0 : 361.7029
1,0,1,0,0,1,0,1,1,0,0,1,1,1,0,0 : 299.85
1,1,1,1,1,0,0,0,1,0,1,0,1,0,0,1 : 705.453
1,0,1,0,0,0,1,1,1,1,0,0,1,0,1,0 : 380.18
1,1,0,1,1,0,0,1,1,0,0,1,1,1,0,0 : 263.847
1,0,1,0,0,0,1,0,1,0,1,0,1,0,0,1 : 490.473
1,1,1,1,0,0,1,0,1,1,0,0,1,0,1,0 : 362.037
1,1,1,0,0,1,1,1,1,0,0,1,1,0,1,0 : 407.763
1,1,1,1,0,0,1,0,1,1,0,0,1,0,0,1 : 490.473
1,1,1,0,0,0,0,1,1,1,0,0,1,0,0,1 : 604.8869
1,1,0,0,0,0,1,1,1,0,1,0,1,0,0,1 : 510.857
1,1,1,1,0,0,0,1,1,0,0,1,1,0,1,0 : 439.02
1,1,1,1,0,0,1,1,1,1,0,0,1,1,0,0 : 244.353
1,1,0,1,0,1,1,0,1,0,1,0,1,0,0,1 : 490.473
1,1,1,0,0,0,0,1,1,1,0,0,1,1,0,0 : 244.303
1,0,1,0,0,0,1,0,1,0,0,1,1,0,0,1 : 555.633
1,1,1,0,0,0,1,1,1,1,0,0,1,0,1,0 : 361.7029
1,1,1,1,0,0,0,1,1,1,0,0,1,0,0,1 : 607.7
