1,0,0,0,0,0,0,1,1,0,0 : 199.9533
1,0,0,0,0,0,1,0,0,1,0 : 200.66
1,0,1,0,0,0,0,1,1,0,0 : 217.2866
1,0,0,0,0,0,0,0,1,1,0 : 199.6833
1,0,0,0,0,0,0,0,0,1,0 : 199.6833
1,0,0,0,0,0,1,1,0,1,0 : 200.66
1,0,0,0,1,0,0,0,1,1,0 : 199.6833
1,0,0,0,0,0,0,0,1,1,0 : 199.6833
1,0,0,0,0,1,0,0,0,1,0 : 200.38
1,0,0,0,0,0,0,0,0,1,0 : 199.6833
1,1,1,1,1,1,1,1,0,1,1 : 252.6833
1,0,0,0,0,0,0,0,1,1,0 : 199.6833
1,0,0,0,1,0,0,0,0,1,0 : 199.6833
1,0,0,0,1,0,0,0,1,1,0 : 199.6833
1,0,0,0,0,0,0,0,1,0,0 : 201.1533
1,0,0,0,0,0,0,1,1,1,0 : 199.6833
1,0,0,0,0,1,0,0,0,1,0 : 200.38
1,0,0,0,1,0,0,0,0,0,0 : 201.5466
1,0,0,0,0,0,0,0,0,1,0 : 199.6833
1,0,0,0,0,0,0,0,1,1,0 : 199.6833
1,0,0,0,1,0,0,0,0,1,0 : 199.6833
1,0,0,0,1,0,0,1,0,1,0 : 199.6833
1,0,0,0,0,0,0,1,1,1,0 : 199.6833
1,0,0,0,1,0,0,1,0,1,0 : 199.6833
1,0,0,0,0,0,0,1,0,1,0 : 199.6833
1,0,0,0,0,0,0,0,1,1,0 : 199.6833
1,0,0,0,0,1,0,0,0,1,0 : 200.38
1,0,0,0,0,0,0,1,0,1,0 : 199.6833
1,0,0,0,1,0,1,0,1,1,0 : 202.68
1,0,0,0,0,0,0,0,1,1,0 : 199.6833
1,0,0,0,0,0,0,0,0,1,0 : 199.6833
1,0,0,0,0,0,0,0,0,1,0 : 199.6833
1,0,0,0,1,0,0,1,1,1,0 : 199.6833
1,0,0,0,0,0,0,0,1,0,0 : 201.1533
1,0,0,0,0,0,0,0,1,1,0 : 199.6833
1,0,0,0,0,0,0,1,0,1,0 : 199.6833
1,0,0,0,1,1,1,0,1,1,0 : 202.68
1,0,0,0,0,1,0,0,0,1,0 : 200.38
1,0,0,0,0,0,0,0,1,0,0 : 201.1533
1,0,0,0,0,0,0,0,1,0,0 : 201.1533
1,0,0,0,1,1,1,0,0,1,1 : 214.8866
1,0,0,0,0,0,0,0,1,0,0 : 201.1533
1,0,0,0,1,0,1,1,1,0,0 : 205.7066
1,0,0,0,0,1,0,1,0,0,0 : 202.9366
1,0,0,0,0,0,0,0,0,1,0 : 199.6833
1,0,0,0,1,0,0,0,0,0,0 : 201.5466
1,0,0,0,1,0,0,0,1,1,0 : 199.6833
1,1,0,0,0,1,0,0,1,0,0 : 223.0133
1,0,0,0,0,0,0,0,0,1,0 : 199.6833
1,0,0,0,1,0,0,1,1,0,0 : 199.9533
1,0,0,0,0,0,0,0,1,1,0 : 199.6833
1,0,0,0,1,0,0,0,1,1,0 : 199.6833
1,0,0,0,0,1,0,1,1,0,0 : 202.9366
1,0,0,0,1,0,0,0,0,1,0 : 199.6833
1,0,0,0,1,1,1,0,0,1,0 : 202.68
1,0,0,0,0,0,0,0,1,1,0 : 199.6833
1,0,0,0,1,1,0,1,0,0,0 : 202.9366
1,0,0,0,1,0,1,1,1,1,0 : 202.68
1,0,0,0,1,1,0,0,0,1,0 : 200.38
1,0,0,0,1,0,0,1,1,1,0 : 199.6833
1,0,1,0,1,0,1,0,0,1,0 : 218.89
1,0,0,0,0,1,1,1,1,0,0 : 204.1766
1,0,0,0,0,0,0,0,1,1,0 : 199.6833
1,0,0,0,0,0,0,0,1,0,0 : 201.1533
1,0,0,0,0,0,0,0,0,1,0 : 199.6833
1,0,0,0,1,0,0,0,1,1,0 : 199.6833
1,0,0,0,1,1,0,0,0,1,0 : 200.38
1,0,0,0,0,0,0,1,1,1,0 : 199.6833
1,0,0,0,1,0,0,0,1,1,0 : 199.6833
1,0,1,0,0,0,1,0,0,1,0 : 218.89
1,0,0,0,0,0,0,1,1,1,0 : 199.6833
1,0,0,0,1,0,1,0,1,1,0 : 202.68
1,0,0,0,1,0,0,0,1,1,0 : 199.6833
1,0,0,0,0,0,0,0,0,1,0 : 199.6833
1,0,0,0,0,0,1,1,1,0,0 : 204.1766
1,0,0,0,1,0,0,0,0,1,0 : 199.6833
1,0,0,0,1,0,0,1,1,1,0 : 199.6833
1,1,0,0,1,1,1,1,0,1,0 : 225.7733
1,0,0,0,0,0,0,0,1,1,0 : 199.6833
1,0,0,0,1,0,0,1,1,0,0 : 199.9533
1,0,0,0,1,0,0,0,1,1,0 : 199.6833
1,0,0,0,0,1,0,0,0,1,0 : 200.38
1,0,0,0,0,0,0,0,0,1,0 : 199.6833
1,0,0,0,1,0,0,0,0,1,0 : 199.6833
1,0,0,0,0,0,1,0,1,0,0 : 203.9766
1,0,0,0,1,0,0,1,0,1,0 : 199.6833
1,0,0,0,0,0,0,0,0,1,1 : 212.4466
1,0,0,0,0,0,0,0,0,1,0 : 199.6833
1,0,0,0,0,1,0,0,0,1,0 : 200.38
1,0,0,0,0,1,0,0,1,1,0 : 200.38
1,0,0,0,1,1,0,0,1,1,0 : 200.38
1,0,0,0,1,0,0,1,0,0,0 : 199.9533
1,0,0,0,0,0,0,1,1,1,0 : 199.6833
1,0,0,0,1,1,0,1,1,1,0 : 201.9733
1,0,0,0,0,0,0,1,1,0,0 : 199.9533
1,0,0,0,0,0,0,1,0,1,0 : 199.6833
1,0,0,0,1,0,0,1,1,1,0 : 199.6833
1,0,0,0,0,0,0,1,1,0,0 : 199.9533
1,0,0,0,0,1,0,0,1,1,0 : 200.38
1,0,0,0,1,1,1,0,0,1,0 : 202.68
