1,1,1,0,0,0,1,0,1,1,0,0,1,1,0,0 : 244.277
1,1,1,0,0,0,1,0,1,1,0,0,1,1,0,0 : 244.277
1,1,1,0,1,0,1,1,1,0,0,1,1,1,0,0 : 252.963
1,1,1,0,1,0,1,1,1,0,0,1,1,1,0,0 : 252.963
1,1,0,1,0,0,1,1,1,0,0,1,1,1,0,0 : 257.5299
1,1,0,1,0,0,1,1,1,0,0,1,1,1,0,0 : 257.5299
1,1,0,0,0,0,0,1,1,0,0,1,1,1,0,0 : 257.927
1,1,0,0,0,0,0,1,1,0,0,1,1,1,0,0 : 257.927
1,1,0,0,0,0,0,1,1,0,0,1,1,1,0,0 : 257.927
1,1,0,0,0,0,0,1,1,0,0,1,1,1,0,0 : 257.927
1,1,0,0,1,0,1,1,1,0,0,1,1,1,0,0 : 263.207
1,1,0,0,1,0,1,1,1,0,0,1,1,1,0,0 : 263.207
1,1,0,0,1,0,0,0,1,0,0,1,1,1,0,0 : 263.207
1,1,0,0,1,0,1,1,1,0,0,1,1,1,0,0 : 263.207
1,1,0,0,1,0,1,1,1,0,0,1,1,1,0,0 : 263.207
1,1,0,0,1,0,0,0,1,0,0,1,1,1,0,0 : 263.207
1,0,1,1,0,0,1,1,1,0,0,1,1,1,0,0 : 263.363
1,0,1,1,0,0,1,1,1,0,0,1,1,1,0,0 : 263.363
1,0,1,1,0,0,1,1,1,0,0,1,1,1,0,0 : 263.363
1,0,1,1,0,0,1,1,1,0,0,1,1,1,0,0 : 263.363
1,0,1,1,0,0,1,1,1,0,0,1,1,1,0,0 : 263.363
1,0,1,1,0,0,1,1,1,0,0,1,1,1,0,0 : 263.363
1,1,0,1,1,0,0,0,1,0,0,1,1,1,0,0 : 263.847
1,1,0,1,1,0,0,0,1,0,0,1,1,1,0,0 : 263.847
1,0,0,1,0,0,1,1,1,0,0,1,1,1,0,0 : 271.337
1,0,0,1,0,0,1,1,1,0,0,1,1,1,0,0 : 271.337
1,0,0,0,1,0,0,1,1,1,0,0,1,1,0,0 : 276.103
1,0,0,0,1,0,0,1,1,1,0,0,1,1,0,0 : 276.103
1,0,0,0,1,0,0,1,1,1,0,0,1,1,0,0 : 276.103
1,0,0,0,1,0,0,1,1,1,0,0,1,1,0,0 : 276.103
1,1,0,1,0,1,1,1,1,0,1,0,1,1,0,0 : 286.43
1,1,0,1,0,1,1,1,1,0,1,0,1,1,0,0 : 286.43
1,1,0,0,0,1,1,1,1,0,0,1,1,1,0,0 : 287.037
1,1,0,0,0,1,1,1,1,0,0,1,1,1,0,0 : 287.037
1,1,0,0,0,1,1,1,1,0,0,1,1,1,0,0 : 287.037
1,1,0,0,0,1,1,1,1,0,0,1,1,1,0,0 : 287.037
1,1,0,0,1,1,1,1,1,0,0,1,1,1,0,0 : 291.62
1,1,0,0,1,1,1,1,1,0,0,1,1,1,0,0 : 291.62
1,1,0,0,1,1,1,1,1,0,0,1,1,1,0,0 : 291.62
1,1,0,0,1,1,1,1,1,0,0,1,1,1,0,0 : 291.62
1,0,1,1,1,1,1,1,1,1,0,0,1,1,0,0 : 295.257
1,0,1,1,1,1,1,1,1,1,0,0,1,1,0,0 : 295.257
1,0,1,1,1,1,1,1,1,1,0,0,1,1,0,0 : 295.257
1,0,1,1,1,1,1,1,1,1,0,0,1,1,0,0 : 295.257
1,0,1,0,0,1,1,1,1,0,0,1,1,1,0,0 : 295.683
1,0,1,0,0,1,1,1,1,0,0,1,1,1,0,0 : 295.683
1,0,1,0,0,1,0,1,1,1,0,0,1,1,0,0 : 299.85
1,0,1,1,0,1,0,1,1,0,0,1,1,1,0,0 : 299.85
1,0,1,0,0,1,0,1,1,1,0,0,1,1,0,0 : 299.85
1,0,1,1,0,1,0,1,1,0,0,1,1,1,0,0 : 299.85
1,0,1,0,0,1,0,1,1,1,0,0,1,1,0,0 : 299.85
1,0,1,1,0,1,0,1,1,0,0,1,1,1,0,0 : 299.85
1,0,1,0,0,1,0,1,1,1,0,0,1,1,0,0 : 299.85
1,0,1,1,0,1,0,1,1,0,0,1,1,1,0,0 : 299.85
1,0,1,0,0,1,0,0,1,0,0,1,1,1,0,0 : 299.867
1,0,1,0,0,1,0,0,1,0,0,1,1,1,0,0 : 299.867
1,0,0,0,0,1,1,1,1,0,1,0,1,1,0,0 : 310.283
1,0,0,1,0,1,1,1,1,0,1,0,1,1,0,0 : 310.283
1,0,0,1,0,1,1,1,1,0,1,0,1,1,0,0 : 310.283
1,0,0,0,0,1,1,1,1,0,1,0,1,1,0,0 : 310.283
1,0,0,1,0,1,1,1,1,0,1,0,1,1,0,0 : 310.283
1,0,0,1,0,1,1,1,1,0,1,0,1,1,0,0 : 310.283
1,0,0,0,1,1,0,0,1,0,0,1,1,1,0,0 : 310.687
1,0,0,0,1,1,0,0,1,0,0,1,1,1,0,0 : 310.687
1,1,1,1,0,0,1,1,1,1,0,0,1,0,1,0 : 361.7029
1,1,1,0,0,0,1,1,1,1,0,0,1,0,1,0 : 361.7029
1,1,1,1,0,0,1,1,1,1,0,0,1,0,1,0 : 361.7029
1,1,1,0,0,0,1,1,1,1,0,0,1,0,1,0 : 361.7029
1,1,0,1,0,0,1,0,1,0,1,0,1,0,1,0 : 368.63
1,1,0,1,0,0,1,0,1,0,1,0,1,0,1,0 : 368.63
1,1,0,1,0,0,1,0,1,0,1,0,1,0,1,0 : 368.63
1,1,0,1,0,0,1,0,1,0,1,0,1,0,1,0 : 368.63
1,0,0,0,0,0,1,1,1,1,0,0,1,0,1,0 : 380.147
1,0,0,0,0,0,1,1,1,1,0,0,1,0,1,0 : 380.147
1,1,1,0,0,1,1,1,1,0,0,1,1,0,1,0 : 407.763
1,1,1,0,0,1,1,1,1,0,0,1,1,0,1,0 : 407.763
1,1,1,0,0,1,1,1,1,0,0,1,1,0,1,0 : 407.763
1,1,1,0,0,1,1,1,1,0,0,1,1,0,1,0 : 407.763
1,0,1,0,0,1,1,0,1,0,1,0,1,0,1,0 : 432.757
1,0,1,1,0,1,1,0,1,1,0,0,1,0,1,0 : 432.757
1,0,1,1,0,1,1,0,1,1,0,0,1,0,1,0 : 432.757
1,0,1,0,0,1,1,0,1,0,1,0,1,0,1,0 : 432.757
1,0,1,1,0,1,1,0,1,1,0,0,1,0,1,0 : 432.757
1,0,1,1,0,1,1,0,1,1,0,0,1,0,1,0 : 432.757
1,1,0,1,1,1,1,1,1,0,0,1,1,0,1,0 : 433.913
1,1,0,1,1,1,1,1,1,0,0,1,1,0,1,0 : 433.913
1,0,1,1,0,0,0,1,1,0,0,1,1,0,1,0 : 439.02
1,0,1,1,0,0,0,1,1,0,0,1,1,0,1,0 : 439.02
1,0,1,1,0,0,0,1,1,0,0,1,1,0,1,0 : 439.02
1,0,1,1,0,0,0,1,1,0,0,1,1,0,1,0 : 439.02
1,0,0,1,1,1,1,1,1,0,0,1,1,0,1,0 : 445.667
1,0,0,1,1,1,1,1,1,0,0,1,1,0,1,0 : 445.667
1,0,1,0,1,1,1,0,1,1,0,0,1,0,1,0 : 482.59
1,0,1,0,1,1,1,0,1,1,0,0,1,0,1,0 : 482.59
1,0,0,0,1,1,1,1,1,1,0,0,1,0,1,0 : 482.59
1,0,1,0,1,1,1,0,1,1,0,0,1,0,1,0 : 482.59
1,0,1,0,1,1,1,0,1,1,0,0,1,0,1,0 : 482.59
1,0,1,0,1,1,1,0,1,1,0,0,1,0,1,0 : 482.59
1,0,0,0,1,1,1,1,1,1,0,0,1,0,1,0 : 482.59
1,0,1,0,1,1,1,0,1,1,0,0,1,0,1,0 : 482.59
