1,0,0,0,0,0,0,1,0,1,0 : 199.6833
1,0,0,0,0,0,0,1,0,1,0 : 199.6833
1,0,0,0,0,0,0,1,0,1,0 : 199.6833
1,0,0,0,0,0,0,1,0,1,0 : 199.6833
1,0,0,0,1,0,0,0,0,0,0 : 201.5466
1,0,0,0,1,0,0,0,0,0,0 : 201.5466
1,0,0,0,1,0,0,0,0,0,0 : 201.5466
1,0,0,0,1,0,0,0,0,0,0 : 201.5466
1,0,0,0,1,0,0,0,0,0,0 : 201.5466
1,0,0,0,1,0,0,0,0,0,0 : 201.5466
1,0,0,0,0,1,0,1,1,1,0 : 201.9733
1,0,0,0,0,1,0,1,0,1,0 : 201.9733
1,0,0,0,0,1,0,1,1,1,0 : 201.9733
1,0,0,0,0,1,0,1,0,1,0 : 201.9733
1,0,0,0,1,1,1,1,1,1,0 : 202.68
1,0,0,0,1,1,1,1,0,1,0 : 202.68
1,0,0,0,1,1,1,1,0,1,0 : 202.68
1,0,0,0,1,1,1,1,1,1,0 : 202.68
1,0,0,0,1,1,1,1,0,1,0 : 202.68
1,0,0,0,1,1,1,1,0,1,0 : 202.68
1,0,0,0,0,1,1,0,1,0,0 : 203.9766
1,0,0,0,0,1,1,0,1,0,0 : 203.9766
1,0,0,0,0,1,1,0,1,0,0 : 203.9766
1,0,0,0,0,1,1,0,1,0,0 : 203.9766
1,0,0,0,0,1,1,1,0,1,0 : 205.3633
1,0,0,0,0,1,1,1,0,1,0 : 205.3633
1,0,0,0,0,1,1,1,0,1,0 : 205.3633
1,0,0,0,0,1,1,1,0,1,0 : 205.3633
1,0,0,0,1,1,1,0,1,0,0 : 205.7066
1,0,0,0,1,0,1,1,1,0,0 : 205.7066
1,0,0,0,1,1,1,0,1,0,0 : 205.7066
1,0,0,0,1,1,1,1,1,0,0 : 205.7066
1,0,0,0,1,1,1,0,1,0,0 : 205.7066
1,0,0,0,1,0,1,1,1,0,0 : 205.7066
1,0,0,0,1,1,1,0,1,0,0 : 205.7066
1,0,0,0,1,1,1,1,1,0,0 : 205.7066
1,0,0,1,1,0,0,1,0,1,0 : 209.84
1,0,0,1,1,0,0,1,0,1,0 : 209.84
1,0,0,1,1,0,0,1,0,1,0 : 209.84
1,0,0,1,1,0,0,1,0,1,0 : 209.84
1,0,0,1,1,0,0,1,0,1,0 : 209.84
1,0,0,1,1,0,0,1,0,1,0 : 209.84
1,0,0,1,1,1,0,0,0,0,0 : 210.5066
1,0,0,1,1,1,0,0,0,0,0 : 210.5066
1,0,0,1,1,1,0,0,0,0,0 : 210.5066
1,0,0,1,1,1,0,0,0,0,0 : 210.5066
1,0,0,1,1,1,0,0,0,0,0 : 210.5066
1,0,0,1,1,1,0,0,0,0,0 : 210.5066
1,0,0,1,1,1,0,0,0,0,0 : 210.5066
1,0,0,1,1,1,0,0,0,0,0 : 210.5066
1,0,0,1,0,1,0,1,0,1,0 : 212.0533
1,0,0,1,0,1,0,1,0,1,0 : 212.0533
1,0,0,0,0,0,0,1,1,0,1 : 213.5333
1,0,0,0,0,0,0,1,1,0,1 : 213.5333
1,0,0,0,0,0,0,1,0,1,1 : 214.6533
1,0,0,0,0,0,0,1,0,1,1 : 214.6533
1,0,0,0,0,0,0,1,0,1,1 : 214.6533
1,0,0,0,0,0,0,1,0,1,1 : 214.6533
1,0,0,1,1,1,1,0,1,0,0 : 215.3666
1,0,0,1,1,1,1,0,1,0,0 : 215.3666
1,0,0,1,1,1,1,0,1,0,0 : 215.3666
1,0,0,1,1,1,1,0,1,0,0 : 215.3666
1,0,0,0,0,0,1,0,1,1,1 : 215.6066
1,0,0,0,0,0,0,1,1,1,1 : 215.6066
1,0,0,0,0,0,1,0,1,1,1 : 215.6066
1,0,0,0,0,0,1,1,1,1,1 : 215.6066
1,0,0,0,0,0,1,0,1,1,1 : 215.6066
1,0,0,0,0,0,0,1,1,1,1 : 215.6066
1,0,0,0,0,0,1,0,1,1,1 : 215.6066
1,0,0,0,0,0,1,1,1,1,1 : 215.6066
1,0,0,0,1,0,1,0,1,0,1 : 215.8533
1,0,0,0,1,0,1,0,1,0,1 : 215.8533
1,0,0,0,1,0,1,0,1,0,1 : 215.8533
1,0,0,0,1,0,1,0,1,0,1 : 215.8533
1,0,0,1,1,1,0,1,0,1,0 : 215.9466
1,0,0,1,1,1,0,1,0,1,0 : 215.9466
1,0,0,1,1,1,0,1,0,1,0 : 215.9466
1,0,0,1,1,1,0,1,0,1,0 : 215.9466
1,0,0,1,1,1,0,1,0,1,0 : 215.9466
1,0,0,1,1,1,0,1,0,1,0 : 215.9466
1,0,0,1,1,1,0,1,0,1,0 : 215.9466
1,0,0,1,1,1,0,1,0,1,0 : 215.9466
1,0,0,1,1,1,0,1,0,1,0 : 215.9466
1,0,0,1,1,1,0,1,0,1,0 : 215.9466
1,0,0,0,0,0,1,1,1,0,1 : 216.2233
1,0,0,0,0,0,1,1,1,0,1 : 216.2233
1,0,0,0,0,0,1,1,1,0,1 : 216.2233
1,0,0,0,0,0,1,1,1,0,1 : 216.2233
1,0,0,0,1,0,0,0,0,0,1 : 216.6366
1,0,0,0,0,0,0,1,0,0,1 : 216.6366
1,0,0,0,1,0,1,0,0,0,1 : 216.6366
1,0,0,0,1,0,1,1,0,0,1 : 216.6366
1,0,0,0,1,0,0,0,0,0,1 : 216.6366
1,0,0,0,0,0,0,1,0,0,1 : 216.6366
1,0,0,0,1,0,1,0,0,0,1 : 216.6366
1,0,0,0,1,0,1,1,0,0,1 : 216.6366
1,0,1,0,1,0,0,0,0,1,0 : 218.89
1,0,1,0,1,0,0,1,0,1,0 : 218.89
1,0,1,0,1,0,0,0,0,1,0 : 218.89
1,0,1,0,1,0,0,0,0,1,0 : 218.89
