1,1,1,0,0,0,0,0,1,1,0,0,1,1,0,0 : 244.23
1,1,1,0,0,0,0,0,1,1,0,0,1,1,0,0 : 244.23
1,1,1,0,0,0,0,1,1,1,0,0,1,1,0,0 : 244.303
1,1,1,0,0,0,0,1,1,1,0,0,1,1,0,0 : 244.303
1,1,1,1,0,0,0,1,1,0,1,0,1,1,0,0 : 246.273
1,1,1,1,0,0,0,1,1,0,1,0,1,1,0,0 : 246.273
1,1,1,0,0,0,1,1,1,0,1,0,1,1,0,0 : 246.58
1,1,1,0,0,0,1,1,1,0,1,0,1,1,0,0 : 246.58
1,1,1,0,0,0,1,1,1,0,1,0,1,1,0,0 : 246.58
1,1,1,0,0,0,1,1,1,0,1,0,1,1,0,0 : 246.58
1,1,1,0,0,0,0,0,1,0,0,1,1,1,0,0 : 247.483
1,1,1,0,0,0,0,0,1,0,0,1,1,1,0,0 : 247.483
1,1,1,1,0,0,0,0,1,0,0,1,1,1,0,0 : 247.483
1,1,1,0,0,0,0,0,1,0,0,1,1,1,0,0 : 247.483
1,1,1,0,0,0,0,0,1,0,0,1,1,1,0,0 : 247.483
1,1,1,1,0,0,0,0,1,0,0,1,1,1,0,0 : 247.483
1,1,1,1,0,0,1,0,1,0,0,1,1,1,0,0 : 247.537
1,1,1,1,0,0,1,1,1,0,0,1,1,1,0,0 : 247.537
1,1,1,1,0,0,1,0,1,0,0,1,1,1,0,0 : 247.537
1,1,1,1,0,0,1,1,1,0,0,1,1,1,0,0 : 247.537
1,1,1,1,0,0,1,0,1,0,0,1,1,1,0,0 : 247.537
1,1,1,1,0,0,1,1,1,0,0,1,1,1,0,0 : 247.537
1,1,1,1,0,0,1,0,1,0,0,1,1,1,0,0 : 247.537
1,1,1,1,0,0,1,1,1,0,0,1,1,1,0,0 : 247.537
1,1,1,0,1,0,0,0,1,0,0,1,1,1,0,0 : 252.963
1,1,1,0,1,0,0,1,1,0,0,1,1,1,0,0 : 252.963
1,1,1,0,1,0,0,0,1,0,0,1,1,1,0,0 : 252.963
1,1,1,0,1,0,0,1,1,0,0,1,1,1,0,0 : 252.963
1,1,1,0,1,0,0,1,1,0,0,1,1,1,0,0 : 252.963
1,1,1,0,1,0,0,1,1,0,0,1,1,1,0,0 : 252.963
1,1,1,0,1,0,0,0,1,0,0,1,1,1,0,0 : 252.963
1,1,1,0,1,0,0,1,1,0,0,1,1,1,0,0 : 252.963
1,1,1,0,1,0,0,0,1,0,0,1,1,1,0,0 : 252.963
1,1,1,0,1,0,0,1,1,0,0,1,1,1,0,0 : 252.963
1,1,1,0,1,0,0,1,1,0,0,1,1,1,0,0 : 252.963
1,1,1,0,1,0,0,1,1,0,0,1,1,1,0,0 : 252.963
1,1,0,0,0,0,0,0,1,1,0,0,1,1,0,0 : 254.587
1,1,0,0,0,0,0,0,1,1,0,0,1,1,0,0 : 254.587
1,1,0,0,0,0,0,0,1,1,0,0,1,1,0,0 : 254.587
1,1,0,0,0,0,0,0,1,1,0,0,1,1,0,0 : 254.587
1,1,0,0,0,0,0,0,1,1,0,0,1,1,0,0 : 254.587
1,1,0,0,0,0,0,0,1,1,0,0,1,1,0,0 : 254.587
1,1,0,0,0,0,0,0,1,1,0,0,1,1,0,0 : 254.587
1,1,0,0,0,0,0,0,1,1,0,0,1,1,0,0 : 254.587
1,1,0,0,0,0,0,0,1,1,0,0,1,1,0,0 : 254.587
1,1,0,0,0,0,0,0,1,1,0,0,1,1,0,0 : 254.587
1,1,0,0,0,0,0,1,1,1,0,0,1,1,0,0 : 254.707
1,1,0,0,0,0,0,1,1,1,0,0,1,1,0,0 : 254.707
1,1,0,0,0,0,0,1,1,1,0,0,1,1,0,0 : 254.707
1,1,0,0,0,0,0,1,1,1,0,0,1,1,0,0 : 254.707
1,1,0,0,0,0,0,1,1,1,0,0,1,1,0,0 : 254.707
1,1,0,0,0,0,0,1,1,1,0,0,1,1,0,0 : 254.707
1,1,0,0,0,0,0,1,1,1,0,0,1,1,0,0 : 254.707
1,1,0,0,0,0,0,1,1,1,0,0,1,1,0,0 : 254.707
1,1,0,0,0,0,0,1,1,1,0,0,1,1,0,0 : 254.707
1,1,0,0,0,0,0,1,1,1,0,0,1,1,0,0 : 254.707
1,1,0,0,0,0,0,1,1,1,0,0,1,1,0,0 : 254.707
1,1,0,0,0,0,0,1,1,1,0,0,1,1,0,0 : 254.707
1,1,0,0,0,0,0,1,1,1,0,0,1,1,0,0 : 254.707
1,1,0,0,0,0,0,1,1,1,0,0,1,1,0,0 : 254.707
1,1,0,0,0,0,0,1,1,1,0,0,1,1,0,0 : 254.707
1,1,0,0,0,0,0,1,1,1,0,0,1,1,0,0 : 254.707
1,1,0,0,0,0,0,1,1,1,0,0,1,1,0,0 : 254.707
1,1,0,0,0,0,0,1,1,1,0,0,1,1,0,0 : 254.707
1,1,0,0,0,0,0,1,1,1,0,0,1,1,0,0 : 254.707
1,1,0,0,0,0,0,1,1,1,0,0,1,1,0,0 : 254.707
1,1,0,0,0,0,1,1,1,0,1,0,1,1,0,0 : 256.32
1,1,0,0,0,0,1,1,1,0,1,0,1,1,0,0 : 256.32
1,1,0,0,0,0,0,1,1,0,1,0,1,1,0,0 : 256.32
1,1,0,0,0,0,1,1,1,0,1,0,1,1,0,0 : 256.32
1,1,0,0,0,0,1,1,1,0,1,0,1,1,0,0 : 256.32
1,1,0,0,0,0,0,1,1,0,1,0,1,1,0,0 : 256.32
1,1,0,0,0,0,1,1,1,0,1,0,1,1,0,0 : 256.32
1,1,0,0,0,0,1,1,1,0,1,0,1,1,0,0 : 256.32
1,1,0,0,0,0,0,1,1,0,1,0,1,1,0,0 : 256.32
1,1,0,0,0,0,1,1,1,0,1,0,1,1,0,0 : 256.32
1,1,0,0,0,0,1,1,1,0,1,0,1,1,0,0 : 256.32
1,1,0,0,0,0,0,1,1,0,1,0,1,1,0,0 : 256.32
1,1,0,0,0,0,0,0,1,0,1,0,1,1,0,0 : 256.333
1,1,0,0,0,0,0,0,1,0,1,0,1,1,0,0 : 256.333
1,1,0,1,0,0,0,0,1,0,0,1,1,1,0,0 : 257.407
1,1,0,1,0,0,0,0,1,0,0,1,1,1,0,0 : 257.407
1,1,0,1,0,0,0,0,1,0,0,1,1,1,0,0 : 257.407
1,1,0,1,0,0,0,0,1,0,0,1,1,1,0,0 : 257.407
1,1,0,1,0,0,0,0,1,0,0,1,1,1,0,0 : 257.407
1,1,0,1,0,0,0,0,1,0,0,1,1,1,0,0 : 257.407
1,1,0,1,0,0,0,1,1,0,0,1,1,1,0,0 : 257.45
1,1,0,1,0,0,0,1,1,0,0,1,1,1,0,0 : 257.45
1,1,0,1,0,0,0,1,1,0,0,1,1,1,0,0 : 257.45
1,1,0,1,0,0,0,1,1,0,0,1,1,1,0,0 : 257.45
1,1,0,1,0,0,1,1,1,0,0,1,1,1,0,0 : 257.5299
1,1,0,1,0,0,1,1,1,0,0,1,1,1,0,0 : 257.5299
1,1,0,0,0,0,0,1,1,0,0,1,1,1,0,0 : 257.927
1,1,0,0,0,0,0,1,1,0,0,1,1,1,0,0 : 257.927
1,1,0,0,0,0,0,1,1,0,0,1,1,1,0,0 : 257.927
1,1,0,0,0,0,0,1,1,0,0,1,1,1,0,0 : 257.927
1,1,0,0,0,0,0,1,1,0,0,1,1,1,0,0 : 257.927
1,1,0,0,0,0,0,1,1,0,0,1,1,1,0,0 : 257.927
1,1,0,0,0,0,0,1,1,0,0,1,1,1,0,0 : 257.927
1,1,0,0,0,0,0,1,1,0,0,1,1,1,0,0 : 257.927
