0,1,0,1,0,0,0,1,0,0,1,0,0,1,1,0,1,1,1,1,1,0,1,1,0,0,1,0,0,1,1,1,1,0,0,1,1,0,1 : 12.6877
0,1,1,1,0,0,0,1,0,0,1,0,0,1,1,0,1,1,1,1,1,0,1,1,0,0,1,0,0,1,1,1,1,0,0,1,1,0,1 : 12.6877
0,1,0,1,0,0,0,1,0,0,1,0,0,1,1,0,1,1,1,1,1,0,1,1,0,0,1,0,0,1,1,1,1,0,0,1,1,0,1 : 12.6877
0,1,1,1,0,0,0,1,0,0,1,0,0,1,1,0,1,1,1,1,1,0,1,1,0,0,1,0,0,1,1,1,1,0,0,1,1,0,1 : 12.6877
0,0,0,1,1,0,0,1,1,1,0,0,1,0,1,0,1,0,1,1,0,1,0,1,0,0,0,0,1,1,0,1,0,1,0,1,0,0,0 : 13.0344
0,0,0,1,1,0,0,1,1,1,0,0,1,0,1,0,1,0,1,1,0,1,0,0,0,0,1,0,1,1,0,1,0,1,0,1,0,0,0 : 13.0344
1,0,1,0,1,0,0,0,0,0,1,0,1,1,0,1,1,0,0,1,1,0,0,0,0,1,0,1,0,1,0,0,0,1,0,1,1,1,0 : 13.0344
0,0,0,1,1,0,0,1,1,1,0,0,1,0,1,0,1,0,1,1,0,1,0,1,0,0,0,0,1,1,0,1,0,1,0,1,0,0,0 : 13.0344
0,0,0,1,1,0,0,1,1,1,0,0,1,0,1,0,1,0,1,1,0,1,0,0,0,0,1,0,1,1,0,1,0,1,0,1,0,0,0 : 13.0344
1,0,1,0,1,0,0,0,0,0,1,0,1,1,0,1,1,0,0,1,1,0,0,0,0,1,0,1,0,1,0,0,0,1,0,1,1,1,0 : 13.0344
0,1,0,1,0,0,0,1,0,0,1,0,1,1,1,0,1,1,1,1,1,0,1,1,0,0,1,0,0,1,1,1,1,0,0,1,1,0,1 : 13.0451
0,1,0,1,1,0,0,0,1,1,1,0,1,1,1,0,1,1,1,1,1,1,0,0,0,0,0,1,0,1,0,0,0,0,0,0,0,1,1 : 13.0451
0,1,0,1,0,0,0,1,0,0,1,0,1,1,1,0,1,1,1,1,1,0,1,1,0,0,1,0,0,1,1,1,1,0,0,1,1,0,1 : 13.0451
0,1,0,1,1,0,0,0,1,1,1,0,1,1,1,0,1,1,1,1,1,1,0,0,0,0,0,1,0,1,0,0,0,0,0,0,0,1,1 : 13.0451
1,1,0,0,0,1,0,1,0,0,0,1,1,0,1,1,0,0,1,0,0,0,0,0,0,0,1,0,0,0,1,0,0,1,0,0,1,0,1 : 13.0896
1,1,0,0,0,1,0,1,0,0,0,1,1,0,1,1,0,0,1,0,0,0,0,0,0,0,1,0,0,0,1,0,0,1,0,0,1,0,1 : 13.0896
0,1,0,1,1,1,0,1,1,1,0,0,0,0,1,1,0,1,1,1,1,1,0,0,0,0,1,0,1,1,1,1,0,1,0,0,1,1,0 : 13.1354
1,1,0,0,0,1,0,1,0,0,0,1,0,1,1,0,0,1,0,1,1,1,0,1,1,0,1,0,1,0,1,0,0,0,0,0,0,0,0 : 13.1354
1,1,0,1,1,0,0,1,1,1,0,0,0,1,1,0,0,1,1,1,0,1,0,0,1,0,1,0,1,0,1,1,0,1,1,0,1,0,0 : 13.1354
0,1,0,1,1,1,0,1,1,1,1,1,0,0,1,1,0,1,0,1,1,1,1,1,0,0,1,0,1,1,0,1,0,1,0,0,1,1,0 : 13.1354
0,1,0,1,1,1,0,1,1,1,0,0,0,0,1,1,0,1,1,1,1,1,0,0,0,0,1,0,1,1,0,0,0,1,0,0,1,1,0 : 13.1354
1,1,1,0,0,1,0,1,0,0,0,1,0,1,1,0,0,1,0,1,1,1,0,1,1,0,1,0,1,0,1,0,0,1,0,0,0,0,0 : 13.1354
0,1,0,1,1,0,0,1,1,1,1,0,0,0,1,1,0,1,0,1,1,1,1,1,0,0,1,0,1,1,0,1,0,1,0,0,1,1,0 : 13.1354
1,1,0,1,0,1,0,1,1,0,0,1,0,1,0,0,0,1,0,1,1,1,0,0,1,0,1,0,1,0,1,0,0,0,0,0,0,1,0 : 13.1354
0,1,0,1,1,1,0,1,1,1,0,0,0,0,1,1,0,1,1,1,1,1,0,0,0,0,1,0,1,1,1,1,0,1,0,0,1,1,0 : 13.1354
1,1,0,0,0,1,0,1,0,0,0,1,0,1,1,0,0,1,0,1,1,1,0,1,1,0,1,0,1,0,1,0,0,0,0,0,0,0,0 : 13.1354
1,1,0,1,1,0,0,1,1,1,0,0,0,1,1,0,0,1,1,1,0,1,0,0,1,0,1,0,1,0,1,1,0,1,1,0,1,0,0 : 13.1354
0,1,0,1,1,1,0,1,1,1,1,1,0,0,1,1,0,1,0,1,1,1,1,1,0,0,1,0,1,1,0,1,0,1,0,0,1,1,0 : 13.1354
0,1,0,1,1,1,0,1,1,1,0,0,0,0,1,1,0,1,1,1,1,1,0,0,0,0,1,0,1,1,0,0,0,1,0,0,1,1,0 : 13.1354
1,1,1,0,0,1,0,1,0,0,0,1,0,1,1,0,0,1,0,1,1,1,0,1,1,0,1,0,1,0,1,0,0,1,0,0,0,0,0 : 13.1354
0,1,0,1,1,0,0,1,1,1,1,0,0,0,1,1,0,1,0,1,1,1,1,1,0,0,1,0,1,1,0,1,0,1,0,0,1,1,0 : 13.1354
1,1,0,1,0,1,0,1,1,0,0,1,0,1,0,0,0,1,0,1,1,1,0,0,1,0,1,0,1,0,1,0,0,0,0,0,0,1,0 : 13.1354
0,0,0,1,0,1,0,1,0,0,0,1,1,1,1,0,0,0,0,1,1,0,1,1,0,0,1,0,0,0,0,0,1,0,0,0,0,0,0 : 13.1747
0,0,0,1,0,1,0,1,0,0,0,1,1,1,1,0,0,0,0,1,1,0,1,1,0,0,1,0,0,0,0,0,1,0,0,0,0,0,0 : 13.1747
0,0,0,1,1,1,0,0,0,0,0,1,0,1,0,1,0,1,1,1,0,0,0,1,0,0,1,0,1,1,1,0,1,0,1,0,1,0,0 : 13.18
0,0,0,0,1,1,0,0,1,0,0,1,0,1,0,1,0,1,1,1,0,0,0,0,0,0,1,0,1,1,1,0,1,0,1,0,1,0,0 : 13.18
0,0,0,1,1,1,0,0,0,0,0,1,0,1,0,1,0,1,1,1,0,0,0,1,0,0,1,0,1,1,1,0,1,0,1,0,1,0,0 : 13.18
0,0,0,0,1,1,0,0,1,0,0,1,0,1,0,1,0,1,1,1,0,0,0,0,0,0,1,0,1,1,1,0,1,0,1,0,1,0,0 : 13.18
0,0,0,0,1,0,0,0,1,0,1,0,0,0,0,0,1,1,0,0,1,0,1,1,0,1,0,0,0,1,1,0,1,1,0,0,1,1,1 : 13.1808
1,0,1,0,1,0,0,1,0,0,1,0,1,1,0,1,1,1,0,1,1,0,0,0,0,0,0,1,0,1,0,0,0,1,0,1,1,1,0 : 13.1808
0,0,1,0,1,0,0,0,1,0,1,0,0,0,0,0,1,1,0,0,1,0,1,1,0,1,0,0,0,1,1,0,1,1,0,0,1,0,1 : 13.1808
0,0,1,0,1,0,0,0,0,0,1,1,1,0,0,1,1,1,0,1,1,0,1,0,0,0,1,1,0,0,1,0,0,1,1,0,0,1,0 : 13.1808
1,0,1,0,1,0,0,1,0,0,1,0,1,1,0,1,1,1,0,0,1,0,0,0,0,1,0,1,0,1,0,0,1,1,0,1,1,1,0 : 13.1808
0,0,0,1,0,1,0,1,0,0,1,0,1,0,0,0,1,1,0,1,1,0,1,0,0,0,1,0,0,1,1,0,0,1,0,1,0,0,1 : 13.1808
0,0,0,0,1,0,0,0,1,0,1,0,0,0,0,0,1,1,0,0,1,0,0,1,0,1,0,0,0,0,1,0,1,1,0,0,1,0,1 : 13.1808
0,0,1,0,1,0,0,0,1,0,1,0,0,0,0,0,1,1,0,0,1,0,0,1,0,1,0,0,0,1,1,0,1,1,0,0,0,0,1 : 13.1808
0,0,1,0,1,0,0,0,0,0,1,1,1,0,0,1,1,1,0,1,1,0,1,0,0,0,1,1,0,0,1,0,0,0,1,0,0,1,0 : 13.1808
1,0,1,0,1,0,0,0,1,0,1,0,1,1,0,0,1,1,0,1,1,0,0,0,0,1,0,0,0,1,0,0,0,1,0,1,1,1,0 : 13.1808
0,0,0,0,1,0,0,0,1,0,1,0,0,0,0,0,1,1,0,0,1,0,1,1,0,1,0,0,0,1,1,0,1,1,0,0,1,1,1 : 13.1808
1,0,1,0,1,0,0,1,0,0,1,0,1,1,0,1,1,1,0,1,1,0,0,0,0,0,0,1,0,1,0,0,0,1,0,1,1,1,0 : 13.1808
0,0,1,0,1,0,0,0,1,0,1,0,0,0,0,0,1,1,0,0,1,0,1,1,0,1,0,0,0,1,1,0,1,1,0,0,1,0,1 : 13.1808
0,0,1,0,1,0,0,0,0,0,1,1,1,0,0,1,1,1,0,1,1,0,1,0,0,0,1,1,0,0,1,0,0,1,1,0,0,1,0 : 13.1808
1,0,1,0,1,0,0,1,0,0,1,0,1,1,0,1,1,1,0,0,1,0,0,0,0,1,0,1,0,1,0,0,1,1,0,1,1,1,0 : 13.1808
0,0,0,1,0,1,0,1,0,0,1,0,1,0,0,0,1,1,0,1,1,0,1,0,0,0,1,0,0,1,1,0,0,1,0,1,0,0,1 : 13.1808
0,0,0,0,1,0,0,0,1,0,1,0,0,0,0,0,1,1,0,0,1,0,0,1,0,1,0,0,0,0,1,0,1,1,0,0,1,0,1 : 13.1808
0,0,1,0,1,0,0,0,1,0,1,0,0,0,0,0,1,1,0,0,1,0,0,1,0,1,0,0,0,1,1,0,1,1,0,0,0,0,1 : 13.1808
0,0,1,0,1,0,0,0,0,0,1,1,1,0,0,1,1,1,0,1,1,0,1,0,0,0,1,1,0,0,1,0,0,0,1,0,0,1,0 : 13.1808
1,0,1,0,1,0,0,0,1,0,1,0,1,1,0,0,1,1,0,1,1,0,0,0,0,1,0,0,0,1,0,0,0,1,0,1,1,1,0 : 13.1808
0,1,0,0,1,0,0,0,1,0,1,1,0,1,1,0,0,0,0,0,1,1,0,1,0,0,0,0,0,0,0,0,1,0,0,1,0,0,0 : 13.2462
0,1,0,0,1,0,0,0,1,0,1,1,0,1,1,0,0,0,0,0,1,1,0,1,0,0,0,0,0,0,0,0,1,0,0,1,0,0,0 : 13.2462
1,0,0,1,1,0,1,1,0,0,1,0,1,1,0,1,1,0,1,1,0,0,0,1,1,0,1,0,1,0,1,0,1,0,0,0,0,0,0 : 13.2813
1,0,0,1,1,0,1,1,0,0,0,0,0,1,0,1,1,0,1,1,0,1,0,1,1,0,1,0,1,0,1,0,1,1,0,0,0,0,0 : 13.2813
1,0,0,1,1,0,1,1,0,0,1,0,0,1,0,0,1,0,1,0,0,0,0,1,1,0,1,0,1,0,1,0,1,0,0,0,0,0,0 : 13.2813
1,0,0,1,1,0,1,1,0,0,0,0,0,1,1,1,1,0,1,1,0,0,0,1,1,0,1,0,1,0,1,0,1,1,0,0,0,0,0 : 13.2813
1,0,0,1,1,0,1,1,0,0,1,0,1,1,0,1,1,0,1,1,0,0,0,1,1,0,1,0,1,0,1,0,1,0,0,0,0,0,0 : 13.2813
1,0,0,1,1,0,1,1,0,0,0,0,0,1,0,1,1,0,1,1,0,1,0,1,1,0,1,0,1,0,1,0,1,1,0,0,0,0,0 : 13.2813
1,0,0,1,1,0,1,1,0,0,1,0,0,1,0,0,1,0,1,0,0,0,0,1,1,0,1,0,1,0,1,0,1,0,0,0,0,0,0 : 13.2813
1,0,0,1,1,0,1,1,0,0,0,0,0,1,1,1,1,0,1,1,0,0,0,1,1,0,1,0,1,0,1,0,1,1,0,0,0,0,0 : 13.2813
0,0,0,0,1,1,1,0,1,0,0,1,0,1,0,1,0,0,1,1,0,1,0,0,0,0,1,0,1,1,1,0,1,0,1,0,1,0,0 : 13.4618
0,0,0,0,1,1,1,0,1,0,0,1,0,1,0,1,0,0,1,1,0,1,0,0,0,0,1,0,1,1,1,0,1,0,1,0,1,0,0 : 13.4618
0,1,0,1,0,0,0,0,1,1,1,0,1,1,1,1,0,0,1,0,0,1,0,0,0,0,0,1,0,0,1,0,1,1,1,0,1,0,0 : 13.4925
0,1,0,1,0,0,0,0,1,1,1,0,1,1,1,1,0,0,1,0,0,1,0,0,0,0,0,1,0,0,1,0,1,1,1,0,1,0,0 : 13.4925
1,0,0,0,1,0,1,0,1,1,1,1,1,1,1,0,0,1,1,1,0,0,0,0,0,0,1,0,0,0,0,1,1,0,0,0,1,0,0 : 13.5167
1,0,0,0,1,0,1,0,0,1,1,1,1,1,1,0,0,1,1,1,0,0,0,1,0,0,1,0,0,0,0,1,1,0,0,0,1,0,0 : 13.5167
1,0,0,1,0,0,1,0,1,1,1,1,1,1,1,0,0,1,1,1,0,0,0,0,0,0,1,0,0,0,0,1,1,0,0,0,1,0,0 : 13.5167
1,0,0,0,1,0,1,0,1,1,1,1,1,1,1,0,0,1,1,1,0,0,0,0,0,0,1,0,0,0,0,1,1,0,0,0,1,0,0 : 13.5167
1,0,0,0,1,0,1,0,0,1,1,1,1,1,1,0,0,1,1,1,0,0,0,1,0,0,1,0,0,0,0,1,1,0,0,0,1,0,0 : 13.5167
1,0,0,1,0,0,1,0,1,1,1,1,1,1,1,0,0,1,1,1,0,0,0,0,0,0,1,0,0,0,0,1,1,0,0,0,1,0,0 : 13.5167
0,1,0,0,1,0,0,0,1,0,1,1,0,1,1,0,0,0,0,0,1,1,0,1,0,1,0,0,1,0,0,0,1,0,0,0,0,0,1 : 13.5954
0,1,0,0,1,0,0,0,1,0,1,0,0,1,1,0,0,0,0,0,1,1,0,1,0,1,0,1,1,0,0,0,1,0,0,1,0,0,1 : 13.5954
0,1,0,0,1,0,0,0,1,0,1,1,0,1,1,0,0,0,0,0,1,1,0,1,0,1,0,0,1,0,0,0,1,0,0,0,0,0,1 : 13.5954
0,1,0,0,1,0,0,0,1,0,1,0,0,1,1,0,0,0,0,0,1,1,0,1,0,1,0,1,1,0,0,0,1,0,0,1,0,0,1 : 13.5954
1,0,0,1,0,1,0,1,1,1,1,1,0,1,1,0,0,1,0,1,0,0,0,1,0,1,0,0,1,0,0,0,1,0,0,1,0,0,1 : 13.7542
1,0,0,1,0,1,0,1,1,1,1,1,1,1,1,0,0,1,0,1,0,0,0,1,0,1,0,0,1,0,0,0,1,0,0,1,0,0,1 : 13.7542
1,0,0,1,0,1,0,1,1,1,1,1,0,1,1,0,0,1,0,1,0,0,0,1,0,1,0,0,1,0,0,0,1,0,0,1,0,0,1 : 13.7542
1,0,0,1,0,1,0,1,1,1,1,1,0,1,1,0,0,1,0,1,0,0,0,1,0,1,0,0,1,0,0,0,1,0,0,1,0,0,1 : 13.7542
1,0,0,1,0,1,0,1,1,1,1,1,1,1,1,0,0,1,0,1,0,0,0,1,0,1,0,0,1,0,0,0,1,0,0,1,0,0,1 : 13.7542
1,0,0,1,0,1,0,1,1,1,1,1,0,1,1,0,0,1,0,1,0,0,0,1,0,1,0,0,1,0,0,0,1,0,0,1,0,0,1 : 13.7542
1,1,0,1,1,1,0,1,1,0,1,1,1,1,1,1,1,0,0,1,1,1,1,0,0,0,1,0,0,1,1,0,1,0,0,0,1,0,1 : 13.8038
0,1,0,1,1,1,0,0,1,0,1,1,1,1,0,1,1,0,0,1,1,1,1,0,0,0,1,0,0,1,1,0,1,0,0,0,1,0,1 : 13.8038
1,1,0,1,1,1,0,1,1,0,1,1,1,1,1,1,1,0,0,1,1,1,1,0,0,0,1,0,0,1,1,0,1,0,0,0,1,0,1 : 13.8038
0,1,0,1,1,1,0,0,1,0,1,1,1,1,0,1,1,0,0,1,1,1,1,0,0,0,1,0,0,1,1,0,1,0,0,0,1,0,1 : 13.8038
1,0,0,0,1,0,1,1,0,0,1,1,0,0,1,1,0,1,0,0,0,1,0,0,0,0,1,0,1,0,1,0,0,1,0,1,0,1,1 : 13.8795
1,0,0,0,1,0,1,1,0,0,1,1,0,0,1,1,0,1,0,0,0,1,0,0,0,0,1,0,1,0,1,0,0,1,0,1,0,1,1 : 13.8795
1,0,0,0,0,0,1,0,0,1,1,0,1,1,0,1,1,1,1,0,1,0,1,1,0,1,0,0,1,1,1,0,0,0,0,0,1,0,0 : 13.9312
1,0,0,0,0,1,0,1,1,1,1,0,1,0,1,1,1,1,0,1,1,1,0,0,0,1,0,0,1,1,1,0,0,1,0,1,1,0,0 : 13.9312
0,0,0,1,0,1,0,1,1,1,1,0,0,0,1,1,1,1,0,1,1,1,0,0,0,1,0,0,1,1,1,0,0,1,0,1,0,0,0 : 13.9312
1,0,0,0,0,0,1,0,0,1,1,0,0,1,0,1,1,1,0,0,1,0,1,1,0,1,1,0,1,1,1,0,1,0,0,0,1,0,0 : 13.9312
1,0,0,0,0,1,0,1,1,1,1,0,0,0,1,1,1,1,0,1,1,1,0,0,0,1,0,0,1,1,1,0,0,1,0,1,1,0,0 : 13.9312
1,0,0,0,0,0,1,0,0,0,1,0,1,1,0,1,1,1,0,0,1,0,1,1,0,1,0,0,1,1,1,0,0,0,0,0,0,0,0 : 13.9312
