1,0,0,1,1,1,1,0,1,0,1,0,1,0,1,0,1,0,0,1,0,1,0,1,0,1,1,0,0,0,1,0,1,1,0,1,1,0,1 : 14.3553
1,0,0,0,0,1,0,1,1,0,1,1,1,1,1,0,1,0,0,0,0,1,0,1,0,1,1,0,0,0,0,1,1,0,0,1,1,0,1 : 14.3553
1,0,0,0,0,0,0,0,0,1,1,0,0,0,1,1,1,0,1,0,1,0,0,1,0,1,0,1,1,0,0,0,1,1,0,0,0,0,0 : 13.1168
1,1,0,1,0,0,0,0,0,0,0,0,0,1,1,0,0,1,1,1,1,1,1,1,0,1,0,0,0,1,0,0,1,1,0,0,0,1,1 : 13.0451
0,1,1,0,1,0,0,1,1,1,0,0,0,0,1,0,1,0,0,1,0,1,1,0,0,1,1,0,0,1,1,1,1,0,0,1,1,1,1 : 13.5423
0,0,1,0,0,0,1,1,1,0,0,1,1,0,0,0,0,1,1,1,0,0,0,1,0,0,0,0,1,1,0,0,0,1,0,1,1,1,0 : 13.0004
0,0,0,1,1,0,0,1,1,1,0,1,0,1,1,1,0,1,0,0,1,0,0,0,0,1,1,0,0,0,0,0,1,1,0,1,1,1,0 : 14.0434
1,0,0,0,1,0,1,0,1,0,1,0,1,1,0,0,1,0,0,0,0,1,1,1,0,0,1,0,0,1,0,1,1,0,0,0,1,0,1 : 13.5321
0,1,1,1,0,0,0,1,0,0,1,0,1,0,1,1,1,0,1,0,0,0,1,1,0,1,1,0,1,1,0,0,1,1,0,0,1,0,1 : 13.3506
0,0,0,0,1,1,0,0,1,0,1,0,1,0,0,1,0,0,1,1,0,1,0,1,0,0,0,1,0,1,0,0,0,1,0,1,1,0,0 : 15.4642
1,1,0,0,1,0,1,1,1,1,0,1,0,1,0,0,0,1,0,0,1,1,0,1,1,1,0,0,0,1,0,0,1,1,1,0,0,1,0 : 13.731
0,1,0,1,0,0,0,1,0,1,0,1,1,0,0,1,0,1,0,1,0,0,1,0,1,1,0,0,1,0,1,0,0,0,0,1,1,1,1 : 16.3155
1,0,0,0,0,0,1,0,0,1,1,1,1,0,0,0,0,0,0,0,0,0,0,0,0,1,0,0,0,1,0,0,1,1,0,0,1,0,1 : 13.0135
1,0,0,1,1,1,1,0,1,1,1,1,1,0,1,0,1,1,1,1,1,1,1,1,0,1,0,1,0,0,1,1,0,1,1,0,0,0,1 : 15.4335
0,0,0,0,0,0,1,0,1,1,0,0,1,1,0,1,1,0,1,1,0,0,0,1,0,1,1,0,0,0,0,1,1,0,0,0,1,0,0 : 13.0768
0,0,0,1,0,1,1,0,0,0,0,0,1,0,1,0,1,0,0,0,0,0,1,0,0,0,1,0,1,0,0,1,1,0,0,0,0,0,1 : 13.0854
0,1,0,0,0,1,1,0,0,1,0,1,1,1,1,1,1,0,0,0,0,1,0,0,1,1,0,0,1,1,0,0,0,1,0,0,1,0,1 : 15.4335
0,0,1,0,1,0,0,0,1,0,0,1,1,0,1,0,0,0,1,1,1,0,0,1,0,0,0,1,0,1,0,1,0,1,0,1,1,0,0 : 13.2471
1,0,1,0,1,0,0,1,0,1,1,0,0,1,0,1,1,1,1,0,0,0,0,1,0,0,1,1,1,0,0,0,0,0,0,1,1,1,0 : 13.2412
1,1,0,1,0,0,0,1,1,1,1,0,1,0,0,1,1,0,1,0,0,0,0,0,1,1,0,0,0,0,0,1,0,1,0,1,1,1,1 : 13.1294
0,0,0,1,1,0,1,0,1,0,0,0,0,1,1,0,1,1,1,1,0,0,0,0,0,1,1,0,1,1,0,0,0,1,0,0,0,1,1 : 13.1543
0,0,0,0,0,0,0,0,0,1,1,1,1,1,0,0,0,1,1,1,1,0,0,1,1,0,1,0,1,0,0,0,1,1,0,0,0,1,1 : 13.1283
0,0,0,1,0,0,1,1,1,0,0,0,1,1,0,0,1,0,0,0,0,1,1,0,0,1,0,0,1,1,1,0,1,0,0,1,1,1,0 : 13.6045
1,0,0,1,0,0,0,0,0,0,0,1,1,1,0,0,0,0,1,0,1,1,1,1,1,0,1,0,0,0,1,0,0,0,0,1,0,0,1 : 15.8531
1,0,1,0,1,0,0,0,0,1,1,0,0,0,1,0,0,1,1,1,0,1,0,1,1,1,0,1,1,0,0,0,1,0,0,0,0,1,1 : 13.2594
0,1,0,0,1,0,0,1,1,1,0,0,0,1,0,0,1,1,0,0,0,0,1,1,0,1,0,1,0,0,1,1,1,0,0,1,1,0,0 : 13.731
1,1,0,1,1,0,0,0,1,1,0,0,1,1,0,1,0,0,0,0,1,1,0,0,0,0,0,0,1,0,0,0,1,1,0,1,1,1,1 : 13.1294
0,1,0,0,1,0,1,1,0,0,1,1,0,1,0,1,0,0,0,0,0,0,0,1,1,1,0,0,0,1,1,1,0,1,0,1,1,0,0 : 15.6878
1,1,0,1,0,0,1,0,0,0,1,1,0,1,0,1,0,0,0,1,1,1,0,0,0,0,1,0,0,1,0,1,0,1,1,1,0,0,0 : 13.6437
1,0,0,1,0,1,1,1,0,1,1,0,1,1,1,1,1,0,1,0,1,1,0,1,0,0,0,0,1,0,0,1,0,1,0,1,0,0,0 : 15.4335
1,1,0,0,0,0,1,1,1,1,1,1,1,0,0,1,1,0,1,0,0,0,1,0,0,0,1,0,1,0,0,1,0,1,0,1,0,0,1 : 15.7156
0,0,0,0,1,0,1,0,1,0,1,0,0,0,1,1,1,1,0,0,1,0,1,0,0,0,0,1,1,0,0,0,0,0,0,0,0,0,0 : 14.0434
1,1,0,0,1,1,0,1,0,1,1,0,0,1,0,0,0,0,1,0,0,0,1,0,1,0,1,0,0,0,1,0,0,1,0,1,0,0,0 : 13.0854
0,0,0,0,0,0,1,1,1,0,1,0,1,0,1,0,0,0,0,1,0,0,1,1,0,1,1,0,0,0,0,0,0,1,0,0,0,1,0 : 13.079
1,0,0,1,1,1,1,0,0,0,0,1,1,1,0,0,1,1,0,0,1,0,0,0,1,0,1,0,0,1,0,1,1,0,0,1,0,1,0 : 13.0563
1,1,0,1,1,1,0,0,0,0,0,0,0,0,1,0,0,0,1,1,0,0,1,0,0,1,1,0,0,0,1,1,0,1,0,1,1,0,0 : 16.1278
1,1,0,1,1,0,1,1,1,1,0,1,0,1,1,1,1,0,1,1,0,0,0,0,1,0,1,1,0,0,1,1,1,0,0,1,1,1,0 : 13.1294
0,0,0,1,0,1,0,0,0,0,1,1,0,1,0,0,0,0,1,1,0,0,1,1,0,0,1,0,1,1,0,0,1,0,1,0,1,0,0 : 15.8336
0,1,0,0,0,0,1,1,0,1,1,1,1,0,0,1,1,0,1,0,0,0,1,1,0,0,1,0,0,0,0,0,0,1,0,1,1,1,0 : 15.7156
0,1,0,1,0,0,0,0,0,0,1,1,1,1,1,0,1,0,0,0,1,0,1,0,0,1,0,0,0,0,0,0,1,0,0,1,0,0,0 : 15.8531
1,0,1,0,1,0,0,1,0,1,0,1,0,0,1,0,1,0,1,1,0,0,0,0,0,0,0,0,0,1,0,1,0,1,0,0,1,0,0 : 13.2471
0,0,1,0,1,0,0,0,0,1,0,1,0,0,1,0,0,0,0,0,0,0,1,1,0,0,1,0,1,1,1,0,1,1,0,0,1,0,0 : 15.3447
0,1,1,0,0,0,1,0,1,1,1,1,1,1,1,1,0,1,1,0,1,1,0,0,0,0,1,0,0,1,0,1,0,1,1,0,0,0,1 : 12.6091
0,1,0,0,0,0,1,0,1,0,1,1,1,1,1,0,1,0,0,0,1,1,0,1,0,1,1,0,1,0,1,0,1,1,1,0,1,0,0 : 13.6216
0,0,1,0,1,0,0,1,0,0,1,0,0,0,0,1,1,1,1,1,0,0,1,1,0,1,0,0,0,1,0,1,1,0,0,1,1,1,0 : 16.3155
0,1,0,1,1,1,1,1,1,1,1,0,0,0,0,0,0,0,0,1,0,0,0,0,1,0,1,0,0,0,0,1,1,0,0,0,0,1,1 : 15.2801
1,0,1,1,0,0,0,1,0,0,0,0,1,0,1,1,1,1,0,0,0,0,0,1,0,0,1,0,0,0,0,1,0,1,0,1,0,0,1 : 13.2412
1,1,0,0,0,0,1,0,0,1,0,0,0,1,0,1,1,0,1,0,0,1,1,1,0,0,0,0,0,0,0,1,1,0,0,1,1,0,1 : 13.0015
1,1,1,0,0,0,1,0,0,0,1,1,0,0,0,0,0,0,0,1,1,1,0,1,0,0,1,0,0,1,1,1,1,0,0,0,0,0,0 : 15.3447
0,1,0,1,0,0,0,0,1,1,0,0,0,0,0,1,0,1,1,1,1,1,1,0,0,0,1,0,0,1,0,0,1,1,0,0,0,0,1 : 13.0451
0,1,0,0,0,0,0,1,1,0,1,1,1,1,0,1,1,0,0,1,1,0,0,1,0,1,1,1,1,0,0,0,1,1,1,0,1,0,0 : 13.6216
0,1,0,1,0,0,1,1,0,1,1,1,1,1,0,0,1,1,1,1,1,0,0,0,0,0,0,0,0,1,1,1,1,0,0,1,1,1,0 : 13.0713
1,0,1,0,0,0,1,1,0,0,1,0,1,0,0,1,1,0,0,0,1,1,1,1,1,0,1,0,1,0,1,0,1,0,0,1,0,0,0 : 15.3447
1,0,0,0,0,0,0,0,1,1,1,0,1,1,1,1,1,1,1,1,1,0,1,1,1,1,0,0,0,0,1,0,1,1,1,0,1,0,0 : 12.7139
0,1,0,1,0,0,0,0,1,1,0,1,1,1,1,1,1,1,1,0,1,0,1,0,0,1,0,0,1,0,1,0,1,1,1,0,1,0,0 : 16.3679
1,1,1,0,1,0,0,1,0,1,0,0,1,0,1,1,1,1,0,1,0,0,1,0,0,1,1,0,0,1,1,0,0,0,0,1,1,0,0 : 16.3155
1,1,0,1,1,1,0,0,1,0,0,1,0,1,1,1,0,1,0,1,1,1,1,0,0,1,1,0,1,0,0,0,0,1,0,1,0,0,0 : 15.6815
0,0,1,0,0,1,0,0,0,1,0,0,1,0,1,0,1,1,0,0,0,1,1,0,1,1,0,0,1,1,1,0,0,0,0,0,0,0,1 : 15.4335
0,0,1,1,0,0,0,1,1,1,1,0,0,0,1,1,1,0,0,0,0,0,0,0,0,0,0,0,0,1,0,0,1,1,0,1,1,1,0 : 13.1294
0,1,0,1,1,0,1,1,0,0,1,0,0,1,0,1,1,0,1,1,0,0,0,0,0,0,1,1,0,0,1,1,0,1,0,0,0,0,1 : 13.059
1,1,0,1,0,0,1,0,1,0,0,0,0,0,1,1,0,1,1,1,0,1,0,1,1,0,1,0,0,1,0,1,0,1,1,0,0,0,1 : 13.1543
0,0,0,0,0,0,0,1,0,0,1,0,0,1,1,0,1,0,1,0,1,1,1,1,0,0,0,0,1,0,0,1,1,0,0,1,0,0,1 : 14.1034
0,0,1,0,1,0,0,0,1,1,1,0,0,1,1,0,1,1,0,1,0,1,0,1,0,0,0,0,0,0,0,0,0,0,0,1,0,1,0 : 13.2594
1,0,1,0,0,0,1,0,0,0,0,1,0,1,1,0,1,0,0,0,0,0,0,1,1,0,1,1,0,1,0,1,1,0,0,1,1,0,0 : 13.1815
1,1,1,0,0,0,1,0,1,0,1,0,0,1,0,0,1,0,1,1,1,1,0,1,0,1,1,0,1,1,0,0,0,1,0,1,0,1,1 : 13.0344
1,0,0,1,1,1,0,0,0,1,0,0,0,0,1,1,1,1,1,0,0,1,1,0,0,1,1,0,1,0,1,1,0,1,0,1,0,0,1 : 13.2118
1,1,0,1,1,0,1,1,1,1,1,1,1,0,0,0,1,0,1,1,0,1,1,0,1,1,0,0,1,1,0,1,1,0,0,1,1,0,0 : 13.1294
0,1,1,0,1,0,0,0,1,1,0,0,1,1,0,1,0,0,1,1,1,0,0,0,0,0,1,0,0,1,0,1,1,0,0,1,1,0,1 : 13.2471
1,0,0,1,0,0,0,0,0,1,1,1,1,0,0,0,1,1,1,1,1,0,1,1,0,1,0,0,0,0,0,1,0,1,0,1,0,1,0 : 13.1283
0,0,0,0,0,1,0,1,0,0,0,0,1,1,0,0,1,1,0,0,0,0,1,0,0,0,0,1,0,1,0,1,1,0,0,1,0,1,1 : 16.1267
1,0,0,0,1,1,1,1,1,1,0,1,1,0,0,1,0,0,0,1,0,1,1,0,0,1,1,0,0,0,0,0,0,1,0,1,1,1,0 : 14.3553
0,0,0,1,0,0,1,0,0,0,1,0,1,1,1,0,0,1,1,1,0,0,0,1,0,0,1,0,0,1,0,0,0,1,0,0,0,1,1 : 13.0004
0,1,0,1,0,1,1,0,0,1,0,1,1,1,0,0,1,1,1,1,0,0,1,1,1,1,0,1,0,1,0,1,1,0,0,0,1,1,1 : 16.1267
1,1,0,1,1,0,1,0,1,1,1,0,1,1,1,1,0,0,0,0,1,1,0,1,0,1,1,1,0,1,0,0,1,0,0,1,1,1,0 : 13.1294
1,0,0,0,0,0,1,1,1,0,1,1,1,0,0,0,1,1,1,1,1,1,1,0,0,0,1,0,1,1,0,0,1,0,0,0,0,0,0 : 13.0713
1,0,0,1,1,0,0,0,1,0,1,1,0,0,0,1,1,0,0,0,1,1,0,1,1,0,1,1,0,0,1,0,1,0,1,0,0,1,0 : 13.6437
0,1,0,1,0,1,1,1,1,1,0,1,1,1,0,1,1,1,1,0,1,1,0,1,1,1,0,0,1,0,1,1,1,0,0,1,0,0,0 : 15.4335
0,0,0,0,1,0,0,0,0,0,1,1,0,0,1,1,0,0,0,1,1,1,1,0,0,1,1,0,0,1,0,0,1,1,0,0,1,0,0 : 13.0405
1,0,0,1,0,0,0,1,0,0,0,0,0,1,0,0,1,0,1,1,1,1,1,1,1,1,0,0,1,1,1,0,1,0,0,1,1,0,1 : 13.2796
1,1,1,0,1,0,0,0,0,1,0,1,1,1,0,0,1,0,0,0,0,1,1,1,0,1,1,0,1,1,0,0,0,0,1,1,0,0,0 : 13.5423
0,0,0,1,0,1,0,0,0,0,1,0,1,0,1,0,0,0,1,0,1,1,1,0,1,0,1,1,0,0,1,0,0,0,1,0,0,1,0 : 13.2118
0,1,0,0,0,0,0,1,1,1,0,0,1,1,1,1,0,1,1,1,0,0,0,0,0,1,0,0,1,1,1,1,1,0,0,0,1,1,0 : 13.0004
0,0,1,0,0,0,1,1,1,0,0,1,1,1,0,0,0,0,1,0,0,0,0,1,1,1,0,0,0,1,0,0,1,0,0,1,1,1,1 : 13.0344
0,1,1,1,0,0,0,1,1,0,1,0,1,1,1,1,1,0,1,1,0,1,1,1,0,1,0,0,0,1,1,0,1,0,1,1,0,0,0 : 13.1305
1,1,1,0,0,1,0,1,1,1,0,0,1,1,0,1,0,0,0,1,0,0,1,1,0,1,0,0,1,1,0,0,0,1,0,1,1,0,1 : 16.1267
0,1,0,0,1,0,0,0,1,1,0,0,0,0,1,0,1,0,1,1,0,0,1,0,0,1,0,0,0,0,0,0,1,0,1,0,1,0,0 : 13.0768
0,1,0,1,0,0,0,1,0,1,1,1,0,1,0,1,0,0,0,1,1,0,1,1,0,0,1,0,0,0,0,0,0,0,0,1,0,0,0 : 13.3384
1,1,0,1,0,0,1,1,0,1,1,1,1,1,1,1,0,1,0,1,1,0,1,1,1,1,0,0,0,0,1,0,1,1,0,0,0,1,0 : 13.6112
1,0,0,0,0,0,1,0,1,1,0,1,0,1,1,0,1,0,0,1,1,0,1,1,0,1,0,0,0,1,0,1,0,1,0,0,1,0,0 : 13.0405
1,0,0,1,1,0,1,1,0,0,1,0,1,1,1,1,0,1,1,0,0,1,0,1,0,0,0,0,1,0,1,0,1,0,1,1,0,0,0 : 16.3679
0,0,0,1,1,0,0,0,1,0,0,0,0,0,1,0,0,1,1,1,1,1,0,0,0,0,1,0,0,0,1,0,1,1,0,1,1,1,1 : 13.0451
1,0,0,1,1,1,1,1,1,0,1,1,0,0,1,0,1,1,1,0,1,1,0,0,0,1,1,0,0,0,0,0,0,1,0,0,0,0,1 : 15.2801
0,0,0,1,1,0,0,0,0,1,1,1,1,1,0,0,1,1,0,1,1,1,1,0,1,0,1,0,0,1,0,0,1,1,0,1,0,0,0 : 12.8051
1,1,0,0,1,0,1,1,0,1,1,1,1,1,1,1,0,1,1,1,1,0,0,1,0,1,1,0,0,0,0,0,1,1,0,1,1,1,1 : 13.1283
0,0,1,0,1,0,0,0,0,0,0,1,0,0,1,0,1,1,0,0,1,0,0,1,1,0,1,1,1,0,0,0,0,0,0,1,1,0,1 : 13.2412
0,1,1,0,0,0,1,0,1,0,0,1,0,1,0,0,1,0,1,0,1,0,0,0,0,0,1,1,0,1,0,0,1,1,0,0,0,0,1 : 13.1559
1,0,0,0,0,0,1,1,0,0,1,1,0,0,0,0,0,1,0,0,0,0,1,1,0,0,1,0,1,1,1,1,1,0,0,1,1,0,0 : 13.2502
0,0,1,1,0,0,0,0,1,1,1,1,1,0,0,1,0,1,0,1,1,1,0,0,1,0,1,1,1,0,0,0,0,1,0,1,0,0,1 : 12.8051
0,1,0,1,1,1,1,1,1,1,0,1,1,1,1,0,0,0,1,0,0,1,1,0,1,1,0,0,1,0,1,0,0,1,0,1,0,1,1 : 15.4642
1,1,0,1,0,0,0,1,0,1,1,1,0,1,1,1,1,0,0,0,1,1,1,1,1,0,1,0,0,0,0,0,0,1,1,0,0,1,0 : 16.2824
