1,0,1,1,0,1,1,1,0,1,1 : 250.2433
1,0,1,0,1,0,1,1,1,1,0 : 219.3966
1,1,0,1,1,1,0,1,1,0,0 : 241.8966
1,1,1,0,0,1,0,1,1,1,1 : 251.3633
1,1,1,1,0,1,1,1,0,1,0 : 257.17
1,0,1,1,0,0,0,1,1,0,0 : 227.0133
1,0,0,1,1,1,0,1,1,1,1 : 253.74
1,0,0,0,0,0,1,0,1,0,1 : 216.2233
1,1,0,0,1,0,0,1,0,1,0 : 219.1533
1,0,0,1,0,0,0,1,1,1,0 : 210.2366
1,1,1,1,1,1,1,1,0,1,1 : 252.6833
1,0,0,1,1,1,0,0,0,0,0 : 210.5066
1,0,1,0,1,0,0,0,0,1,1 : 233.23
1,1,1,1,0,1,1,1,1,0,0 : 257.17
1,1,1,1,0,0,0,1,0,0,1 : 261.4366
1,0,0,0,1,0,0,1,0,0,0 : 199.9533
1,0,0,0,0,1,1,1,0,1,1 : 214.6533
1,1,0,0,1,0,0,0,0,0,0 : 219.1533
1,0,1,1,0,0,0,0,0,0,0 : 226.13
1,0,1,0,1,0,1,0,1,0,0 : 219.3966
1,0,0,1,0,1,0,1,1,1,0 : 212.0533
1,1,0,0,0,1,0,0,1,1,1 : 232.18
1,0,1,0,1,0,0,0,1,0,0 : 219.3966
1,0,0,1,1,0,0,1,0,1,0 : 209.84
1,1,1,0,0,0,0,0,1,0,0 : 240.1633
1,1,0,1,1,1,0,1,1,0,0 : 241.8966
1,0,0,1,0,1,0,0,1,0,1 : 258.16
1,0,0,1,1,0,0,1,0,1,0 : 209.84
1,1,1,1,0,0,0,1,1,0,1 : 261.4366
1,1,0,1,0,1,0,1,0,0,0 : 238.62
1,0,0,1,1,1,0,1,1,1,1 : 253.74
1,0,0,1,0,0,0,0,1,1,1 : 247.3733
1,1,0,1,0,0,0,0,0,1,0 : 233.6666
1,0,0,0,1,1,1,0,1,0,0 : 205.7066
1,1,0,0,1,0,1,1,1,0,0 : 227.78
1,1,0,0,0,0,1,1,1,0,0 : 227.78
1,0,0,0,1,1,1,0,1,1,0 : 202.68
1,0,1,0,1,1,1,0,0,0,0 : 224.0733
1,0,1,0,0,0,1,0,1,1,0 : 219.3866
1,0,1,0,1,0,1,0,1,0,1 : 257.3333
1,1,1,0,1,0,0,0,1,0,0 : 242.8066
1,0,1,0,0,0,1,0,1,0,0 : 217.2866
1,0,1,1,0,1,0,1,1,1,1 : 246.61
1,1,1,1,1,1,1,1,0,0,1 : 252.6833
1,1,1,1,1,1,0,0,0,1,0 : 246.94
1,1,0,1,1,1,0,1,1,0,1 : 267.5933
1,1,1,0,1,1,1,1,0,1,0 : 240.9833
1,1,1,1,0,1,0,0,1,0,0 : 253.9633
1,0,0,0,1,1,1,1,0,1,0 : 202.68
1,1,0,1,1,0,0,1,0,1,0 : 241.8966
1,0,0,1,0,0,0,1,1,1,1 : 265.65
1,1,0,0,1,1,0,1,1,1,1 : 230.2366
1,0,1,0,1,1,1,0,0,0,1 : 257.3333
1,0,1,0,1,0,0,1,1,0,1 : 257.3333
1,0,0,0,0,0,0,0,0,0,0 : 201.1533
1,1,0,0,1,1,0,0,1,1,0 : 223.0133
1,0,1,1,0,0,0,0,1,0,1 : 256.2466
1,0,0,0,1,0,1,1,1,1,1 : 218.02
1,1,0,0,1,0,1,0,1,0,1 : 235.7333
1,1,1,1,0,0,0,0,1,1,0 : 250.62
1,1,0,1,1,0,1,1,1,0,1 : 249.0866
1,1,0,1,0,1,1,1,0,0,1 : 237.3466
1,0,0,1,1,0,0,1,1,0,1 : 264.7366
1,1,1,0,0,1,1,0,0,1,1 : 253.57
1,0,0,0,0,1,0,0,1,0,0 : 203.9333
1,1,0,0,0,0,0,0,1,1,1 : 232.18
1,1,0,1,1,1,0,1,0,0,0 : 241.8966
1,0,0,0,0,0,0,1,1,1,1 : 215.6066
1,1,0,0,1,1,1,1,0,1,0 : 225.7733
1,0,1,0,0,0,1,0,1,0,0 : 217.2866
1,0,0,0,1,0,1,0,0,0,1 : 216.6366
1,0,1,0,0,1,1,0,0,1,1 : 234.65
1,1,1,0,1,1,1,0,1,0,0 : 246.4966
1,0,0,0,1,1,0,0,1,1,1 : 219.37
1,0,0,0,1,0,1,0,1,1,0 : 202.68
1,0,1,1,0,1,0,1,1,1,0 : 230.7933
1,0,0,0,1,0,0,0,0,0,0 : 201.5466
1,1,1,1,0,0,0,1,0,1,1 : 261.4366
1,0,0,1,0,1,0,0,0,1,1 : 256.06
1,1,1,1,1,0,0,1,1,1,0 : 243.7833
1,0,0,0,1,1,1,0,0,0,0 : 207.2333
1,1,1,0,0,1,1,1,0,1,0 : 240.9833
1,1,0,1,0,0,1,0,1,1,1 : 248.7833
1,0,0,0,1,1,0,1,0,1,1 : 215.1833
1,1,1,1,1,0,1,0,0,1,0 : 256.4533
1,0,1,0,1,1,0,0,0,1,1 : 234.65
1,1,1,0,1,1,0,0,1,1,1 : 251.3633
1,1,0,1,0,0,0,0,0,0,1 : 239.9633
1,0,1,0,1,1,0,1,0,1,0 : 224.1766
1,0,0,0,0,1,0,0,1,1,0 : 200.38
1,1,1,0,0,0,1,0,1,0,0 : 240.1633
1,1,0,0,0,0,1,1,0,1,0 : 225.7733
1,0,0,1,0,1,1,0,1,1,0 : 215.47
1,1,1,1,1,1,0,0,1,0,0 : 253.9633
1,1,0,0,0,0,0,1,0,1,0 : 219.1533
1,0,0,1,1,0,1,1,1,0,1 : 264.18
1,0,0,1,0,1,1,0,1,0,0 : 215.47
1,1,0,1,0,1,1,0,0,1,0 : 233.6666
1,1,1,1,1,1,1,1,1,1,0 : 257.17
1,1,1,0,1,1,0,1,1,0,1 : 251.3633
