1,1,0,1,0,0,0,1,1,1,1,1,1,0,0,1,1,0,1,1,1,0,0,1,0,1,0,0,0,0,0,1,1,0,0,0,0,1,0 : 13.0769
0,0,0,0,1,1,1,0,1,0,0,1,1,1,0,1,1,0,1,1,1,1,1,1,0,0,0,0,1,0,1,0,1,1,0,1,0,1,1 : 13.4596
1,1,0,0,0,0,1,1,0,0,1,1,0,1,0,0,0,0,1,0,0,0,0,1,0,0,0,0,1,0,0,0,0,1,0,1,0,1,1 : 13.6324
0,1,1,1,0,0,0,0,0,0,1,1,1,1,0,1,1,0,0,0,1,0,0,1,1,1,0,0,1,1,0,0,1,0,0,0,0,0,0 : 13.1284
1,1,0,1,0,1,0,1,1,0,1,1,0,0,0,1,0,1,0,1,0,0,1,1,1,1,0,1,1,0,0,0,1,0,0,1,1,1,0 : 13.4596
0,1,1,0,0,0,1,1,1,0,0,1,0,1,1,1,0,1,1,1,1,0,1,0,0,0,1,0,0,0,0,0,0,0,0,0,1,0,0 : 13.3165
1,0,0,1,0,1,1,0,1,0,1,0,1,0,1,1,1,1,0,1,1,0,0,1,0,0,0,1,1,0,0,0,0,0,0,0,0,0,0 : 13.4596
1,0,0,0,0,0,1,1,1,1,1,1,1,1,1,0,0,1,1,1,0,1,0,0,1,0,1,0,0,0,0,0,0,1,0,1,1,0,1 : 13.6324
0,0,0,0,0,0,1,1,1,0,0,0,1,0,0,1,1,0,1,0,0,0,1,1,0,0,0,0,1,0,0,1,0,1,0,0,1,0,0 : 13.0769
0,0,0,0,0,1,0,1,1,1,1,1,0,0,0,1,0,1,0,0,0,1,1,0,0,0,0,1,0,0,1,0,1,0,0,0,0,1,1 : 14.4591
0,1,0,1,1,1,1,0,1,0,1,0,0,1,1,1,0,1,0,0,0,1,0,0,0,0,0,1,0,0,1,0,0,1,0,1,0,1,0 : 13.4596
1,1,0,0,0,0,1,1,1,1,0,0,1,0,1,0,1,0,1,1,1,0,1,0,1,1,0,1,1,0,0,1,0,1,0,0,1,1,0 : 13.3695
1,0,0,1,1,1,1,1,1,1,1,1,1,0,0,1,1,1,0,1,1,1,0,1,0,1,1,0,1,1,1,0,0,1,0,0,1,0,1 : 14.3946
0,0,0,0,1,0,1,1,0,0,1,1,0,0,1,0,0,0,1,1,1,0,0,1,1,1,0,0,0,0,0,0,0,0,0,1,0,0,1 : 13.3695
0,1,0,1,0,0,0,0,1,1,0,1,1,1,1,0,0,1,1,0,0,0,1,1,1,1,0,0,1,0,0,0,0,0,1,1,0,0,0 : 14.4627
1,1,1,0,0,0,1,1,1,1,0,0,0,0,1,1,1,0,1,0,0,1,1,0,1,1,0,0,0,0,1,0,1,1,0,0,0,0,1 : 13.3165
0,1,0,1,0,1,1,1,1,0,1,0,1,1,0,1,1,0,0,1,1,1,1,1,1,0,1,0,0,0,0,1,0,1,0,0,1,1,0 : 13.4596
0,0,0,1,1,1,1,0,0,0,1,1,0,1,0,1,0,1,1,0,1,1,1,1,0,1,1,0,1,1,1,0,0,0,0,1,0,1,0 : 13.4596
0,0,0,1,1,1,0,1,0,0,0,1,0,0,1,1,1,0,1,0,0,0,1,0,0,0,0,1,0,1,0,0,1,1,1,0,0,1,0 : 13.4596
0,0,0,0,1,1,0,1,1,0,1,1,0,0,0,1,0,1,1,0,1,0,0,1,0,0,0,0,1,1,1,0,1,0,0,0,1,1,1 : 13.4596
0,0,0,0,0,0,0,1,1,0,0,1,1,1,0,1,0,1,0,0,0,1,0,0,0,0,1,1,0,1,0,1,1,0,0,1,1,1,1 : 13.1284
1,0,0,0,0,0,1,1,0,1,1,1,1,0,1,0,1,1,0,1,1,0,1,0,0,1,0,0,0,1,0,0,0,1,0,0,0,0,1 : 13.3695
1,0,0,1,1,0,1,1,1,1,0,1,0,1,1,0,1,1,0,1,1,1,0,1,1,1,0,0,1,0,0,0,1,1,0,0,1,0,0 : 13.3695
0,1,0,1,0,0,1,0,0,0,1,1,0,0,0,0,0,1,0,0,1,1,1,0,0,0,0,1,0,0,1,1,0,1,0,1,1,0,1 : 13.6324
1,1,0,1,0,1,1,1,0,0,0,1,0,1,1,1,0,0,0,0,0,0,1,1,0,0,1,0,0,0,1,1,0,1,1,0,0,0,1 : 13.4596
1,0,1,0,0,1,0,1,1,0,1,1,1,0,1,1,0,1,0,0,1,0,1,1,0,0,0,0,1,1,1,0,1,1,0,1,0,1,1 : 13.4596
0,1,0,0,0,0,0,0,1,1,0,0,1,0,0,1,1,0,1,1,0,0,1,1,0,1,1,0,0,0,1,0,1,1,0,0,1,1,0 : 13.0769
0,1,1,1,0,0,0,0,1,1,0,1,1,1,1,1,0,1,0,0,1,0,0,1,0,1,1,0,0,1,0,1,0,1,0,0,1,1,1 : 13.1284
0,1,0,0,0,0,0,0,1,0,1,1,1,0,0,0,0,0,1,0,0,1,0,1,0,1,1,1,0,1,0,1,1,0,0,1,0,1,0 : 14.0749
0,0,0,0,1,1,1,1,0,0,1,1,1,1,0,1,1,0,0,1,0,1,1,1,0,0,0,0,0,0,1,0,0,1,0,0,1,1,1 : 13.4596
0,0,0,1,0,0,1,0,0,0,0,0,1,0,1,1,0,1,0,0,0,1,0,0,0,1,0,0,0,1,1,1,1,0,0,1,0,0,1 : 13.1284
1,0,0,0,0,1,0,1,1,0,1,0,1,0,1,1,1,1,1,0,1,0,0,0,0,0,1,0,1,0,1,0,0,1,0,0,0,1,1 : 13.4596
1,0,0,1,0,0,0,0,0,1,1,0,1,1,1,1,0,0,0,0,0,0,0,0,0,0,1,0,0,1,0,0,0,1,0,0,1,1,1 : 13.1284
0,1,0,0,0,0,0,0,1,0,1,1,0,0,0,1,0,1,1,1,0,1,0,0,0,0,0,0,0,1,0,0,0,0,0,1,0,1,0 : 13.1284
1,0,0,1,0,0,0,1,1,0,1,1,1,1,1,1,0,0,1,1,0,0,1,1,1,0,1,0,1,0,1,0,1,1,0,0,0,1,1 : 13.1298
1,1,0,0,0,1,0,1,1,0,0,1,1,0,1,1,0,0,0,1,0,1,0,1,0,1,0,0,1,1,0,0,0,0,0,1,0,1,0 : 13.4596
0,0,1,1,0,0,0,1,0,1,1,0,1,0,1,1,0,0,1,0,0,1,0,1,1,1,0,0,1,1,0,0,0,0,0,1,0,0,0 : 13.1284
1,1,0,1,0,0,1,0,1,1,0,1,0,0,0,1,1,0,0,1,1,1,0,1,0,0,1,0,1,0,1,1,1,0,0,0,1,0,1 : 13.4238
0,0,1,1,0,0,0,1,0,1,1,1,1,1,0,0,0,0,1,0,1,0,0,0,1,1,0,0,1,1,0,0,0,0,0,1,0,1,0 : 14.2501
0,0,0,1,1,1,1,1,1,0,0,0,1,1,0,1,0,1,1,0,1,1,0,1,0,0,0,0,1,0,0,0,1,0,0,0,0,0,0 : 13.4596
0,0,0,1,0,1,1,0,0,0,0,0,1,0,1,1,0,1,0,0,0,0,0,0,0,1,1,0,1,0,0,1,1,0,0,1,0,0,1 : 13.4596
0,1,0,0,0,0,1,0,0,0,1,0,0,0,1,0,0,0,1,0,1,0,1,0,1,1,0,1,1,0,0,1,1,0,0,1,0,1,0 : 13.3695
1,1,0,0,0,0,0,0,1,0,0,0,0,1,0,1,1,1,1,0,0,0,1,1,1,0,1,0,1,0,1,0,1,1,0,0,0,1,0 : 13.3165
1,0,0,1,0,1,1,1,1,0,0,0,0,0,1,1,0,0,1,0,0,1,1,0,0,0,1,0,0,1,1,1,0,1,0,0,0,1,0 : 13.4596
0,0,0,1,0,0,0,1,0,0,1,0,1,1,1,1,0,1,0,0,0,1,0,0,0,1,0,0,0,1,1,0,1,1,0,1,0,1,0 : 13.1284
0,0,1,1,0,0,0,1,1,1,1,1,0,0,0,1,0,0,1,0,1,1,0,0,1,1,0,0,1,1,0,0,1,0,0,1,0,1,1 : 13.1284
0,0,0,0,0,0,1,0,1,1,1,0,1,1,1,1,0,0,1,1,0,1,0,0,0,1,1,0,0,0,1,0,0,0,0,0,0,1,0 : 13.1298
0,0,0,1,1,0,1,0,0,0,0,0,0,1,1,0,1,0,1,1,0,1,1,1,0,1,1,0,0,1,1,0,1,0,0,0,1,0,1 : 13.3695
0,1,0,1,0,1,0,0,1,0,0,1,0,0,1,1,1,1,1,1,0,0,1,0,0,1,0,0,0,1,1,0,1,1,0,1,1,1,1 : 13.4596
0,0,0,1,0,0,0,0,1,0,0,0,1,1,1,1,0,0,1,0,1,1,1,1,0,0,0,0,1,0,0,1,0,1,1,0,0,1,0 : 13.1298
1,0,1,0,0,0,1,1,0,0,0,1,0,1,0,1,1,1,0,0,0,1,0,0,1,1,0,0,1,1,1,0,0,1,0,0,0,0,0 : 13.1284
1,0,0,1,0,0,1,0,1,0,0,0,0,0,1,1,1,1,0,1,0,1,0,0,1,0,1,0,0,1,1,0,1,1,0,1,0,1,0 : 13.1284
0,0,1,1,0,0,0,1,1,0,0,1,0,1,1,0,0,1,1,0,0,0,1,0,1,0,1,0,0,0,0,0,1,0,0,0,0,0,0 : 13.7203
1,1,0,0,0,0,1,0,1,1,0,0,1,1,1,1,0,0,0,0,1,1,1,1,0,0,0,0,1,0,1,0,1,0,0,0,0,1,1 : 13.4238
1,1,0,1,0,1,1,1,1,1,0,0,0,0,0,1,0,0,0,1,0,0,1,0,0,1,0,0,0,0,1,0,0,1,0,0,1,0,1 : 14.3946
0,1,0,0,0,1,1,0,1,0,0,1,0,1,1,1,0,1,1,0,1,1,0,1,1,0,1,0,0,0,1,0,1,0,0,0,0,0,0 : 13.4596
0,0,0,1,0,0,1,0,0,1,0,1,0,1,0,1,0,0,0,0,1,0,0,1,1,1,0,0,0,1,1,0,1,0,0,0,0,1,1 : 13.1284
1,1,1,0,0,1,0,1,0,0,0,1,0,0,0,1,1,0,1,1,1,0,1,0,0,0,1,0,0,0,1,0,0,1,0,1,1,0,1 : 13.4596
1,1,0,0,1,1,0,1,1,1,1,1,0,1,0,0,0,0,1,0,1,0,0,1,0,1,0,0,1,0,0,0,1,1,0,0,0,1,0 : 14.4688
0,1,0,0,0,0,0,0,1,1,0,0,0,1,1,1,0,0,1,1,0,1,0,1,0,0,1,0,1,0,0,0,1,0,0,0,0,0,0 : 13.3165
1,1,0,1,0,1,0,1,0,0,0,1,0,0,1,1,0,1,0,0,1,0,1,0,1,1,0,0,1,0,0,0,0,1,0,0,0,0,1 : 13.4596
1,0,0,1,1,0,0,0,1,0,1,1,0,1,1,1,1,0,0,1,1,1,0,1,1,0,1,1,0,1,0,1,1,0,0,0,0,0,0 : 14.4512
1,0,0,0,1,1,1,0,0,0,1,1,0,0,1,1,0,1,1,0,1,1,0,0,1,1,0,0,1,1,1,1,0,1,0,0,0,1,0 : 13.4596
0,1,0,1,1,0,0,0,1,1,1,0,0,1,0,0,0,0,1,0,0,0,1,1,0,0,0,0,1,1,1,0,1,0,0,0,1,0,0 : 13.3912
1,1,0,0,0,1,1,1,0,0,0,1,0,1,0,1,1,1,0,1,0,0,0,0,0,1,1,0,0,0,1,0,1,0,1,0,0,1,0 : 13.4596
0,1,1,1,0,0,0,1,0,1,0,0,0,0,1,1,1,0,0,0,0,1,0,0,0,0,1,0,0,1,0,0,1,1,0,0,0,0,1 : 13.1284
0,0,0,1,0,0,1,1,0,1,1,0,0,1,1,0,0,0,0,1,1,0,0,1,0,1,1,0,0,0,0,0,1,0,0,1,0,1,1 : 13.3695
1,1,0,0,0,0,0,0,1,1,0,0,0,0,0,1,0,0,1,0,1,0,0,1,1,0,1,1,0,1,0,0,1,1,0,0,1,0,0 : 13.1284
1,0,0,0,1,1,0,1,0,0,0,1,0,1,0,1,0,1,0,1,1,0,1,0,1,1,0,1,1,0,0,1,1,0,0,0,1,1,0 : 13.4596
1,1,0,1,0,1,1,0,1,0,1,1,0,1,0,1,0,0,1,0,1,0,1,0,0,1,0,0,1,1,1,0,0,1,0,0,1,1,1 : 13.4596
1,0,0,0,0,0,0,0,0,1,1,1,1,1,1,1,0,1,0,1,0,0,0,1,0,1,1,0,0,1,1,1,1,0,0,0,0,1,1 : 13.1284
1,1,0,1,0,0,0,0,1,0,1,1,0,0,1,0,1,0,0,0,1,0,1,0,1,1,0,0,0,0,1,1,0,1,0,1,0,0,1 : 13.7919
0,0,0,1,0,0,0,1,1,1,1,1,1,1,1,1,1,0,1,0,1,1,1,1,1,0,1,0,0,0,1,0,1,0,0,0,1,1,0 : 13.0769
1,1,0,1,0,1,0,1,0,0,1,1,0,0,1,1,1,0,0,0,1,0,0,0,0,1,1,0,1,1,1,0,1,0,0,1,1,1,1 : 13.4596
0,0,0,0,0,0,0,1,0,0,0,0,0,0,0,1,1,0,0,1,1,1,0,1,0,0,1,0,1,1,1,1,1,0,0,1,1,0,1 : 13.1284
1,0,1,0,0,0,1,1,1,0,1,0,1,1,0,0,0,0,1,0,0,1,0,1,0,0,1,0,0,0,0,0,1,0,0,0,1,1,1 : 13.6324
1,1,0,1,0,0,0,0,0,0,0,0,1,1,0,1,1,1,0,0,1,1,1,0,0,0,0,0,1,0,1,1,0,1,0,1,1,0,0 : 13.5935
1,1,0,1,0,1,1,1,0,0,0,1,1,1,1,1,0,0,1,0,1,0,0,0,0,0,0,0,1,0,0,1,1,0,0,1,0,1,0 : 13.4596
1,1,0,1,1,0,0,0,1,0,1,0,0,1,0,0,1,1,0,0,0,1,1,1,0,0,1,1,0,1,0,1,1,0,0,0,1,0,1 : 13.7203
0,1,0,1,0,0,1,1,0,1,1,0,0,0,1,1,0,1,1,0,0,1,1,1,0,1,1,0,0,0,0,1,0,1,0,0,1,1,1 : 13.7428
1,1,0,0,0,0,1,0,0,0,0,0,0,0,1,0,1,0,1,1,1,1,1,1,0,1,0,0,1,0,0,0,0,0,0,1,0,0,0 : 13.3695
0,1,1,1,0,0,0,0,0,0,0,0,1,1,1,0,0,0,0,0,0,0,0,0,0,0,1,0,0,0,1,0,1,0,0,1,1,1,0 : 14.5191
1,0,0,0,1,1,0,0,1,0,1,0,0,0,1,1,0,1,0,0,0,1,1,0,0,0,1,0,1,0,0,0,1,1,1,0,0,0,1 : 13.4596
1,0,0,0,1,0,0,0,0,0,0,0,1,0,1,0,1,0,0,0,1,0,0,0,0,1,1,0,1,0,1,0,0,1,0,0,0,0,1 : 13.9445
1,1,1,0,0,1,0,1,0,0,1,0,0,1,1,1,0,1,1,0,0,0,1,1,1,0,1,0,1,1,1,0,1,1,0,0,0,1,1 : 13.4596
0,0,0,1,0,0,1,1,0,0,0,0,1,0,0,0,0,1,1,1,0,0,0,0,0,0,0,1,1,0,0,0,1,0,0,1,1,1,1 : 13.6324
0,0,0,1,0,0,1,1,1,0,0,0,1,0,1,0,1,1,1,1,1,1,0,0,1,1,0,0,0,0,0,1,0,1,0,0,0,0,1 : 13.3695
1,0,0,1,0,1,1,1,1,0,0,1,1,0,1,1,0,1,1,0,0,0,1,0,1,0,1,0,1,0,0,0,1,1,0,1,0,0,0 : 13.4596
1,0,0,0,1,0,1,0,0,1,1,0,1,0,1,0,0,1,0,1,1,1,0,0,0,0,0,0,1,0,0,0,0,1,0,0,0,0,1 : 13.6324
0,0,0,1,0,0,1,1,1,0,1,0,0,0,1,1,0,0,0,0,1,0,0,1,0,0,0,0,0,1,0,0,0,1,0,0,1,0,1 : 13.1284
0,1,0,0,1,1,1,0,0,0,1,0,1,0,1,1,0,0,1,0,1,0,1,0,1,0,1,0,0,1,1,1,1,0,0,0,0,1,1 : 13.4596
1,0,0,1,0,0,1,0,0,0,1,1,1,0,0,1,0,0,1,0,1,0,0,1,0,0,1,0,0,0,0,0,1,1,0,0,1,0,0 : 13.7428
0,1,0,1,0,0,0,1,1,1,1,0,1,0,1,1,0,1,1,0,0,1,1,1,0,1,0,0,1,0,0,0,0,0,0,0,1,0,0 : 13.1298
0,1,0,1,0,0,0,0,1,0,1,1,1,0,0,1,1,0,0,0,0,0,1,0,0,1,1,1,0,1,0,0,1,1,0,1,1,0,1 : 14.4337
1,0,0,1,0,1,1,1,0,0,0,1,1,1,0,1,1,0,0,1,1,0,0,1,0,0,1,0,1,0,1,1,1,0,0,1,1,0,1 : 13.4596
0,1,0,0,0,0,1,0,0,1,0,0,0,0,1,1,0,0,1,0,1,1,0,1,0,0,1,0,0,1,1,0,0,1,1,0,0,1,0 : 13.1284
0,0,0,1,1,0,1,0,0,1,0,1,0,0,1,1,0,0,1,0,0,0,0,0,0,1,0,0,0,0,0,1,1,0,0,0,0,1,1 : 14.4512
0,1,0,0,1,0,1,0,1,0,0,1,1,1,0,0,1,0,0,0,0,0,0,1,0,0,0,0,0,0,0,0,0,0,0,1,1,0,1 : 13.6324
0,0,1,0,0,0,1,1,0,0,1,0,1,0,1,1,0,1,0,0,0,0,0,1,0,0,1,0,0,1,0,1,0,1,0,0,0,1,1 : 13.1284
0,0,0,0,0,0,0,1,0,1,0,1,0,1,1,1,1,0,1,0,0,0,0,1,0,1,1,0,0,1,1,1,1,0,0,0,0,1,1 : 13.1284
