0,0,0,0,0,0,0,1,0,1,0,0,1,1,1,1,0,1,1,1,1,0,0,0,0,1,0,0,0,1,1,0,1,0,0,0,1,1,0 : 12.7139
0,0,0,0,0,0,0,1,0,1,0,0,1,1,1,0,0,1,1,1,1,0,0,0,0,1,0,0,0,1,1,0,1,0,0,0,0,0,1 : 12.7139
0,0,0,0,0,0,0,1,0,1,0,0,1,1,1,1,1,1,1,1,1,0,0,0,0,1,0,0,0,1,0,0,1,0,0,0,1,1,0 : 12.7139
0,0,0,0,0,0,0,1,0,1,0,0,1,1,1,1,0,1,1,1,1,0,0,0,0,1,0,0,0,1,1,0,1,1,0,0,0,1,0 : 12.7139
0,0,0,0,0,0,0,1,0,1,0,0,1,1,1,1,0,1,1,1,1,0,0,0,0,1,0,0,0,1,1,0,1,0,0,0,1,1,0 : 12.7139
0,0,0,0,0,0,0,1,0,1,0,0,1,1,1,0,0,1,1,1,1,0,0,0,0,1,0,0,0,1,1,0,1,0,0,0,0,0,1 : 12.7139
0,0,0,0,0,0,0,1,0,1,0,0,1,1,1,1,1,1,1,1,1,0,0,0,0,1,0,0,0,1,0,0,1,0,0,0,1,1,0 : 12.7139
0,0,0,0,0,0,0,1,0,1,0,0,1,1,1,1,0,1,1,1,1,0,0,0,0,1,0,0,0,1,1,0,1,1,0,0,0,1,0 : 12.7139
0,1,1,1,0,0,0,0,1,1,0,1,1,0,0,1,1,1,1,1,1,1,1,0,0,0,1,0,1,1,0,0,1,1,0,0,1,0,1 : 12.8185
0,1,1,1,0,0,0,0,1,1,0,1,1,0,0,1,1,1,1,1,1,1,1,0,0,0,1,0,1,1,0,0,1,1,0,0,1,0,1 : 12.8185
0,1,1,1,0,0,0,0,1,1,0,1,1,0,0,1,1,1,1,1,1,1,1,0,0,0,1,0,1,1,1,0,1,1,0,0,0,0,1 : 12.9329
0,1,1,1,0,0,0,0,1,1,0,1,1,0,0,1,1,1,1,1,1,1,1,0,0,0,1,0,1,1,1,0,1,1,0,0,0,0,1 : 12.9329
0,1,1,0,0,0,1,0,0,0,0,0,1,1,1,1,1,1,0,1,0,1,0,0,0,0,0,0,0,1,1,0,0,1,1,0,0,0,1 : 13.0004
0,1,1,0,0,0,1,0,1,0,0,0,1,1,1,1,1,1,0,1,0,1,0,0,0,0,0,0,0,1,0,0,0,1,1,0,0,0,1 : 13.0004
0,1,1,0,0,0,1,0,1,0,0,0,1,1,1,1,1,1,0,1,0,1,0,0,0,0,0,0,0,1,0,0,0,1,1,0,0,0,1 : 13.0004
0,1,1,0,0,0,1,0,0,0,0,0,1,1,1,1,1,1,0,1,0,1,0,0,0,0,0,0,0,1,1,0,0,1,1,0,0,0,1 : 13.0004
0,1,1,0,0,0,1,0,1,0,0,0,1,1,1,1,1,1,0,1,0,1,0,0,0,0,0,0,0,1,0,0,0,1,1,0,0,0,1 : 13.0004
0,1,1,0,0,0,1,0,1,0,0,0,1,1,1,1,1,1,0,1,0,1,0,0,0,0,0,0,0,1,0,0,0,1,1,0,0,0,1 : 13.0004
1,1,0,0,0,0,1,0,0,0,0,0,0,1,0,1,1,0,1,1,0,1,1,1,0,0,0,0,1,0,0,1,1,0,0,1,1,0,1 : 13.0015
1,1,0,0,0,0,1,0,0,0,0,0,0,1,0,1,1,0,1,0,0,1,1,1,0,0,0,0,0,0,0,1,1,0,0,1,1,0,1 : 13.0015
1,1,0,0,0,0,1,0,0,0,0,0,0,1,0,1,1,0,1,1,0,1,1,1,0,0,0,0,1,0,0,1,1,0,0,1,1,0,1 : 13.0015
1,1,0,0,0,0,1,0,0,0,0,0,0,1,0,1,1,0,1,0,0,1,1,1,0,0,0,0,0,0,0,1,1,0,0,1,1,0,1 : 13.0015
0,0,0,1,0,0,0,1,1,0,1,0,1,1,0,1,0,0,1,0,0,0,0,1,1,1,0,0,1,1,0,0,1,0,0,1,0,1,0 : 13.0193
0,0,0,1,0,0,0,1,1,0,1,0,1,1,0,1,0,0,1,0,0,0,0,1,1,1,0,0,1,1,0,0,1,0,0,1,0,1,0 : 13.0193
0,1,1,0,1,0,0,0,1,1,1,0,0,1,1,0,1,1,0,0,1,1,0,1,0,0,0,0,0,0,0,0,0,0,0,1,0,1,0 : 13.0412
0,1,1,0,1,0,0,0,1,1,1,0,0,1,1,0,1,1,0,0,1,1,0,1,0,0,0,0,0,0,0,0,0,0,0,1,0,1,0 : 13.0412
1,0,0,1,0,0,0,1,1,0,1,0,1,1,1,1,1,1,1,1,1,0,0,1,1,1,0,0,0,0,1,0,1,1,1,0,1,0,0 : 13.0451
0,0,0,1,1,0,0,0,1,0,0,0,1,0,1,0,0,1,1,1,1,1,0,0,0,0,1,0,0,0,0,0,1,1,0,1,1,1,1 : 13.0451
1,0,0,1,1,0,0,1,1,0,1,0,0,1,1,1,1,1,1,1,1,0,1,0,0,1,0,0,0,0,1,0,1,1,1,0,1,0,0 : 13.0451
1,0,0,1,0,0,0,1,1,0,1,0,1,1,1,1,1,1,1,1,1,0,0,1,0,1,0,0,0,0,1,0,1,1,1,0,1,0,0 : 13.0451
0,1,0,1,1,0,0,0,1,0,1,0,1,0,1,0,0,1,1,1,1,1,0,0,1,0,1,0,0,0,0,0,1,1,0,1,1,0,1 : 13.0451
0,0,0,1,1,0,0,0,1,1,0,0,1,1,1,0,0,1,1,1,1,1,0,0,0,0,1,0,0,0,0,0,1,0,0,1,1,1,1 : 13.0451
1,0,0,1,1,0,0,1,1,0,1,0,0,0,1,1,1,1,1,1,1,0,1,1,0,1,0,0,0,0,1,0,1,1,1,0,1,0,0 : 13.0451
0,1,0,1,0,0,0,0,1,0,1,0,1,0,1,0,0,1,1,1,1,1,0,0,0,0,1,0,0,0,0,0,1,1,0,1,1,0,1 : 13.0451
1,0,0,1,0,0,0,1,1,0,1,0,1,1,1,1,1,1,1,1,1,0,0,1,1,1,0,0,0,0,1,0,1,1,1,0,1,0,0 : 13.0451
0,0,0,1,1,0,0,0,1,0,0,0,1,0,1,0,0,1,1,1,1,1,0,0,0,0,1,0,0,0,0,0,1,1,0,1,1,1,1 : 13.0451
1,0,0,1,1,0,0,1,1,0,1,0,0,1,1,1,1,1,1,1,1,0,1,0,0,1,0,0,0,0,1,0,1,1,1,0,1,0,0 : 13.0451
1,0,0,1,0,0,0,1,1,0,1,0,1,1,1,1,1,1,1,1,1,0,0,1,0,1,0,0,0,0,1,0,1,1,1,0,1,0,0 : 13.0451
0,1,0,1,1,0,0,0,1,0,1,0,1,0,1,0,0,1,1,1,1,1,0,0,1,0,1,0,0,0,0,0,1,1,0,1,1,0,1 : 13.0451
0,0,0,1,1,0,0,0,1,1,0,0,1,1,1,0,0,1,1,1,1,1,0,0,0,0,1,0,0,0,0,0,1,0,0,1,1,1,1 : 13.0451
1,0,0,1,1,0,0,1,1,0,1,0,0,0,1,1,1,1,1,1,1,0,1,1,0,1,0,0,0,0,1,0,1,1,1,0,1,0,0 : 13.0451
0,1,0,1,0,0,0,0,1,0,1,0,1,0,1,0,0,1,1,1,1,1,0,0,0,0,1,0,0,0,0,0,1,1,0,1,1,0,1 : 13.0451
0,0,0,1,1,0,1,1,0,0,1,0,0,0,0,1,0,0,1,1,0,0,0,0,0,0,1,1,0,0,1,1,0,1,0,0,0,0,1 : 13.059
0,0,0,1,1,0,1,1,0,0,1,0,0,0,0,1,1,0,1,1,0,0,0,0,0,0,1,1,0,0,1,1,0,1,0,0,0,0,1 : 13.059
0,0,0,1,1,0,1,1,0,0,1,0,0,0,0,1,0,0,1,1,0,0,0,0,0,0,1,1,0,0,1,1,0,1,0,0,0,0,1 : 13.059
0,0,0,1,1,0,1,1,0,0,1,0,0,0,0,1,1,0,1,1,0,0,0,0,0,0,1,1,0,0,1,1,0,1,0,0,0,0,1 : 13.059
0,0,0,0,0,0,0,0,0,1,1,1,0,0,1,1,1,0,0,0,1,0,0,1,0,1,0,1,0,0,1,0,1,1,0,0,0,0,0 : 13.0972
0,0,0,0,0,0,0,0,0,1,1,1,0,0,1,1,1,0,1,0,1,0,0,1,0,1,0,1,0,0,1,0,1,1,0,0,0,0,0 : 13.0972
0,0,0,0,0,0,0,0,0,1,1,1,0,0,1,1,1,0,0,0,1,0,0,1,0,1,0,1,0,0,1,0,1,1,0,0,0,0,0 : 13.0972
0,0,0,0,0,0,0,0,0,1,1,1,0,0,1,1,1,0,1,0,1,0,0,1,0,1,0,1,0,0,1,0,1,1,0,0,0,0,0 : 13.0972
1,1,0,1,0,0,0,1,1,1,1,0,1,0,0,1,0,0,1,0,0,0,0,0,1,1,0,0,0,0,0,0,0,1,0,1,1,1,1 : 13.1294
1,0,0,1,1,0,1,0,1,1,0,1,0,1,1,1,1,0,1,1,0,0,0,0,1,0,1,1,0,0,1,0,1,0,0,1,1,1,0 : 13.1294
0,1,0,1,1,0,1,0,1,1,0,0,1,1,1,1,0,0,0,0,1,1,0,1,0,0,1,1,0,1,0,0,1,0,0,1,1,1,0 : 13.1294
1,1,0,1,1,0,1,1,1,1,0,1,0,1,1,1,1,0,1,1,1,0,0,0,1,0,1,1,0,0,1,0,0,0,0,1,0,1,0 : 13.1294
1,1,0,1,1,0,1,0,1,1,1,0,1,1,1,1,0,0,0,0,1,1,0,1,0,1,0,1,0,1,0,0,1,0,0,1,1,1,0 : 13.1294
1,1,0,1,0,0,0,1,1,1,1,0,1,0,0,1,0,0,1,0,0,0,0,0,1,1,0,0,0,0,0,0,0,1,0,1,1,1,1 : 13.1294
1,0,0,1,1,0,1,0,1,1,0,1,0,1,1,1,1,0,1,1,0,0,0,0,1,0,1,1,0,0,1,0,1,0,0,1,1,1,0 : 13.1294
1,1,0,1,1,0,1,1,1,1,0,1,0,1,1,1,1,0,1,1,0,0,0,0,1,0,1,1,0,0,1,0,1,0,0,1,1,1,0 : 13.1294
1,1,0,1,1,0,1,0,1,1,1,0,1,1,1,1,0,0,0,0,1,1,0,1,0,1,1,1,0,1,0,0,1,0,0,1,1,1,0 : 13.1294
1,1,0,1,0,0,0,1,1,1,1,0,1,0,0,1,0,0,1,0,0,0,0,0,1,1,0,0,0,0,0,0,0,1,0,1,1,1,1 : 13.1294
1,0,0,1,1,0,1,0,1,1,0,1,0,1,1,1,1,0,1,1,0,0,0,0,1,0,1,1,0,0,1,0,1,0,0,1,1,1,0 : 13.1294
0,1,0,1,1,0,1,0,1,1,0,0,1,1,1,1,0,0,0,0,1,1,0,1,0,0,1,1,0,1,0,0,1,0,0,1,1,1,0 : 13.1294
1,1,0,1,1,0,1,1,1,1,0,1,0,1,1,1,1,0,1,1,1,0,0,0,1,0,1,1,0,0,1,0,0,0,0,1,0,1,0 : 13.1294
1,1,0,1,1,0,1,0,1,1,1,0,1,1,1,1,0,0,0,0,1,1,0,1,0,1,0,1,0,1,0,0,1,0,0,1,1,1,0 : 13.1294
1,1,0,1,0,0,0,1,1,1,1,0,1,0,0,1,0,0,1,0,0,0,0,0,1,1,0,0,0,0,0,0,0,1,0,1,1,1,1 : 13.1294
1,0,0,1,1,0,1,0,1,1,0,1,0,1,1,1,1,0,1,1,0,0,0,0,1,0,1,1,0,0,1,0,1,0,0,1,1,1,0 : 13.1294
1,1,0,1,1,0,1,1,1,1,0,1,0,1,1,1,1,0,1,1,0,0,0,0,1,0,1,1,0,0,1,0,1,0,0,1,1,1,0 : 13.1294
1,1,0,1,1,0,1,0,1,1,1,0,1,1,1,1,0,0,0,0,1,1,0,1,0,1,1,1,0,1,0,0,1,0,0,1,1,1,0 : 13.1294
0,1,1,1,0,0,0,1,0,0,1,1,0,1,1,1,1,0,1,1,0,1,1,1,0,1,0,0,0,1,1,0,1,1,1,1,0,0,0 : 13.1305
0,1,1,1,0,0,0,1,0,0,1,1,0,1,1,1,1,0,1,1,0,1,1,0,0,1,0,0,0,1,1,0,1,0,1,1,0,0,0 : 13.1305
1,1,0,1,0,0,1,0,1,0,0,0,0,0,1,1,0,0,1,1,0,1,0,0,1,0,1,0,0,1,0,1,0,1,1,0,0,0,1 : 13.1305
0,1,1,1,0,0,0,1,0,0,1,1,0,1,1,1,1,0,1,1,0,1,1,1,0,1,0,0,0,1,1,0,1,1,1,1,0,0,0 : 13.1305
0,1,1,1,0,0,0,1,0,0,1,1,0,1,1,1,1,0,1,1,0,1,1,0,0,1,0,0,0,1,1,0,1,0,1,1,0,0,0 : 13.1305
1,1,0,1,0,0,1,0,1,0,0,0,0,0,1,1,0,0,1,1,0,1,0,0,1,0,1,0,0,1,0,1,0,1,1,0,0,0,1 : 13.1305
0,1,1,0,1,0,0,1,0,1,0,0,1,1,0,1,1,1,0,0,0,1,1,1,0,1,1,0,1,1,1,0,0,0,1,1,0,0,0 : 13.1554
0,1,1,0,1,0,0,1,0,0,0,0,1,1,0,1,0,1,0,0,0,1,1,1,0,1,1,0,1,1,1,0,0,0,1,1,0,0,0 : 13.1554
0,1,1,0,1,0,0,1,0,1,0,0,1,1,0,1,1,1,0,0,0,1,1,1,0,1,1,0,1,1,1,0,0,0,1,1,0,0,0 : 13.1554
0,1,1,0,1,0,0,1,0,0,0,0,1,1,0,1,0,1,0,0,0,1,1,1,0,1,1,0,1,1,1,0,0,0,1,1,0,0,0 : 13.1554
0,0,1,0,0,0,1,1,1,0,0,0,1,1,1,0,0,0,0,1,0,0,1,1,0,1,1,1,1,0,0,0,0,1,1,0,0,1,0 : 13.1655
0,1,1,0,0,0,1,1,1,0,0,0,1,0,1,0,0,0,0,1,0,0,1,1,0,1,1,0,1,0,0,0,0,1,1,0,0,1,0 : 13.1655
0,0,1,0,0,0,1,1,1,0,0,0,1,0,1,1,0,0,0,1,0,0,1,1,0,1,1,0,1,0,0,0,0,1,1,0,0,1,0 : 13.1655
0,0,1,0,0,0,1,1,1,0,0,0,1,1,1,0,0,0,0,1,0,0,1,1,0,1,1,1,1,0,0,0,0,1,1,0,0,1,0 : 13.1655
0,1,1,0,0,0,1,1,1,0,0,0,1,0,1,0,0,0,0,1,0,0,1,1,0,1,1,0,1,0,0,0,0,1,1,0,0,1,0 : 13.1655
0,0,1,0,0,0,1,1,1,0,0,0,1,0,1,1,0,0,0,1,0,0,1,1,0,1,1,0,1,0,0,0,0,1,1,0,0,1,0 : 13.1655
1,1,1,0,0,0,1,0,0,0,0,1,0,1,1,0,1,0,0,0,0,0,0,1,1,0,1,1,0,1,0,0,1,0,0,1,1,0,0 : 13.1815
1,0,1,0,0,0,1,0,0,0,0,1,0,1,1,0,1,0,0,0,0,0,0,1,1,0,1,1,0,1,0,0,1,0,0,1,1,0,0 : 13.1815
0,0,1,0,1,0,0,1,1,0,0,1,1,0,1,0,0,0,0,1,1,0,0,1,0,0,0,0,0,1,0,1,0,1,0,1,1,0,0 : 13.1815
1,1,1,0,0,0,1,0,0,0,0,1,0,1,1,0,1,0,0,0,0,0,0,1,1,0,1,1,0,1,0,0,1,0,0,1,1,0,0 : 13.1815
1,0,1,0,0,0,1,0,0,0,0,1,0,1,1,0,1,0,0,0,0,0,0,1,1,0,1,1,0,1,0,0,1,0,0,1,1,0,0 : 13.1815
0,0,1,0,1,0,0,1,1,0,0,1,1,0,1,0,0,0,0,1,1,0,0,1,0,0,0,0,0,1,0,1,0,1,0,1,1,0,0 : 13.1815
1,0,0,1,1,1,0,0,0,0,0,0,0,0,1,0,0,1,1,0,0,1,1,0,0,1,1,0,1,0,1,0,0,1,0,1,0,0,1 : 13.2118
1,0,0,1,1,1,0,1,0,1,1,0,0,1,1,1,0,1,1,0,0,1,1,0,0,1,1,0,1,1,1,1,0,1,0,1,0,0,1 : 13.2118
1,0,0,1,1,1,0,1,0,0,1,0,0,1,1,1,0,0,1,0,0,1,1,0,0,1,1,0,1,0,1,1,0,1,0,1,0,0,1 : 13.2118
1,0,0,1,1,1,0,0,0,1,0,0,0,0,1,0,0,1,1,0,0,1,1,0,0,1,1,0,1,0,1,0,0,1,0,1,0,0,1 : 13.2118
1,0,0,1,1,1,0,0,0,0,0,0,0,0,1,0,0,1,1,0,0,1,1,0,0,1,1,0,1,0,1,0,0,1,0,1,0,0,1 : 13.2118
1,0,0,1,1,1,0,1,0,1,1,0,0,1,1,1,0,1,1,0,0,1,1,0,0,1,1,0,1,1,1,1,0,1,0,1,0,0,1 : 13.2118
1,0,0,1,1,1,0,1,0,0,1,0,0,1,1,1,0,0,1,0,0,1,1,0,0,1,1,0,1,0,1,1,0,1,0,1,0,0,1 : 13.2118
1,0,0,1,1,1,0,0,0,1,0,0,0,0,1,0,0,1,1,0,0,1,1,0,0,1,1,0,1,0,1,0,0,1,0,1,0,0,1 : 13.2118
1,0,1,0,1,0,0,1,0,1,0,1,0,0,1,1,1,0,1,1,0,0,0,0,0,0,0,0,1,1,0,1,0,1,0,0,1,1,1 : 13.2471
0,0,1,0,1,0,0,0,1,0,0,1,1,0,1,0,0,0,1,1,1,0,0,1,0,0,0,0,0,1,0,1,0,1,0,1,1,0,1 : 13.2471
