0,1,0,0,0,0,0,0,1,1,0,0,1,1,0,1,1,0,1,0,1,0,0,1,1,1,0,0,0,0,1,0,0,1,1,0,0,1,0 : 13.0769
1,1,0,0,0,0,0,1,1,0,0,1,1,1,1,1,1,0,1,0,0,0,0,1,0,1,0,0,0,0,1,0,1,1,0,0,1,1,0 : 13.0769
1,0,0,0,0,0,0,1,1,0,0,0,1,0,0,1,1,0,1,0,0,0,0,1,0,1,0,0,0,0,0,0,1,0,0,0,0,1,0 : 13.0769
1,1,0,1,0,0,0,0,1,0,0,0,1,0,0,1,1,1,1,1,0,0,0,1,0,1,1,0,0,0,0,0,0,0,0,0,0,0,0 : 13.0769
1,1,0,0,0,0,0,1,1,0,0,0,1,1,0,1,1,0,1,0,0,0,0,0,0,1,0,0,0,0,0,0,1,0,1,0,0,1,0 : 13.0769
1,1,0,0,0,0,0,0,1,0,1,0,1,0,0,1,1,0,1,0,0,0,0,1,0,1,0,0,0,0,0,0,1,0,0,0,0,1,0 : 13.0769
1,1,0,0,0,0,0,1,1,0,0,1,1,1,0,1,1,1,1,0,1,0,0,1,1,1,0,1,0,0,1,0,1,1,1,0,0,1,0 : 13.0769
1,1,0,1,0,0,0,0,1,0,0,0,1,0,0,1,1,0,1,0,0,0,0,1,0,1,1,0,0,0,0,0,0,0,0,0,0,1,0 : 13.0769
1,1,0,0,0,0,0,1,1,0,0,1,1,1,0,1,1,0,1,0,0,0,0,1,0,1,0,0,0,0,0,0,1,0,1,0,0,1,0 : 13.0769
0,1,0,0,0,0,0,0,1,1,0,0,1,1,0,1,1,0,1,0,1,0,0,1,1,1,0,0,0,0,1,0,0,1,1,0,0,1,0 : 13.0769
1,1,0,0,0,0,0,1,1,0,0,1,1,1,1,1,1,0,1,0,0,0,0,1,0,1,0,0,0,0,1,0,1,1,0,0,1,1,0 : 13.0769
1,0,0,0,0,0,0,1,1,0,0,0,1,0,0,1,1,0,1,0,0,0,0,1,0,1,0,0,0,0,0,0,1,0,0,0,0,1,0 : 13.0769
1,1,0,1,0,0,0,0,1,0,0,0,1,0,0,1,1,1,1,1,0,0,0,1,0,1,1,0,0,0,0,0,0,0,0,0,0,0,0 : 13.0769
1,1,0,0,0,0,0,1,1,0,0,0,1,1,0,1,1,0,1,0,0,0,0,0,0,1,0,0,0,0,0,0,1,0,1,0,0,1,0 : 13.0769
1,1,0,0,0,0,0,0,1,0,1,0,1,0,0,1,1,0,1,0,0,0,0,1,0,1,0,0,0,0,0,0,1,0,0,0,0,1,0 : 13.0769
1,1,0,0,0,0,0,1,1,0,0,1,1,1,0,1,1,1,1,0,1,0,0,1,1,1,0,1,0,0,1,0,1,1,1,0,0,1,0 : 13.0769
1,1,0,1,0,0,0,0,1,0,0,0,1,0,0,1,1,0,1,0,0,0,0,1,0,1,1,0,0,0,0,0,0,0,0,0,0,1,0 : 13.0769
1,1,0,0,0,0,0,1,1,0,0,1,1,1,0,1,1,0,1,0,0,0,0,1,0,1,0,0,0,0,0,0,1,0,1,0,0,1,0 : 13.0769
0,0,0,0,0,0,0,1,0,1,0,1,0,1,0,0,1,0,1,0,0,1,0,1,0,0,0,0,0,0,1,0,1,1,0,0,0,1,1 : 13.1175
0,0,0,0,1,0,0,1,0,1,0,1,0,1,0,0,1,0,1,0,0,1,0,1,0,0,0,0,0,0,0,0,1,0,0,0,0,0,1 : 13.1175
0,0,0,0,1,0,0,1,0,0,0,1,0,1,0,0,1,0,1,0,0,1,0,1,0,0,0,1,0,0,1,0,1,1,0,0,0,0,1 : 13.1175
0,0,0,0,0,0,0,1,1,1,0,0,0,1,0,0,0,0,1,0,0,1,0,1,0,0,0,0,0,0,1,0,0,1,1,0,0,0,1 : 13.1175
0,0,0,0,1,0,0,1,0,1,0,1,0,1,0,0,1,0,1,0,0,0,0,1,0,0,0,0,0,0,1,1,1,0,0,0,0,0,1 : 13.1175
0,0,0,0,1,0,0,1,0,1,0,1,0,1,0,0,1,0,1,0,0,1,0,1,0,0,0,0,0,0,0,0,1,0,0,0,0,0,1 : 13.1175
0,0,0,0,0,0,0,1,0,0,0,0,0,1,0,0,1,0,1,0,0,1,0,1,0,0,0,1,0,0,1,0,1,1,1,0,0,0,1 : 13.1175
0,0,0,0,0,0,0,1,1,1,0,0,0,1,0,0,0,0,1,0,0,1,0,0,0,0,0,0,0,0,1,0,0,1,0,0,0,0,1 : 13.1175
0,0,0,0,1,0,0,1,0,1,0,1,0,1,0,0,1,0,1,0,0,0,0,1,0,0,0,0,0,0,0,0,1,0,0,0,0,0,1 : 13.1175
0,0,0,0,0,0,0,1,0,1,0,1,0,1,0,0,1,0,1,0,0,1,0,1,0,0,0,0,0,0,1,0,1,1,0,0,0,1,1 : 13.1175
0,0,0,0,1,0,0,1,0,1,0,1,0,1,0,0,1,0,1,0,0,1,0,1,0,0,0,0,0,0,0,0,1,0,0,0,0,0,1 : 13.1175
0,0,0,0,1,0,0,1,0,0,0,1,0,1,0,0,1,0,1,0,0,1,0,1,0,0,0,1,0,0,1,0,1,1,0,0,0,0,1 : 13.1175
0,0,0,0,0,0,0,1,1,1,0,0,0,1,0,0,0,0,1,0,0,1,0,1,0,0,0,0,0,0,1,0,0,1,1,0,0,0,1 : 13.1175
0,0,0,0,1,0,0,1,0,1,0,1,0,1,0,0,1,0,1,0,0,0,0,1,0,0,0,0,0,0,1,1,1,0,0,0,0,0,1 : 13.1175
0,0,0,0,1,0,0,1,0,1,0,1,0,1,0,0,1,0,1,0,0,1,0,1,0,0,0,0,0,0,0,0,1,0,0,0,0,0,1 : 13.1175
0,0,0,0,0,0,0,1,0,0,0,0,0,1,0,0,1,0,1,0,0,1,0,1,0,0,0,1,0,0,1,0,1,1,1,0,0,0,1 : 13.1175
0,0,0,0,0,0,0,1,1,1,0,0,0,1,0,0,0,0,1,0,0,1,0,0,0,0,0,0,0,0,1,0,0,1,0,0,0,0,1 : 13.1175
0,0,0,0,1,0,0,1,0,1,0,1,0,1,0,0,1,0,1,0,0,0,0,1,0,0,0,0,0,0,0,0,1,0,0,0,0,0,1 : 13.1175
1,1,0,0,0,0,0,1,1,0,0,1,1,0,0,1,1,0,1,0,0,0,0,1,0,1,1,0,0,1,0,0,1,0,0,0,0,1,0 : 13.1284
1,1,1,0,0,0,1,0,1,1,1,1,0,0,1,1,0,1,0,0,1,0,0,1,0,0,0,0,0,1,1,0,1,0,0,1,1,0,0 : 13.1284
0,0,1,0,0,0,1,1,1,0,1,1,1,1,1,1,0,1,1,0,0,1,0,1,1,1,0,0,1,1,1,0,1,0,0,0,0,0,0 : 13.1284
1,1,1,1,0,0,0,1,1,0,0,1,1,1,0,1,1,0,0,0,1,0,0,1,1,1,0,0,1,1,0,0,1,0,0,0,0,1,0 : 13.1284
1,0,0,0,0,0,1,0,1,0,0,1,1,1,0,1,1,1,1,0,0,1,0,1,1,1,0,0,1,1,1,0,1,1,1,0,1,0,0 : 13.1284
0,1,0,1,0,0,0,0,1,1,0,0,0,1,0,1,0,0,1,1,1,0,0,1,0,0,1,0,1,1,0,0,0,0,0,1,1,0,0 : 13.1284
0,0,0,1,0,0,1,0,0,1,1,1,1,1,0,1,0,0,0,1,1,0,0,1,0,0,0,0,0,1,1,0,1,0,0,0,1,0,1 : 13.1284
1,1,1,0,0,0,1,0,1,1,1,1,0,0,1,1,0,1,0,1,1,0,0,1,0,0,0,0,0,1,1,0,0,0,0,1,1,0,0 : 13.1284
0,1,0,0,0,0,0,1,0,1,0,0,1,0,1,1,1,1,0,0,0,0,0,1,0,1,1,0,1,1,0,0,1,1,1,0,0,1,0 : 13.1284
1,1,0,0,0,0,1,0,1,1,1,0,1,0,0,1,0,0,1,0,1,1,0,1,0,0,1,0,0,1,1,0,1,0,0,1,1,0,0 : 13.1284
1,1,0,0,0,0,1,0,0,1,1,0,0,1,0,1,1,1,0,0,1,1,0,1,0,0,1,0,0,1,1,0,1,0,0,1,0,0,0 : 13.1284
1,1,0,1,0,0,1,1,0,1,0,1,0,1,1,1,0,1,1,0,1,1,0,1,0,1,1,0,0,1,1,1,1,0,0,0,0,0,1 : 13.1284
0,0,0,0,0,0,1,0,0,1,1,0,1,0,1,1,1,1,1,1,1,0,0,1,0,1,0,0,0,1,1,0,0,0,0,1,0,1,1 : 13.1284
0,0,0,1,0,0,1,0,0,1,0,0,1,1,0,1,0,0,0,1,0,1,0,1,0,0,0,0,0,1,1,1,1,0,0,1,1,0,1 : 13.1284
1,1,0,0,0,0,1,1,1,1,1,1,0,0,1,1,0,1,0,0,1,0,0,1,0,1,1,0,0,1,1,0,1,0,0,1,1,0,0 : 13.1284
0,0,0,0,0,0,1,0,1,1,1,1,0,0,1,1,0,1,1,0,1,0,0,1,0,0,0,0,0,1,0,0,1,0,0,1,1,0,1 : 13.1284
1,1,1,1,0,0,0,0,0,0,0,0,1,1,0,1,1,0,0,0,1,0,0,0,1,1,0,0,0,1,0,0,1,0,0,1,0,1,0 : 13.1284
1,1,0,1,0,0,0,0,0,0,0,0,1,1,0,1,1,0,0,0,1,0,0,1,1,1,0,0,1,1,0,0,1,0,0,0,0,1,0 : 13.1284
0,1,1,1,0,0,0,0,0,1,1,1,0,1,1,1,1,0,1,1,0,0,0,0,0,1,0,0,0,1,1,0,1,0,0,0,0,1,1 : 13.1284
1,0,0,0,0,0,1,0,1,1,1,0,1,0,0,1,1,1,0,0,1,1,0,1,0,0,0,0,0,1,0,0,1,0,0,1,0,0,0 : 13.1284
1,0,0,1,0,0,1,0,0,1,1,1,0,0,0,1,0,0,0,1,0,0,0,1,0,0,1,0,1,1,1,0,1,0,0,0,0,1,0 : 13.1284
0,1,0,0,0,0,1,0,1,1,0,0,0,0,1,1,0,1,1,0,1,1,0,1,0,0,1,0,0,1,1,0,1,1,0,1,0,0,0 : 13.1284
0,0,1,1,0,0,0,1,1,1,0,1,0,1,0,1,1,0,1,0,1,0,0,0,0,1,0,0,0,1,0,0,0,1,0,1,1,1,1 : 13.1284
1,0,1,1,0,0,0,0,0,1,0,1,0,0,0,1,0,0,0,0,0,1,0,0,0,1,1,0,0,1,1,0,1,0,0,0,0,1,1 : 13.1284
1,0,0,1,0,0,1,1,0,0,0,1,1,0,0,1,0,1,1,0,0,1,0,1,0,1,0,0,1,1,0,0,1,1,0,0,1,0,0 : 13.1284
1,0,0,0,0,0,1,1,0,1,1,1,0,0,1,1,0,0,1,1,0,0,0,0,1,1,0,0,1,1,1,0,0,1,0,1,0,0,0 : 13.1284
1,1,1,1,0,0,0,1,0,0,0,0,1,1,0,1,0,0,0,0,0,0,0,1,0,1,1,0,1,1,0,0,1,0,0,0,0,1,0 : 13.1284
1,1,0,0,0,0,1,0,1,1,1,0,1,0,1,1,1,1,0,0,1,1,0,1,0,0,0,0,0,1,0,0,1,0,0,1,1,0,0 : 13.1284
1,0,1,0,0,0,1,1,1,1,1,1,0,1,0,1,1,0,0,0,1,0,0,0,0,1,0,0,0,1,1,1,0,1,0,0,0,0,0 : 13.1284
0,1,1,0,0,0,1,1,1,1,1,1,0,0,1,1,0,0,0,1,1,1,0,1,0,0,1,0,0,1,1,0,1,0,0,1,0,0,0 : 13.1284
0,1,0,1,0,0,0,1,1,1,0,0,1,0,1,1,1,0,1,1,1,1,0,1,0,1,0,0,1,1,0,0,0,0,0,0,1,0,0 : 13.1284
0,1,0,0,0,0,1,0,0,1,1,0,1,0,1,1,0,1,0,0,1,0,0,1,0,1,1,0,0,1,1,0,1,1,0,1,0,0,0 : 13.1284
0,0,0,1,0,0,1,0,0,1,1,0,0,1,0,1,0,0,0,1,1,0,0,1,0,0,0,0,0,1,1,0,1,0,0,0,1,0,0 : 13.1284
1,1,0,0,0,0,1,0,1,1,1,1,0,0,1,1,1,1,0,1,1,0,0,1,0,0,1,0,0,1,1,0,1,0,0,1,0,0,0 : 13.1284
1,1,0,1,0,0,0,0,0,1,0,0,0,0,1,1,0,1,0,0,0,0,0,1,0,1,1,0,1,1,0,0,1,1,0,0,0,1,0 : 13.1284
0,1,0,0,0,0,1,0,1,1,1,1,1,0,0,1,0,1,1,0,1,1,0,1,0,0,1,0,0,1,1,0,1,0,0,1,0,0,0 : 13.1284
0,0,1,1,0,0,0,0,0,1,0,0,1,1,0,1,1,0,1,0,1,0,0,1,0,1,0,0,1,1,1,0,1,0,0,1,1,1,0 : 13.1284
0,1,0,1,0,0,0,1,0,1,0,1,1,0,1,1,1,1,0,0,0,0,0,1,0,1,1,0,1,1,1,0,0,1,0,1,0,1,0 : 13.1284
0,0,1,1,0,0,0,0,0,1,0,0,0,1,0,1,1,0,0,0,1,1,0,0,1,0,1,0,0,1,1,0,1,1,0,0,0,1,0 : 13.1284
1,1,0,0,0,0,1,1,1,1,0,1,1,1,1,1,0,0,1,1,0,0,0,1,0,0,0,0,0,1,0,0,0,1,1,0,0,1,0 : 13.1284
1,1,1,1,0,0,0,0,1,0,0,1,1,1,0,1,1,0,0,1,1,0,0,1,1,1,0,0,1,1,0,0,0,0,0,0,0,0,1 : 13.1284
1,0,1,0,0,0,1,0,0,0,0,1,1,1,0,1,1,1,0,0,0,1,0,0,1,1,0,0,1,1,1,0,1,1,0,0,1,1,0 : 13.1284
0,0,0,0,0,0,1,0,0,1,0,0,0,1,0,1,0,0,1,0,0,1,0,1,0,1,0,0,0,1,1,0,1,1,0,1,0,0,0 : 13.1284
1,0,0,1,0,0,1,0,0,1,1,1,1,1,1,1,0,0,0,0,1,0,0,1,0,0,0,0,0,1,1,1,1,0,0,0,1,1,0 : 13.1284
0,1,0,1,0,0,0,0,0,0,0,0,1,1,0,1,0,0,0,1,1,0,0,1,0,1,0,0,1,1,1,0,1,0,0,1,0,1,0 : 13.1284
0,0,0,0,0,0,1,0,1,1,1,1,0,1,1,1,0,1,1,0,1,1,0,1,0,1,1,0,0,1,0,0,1,0,0,1,1,0,1 : 13.1284
0,1,0,1,0,0,0,1,0,1,0,0,1,0,1,1,1,1,0,0,0,0,0,1,0,1,1,0,1,1,0,0,1,1,0,0,0,1,0 : 13.1284
1,1,0,1,0,0,0,0,0,0,1,1,1,1,0,1,0,0,1,0,1,1,0,0,1,1,0,0,1,1,0,0,0,0,0,1,0,1,0 : 13.1284
1,1,0,0,0,0,1,0,0,0,1,0,0,0,0,1,1,1,0,0,1,1,0,1,0,0,1,0,0,1,1,0,1,0,0,0,0,0,0 : 13.1284
1,0,0,0,0,0,1,1,1,1,1,1,1,1,1,1,0,1,1,0,0,1,0,1,1,1,0,0,0,1,1,0,0,0,0,0,0,0,0 : 13.1284
1,1,0,0,0,0,0,1,1,0,0,0,1,1,0,1,1,0,1,0,0,0,0,1,1,1,0,0,0,1,0,0,1,1,1,0,0,1,0 : 13.1284
1,1,1,1,0,0,0,1,1,0,0,1,1,1,0,1,1,0,0,0,1,0,0,0,1,1,0,0,1,1,0,0,1,1,0,0,0,1,0 : 13.1284
1,0,1,0,0,0,1,0,1,0,0,1,1,1,0,1,0,1,1,0,0,0,0,1,1,1,0,0,1,1,1,0,1,1,0,0,1,0,0 : 13.1284
0,1,0,1,0,0,1,0,1,1,0,0,1,0,0,1,0,0,1,1,1,0,0,1,0,0,1,0,1,1,0,0,0,0,0,1,1,0,0 : 13.1284
0,1,0,0,0,0,1,0,0,1,0,0,0,1,0,1,0,0,1,0,0,1,0,1,0,1,0,0,0,1,1,0,1,1,0,1,0,0,0 : 13.1284
0,0,0,1,0,0,1,0,0,1,1,1,1,1,0,1,0,0,0,1,1,0,0,1,0,0,0,0,0,1,1,0,1,0,0,0,1,0,1 : 13.1284
1,1,1,0,0,0,1,0,1,1,1,1,0,0,1,1,0,1,0,0,1,0,0,1,0,0,0,0,0,1,1,0,1,0,0,1,1,0,0 : 13.1284
1,1,0,0,0,0,0,1,1,0,0,1,1,0,0,1,1,0,1,0,0,0,0,1,0,1,1,0,0,1,0,0,1,0,0,0,0,1,0 : 13.1284
0,0,1,0,0,0,1,1,1,0,1,1,1,1,1,1,0,1,1,0,0,1,0,1,1,1,0,0,1,1,1,0,1,0,0,0,0,0,0 : 13.1284
1,1,1,1,0,0,0,1,1,0,0,1,1,1,0,1,1,0,0,0,1,0,0,1,1,1,0,0,1,1,0,0,1,0,0,0,0,1,0 : 13.1284
1,0,0,0,0,0,1,0,1,0,0,1,1,1,0,1,1,1,1,0,0,1,0,1,1,1,0,0,1,1,1,0,1,1,1,0,1,0,0 : 13.1284
0,1,0,1,0,0,0,0,1,1,0,0,0,1,0,1,0,0,1,1,1,0,0,1,0,0,1,0,1,1,0,0,0,0,0,1,1,0,0 : 13.1284
0,0,0,1,0,0,1,0,0,1,1,1,1,1,0,1,0,0,0,1,1,0,0,1,0,0,0,0,0,1,1,0,1,0,0,0,1,0,1 : 13.1284
1,1,1,0,0,0,1,0,1,1,1,1,0,0,1,1,0,1,0,1,1,0,0,1,0,0,0,0,0,1,1,0,0,0,0,1,1,0,0 : 13.1284
