0,1,0,0,0,1,0,1,1,0,0,0,0,1,0,0,0,1 : 0.3536
0,1,0,0,0,1,0,1,1,0,0,0,0,1,0,0,0,1 : 0.3536
0,1,1,0,1,0,0,1,1,0,0,0,0,1,0,0,0,1 : 0.3639
0,1,1,0,1,0,0,1,1,0,0,0,0,1,0,0,0,1 : 0.3639
0,1,0,0,0,0,0,1,1,0,0,0,0,1,1,0,0,0 : 0.3651
0,1,0,0,0,0,0,1,1,0,0,0,0,1,1,0,0,0 : 0.3651
0,1,1,1,1,1,0,1,1,0,0,0,0,1,1,0,0,0 : 0.3688
0,1,1,1,1,1,0,1,1,0,0,0,0,1,1,0,0,0 : 0.3688
0,1,1,1,1,1,0,1,1,0,0,0,0,1,1,0,0,0 : 0.3688
0,1,1,1,1,1,0,1,1,0,0,0,0,1,1,0,0,0 : 0.3688
0,1,0,1,1,0,1,1,1,0,0,0,0,1,0,1,0,0 : 0.383
0,1,1,1,0,0,1,1,1,0,0,0,0,1,0,1,0,0 : 0.383
0,1,0,1,1,0,1,1,1,0,0,0,0,1,0,1,0,0 : 0.383
0,1,1,1,0,0,1,1,1,0,0,0,0,1,0,1,0,0 : 0.383
0,1,0,1,0,1,1,1,1,0,0,0,0,1,1,0,0,0 : 0.3943
0,1,0,1,0,1,1,1,1,0,0,0,0,1,1,0,0,0 : 0.3943
0,1,0,1,0,1,1,1,1,0,0,0,0,1,1,0,0,0 : 0.3943
0,1,0,1,0,1,1,1,1,0,0,0,0,1,1,0,0,0 : 0.3943
0,1,0,1,0,1,1,1,1,0,0,0,0,1,1,0,0,0 : 0.3943
0,1,0,1,0,1,1,1,1,0,0,0,0,1,1,0,0,0 : 0.3943
0,0,0,0,1,1,0,1,0,1,0,0,0,1,0,0,0,1 : 0.4329
0,0,0,0,1,1,0,1,0,1,0,0,0,1,0,0,0,1 : 0.4329
0,0,0,0,1,1,0,1,0,1,0,0,0,1,0,0,0,1 : 0.4329
0,0,0,0,1,1,0,1,0,1,0,0,0,1,0,0,0,1 : 0.4329
0,0,1,1,1,1,0,1,0,1,0,0,0,1,0,0,1,0 : 0.4428
0,0,1,1,1,1,0,1,0,1,0,0,0,1,0,0,1,0 : 0.4428
0,0,1,0,1,0,0,1,0,1,0,0,0,1,0,0,1,0 : 0.4455
0,0,1,0,1,0,0,1,0,1,0,0,0,1,0,0,1,0 : 0.4455
0,0,1,0,1,0,0,1,0,1,0,0,0,1,0,0,1,0 : 0.4455
0,0,1,0,1,0,0,1,0,1,0,0,0,1,0,0,1,0 : 0.4455
0,0,0,0,1,1,0,1,0,1,0,0,0,1,1,0,0,0 : 0.4505
0,0,0,0,1,1,0,1,0,1,0,0,0,1,1,0,0,0 : 0.4505
0,0,0,0,1,1,0,1,0,1,0,0,0,1,1,0,0,0 : 0.4505
0,0,0,0,1,1,0,1,0,1,0,0,0,1,1,0,0,0 : 0.4505
0,0,0,1,1,0,0,1,0,1,0,0,0,1,0,0,1,0 : 0.4525
0,0,0,1,1,0,0,1,0,1,0,0,0,1,0,0,1,0 : 0.4525
0,0,0,1,1,0,0,1,0,1,0,0,0,1,0,0,1,0 : 0.4525
0,0,0,1,1,0,0,1,0,1,0,0,0,1,0,0,1,0 : 0.4525
0,0,0,1,1,0,0,1,0,1,0,0,0,1,0,0,1,0 : 0.4525
0,0,0,1,1,0,0,1,0,1,0,0,0,1,0,0,1,0 : 0.4525
0,0,0,1,1,0,0,1,0,1,0,0,0,1,0,0,1,0 : 0.4525
0,0,0,1,1,0,0,1,0,1,0,0,0,1,0,0,1,0 : 0.4525
0,0,1,1,1,1,1,1,0,1,0,0,0,1,0,0,1,0 : 0.4742
0,0,1,1,1,1,1,1,0,1,0,0,0,1,0,0,1,0 : 0.4742
0,0,1,1,1,1,1,1,0,1,0,0,0,1,0,0,1,0 : 0.4742
0,0,1,1,1,1,1,1,0,1,0,0,0,1,0,0,1,0 : 0.4742
0,0,1,1,0,0,0,1,0,0,1,0,0,1,0,0,0,1 : 0.4971
0,0,1,1,0,0,0,1,0,0,1,0,0,1,0,0,0,1 : 0.4971
0,0,1,0,1,0,1,1,0,0,1,0,0,1,0,0,0,1 : 0.5065
0,0,1,0,1,0,1,1,0,0,1,0,0,1,0,0,0,1 : 0.5065
0,0,1,0,1,0,1,1,0,0,1,0,0,1,0,0,0,1 : 0.5065
0,0,1,0,1,0,1,1,0,0,1,0,0,1,0,0,0,1 : 0.5065
0,0,0,0,0,1,0,1,0,0,1,0,0,1,0,1,0,0 : 0.5087
0,0,0,0,0,1,0,1,0,0,1,0,0,1,0,1,0,0 : 0.5087
0,0,0,1,0,0,1,1,0,0,1,0,0,1,0,1,0,0 : 0.5153
0,0,1,1,0,0,1,1,0,0,1,0,0,1,0,1,0,0 : 0.5153
0,0,0,1,0,0,1,1,0,0,1,0,0,1,0,1,0,0 : 0.5153
0,0,1,1,0,0,1,1,0,0,1,0,0,1,0,1,0,0 : 0.5153
0,1,0,0,1,0,0,1,0,1,0,0,0,1,0,0,0,1 : 0.5166
0,1,0,0,1,0,0,1,0,1,0,0,0,1,0,0,0,1 : 0.5166
0,1,0,0,1,0,0,1,0,1,0,0,0,1,0,0,0,1 : 0.5166
0,1,0,0,1,0,0,1,0,1,0,0,0,1,0,0,0,1 : 0.5166
0,0,1,1,0,0,0,1,1,0,0,0,0,1,0,1,0,0 : 0.5171
0,0,1,1,0,0,0,1,1,0,0,0,0,1,0,1,0,0 : 0.5171
0,0,1,1,0,0,0,1,1,0,0,0,0,1,0,1,0,0 : 0.5171
0,0,1,1,0,0,0,1,1,0,0,0,0,1,0,1,0,0 : 0.5171
0,1,0,0,1,1,1,1,0,1,0,0,0,1,0,0,1,0 : 0.5247
0,1,0,0,1,1,1,1,0,1,0,0,0,1,0,0,1,0 : 0.5247
0,1,0,1,1,1,1,1,0,1,0,0,0,1,1,0,0,0 : 0.5247
0,1,0,0,1,1,1,1,0,1,0,0,0,1,0,0,1,0 : 0.5247
0,1,0,0,1,1,1,1,0,1,0,0,0,1,0,0,1,0 : 0.5247
0,1,0,0,1,1,1,1,0,1,0,0,0,1,0,0,1,0 : 0.5247
0,1,0,0,1,1,1,1,0,1,0,0,0,1,0,0,1,0 : 0.5247
0,1,0,1,1,1,1,1,0,1,0,0,0,1,1,0,0,0 : 0.5247
0,1,0,0,1,1,1,1,0,1,0,0,0,1,0,0,1,0 : 0.5247
0,1,0,0,1,1,1,1,0,1,0,0,0,1,0,0,1,0 : 0.5247
0,0,0,1,0,0,0,1,1,0,0,0,0,1,1,0,0,0 : 0.5268
0,0,0,1,1,0,1,1,1,0,0,0,0,1,0,1,0,0 : 0.5268
0,0,0,1,0,0,0,1,1,0,0,0,0,1,0,0,1,0 : 0.5268
0,0,0,1,1,0,0,1,1,0,0,0,0,1,0,1,0,0 : 0.5268
0,0,0,1,0,0,0,1,1,0,0,0,0,1,1,0,0,0 : 0.5268
0,0,0,1,1,0,1,1,1,0,0,0,0,1,0,1,0,0 : 0.5268
0,0,0,1,0,0,0,1,1,0,0,0,0,1,0,0,1,0 : 0.5268
0,0,0,1,1,0,0,1,1,0,0,0,0,1,0,1,0,0 : 0.5268
0,1,1,1,0,1,1,1,0,1,0,0,0,1,0,0,0,1 : 0.5282
0,1,1,1,0,1,1,1,0,1,0,0,0,1,0,0,0,1 : 0.5282
0,1,1,0,0,1,1,1,0,1,0,0,0,1,0,0,0,1 : 0.5354
0,1,1,0,0,1,1,1,0,1,0,0,0,1,0,0,0,1 : 0.5354
0,1,1,1,0,0,1,1,0,1,0,0,0,1,0,0,0,1 : 0.5388
0,1,1,1,0,0,1,1,0,1,0,0,0,1,0,0,0,1 : 0.5388
0,1,1,1,0,0,1,1,0,1,0,0,0,1,0,0,0,1 : 0.5388
0,1,1,1,0,0,1,1,0,1,0,0,0,1,0,0,0,1 : 0.5388
0,1,0,1,1,0,0,1,0,0,1,0,0,1,1,0,0,0 : 0.7507
0,1,1,1,0,0,0,1,0,0,1,0,0,1,0,0,0,1 : 0.7507
0,1,0,1,1,0,0,1,0,0,1,0,0,1,1,0,0,0 : 0.7507
0,1,0,1,1,0,0,1,0,0,1,0,0,1,1,0,0,0 : 0.7507
0,1,0,1,1,0,0,1,0,0,1,0,0,1,1,0,0,0 : 0.7507
0,1,1,1,0,0,0,1,0,0,1,0,0,1,0,0,0,1 : 0.7507
0,1,0,1,1,0,0,1,0,0,1,0,0,1,1,0,0,0 : 0.7507
0,1,0,1,1,0,0,1,0,0,1,0,0,1,1,0,0,0 : 0.7507
