1,0,0,0,0,1,0,0,1,1,0 : 200.38
1,0,0,0,0,1,0,0,1,1,0 : 200.38
1,0,0,0,1,1,0,1,0,1,0 : 201.9733
1,0,0,0,1,1,0,1,1,1,0 : 201.9733
1,0,0,0,1,1,0,1,0,1,0 : 201.9733
1,0,0,0,1,1,0,1,0,1,0 : 201.9733
1,0,0,0,1,1,0,1,1,1,0 : 201.9733
1,0,0,0,1,1,0,1,0,1,0 : 201.9733
1,0,0,0,1,1,1,0,1,1,0 : 202.68
1,0,0,0,1,1,1,0,1,1,0 : 202.68
1,0,0,0,1,0,1,0,0,0,0 : 207.2333
1,0,0,0,1,0,1,0,0,0,0 : 207.2333
1,0,0,1,1,0,0,1,0,1,0 : 209.84
1,0,0,1,1,0,0,1,0,1,0 : 209.84
1,0,0,1,0,1,0,0,1,0,0 : 210.5066
1,0,0,1,0,1,0,0,1,0,0 : 210.5066
1,0,0,1,0,0,1,1,1,1,0 : 210.7066
1,0,0,1,0,0,1,1,1,1,0 : 210.7066
1,0,0,0,1,1,0,1,0,1,1 : 215.1833
1,0,0,0,1,1,0,1,0,1,1 : 215.1833
1,0,0,1,1,1,1,0,0,0,0 : 215.3666
1,0,0,1,1,1,1,0,0,0,0 : 215.3666
1,0,0,1,0,1,1,0,1,0,0 : 215.47
1,0,0,1,0,1,1,0,1,0,0 : 215.47
1,0,0,0,0,0,1,1,1,1,1 : 215.6066
1,0,0,0,0,0,1,1,1,1,1 : 215.6066
1,0,0,1,1,1,0,1,1,1,0 : 215.9466
1,0,0,1,1,1,0,1,1,1,0 : 215.9466
1,0,0,0,1,0,0,1,0,0,1 : 216.6366
1,0,0,0,1,1,1,0,0,0,1 : 216.6366
1,0,0,0,1,0,0,1,0,0,1 : 216.6366
1,0,0,0,1,1,1,0,0,0,1 : 216.6366
1,0,1,0,0,0,1,0,1,0,0 : 217.2866
1,0,1,0,0,0,1,0,1,0,0 : 217.2866
1,1,0,0,1,0,0,0,0,0,0 : 219.1533
1,1,0,0,1,0,0,0,0,0,0 : 219.1533
1,0,1,0,1,0,1,1,1,1,0 : 219.3966
1,0,1,0,1,0,0,1,1,1,0 : 219.3966
1,0,1,0,1,0,1,1,1,1,0 : 219.3966
1,0,1,0,1,0,0,1,1,1,0 : 219.3966
1,1,0,0,1,1,0,0,0,1,0 : 223.0133
1,1,0,0,1,1,0,0,0,1,0 : 223.0133
1,0,1,0,1,1,0,0,1,1,0 : 224.0733
1,0,1,0,0,1,0,0,0,0,0 : 224.0733
1,0,1,0,1,1,0,0,0,1,0 : 224.0733
1,0,1,0,1,1,0,0,1,1,0 : 224.0733
1,0,1,0,0,1,0,0,0,0,0 : 224.0733
1,0,1,0,1,1,0,0,0,1,0 : 224.0733
1,0,1,0,1,1,0,1,1,0,0 : 224.1766
1,0,1,0,1,1,0,1,1,0,0 : 224.1766
1,1,0,0,0,1,1,1,0,1,0 : 225.7733
1,1,0,0,0,1,1,1,0,1,0 : 225.7733
1,1,0,0,0,0,1,1,0,1,0 : 225.7733
1,1,0,0,0,1,1,1,0,1,0 : 225.7733
1,1,0,0,0,1,1,1,0,1,0 : 225.7733
1,1,0,0,0,0,1,1,0,1,0 : 225.7733
1,0,1,1,0,0,0,0,0,0,0 : 226.13
1,0,1,1,0,0,0,0,0,0,0 : 226.13
1,1,0,0,1,1,1,0,1,0,0 : 227.12
1,1,0,0,1,1,1,0,1,0,0 : 227.12
1,1,0,0,1,0,1,1,1,0,0 : 227.78
1,1,0,0,0,0,1,1,1,0,0 : 227.78
1,1,0,0,1,0,1,1,1,0,0 : 227.78
1,1,0,0,0,0,1,1,1,0,0 : 227.78
1,1,0,0,1,0,0,1,1,1,1 : 230.2366
1,1,0,0,1,0,0,1,1,1,1 : 230.2366
1,1,0,0,1,1,1,0,1,1,1 : 232.18
1,1,0,0,1,1,1,0,1,1,1 : 232.18
1,1,0,1,0,0,0,1,0,1,0 : 232.9566
1,1,0,1,0,0,0,1,0,1,0 : 232.9566
1,0,1,0,0,0,0,1,1,1,1 : 233.23
1,0,1,0,0,0,0,1,1,1,1 : 233.23
1,1,0,1,0,1,1,0,0,1,0 : 233.6666
1,1,0,1,0,1,1,0,0,1,0 : 233.6666
1,0,1,0,0,1,0,1,0,1,1 : 234.65
1,0,1,0,0,1,1,0,0,1,1 : 234.65
1,0,1,0,0,1,0,1,0,1,1 : 234.65
1,0,1,0,0,1,1,0,0,1,1 : 234.65
1,1,0,0,1,0,1,0,1,0,1 : 235.7333
1,1,0,0,1,0,1,0,1,0,1 : 235.7333
1,0,1,0,1,1,0,0,1,1,1 : 235.96
1,0,1,0,1,1,0,0,1,1,1 : 235.96
1,1,0,1,0,1,1,1,0,0,1 : 237.3466
1,1,0,1,0,1,1,1,0,0,1 : 237.3466
1,1,0,1,1,0,0,0,0,0,1 : 239.9633
1,1,0,1,1,0,0,0,0,0,1 : 239.9633
1,1,1,0,0,0,0,1,1,0,0 : 240.1633
1,1,1,0,0,0,0,1,1,0,0 : 240.1633
1,0,0,1,1,0,0,0,0,1,1 : 241.7766
1,0,0,1,1,0,0,0,0,1,1 : 241.7766
1,1,0,1,1,1,0,1,1,0,0 : 241.8966
1,1,0,1,1,1,0,0,1,0,0 : 241.8966
1,1,0,1,1,1,0,1,1,0,0 : 241.8966
1,1,0,1,1,1,0,0,1,0,0 : 241.8966
1,1,1,1,1,0,0,1,0,1,0 : 243.7833
1,1,1,1,1,0,0,1,0,1,0 : 243.7833
1,0,1,1,0,0,0,0,1,1,1 : 244.9166
1,0,1,1,0,0,0,0,1,1,1 : 244.9166
1,1,1,0,1,1,1,0,1,0,0 : 246.4966
1,1,1,0,1,1,1,0,1,0,0 : 246.4966
