0,1,0,1,0,1,0,1,0,1,1,1,0,0,1,0,1,1,0,1,1,1,0,1,0,1,0,0,0,1,0,0,0,0,0,0,0,0,0 : 12.6877
1,1,0,1,1,1,1,1,0,1,1,0,0,1,1,0,1,1,0,1,1,0,1,0,1,1,0,0,1,0,0,0,0,1,0,0,1,1,1 : 12.6877
0,0,0,1,1,0,0,1,1,1,0,0,1,0,1,0,1,0,1,1,0,1,0,0,0,0,1,1,0,1,0,1,0,1,0,1,0,0,0 : 13.0344
0,1,0,1,0,1,0,0,1,1,1,0,0,0,0,0,1,1,0,0,1,0,1,0,0,1,0,0,0,0,1,1,1,0,0,1,1,0,1 : 12.6877
0,1,0,1,1,0,0,1,1,1,0,0,1,0,1,0,0,0,0,0,0,1,0,0,1,0,1,0,1,1,0,1,0,1,1,0,1,0,0 : 13.0344
1,1,0,0,0,0,0,0,1,1,1,1,0,1,0,0,0,1,1,0,0,1,1,1,0,0,0,0,1,1,1,0,1,0,1,0,0,0,1 : 13.1354
1,1,0,1,0,1,0,1,1,0,1,1,0,1,1,0,1,1,1,1,1,1,0,0,0,1,1,0,0,0,0,1,0,1,0,0,0,0,1 : 12.6877
0,0,1,0,0,1,0,1,1,0,1,1,0,1,0,1,1,1,0,1,1,0,1,0,0,0,1,0,0,0,0,0,1,0,0,1,0,1,1 : 13.1808
1,0,0,1,1,0,0,0,0,0,1,1,0,0,1,0,0,0,0,0,0,1,1,1,0,1,0,0,0,1,0,0,1,1,0,0,0,0,1 : 13.0344
0,1,1,0,0,1,0,1,0,1,1,1,1,0,1,1,0,1,1,1,1,1,0,0,0,1,1,0,0,1,1,0,0,0,0,0,0,1,0 : 13.9444
0,1,1,1,0,0,0,1,0,1,1,0,1,0,1,1,0,1,1,0,0,0,0,1,0,1,0,0,1,0,1,0,1,0,0,0,0,1,1 : 16.0056
1,0,0,1,0,1,0,0,0,1,0,0,1,1,1,0,0,0,1,1,0,1,0,1,0,0,1,0,1,0,1,0,1,1,1,1,0,0,0 : 13.0896
0,1,1,1,0,0,0,0,1,0,0,0,0,0,0,1,1,1,0,0,1,1,0,0,0,0,0,0,0,0,1,0,1,1,0,1,0,0,1 : 12.6877
0,0,0,0,0,1,1,1,0,0,1,1,0,1,1,0,1,1,1,0,1,0,1,1,0,1,1,0,0,0,1,0,0,1,0,0,0,0,0 : 13.1808
1,1,1,0,0,1,0,0,0,0,1,0,0,0,1,0,1,1,0,1,1,0,1,1,0,0,0,0,1,0,0,0,0,0,0,0,1,0,0 : 13.3568
0,1,0,0,1,0,0,1,0,0,1,0,1,1,0,1,0,0,0,0,1,0,0,1,0,1,0,0,0,1,0,1,0,1,0,1,0,1,0 : 13.0344
0,1,0,1,0,0,0,1,0,0,1,0,0,1,1,0,1,1,1,1,1,0,1,1,0,0,1,0,0,1,1,1,1,0,0,1,1,0,1 : 12.6877
1,1,1,0,0,1,0,0,1,1,0,0,1,1,1,1,0,0,0,1,0,1,1,1,1,0,1,0,0,0,0,0,0,0,0,1,0,0,1 : 13.0854
1,0,0,1,1,0,0,1,0,0,0,1,1,0,1,1,1,0,1,1,0,1,1,0,0,1,1,0,1,1,1,0,0,1,0,0,1,1,0 : 13.0344
1,0,1,0,0,0,1,0,0,0,1,0,0,1,1,1,0,1,0,0,0,0,1,0,0,0,1,0,0,0,1,1,1,0,0,0,1,1,0 : 13.5167
0,1,0,1,1,1,0,0,1,0,1,0,0,0,1,0,1,1,1,1,1,1,0,1,0,1,0,0,0,1,1,0,1,0,0,1,1,0,0 : 12.6877
0,0,0,0,0,1,1,1,1,0,1,1,0,0,1,1,1,0,0,1,1,1,0,0,0,1,0,1,0,0,1,0,1,1,0,1,1,1,0 : 13.1655
0,1,0,1,1,0,1,0,1,1,0,1,1,0,0,0,1,1,0,0,1,0,1,0,1,0,1,0,0,1,1,0,1,0,0,1,1,1,0 : 13.0451
0,1,0,1,0,1,0,1,1,1,1,0,0,0,1,1,1,1,0,1,1,1,1,1,0,0,1,0,1,1,0,1,0,1,0,0,1,0,0 : 12.6877
1,1,0,1,0,0,0,0,0,1,0,0,0,0,0,0,1,1,1,1,1,1,0,1,0,0,1,0,0,0,1,1,1,0,0,0,0,1,0 : 12.6877
0,1,0,0,1,0,0,0,0,0,0,1,0,1,0,0,0,0,0,1,0,0,0,1,0,0,0,0,0,1,0,0,1,0,0,1,0,0,1 : 13.0344
0,0,0,0,0,1,0,0,1,0,0,0,1,0,0,0,1,1,0,0,1,0,0,1,0,1,1,0,0,0,1,1,1,0,0,0,1,0,0 : 13.1808
0,0,0,0,1,1,0,0,1,0,0,1,0,1,0,1,0,1,1,1,0,0,0,0,0,0,1,0,1,1,1,0,1,0,1,0,1,0,0 : 13.18
1,0,0,1,1,0,0,0,1,0,0,0,1,0,0,0,0,0,0,0,1,0,1,0,1,1,0,0,0,1,0,0,0,1,1,0,0,1,0 : 13.0344
0,0,0,1,0,0,1,1,0,0,1,0,1,0,1,1,1,0,0,1,1,0,1,0,0,1,1,0,1,0,0,0,1,0,0,1,1,1,1 : 13.1655
1,0,0,1,1,1,1,1,0,1,1,1,1,0,0,0,0,0,0,0,0,0,0,1,0,0,1,1,0,1,0,0,1,0,0,0,1,1,0 : 13.2813
0,0,0,0,0,0,0,1,0,1,1,0,1,0,1,1,1,0,1,1,0,1,1,0,0,1,0,0,1,1,1,0,0,0,0,1,0,0,1 : 13.0193
0,1,0,0,1,0,1,1,0,1,1,1,0,0,0,1,1,0,1,1,0,1,0,0,0,0,0,0,0,1,0,0,0,0,0,0,0,1,1 : 14.8157
0,1,0,0,1,1,0,0,1,1,0,0,0,0,1,0,0,1,1,0,1,1,1,0,1,0,1,0,1,0,0,0,1,1,0,0,0,0,1 : 13.1354
1,0,0,0,0,1,0,0,1,1,0,0,1,1,0,1,0,1,1,1,0,0,1,1,0,1,1,0,0,0,1,0,0,1,0,0,0,0,0 : 13.18
0,1,0,1,0,0,0,0,1,1,1,0,1,1,1,1,0,0,1,0,1,1,0,0,0,1,0,0,0,0,1,0,1,1,1,0,1,0,0 : 13.0713
1,0,0,0,1,0,0,0,1,0,0,0,1,0,0,0,1,0,0,0,1,1,0,1,0,0,0,0,0,1,0,0,1,0,0,1,1,1,0 : 13.0344
1,0,0,1,1,0,0,0,1,1,1,0,0,0,0,1,0,0,0,0,1,1,0,1,0,0,1,0,0,1,1,0,0,1,0,1,1,0,1 : 13.0344
0,1,0,0,0,1,0,0,0,1,1,0,0,1,1,0,0,0,1,1,0,1,1,0,0,0,0,0,0,0,0,0,1,0,0,1,0,0,1 : 13.0854
0,1,0,0,1,0,0,0,0,0,1,1,1,0,1,0,1,0,0,0,1,0,0,1,0,0,0,0,1,1,0,0,1,1,0,1,0,1,1 : 13.0344
0,0,1,0,0,1,0,1,0,1,1,0,1,1,1,0,1,1,0,0,1,0,1,0,0,0,0,0,0,0,0,0,1,0,0,0,0,1,1 : 13.1808
0,0,0,0,0,1,1,0,1,1,0,1,0,1,1,1,0,1,1,1,0,1,0,0,1,0,1,0,1,1,0,1,0,1,0,0,1,1,0 : 13.8795
1,1,0,1,0,0,1,0,0,1,1,0,0,0,0,1,1,1,1,1,1,0,0,1,0,1,1,0,0,1,1,0,1,0,0,1,0,1,1 : 12.6877
1,1,0,1,0,0,0,0,0,1,1,0,1,0,1,1,1,0,0,1,1,1,0,1,0,0,0,0,1,0,0,0,0,0,0,1,1,0,1 : 13.3081
1,0,0,1,1,0,1,1,0,0,0,0,0,1,0,1,1,0,1,1,0,0,0,1,1,0,1,0,1,0,1,0,1,1,0,0,0,0,0 : 13.2813
0,0,1,0,1,0,0,0,0,0,1,1,1,0,0,0,1,1,0,1,1,1,1,0,0,0,1,1,0,0,1,0,0,0,1,0,0,1,0 : 13.1808
1,0,0,0,1,0,0,1,0,1,0,0,0,1,1,0,1,0,1,0,0,0,0,0,0,1,1,0,0,1,0,0,0,1,0,0,0,1,1 : 13.0344
1,0,0,0,1,0,0,1,0,0,0,0,0,0,1,0,1,0,0,0,0,1,1,0,0,0,1,0,0,1,1,0,0,0,0,0,1,0,0 : 13.0344
1,1,0,1,1,0,1,0,1,1,0,0,0,0,1,0,1,1,0,1,1,0,0,0,1,1,0,1,1,0,0,0,0,1,0,0,0,0,1 : 12.6877
0,1,1,0,0,0,1,1,0,1,0,0,1,0,0,0,0,0,1,1,1,0,1,0,1,1,0,0,1,0,0,1,0,1,1,0,1,0,0 : 15.6491
1,0,0,1,1,0,1,1,0,1,0,1,0,1,1,0,1,1,0,0,0,1,1,1,1,1,0,0,0,1,1,0,1,1,0,1,1,1,1 : 15.7588
0,1,0,1,1,0,1,1,0,1,1,0,0,1,0,1,1,1,1,0,1,1,0,0,0,0,1,0,1,1,1,0,0,0,0,0,1,1,0 : 12.6877
1,1,0,0,1,1,1,1,0,1,1,0,0,0,1,0,1,0,1,1,0,1,0,0,0,0,1,0,0,1,0,0,1,0,1,0,0,1,0 : 13.2813
1,0,0,1,0,1,1,1,0,0,1,0,1,0,1,1,0,1,0,0,1,1,1,1,0,0,1,0,0,1,0,0,0,0,0,0,1,1,0 : 13.8795
0,0,0,0,1,0,0,1,1,0,0,1,0,0,0,0,1,1,1,1,1,0,0,0,0,1,1,1,0,0,1,0,1,1,0,1,0,1,1 : 13.1808
0,1,0,1,1,0,0,0,1,1,0,0,0,0,0,0,1,1,1,1,1,1,0,1,0,0,1,1,0,1,0,0,0,0,0,0,0,1,1 : 12.6877
0,1,0,1,1,1,1,1,1,0,0,1,0,0,0,1,1,1,1,0,1,0,0,0,0,0,0,0,0,1,1,1,1,0,0,0,0,1,1 : 12.6877
1,1,0,1,1,0,1,1,0,0,0,0,1,1,0,0,0,0,0,1,0,0,0,0,0,0,1,0,0,0,0,0,0,0,0,1,0,0,0 : 14.8157
0,1,0,0,1,0,0,0,0,0,1,1,1,1,1,1,0,0,0,1,1,1,0,1,1,1,0,1,0,0,1,1,0,1,0,1,1,1,1 : 13.5954
0,0,1,0,0,0,1,1,1,1,1,1,1,0,1,1,1,1,1,1,1,0,0,0,0,1,0,0,0,1,0,0,1,0,0,0,0,0,1 : 13.1808
0,0,0,0,0,1,1,1,0,0,0,1,0,0,1,1,0,1,1,0,0,0,0,0,0,0,1,0,0,0,0,0,0,1,0,0,1,0,1 : 13.8795
1,1,0,1,1,0,0,1,1,1,1,1,0,0,0,0,1,1,0,1,1,0,0,1,0,0,1,0,1,1,0,0,0,1,0,0,1,1,1 : 12.6877
1,0,0,0,1,0,0,1,1,1,0,1,0,0,0,0,1,0,0,0,0,0,1,1,0,0,0,0,0,1,0,0,0,0,0,1,1,1,1 : 13.0344
1,1,0,0,0,1,0,0,0,0,1,0,1,1,0,0,0,0,1,1,1,1,1,1,0,0,1,0,0,0,0,0,0,0,0,1,1,0,1 : 13.0854
1,1,0,1,1,1,0,1,0,0,0,0,0,0,0,0,1,1,1,0,1,0,1,0,0,1,1,0,1,1,1,0,0,1,0,1,0,1,0 : 12.6877
0,1,0,0,0,0,1,0,1,1,1,1,1,1,0,0,1,1,1,1,1,0,1,0,0,1,1,0,0,1,1,0,0,1,0,0,0,1,0 : 12.5129
0,1,0,0,0,1,1,1,0,0,1,0,0,1,0,1,1,0,0,1,0,1,0,1,0,0,1,1,0,1,0,0,0,1,0,1,1,1,0 : 14.8157
1,0,0,0,0,1,0,1,0,1,0,0,0,0,1,1,0,0,1,1,1,0,0,1,0,0,0,0,0,1,1,0,0,1,0,0,1,0,1 : 13.0896
1,0,0,0,1,0,0,0,1,1,1,1,1,1,1,1,0,1,1,1,0,0,0,0,0,0,1,0,0,0,0,1,1,0,0,0,1,0,0 : 13.18
0,0,1,0,1,0,0,0,0,0,1,1,1,1,0,0,1,0,1,1,1,1,0,0,0,1,1,1,0,1,0,0,0,1,0,1,1,1,0 : 13.0344
0,1,0,0,1,0,0,1,0,0,1,0,0,0,0,0,0,0,1,1,1,1,0,1,0,0,1,0,0,1,1,0,1,1,0,0,0,1,1 : 13.0344
0,1,0,1,1,1,1,0,0,0,1,1,0,0,0,0,1,1,0,1,1,0,0,1,0,1,0,0,1,1,0,0,1,0,0,1,0,0,1 : 12.6877
1,0,0,0,1,1,1,1,0,1,1,1,1,0,0,1,0,0,0,1,1,0,1,0,1,1,0,1,0,1,0,1,0,1,1,0,0,0,1 : 15.645
1,0,0,1,0,1,0,1,1,1,1,1,0,1,1,0,0,1,0,1,0,0,0,1,0,1,0,0,1,0,0,0,1,0,0,1,0,0,1 : 13.7542
1,0,0,0,0,0,1,1,0,0,1,1,1,0,1,0,1,0,1,0,0,0,1,1,0,1,1,0,1,1,1,0,1,0,0,1,0,1,0 : 13.1655
1,0,1,0,0,1,0,0,1,1,0,1,1,0,1,0,1,1,1,1,1,1,1,0,0,1,0,0,0,0,1,0,0,1,0,1,1,0,0 : 13.1808
0,0,0,0,1,1,1,1,0,1,1,0,1,1,0,1,0,0,0,1,1,0,0,1,0,0,1,0,0,1,0,1,1,0,0,1,0,1,0 : 13.2813
0,1,0,1,0,1,0,1,0,1,1,1,0,0,0,1,1,1,1,1,1,0,1,0,1,0,1,0,0,1,0,0,1,0,0,0,0,1,0 : 12.6877
0,0,0,0,1,0,1,1,1,1,0,0,0,0,0,1,0,0,1,0,0,0,0,0,0,0,1,0,0,1,1,0,1,0,0,1,0,0,1 : 14.1838
0,0,0,1,0,1,0,1,0,0,1,0,1,0,0,0,1,0,1,1,1,0,1,0,0,0,1,0,0,0,0,0,0,1,0,1,0,1,0 : 13.0854
0,1,0,1,1,1,0,1,0,1,0,0,0,1,1,0,1,1,0,1,1,0,1,1,0,0,1,1,1,0,0,0,0,0,0,1,1,1,1 : 12.6877
0,1,1,0,1,0,0,0,1,1,1,0,0,0,1,0,1,1,0,0,1,0,1,0,0,0,1,0,1,0,1,0,1,0,0,1,0,1,0 : 12.7139
0,0,0,1,1,0,0,1,1,1,1,0,0,1,1,1,1,0,0,0,1,0,1,1,0,1,0,0,1,1,0,0,0,0,1,0,0,1,0 : 13.0344
0,1,0,1,1,0,0,1,1,1,1,0,0,0,0,0,0,0,1,0,1,0,0,0,0,0,1,0,1,1,1,0,0,1,0,1,0,0,1 : 13.0344
1,1,0,1,0,1,0,1,1,1,1,0,1,0,1,1,1,1,0,0,1,1,0,1,1,0,1,0,1,0,1,1,0,1,0,1,1,0,1 : 13.0451
1,1,0,0,0,1,1,0,0,1,0,0,1,0,1,1,1,1,0,0,1,0,0,0,0,1,0,0,0,0,0,1,1,0,0,0,0,1,1 : 12.7358
1,1,0,1,1,0,0,1,1,1,0,1,0,1,1,0,1,1,0,1,1,1,0,0,1,0,1,0,1,0,1,0,0,0,0,0,0,1,0 : 12.6877
0,0,1,0,1,0,0,0,0,0,0,0,1,0,0,0,0,0,0,0,1,0,0,1,0,0,1,0,0,1,0,0,0,1,0,0,0,0,1 : 13.0344
0,0,1,0,0,0,1,0,0,1,0,0,0,1,1,1,1,1,0,0,1,1,1,1,0,0,1,0,0,0,0,0,1,0,0,1,0,0,0 : 13.1808
0,0,1,0,1,0,0,1,1,0,1,1,1,1,1,0,1,0,1,0,1,1,0,0,0,1,1,0,0,1,0,0,1,0,0,1,1,1,0 : 13.0344
1,1,0,0,0,0,0,0,1,1,1,0,0,0,1,1,1,1,0,1,1,1,1,1,1,1,0,0,1,1,0,0,1,0,0,0,0,1,1 : 12.7139
1,1,0,1,0,0,0,1,1,1,1,0,0,1,1,1,1,1,0,1,1,0,0,1,0,1,0,0,0,0,1,1,0,1,0,1,1,1,0 : 12.6877
0,0,0,1,0,1,0,0,0,0,0,1,0,0,0,1,0,0,0,0,0,1,1,0,1,1,0,1,0,0,1,0,0,0,0,1,0,0,0 : 15.6587
1,1,0,0,1,0,0,1,1,1,0,0,0,0,0,1,1,0,0,1,0,0,1,0,0,0,0,0,1,1,1,0,1,1,0,0,1,1,1 : 13.0344
1,1,0,0,1,0,0,0,1,1,1,1,1,1,1,1,1,0,1,0,0,1,0,1,0,0,0,0,1,1,1,1,0,1,1,1,0,0,0 : 13.0344
1,1,0,0,1,0,0,1,1,0,1,1,0,1,0,1,1,0,0,1,1,1,1,0,0,0,1,0,0,1,0,0,1,0,0,0,1,0,0 : 13.0344
0,1,0,1,0,0,0,0,1,1,1,1,0,0,1,0,0,0,1,1,0,0,0,1,0,1,1,0,0,0,0,0,1,0,1,0,0,0,1 : 13.0372
0,1,0,1,0,1,0,1,0,1,1,0,0,0,1,0,1,1,0,1,1,1,1,0,1,0,1,0,1,1,0,0,1,0,0,0,0,0,0 : 12.6877
0,1,1,1,0,0,0,1,0,1,0,0,0,1,1,0,0,1,1,1,0,1,0,0,0,0,0,0,0,1,0,1,1,0,0,0,0,1,0 : 13.1354
1,0,0,0,1,0,1,1,0,0,0,0,1,0,0,0,0,0,0,1,0,1,0,0,1,0,1,1,0,0,1,0,1,1,0,0,0,1,0 : 13.2813
