1,0,1,0,0,1,0,1,0,0,0 : 224.1766
1,0,1,0,1,0,1,1,1,1,0 : 219.3966
1,0,0,0,1,1,0,0,1,0,0 : 203.9333
1,1,0,0,1,1,1,0,1,1,0 : 229.2433
1,0,1,1,0,1,0,0,0,1,0 : 226.13
1,0,0,1,0,0,0,0,1,1,0 : 210.2366
1,1,0,0,1,1,0,1,1,1,0 : 223.2133
1,0,0,0,0,1,1,0,1,1,0 : 203.9766
1,1,0,0,1,0,0,1,1,1,0 : 219.1533
1,0,0,1,0,1,0,1,1,1,0 : 212.0533
1,0,1,0,1,0,0,0,0,1,1 : 233.23
1,0,0,1,1,1,0,0,0,0,0 : 210.5066
1,1,1,0,1,0,0,0,0,0,1 : 249.5766
1,0,1,1,1,1,1,1,1,0,0 : 223.52
1,1,0,0,0,1,0,1,0,0,1 : 238.7533
1,0,0,0,1,0,0,1,0,0,0 : 199.9533
1,0,0,0,1,0,0,0,0,0,0 : 201.5466
1,0,0,0,1,0,0,0,1,1,0 : 199.6833
1,0,0,0,0,0,0,0,0,0,0 : 201.1533
1,0,1,0,1,0,0,0,1,1,0 : 219.3966
1,0,0,1,0,0,0,0,1,1,0 : 210.2366
1,1,0,0,1,0,0,1,0,0,0 : 219.1533
1,1,0,0,1,1,0,0,1,0,0 : 223.0133
1,0,0,1,0,0,0,1,0,1,0 : 207.7466
1,0,1,0,0,0,0,0,1,0,0 : 217.2866
1,1,0,0,1,1,0,0,1,0,0 : 223.0133
1,0,0,0,0,0,0,0,1,1,0 : 199.6833
1,0,0,1,1,0,0,1,0,1,0 : 209.84
1,0,1,0,0,1,0,1,1,0,1 : 257.3333
1,0,0,1,0,0,0,0,0,0,0 : 207.7466
1,0,1,0,0,1,1,1,1,0,0 : 224.1766
1,0,0,1,0,0,0,0,0,1,0 : 207.7466
1,1,0,0,0,0,0,0,1,1,0 : 219.1533
1,0,0,0,0,0,0,0,0,0,0 : 201.1533
1,0,0,0,1,0,1,1,1,0,0 : 205.7066
1,0,0,0,0,0,1,1,1,0,0 : 204.1766
1,0,0,0,1,1,1,0,1,1,0 : 202.68
1,1,1,0,1,0,0,0,1,0,1 : 249.5766
1,0,0,0,0,0,0,0,0,1,0 : 199.6833
1,0,0,0,1,1,0,0,0,1,0 : 200.38
1,0,1,1,1,1,0,1,0,1,0 : 226.57
1,0,1,0,0,0,1,0,1,0,0 : 217.2866
1,0,0,1,0,1,0,0,1,1,0 : 210.5066
1,1,1,1,1,1,1,1,0,0,1 : 252.6833
1,0,1,1,1,0,0,0,0,0,0 : 226.13
1,1,0,1,1,0,1,1,0,0,1 : 249.0866
1,0,0,1,1,1,1,0,1,0,0 : 215.3666
1,1,0,1,0,1,1,0,1,0,0 : 233.6666
1,0,0,0,1,1,1,1,0,1,0 : 202.68
1,1,0,0,0,0,0,1,1,0,0 : 219.1533
1,0,1,1,0,0,0,0,1,1,1 : 244.9166
1,0,0,0,1,1,0,0,1,0,1 : 213.9966
1,0,0,0,1,1,1,1,0,1,0 : 202.68
1,0,1,0,1,0,0,0,0,0,0 : 221.7833
1,0,0,0,0,0,1,1,0,1,1 : 214.6533
1,0,0,0,1,1,0,0,1,1,0 : 200.38
1,0,0,1,1,0,1,0,0,0,0 : 209.84
1,0,0,0,1,0,1,1,0,1,1 : 215.1833
1,0,0,0,1,0,1,0,1,0,1 : 215.8533
1,1,1,0,0,0,0,0,1,0,0 : 240.1633
1,1,0,0,0,0,0,1,0,0,0 : 219.1533
1,1,0,1,0,1,1,1,0,0,1 : 237.3466
1,1,0,0,1,0,1,1,1,1,0 : 229.2433
1,0,1,1,0,1,0,0,0,1,0 : 226.13
1,0,0,0,1,1,0,1,0,0,0 : 202.9366
1,1,0,0,0,1,0,1,0,1,1 : 238.7533
1,0,0,0,1,1,1,0,0,0,0 : 207.2333
1,0,0,0,0,0,0,1,1,1,0 : 199.6833
1,0,0,0,1,1,0,0,0,1,0 : 200.38
1,0,1,1,1,0,0,1,1,0,1 : 247.26
1,0,0,0,1,0,1,0,0,0,1 : 216.6366
1,0,1,0,0,1,1,0,0,1,1 : 234.65
1,1,1,0,1,1,1,0,1,0,0 : 246.4966
1,0,1,0,1,0,0,0,0,1,0 : 218.89
1,0,1,1,1,0,1,1,1,1,0 : 229.56
1,0,0,0,1,1,1,0,1,1,1 : 219.37
1,0,0,0,1,1,0,1,1,1,0 : 201.9733
1,0,1,1,0,0,1,0,0,1,1 : 250.2433
1,0,0,1,0,1,0,0,0,0,0 : 210.5066
1,0,1,1,1,0,0,1,1,1,0 : 227.0133
1,0,0,0,1,1,1,0,0,1,0 : 202.68
1,1,1,0,0,1,1,1,0,1,0 : 240.9833
1,1,1,1,1,0,0,0,0,1,0 : 243.7833
1,0,0,0,1,1,0,1,0,1,1 : 215.1833
1,1,1,1,0,0,1,0,1,0,0 : 253.6366
1,0,0,0,1,1,0,0,0,0,0 : 203.9333
1,1,1,0,1,1,0,0,1,1,1 : 251.3633
1,1,0,1,0,0,0,0,0,0,1 : 239.9633
1,0,1,0,1,0,0,1,1,1,0 : 219.3966
1,0,0,0,0,1,0,0,1,1,0 : 200.38
1,0,0,0,1,0,0,1,0,1,0 : 199.6833
1,0,0,0,0,0,1,1,0,1,1 : 214.6533
1,0,0,1,0,0,1,1,1,1,0 : 210.7066
1,0,1,1,0,1,0,0,1,0,0 : 230.7933
1,1,0,0,1,0,0,1,1,1,1 : 230.2366
1,0,0,1,0,0,1,0,1,0,0 : 210.7066
1,0,0,1,0,1,1,0,1,0,0 : 215.47
1,0,0,0,0,1,1,1,1,1,0 : 205.99
1,1,0,0,1,1,0,1,1,0,0 : 223.2133
1,0,0,1,1,0,0,0,1,0,0 : 216.9133
