1,1,1,1,0,1,0,1,0,0,1,1,0,1,1,1,1,1,1,1,0,0,0,0,0,0 : 2986.0
1,1,1,1,0,1,1,1,0,0,1,1,0,1,1,0,1,1,1,0,0,0,1,1,0,0 : 2986.0
1,1,1,1,0,1,0,1,0,0,1,1,0,1,1,1,1,1,1,1,0,0,0,0,0,0 : 2986.0
1,1,1,1,0,1,1,1,0,0,1,1,0,1,1,0,1,1,1,0,0,0,1,1,0,0 : 2986.0
1,1,1,1,0,0,1,1,0,1,1,1,0,1,1,1,1,1,1,0,0,0,0,1,0,0 : 3089.0
1,1,1,1,0,0,1,1,0,1,1,1,0,1,1,1,1,1,1,0,0,0,0,1,0,0 : 3089.0
1,1,1,1,0,0,0,0,1,1,1,1,0,1,1,0,1,1,1,0,0,1,1,1,0,0 : 3127.0
1,1,1,1,0,0,0,0,1,1,1,1,0,1,1,0,1,1,1,0,0,1,1,1,0,0 : 3127.0
1,1,1,1,0,0,0,0,0,1,1,1,0,1,1,0,1,1,1,1,0,1,0,1,0,0 : 3336.0
1,1,1,1,0,1,0,0,1,1,1,1,0,1,1,1,1,1,1,1,0,1,0,0,0,0 : 3336.0
1,1,1,1,0,0,0,0,0,1,1,1,0,1,1,0,1,1,1,1,0,1,0,1,0,0 : 3336.0
1,1,1,1,0,1,0,0,1,1,1,1,0,1,1,1,1,1,1,1,0,1,0,0,0,0 : 3336.0
1,1,1,1,0,1,0,1,0,1,1,1,0,1,1,1,1,1,1,1,0,0,0,0,0,0 : 3341.0
1,1,1,1,0,1,0,1,0,1,1,1,0,1,1,1,1,1,1,1,0,0,0,0,0,0 : 3341.0
1,1,1,1,0,1,0,0,0,1,1,1,0,1,1,1,1,1,1,1,0,1,0,1,0,1 : 3517.0
1,1,1,1,0,1,0,0,0,1,1,1,0,1,1,1,1,1,1,1,0,1,0,1,0,1 : 3517.0
1,1,1,1,0,0,1,1,0,1,1,1,0,1,1,1,1,1,1,0,0,1,0,1,0,1 : 3605.0
1,1,1,1,0,0,1,1,0,1,1,1,0,1,1,1,1,1,1,0,0,1,0,1,0,1 : 3605.0
1,1,1,1,0,1,0,0,1,0,1,1,0,1,1,1,1,1,1,0,0,0,0,0,1,0 : 4768.0
1,1,1,1,0,1,0,1,1,0,1,1,0,1,1,0,1,1,1,0,1,1,1,0,1,0 : 4768.0
1,1,1,1,0,1,0,0,1,0,1,1,0,1,1,0,1,1,1,0,0,0,0,0,1,0 : 4768.0
1,1,1,1,0,1,0,1,1,0,1,1,0,1,1,1,1,1,1,0,0,0,1,0,1,0 : 4768.0
1,1,1,1,0,1,0,0,1,0,1,1,0,1,1,1,1,1,1,0,0,0,0,0,1,0 : 4768.0
1,1,1,1,0,1,0,1,1,0,1,1,0,1,1,0,1,1,1,0,1,1,1,0,1,0 : 4768.0
1,1,1,1,0,1,0,0,1,0,1,1,0,1,1,0,1,1,1,0,0,0,0,0,1,0 : 4768.0
1,1,1,1,0,1,0,1,1,0,1,1,0,1,1,1,1,1,1,0,0,0,1,0,1,0 : 4768.0
1,1,1,1,0,1,0,0,1,0,1,1,0,1,1,1,1,1,1,1,0,0,1,0,1,0 : 4787.0
1,1,1,1,0,1,0,0,1,0,1,1,0,1,1,1,1,1,1,1,0,0,1,0,1,0 : 4787.0
1,1,1,1,0,1,0,0,0,0,1,1,0,1,1,0,1,1,1,1,0,0,1,0,1,1 : 4903.0
1,1,1,1,0,1,0,0,0,0,1,1,0,1,1,0,1,1,1,1,0,0,1,0,1,1 : 4903.0
1,1,1,1,0,1,0,0,0,0,1,1,0,1,1,0,1,1,1,0,0,0,1,0,1,1 : 4907.0
1,1,1,1,0,0,1,0,1,0,1,1,0,1,1,0,1,1,1,0,0,0,0,0,1,1 : 4907.0
1,1,1,1,0,1,0,0,0,0,1,1,0,1,1,0,1,1,1,0,0,0,1,0,1,1 : 4907.0
1,1,1,1,0,0,1,0,1,0,1,1,0,1,1,0,1,1,1,0,0,0,0,0,1,1 : 4907.0
1,1,1,1,0,0,0,1,0,0,1,1,0,1,1,1,1,1,1,0,0,1,1,0,1,1 : 4913.0
1,1,1,1,0,0,0,1,0,0,1,1,0,1,1,1,1,1,1,0,0,1,1,0,1,1 : 4913.0
1,1,1,1,0,1,0,1,1,1,1,1,0,1,1,1,1,1,1,0,0,0,1,0,1,0 : 4920.0
1,1,1,1,0,1,0,1,1,1,1,1,0,1,1,1,1,1,1,0,0,0,1,0,1,0 : 4920.0
1,1,1,1,0,1,0,0,1,1,1,1,0,1,1,1,1,1,1,1,0,0,1,0,1,0 : 4957.0
1,1,1,1,0,1,0,0,1,1,1,1,0,1,1,1,1,1,1,1,0,0,1,0,1,0 : 4957.0
1,1,1,1,0,1,1,1,0,0,1,1,1,1,1,0,1,1,1,0,0,0,1,1,0,0 : 5194.0
1,1,1,1,0,1,1,1,0,0,1,1,1,1,1,0,1,1,1,0,0,0,1,1,0,0 : 5194.0
1,1,1,1,0,1,1,1,0,0,1,1,1,1,1,0,1,1,1,0,1,1,1,1,0,0 : 5216.0
1,1,1,1,0,1,1,1,0,0,1,1,1,1,1,0,1,1,1,0,1,1,1,1,0,0 : 5216.0
1,1,1,1,0,1,1,1,0,0,1,1,1,1,1,0,1,1,1,0,1,1,1,1,0,0 : 5216.0
1,1,1,1,0,1,1,1,0,0,1,1,1,1,1,0,1,1,1,0,1,1,1,1,0,0 : 5216.0
1,1,1,1,0,0,0,0,1,0,1,0,1,1,1,0,1,1,1,0,0,1,1,1,0,0 : 5220.0
1,1,1,1,0,0,0,1,1,0,1,1,1,1,1,0,1,1,1,0,0,1,0,0,0,0 : 5220.0
1,1,1,1,0,0,0,0,0,0,1,0,1,1,1,0,1,1,1,0,0,1,0,0,0,0 : 5220.0
1,1,1,1,0,0,0,0,1,0,1,0,1,1,1,0,1,1,1,0,0,1,0,1,0,0 : 5220.0
1,1,1,1,0,0,0,0,0,0,1,0,1,1,1,0,1,1,1,0,0,1,0,0,0,0 : 5220.0
1,1,1,1,0,1,0,1,0,0,1,0,1,1,1,1,1,1,1,0,0,1,0,0,0,0 : 5220.0
1,1,1,1,0,0,0,1,1,0,1,1,1,1,1,0,1,1,1,0,1,1,1,1,0,0 : 5220.0
1,1,1,1,0,1,0,1,1,0,1,1,1,1,1,0,1,1,1,0,0,0,0,0,0,0 : 5220.0
1,1,1,1,0,0,0,0,1,0,1,0,1,1,1,0,1,1,1,0,0,1,1,1,0,0 : 5220.0
1,1,1,1,0,0,0,1,1,0,1,1,1,1,1,0,1,1,1,0,0,1,0,0,0,0 : 5220.0
1,1,1,1,0,0,0,0,0,0,1,0,1,1,1,0,1,1,1,0,0,1,0,0,0,0 : 5220.0
1,1,1,1,0,0,0,0,1,0,1,0,1,1,1,0,1,1,1,0,0,1,0,1,0,0 : 5220.0
1,1,1,1,0,0,0,0,0,0,1,0,1,1,1,0,1,1,1,0,0,1,0,0,0,0 : 5220.0
1,1,1,1,0,1,0,1,0,0,1,0,1,1,1,1,1,1,1,0,0,1,0,0,0,0 : 5220.0
1,1,1,1,0,0,0,1,1,0,1,1,1,1,1,0,1,1,1,0,1,1,1,1,0,0 : 5220.0
1,1,1,1,0,1,0,1,1,0,1,1,1,1,1,0,1,1,1,0,0,0,0,0,0,0 : 5220.0
1,1,1,1,0,0,0,0,0,0,1,0,1,1,1,0,1,1,1,0,0,1,0,1,0,1 : 5328.0
1,1,1,1,0,0,0,0,1,0,1,1,1,1,1,0,1,1,1,0,0,0,1,1,0,1 : 5328.0
1,1,1,1,0,0,0,0,0,0,1,0,1,1,1,0,1,1,1,0,0,1,0,1,0,1 : 5328.0
1,1,1,1,0,0,0,0,1,0,1,1,1,1,1,0,1,1,1,0,0,0,1,1,0,1 : 5328.0
1,1,1,1,0,0,0,0,0,1,1,0,1,1,1,1,1,1,1,1,0,1,1,1,0,0 : 5361.0
1,1,1,1,0,1,0,0,0,1,1,0,1,1,1,0,1,1,1,0,0,0,0,0,0,0 : 5361.0
1,1,1,1,0,0,0,0,0,1,1,0,1,1,1,1,1,1,1,1,0,1,1,1,0,0 : 5361.0
1,1,1,1,0,0,0,0,0,1,1,0,1,1,1,1,1,1,1,1,0,1,1,1,0,0 : 5361.0
1,1,1,1,0,1,0,0,0,1,1,0,1,1,1,0,1,1,1,0,0,0,0,0,0,0 : 5361.0
1,1,1,1,0,0,0,0,0,1,1,0,1,1,1,1,1,1,1,1,0,1,1,1,0,0 : 5361.0
1,1,1,1,0,1,1,1,0,0,1,1,1,1,1,0,1,1,1,1,0,0,0,1,0,1 : 5387.0
1,1,1,1,0,1,1,1,0,0,1,1,1,1,1,0,1,1,1,1,0,0,0,1,0,1 : 5387.0
1,1,1,1,0,1,0,0,1,1,1,1,1,1,1,0,1,1,1,0,0,0,0,0,0,0 : 5420.0
1,1,1,1,0,1,0,0,1,1,1,1,1,1,1,1,1,1,1,0,0,1,0,1,0,0 : 5420.0
1,1,1,1,0,1,1,0,1,1,1,1,1,1,1,1,1,1,1,0,0,1,0,1,0,0 : 5420.0
1,1,1,1,0,1,0,0,1,1,1,1,1,1,1,0,1,1,1,0,0,0,0,0,0,0 : 5420.0
1,1,1,1,0,1,0,0,1,1,1,1,1,1,1,1,1,1,1,0,0,1,0,1,0,0 : 5420.0
1,1,1,1,0,1,1,0,1,1,1,1,1,1,1,1,1,1,1,0,0,1,0,1,0,0 : 5420.0
1,1,1,1,0,1,0,1,1,1,1,0,1,1,1,0,1,1,1,1,0,0,0,0,0,1 : 5468.0
1,1,1,1,0,0,0,1,0,1,1,0,1,1,1,0,1,1,1,0,0,1,0,1,0,1 : 5468.0
1,1,1,0,1,1,1,0,1,1,1,1,1,1,1,0,1,1,1,0,0,0,0,0,0,1 : 5468.0
1,1,1,1,0,0,0,1,1,1,1,0,1,1,1,0,1,1,1,1,0,0,0,0,0,1 : 5468.0
1,1,1,1,0,0,0,1,0,1,1,0,1,1,1,0,1,1,1,0,0,1,0,1,0,1 : 5468.0
1,1,1,0,1,1,1,0,1,1,1,1,1,1,1,0,1,1,1,0,0,0,0,0,0,1 : 5468.0
1,1,1,1,0,1,0,1,1,1,1,0,1,1,1,0,1,1,1,1,0,0,0,0,0,1 : 5468.0
1,1,1,1,0,0,0,1,0,1,1,0,1,1,1,0,1,1,1,0,0,1,0,1,0,1 : 5468.0
1,1,1,0,1,1,1,0,1,1,1,1,1,1,1,0,1,1,1,0,0,0,0,0,0,1 : 5468.0
1,1,1,1,0,0,0,1,1,1,1,0,1,1,1,0,1,1,1,1,0,0,0,0,0,1 : 5468.0
1,1,1,1,0,0,0,1,0,1,1,0,1,1,1,0,1,1,1,0,0,1,0,1,0,1 : 5468.0
1,1,1,0,1,1,1,0,1,1,1,1,1,1,1,0,1,1,1,0,0,0,0,0,0,1 : 5468.0
1,1,1,1,0,1,0,0,1,1,1,0,1,1,1,1,1,1,1,1,0,1,0,1,0,1 : 5502.0
1,1,1,1,0,1,0,0,1,1,1,0,1,1,1,1,1,1,1,1,0,1,0,1,0,1 : 5502.0
1,1,1,1,0,1,1,0,1,0,1,0,1,1,1,0,1,1,1,0,0,1,0,0,1,0 : 14761.0
1,1,1,1,0,1,1,1,0,0,1,0,1,1,1,0,1,1,1,1,0,0,1,0,1,0 : 14761.0
1,1,1,1,0,0,0,1,1,0,1,1,1,1,1,0,1,1,1,1,0,0,0,0,1,1 : 14761.0
1,1,1,1,0,1,0,1,1,0,1,0,1,1,1,0,1,1,1,0,0,1,0,1,1,0 : 14761.0
1,1,1,1,0,0,1,0,1,0,1,1,1,1,1,0,1,1,1,1,0,1,0,1,1,1 : 14761.0
1,1,1,1,0,1,1,1,0,0,1,0,1,1,1,0,1,1,1,1,0,0,1,0,1,0 : 14761.0
