1,0,1,0,1,0,0,0,1,0,1,0,1,0,1,0 : 508.983
1,1,1,0,0,1,1,0,1,1,0,0,1,1,0,0 : 275.923
1,1,0,1,1,1,1,0,1,0,1,0,1,0,0,1 : 651.703
1,1,0,1,1,1,1,0,1,1,0,0,1,1,0,0 : 291.01
1,0,1,0,0,0,1,0,1,0,1,0,1,0,1,0 : 382.01
1,1,0,0,0,0,1,1,1,0,1,0,1,1,0,0 : 256.32
1,1,1,1,0,0,0,0,1,0,0,1,1,0,0,1 : 607.927
1,0,0,1,0,1,0,1,1,1,0,0,1,1,0,0 : 305.48
1,1,0,0,0,0,0,0,1,0,0,1,1,0,0,1 : 604.8869
1,0,1,0,0,0,1,1,1,1,0,0,1,1,0,0 : 260.38
1,1,0,1,0,1,0,1,1,0,1,0,1,0,1,0 : 544.74
1,0,0,0,1,1,0,0,1,0,0,1,1,1,0,0 : 310.687
1,1,0,0,0,1,1,1,1,0,1,0,1,1,0,0 : 287.037
1,0,1,0,0,0,1,0,1,0,1,0,1,0,0,1 : 490.473
1,1,1,1,0,1,1,0,1,0,0,1,1,0,0,1 : 555.633
1,1,1,1,0,0,1,1,1,0,1,0,1,0,1,0 : 363.56
1,0,0,1,0,0,1,1,1,1,0,0,1,0,1,0 : 380.147
1,1,1,0,1,0,1,1,1,0,0,1,1,0,1,0 : 433.913
1,1,0,0,0,1,1,0,1,1,0,0,1,0,0,1 : 490.473
1,1,0,1,0,0,0,1,1,0,1,0,1,1,0,0 : 256.32
1,0,1,1,0,0,1,0,1,0,1,0,1,0,1,0 : 382.01
1,0,0,0,0,1,0,1,1,0,0,1,1,0,0,1 : 726.917
1,1,1,1,0,0,0,1,1,0,1,0,1,1,0,0 : 246.273
1,1,0,1,0,0,0,1,1,0,1,0,1,0,1,0 : 439.02
1,1,1,1,0,0,1,1,1,0,1,0,1,0,1,0 : 363.56
1,0,1,1,1,1,1,1,1,1,0,0,1,1,0,0 : 295.257
1,1,0,1,1,0,1,0,1,0,1,0,1,0,1,0 : 456.363
1,1,1,0,0,1,1,1,1,1,0,0,1,0,0,1 : 506.88
1,0,0,0,0,0,1,0,1,1,0,0,1,0,0,1 : 490.473
1,1,1,0,0,0,1,0,1,0,0,1,1,1,0,0 : 247.693
1,0,1,0,0,0,1,1,1,0,1,0,1,0,0,1 : 510.857
1,1,1,0,0,0,0,0,1,1,0,0,1,1,0,0 : 244.23
1,0,1,1,0,0,1,0,1,0,1,0,1,1,0,0 : 262.17
1,1,0,0,1,1,1,0,1,0,0,1,1,1,0,0 : 291.62
1,1,1,1,0,0,1,0,1,1,0,0,1,0,1,0 : 362.037
1,1,0,1,0,0,1,1,1,0,1,0,1,0,0,1 : 510.857
1,1,0,0,0,0,0,1,1,0,1,0,1,1,0,0 : 256.32
1,1,1,0,1,0,1,1,1,0,0,1,1,1,0,0 : 252.963
1,0,0,0,0,1,1,1,1,0,1,0,1,0,0,1 : 510.857
1,1,1,0,0,1,1,1,1,1,0,0,1,0,0,1 : 506.88
1,0,1,0,1,1,1,0,1,1,0,0,1,0,1,0 : 482.59
1,1,0,1,1,0,0,0,1,1,0,0,1,0,1,0 : 491.687
1,1,0,1,0,0,1,0,1,0,0,1,1,1,0,0 : 257.407
1,1,1,1,1,0,0,1,1,0,1,0,1,1,0,0 : 251.637
1,1,1,1,0,1,1,1,1,0,0,1,1,1,0,0 : 275.407
1,0,0,0,0,1,1,1,1,0,0,1,1,1,0,0 : 310.673
1,1,1,0,1,0,1,0,1,0,1,0,1,1,0,0 : 251.787
1,1,0,0,0,0,0,1,1,0,0,1,1,1,0,0 : 257.927
1,1,1,0,1,1,1,0,1,0,0,1,1,0,1,0 : 433.913
1,1,1,0,0,0,1,0,1,0,1,0,1,0,0,1 : 490.473
1,1,0,0,0,1,1,1,1,0,0,1,1,0,1,0 : 414.737
1,0,1,1,1,0,1,0,1,0,1,0,1,1,0,0 : 269.95
1,0,0,1,0,0,1,0,1,0,0,1,1,0,1,0 : 380.147
1,0,0,1,1,0,0,1,1,0,1,0,1,1,0,0 : 275.373
1,1,0,0,0,0,1,1,1,1,0,0,1,1,0,0 : 254.707
1,1,0,1,0,0,1,1,1,0,1,0,1,0,0,1 : 510.857
1,1,1,1,0,0,1,1,1,0,0,1,1,1,0,0 : 247.537
1,1,0,1,0,0,0,0,1,0,0,1,1,1,0,0 : 257.407
1,0,0,0,1,0,0,0,1,1,0,0,1,1,0,0 : 276.103
1,1,0,0,0,1,1,1,1,0,0,1,1,1,0,0 : 287.037
1,1,0,0,1,0,1,0,1,0,0,1,1,1,0,0 : 263.207
1,0,1,1,0,0,1,0,1,0,1,0,1,1,0,0 : 262.17
1,1,0,0,1,1,1,0,1,0,1,0,1,0,1,0 : 456.363
1,1,1,1,0,0,1,0,1,1,0,0,1,0,0,1 : 490.473
1,1,1,1,1,1,0,1,1,1,0,0,1,0,1,0 : 536.95
1,1,0,0,0,0,1,1,1,0,1,0,1,1,0,0 : 256.32
1,0,1,1,1,0,1,1,1,1,0,0,1,0,1,0 : 482.59
1,1,0,0,0,0,1,1,1,0,1,0,1,0,1,0 : 368.63
1,1,0,0,0,1,1,0,1,1,0,0,1,0,0,1 : 490.473
1,1,0,0,0,0,0,1,1,0,1,0,1,1,0,0 : 256.32
1,1,1,0,1,1,0,0,1,1,0,0,1,0,0,1 : 773.3869
1,0,0,0,0,0,0,1,1,0,0,1,1,0,0,1 : 604.8869
1,1,1,0,0,0,1,0,1,1,0,0,1,1,0,0 : 244.277
1,0,0,1,1,0,0,0,1,0,1,0,1,0,1,0 : 515.543
1,1,1,0,1,0,1,1,1,0,1,0,1,0,0,1 : 610.957
1,1,1,0,1,1,0,1,1,1,0,0,1,1,0,0 : 279.15
1,0,1,0,0,0,1,1,1,1,0,0,1,1,0,0 : 260.38
1,0,1,1,0,0,0,1,1,0,1,0,1,1,0,0 : 262.233
1,1,0,0,1,0,1,1,1,1,0,0,1,1,0,0 : 261.31
1,0,0,1,0,0,1,1,1,0,0,1,1,0,1,0 : 380.147
1,0,1,0,0,0,1,0,1,1,0,0,1,0,0,1 : 490.473
1,1,1,1,0,0,0,1,1,0,0,1,1,1,0,0 : 247.507
1,1,0,1,0,0,1,0,1,0,1,0,1,0,1,0 : 368.63
1,0,1,0,0,0,0,1,1,0,0,1,1,1,0,0 : 263.363
1,1,1,1,0,0,1,0,1,0,1,0,1,0,0,1 : 490.473
1,1,1,0,0,0,1,1,1,1,0,0,1,0,1,0 : 361.7029
1,1,1,0,1,0,1,1,1,0,0,1,1,1,0,0 : 252.963
1,1,0,0,0,0,1,1,1,0,1,0,1,1,0,0 : 256.32
1,1,1,1,1,0,0,0,1,1,0,0,1,0,1,0 : 491.687
1,1,1,0,0,1,1,1,1,0,0,1,1,0,1,0 : 407.763
1,0,0,0,1,0,1,0,1,1,0,0,1,0,1,0 : 482.59
1,1,1,0,1,0,0,1,1,1,0,0,1,0,0,1 : 703.5
1,1,0,1,0,0,1,0,1,0,1,0,1,0,1,0 : 368.63
1,1,1,1,0,0,1,1,1,1,0,0,1,0,1,0 : 361.7029
1,0,1,1,1,0,1,1,1,1,0,0,1,1,0,0 : 266.67
1,1,0,0,1,1,1,1,1,1,0,0,1,1,0,0 : 291.62
1,1,1,1,0,0,0,0,1,0,1,0,1,1,0,0 : 246.273
1,0,1,0,0,0,1,0,1,0,0,1,1,0,0,1 : 555.633
1,1,1,0,0,0,1,1,1,1,0,0,1,0,1,0 : 361.7029
1,1,0,1,0,1,1,1,1,1,0,0,1,0,0,1 : 506.88
