1,0,0,1,1,1,1,0,1,0,1,0,1,0,1,0,1,0,0,1,0,1,0,1,0,1,1,0,0,0,1,0,1,1,0,1,1,0,1 : 14.3553
1,1,0,1,1,1,0,1,0,0,1,0,1,0,0,0,1,0,0,0,0,1,0,1,0,1,1,0,0,0,0,1,1,0,0,1,1,0,1 : 15.2654
1,0,0,0,1,0,0,0,0,1,1,0,1,0,0,1,1,0,1,0,1,0,1,1,0,1,0,1,1,0,0,0,1,1,0,0,0,0,0 : 13.0212
1,1,0,1,0,0,0,0,0,0,0,0,0,1,1,0,0,1,0,1,0,1,1,1,0,1,0,0,0,1,0,0,1,1,0,0,0,1,1 : 16.3747
0,1,1,0,1,0,0,1,1,1,0,0,0,0,1,0,1,0,0,1,0,1,1,0,0,1,1,0,0,1,1,1,1,0,0,1,1,1,1 : 13.5423
0,0,1,0,0,0,1,1,1,0,0,0,0,0,0,0,0,1,0,0,0,0,0,1,0,0,1,1,1,0,0,0,0,1,0,1,1,1,0 : 13.2694
1,0,0,1,0,0,0,0,1,1,0,1,1,1,0,0,0,1,0,0,1,0,0,0,0,1,0,1,1,0,0,0,1,1,0,1,1,1,0 : 13.731
0,0,0,0,0,0,1,0,1,0,1,1,1,1,0,0,1,0,0,0,0,1,1,1,0,1,1,0,1,1,1,0,0,1,0,0,1,0,1 : 13.6216
1,1,0,1,0,0,0,0,0,1,1,0,0,1,1,1,1,0,1,0,0,0,1,1,0,0,1,0,1,1,0,0,0,1,1,1,0,0,0 : 13.3384
0,1,0,0,1,1,0,1,1,1,1,1,0,0,0,1,0,1,1,1,0,0,0,1,0,0,0,0,0,0,0,0,1,1,0,1,1,1,0 : 16.2024
1,1,0,0,1,0,1,1,0,1,0,1,0,1,1,0,0,1,0,0,1,1,0,1,1,1,0,0,0,1,0,0,1,1,1,0,0,1,0 : 14.0434
0,0,0,1,0,1,1,1,0,0,0,1,0,0,1,1,0,1,1,1,0,1,1,1,0,1,1,0,1,0,1,0,1,0,0,1,1,1,1 : 16.1278
1,0,0,1,1,1,1,1,1,1,0,0,1,1,0,1,0,0,0,1,0,1,0,0,1,1,0,0,0,1,1,0,1,1,0,1,1,0,0 : 15.4642
1,0,0,1,1,1,1,0,1,1,1,1,1,0,1,0,1,1,1,1,1,1,1,1,0,1,0,1,0,0,1,1,0,1,1,0,0,0,1 : 15.4335
0,1,0,0,0,0,1,1,1,1,0,0,1,1,1,1,1,0,1,1,0,0,0,1,0,0,1,0,0,0,0,1,1,0,1,0,1,0,0 : 16.2439
1,0,0,1,0,1,1,0,0,1,1,0,0,0,1,0,1,0,0,0,0,1,0,0,0,0,1,0,0,1,1,1,0,1,1,0,0,0,1 : 15.9471
0,1,0,0,0,1,1,0,0,1,0,1,1,1,1,1,1,0,0,0,0,1,0,0,1,1,0,0,1,1,0,0,0,1,0,0,1,0,1 : 15.4335
0,0,1,0,1,0,0,0,1,0,0,1,1,0,1,0,0,0,1,1,1,0,0,1,0,0,0,1,0,1,0,1,0,1,0,1,1,0,0 : 13.2471
1,0,1,0,1,0,0,0,0,1,1,0,0,1,0,0,0,1,1,0,1,0,1,1,0,0,1,1,1,0,0,0,0,0,0,1,0,1,0 : 15.4384
1,1,0,1,0,0,0,1,1,1,1,0,1,0,0,1,1,0,1,0,0,0,0,0,1,1,0,0,0,0,0,1,0,1,0,1,1,1,1 : 13.1294
0,0,0,1,1,0,1,0,0,0,1,0,0,0,1,0,1,1,1,1,0,1,0,0,1,1,0,0,1,0,0,0,0,1,1,0,0,0,1 : 13.2594
0,0,0,0,0,0,0,0,0,1,0,1,1,1,0,0,1,0,0,1,1,0,1,1,1,0,1,0,1,0,0,0,1,1,0,0,0,1,1 : 15.5928
0,0,0,1,1,0,1,1,1,0,0,1,1,1,1,1,1,1,1,0,0,1,1,0,0,1,0,0,1,1,1,0,0,0,0,1,1,1,0 : 16.3679
1,0,0,1,0,0,0,0,0,0,0,1,1,1,0,0,0,0,1,0,1,1,1,1,1,0,1,0,0,0,1,0,0,0,0,1,0,0,1 : 15.8531
1,0,1,0,1,0,0,0,0,1,1,0,0,0,1,0,0,1,1,1,0,1,0,1,1,1,0,1,1,0,0,0,1,0,0,0,0,1,1 : 13.2594
0,1,0,0,1,1,0,1,1,1,0,1,0,1,0,0,1,1,1,0,0,1,1,1,0,1,0,1,0,0,1,0,1,0,0,1,0,0,1 : 16.5683
1,1,0,0,0,0,1,0,0,1,0,0,1,0,1,1,1,0,1,1,0,0,1,0,0,1,0,1,1,0,0,0,1,0,0,0,0,1,1 : 13.0212
0,1,0,1,1,0,0,0,0,0,1,1,0,1,0,0,1,0,0,0,0,0,0,1,1,1,0,0,0,1,1,1,0,1,0,1,1,0,0 : 13.1924
1,1,0,1,0,0,1,0,1,0,1,1,0,1,1,1,0,1,0,1,1,1,1,0,0,0,0,0,0,0,0,1,0,1,0,1,0,1,0 : 12.8051
1,0,0,1,0,1,1,1,0,1,1,0,1,1,1,1,1,0,1,0,1,1,0,1,0,0,0,0,1,0,0,1,0,1,0,1,0,0,0 : 15.4335
1,1,0,0,0,0,0,1,1,1,1,1,1,0,0,0,1,1,1,1,0,0,1,0,0,0,1,0,0,1,0,1,0,1,0,1,0,0,1 : 16.3155
0,0,0,0,1,0,1,0,1,0,1,0,0,0,1,1,1,1,0,0,1,0,1,0,0,0,0,1,1,0,0,0,0,0,0,0,0,0,0 : 14.0434
1,1,0,0,1,1,1,1,0,1,1,0,0,1,0,0,0,0,1,0,0,0,1,0,1,0,1,0,0,1,1,0,0,0,0,0,0,0,0 : 13.0854
0,0,1,0,0,0,1,1,1,0,0,0,1,0,1,0,0,0,0,1,0,0,1,1,0,1,1,0,1,0,0,0,0,1,1,0,0,1,0 : 13.1655
1,1,0,1,1,1,0,0,1,0,0,1,1,1,1,0,1,1,0,0,1,0,0,0,1,0,1,0,0,1,0,0,0,0,0,1,0,1,0 : 15.8293
1,1,0,1,1,1,0,0,0,0,0,0,0,0,1,0,0,0,1,1,0,0,1,0,0,1,1,0,0,0,1,1,0,1,0,1,1,0,0 : 16.1278
1,1,0,1,1,0,1,1,1,1,0,1,0,1,1,1,1,0,1,1,0,0,0,0,1,0,1,1,0,0,1,1,1,0,0,1,1,1,0 : 13.1294
1,0,1,0,1,0,0,0,0,1,1,1,1,1,0,0,0,0,1,0,0,0,1,0,0,0,1,0,1,1,0,0,1,0,1,1,0,0,0 : 13.2471
0,1,0,1,0,0,0,0,1,1,1,1,1,0,1,1,1,0,1,0,0,0,1,0,0,0,1,0,0,0,1,0,0,1,0,1,1,1,0 : 13.1294
1,0,0,0,0,0,0,0,0,0,1,1,0,0,1,0,1,0,1,0,0,0,1,0,1,1,0,0,1,1,1,0,0,1,0,1,1,0,0 : 15.6878
1,0,1,0,1,0,0,1,0,1,0,1,0,0,1,0,1,0,1,1,0,0,0,0,0,0,0,0,0,1,0,1,0,1,0,0,1,0,0 : 13.2471
0,0,1,0,0,1,0,0,0,1,1,1,0,1,1,0,1,0,0,1,0,1,1,1,0,0,1,0,0,1,0,0,1,1,0,0,1,1,0 : 15.8336
0,0,1,0,0,0,1,0,1,0,0,0,1,1,1,1,0,1,0,1,0,1,0,0,0,1,0,0,0,1,0,0,0,1,1,0,0,0,1 : 13.0004
0,1,0,0,0,0,1,0,1,0,1,1,1,1,1,0,1,0,0,0,1,1,0,1,0,1,1,0,1,0,1,0,1,1,1,0,1,0,0 : 13.6216
0,0,1,0,1,0,0,0,0,0,1,1,0,0,1,1,1,0,1,0,0,0,1,1,0,0,1,0,1,0,0,1,1,0,0,1,1,1,0 : 13.2471
0,1,0,0,1,1,0,1,1,0,1,1,1,0,0,1,0,0,0,1,0,0,1,0,0,0,0,0,0,0,0,1,1,0,0,0,0,0,1 : 16.1267
1,0,1,1,0,0,0,1,0,0,0,0,1,0,1,1,1,1,0,0,0,0,0,1,0,0,1,0,0,0,0,1,0,1,0,1,0,0,1 : 13.2412
1,1,0,0,0,0,1,0,0,1,0,0,0,1,0,1,1,0,1,0,0,1,1,1,0,0,0,0,0,0,0,1,1,0,0,1,1,0,1 : 13.0015
1,1,1,0,0,0,1,0,0,0,1,1,0,0,0,0,0,0,0,1,1,1,0,1,0,0,1,0,0,1,1,1,1,0,0,0,0,0,0 : 15.3447
0,1,0,1,0,0,0,0,1,1,0,1,1,0,0,1,1,1,1,1,1,1,1,0,0,0,1,0,1,1,0,0,1,1,0,0,0,0,1 : 13.0713
0,1,0,0,0,0,0,1,1,0,1,1,1,1,0,1,1,0,0,1,1,0,0,1,0,1,1,1,1,0,0,0,1,1,1,0,1,0,0 : 13.6216
1,1,0,1,0,1,1,0,0,0,1,1,1,1,0,0,1,0,1,0,1,1,0,0,0,0,0,0,0,1,0,0,1,1,0,0,1,0,0 : 15.4335
1,0,1,0,0,0,1,1,0,0,1,0,1,0,0,1,1,0,0,0,1,1,1,1,1,0,1,0,1,0,1,0,1,0,0,1,0,0,0 : 15.3447
1,0,0,1,0,0,0,1,1,0,1,0,0,1,1,1,1,1,1,1,1,0,0,1,0,1,0,0,0,0,1,0,1,1,1,0,1,0,0 : 13.0451
0,1,0,1,0,0,0,0,1,1,0,1,1,1,1,1,1,1,1,0,1,0,1,0,0,1,0,0,1,0,1,0,1,1,1,0,1,0,0 : 16.3679
1,1,1,0,1,0,0,1,0,1,0,0,1,0,1,1,1,1,0,1,0,0,1,0,0,1,1,0,0,1,1,0,0,0,0,1,1,0,0 : 16.3155
0,1,0,1,1,0,0,0,0,1,0,1,0,1,1,0,0,0,1,0,1,1,0,0,0,1,1,1,1,0,0,0,0,1,1,1,0,0,0 : 13.3384
0,0,1,0,0,1,0,0,0,1,0,0,0,0,1,0,1,1,0,0,1,0,1,0,1,1,0,0,1,0,1,0,0,0,0,0,0,1,0 : 16.5683
0,0,1,1,0,0,0,0,1,0,1,0,0,0,1,1,1,0,0,0,0,1,0,0,0,0,0,0,0,1,0,0,1,1,0,1,1,1,0 : 13.3506
0,1,0,1,1,0,1,1,0,0,1,0,0,1,0,1,1,0,1,1,0,0,0,0,0,0,1,1,0,0,1,1,0,1,0,0,0,0,1 : 13.059
1,1,0,1,1,0,0,0,1,0,0,0,1,0,1,1,0,1,1,1,0,1,0,1,0,0,1,0,0,1,0,1,0,1,1,0,0,0,1 : 13.0004
0,0,0,0,0,0,0,1,0,0,1,0,0,1,0,0,1,0,1,1,1,1,0,1,0,0,0,0,1,0,1,0,1,0,0,1,0,1,1 : 16.022
0,0,1,0,1,0,0,0,1,1,1,0,0,1,1,0,1,1,0,1,0,1,0,1,0,0,0,0,0,0,0,0,0,0,0,1,0,1,0 : 13.2594
1,0,1,0,0,0,1,0,0,0,0,1,0,1,1,0,1,0,0,0,0,0,0,1,1,0,1,1,0,1,0,1,1,0,0,1,1,0,0 : 13.1815
1,1,1,0,0,0,1,0,1,0,1,0,0,1,0,0,1,0,1,1,1,1,0,1,0,1,1,0,1,1,0,0,0,1,0,1,0,1,1 : 13.0344
1,0,0,1,1,1,0,0,0,1,0,0,0,0,1,1,1,1,1,0,0,1,1,0,0,1,1,0,1,0,1,1,0,1,0,1,0,0,1 : 13.2118
1,1,0,1,1,0,1,1,1,1,1,0,1,0,0,1,0,1,1,1,1,1,0,1,1,1,0,0,1,0,0,0,0,1,0,0,1,0,0 : 13.5619
0,0,0,1,1,0,0,1,1,1,0,0,1,1,0,1,0,1,1,0,1,1,1,0,0,0,0,1,0,1,0,1,1,0,0,0,1,0,1 : 16.3679
1,0,0,1,0,0,0,0,0,1,1,1,1,0,0,0,1,1,1,1,1,0,1,1,0,1,0,0,0,0,0,1,0,1,0,1,0,1,0 : 13.1283
0,0,0,0,0,1,0,1,0,0,0,0,1,1,0,0,1,1,0,0,0,0,1,0,0,0,0,1,0,1,0,1,1,0,0,1,0,1,1 : 16.1267
1,0,0,0,1,1,1,1,1,1,0,1,1,0,0,1,0,0,0,1,0,1,1,0,0,1,1,0,0,0,0,0,0,1,0,1,1,1,0 : 14.3553
0,0,0,1,0,0,1,0,0,0,1,0,1,1,1,0,0,1,1,1,0,0,0,1,0,0,1,0,0,1,0,0,0,1,0,0,0,1,1 : 13.0004
0,1,0,1,0,1,1,0,0,1,0,1,1,1,0,0,1,1,1,1,0,0,1,1,1,1,0,1,0,1,0,1,1,0,0,0,1,1,1 : 16.1267
1,0,0,1,1,0,1,0,1,0,1,1,1,1,1,1,0,1,0,1,1,0,0,1,0,0,1,1,0,0,1,0,1,0,0,1,1,1,0 : 12.8051
1,0,0,1,0,1,1,1,1,1,1,1,0,1,0,0,1,1,1,1,1,0,0,0,0,0,0,0,1,1,1,1,1,0,1,0,1,0,0 : 16.3491
1,1,0,0,0,0,0,0,1,0,1,0,1,0,0,1,1,0,0,1,1,1,0,0,0,0,1,1,1,0,0,1,1,0,0,0,0,0,0 : 13.2041
0,1,0,1,0,1,1,1,1,1,0,1,1,1,0,1,1,1,1,0,1,1,0,1,1,1,0,0,1,0,1,1,1,0,0,1,0,0,0 : 15.4335
0,0,1,0,0,1,0,0,0,0,1,1,0,0,0,1,0,0,0,1,1,1,1,0,0,1,1,0,0,0,0,0,1,1,0,0,0,0,0 : 15.8336
1,0,0,1,0,0,0,1,0,0,0,0,0,1,0,0,1,0,1,1,1,1,1,1,1,1,0,0,1,1,1,0,1,0,0,1,1,0,1 : 13.2796
1,1,1,0,1,0,0,0,0,1,0,1,1,1,0,0,1,0,0,0,0,1,1,1,0,1,1,0,1,1,0,0,0,0,1,1,0,0,0 : 13.5423
0,0,0,1,0,1,0,0,0,0,1,0,1,0,1,0,0,0,1,0,1,1,1,0,1,0,1,1,0,0,1,0,0,0,1,0,0,1,0 : 13.2118
0,1,0,0,0,0,0,1,1,1,0,0,1,1,1,1,0,1,1,1,0,0,0,0,0,1,0,0,1,1,1,1,1,0,0,0,1,1,0 : 13.0004
0,0,1,1,0,0,0,1,1,0,1,0,1,1,0,1,0,0,1,1,0,0,0,1,1,1,0,0,1,1,0,0,1,0,0,1,1,1,0 : 13.3506
0,1,1,1,0,0,0,1,1,0,1,0,1,1,1,1,1,0,1,1,0,1,1,1,0,1,0,0,0,1,1,0,1,0,1,1,0,0,0 : 13.1305
1,1,0,0,0,1,0,1,0,0,0,1,0,1,0,1,0,0,0,1,0,1,0,1,1,1,0,0,1,1,0,1,0,1,0,1,0,0,1 : 16.474
0,0,0,1,0,0,1,0,1,0,0,0,0,0,1,1,1,0,1,1,0,1,0,1,0,1,0,0,0,1,1,0,1,1,1,0,1,0,0 : 13.3506
0,0,0,1,0,1,0,1,0,1,1,1,0,1,0,0,1,1,0,0,1,0,1,1,1,1,0,0,0,0,0,0,0,0,0,0,1,1,0 : 16.5683
1,1,0,1,0,0,1,1,0,1,1,0,1,1,1,1,0,0,0,1,1,0,1,0,1,1,0,0,0,0,1,0,1,1,0,0,0,1,0 : 16.1022
1,0,0,1,0,0,1,0,1,1,0,1,0,1,1,0,0,0,0,1,1,1,1,1,0,1,0,0,0,1,0,1,0,1,0,0,0,0,1 : 16.1022
0,0,0,1,1,0,1,1,0,0,1,0,1,1,1,1,0,1,0,0,0,1,0,1,0,0,1,0,1,0,1,0,1,1,1,1,0,0,0 : 13.8373
0,0,0,1,1,0,0,0,1,0,0,0,0,0,1,0,0,1,1,1,1,1,0,0,0,0,1,0,0,0,1,0,1,1,0,1,1,1,1 : 13.0451
1,0,0,1,1,1,1,1,1,0,1,1,0,0,1,0,1,1,1,0,1,1,0,0,0,1,1,0,0,0,0,0,0,1,0,0,0,0,1 : 15.2801
0,0,0,1,1,0,0,0,0,1,1,1,1,1,0,0,1,1,0,1,1,1,1,0,1,0,1,0,0,1,0,0,1,1,0,1,0,0,0 : 12.8051
1,1,0,0,1,1,1,1,0,1,1,1,1,1,1,1,0,1,1,1,1,0,0,1,0,1,0,0,0,0,0,0,1,1,0,1,1,1,1 : 16.1267
0,0,1,0,1,0,0,0,0,0,0,1,0,0,1,0,1,1,0,0,1,0,0,1,1,0,1,1,1,0,0,0,0,0,0,1,1,0,1 : 13.2412
0,0,0,1,0,0,1,0,0,0,1,0,0,0,0,1,1,0,1,0,1,1,0,1,0,0,1,1,0,1,0,0,1,1,0,1,1,1,1 : 13.6437
1,0,0,1,0,0,1,1,0,1,1,1,0,1,0,1,0,1,1,1,1,0,1,1,1,0,1,0,0,1,0,0,0,1,0,1,1,1,0 : 13.0713
0,0,1,1,0,0,0,0,1,1,1,1,1,0,0,1,0,1,0,1,1,1,0,0,1,0,1,1,1,0,0,0,0,1,0,1,0,0,1 : 12.8051
0,1,0,1,1,1,1,1,1,1,0,1,1,1,1,1,0,0,1,0,0,0,1,0,1,1,0,0,1,0,0,0,0,1,0,1,0,1,1 : 16.1267
1,1,0,1,1,0,0,1,0,1,1,1,0,0,1,1,1,0,0,0,1,0,1,1,1,0,1,0,0,0,0,0,0,1,1,0,0,1,0 : 16.3945
