1,1,1,1,1,0,0,0,1,0,0,1,1,1,0,0 : 252.78
1,1,1,1,1,0,0,0,1,0,0,1,1,1,0,0 : 252.78
1,1,0,0,0,0,0,1,1,0,1,0,1,1,0,0 : 256.32
1,1,0,0,0,0,0,1,1,0,1,0,1,1,0,0 : 256.32
1,1,0,0,0,0,0,0,1,0,1,0,1,1,0,0 : 256.333
1,1,0,0,0,0,0,0,1,0,1,0,1,1,0,0 : 256.333
1,1,0,1,0,0,0,1,1,0,0,1,1,1,0,0 : 257.45
1,1,0,1,0,0,0,1,1,0,0,1,1,1,0,0 : 257.45
1,0,1,0,0,0,0,0,1,1,0,0,1,1,0,0 : 260.38
1,0,1,0,0,0,0,0,1,1,0,0,1,1,0,0 : 260.38
1,1,0,0,1,0,0,1,1,1,0,0,1,1,0,0 : 261.31
1,1,0,0,1,0,0,1,1,1,0,0,1,1,0,0 : 261.31
1,0,1,1,0,0,0,1,1,0,1,0,1,1,0,0 : 262.233
1,0,1,1,0,0,0,1,1,0,1,0,1,1,0,0 : 262.233
1,1,0,0,1,0,1,1,1,0,0,1,1,1,0,0 : 263.207
1,1,0,0,1,0,0,0,1,0,0,1,1,1,0,0 : 263.207
1,1,0,0,1,0,1,1,1,0,0,1,1,1,0,0 : 263.207
1,1,0,0,1,0,0,0,1,0,0,1,1,1,0,0 : 263.207
1,0,1,1,0,0,1,1,1,0,0,1,1,1,0,0 : 263.363
1,0,1,1,0,0,0,1,1,0,0,1,1,1,0,0 : 263.363
1,0,1,1,0,0,1,1,1,0,0,1,1,1,0,0 : 263.363
1,0,1,1,0,0,0,1,1,0,0,1,1,1,0,0 : 263.363
1,0,1,0,1,0,0,0,1,0,1,0,1,1,0,0 : 269.95
1,0,1,0,1,0,0,0,1,0,1,0,1,1,0,0 : 269.95
1,1,1,0,0,1,1,0,1,0,1,0,1,1,0,0 : 275.923
1,1,1,0,0,1,1,0,1,0,1,0,1,1,0,0 : 275.923
1,1,1,0,1,1,0,1,1,1,0,0,1,1,0,0 : 279.15
1,1,1,0,1,1,0,1,1,1,0,0,1,1,0,0 : 279.15
1,1,0,1,0,1,1,1,1,0,1,0,1,1,0,0 : 286.43
1,1,0,1,0,1,1,1,1,0,1,0,1,1,0,0 : 286.43
1,1,0,1,1,1,1,1,1,0,0,1,1,1,0,0 : 291.237
1,1,0,1,1,1,1,1,1,0,0,1,1,1,0,0 : 291.237
1,0,1,1,1,1,1,1,1,1,0,0,1,1,0,0 : 295.257
1,0,1,1,1,1,1,1,1,1,0,0,1,1,0,0 : 295.257
1,0,0,0,1,1,0,0,1,1,0,0,1,1,0,0 : 305.48
1,0,0,0,1,1,0,0,1,1,0,0,1,1,0,0 : 305.48
1,0,0,0,0,1,1,1,1,0,0,1,1,1,0,0 : 310.673
1,0,0,0,0,1,1,1,1,0,0,1,1,1,0,0 : 310.673
1,0,0,0,1,1,0,0,1,0,0,1,1,1,0,0 : 310.687
1,0,0,0,1,1,0,0,1,0,0,1,1,1,0,0 : 310.687
1,1,1,0,0,0,1,1,1,1,0,0,1,0,1,0 : 361.7029
1,1,1,0,0,0,1,1,1,1,0,0,1,0,1,0 : 361.7029
1,1,1,0,0,0,1,1,1,0,1,0,1,0,1,0 : 363.56
1,1,1,0,0,0,1,1,1,0,1,0,1,0,1,0 : 363.56
1,0,1,0,0,0,1,0,1,0,1,0,1,0,1,0 : 382.01
1,0,1,0,0,0,1,0,1,0,1,0,1,0,1,0 : 382.01
1,1,1,1,0,1,1,1,1,1,0,0,1,0,1,0 : 407.757
1,1,1,1,0,1,1,1,1,1,0,0,1,0,1,0 : 407.757
1,1,1,0,0,1,1,1,1,0,0,1,1,0,1,0 : 407.763
1,1,1,0,0,1,1,1,1,0,0,1,1,0,1,0 : 407.763
1,0,1,1,0,1,1,0,1,1,0,0,1,0,1,0 : 432.757
1,0,1,0,0,1,1,1,1,1,0,0,1,0,1,0 : 432.757
1,0,1,1,0,1,1,0,1,1,0,0,1,0,1,0 : 432.757
1,0,1,0,0,1,1,1,1,1,0,0,1,0,1,0 : 432.757
1,1,1,0,1,0,1,1,1,0,0,1,1,0,1,0 : 433.913
1,1,0,1,1,1,1,1,1,0,0,1,1,0,1,0 : 433.913
1,1,1,0,1,0,1,1,1,0,0,1,1,0,1,0 : 433.913
1,1,0,1,1,1,1,1,1,0,0,1,1,0,1,0 : 433.913
1,1,1,1,0,0,0,1,1,0,0,1,1,0,1,0 : 439.02
1,1,1,1,0,0,0,1,1,0,0,1,1,0,1,0 : 439.02
1,1,0,1,1,0,1,0,1,0,1,0,1,0,1,0 : 456.363
1,1,0,1,1,0,1,0,1,0,1,0,1,0,1,0 : 456.363
1,0,1,0,1,1,1,0,1,1,0,0,1,0,1,0 : 482.59
1,0,1,0,1,1,1,0,1,1,0,0,1,0,1,0 : 482.59
1,0,0,0,1,1,1,1,1,1,0,0,1,0,1,0 : 482.59
1,0,1,0,1,1,1,0,1,1,0,0,1,0,1,0 : 482.59
1,0,1,0,1,1,1,0,1,1,0,0,1,0,1,0 : 482.59
1,0,0,0,1,1,1,1,1,1,0,0,1,0,1,0 : 482.59
1,1,1,1,0,1,1,0,1,1,0,0,1,0,0,1 : 490.473
1,0,0,1,0,0,1,0,1,0,1,0,1,0,0,1 : 490.473
1,1,1,1,0,1,1,0,1,1,0,0,1,0,0,1 : 490.473
1,0,0,1,0,0,1,0,1,0,1,0,1,0,0,1 : 490.473
1,1,0,1,1,0,0,1,1,0,1,0,1,0,1,0 : 493.893
1,1,0,1,1,0,0,1,1,0,1,0,1,0,1,0 : 493.893
1,0,1,0,1,0,0,0,1,0,1,0,1,0,1,0 : 508.983
1,0,1,0,1,0,0,0,1,0,1,0,1,0,1,0 : 508.983
1,1,0,1,0,1,1,1,1,0,1,0,1,0,0,1 : 510.857
1,1,0,1,0,0,1,1,1,0,1,0,1,0,0,1 : 510.857
1,1,0,0,0,0,1,1,1,0,1,0,1,0,0,1 : 510.857
1,1,0,1,0,1,1,1,1,0,1,0,1,0,0,1 : 510.857
1,1,0,1,0,0,1,1,1,0,1,0,1,0,0,1 : 510.857
1,1,0,0,0,0,1,1,1,0,1,0,1,0,0,1 : 510.857
1,0,0,0,1,0,0,1,1,0,1,0,1,0,1,0 : 515.543
1,0,0,1,1,0,0,0,1,0,1,0,1,0,1,0 : 515.543
1,0,0,0,1,0,0,1,1,0,1,0,1,0,1,0 : 515.543
1,0,0,1,1,0,0,0,1,0,1,0,1,0,1,0 : 515.543
1,1,1,1,0,1,0,1,1,0,1,0,1,0,1,0 : 536.8769
1,1,1,1,0,1,0,1,1,0,1,0,1,0,1,0 : 536.8769
1,1,0,1,0,1,0,1,1,0,1,0,1,0,1,0 : 544.74
1,1,0,1,1,1,0,0,1,1,0,0,1,0,1,0 : 544.74
1,1,0,1,0,1,0,1,1,0,1,0,1,0,1,0 : 544.74
1,1,0,1,1,1,0,0,1,1,0,0,1,0,1,0 : 544.74
1,0,1,0,0,0,1,0,1,0,0,1,1,0,0,1 : 555.633
1,0,1,0,0,0,1,0,1,0,0,1,1,0,0,1 : 555.633
1,0,1,1,0,0,0,1,1,1,0,0,1,0,0,1 : 607.7
1,0,1,1,0,0,0,1,1,1,0,0,1,0,0,1 : 607.7
1,0,1,0,1,0,1,0,1,0,1,0,1,0,0,1 : 631.283
1,0,1,0,1,0,1,0,1,0,1,0,1,0,0,1 : 631.283
1,1,1,0,1,1,1,0,1,0,0,1,1,0,0,1 : 644.357
1,1,1,0,1,1,1,0,1,0,0,1,1,0,0,1 : 644.357
