1,1,1,1,0,0,0,1,1,0,1,1,0,1,1,1,1,1,1,1,0,0,0,1,0,0 : 2986.0
1,1,1,1,0,1,1,1,0,0,1,1,0,1,1,0,1,1,1,1,1,1,1,1,0,0 : 2986.0
1,1,1,1,0,1,1,0,1,0,1,1,0,1,1,1,1,1,1,0,0,0,0,0,0,0 : 2986.0
1,1,1,1,0,0,0,0,0,0,1,1,0,1,1,1,1,1,1,1,0,0,0,0,0,0 : 2986.0
1,1,1,1,0,1,1,1,0,0,1,1,0,1,1,1,1,1,1,0,0,0,1,1,0,0 : 2986.0
1,1,1,1,0,0,0,1,0,0,1,1,0,1,1,1,1,1,1,1,0,0,0,0,0,0 : 2986.0
1,1,1,1,0,0,1,1,0,0,1,1,0,1,1,1,1,1,1,1,0,0,0,1,0,0 : 2986.0
1,1,1,1,0,1,1,1,0,0,1,1,0,1,1,1,1,1,1,0,0,0,1,1,0,0 : 2986.0
1,1,1,1,0,1,1,1,0,0,1,1,0,1,1,1,1,1,1,1,0,0,1,1,0,0 : 2986.0
1,1,1,1,0,0,0,1,1,0,1,1,0,1,1,1,1,1,1,0,0,0,0,0,0,0 : 2986.0
1,1,1,1,0,1,0,0,1,0,1,1,0,1,1,1,1,1,1,0,0,0,0,0,0,0 : 2986.0
1,1,1,1,0,1,0,1,0,0,1,1,0,1,1,1,1,1,1,1,0,0,0,0,0,0 : 2986.0
1,1,1,1,0,1,1,1,0,0,1,1,0,1,1,1,1,1,1,0,0,0,1,1,0,0 : 2986.0
1,1,1,1,0,1,1,0,1,0,1,1,0,1,1,0,1,1,1,0,0,1,0,1,0,0 : 2986.0
1,1,1,1,0,0,0,1,1,0,1,1,0,1,1,1,1,1,1,1,0,0,0,0,0,0 : 2986.0
1,1,1,1,0,1,0,1,0,0,1,1,0,1,1,1,1,1,1,1,0,0,1,1,0,0 : 2986.0
1,1,1,1,0,0,1,0,1,0,1,1,0,1,1,0,1,1,1,0,0,1,1,1,0,0 : 2986.0
1,1,1,1,0,0,0,1,1,0,1,1,0,1,1,1,1,1,1,1,0,0,0,1,0,0 : 2986.0
1,1,1,1,0,1,1,1,0,0,1,1,0,1,1,0,1,1,1,1,1,1,1,1,0,0 : 2986.0
1,1,1,1,0,1,1,0,1,0,1,1,0,1,1,1,1,1,1,0,0,0,0,0,0,0 : 2986.0
1,1,1,1,0,0,0,0,0,0,1,1,0,1,1,1,1,1,1,1,0,0,0,0,0,0 : 2986.0
1,1,1,1,0,1,1,1,0,0,1,1,0,1,1,1,1,1,1,0,0,0,1,1,0,0 : 2986.0
1,1,1,1,0,0,0,1,0,0,1,1,0,1,1,1,1,1,1,1,0,0,0,0,0,0 : 2986.0
1,1,1,1,0,0,1,1,0,0,1,1,0,1,1,1,1,1,1,1,0,0,0,1,0,0 : 2986.0
1,1,1,1,0,1,1,1,0,0,1,1,0,1,1,1,1,1,1,0,0,0,1,1,0,0 : 2986.0
1,1,1,1,0,1,1,1,0,0,1,1,0,1,1,1,1,1,1,1,0,0,1,1,0,0 : 2986.0
1,1,1,1,0,0,0,1,1,0,1,1,0,1,1,1,1,1,1,0,0,0,0,0,0,0 : 2986.0
1,1,1,1,0,1,0,0,1,0,1,1,0,1,1,1,1,1,1,0,0,0,0,0,0,0 : 2986.0
1,1,1,1,0,1,0,1,0,0,1,1,0,1,1,1,1,1,1,1,0,0,0,0,0,0 : 2986.0
1,1,1,1,0,1,1,1,0,0,1,1,0,1,1,1,1,1,1,0,0,0,1,1,0,0 : 2986.0
1,1,1,1,0,1,1,0,1,0,1,1,0,1,1,0,1,1,1,0,0,1,0,1,0,0 : 2986.0
1,1,1,1,0,0,0,1,1,0,1,1,0,1,1,1,1,1,1,1,0,0,0,0,0,0 : 2986.0
1,1,1,1,0,1,0,1,0,0,1,1,0,1,1,1,1,1,1,1,0,0,1,1,0,0 : 2986.0
1,1,1,1,0,0,1,0,1,0,1,1,0,1,1,0,1,1,1,0,0,1,1,1,0,0 : 2986.0
1,1,1,1,0,0,1,0,1,1,1,1,0,1,1,0,1,1,1,0,0,1,0,1,0,0 : 3127.0
1,1,1,1,0,0,1,0,1,1,1,1,0,1,1,0,1,1,1,0,0,1,1,1,0,0 : 3127.0
1,1,1,1,0,0,1,0,1,1,1,1,0,1,1,0,1,1,1,0,0,1,0,1,0,0 : 3127.0
1,1,1,1,0,0,1,0,1,1,1,1,0,1,1,0,1,1,1,0,0,1,1,1,0,0 : 3127.0
1,1,1,1,0,1,0,0,0,1,1,1,0,1,1,1,1,1,1,1,0,1,0,1,0,1 : 3517.0
1,1,1,1,0,1,0,0,0,1,1,1,0,1,1,1,1,1,1,1,0,1,0,1,0,1 : 3517.0
1,1,1,1,0,1,0,0,0,1,1,1,0,1,1,1,1,1,1,1,0,1,0,1,0,1 : 3517.0
1,1,1,1,0,1,0,0,0,1,1,1,0,1,1,1,1,1,1,1,0,1,0,1,0,1 : 3517.0
1,1,1,1,0,0,1,1,0,1,1,1,0,1,1,0,1,1,1,0,0,1,1,1,0,1 : 3605.0
1,1,1,1,0,0,1,1,0,1,1,1,0,1,1,0,1,1,1,0,0,0,0,1,0,1 : 3605.0
1,1,1,1,0,0,1,1,0,1,1,1,0,1,1,0,1,1,1,0,0,1,1,1,0,1 : 3605.0
1,1,1,1,0,0,1,1,0,1,1,1,0,1,1,0,1,1,1,0,0,0,0,1,0,1 : 3605.0
1,1,1,1,0,0,1,1,0,1,1,1,0,1,1,0,1,1,1,0,0,1,1,1,0,1 : 3605.0
1,1,1,1,0,0,1,1,0,1,1,1,0,1,1,0,1,1,1,0,0,0,0,1,0,1 : 3605.0
1,1,1,1,0,0,1,1,0,1,1,1,0,1,1,0,1,1,1,0,0,1,1,1,0,1 : 3605.0
1,1,1,1,0,0,1,1,0,1,1,1,0,1,1,0,1,1,1,0,0,0,0,1,0,1 : 3605.0
1,1,1,1,0,1,1,1,0,0,1,1,0,1,1,0,1,1,1,0,0,1,0,1,1,0 : 4759.0
1,1,1,1,0,1,1,0,1,0,1,1,0,1,1,0,1,1,1,0,0,0,0,0,1,0 : 4759.0
1,1,1,1,0,0,1,0,1,0,1,1,0,1,1,0,1,1,1,0,0,0,0,0,1,0 : 4759.0
1,1,1,1,0,1,1,0,1,0,1,1,0,1,1,1,1,1,1,0,0,0,0,0,1,0 : 4759.0
1,1,1,1,0,1,1,0,1,0,1,1,0,1,1,0,1,1,1,0,0,0,0,0,1,0 : 4759.0
1,1,1,1,0,0,1,0,1,0,1,1,0,1,1,0,1,1,1,0,0,0,0,0,1,0 : 4759.0
1,1,1,1,0,1,1,0,1,0,1,1,0,1,1,1,1,1,1,0,0,0,0,0,1,0 : 4759.0
1,1,1,1,0,1,1,1,0,0,1,1,0,1,1,0,1,1,1,0,0,1,0,1,1,0 : 4759.0
1,1,1,1,0,1,1,0,1,0,1,1,0,1,1,0,1,1,1,0,0,0,0,0,1,0 : 4759.0
1,1,1,1,0,0,1,0,1,0,1,1,0,1,1,0,1,1,1,0,0,0,0,0,1,0 : 4759.0
1,1,1,1,0,1,1,0,1,0,1,1,0,1,1,1,1,1,1,0,0,0,0,0,1,0 : 4759.0
1,1,1,1,0,1,1,0,1,0,1,1,0,1,1,0,1,1,1,0,0,0,0,0,1,0 : 4759.0
1,1,1,1,0,0,1,0,1,0,1,1,0,1,1,0,1,1,1,0,0,0,0,0,1,0 : 4759.0
1,1,1,1,0,1,1,0,1,0,1,1,0,1,1,1,1,1,1,0,0,0,0,0,1,0 : 4759.0
1,1,1,1,0,1,0,0,1,0,1,1,0,1,1,0,1,1,1,0,0,0,0,0,1,0 : 4768.0
1,1,1,1,0,0,0,0,0,0,1,1,0,1,1,1,1,1,1,0,0,1,1,0,1,0 : 4768.0
1,1,1,1,0,1,0,0,1,0,1,1,0,1,1,0,1,1,1,0,0,1,0,0,1,0 : 4768.0
1,1,1,1,0,1,0,0,1,0,1,1,0,1,1,1,1,1,1,0,0,0,0,0,1,0 : 4768.0
1,1,1,1,0,1,0,0,0,0,1,1,0,1,1,0,1,1,1,0,0,1,0,1,1,0 : 4768.0
1,1,1,1,0,1,0,0,1,0,1,1,0,1,1,0,1,1,1,0,0,0,0,0,1,0 : 4768.0
1,1,1,1,0,1,0,0,1,0,1,1,0,1,1,0,1,1,1,0,0,1,0,0,1,0 : 4768.0
1,1,1,1,0,1,0,0,1,0,1,1,0,1,1,0,1,1,1,0,0,0,1,0,1,0 : 4768.0
1,1,1,1,0,1,0,0,1,0,1,1,0,1,1,1,1,1,1,0,0,0,0,0,1,0 : 4768.0
1,1,1,1,0,1,0,1,1,0,1,1,0,1,1,0,1,1,1,0,0,0,0,0,1,0 : 4768.0
1,1,1,1,0,1,0,1,1,0,1,1,0,1,1,1,1,1,1,0,1,1,1,0,1,0 : 4768.0
1,1,1,1,0,1,0,0,1,0,1,1,0,1,1,0,1,1,1,0,0,0,0,0,1,0 : 4768.0
1,1,1,1,0,1,0,0,0,0,1,1,0,1,1,1,1,1,1,0,0,0,0,1,1,0 : 4768.0
1,1,1,1,0,1,0,0,1,0,1,1,0,1,1,0,1,1,1,0,0,0,0,0,1,0 : 4768.0
1,1,1,1,0,1,0,0,1,0,1,1,0,1,1,1,1,1,1,0,0,0,0,0,1,0 : 4768.0
1,1,1,1,0,0,0,0,0,0,1,1,0,1,1,0,1,1,1,0,0,1,0,1,1,0 : 4768.0
1,1,1,1,0,1,0,0,1,0,1,1,0,1,1,0,1,1,1,0,0,0,0,0,1,0 : 4768.0
1,1,1,1,0,1,0,1,1,0,1,1,0,1,1,1,1,1,1,0,0,1,1,0,1,0 : 4768.0
1,1,1,1,0,1,0,0,1,0,1,1,0,1,1,1,1,1,1,0,1,1,1,0,1,0 : 4768.0
1,1,1,1,0,1,0,0,1,0,1,1,0,1,1,0,1,1,1,0,0,0,0,0,1,0 : 4768.0
1,1,1,1,0,1,0,1,1,0,1,1,0,1,1,0,1,1,1,0,0,0,0,0,1,0 : 4768.0
1,1,1,1,0,0,0,0,0,0,1,1,0,1,1,1,1,1,1,0,0,1,1,0,1,0 : 4768.0
1,1,1,1,0,1,0,0,1,0,1,1,0,1,1,0,1,1,1,0,0,0,0,0,1,0 : 4768.0
1,1,1,1,0,1,0,0,1,0,1,1,0,1,1,0,1,1,1,0,0,1,0,0,1,0 : 4768.0
1,1,1,1,0,1,0,0,1,0,1,1,0,1,1,1,1,1,1,0,0,0,0,0,1,0 : 4768.0
1,1,1,1,0,1,0,0,0,0,1,1,0,1,1,0,1,1,1,0,0,1,0,1,1,0 : 4768.0
1,1,1,1,0,1,0,0,1,0,1,1,0,1,1,0,1,1,1,0,0,0,0,0,1,0 : 4768.0
1,1,1,1,0,1,0,0,1,0,1,1,0,1,1,0,1,1,1,0,0,1,0,0,1,0 : 4768.0
1,1,1,1,0,1,0,0,1,0,1,1,0,1,1,0,1,1,1,0,0,0,1,0,1,0 : 4768.0
1,1,1,1,0,1,0,0,1,0,1,1,0,1,1,1,1,1,1,0,0,0,0,0,1,0 : 4768.0
1,1,1,1,0,1,0,1,1,0,1,1,0,1,1,0,1,1,1,0,0,0,0,0,1,0 : 4768.0
1,1,1,1,0,1,0,1,1,0,1,1,0,1,1,1,1,1,1,0,1,1,1,0,1,0 : 4768.0
1,1,1,1,0,1,0,0,1,0,1,1,0,1,1,0,1,1,1,0,0,0,0,0,1,0 : 4768.0
1,1,1,1,0,1,0,0,0,0,1,1,0,1,1,1,1,1,1,0,0,0,0,1,1,0 : 4768.0
1,1,1,1,0,1,0,0,1,0,1,1,0,1,1,0,1,1,1,0,0,0,0,0,1,0 : 4768.0
1,1,1,1,0,1,0,0,1,0,1,1,0,1,1,1,1,1,1,0,0,0,0,0,1,0 : 4768.0
