$infoPrune,$min,$threshold,$wriggle,$depthMax,$depthMin,$optionminsize,$treeprune,$whereprune,<<pd,>>pf,<<prec
0.5747203043455438, 6.654786114568894, 0.5187772958862458, 0.7363715077711839, 14.597771581622276, 5.007150077537082, 0.933843088179311, 0.009291768871041661, 0.9004006803925917
0.8945395056680105, 6.436944302550156, 0.9006046200100188, 0.2224353653862443, 8.035860448687435, 4.484411278358901, 0.08875480752694576, 0.8265917174862094, 0.6250427685206302
0.5673955970574689, 1.7288992155694427, 0.42629868299466833, 0.5956959481957186, 8.086848719477363, 1.152039292854743, 0.24398860057572092, 0.29078068997953455, 0.06981672765384594
0.011127640613361689, 2.7324993887152638, 0.6673582140325356, 0.7080465820229064, 7.246118065450357, 3.71622445024244, 0.50305022728897, 0.36238720695499227, 0.7078528657000437
0.7893822841995921, 5.634032772066898, 0.5099442456756814, 0.5178689129601316, 7.071495408595974, 3.003347796958579, 0.6383106907356677, 0.8848490811024774, 0.3713240885648398
0.3064933649836715, 6.687288741252888, 0.02013558690501882, 0.25200519095309504, 13.651026308783983, 5.743940678497141, 0.6862281687205546, 0.8737880680711624, 0.39206859923339255
0.9606709515594781, 2.316239857354506, 0.46194832837042465, 0.6151061023986719, 16.10957323320695, 2.91971277907903, 0.9831649521302311, 0.4156011995337071, 0.8824186012244825
0.03930323049655149, 3.116275001059161, 0.309740304710333, 0.09826109730966481, 19.47205001444083, 3.3419048269363762, 0.07097963554920095, 0.22337750208041995, 0.6022440243273836
0.8894429886896483, 6.045086148010656, 0.2389641619402385, 0.29913549790467975, 0.01084820667168751, 3.273964285370467, 0.2982054635872521, 0.03318618646514271, 0.20469625869150743
0.6833906109563076, 7.506247303983676, 0.2683309336282582, 0.8237174648706623, 14.534665461833242, 2.440090399329036, 0.8642813283080304, 0.560634599391508, 0.06603634474637499
0.7219386531266612, 2.7260329488282533, 0.095214967227501, 0.12499899933811909, 10.102330625355451, 4.956001431984413, 0.11825322339702093, 0.3148714566217452, 0.6038907860822769
0.20989559388031154, 5.275359724364812, 0.026550165802793013, 0.13375373137897906, 12.588935394118398, 1.6733347620309653, 0.8356675088552895, 0.4397101754422157, 0.2798214539666868
0.4934837116113706, 4.454147318970002, 0.7572444389166175, 0.746733375376036, 15.425638790250831, 3.265562961583412, 0.7211207409517595, 0.8190962695328275, 0.29252678517821695
0.9938621203096321, 8.414765779246787, 0.8216625274448079, 0.898340810113536, 18.119232485681692, 1.6053586824448678, 0.3805935815208923, 0.2353774321142038, 0.9841143822678307
0.9642959026543853, 8.357218651439442, 0.4371918350327323, 0.9818840402770006, 6.961481127686353, 4.772182750573775, 0.9971560156598968, 0.9486699140989568, 0.549879037707008
0.7651281907451027, 8.310187290864832, 0.8046650907073692, 0.8998325535952002, 19.431186659416873, 3.510997288276621, 0.13163362709391369, 0.5495705547623327, 0.4450829395285575
0.7745363678930951, 9.275962126857909, 0.004473236003942782, 0.5010231455261936, 0.36880199328889196, 2.7693007997104004, 0.39853667567946227, 0.8267498742821937, 0.04537771773159682
0.17243870982660336, 7.622486976417733, 0.5721898940083746, 0.5055528036650274, 9.765528330535327, 3.356127588811822, 0.6634386064070569, 0.5299415628523513, 0.08133458661774018
0.8318793269768232, 4.761360911324164, 0.8966768479932365, 0.3855450911860884, 19.05121617653092, 2.226618847238088, 0.8593499680496413, 0.5149964859972834, 0.2565321524071926
0.38538056274841304, 2.0690357428186745, 0.2535319331692478, 0.43829823634107423, 2.2169124706305054, 0.9678167701857994, 0.007365127146000017, 0.9626949770005748, 0.12718911280224832
0.04969774831952134, 3.617657769511905, 0.40359748950776564, 0.41658022623549307, 4.686153046647532, 0.6962684723921135, 0.01841222381098695, 0.19917532217240996, 0.7101959709764645
0.9789221094483127, 5.557188409218805, 0.9053035597190439, 0.28846141908293355, 7.815490994397236, 1.601062857641865, 0.7160649379579735, 0.502168513064979, 0.7603922056377335
0.11946521837943747, 5.213815896695472, 0.954946682204031, 0.11590522753354271, 6.667039599225024, 1.5382074477430228, 0.004226074044210604, 0.9958833758406617, 0.8221399758894367
0.016591972691893275, 0.5166961150734883, 0.2870968041312132, 0.9718354982624346, 0.9358006172106004, 5.970159179601712, 0.5547656245087297, 0.20370788419578856, 0.5894497281849506
0.00866417486696569, 6.980361207671544, 0.3440508298407381, 0.9860002047464168, 1.920703207912251, 0.8113174042816305, 0.19071495133345717, 0.2649708671423079, 0.42585331704700313
0.3125499360939398, 3.6048234653341247, 0.3163047814259019, 0.8831973057770877, 16.76683387013026, 1.0083178350268382, 0.08873076648893274, 0.33608037006912717, 0.7054566214755433
0.8155834336717275, 6.891785366000727, 0.2248665722941373, 0.4524491997254393, 5.987754214929204, 1.0570909931248065, 0.5800684515371372, 0.3549746197491891, 0.5458284021940831
0.10778089223561649, 3.5098178058349006, 0.2015573777573949, 0.7961821059668575, 7.494697600518078, 1.9256077838175336, 0.6124185857059149, 0.13278988049922524, 0.7490962553365303
0.1758664196875831, 1.805774267750344, 0.2812811522455506, 0.96117225660523, 2.1016083938519703, 0.6035968889678602, 0.7543207808487932, 0.1664185594293981, 0.3880351831631895
0.8409815839972851, 1.2064570269671115, 0.8893264690986311, 0.9355350051684274, 17.762295500032494, 5.150104687120193, 0.7890042891355523, 0.5536797595022518, 0.404435653705433
0.4178117912279622, 1.799978389715543, 0.9678222650663924, 0.4809147826711657, 6.440200941917366, 4.970214587911564, 0.6620462788763987, 0.302949912160299, 0.2245289796545229
0.5601114266039167, 5.519523017384166, 0.7500380070322127, 0.2971269031892354, 2.507227507814185, 5.286720955108449, 0.6459349206759967, 0.9856024397290054, 0.28226729919871085
0.6515069727988524, 4.879870521581902, 0.05655986727389972, 0.7759121609961305, 8.531567109873635, 4.5920615780107426, 0.6097525926856301, 0.6312569358732139, 0.9288492939785312
0.8080098952035821, 4.192801344737883, 0.5556406609814025, 0.6191868558236738, 11.9889543323926, 1.1257983934022338, 0.6410481113559089, 0.6880409235074794, 0.9902397534554621
0.012412105822271258, 0.4476060867143339, 0.8915375250364374, 0.5602449470286683, 11.127716783865216, 3.862738665958711, 0.10935752859520276, 0.4902070639745417, 0.49268970635358555
0.008657868419123749, 4.132928337623367, 0.02502053020678252, 0.22604760243183486, 14.3253965688018, 3.788781244655911, 0.4997791657595786, 0.3463541175083953, 0.2643357500007869
0.7942925396882776, 5.011464343811742, 0.9586791327950347, 0.026669320141251562, 17.946547878638714, 1.2280773263101117, 0.5868855128457107, 0.7005427183014177, 0.25340675860387485
0.1711310388421966, 0.969280130237451, 0.11380284554961606, 0.5812400536931895, 6.492072947934792, 2.5715661323374217, 0.5845902985106803, 0.16790423572042334, 0.6996124031074725
0.9376770930431134, 4.883840032137268, 0.5796448821048239, 0.9779677495232921, 0.36478770168149266, 4.50314765449653, 0.038618127276588976, 0.008649308516830656, 0.46290733268446393
0.3987967176422299, 4.451751505949072, 0.0793444783395647, 0.6314168511567152, 3.945310277928562, 1.4243205161620276, 0.8119849221157911, 0.07578752766795005, 0.7713615762112959
0.7133468361674912, 9.379707945611147, 0.9652902655507797, 0.7217481613229385, 15.710237912554188, 5.930753213680023, 0.7430364286180748, 0.6186154856532935, 0.20463306299455142
0.3956503049339193, 0.9076330319433445, 0.5589038299713687, 0.5238614336692938, 12.859306986046752, 1.3333760256185063, 0.07867012716869881, 0.5419713659173875, 0.7913647231443346
0.8668176937529967, 2.4638924918605087, 0.6035362467831473, 0.6234979843649688, 14.68956924830643, 5.478362429724018, 0.8262609384805033, 0.9193180555360395, 0.881517024229016
0.15558313509421218, 8.476792140169872, 0.969216189530877, 0.3878133052563839, 3.7041913515056346, 0.8263209377870251, 0.7916059651012931, 0.5697508850797377, 0.8950351152207916
0.955057182855365, 4.17613342936494, 0.5676642240934208, 0.6502041631954953, 19.36182223526961, 3.9212426805709946, 0.14806042816912302, 0.4831170639545589, 0.30606601842872105
0.14244745266069647, 9.74905872378587, 0.3668353603301745, 0.1849522377181464, 10.36805484503832, 1.3884566610916322, 0.8360653074533811, 0.8061436195832461, 0.2066453450126543
0.2962020758639252, 0.7009705317214376, 0.5903204873531203, 0.19267310986460828, 7.718313392542806, 0.8309294723493668, 0.4471826717899243, 0.15615319050629273, 0.36276258242023485
0.21484927916967, 8.883525920774971, 0.8810150833491266, 0.9346630097550961, 7.908305827572253, 2.969332138286938, 0.09884540050639079, 0.15647832517035765, 0.10814061229697702
0.5576023674857602, 4.192777770629991, 0.8228426836942491, 0.7817654723015652, 15.95002832499514, 4.159649191027883, 0.12862519504486758, 0.9883353988613942, 0.21177232629357934
0.385688751260984, 6.880935756111668, 0.4154196627826049, 0.5210700107711635, 15.372111497012948, 5.8910409232171945, 0.6083266995278964, 0.10638671702881441, 0.24863949191156443
0.49356240770795456, 5.995953227815055, 0.24703519968892895, 0.1959061365752527, 6.771024666346892, 2.6166183309525017, 0.08285567984425934, 0.6994500540292853, 0.17529680522616742
0.4285201732655287, 0.8890122760306507, 0.34810355540618876, 0.46337917836323217, 4.415461902925644, 0.8439134428198409, 0.9876503019247606, 0.42013826041044167, 0.4197516346328597
0.45375755476876367, 8.539456855863595, 0.7063557442754992, 0.22002843162814367, 8.444185714449466, 5.186838270487333, 0.7479442389593757, 0.2181351816454733, 0.4747203846690916
0.6099206785466783, 8.134601459233643, 0.3646893872933581, 0.0007435093116919811, 1.475245848540554, 0.3436495613916528, 0.3570230104607609, 0.863867725267236, 0.3784267238667197
0.3183078307934232, 9.731584062300039, 0.3390540278411388, 0.6512162788224269, 0.7049409150615293, 3.4996352637234187, 0.7247175524691475, 0.06897953889242714, 0.9364130555321467
0.7681803950903089, 8.480957787138678, 0.7544230986396316, 0.585531645906761, 14.309544779013208, 0.5726300985869337, 0.3611753521971305, 0.8827078498641743, 0.28192584541484855
0.4458175671411253, 8.156012042605798, 0.572829721036527, 0.43588603219295297, 12.751514790350697, 0.016048254256097128, 0.8889582118772759, 0.24009320274084645, 0.23705449305476578
0.748303319126435, 8.770903043590083, 0.4294279660302547, 0.42522749149396954, 13.737836589605445, 1.2841220033040939, 0.40205600224212323, 0.6722688280082054, 0.9712156315938411
0.2927017893298256, 1.66440854744074, 0.16608954054008795, 0.10195150501698225, 19.994982002500407, 0.8123342960824744, 0.681604358053932, 0.5433360687308456, 0.34725690446079505
0.43863435038856813, 0.6149954851783457, 0.5873503533473796, 0.4021400580585818, 16.144895789738072, 0.26155892956420224, 0.15534139631130228, 0.787630774176944, 0.4702613300641122
0.722279844989001, 1.396644222226393, 0.43356088004388127, 0.5679980627407109, 10.398100544164077, 5.083545062504023, 0.38051337161987675, 0.48559280266829297, 0.4914138692078527
0.4118089635612636, 3.4797220535576887, 0.5278959091209563, 0.3994447676758618, 11.957299990196326, 5.098968258690371, 0.2141425999841725, 0.6818955295336623, 0.8584438023786923
0.32591751745799313, 0.9499850404903487, 0.8362855359140896, 0.19754109154878519, 2.0341525078120526, 4.3773696877349515, 0.49557861199849695, 0.9258438253023391, 0.7364332192280402
0.04214066838076702, 7.13968692496607, 0.1528625221190707, 0.12311392410529165, 9.182226846279251, 2.0980443845323022, 0.6298755773652324, 0.0895357788991481, 0.56761460165671
0.36955635786597396, 5.874808824318876, 0.8427817622696462, 0.931111703110848, 0.5522987381117628, 2.5239227701784346, 0.1616253665012305, 0.3196580895338603, 0.8655791726701171
0.8952717618829282, 6.511793821100541, 0.7718392890061283, 0.2779031678035435, 6.649638103576063, 0.21746029393914545, 0.4043283987362153, 0.863538283075512, 0.13916115075179847
0.8868393147393033, 4.940286844857088, 0.9682110485967863, 0.025749549984829034, 1.750377202218596, 4.26061470116933, 0.16936705825141218, 0.04745318263670428, 0.8990502932209486
0.7591583412824141, 3.375501236225226, 0.5391304086826022, 0.8734321054733075, 6.013281055710353, 4.633504822596131, 0.6711029193507162, 0.8877936661815418, 0.8694989750408769
0.7063943804163676, 4.237240067378769, 0.4794229939929673, 0.7911416995531467, 1.654366669072358, 0.5800319954362545, 0.7699531115079757, 0.16031279484500738, 0.8560606895804829
0.6369054146035213, 8.897014337275634, 0.24778721353690503, 0.8248195719390204, 9.67862201769745, 4.6324974401963726, 0.4782846053599933, 0.8361433938620499, 0.9215310911216471
0.5557454396819544, 3.6631222181912912, 0.41935759093336245, 0.7370185464415062, 9.29951526361709, 1.979091481884277, 0.9425391891284148, 0.7577845892735019, 0.24991598686107885
0.17519575792812736, 3.3588500903475795, 0.3001030120807018, 0.4381646092006407, 17.989372124367847, 2.6536244605409136, 0.7194766402050884, 0.13006477517684645, 0.8937566177464019
0.49086797622856293, 4.237081499936053, 0.5900831944849814, 0.7254667171198931, 15.08584236055876, 3.2606020387685386, 0.1325784495423148, 0.2395721844128389, 0.20343531745876842
0.9466898538337737, 3.1498276985476705, 0.7875928883404396, 0.4639590817829309, 13.27106967707434, 3.9245001809687907, 0.07111016539915604, 0.42094001779217205, 0.4068695050991219
0.24154927470117615, 3.4625508592122154, 0.4514647383642083, 0.8367088545090035, 14.634468880069608, 0.1553335560126774, 0.239006671429563, 0.18125715403442522, 0.4457870073196031
0.4000438710331873, 3.126329140314609, 0.10803555510180163, 0.14834985523578548, 14.856799303683427, 4.684815657156607, 0.27109485764304764, 0.8791467569484002, 0.9512182174738462
0.03370994513949033, 3.6272814765330175, 0.6309762471209671, 0.047623575288591735, 7.262432040137008, 0.06571099771162148, 0.8335248776772508, 0.8360149326409446, 0.964391621662676
0.7007999132137558, 6.929285226454559, 0.4219409394201332, 0.9349995084906548, 14.085958287570675, 4.605603719393054, 0.5940351199045656, 0.5139433470972574, 0.7808424419765684
0.9067677160953789, 1.9689018665005553, 0.011471509018815551, 0.8958751893960722, 11.39884611820267, 2.148371928695293, 0.016892336876969782, 0.01329208445420138, 0.588643391510271
0.49715388315222686, 5.3693927265049926, 0.47096466957738203, 0.5027655978045059, 12.225749382944427, 4.657835906531854, 0.9413687939363877, 0.5716499461051091, 0.48605775694882525
0.5705338155485367, 1.0051494875993872, 0.3624076428518671, 0.1122751852585665, 18.974906062608433, 4.195245947242283, 0.5066654723388557, 0.3366726283787288, 0.2677115665393339
0.6962892235108448, 4.917924368444414, 0.5096209072269322, 0.4795332223897357, 1.1707995040944086, 1.427066387612947, 0.7541737686788961, 0.20226578631192993, 0.10679821741742568
0.41826893212808325, 0.6421816902118049, 0.04498373231067465, 0.24389700438907413, 9.395520396797298, 2.0527838140959767, 0.3163776345392274, 0.6591584429800629, 0.06720815988500062
0.29546745097841276, 2.7257172770246516, 0.7740743894161188, 0.25008229099606427, 17.34124264080863, 3.7574136804967777, 0.8221146610129689, 0.6279926054234487, 0.5886873311519308
0.39487438910182204, 9.293410693216384, 0.1238865332515865, 0.39323856772638877, 15.36838924647756, 2.1990725387139207, 0.4425492338291055, 0.7497377590664154, 0.5668519631150518
0.9771353503146957, 6.339230201527081, 0.1242483291869837, 0.037200657137774096, 9.200289515136058, 3.000712004815859, 0.7558502324590642, 0.8616229680316392, 0.39974640995936395
0.5642280618706744, 1.9573448330662369, 0.03688044049244854, 0.35868996585175306, 3.771538655657265, 0.4601609671493543, 0.04143012490608933, 0.74030597690312, 0.04376343907897662
0.3869037459708812, 4.461642801765445, 0.8839666298426598, 0.7276062373355083, 8.852312922147975, 5.870284290644458, 0.4163019769870545, 0.8662752288361505, 0.2568878349957109
0.6074676343493248, 5.317720804697107, 0.4735968508481919, 0.900673850668365, 4.17418158858375, 1.6087856648372139, 0.030835470987025992, 0.00891321489868957, 0.572535910695862
0.2670862424422513, 8.905128708058923, 0.7981745774546285, 0.7454278007664203, 12.763316610786786, 4.282932486262799, 0.6948893046944135, 0.04904013656766326, 0.5978712891960476
0.8779709832758168, 9.260104341858238, 0.8228947763995172, 0.6812411333793756, 15.49191353337763, 2.9413439806605, 0.7229555530191621, 0.43236292120921116, 0.6012442771090766
0.805