$x1,$x2,$x3,$x4,$x5,$x6,$x7,$x8,$x9,$x10,$x11,$x12,$x13,$x14,$x15,$x16,$x17,$x18,$x19,$x20,$x21,$x22,$x23,$x24,$x25,$x26,>>f1
0.6491724113722794, 0.5198641806167406, 0.840180700824038, 0.9867662720336259, 0.3200675197811589, 0.389703481137721, 0.6140618738702018, 0.9288831905286447, 0.3257528555387246, 0.9744000654730612, 0.9772717215892541, 0.39877645863623656, 0.6784047919264887, 0.900840849403241, 0.9491780961838217, 0.5718373174899318, 0.6498021736756389, 0.6781021586827884, 0.708334003351961, 0.6290118372168372, 0.3357764660613537, 0.9603123831045873, 0.9588727188242151, 0.09426252915864675, 0.5910765266667813, 0.884530196363555
0.8970706268620258, 0.9561441368375734, 0.7418612535130554, 0.1625971767203418, 0.7928157779858861, 0.5514018155667793, 0.9603128898261161, 0.69942931021584, 0.28976164078014977, 0.3071059631046824, 0.9899063880620522, 0.29286418580716966, 0.9405364766564384, 0.7222345690626765, 0.5338780788657178, 0.8743912382202564, 0.9807214764046308, 0.6527218185759325, 0.5144120084290495, 0.8814519786294918, 0.14282136263377376, 0.9147822260567806, 0.38388694024198267, 0.07418056551099528, 0.438665524603839, 0.3265630675151284
0.7052672839982608, 0.9464852306757643, 0.9321662682849965, 0.7550417714562617, 0.39570070055890894, 0.546319754316266, 0.21218700857328288, 0.958647289989988, 0.34167888661661816, 0.6738638778083349, 0.5275044090427269, 0.12702605638710662, 0.8030942313471509, 0.655077970431259, 0.8392248298419592, 0.135414406329199, 0.7063544909406517, 0.5884530820456318, 0.7228266786818774, 0.9452090236175469, 0.2909959851236298, 0.7520396630696624, 0.18681407256930638, 0.42804112787619397, 0.6102371298594799, 0.5639319803055926
0.5752914243552324, 0.7612268937404872, 0.8174340524767991, 0.6264320306168817, 0.20875432952061612, 0.808809806797478, 0.5939954587779795, 0.15159370236893732, 0.6027680041146889, 0.9089353179704469, 0.9138772347862882, 0.9187438944935963, 0.23308181215569956, 0.9696607591623577, 0.8590042045193084, 0.15581889090345002, 0.6728000521028098, 0.9186236550768433, 0.5256167179028773, 0.9154210185729615, 0.4357662028115409, 0.6049103856445853, 0.5301422909199223, 0.6886323639478794, 0.2267754664260121, 0.3505841919286473
0.7037108404912, 0.6227082690491219, 0.844818876782961, 0.5079896322627994, 0.23332264267274083, 0.8879473605133729, 0.2628740732244631, 0.25976949515195524, 0.4815820380833935, 0.2011565207835998, 0.5751841651671099, 0.29179670748697817, 0.7105403099785871, 0.7059078613216371, 0.8855436345034966, 0.9204192315595343, 0.8572279092183175, 0.6861470940585475, 0.9459672233784968, 0.4521985868706724, 0.3524456253300765, 0.8539309996979809, 0.4029320288628039, 0.5954699292000983, 0.9492027600720857, 0.24323322049388307
0.5216782062024604, 0.5067360462664904, 0.8383783903745025, 0.9250912770598794, 0.3444501645798421, 0.39475841531207034, 0.7149430249872502, 0.622628668374946, 0.13467784987008846, 0.3621378398352456, 0.8482054739616867, 0.7513875050199879, 0.3897931577737115, 0.702521141811158, 0.7206245863105841, 0.2022702328636643, 0.5292135355995883, 0.9547763162348263, 0.9587294229123656, 0.8179291213488347, 0.3585319592591715, 0.1942736797510889, 0.9594849874045193, 0.5497419237097428, 0.15954174127183962, 0.3453156557783593
0.7383171439790495, 0.7900780398159003, 0.6409238671548042, 0.8184030324297938, 0.4772207653759314, 0.38417088024075474, 0.5833141633998952, 0.17156424341526266, 0.99083049749952, 0.4431467339032795, 0.6695476826897052, 0.0747525686149274, 0.8805551212137577, 0.5824330154774329, 0.5075041995277687, 0.04415877500007903, 0.7866659593386756, 0.6954963513296696, 0.5768848546446472, 0.3630337340382579, 0.05815304721859782, 0.9615529941160419, 0.7385042131470222, 0.9360899083611344, 0.03413884193144934, 0.2518086541582897
0.7615551707614517, 0.9076526751811279, 0.6460362298298141, 0.5754034183452332, 0.4519895116489794, 0.4760674815577296, 0.13818848098574166, 0.33276913742480474, 0.05006803633675139, 0.9887501486012823, 0.7992086803573377, 0.2549191532552363, 0.817153366628654, 0.5588603241090299, 0.7110748350834161, 0.8427429725913931, 0.9778895063503471, 0.8319028757125331, 0.5651562761818844, 0.9480773652193583, 0.3758819226026099, 0.6401700023461755, 0.2579656372596444, 0.8849794013166691, 0.9457097365182205, 0.7969827831487774
0.894916813752521, 0.6994227441448604, 0.7536827862266637, 0.8434140061342622, 0.16925177418390802, 0.8961655728763704, 0.06012861391646107, 0.5577199494503134, 0.944237214157396, 0.6801946713333047, 0.9044334694769693, 0.6423223312684688, 0.9936329274094706, 0.5030942456994917, 0.5388617167082771, 0.9682743341667212, 0.8527558528452654, 0.6142943680991825, 0.7029670304890987, 0.48654230257680553, 0.3258918197230859, 0.8967078488171134, 0.26060986168318323, 0.7015339391114418, 0.44716418486681286, 0.6760540950789473
0.510538729328307, 0.9518470372877433, 0.5669311751774851, 0.8357613838723488, 0.19142035827302495, 0.3366925285482685, 0.10246037809630537, 0.6445642301441631, 0.953219693932149, 0.203147942099984, 0.6815164995575077, 0.1536483935062426, 0.7672148308009443, 0.5427511538930527, 0.8885955098315611, 0.45968928881090676, 0.912889333545812, 0.5697536361831722, 0.9734798371434686, 0.22713469565475186, 0.3920813015711483, 0.6561666591116179, 0.24502030270377073, 0.12668476399151019, 0.2681717423593494, 0.22411128361716615
0.7517835618608596, 0.660174448955448, 0.782623480686283, 0.9977159559816252, 0.2577214471903342, 0.8376282285234343, 0.21352367795279736, 0.6555683623714588, 0.9129983024054058, 0.7727935902495846, 0.5582248387775568, 0.709362598819989, 0.9279708391564212, 0.5842785846006298, 0.7164052811352083, 0.38699322910966005, 0.9306163491324909, 0.6769759217869218, 0.968782913734111, 0.21137243671740036, 0.041381961119845156, 0.4197179425790848, 0.05389142252860124, 0.3541515921680455, 0.09436409082701691, 0.20102856138262626
0.816572942971089, 0.9608404870174109, 0.6789083590394834, 0.6040737860195905, 0.007634326725082463, 0.2123996576578594, 0.2533529161691621, 0.4436998510643575, 0.03158374913231499, 0.4118676876105458, 0.5982910382252088, 0.0412947846788716, 0.6025519535828185, 0.8460867715678922, 0.5500665331759196, 0.17185645161375485, 0.6801624904346963, 0.933413981713571, 0.6913501038413564, 0.26379544991230697, 0.4040160829903474, 0.728575644314234, 0.001051547702325517, 0.34208027052142587, 0.13686059856187782, 0.1459716105135075
0.951841374347863, 0.8684730433455903, 0.9950326260922623, 0.9752977088846057, 0.05998291209594209, 0.5298571502357704, 0.29218896213841117, 0.4413183605413802, 0.8329067792124515, 0.7295268711635039, 0.5876324559894546, 0.0036467373870173736, 0.8650703869521511, 0.8194325887746106, 0.5611325077519538, 0.5884932417762205, 0.8296606200909271, 0.830468869895903, 0.8167898829438223, 0.6871236847359613, 0.06942586339080925, 0.7687282544340026, 0.2212846830892069, 0.8057952848816959, 0.49885194143681155, 0.8264756434927635
0.7914034712774778, 0.5158932656556424, 0.7374556507759472, 0.9657428680452426, 0.08890938581809549, 0.8999230012283391, 0.254469751285718, 0.9818100241895422, 0.3878547248568661, 0.7688343334516204, 0.5036933249500121, 0.24890367006764869, 0.6400714165988017, 0.923330229301056, 0.6405882680498483, 0.33097918158161843, 0.626661372431427, 0.9007026721952329, 0.7375553939612466, 0.5328750077698765, 0.11374980290027503, 0.5085296289588778, 0.472338200510112, 0.44550658005295196, 0.9209105359256442, 0.559215843114712
0.590949689102566, 0.538440393048078, 0.5106467516221541, 0.9160058023953505, 0.31277340162116474, 0.7518315223177502, 0.006134230256688689, 0.5842303269173962, 0.33356907093039434, 0.3387519703533378, 0.5657781777533766, 0.7704756131037769, 0.940548403415444, 0.5393988305783728, 0.7627353796427507, 0.8249287091822797, 0.8148554517219511, 0.7069305244470224, 0.5678590167092086, 0.25915430370524417, 0.2939196043739908, 0.7161540063468089, 0.24351698259332077, 0.48811391836398244, 0.10916589636838014, 0.8983446077456886
0.6749994339134932, 0.6143402243297149, 0.5809076549181803, 0.839995946930547, 0.014966442660895085, 0.17590054951829526, 0.19439069037407086, 0.6463800506144713, 0.18378675660850763, 0.5547708494634342, 0.7727125254880135, 0.9564584264707043, 0.21024166474612938, 0.9046225820777454, 0.6120260565143576, 0.05075843275224612, 0.9129323895182401, 0.5190798363295012, 0.5816518678334917, 0.592996500612269, 0.8128268850695585, 0.5035354714915299, 0.5696569662407478, 0.09346232091405116, 0.703213514789381, 0.05833317165532581
0.7859838197307071, 0.6021622479608761, 0.7492443816344596, 0.51555527892634, 0.2122581939684628, 0.1946603049830523, 0.011792800709289675, 0.2658300641207756, 0.6663172841223469, 0.3238887834545682, 0.821548961890805, 0.5822091222037353, 0.7500583270007469, 0.5703009578112007, 0.5650438082894783, 0.2184673008540694, 0.9688898635463451, 0.6593067374204906, 0.7064037373071148, 0.05708399650648355, 0.26698207324670087, 0.21533102554103367, 0.5218425599369358, 0.6087117099843028, 0.26305376090257104, 0.9425549585230809
0.7139455468852497, 0.6664269649993646, 0.6729747888472396, 0.8926314647758804, 0.269625469381937, 0.3175367899226055, 0.05305345502619807, 0.6869507536660797, 0.9618857084699464, 0.23827292071282635, 0.5142733018378448, 0.698974106229054, 0.8055662740575725, 0.7616726744945145, 0.8282754186215029, 0.4428280684735979, 0.8905968460570788, 0.9548655474368952, 0.7515704767443434, 0.5860605494504739, 0.04050683744533423, 0.17067382718644275, 0.2925405941567414, 0.9232834699056991, 0.7785609511353851, 0.7673286300088735
0.6989671953323809, 0.9499047550280838, 0.9283179878222697, 0.45491984805105445, 0.9091635909358492, 0.5464718814050875, 0.6125477953096451, 0.475618764973632, 0.5897883220802289, 0.7439462824969888, 0.5726628434524353, 0.04636076672704581, 0.920106886977175, 0.8406803739197192, 0.9930592565570011, 0.2630327073952409, 0.7193367157859316, 0.6108958436821588, 0.9540197389329559, 0.5828269667292271, 0.41951379232064556, 0.24737306340855358, 0.3017672629276791, 0.38143602779787467, 0.19870517147061983, 0.9822151934376429
0.8530286201208804, 0.5101481468501385, 0.6279455309833616, 0.9333250870459953, 0.4286746888402304, 0.017606725865474626, 0.439116517700883, 0.5060945137129058, 0.26203905293641006, 0.8129089129429594, 0.7089952267714551, 0.11879016015738886, 0.6831977075616367, 0.8310178074686418, 0.6730955044048306, 0.19762583063411965, 0.8798761153231175, 0.6683395709911643, 0.5804213805394236, 0.5989951581842089, 0.2557757969842942, 0.7102105224721807, 0.38378412020339536, 0.09656796194461614, 0.40484835647658446, 0.6261249056408583
0.9096995412761961, 0.5955528817113215, 0.8429751876821135, 0.7185777709046209, 0.4870047856856412, 0.3743263219476777, 0.8611664718928292, 0.7727683401556816, 0.4246151663716561, 0.23095604060000274, 0.8973744201143337, 0.6170251249304182, 0.158921182958233, 0.8569540070252276, 0.5762593796324859, 0.5052494004996065, 0.656258108544252, 0.8088413098089552, 0.9660819877285437, 0.09261468404033546, 0.3163972236403879, 0.9666361154893411, 0.45088719842613334, 0.834101510511774, 0.3711789267844634, 0.6957021649906869
0.5133306158789617, 0.5724083862984287, 0.9286334397912201, 0.5791221152124753, 0.2008473012838582, 0.5588944452579768, 0.7500942088336282, 0.7456244342214107, 0.09462179896832656, 0.8211835389057398, 0.9104503203758402, 0.02556933625737645, 0.9582000679010179, 0.6675667958713091, 0.9007697963287901, 0.43501845908603654, 0.7162334869582677, 0.9572660531390591, 0.8384862781936688, 0.2872968860811108, 0.4068058858098683, 0.9844348788614504, 0.2472931843862317, 0.8668081863025557, 0.672224048145997, 0.5783982682931986
0.5820226099103926, 0.6175732356052768, 0.7035653495929517, 0.976773790632812, 0.4668259266816004, 0.6195979174085731, 0.4982446988271, 0.4472260705871951, 0.6743267818027486, 0.22928379239005092, 0.9384020788976278, 0.0413672213114038, 0.7987199109735604, 0.9254286230756454, 0.5541427542725429, 0.8953018551360143, 0.6921353721205349, 0.8028366275592125, 0.9947107541582483, 0.7296077933600342, 0.11333218181038829, 0.6035984288545715, 0.3870250084627921, 0.7736656757474943, 0.37957135871391234, 0.8881773207686198
0.9020580448843035, 0.9476907921100932, 0.6905939661388886, 0.8983981648537542, 0.39452844128920195, 0.37804905170473824, 0.4798072132715887, 0.30435652264193847, 0.7437527838280165, 0.048149577960034495, 0.9273624009664104, 0.9051506958697608, 0.357761987180654, 0.970588029253286, 0.8971909514425729, 0.6653155375327141, 0.8852952885936064, 0.5238692503071308, 0.74987029706181, 0.05403703538363758, 0.37287512849277205, 0.5735977293876174, 0.4847117296166735, 0.952050134496165, 0.17022781907042384, 0.9962772790955747
0.9330490498799853, 0.9587989973466768, 0.8351145351291941, 0.8342044614588989, 0.2987462849885779, 0.7509620975645148, 0.1435229362166307, 0.9988134618446184, 0.7605253658048755, 0.8151793530049246, 0.9336148516828165, 0.030585023901497865, 0.784983691314003, 0.9265436416712257, 0.8140353902642913, 0.2471905405926237, 0.7585337533342748, 0.8224975132733364, 0.6441747387826336, 0.5248859182391014, 0.36063391014799484, 0.491108456772108, 0.2893072321574678, 0.14211068492439738, 0.16349555838272023, 0.5253427698791032
0.9048072493170076, 0.9350323784369681, 0.6832147832558916, 0.6582335397222799, 0.13389094459654927, 0.7591055702073777, 0.41523340408442966, 0.15611692232890384, 0.0871615511408117, 0.6004480716317884, 0.8160553439237287, 0.16560069180782833, 0.6918914811818849, 0.9642731396450457, 0.877704918183292, 0.4943751639895906, 0.9296974934406588, 0.809839755946846, 0.7444725952776771, 0.2359678600143552, 0.10206558117332387, 0.35110640028883877, 0.025068941971334247, 0.7536174622838351, 0.27796286952536886, 0.3028741811386664
0.7209312009034372, 0.6375365281499582, 0.7737760027328382, 0.6558970923251799, 0.38720234482288374, 0.9285166511135382, 0.8211579334635235, 0.7244439024116772, 0.25670068734871343, 0.6788955399627062, 0.7841639945983853, 0.14375147986051928, 0.6901342707818688, 0.8914107877622997, 0.8783258320438614, 0.36159435992509914, 0.9400962618501488, 0.636033683667032, 0.9714947907477891, 0.21065378990872852, 0.33056110705593245, 0.017173232035017416, 0.48532018620256523, 0.14541348085264405, 0.8541147646646811, 0.6491993145502237
0.7883926453908908, 0.510447977825753, 0.7137616646254491, 0.9830698574464192, 0.307212076872757, 0.9405632663050654, 0.1307413166298207, 0.8745818956943744, 0.061927061568737174, 0.21573048260043848, 0.8439237838896622, 0.9482740107039679, 0.9675731366996088, 0.828651151158561, 0.7522911080764676, 0.6590824365050937, 0.5117215162286964, 0.6966017042860435, 0.7062268695655376, 0.8072363132897695, 0.10663880705216722, 0.7492223113516023, 0.2343977571945527, 0.5044110265216802, 0.8930073667352316, 0.37061643558459845
0.9091705740791538, 0.6717175178060768, 0.8787403646516937, 0.8401327083540392, 0.23072483344658146, 0.6124852105335277, 0.03005033501389731, 0.7778488415293509, 0.6636272847020459, 0.2798356023735671, 0.6899359791700928, 0.36989672315172895, 0.6866395625139782, 0.9639725983484508, 0.666628434881796, 0.18988925400517465, 0.5683122953762676, 0.8261856708635684, 0.5845509666265432, 0.050976208905661236, 0.27965328070678397, 0.5044096947217338, 0.31087742664519935, 0.36905495966809376, 0.572919269391495, 0.03766113217862155
0.9775777695847326, 0.5438773739642616, 0.7553653234996199, 0.945919904217085, 0.48648945467825766, 0.30418968834802806, 0.14008935782664145, 0.5998150614359948, 0.41233453627896166, 0.8597803811644356, 0.9330275454887157, 0.18206333406248343, 0.5304244859599455, 0.6659455234790297, 0.8911066721237132, 0.22399624374204796, 0.70835074437674, 0.8163082587501868, 0.8261888601426458, 0.35224176867678325, 0.436697613490291, 0.9179258371994213, 0.4615712716936561, 0.830162433096162, 0.4101107001650379, 0.5741065545533753
0.6202207707425181, 0.7343747845914851, 0.637550505518412, 0.28542977536786174, 0.6335810034152595, 0.9269977131868142, 0.7942459991686039, 0.20676875034114583, 0.8172846000321171, 0.8783657888549107, 0.6513051383671183, 0.8214667842679008, 0.9100536484978812, 0.9485498375281596, 0.5487280665482392, 0.8387768998895513, 0.6609845824862155, 0.9152374660107564, 0.7155191421791082, 0.15585841311914417, 0.3998401114036484, 0.06829247907450531, 0.09905767983085623, 0.48278601741384797, 0.9155054349071656, 0.01734139100068599
0.5045433929799905, 0.5743947116638414, 0.7189944067225258, 0.5865444207060048, 0.12536813849724537, 0.31516670329910934, 0.6449152131422504, 0.4474969187500283, 0.6794665215301685, 0.840497015049768, 0.577238072945947, 0.6122343022676684, 0.888571237526106, 0.5190677845285813, 0.9466455791176507, 0.03764192136019262, 0.562548929600251, 0.799457614130143, 0.7064536531890864, 0.5570983500259119, 0.02481069109062195, 0.026349716718752303, 0.14663451958316798, 0.7142412180714419, 0.7370984204258539, 0.8310798078833755
0.5561937262357535, 0.851172088466441, 0.9945601305177619, 0.7146748569161512, 0.42358502604140513, 0.5080017144996789, 0.3022540501667924, 0.21865019235568572, 0.17459748850613088, 0.8330562133849977, 0.929522511933831, 0.655854204419699, 0.3429076770627769, 0.8096610081497762, 0.9848934787281352, 0.6399207158701952, 0.6648074567314299, 0.8734711563293611, 0.8491235706027291, 0.8412795284078853, 0.35881991878566344, 0.7702976043530351, 0.16177965952610773, 0.9330715533236957, 0.1273871264808638, 0.8504550555430476
0.837495931397499, 0.6819519863070527, 0.9255275232347695, 0.5039665890982578, 0.002904438839998469, 0.971890186165975, 0.1720308165577742, 0.9912048455729241, 0.6485320100681701, 0.3134004366313776, 0.5346390738682621, 0.758757417200245, 0.5249403432634933, 0.8229030688250074, 0.5694864812955125, 0.9461886164211786, 0.8967387578578023, 0.7529749130663419, 0.7347376081441689, 0.5592396414393234, 0.2910495336155623, 0.9378952148890699, 0.17673659249670337, 0.04277448873075218, 0.29211039636730074, 0.45850941812278745
0.6667368853014575, 0.7514487956900513, 0.9778948903460719, 0.3950769348513732, 0.75255628730743, 0.6219293737398272, 0.644211210831232, 0.48494722448864414, 0.9129135015854596, 0.5806073566548079, 0.7645373145555818, 0.8290798543710555, 0.1649232023238738, 0.6557369103490165, 0.8721796556402907, 0.2808837905808351, 0.7374487448524072, 0.6448439270922449, 0.9761294837055586, 0.4016162509138519, 0.9926975752385708, 0.8818719879854499, 0.681129826917429, 0.30308535049298335, 0.8516403941769597, 0.3761371190227506
0.8330050367524559, 0.5661900605744524, 0.9805583141925396, 0.8590597490514419, 0.06279915660280011, 0.6494992181174774, 0.5892611180417472, 0.6464633097921734, 0.4450908044625326, 0.9271187263116275, 0.6224549095042298, 0.4992932048999852, 0.8480892567816228, 0.7684275658182049, 0.6222555354788952, 0.41301185836119814, 0.5215962265817196, 0.5744076944119693, 0.8773816810166498, 0.39984530670133867, 0.07433937451752337, 0.28289481095681057, 0.18709853554659195, 0.06270587022031571, 0.5961536668730516, 0.9510944587113502
0.9614644481849179, 0.6185092005252326, 0.9561867323498797, 0.817156429699533, 0.30847834768979954, 0.9096719936882909, 0.1470048754607428, 0.4139485482312143, 0.9836045620662375, 0.6172877119287503, 0.627371538971877, 0.8063944239124685, 0.5294654386614565, 0.8259785292648631, 0.7771585340745222, 0.9330913965603044, 0.7638477581948503, 0.524982383095538, 0.538292101062309, 0.5971766339767414, 0.26704422860191446, 0.9628106705566056, 0.2740641562119891, 0.5103685283984365, 0.47286017281479054, 0.22270507121669159
0.5647192928946961, 0.7866287624972196, 0.5505114276680629, 0.614727704431311, 0.4370007237413065, 0.3805506751013634, 0.9027880790138414, 0.26459400545903655, 0.9800413888678077, 0.5633970374185023, 0.5953922375174721, 0.7552304343108188, 0.5121550798746254, 0.6305506284787581, 0.9880238291904404, 0.8447044598380122, 0.9116642860959243, 0.6031626890903711, 0.5250190875975012, 0.07422616336608368, 0.022886807520172914, 0.9605569501559036, 0.601407989438941, 0.017582757094490864, 0.5865761399121887, 0.9907195088774441
0.5060982622717548, 0.8335819040956998, 0.8181665187527415, 0.7714456753567573, 0.2851586802475309, 0.7027759854043891, 0.10368652473516737, 0.0914160163887966, 0.7906927433430212, 0.21618926828181517, 0.6263404615736146, 0.5383222171572031, 0.0543874631841057, 0.7277364002709134, 0.9267185169954811, 0.5912631911531053, 0.5590905550623579, 0.7600050541627993, 0.6941200430581578, 0.40326723060498004, 0.23488629326534793, 0.3087753457766381, 0.3319811959415203, 0.48602082066134655, 0.8131074617716054, 0.24456720577084268
0.9630131654501114, 0.695818352424846, 0.7693212662343467, 0.5890861067481308, 0.3876447351445066, 0.14444209244113682, 0.9609389586945691, 0.32941630536205724, 0.9117193156648218, 0.2658680662806667, 0.5388137481653142, 0.5701241888623948, 0.7154838879332177, 0.7900480581290924, 0.6355484245552371, 0.4604554773293268, 0.6405758978908551, 0.880526825893342, 0.5176374843296727, 0.7290674268950362, 0.20354266432650148, 0.7593828380839603, 0.3272586499437128, 0.8380983173896602, 0.6652258922514387, 0.5879201128526794
0.8666943223737336, 0.6420223673209305, 0.7980503987785432, 0.9043291466885566, 0.2040568494560766, 0.8608029419370226, 0.3544379752587592, 0.8502322314956513, 0.06628426233445073, 0.5984745338619615, 0.7566331374659684, 0.8269208408563908, 0.32149228101993643, 0.5047133496542825, 0.5294434824095384, 0.5198168890247531, 0.6877191160171013, 0.8784493509220008, 0.9284207359851209, 0.5926557779030892, 0.020412215215102614, 0.2941730162516659, 0.4658440025071223, 0.4800687905406379, 0.26011004998213927, 0.4855388419989277
0.5494086961477106, 0.9031522327064462, 0.5927429105259814, 0.5108262956066357, 0.21259466837364593, 0.7660441652884045, 0.12454702325329237, 0.7612085652926733, 0.057231360314092594, 0.9308721746793017, 0.5402964884529797, 0.8480775382706053, 0.5032598202265103, 0.9736879772074799, 0.7696074327154323, 0.5319782014646001, 0.897728597915883, 0.5677042556844444, 0.8059289295242437, 0.9546238201057202, 0.7384965321626044, 0.7415749370263363, 0.9659138018643528, 0.9758709750857862, 0.12087356195513399, 0.1931050321088188
0.777870581448743, 0.554919924578482, 0.8259274031819442, 0.8876361954275839, 0.018927110701507543, 0.9117581537321324, 0.7318071617019972, 0.5141122096584642, 0.08148585317641732, 0.06433893862427353, 0.9085714864706832, 0.6136635145411443, 0.6247727262422283, 0.5346486661189657, 0.6401998065358052, 0.03970009499149485, 0.9230652645541543, 0.9329683299666921, 0.7898790402276947, 0.4751524767428629, 0.6744333354836938, 0.8590899199590074, 0.5770805005580468, 0.6558051894992066, 0.07315882338423285, 0.1242479494260349
0.7649957570839013, 0.7571547534142052, 0.57920491051951, 0.7179373360519603, 0.2811601426061613, 0.3929995569752748, 0.4378269512800954, 0.5681338363165941, 0.6190383247457, 0.9409741871765666, 0.8934543674302018, 0.7490454689667085, 0.8235629896703015, 0.6962661974742846, 0.5936783485164108, 0.7043213687617094, 0.75322561491209, 0.6512700162945897, 0.8545256644305356, 0.3257638235799779, 0.7266891434100847, 0.5664516198294448, 0.5861339421999391, 0.005897514459055397, 0.9415364544016681, 0.5494845510287343
0.8327208302668174, 0.5360650057968512, 0.7698788361197952, 0.9763265612417107, 0.17559876355206117, 0.09086996402894654, 0.57280161483947, 0.8843204669544552, 0.4300571855252203, 0.034885769646651243, 0.5871716799130127, 0.7351048744539109, 0.06671796002656838, 0.6862289544597047, 0.6720389757408015, 0.21370815861154313, 0.998067099952868, 0.7969858413686693, 0.6575312214505398, 0.7976764489739249, 0.30183835667685044, 0.4096255215268162, 0.7058369451615362, 0.42008337700907195, 0.9952072221473307, 0.831981646639137
0.6602071732782414, 0.572569756950715, 0.6132300075314742, 0.6039611553605708, 0.02293427289920069, 0.20912971431759286, 0.23409034571922527, 0.8814256459509126, 0.5500786810488699, 0.6543274966261717, 0.9415752355864566, 0.6846970091835201, 0.045837944299787936, 0.6742567000885993, 0.7111615419576796, 0.5907079079016626, 0.8975390844403068, 0.635494906599979, 0.8203180999804089, 0.624700306017395, 0.3461968964357077, 0.202227120003296, 0.8406866193770575, 0.25393053005722, 0.5261956221208296, 0.542465186537046
0.5211869227933158, 0.5848416748468229, 0.9028314963353503, 0.7833054426011885, 0.25242515213569006, 0.2836921765629663, 0.8604795039556065, 0.5783772292519116, 0.19733536125597873, 0.6942884702661877, 0.9578221944326404, 0.45663763883585373, 0.9085622526979742, 0.6499101774825432, 0.8137737210052722, 0.6480703684912187, 0.9755513516747611, 0.6208517280589175, 0.6250986946549772, 0.6332596428372362, 0.07587038723477535, 0.2428648592834115, 0.18960400084943085, 0.9753678689085796, 0.6474135637250655, 0.9407461116990401
0.5696089731660622, 0.5665877973013853, 0.995273388831881, 0.9948097763026333, 0.3013149532532533, 0.16233417590591293, 0.15612094544222588, 0.31015093552597617, 0.051447315381037084, 0.9404747666810761, 0.8242351617431384, 0.0047018452589607795, 0.756090433554663, 0.638425295002836, 0.9403245814644139, 0.9061158645475884, 0.7907756561816204, 0.558212871379618, 0.6680753628518726, 0.5629431078913782, 0.08976670227844885, 0.8043259352020731, 0.7456640051444982, 0.6963163152850851, 0.25931403754893856, 0.22330408986783457
0.5163772676562107, 0.6468319265001132, 0.8995791315460566, 0.10071002228349935, 0.5698209215478189, 0.5345927653647166, 0.9086451588689192, 0.9402432944656782, 0.12564985455326438, 0.0753386250435335, 0.5490543681197113, 0.9558241219422139, 0.6349275014888898, 0.7460695407214812, 0.7937028919802923, 0.27645862745678573, 0.9734638054871674, 0.8416438746349163, 0.879442258056424, 0.048934361384306624, 0.43253318027401166, 0.652777899522268, 0.7048986291067532, 0.021803497326315258, 0.9402800107958948, 0.9227666602911048
0.95541845549405, 0.9083483195252634, 0.86646590550394, 0.686984740580661, 0.1564998014003427, 0.8270599558327628, 0.7119597481191645, 0.3392285398997209, 0.5517565237937869, 0.46910087681729695, 0.671578555527295, 0.14704347812210694, 0.5284257317223076, 0.6348603216537958, 0.5699419839581525, 0.6090419284240668, 0.6885385630367078, 0.9476886638217737, 0.5908031484083867, 0.647937797303434, 0.12382202183589208, 0.0964373986625977, 0.35240382850019225, 0.20963698854333113, 0.8870909742548795, 0.8077013327775207
0.9805267057499434, 0.672877534681325, 0.5481866954097612, 0.5018605878346404, 0.28930202701561936, 0.3708546662569431, 0.45734334427985934, 0.7983963396032434, 0.08501866119724288, 0.5565099092853287, 0.6454527647615964, 0.5097462918908721, 0.4866588370280329, 0.7281226520030433, 0.8939392629598094, 0.21604273312453948, 0.6718105117357094, 0.9818099772165942, 0.8111603695234666, 0.9858307532020573, 0.20280833005117982, 0.5296049209715284, 0.2247105116636764, 0.7078007801987143, 0.18015248315094612, 0.09156572098933846
0.6801815791255719, 0.9884555087938848, 0.6608427839949716, 0.4833684300038441, 0.7234166242120572, 0.9544652651705953, 0.642588715071113, 0.6254460287890519, 0.2028583247363066, 0.5967987854673079, 0.8374375475410506, 0.8983027407900833, 0.4181543530938485, 0.9441638602104262, 0.7661430915908827, 0.8318479221039129, 0.9105402887548, 0.8548555135339854, 0.6574276653577739, 0.9244877877230562, 0.716171478634022, 0.8500069240208614, 0.5604869843941069, 0.07708159257103886, 0.9655055594651905, 0.5719853396943111
0.8037459402694911, 0.7117720193050162, 0.7889441050186702, 0.7007068841781191, 0.4171179203572867, 0.388768705521493, 0.43131345315155667, 0.46313388722279947, 0.37283333107021854, 0.6649945237640699, 0.9103347859213669, 0.8577220884927294, 0.6899767730110944, 0.7102419511331003, 0.5671691620117125, 0.5100087730686986, 0.6086111118789704, 0.6218954357480041, 0.9755397542917624, 0.6897644104073677, 0.4002166226098254, 0.9644216036584248, 0.06399062447746884, 0.2597018693460702, 0.5016004839490933, 0.6614262184147861
0.6604967677867521, 0.5677119255429273, 0.5959446384625487, 0.8305179503695365, 0.2805518483424433, 0.5099200893041193, 0.5976172166939576, 0.5088195465750541, 0.08035101461640026, 0.4115291717535223, 0.8848298016733326, 0.8689462895283621, 0.6504064783734704, 0.6279800509836128, 0.9035918409907476, 0.12556328554960228, 0.5879545506179706, 0.7000247870659615, 0.7333921755797083, 0.9631377431033077, 0.4136053876140059, 0.037764073173955026, 0.1494635700825624, 0.7716501776646016, 0.44183002880635946, 0.3078670644370426
0.5031074146525178, 0.9331294197963116, 0.5049710081154823, 0.9544488470832795, 0.19177912903853034, 0.1859949532536459, 0.2846332842849928, 0.9145527557087753, 0.37900726778203886, 0.12161752277626936, 0.5575318544786313, 0.44451656856276134, 0.9870374868958942, 0.9751423598027654, 0.683215372628, 0.3285875580707568, 0.6452751929354179, 0.9467363502023877, 0.7229066892929423, 0.4309355703405381, 0.25846594042656645, 0.15893169532438456, 0.10695907357062318, 0.9339492372269205, 0.6696630354400802, 0.09266908259719209
0.6477211176113272, 0.8967702149210361, 0.5570880560333563, 0.9610021395452594, 0.10945113315316157, 0.7619458889944168, 0.7391872645965741, 0.5956361853284181, 0.14459410627829206, 0.49014954318079196, 0.5009721623784256, 0.038897559922982494, 0.973287879907293, 0.5115016434685231, 0.8991641719227284, 0.025714704668607924, 0.8073808469184808, 0.747782637586896, 0.8148283935730497, 0.558720050831616, 0.45735383974010435, 0.33454499432043294, 0.6342645962712553, 0.3619596312677964, 0.6707559300112466, 0.13745323470190185
0.809967745856532, 0.5179101460203367, 0.7981371510369045, 0.9092766924817687, 0.3328400408452673, 0.19320096661974495, 0.22874210847355747, 0.11918960403037371, 0.7904421249308456, 0.815616571634454, 0.9605906714572532, 0.9342022837328762, 0.22501824868301679, 0.6209957020071327, 0.5464504794777806, 0.30401334653568446, 0.6154363180433692, 0.7968501117310709, 0.8325427643791801, 0.11131952937283296, 0.05786626644870618, 0.8585413473649548, 0.7281312741836985, 0.6452728270434968, 0.2514832367159343, 0.6809245228249824
0.8729247792829887, 0.7695055779331724, 0.9817296564869217, 0.7673664402984276, 0.2014982525748542, 0.10906117790800218, 0.5643399618130683, 0.2329283921846409, 0.7489398888982484, 0.6201533168622738, 0.6059280967865401, 0.6136977086972507, 0.21224666597733943, 0.8597530414082198, 0.7579186731656004, 0.3193483774894448, 0.9563707130568261, 0.8280318258522604, 0.817719603955615, 0.9823811818055541, 0.9885511452197563, 0.8153642652113466, 0.8589287197261596, 0.4178217876929752, 0.6620340840506245, 0.11996882588257451
0.6602668530419625, 0.6154460941320723, 0.6609816916286575, 0.6861088969531044, 0.2492668009647313, 0.7636899052750119, 0.7783445199361034, 0.4412867200254409, 0.7584438089808964, 0.48797632726857454, 0.9071037273181869, 0.001220474054400067, 0.6981053759351554, 0.587824971816002, 0.8753298534059845, 0.33570611226547575, 0.560334566082456, 0.6167174965356187, 0.9141111080125638, 0.37378141647581453, 0.46899744784605946, 0.8044688404149317, 0.31999431326340655, 0.1471340404517768, 0.2622576478608859, 0.2698928991546332
0.676789166316679, 0.8065120624533088, 0.7616520605702412, 0.5146943022417994, 0.07589212752902996, 0.6605330062352033, 0.03396053660128351, 0.21567880322654365, 0.5454795154344396, 0.10593546192603531, 0.5874164978916677, 0.9751312952038234, 0.2545167070776312, 0.6942995431338174, 0.5560155618615933, 0.6102009296054485, 0.7031601552386267, 0.5783993278819708, 0.6310861252686132, 0.1298933796504096, 0.3796960635717074, 0.0069993900865620295, 0.33247503195622474, 0.44373621889631654, 0.5715597947744858, 0.4469795327436714
0.9286684444830141, 0.7669116713922063, 0.5627994000288418, 0.8943291817394794, 0.29548122385929454, 0.6442534685836507, 0.3090182033901412, 0.2808756185431893, 0.6402530478479054, 0.3562505120403865, 0.9703245506722123, 0.7820058186285187, 0.4635713682327618, 0.8252723394057359, 0.9848693305474342, 0.9537192979323235, 0.5524708943376014, 0.9767544295169525, 0.8043182569789915, 0.8434093445901941, 0.361039892976303, 0.4552287616777252, 0.5730083424266542, 0.20235458295948838, 0.9188666304839245, 0.7559248705174751
0.6541016721044888, 0.7241697826678285, 0.6079608121397623, 0.7926181206569538, 0.3752541741009444, 0.21586846773093415, 0.14539602665284979, 0.203250760730308, 0.3610544718189187, 0.2769213877090151, 0.7176532675459417, 0.9023396216902443, 0.626974795213637, 0.6845947723327879, 0.9008739870831917, 0.8277737194839042, 0.644375996129383, 0.7807221999443392, 0.7017821145525778, 0.22946407792056933, 0.29795501457192564, 0.35206669268614044, 0.5970737388765536, 0.016453347853762956, 0.9226855829141895, 0.20738593663789973
0.9089699584425328, 0.7293917468300667, 0.8913463300060285, 0.7197681977560313, 0.21070082665065482, 0.6706122699949174, 0.0368950417193844, 0.0038937853597715844, 0.5454521825077849, 0.5742799489605066, 0.7048903551210338, 0.7694692080854607, 0.07735542738319567, 0.5854914259173758, 0.9315077287947847, 0.6849568307164269, 0.5959117951052574, 0.6367534885206999, 0.9214966905645212, 0.9962341656267013, 0.05287233832368721, 0.7203016424231139, 0.23658067547181283, 0.018403336302667217, 0.06046604466329941, 0.4712401625238156
0.7666137517521885, 0.7413453396725582, 0.6442687298215094, 0.5311236602605047, 0.4765601584046666, 0.8530903518448777, 0.4959980664916398, 0.3173150009198198, 0.8936762026717106, 0.8219291918943417, 0.5130958242916125, 0.7644013535743084, 0.21881964048327662, 0.7306274837447968, 0.9098317175224947, 0.3884352253038704, 0.6941632922488924, 0.7087241609860193, 0.9790571555189941, 0.07596033583185025, 0.21420857489894574, 0.9431134212323562, 0.9393056105675056, 0.6755405622516639, 0.052535601259533826, 0.25367850575118
0.6293104709942269, 0.9966847585966904, 0.6552666773985398, 0.5543614756692264, 0.286782196028853, 0.9257544762089065, 0.27921924618151406, 0.4333057908807968, 0.24652067310785253, 0.409141345021545, 0.8926937210472002, 0.28919546937518537, 0.6726543263982744, 0.8304271638714766, 0.9992422034356951, 0.33554814888993223, 0.9376775854212787, 0.7565424310165527, 0.5515378451852622, 0.2649036101107721, 0.14025552840743571, 0.07660196392459706, 0.6635247423363417, 0.22105400374126083, 0.6191831374118656, 0.04933116890903044
0.5020771194776306, 0.8431925892743843, 0.5684531593805002, 0.8449037330401333, 0.4840500004756777, 0.8426287531726101, 0.5038012370163857, 0.45465732855403895, 0.84826201428244, 0.9610804531071255, 0.9941516601356576, 0.4960368490773468, 0.5172397662518045, 0.8524003040192476, 0.9888675548039657, 0.4750842310770158, 0.7317111779593426, 0.6177626739209521, 0.5753250405524036, 0.4309494383922785, 0.012470842899044432, 0.10411051300878604, 0.0022076640645338763, 0.13576994833423528, 0.7478353217655397, 0.017110542223802927
0.6064166300156456, 0.8741319379660153, 0.9213903213228143, 0.5397687058033624, 0.014231453562422614, 0.26874713111344317, 0.787247164160921, 0.4117491046504197, 0.8484368394776344, 0.6612049079413075, 0.9670319235108007, 0.9599431288862741, 0.6659214808696555, 0.9642087895580653, 0.985596149617633, 0.8480469933893016, 0.8568605662432865, 0.8504670647933767, 0.8827447613084441, 0.9749601653024729, 0.1073901730105078, 0.9312929489396204, 0.15832268658823645, 0.6015298720679446, 0.007847531035784505, 0.40508274072323824
0.5091075758873695, 0.8088450967185271, 0.9465509170191, 0.03979262240891546, 0.7903858534729797, 0.6145294612884261, 0.9580833560016804, 0.03239307534463909, 0.8033856477549873, 0.6308764870075608, 0.9339446784547265, 0.825502113137446, 0.667482901420066, 0.6432535744790877, 0.631542425584859, 0.6613631991415259, 0.5237079118539105, 0.804402529647733, 0.7716748416542923, 0.35517736553661605, 0.9436298284897955, 0.8380778484672654, 0.7694149227015882, 0.3147045759536764, 0.7615858060301374, 0.14315563686124155
0.5719188706949168, 0.6513170802870256, 0.8602239965297092, 0.6820300174523969, 0.06948327661901621, 0.9643479776929473, 0.08951233800771152, 0.33737152072896204, 0.9167044678723582, 0.940339674221528, 0.6716639603342321, 0.023498221090220484, 0.9210165028055415, 0.9844869513003385, 0.9783084118421661, 0.5814085676154318, 0.9673386062511522, 0.5313307884978528, 0.6867580927943777, 0.9717009781331051, 0.3595552640306888, 0.2161351715125045, 0.16684746710979925, 0.9286769489830552, 0.7777394998302856, 0.255340528068034
0.7456828471699396, 0.6010014781374128, 0.5604856204278464, 0.8472017184145042, 0.4049832923534771, 0.17314050575394646, 0.05448342339335688, 0.1903528481948652, 0.3249158318465688, 0.4251982955517277, 0.6816145415482565, 0.29872277514586465, 0.8845750953821324, 0.6221507182511455, 0.879083608426928, 0.10954319214697739, 0.555676473552799, 0.9330348343559781, 0.7777408960407802, 0.3815012603461686, 0.028479865973573992, 0.8114788952715783, 0.2197434886000703, 0.7669040405643435, 0.16890282618883246, 0.32221925631990345
0.6378603069962193, 0.5651317243560718, 0.5095659400025383, 0.6033917104424845, 0.4434099195205813, 0.5172626635471681, 0.06019768939475678, 0.5742377842636218, 0.5071885865502888, 0.2391138152770833, 0.8799212756081273, 0.023632041930599867, 0.9998773093941052, 0.8141997257858187, 0.6658451523106615, 0.6568072653255259, 0.9550785266479003, 0.5385813795947867, 0.7924105750894934, 0.2770209082035979, 0.3778220836369224, 0.10223755091249742, 0.8837538568262948, 0.6486185900519273, 0.17392987048717723, 0.2617478117035915
0.8819571375560958, 0.5339192240481652, 0.9698612553213001, 0.6089853202205292, 0.08917566745328387, 0.42324556790799994, 0.10147415272254945, 0.5166999075139016, 0.26460793504715796, 0.06602303638000628, 0.5839562130392107, 0.7775993974030092, 0.07879601291888316, 0.7552973508886295, 0.6625446847715633, 0.46798852549215264, 0.9614220308462015, 0.8982515205527105, 0.5432121788576243, 0.7087378802105143, 0.11270979834196426, 0.1689524747662241, 0.6816996142878324, 0.25296646309838156, 0.599451562402193, 0.2764375754358295
0.8401399725797402, 0.6328226187934018, 0.7791354876868448, 0.7497665956055722, 0.4839770200460034, 0.35383097916078443, 0.8447010496882711, 0.02110767186994167, 0.7400969828528342, 0.1081369694883958, 0.9508667123690575, 0.8883568892037261, 0.3036222582812198, 0.6637806024911717, 0.6258619454643976, 0.030530606810020178, 0.5594104268080557, 0.6658787833183702, 0.6459584179431266, 0.1729297384509344, 0.3917379614080242, 0.08819371496473272, 0.2940503488978844, 0.262224669453197, 0.4500272024362132, 0.7186549765476311
0.5076264039148728, 0.5498713563110816, 0.5212246041619769, 0.9265838698549648, 0.03482931884496765, 0.13672285652777627, 0.47011315138027643, 0.1096610476307408, 0.5157215716940567, 0.9206930303830041, 0.7053851736926539, 0.850234532865613, 0.34294827233937897, 0.504629669688253, 0.932460022244107, 0.1155982187576865, 0.8534817435970966, 0.7948579065704218, 0.6804885276633146, 0.09848714434233963, 0.1148591091174983, 0.6904005473426832, 0.7238649485152517, 0.3951503499807014, 0.6155471416096819, 0.8110660343446955
0.9371376287470792, 0.975465929759108, 0.8443972179932844, 0.425073540753657, 0.618865406613629, 0.5769398458593336, 0.8892992934565148, 0.13393225573505874, 0.5904173387904222, 0.8693401402113652, 0.6091091739707222, 0.6076695201503892, 0.696915894493944, 0.5872934761840218, 0.9029267900269748, 0.358443243595307, 0.6969061371489774, 0.5473381389877311, 0.6873792040480616, 0.07682415424344902, 0.1097966900340176, 0.4053385146697396, 0.12891052162211536, 0.4250308376604214, 0.5888932712061516, 0.28973394978416656
0.5797600446614298, 0.9633340703932409, 0.5058588806538014, 0.6716133667537918, 0.2717448088726765, 0.31834883241218304, 0.24535259594439018, 0.5024579954746049, 0.32165466583788993, 0.10451763712999795, 0.6296385222348091, 0.8975982045961586, 0.8481329211517631, 0.5602305214783985, 0.8116669341088887, 0.017294245575079636, 0.7119617737513965, 0.5661972630414915, 0.5179055406597661, 0.3877017728352856, 0.84491948742619, 0.9401444545378548, 0.9541823342108453, 0.6015707090695268, 0.40075135701142794, 0.7275907987535932
0.7385144103464346, 0.9248818174336583, 0.9052742729056243, 0.9565814859997174, 0.3331506728224838, 0.8935205898923927, 0.06265922361448828, 0.9535956106831812, 0.9881207325690528, 0.49543343678081575, 0.6621865485811073, 0.6805894012978927, 0.1913645721764421, 0.6287279131754381, 0.5324559113350903, 0.029338060915076847, 0.7487895129154601, 0.7373790165370954, 0.9163315608709524, 0.1211315747020093, 0.5559921512441539, 0.998283537882588, 0.6551147799774044, 0.11184493622080793, 0.561947529091849, 0.3935621252470397
0.6799639200728321, 0.6157415348654681, 0.5056037089498169, 0.6016406924152159, 0.4950794482712142, 0.39562162296501224, 0.6791415611405379, 0.37047660310280406, 0.6729786391536978, 0.13804070083028042, 0.9816443014229133, 0.7650036826750829, 0.7789605953159532, 0.8925205457676121, 0.8700993925319996, 0.5100953530498389, 0.6743738785679863, 0.9076366381332356, 0.7243690234317495, 0.5398925992507136, 0.10913268783866403, 0.4055483650902666, 0.03682695150522852, 0.7415987018070554, 0.1471139111634756, 0.5386179860879486
0.963124023128104, 0.7711815941766433, 0.991530687818537, 0.6538452018571204, 0.06370887557406091, 0.2724043824190655, 0.6042724936943378, 0.25865442787194115, 0.862694551535496, 0.8350857456301767, 0.5979786629800684, 0.797113116845162, 0.14112693155727474, 0.9187476208630881, 0.5389283745486981, 0.2975589698169335, 0.7402953053280468, 0.7635428697955402, 0.5924945397899929, 0.2387110625848039, 0.048544735517207505, 0.6220025651682206, 0.364173159647299, 0.9090881054598866, 0.7748857661607289, 0.040658795375882684
0.7370173653777479, 0.8660649282816824, 0.618764979564954, 0.2788251386616285, 0.880902839216044, 0.6557926459969529, 0.5937499516884678, 0.34768969435659614, 0.6604624956360026, 0.8332398956446729, 0.7299114122877793, 0.7998783574122048, 0.7824999711555171, 0.9248898443020552, 0.7960273058994223, 0.1803700620657156, 0.6644526007357867, 0.9499414479275795, 0.7004632053126253, 0.4105557852724, 0.3199419196286992, 0.23907697908772907, 0.3591102563669851, 0.4829081998034219, 0.38314277379404893, 0.9949981772208965
0.9853206935330726, 0.5035528351881379, 0.5688692198743078, 0.9020904509214616, 0.4253518107399499, 0.6136968960697569, 0.1977806019331183, 0.25910633372836533, 0.580943953661569, 0.4342120721547267, 0.6158551694824973, 0.7439504653895319, 0.43351396485189597, 0.7824565800560342, 0.7344874397669798, 0.45918254229026256, 0.9986995429685356, 0.9367235677744564, 0.705044714842326, 0.41383710391192396, 0.5257907353467643, 0.9485924422175561, 0.7699507075267352, 0.7582342688606171, 0.20707053538005904, 0.8536847124605641
0.5239099588469038, 0.5913355073864364, 0.8271526660793558, 0.791199845377607, 0.2701019700393954, 0.26836045122287655, 0.9517821180538442, 0.8445172996838822, 0.11891314615217619, 0.9039220105536726, 0.6463997182518815, 0.7958558316095014, 0.17234608153721098, 0.8166550258562795, 0.9329479547073554, 0.7303119451953358, 0.9789343037181676, 0.6668446708783239, 0.8140361762313231, 0.2509216028225836, 0.4213649852701412, 0.24552721855691695, 0.2747428936070818, 0.9399753812414463, 0.4542513305926389, 0.2128503627662608
0.8269300823844317, 0.8746597987211286, 0.7333069836150972, 0.6061173803551131, 0.45501377356055206, 0.9631154726680785, 0.666168075283532, 0.7142893463090253, 0.45301989341180693, 0.06393462984862797, 0.9498489149736309, 0.5311073356454089, 0.04369987647986884, 0.8764522359560981, 0.8890849156586383, 0.43589109436185436, 0.575298322874097, 0.5111455310574032, 0.768352018715175, 0.12549582737571052, 0.4801709540292489, 0.9529256674860279, 0.4421251602841487, 0.9915790048096766, 0.5935266336377123, 0.11826909080130665
0.8631102312825416, 0.5961200480235369, 0.9274170020733907, 0.7466642630394559, 0.4494783783044275, 0.9588549003601464, 0.03336897057227506, 0.8689364108998733, 0.6849063639599582, 0.5278121134274908, 0.6165904904859861, 0.7342485010759258, 0.5133248552606972, 0.7559956733353554, 0.5452060585232971, 0.5310117756297444, 0.8147705765017869, 0.5194496460286987, 0.5203775508083952, 0.03233607339314659, 0.3830827997171874, 0.14787559345868806, 0.7213649757596269, 0.4386559134261978, 0.8909875444425098, 0.021816644949395836
0.7636316006886364, 0.8902539006427261, 0.6578374003678594, 0.9165759914867132, 0.2653431013206855, 0.41835366767763627, 0.5027502483209673, 0.9107219099375155, 0.33293970972670384, 0.18627374774534022, 0.5886450789153003, 0.6630888350534876, 0.1340527773494129, 0.8023487282136246, 0.7162816122592534, 0.9091712521931058, 0.5192145337487685, 0.9022291069802195, 0.8169461429939038, 0.34481270444902146, 0.1344978556382722, 0.19847889799341079, 0.31008481972351853, 0.3899851913528385, 0.04624021581039939, 0.8548520987869709
0.5199190698771012, 0.6551199566026941, 0.808404476556617, 0.7492435992122156, 0.328138225084865, 0.8136155081865405, 0.922008369827331, 0.7597444806122161, 0.08053052794257642, 0.2941467711630249, 0.5576950908719102, 0.8520782754108135, 0.6451177091722924, 0.9162890842636381, 0.6431876421069815, 0.5204932538479947, 0.989907096838764, 0.63419905790681, 0.8233049866070729, 0.7418189384339884, 0.38267150925195403, 0.8181467783902217, 0.23098030621578203, 0.32804550336525184, 0.8924093542001669, 0.7169867925299386
0.5392715825272058, 0.8260765963001077, 0.6759158712356932, 0.8768162463856609, 0.11498546672020504, 0.6437470044970796, 0.04229953082650173, 0.4102174380849861, 0.1562969237879296, 0.04543073966860589, 0.5278164198578467, 0.8277948259943483, 0.8155722953061975, 0.967993596663285, 0.8414763187100776, 0.7443728095890739, 0.6707963520420908, 0.8702229680079555, 0.9016728037331836, 0.34470174873635895, 0.2795196169199712, 0.5673093130278308, 0.6447755925755352, 0.3333288288318883, 0.8903837424930023, 0.17674640329624336
0.8760345309932095, 0.5357445126750576, 0.7786903542762449, 0.757181516353933, 0.2544567807693856, 0.6943348845669373, 0.21843393042264836, 0.3634743440744177, 0.44026477231369376, 0.21621237236638313, 0.9272117630082276, 0.823210681339642, 0.222116281708869, 0.5837954949143398, 0.9038853757027057, 0.318988167792959, 0.8724157018652198, 0.8356302296300699, 0.5817737599335029, 0.5336750660706929, 0.3698357596334537, 0.07080991203319253, 0.40151222925540275, 0.11536062871925767, 0.9326649193594758, 0.4929198465902448
0.6647030587764793, 0.6653850395772312, 0.74859447221204, 0.987293766678692, 0.4022179612161365, 0.46368948338028815, 0.11828443404985556, 0.6475723345647352, 0.21333228117755976, 0.3224855795278381, 0.5171740462512223, 0.9663707824730157, 0.5073920756156844, 0.8617508293072146, 0.6718731094811107, 0.5229671275882551, 0.6006295784293249, 0.6798296613989085, 0.5860430087460657, 0.40812660212305285, 0.30283675459020065, 0.6862108042580244, 0.8088022026657126, 0.4118505022599962, 0.9672892587060462, 0.5913067661873715
0.6972828473401629, 0.8519494728103326, 0.5213780639151757, 0.2878225138560875, 0.908359248765836, 0.8988870426469703, 0.9349449778650928, 0.5842730993162838, 0.47450281050665566, 0.48004214764060804, 0.8698385667331163, 0.11633610510368608, 0.737192526507642, 0.7716045592223774, 0.9143511591841696, 0.36259320983429, 0.782825611486712, 0.5438438368307534, 0.779284654451435, 0.7256380251239163, 0.21338582209718904, 0.5670535293961321, 0.09160254065794793, 0.5105611855480741, 0.4812515126790673, 0.904743259901861
0.8327926885214202, 0.5442689901168662, 0.5308330186884921, 0.9250340824971095, 0.1171367218951006, 0.7588061709775121, 0.10497141819847344, 0.3586283546029454, 0.95715481410479, 0.4387483566268956, 0.6316399024728481, 0.7395973575286322, 0.9876373866042518, 0.7845995530141744, 0.5121611178303179, 0.5597493301010875, 0.5420710951244045, 0.5724155547128608, 0.6202237416232061, 0.3298863466753168, 0.29060993296461224, 0.8500846967306006, 0.10177912944054046, 0.4635820564024593, 0.8082409517876441, 0.8412837618912501
0.6671960686280509, 0.6484987699705941, 0.5426651664162929, 0.7269941854864881, 0.35185473620749375, 0.8319193908746644, 0.3705588590897265, 0.8814581036946235, 0.9106867193918604, 0.2735671304631887, 0.7402333399487676, 0.7894489109194001, 0.798141530508169, 0.7726460763269812, 0.9260358579571809, 0.8332782687131061, 0.567071335940358, 0.5043955817889687, 0.6457335280565003, 0.5731632785302112, 0.39288851392049384, 0.41712198371608533, 0.5799414626970532, 0.17419607420164296, 0.8905404391079128, 0.06764952418348058
0.9192553455222332, 0.5875112693100161, 0.9829338060955873, 0.6159112933133962, 0.1771045319586797, 0.15661966070633448, 0.50654409182161, 0.31579331764978835, 0.5338845247053008, 0.6623914647068818, 0.5750495807883396, 0.8767253047108879, 0.88651067335975, 0.5873386669866328, 0.8511418195401914, 0.5227053874246349, 0.6588812466345244, 0.9307994887499801, 0.7655161507020061, 0.6728588221340218, 0.1253565740001329, 0.3717998380383929, 0.017257320430883127, 0.3844236379850152, 0.9440710342260201, 0.6537271801003148
0.6430314321738981, 0.7454931449344194, 0.9925923335192405, 0.7519363598048852, 0.2916895600617887, 0.6280033971129797, 0.586137492681856, 0.016180232871753852, 0.6038326754289771, 0.4141370935993228, 0.8895326931428625, 0.7916146998555339, 0.7902222670285726, 0.967543118645256, 0.9135286249029632, 0.9147052295750436, 0.5957448171742162, 0.75953514415269, 0.6925907253226397, 0.4063642193131395, 0.30615132656570354, 0.5939393085080235, 0.09103066357303635, 0.07282185983733636, 0.9207826438766803, 0.8348453126022013
0.6103015249277814, 0.8240205828632082, 0.7000092135949841, 0.6149275513061547, 0.45080379159920436, 0.15975278866306086, 0.0866787305273824, 0.91917673092183, 0.9810393515507156, 0.4236276820652288, 0.746088716488197, 0.3789972624080733, 0.8711515987645431, 0.9992091407120856, 0.6927979742636443, 0.8113335985553969, 0.5466906952938216, 0.6940249453140283, 0.8785760416551657, 0.3756402713133118, 0.6286413590781519, 0.9160165787766923, 0.7542958140556875, 0.5392405506524397, 0.30303338933708235, 0.3218801471210201
0.7048240937647672, 0.5971807008248987, 0.9657056829330622, 0.4788976326595962, 0.5176268563843611, 0.6986491134414375, 0.649661604141509, 0.4353724161771453, 0.9615036931508598, 0.40192738012813256, 0.6606017226502525, 0.10187959988944006, 0.949440172863649, 0.6365764271861938, 0.9432824434039534, 0.4572219999872519, 0.6028903042737521, 0.7324484723071619, 0.5694051539540583, 0.7629035445094592, 0.9792504911802973, 0.9951316303559894, 0.7789832971631226, 0.7377264478558759, 0.19965703281221214, 0.3769063191478077
0.8487732382407909, 0.9585796570759058, 0.9172673137195309, 0.9316373927113905, 0.4577142933522067, 0.9898588775333991, 0.31179438030921625, 0.20283964718369807, 0.9830348021479627, 0.1619259447471405, 0.9876749140864094, 0.5313803662307358, 0.6690194052449047, 0.6830117797214211, 0.6428581286263085, 0.9714917085517668, 0.9180545550495042, 0.7094791222457173, 0.8578205849087, 0.1431597077036223, 0.3322411705284106, 0.22078363824706804, 0.7275757034099204, 0.1800726490592065, 0.6390893529787747, 0.42099179344554793
0.75724403299396, 0.8070796660906326, 0.5766787882901961, 0.5468972306012299, 0.44937635866312786, 0.08385697359742827, 0.06905424018523176, 0.8314549177429389, 0.4220778509339559, 0.947391354090599, 0.8298461274943668, 0.5008660525615731, 0.7302411805187722, 0.9430053902033605, 0.9857315598496621, 0.4260667403488533, 0.9099780684773872, 0.672337161624493, 0.5353408575274349, 0.24467477233082868, 0.04473863225164343, 0.9955511124213533, 0.3227030497162727, 0.43516654891334594, 0.7501682483026503, 0.8869818684702806
0.5974059754069037, 0.9088271922455996, 0.6777444047018717, 0.4543171811531048, 0.5837027951356564, 0.9099932398513306, 0.6529370594776519, 0.6011733153635066, 0.4622954030770213, 0.44192325115677744, 0.65292669414865, 0.2641126363625238, 0.6367587366454727, 0.6687202402253645, 0.6264341179927829, 0.21920483702159932, 0.8740203440724017, 0.8785345529941317, 0.5796434289364698, 0.05081281436332796, 0.6027523771412605, 0.6682273090785721, 0.701611196767493, 0.40581153346225185, 0.5078163333616077, 0.8590823090430322
0.8801434478164697, 0.7410038323314563, 0.6153009459378548, 0.9930277561933974, 0.12999690837049638, 0.8883164152689768, 0.9092589573040644, 0.8495088527317292, 0.14636223159508077, 0.388107810881717, 0.642303966200761, 0.7304190696165267, 0.7342944678633025, 0.6202029461911144, 0.9242974778693805, 0.01219926637004598, 0.9026481555949674, 0.9410228351297333, 0.9847202636196182, 0.06768088222721136, 0.4381768496261148, 0.4672486163157126, 0.7365919822169047, 0.7909181424245165, 0.13681377665530958, 0.016491637229644196
2960.0,5420.0,16531.0
