$x1,$x2,$x3,$x4,$x5,$x6,$x7,$x8,$x9,$x10,$x11,$x12,$x13,$x14,$x15,$x16,$x17,>>f1,>>f2,>>f3,>>f4,>>f5,>>f6,>>f7,>>f8
0.5863434219643565, 0.2591197652108074, 0.30430371876392137, 0.7041884662248725, 0.5559118376105552, 0.6167004815212278, 0.5701765126788101, 0.6355929000267996, 0.4595216553110939, 0.6790282918345338, 0.5849245625797115, 0.4118699339920536, 0.6596374858044162, 0.4495290035448391, 0.3653525589550455, 0.288775182487898, 0.7075563274852927
0.43396776598264347, 0.42666327774904217, 0.1921337685554414, 0.6182220498079513, 0.5651137109082128, 0.38320841038921627, 0.6470404400048649, 0.3567044876781527, 0.5749164857499275, 0.3054945023568312, 0.5214896760628304, 0.5597039580148259, 0.5012781267960361, 0.5678844312632927, 0.4449148820513238, 0.6252545054270168, 0.58245487936321
0.3822913740542951, 0.6397814466454705, 0.5275000604489606, 0.5280519436500074, 0.48737900487712077, 0.4787240644191419, 0.4381790746017696, 0.40146817638203325, 0.8557732989503385, 0.27240918890565335, 0.15249876728575695, 0.5086003285186625, 0.25987635263488773, 0.3646099226452686, 0.36994721342528036, 0.3905801910626196, 0.15803313916779715
0.3499584097423103, 0.5535002469208274, 0.47588853574276474, 0.6048872842971276, 0.2730780232228409, 0.6949629664141316, 0.6791063521154368, 0.38517387230469013, 0.37901731801902194, 0.5994645661212396, 0.5220059943846169, 0.3215876803199404, 0.8693755312708129, 0.45736053701685403, 0.6380873550028618, 0.38024838997209987, 0.5952015884062527
0.1591453497444758, 0.41581507938004825, 0.45643849075669574, 0.5499378070062446, 0.5657529009990898, 0.6387841760830943, 0.4099367208915363, 0.41060667523542865, 0.2824890834978345, 0.40635709375400136, 0.4445602088084642, 0.5256070068656271, 0.36991086456168587, 0.34507130839202815, 0.4594711681128442, 0.713724293081295, 0.6124721877139484
0.48614308419455576, 0.5832480732193766, 0.4207275187830512, 0.510614564497757, 0.5334740822712106, 0.4777824489138932, 0.5709877915761505, 0.3474010955461183, 0.7048726987765407, 0.5357949703164551, 0.3583004292219542, 0.516805675296972, 0.5817684768564225, 0.6141238056379085, 0.3637975694582042, 0.564293230093329, 0.6526085692219391
0.7173686071250545, 0.5903424077355586, 0.1729734891496183, 0.4266303311231253, 0.30376173051132616, 0.43950178978194254, 0.5357243134098173, 0.4775080791213692, 0.4257730768269472, 0.3723370226681491, 0.41128326540630167, 0.7578394754874815, 0.6474516621514774, 0.579853409933597, 0.33720782289304446, 0.2873463796466238, 0.6712679511900341
0.2866467856190763, 0.5825084883540917, 0.28903174738337434, 0.34960554825010537, 0.33320115035375575, 0.40377579401914987, 0.5387427521549353, 0.8510776123779349, 0.5720044657271919, 0.42950606785796996, 0.44699656331301585, 0.468187464877987, 0.6265577634869448, 0.49023158641694425, 0.47444444854290224, 0.6315917086096445, 0.3813865418159812
0.38699475752354673, 0.5905833097868768, 0.2672667411084113, 0.6985725423907707, 0.3971977988508858, 0.3486333277847362, 0.8047247195788306, 0.6911547966377387, 0.4800921835732654, 0.3923633438132409, 0.7057638371549786, 0.4088125013134697, 0.4970701717726258, 0.7206599861371756, 0.5457763500269159, 0.7937994330102733, 0.297362148342572
0.33765484825458425, 0.4612119280039345, 0.8090116166855597, 0.5602288166478523, 0.5902134867567574, 0.34440962083090065, 0.5549142416164629, 0.3073011470564032, 0.25675528671207204, 0.2839777989860648, 0.6033372680639445, 0.7850247940929133, 0.3433985129179771, 0.4465795873353896, 0.48917667461663467, 0.5863886567332421, 0.5346414805467098
0.34222142286304724, 0.45865962195950655, 0.48714660142477695, 0.4128216925327982, 0.5878202978339349, 0.6106165497452386, 0.3357734273147267, 0.4228435149321761, 0.30434118357201545, 0.7283078444115623, 0.637147512090354, 0.3049451347402539, 0.2884467165831258, 0.5229902567671687, 0.5042749379546959, 0.5723391644693057, 0.5218151128431916
0.6284260021129073, 0.6395872660355668, 0.49851783406518474, 0.5447886445451634, 0.577359484067242, 0.5378302321793532, 0.418538091298963, 0.48796486101725245, 0.3428284570410026, 0.23624223783467557, 0.5054769035844362, 0.31111824432518087, 0.46579378138923416, 0.5188921610682075, 0.32827658567337714, 0.4600810071929115, 0.207933581831917
0.29092880307211233, 0.2956915250635266, 0.3772004436527109, 0.46168985467450097, 0.5503780218568473, 0.28628549418427907, 0.7150217982215122, 0.6243811126893288, 0.29991597597140734, 0.3743127654568538, 0.4924505728763021, 0.29771417235684877, 0.4862779238958115, 0.5470976235166907, 0.31087186404942435, 0.21398763685536593, 0.6916128824575053
0.6069184825347794, 0.5928731178317891, 0.3707100001847751, 0.4250924297270622, 0.46721544443634583, 0.781171721908556, 0.367544285335958, 0.7053723878945384, 0.7663223785893001, 0.4093327160691383, 0.44339714626739346, 0.6529749515959178, 0.38918406379287795, 0.7283602465609946, 0.5159400634324498, 0.4847071699619701, 0.24840724137280207
0.5935514580618102, 0.7545966248875512, 0.22485876603985083, 0.8187210230695124, 0.5523184236692975, 0.7384811230445778, 0.5018328957779862, 0.8197402197239891, 0.2520537203592972, 0.3658649769629567, 0.5481321519957183, 0.4904372723377279, 0.664012708844737, 0.3720025540027025, 0.6773985715458963, 0.6369356333128822, 0.6925737397256793
0.5979362309763849, 0.5213560577656878, 0.4983406255837179, 0.695493450751987, 0.5680598998384143, 0.47130048446526457, 0.5021690156772194, 0.6810358648979326, 0.6641084443726, 0.46655376264111265, 0.36692766772720614, 0.8563184490122129, 0.2425575633410323, 0.5064405228320776, 0.7185335282329661, 0.5784081100781492, 0.7684133403148499
0.28843964202718286, 0.5684954619917381, 0.46502025176433337, 0.46141965640571925, 0.958641517599417, 0.6070184802301184, 0.43295369016338336, 0.7313175537510987, 0.5955690165071745, 0.22374444516388153, 0.2736061363819231, 0.726097213335724, 0.7683368507764584, 0.34611026253163885, 0.5297925934493904, 0.49624905320829105, 0.6389570844568502
0.46770697347738555, 0.40700325383534874, 0.5129019054334203, 0.45258778679761963, 0.40129243882679566, 0.589950729465104, 0.47686710622527145, 0.3663297424389385, 0.3798105586912646, 0.6363162964624218, 0.8177903210849347, 0.8551479715568631, 0.24880145786377694, 0.5721751803646216, 0.5902422971219167, 0.3291192568218161, 0.3557462411296545
0.595550505129144, 0.4635522614738019, 0.638925331243797, 0.43675592001103686, 0.43539607457593055, 0.24967819903461014, 0.5799928079221123, 0.5057599586190277, 0.6019035881165278, 0.22385858085780208, 0.14847129665104075, 0.32998762093990686, 0.6629000842762586, 0.3432547566466152, 0.6427657342976137, 0.24627295293296536, 0.15695772680387765
0.5838885871658495, 0.35245794819285853, 0.32776327682064227, 0.5291066488345842, 0.2912640770105377, 0.32800603357361935, 0.5092975687586537, 0.1909186124635981, 0.34485588983192117, 0.5075952053939131, 0.5819533261104679, 0.44028818429104144, 0.4955229413889305, 0.659958185863456, 0.6057552367732246, 0.5953480566344966, 0.46233795724705573
0.15029617682307345, 0.5652834803951603, 0.7138309216332769, 0.8420720869470105, 0.7076127725288812, 0.5508147426484902, 0.4752906576438738, 0.36983004383824386, 0.46713142515930284, 0.20363318563175326, 0.3584406440518231, 0.38227271467181, 0.5708359595437972, 0.48993251127536147, 0.5751886741401683, 0.45843262834316867, 0.4567746894538823
0.022921804428934045, 0.36294689727587603, 0.68696447579591, 0.6690313029679245, 0.7707190599585134, 0.546168205316312, 0.21055758469285019, 0.4052289434141156, 0.15081354640363098, 0.09873123740565581, 0.4816137965638641, 0.33775233894156353, 0.32063945915172176, 0.29077091599227106, 0.6640644025070811, 0.24694896034031538, 0.617785270002087
0.516885100888376, 0.5563782634357496, 0.6913459631661194, 0.6847035307220568, 0.5433283576279802, 0.6058268919288041, 0.4652585247010633, 0.9550199603565299, 0.6794721300051866, 0.49210639775969284, 0.42945423435842583, 0.7018686186658385, 0.505834009701261, 0.4474844747059821, 0.47179024802765646, 0.5389228699592075, 0.4152139373122121
0.5195437495617229, 0.4024773587925217, 0.3741614808045377, 0.6972170600815106, 0.3835006999718438, 0.4737528694657615, 0.5228976709534561, 0.4376227487267387, 0.23904513133748445, 0.292925469688804, 0.5695386528645556, 0.531200982178779, 0.4702192344357213, 0.2429282855952229, 0.2681115575449562, 0.8156269691135883, 0.6851663653039067
0.5698303487986298, 0.6936807526563126, 0.41630241456524697, 0.6488938058028755, 0.40638054232825027, 0.47297536787819666, 0.4947945868834987, 0.3034134963284703, 0.19858043983477425, 0.5291543468849116, 0.46736591443657854, 0.7040347371388521, 0.7350692002176811, 0.5869854572228872, 0.6006272210551136, 0.37016707445246533, 0.5808329876252969
0.3674594012347341, 0.27033784886436696, 0.3807125973045325, 0.8789676254257208, 0.06490113775960549, 0.4420388806616359, 0.6375959602122073, 0.41095947149373946, 0.30394459002721647, 0.4954174086374702, 0.5536933346134373, 0.4021154412503774, 0.22178367822166412, 0.4325167829061205, 0.2940302127938059, 0.5080676017979234, 0.5409871921814309
0.3666488893010678, 0.5633450623825693, 0.43340263691249403, 0.4380904416494669, 0.5365407651203381, 0.20054329120048192, 0.5660283047890314, 0.549615688260122, 0.41945270282853514, 0.31189198984664873, 0.17345304905313796, 0.6189588112092496, 0.5388198297464875, 0.6181591214541968, 0.3040300687390796, 0.4990363711827551, 0.5251181316233867
0.42409051204448983, 0.5117542041725236, 0.6501656096667593, 0.6533553417733201, 0.30371836428484883, 0.6302928242721266, 0.572117886880086, 0.4449881838402694, 0.6994900648511486, 0.35409792117357297, 0.5076148184546916, 0.580204321272686, 0.5189978027770689, 0.0900571842848431, 0.4752765645747977, 0.4753983446427329, 0.4956848643631826
0.3069521393729654, 0.5346578360175653, 0.7407566570562971, 0.5702531726229618, 0.2886387484441597, 0.6233974651752867, 0.5176421069039274, 0.7992029682772241, 0.6315737168682105, 0.5892291933116699, 0.4626390235173008, 0.6470782424312267, 0.3489331416948501, 0.9235804520481152, 0.7700245647847681, 0.29269960478970375, 0.5290044454976723
0.34331752315425323, 0.5141037919326323, 0.4703601052043109, 0.40567118469045416, 0.5063404841382713, 0.3216730838653422, 0.615811203417256, 0.7986341502704133, 0.23473351399713088, 0.4119006776586651, 0.45815621036152193, 0.5635359361544325, 0.384212220791179, 0.35547295828908276, 0.3766617520353371, 0.620042178381924, 0.49154731127100876
0.9042802518619949, 0.26512629265856835, 0.702246891799727, 0.3500666266194218, 0.6635550434684612, 0.5140261111607404, 0.6942640405877595, 0.4998473424364965, 0.16733168455201708, 0.334437609156673, 0.63279923389746, 0.237724910149419, 0.3703705644648493, 0.7205663762506308, 0.5449965565755369, 0.568788297960941, 0.21298647870507886
0.8717582449208691, 0.5457098198219781, 0.46841691248803485, 0.3967949069058144, 0.2819808521255616, 0.7412495955138891, 0.2428047412263939, 0.5147516171694433, 0.3680532402123732, 0.6877594888237805, 0.28899154355154033, 0.6717900334717521, 0.4741889709168248, 0.5554678130388643, 0.5392861880085008, 0.4840505031572345, 0.4518702291595734
0.44604722465778784, 0.47451795117314105, 0.521448884903889, 0.656290311163291, 0.2806080767144916, 0.4313686312586474, 0.4722849798975054, 0.7647539196658888, 0.7081115148468019, 0.3472441903950312, 0.5743486300525422, 0.2080547108281885, 0.4032092502514012, 0.644663985263829, 0.6943001754676204, 0.3925836546038555, 0.5377591381052188
0.6229637481702993, 0.626212635849263, 0.5779841832867311, 0.7645187935177749, 0.4789854623408442, 0.32792192835410494, 0.7901754035116049, 0.2617306784448913, 0.3447168812805158, 0.3975617604942565, 0.6236178647054419, 0.03469514499317439, 0.7927290538597358, 0.46808548946445144, 0.4034357264642692, 0.6291890675471923, 0.295976944383457
0.486995042340632, 0.7578428704013229, 0.40350191471121644, 0.3220281473385852, 0.19491896162131406, 0.41110619937347326, 0.3817829516822653, 0.49508527597536073, 0.3224701522693621, 0.3521182008951763, 0.47913796605870207, 0.8366212554277265, 0.7355695727153739, 0.6591704733096839, 0.5018927037008833, 0.7041405142728712, 0.4655177004297144
0.2728385915376661, 0.27780555907872473, 0.3162036609168919, 0.18957386999350845, 0.6449183916566174, 0.6176552446093362, 0.28529615060047697, 0.33056974821359436, 0.5713195838092047, 0.6376128788066735, 0.4480260114405905, 0.6743036952885099, 0.5365090588572818, 0.5687022538967822, 0.5937427542376199, 0.4383204141492571, 0.2690818367834693
0.09888189458171037, 0.7132076579623696, 0.6480624060767166, 0.7200853794902409, 0.6727867616528203, 0.10345902503353321, 0.47741466280140005, 0.8531171929605421, 0.3716154681791095, 0.35831683797065794, 0.800506124270495, 0.749881720753611, 0.3621109310197928, 0.4600519937685502, 0.34649081367526546, 0.38399367702275367, 0.5814041647874495
0.6457520580994167, 0.4090359088982817, 0.5251445273642107, 0.5012928109635667, 0.6478147899474906, 0.878918948649521, 0.42605312692114955, 0.2717812197012317, 0.5609462747201991, 0.5445933607510882, 0.7122484440257647, 0.2995077937857381, 0.493802494524404, 0.8595740312508504, 0.45235592194017293, 0.34978101504053083, 0.5999888901236039
0.48616571678398984, 0.44847497157148986, 0.13410651112680666, 0.5581909995557807, 0.7541111536137378, 0.5245039798197184, 0.3414751195939221, 0.4254437656552055, 0.7416117631517453, 0.6865588328283638, 0.4275404294848325, 0.4475432543516715, 0.32897633869313114, 0.6813354917549475, 0.5674000583564935, 0.32717216008950495, 0.6233239320557036
0.2609299801835827, 0.11064365132722553, 0.8039571620626269, 0.5938561091051535, 0.5498529232875016, 0.1115740810829905, 0.21146257032565396, 0.3353496390910123, 0.4530667355008268, 0.35330263789273036, 0.4096730674093146, 0.21815418557812605, 0.25520038572927184, 0.567157423877603, 0.820457141176033, 0.5063974775645343, 0.6565553832185993
0.25227647154752525, 0.3122701669700584, 0.6738202825617434, 0.8198171116782694, 0.5517726365391326, 0.6659874081241798, 0.8411080925478247, 0.23185243896532937, 0.1996550169439939, 0.28403421002632473, 0.7323423185206438, 0.48842428978527275, 0.47125663475596813, 0.3022925224886926, 0.5169728838738702, 0.35436842866358764, 0.3442375411359851
0.7711147327096796, 0.5469795500062337, 0.08741895246369091, 0.4018835930997777, 0.7544330618744841, 0.47229740111580865, 0.3231489423234294, 0.4689587463924613, 0.1514496230129352, 0.48667026112937384, 0.6044440507062028, 0.7377290983314928, 0.7896580889260387, 0.39313686303071127, 0.46111127545407343, 0.3417479715533838, 0.88668839598517
0.4685423061005838, 0.36944043863391895, 0.25875975337218, 0.4864482336333729, 0.7457023494308248, 0.8978450933328465, 0.481829167292561, 0.4923385496278576, 0.3553268115284145, 0.7080252282248836, 0.48912217811670095, 0.5707463825627568, 0.4598371704166685, 0.5140954437677691, 0.7736158868814442, 0.673348979930545, 0.6867061308202659
0.16384899740900172, 0.3505944029261491, 0.401963851844899, 0.613221302380938, 0.5075193095212628, 0.28325380302869607, 0.743958950544464, 0.14760344994330354, 0.7295243623177177, 0.49857173496626617, 0.5355447559729575, 0.5395775718339401, 0.3631802468404165, 0.8445621479103608, 0.5378707661070529, 0.30775038204631905, 0.5937604772240288
0.6523649900379043, 0.2593312100119169, 0.5654450979138738, 0.45449917617849483, 0.22942192200355582, 0.2994877093551115, 0.18963504831159383, 0.3864623828316889, 0.5605368322830439, 0.3697331194530472, 0.6365792474461609, 0.16422294083823963, 0.4427356023811595, 0.5445894673497198, 0.5923962244715233, 0.661069149122991, 0.6202202579181528
0.388858147454124, 0.29044493277364125, 0.40837086713667536, 0.5646598126485693, 0.39519650981490567, 0.5015605429613005, 0.5701744086578568, 0.6387774675314967, 0.45640185902817454, 0.38771773239330465, 0.34177127707554406, 0.7396244298521596, 0.3590569593594558, 0.697109525523616, 0.2994389778929668, 0.6543874888884289, 0.3723655425586848
0.23291922050637487, 0.04708260453004687, 0.48762207550710684, 0.38119803997693574, 0.38417934142076526, 0.4421097420995834, 0.3485102094146182, 0.5166948623511111, 0.48372636271848024, 0.5569581405536337, 0.43829368536012125, 0.5228197663144063, 0.5242587435292205, 0.7051260164882946, 0.49370008415938965, 0.5611319214102048, 0.5896923925878559
0.35206489792738443, 0.23399403612905834, 0.3603929717841179, 0.6413782105008726, 0.31554612844405755, 0.7698175642493759, 0.7322337341719105, 0.6284328756381973, 0.18835291383829306, 0.5405388159939091, 0.4833915885558232, 0.37204835392299435, 0.5872809770282531, 0.34891504018845737, 0.3960716286202668, 0.16772685091689615, 0.2664443384777269
0.5852619559425013, 0.31831563181066314, 0.6392497418979658, 0.7189202481100279, 0.5898258319574977, 0.5583565297346823, 0.711290797258651, 0.5100547398295118, 0.632663480425669, 0.6500918587438829, 0.3442060547148721, 0.3810755774005411, 0.5140037615681934, 0.5326017585044895, 0.7033454870872426, 0.5656542575424904, 0.6687037158147564
0.47969439686032417, 0.7266831004565422, 0.3853131821690411, 0.7065311381278858, 0.2360799650657448, 0.48772824002157844, 0.6682620688592461, 0.79899493959717, 0.9167136958660689, 0.22546333826794396, 0.3627755340192246, 0.3130255958420515, 0.49873986682944144, 0.4816363505794801, 0.623899032183036, 0.46876174099131174, 0.5785933863835919
0.48939843396573335, 0.337505813854863, 0.40918634987203095, 0.6873810261084268, 0.7888041604763345, 0.7078914430931459, 0.6669131084983201, 0.7747508108161127, 0.39669610276967604, 0.6199975879975868, 0.6769977755122302, 0.26242156025040236, 0.5663971503046993, 0.6360637041752115, 0.6819402025837663, 0.4596013701008328, 0.7185946123891407
0.3416465749224313, 0.48348171735069545, 0.2829411686304553, 0.5377139263453876, 0.4474740520425974, 0.5507128385625211, 0.2019804771222019, 0.5261915193887551, 0.2731045687597424, 0.5761756182897327, 0.7441931915744386, 0.5174257192756572, 0.4709591177641995, 0.3251355887446231, 0.4148016451163635, 0.35565712364233715, 0.8211586116865498
0.6745338084702301, 0.5551312313544845, 0.5720031544052697, 0.39283788289796945, 0.7434166436227763, 0.31312901726599385, 0.539555722410705, 0.6815206510805173, 0.6950779331739605, 0.7505425094402525, 0.4092487004082715, 0.7577111424613974, 0.45387945785805683, 0.5962156242529844, 0.6393057963121564, 0.5329090444869529, 0.6324326361620041
0.3452912938462178, 0.39007318522810586, 0.3436170003098074, 0.37325829557739404, 0.6625210295515418, 0.6048818694334097, 0.6260452897993771, 0.2708516689035281, 0.4376071325796187, 0.6364553778983759, 0.7008399277416111, 0.26951351258928924, 0.6258073083223437, 0.5620657713131285, 0.34891380774182923, 0.542096200265084, 0.5499037195827242
0.6943434609111272, 0.5149548891956456, 0.338591400123026, 0.5439040634592084, 0.6194811281366894, 0.3683076826724918, 0.08929828321796851, 0.6096761558994219, 0.32980866414320503, 0.46138190824476577, 0.5064661963203678, 0.8835239894432341, 0.706346489251213, 0.45650130772471154, 0.2959600153109101, 0.6378571829346263, 0.539971772042825
0.40447470676703695, 0.49146362537423144, 0.6480013676309202, 0.5369845276382488, 0.41434086775969586, 0.4753103536360302, 0.5094555386047321, 0.3699042057517321, 0.5816733601231896, 0.1369663168746833, 0.7211604336660784, 0.13614888661828117, 0.41360730646731725, 0.5359531137823091, 0.8909080871451023, 0.6470939917645155, 0.4083779314514157
0.6579422542521021, 0.45203557826088636, 0.37187743672091256, 0.36835463535913415, 0.6885573620513323, 0.5259393712818858, 0.6119132868373967, 0.5122181784910905, 0.6696714472793528, 0.3547994423703309, 0.6946843882580411, 0.7019402155292049, 0.4978862386309311, 0.6467443412720354, 0.4675118508378998, 0.2969949416766705, 0.3624190071557645
0.5217284705569945, 0.5621007367826547, 0.48275000835934606, 0.6118224374407806, 0.20012989374708035, 0.6000391532015605, 0.7844293519401968, 0.18121790703625507, 0.7384714327305364, 0.6956439742798353, 0.4039383754565936, 0.48511883431805186, 0.27820342833934847, 0.4317292224998549, 0.4705334247196645, 0.5257144018922278, 0.7506369944013128
0.4981726669313403, 0.2607209923699225, 0.6627586779571101, 0.6376204626984798, 0.3767985188864761, 0.7313469551686349, 0.15039187459812914, 0.4832860643546164, 0.4846432785133658, 0.43072357970732567, 0.6846293970859152, 0.605957257801437, 0.5952286633562273, 0.4501850315095921, 0.4407116297520661, 0.4419587342274784, 0.5917854450373677
0.5818473990133777, 0.7249376934733133, 0.5593762740263, 0.536994828253682, 0.44740697101872035, 0.6138168953378923, 0.380956580630671, 0.7288664660361818, 0.5442215635215956, 0.6082914875121103, 0.8620867678026964, 0.6562241983597574, 0.36833380908991004, 0.30992165004332584, 0.32698785206057246, 0.7060608877026869, 0.6783838934929431
0.7216134890503163, 0.465287165225714, 0.4177922075296384, 0.8540511022248376, 0.42339909210377047, 0.4395075900098814, 0.5131497673823271, 0.2541866724169498, 0.4202281907568215, 0.37087841969000557, 0.518012090679618, 0.37916286432823976, 0.5893443696881706, 0.5343228661429282, 0.47514857424843654, 0.2527846106637248, 0.5376549533555279
0.33675563850599155, 0.5953108625668226, 0.5889741673013096, 0.3742597510639231, 0.4474327753265008, 0.4431381424422861, 0.5647026970771246, 0.7293900983505089, 0.4051591544122744, 0.28318295209923333, 0.22758973576622177, 0.8993567133392725, 0.3570088777166276, 0.38564759454917596, 0.6081302536133328, 0.7690867319618708, 0.31396752104465186
0.47063370367360174, 0.35015109064592304, 0.5780750061712006, 0.8318539222375457, 0.8577587896208162, 0.5589225435440713, 0.4620971668499463, 0.6635462145941718, 0.6526037072883634, 0.7156277317856341, 0.5745753047069864, 0.7866818217087437, 0.4609059637898063, 0.5623863932619451, 0.38254348742878946, 0.43678494703681425, 0.29769442425782155
0.6788052241189877, 0.5466367233924126, 0.5190236922072864, 0.6064263422509486, 0.8277308848887238, 0.317378106085308, 0.419482861889106, 0.6295927602038998, 0.8123803345881098, 0.418710308294104, 0.4615629216767127, 0.8460544716279567, 0.3915652017969845, 0.44922764199277465, 0.5046520389396395, 0.2643625065472797, 0.4915768496268133
0.5813857142391606, 0.37506132743485854, 0.9179146356972836, 0.4359082099574873, 0.5238106998550794, 0.6204397325345034, 0.3120650596646861, 0.6406635565802005, 0.5640050638336236, 0.2624361205765212, 0.5377422591971206, 0.5969638020606497, 0.6247928307596264, 0.3206645775513638, 0.15518505761695395, 0.8451693517467377, 0.7924503770731618
0.4589976050457968, 0.6394515237383767, 0.48779033164987395, 0.4230493004808765, 0.7263882734480738, 0.3976075786283512, 0.8317869763328394, 0.5531909748537424, 0.3225439997478831, 0.6208655775842681, 0.36927160427987, 0.26295517241916644, 0.43012473194929546, 0.4009583563865361, 0.19902799785216974, 0.25320026335330803, 0.3430907256824005
0.40873603776602097, 0.4696923305565584, 0.4690321165432825, 0.542964387950543, 0.32563977522702553, 0.7931821179912013, 0.6407687707790403, 0.5055888588877867, 0.9178447229324985, 0.5512967812051504, 0.5766905274512385, 0.8281141465673602, 0.45032484773952347, 0.2911907135170339, 0.4836564919455462, 0.2655739666122678, 0.27997449869408386
0.5646700215362526, 0.5322255266210819, 0.6961350431383372, 0.34225632271846895, 0.7027001759220539, 0.32558886309487023, 0.6216704906353725, 0.276861788683609, 0.43596717742837415, 0.2476881346803349, 0.17096630931971435, 0.42124734863256874, 0.536962495732882, 0.5283850504937663, 0.41323725088559216, 0.4552500431904395, 0.4919796296228589
0.43586083420341004, 0.6794563601913096, 0.5319177085106801, 0.40323217680633267, 0.5935178665530981, 0.27389169306950584, 0.05255697276286819, 0.2970429769783668, 0.45115969653723476, 0.49565761866010327, 0.5891305490373446, 0.4406464763782309, 0.5634545197683732, 0.5844788490174496, 0.5883820804822606, 0.6798384051424408, 0.6682883539249904
0.41563322054315666, 0.6904727884562385, 0.8074800279533343, 0.6627436605400887, 0.6056601288768116, 0.43885699738659123, 0.1861292763035043, 0.6034659388229814, 0.7993629151909221, 0.6919533543082472, 0.6302675621254024, 0.5642635743718167, 0.6415880197569315, 0.19707995962114, 0.760491928958878, 0.6876616325900993, 0.30586144480273486
0.5318538055231231, 0.5910453532292796, 0.5461313402787302, 0.2328309889406729, 0.6006847269592203, 0.6285574919624672, 0.36790475178064785, 0.6948539706902264, 0.6189292128499395, 0.6610056447477539, 0.2598608656607653, 0.458264471699175, 0.5060847169745971, 0.3214756638963103, 0.6573451259997082, 0.38941831499105645, 0.5247364709346009
0.31196139838225845, 0.36645778464880685, 0.46462066414034314, 0.5214042168520419, 0.6162247130396896, 0.2522690779315305, 0.5528791922587415, 0.6333527552145373, 0.7725401616467639, 0.37165319804994046, 0.5454298468844014, 0.5036250099593913, 0.1947105673357531, 0.4318485140991959, 0.6865768145310804, 0.5985348565107856, 0.6815997186426646
0.770465109916144, 0.6827156236698623, 0.661612966424117, 0.589666304842205, 0.5243860829343726, 0.6135808654178133, 0.29693519298194465, 0.5002572294671824, 0.6541835908845699, 0.4115149398448535, 0.2566002298327857, 0.5888828883138673, 0.6867597197307891, 0.645509655402474, 0.6773939427433049, 0.5019687184927681, 0.44747332760511604
0.5922763425447906, 0.4857884878053172, 0.39275909394652136, 0.525553721631127, 0.20147951285216176, 0.3355660359851078, 0.4543506350986276, 0.4056783391465912, 0.43624967838824036, 0.3733646678027507, 0.6162886480277461, 0.23343771569794874, 0.562112421047954, 0.5471089142049828, 0.5637890903767642, 0.44011060618708014, 0.7459032468973977
0.6039150718055786, 0.5425987209797449, 0.38322653616537894, 0.7070937542531783, 0.35668834738561017, 0.40395835517705486, 0.5711925323291868, 0.548481228708133, 0.6709755069022796, 0.6327094011814867, 0.11776742125659595, 0.6682236625109795, 0.41535323835553806, 0.47777682644757286, 0.7801349058903042, 0.7283509471336295, 0.4413467521879009
0.7326381477008022, 0.15480195703216615, 0.563159446856335, 0.4993302016069391, 0.15978099410862867, 0.36063403340029554, 0.3936075482945014, 0.3733372934124194, 0.5700839389899248, 0.506949740847082, 0.36731371922930467, 0.5215507903503421, 0.5055991687080937, 0.2877961983135215, 0.5735261435231346, 0.35823398357458597, 0.2918080538691875
0.7565006012457816, 0.2915179036112222, 0.6738553767563003, 0.6030207490909684, 0.5547203666770709, 0.2769467517593875, 0.3612766190535969, 0.20980906725325688, 0.574602733329683, 0.19714338745559645, 0.7105402219512571, 0.3442043322784871, 0.4764864287922281, 0.6772214712388018, 0.66980979070056, 0.49603782160988935, 0.722126901979488
0.42547923927922265, 0.4865763746071012, 0.6534050750084115, 0.7162434383767738, 0.4479706764974342, 0.6053708480779871, 0.3741449672197794, 0.3939520754756005, 0.4068368939424679, 0.5131271092501356, 0.4474186886119771, 0.32449905024763814, 0.42576201289336757, 0.5462542454087805, 0.6484089769914634, 0.6050654780471766, 0.36017663040867315
0.4228514593536243, 0.4073120968403995, 0.5318061161895741, 0.6516659185793019, 0.530967075007837, 0.43975971183423634, 0.5385497595672797, 0.41272119545866204, 0.3017223690205428, 0.6668666826778451, 0.2659756178507039, 0.28358420342585233, 0.30846308451383275, 0.5259927828380888, 0.4617120480382034, 0.35237406714568437, 0.6014581845335897
0.5643566158263794, 0.6128993281521349, 0.37613022615310154, 0.22039515499862006, 0.4526327974215145, 0.4352164711411732, 0.2264212906442774, 0.16388050637672014, 0.2160131289291275, 0.5193381709137432, 0.48094102476392464, 0.6379863841560631, 0.47566589941688375, 0.576606224091719, 0.11563689560441526, 0.6730261736141601, 0.7028351181887323
0.6767815687987683, 0.24422655093411355, 0.5995772857946781, 0.6678499859754115, 0.5879735339561833, 0.3975984205266171, 0.4401915910570503, 0.2837356012439679, 0.3610516815569438, 0.4875038482408777, 0.41161192530559565, 0.5199128640445586, 0.7465175667188559, 0.6681339270167093, 0.6084314785847782, 0.4719808812901799, 0.5807474931620561
0.37709309593867024, 0.6477828125798843, 0.7332732406046579, 0.3618424384919165, 0.6608611783356164, 0.4586378973293287, 0.5170069908387425, 0.5290277907836248, 0.26031384610434904, 0.5988519741013569, 0.5792752457541526, 0.3609453998172412, 0.7216080337640114, 0.5866715674332083, 0.5382437142356715, 0.6500060083455226, 0.5653696903642589
0.6276320632387973, 0.5838216731370596, 0.416118414339651, 0.4401873439322758, 0.38426676957979033, 0.5266562759465343, 0.5224697601367245, 0.5854180735489295, 0.5096329354144861, 0.59795667412581, 0.7657564504952244, 0.6111138828629277, 0.19173946311042744, 0.6810648394586487, 0.42133702951369406, 0.6200306510850582, 0.4255297808069068
0.4440167939813183, 0.4653068773159128, 0.2544193898075441, 0.624837615502806, 0.6507256834493036, 0.5174308652964903, 0.7624434126016533, 0.5578429057526709, 0.9820342841799703, 0.6082141598283529, 0.6002962287906838, 0.5052352123183101, 0.47451140256928287, 0.7077557822143352, 0.4276036188147541, 0.32228813850067706, 0.5835708897785241
0.2301619370385516, 0.48617368346335205, 0.3526004513450172, 0.46340151563583243, 0.4352252087878592, 0.39834217797911076, 0.5441044795877487, 0.7999029938857445, 0.3627401037596176, 0.6107243771668485, 0.4598237468330097, 0.6987612759793075, 0.4894004674484196, 0.7103765114058354, 0.4555935145998293, 0.5709972962351806, 0.5595505396691243
0.3798165319834385, 0.31082529798698244, 0.3993544400574622, 0.631687360427837, 0.5915842377971413, 0.38158080980237136, 0.6042359297192564, 0.7390650234640387, 0.4876447395181492, 0.64038308488063, 0.5373358867056304, 0.5350051382409475, 0.5296456274658911, 0.35935098999878956, 0.39766890517447206, 0.8577218293441349, 0.4997759093029524
0.34456020067153165, 0.2998599410045132, 0.794048245188177, 0.2794548394975294, 0.28659930544502743, 0.3341936116827702, 0.44092614221101584, 0.29362445658107006, 0.2798663608604447, 0.262312418168246, 0.6181946602116365, 0.5519519915183844, 0.7693645243813314, 0.46238177228284305, 0.2735624284796683, 0.30901341646052416, 0.3278567391342777
0.6129509618484995, 0.686528972206977, 0.5708370901875918, 0.3509965034525298, 0.48165766613604716, 0.538941674620133, 0.4209609680600549, 0.516595785180488, 0.40062484277420823, 0.6895399485088264, 0.6158084491569987, 0.5627298628359623, 0.2457286217285447, 0.5145676371661514, 0.49843964256771583, 0.31093403470643444, 0.4297982361339165
0.5020370260303565, 0.4582360478577525, 0.654242091918069, 0.5456811193518235, 0.3738388736396902, 0.12908161823090486, 0.7591314774210196, 0.48255709847188794, 0.23256727725404042, 0.6358790437132606, 0.8163485972354891, 0.4074070011392114, 0.24904432335601268, 0.5225266717258253, 0.4127586072142246, 0.5356823638715233, 0.2668555272081189
0.6035210373435183, 0.738926973055393, 0.47063831156844094, 0.623078544361956, 0.5930732389610872, 0.5802342436182631, 0.5540861155278556, 0.4234020294712632, 0.35140346320030696, 0.5597949425590416, 0.6112112136002559, 0.4974394495908518, 0.5595883239627564, 0.47617510160187204, 0.5221505282917921, 0.03863788095852638, 0.8394612731789912
0.5058469294702189, 0.5230929139225141, 0.4084833290585544, 0.4077902457330257, 0.5187148582301659, 0.6963143509983043, 0.6705008552523151, 0.5725232194261483, 0.1773214868838907, 0.5260694252879123, 0.5486429745873207, 0.5332993542479894, 0.9282910616079033, 0.4214566995523928, 0.4733648083532196, 0.3028337674571344, 0.7016936805401762
0.4436803256969737, 0.4690921242413867, 0.4815901215405217, 0.6363632865079651, 0.4866851627999347, 0.23959265877399394, 0.3206296811475514, 0.4246612856270756, 0.6012529387167569, 0.44168868808825956, 0.37415397122237126, 0.8794368464771416, 0.5741757011861067, 0.26273168214230175, 0.43668348075535063, 0.5650008357151426, 0.3953988539307163
0.3929301853419554, 0.5854595570498448, 0.8493081958313176, 0.5351205376788781, 0.4145200427126323, 0.1178458873845804, 0.5112161088716961, 0.18930677700720144, 0.4202260440432987, 0.3894641470772489, 0.6808418702489288, 0.508732895377953, 0.5674396244339974, 0.43213798130470465, 0.7086385941080922, 0.5394139543313433, 0.38470003185605095
0.3064460313455242, 0.5768639786145773, 0.3649241369486384, 0.7572467620647567, 0.25574578626818034, 0.3881644294524109, 0.6203746630787865, 0.30813312962672257, 0.3967536979906131, 0.8128049265974289, 0.6106037269288598, 0.4747212651271334, 0.5900328187692863, 0.600456261920181, 0.5063922387148715, 0.38685888815776126, 0.5978261779202756
0.5721413230827136, 0.4508027965323488, 0.6878470432932916, 0.29238376354261153, 0.9215124398844341, 0.8497455755446306, 0.3955756064543152, 0.7202530348067127, 0.45917157858488905, 0.6334849182343074, 0.48767637530649827, 0.509794308548784, 0.44442534639721576, 0.48511741409054254, 0.27075291286445957, 0.28761043061983405, 0.24761239970017257
0.4111748417881219, 0.3918476311408741, 0.44567710737926086, 0.6665631800998981, 0.6930933276117699, 0.36685995924912407, 0.6487637649619438, 0.8157825198117372, 0.5969410264714629, 0.6383214037634563, 0.4139494066830154, 0.4829132528092055, 0.5417345518251067, 0.32888934142050064, 0.396607293947709, 0.7227906991827228, 0.344730476629191
0.5174823113371109, 0.5941418909429059, 0.3383324744176252, 0.5225583376817271, 0.48599950375975454, 0.12348498047789291, 0.32843786157482513, 0.5096618474886518, 0.19111968806642476, 0.2437057871719337, 0.5470073170624501, 0.4625155736378237, 0.33132317467873845, 0.48312204408429293, 0.5065799278196238, 0.603491916827598, 0.4212969316681083
0.592670838318907, 0.5935934677736648, 0.26159922465735935, 0.39917771783821576, 0.688163698498339, 0.5231986258628185, 0.44693236665902103, 0.5869981455753648, 0.6431390494595294, 0.19064501874758166, 0.4177086071612801, 0.6852117587429314, 0.6902745665335872, 0.3929082787998463, 0.22357102515247795, 0.6286747870875463, 0.6501864488573261
0.6509698658422888, 0.671430182739569, 0.3043031178039355, 0.7393068692279701, 0.4909532134432484, 0.2686873175940313, 0.8343286129004066, 0.5876708085676916, 0.4055276878943377, 0.3741677821971675, 0.41363975968362526, 0.28699114757780886, 0.6687734208721261, 0.5403243119216459, 0.4362959722864504, 0.5669391980828298, 0.30574757670878483
0.5369481282119376, 0.5558201802798958, 0.9538109542704969, 0.48422426170864535, 0.6404382047586852, 0.5553420295613102, 0.8409590170232925, 0.5487628452079347, 0.4216950226786662, 0.5026689640597451, 0.5688505176897933, 0.6228931311974886, 0.5535323764665719, 0.34801397219473634, 0.8732459981044043, 0.7303867541213078, 0.4556387879993159
0.5353383728878843, 0.21933332712110365, 0.3831706476377684, 0.4444067988493723, 0.42595847613007976, 0.6340085097033186, 0.28045958153907, 0.318864390182677, 0.6809974110066418, 0.6069199047816622, 0.4720697492316318, 0.5366962315517957, 0.5074721592170468, 0.5965299967697069, 0.42882313982653664, 0.6254302625319104, 0.3887453729584806
0.23209701698416896, 0.5693253197697259, 0.32031221521487574, 0.922612380038504, 0.33974711637040655, 0.2657871255176803, 0.3615928681380751, 0.35562673881059564, 0.4398928149826302, 0.6428015997345957, 0.280982146198581, 0.582124996484772, 0.2088918218708965, 0.6222394373923728, 0.05516387854899463, 0.6469584104451069, 0.390157449830841
0.5383193013752298, 0.4186240816078999, 0.45839998278547034, 0.5902756393343522, 0.7063916458834265, 0.6794943760777379, 0.6008689494765552, 0.5672270424483415, 0.3073704843332916, 0.41872908600471387, 0.44532955498244553, 0.6855094832581254, 0.08451383968334358, 0.4778163047406209, 0.38668342368234815, 0.3963379605946122, 0.4839384824648135
0.53034429918339, 0.31938136400206407, 0.3786583575968147, 0.47970466935186573, 0.4082682955178411, 0.5453517126490901, 0.6858739303683423, 0.43001692704457206, 0.15654362075900669, 0.42282719411823466, 0.37851424587101085, 0.37438760357326306, 0.4764479923322441, 0.18872539327367494, 0.6244521233829187, 0.23560197463258942, 0.35583003913936334
0.6900581118421716, 0.7306606644736358, 0.517162754696943, 0.5005983358931155, 0.47540974274658676, 0.24029691758879324, 0.6657607873301218, 0.4095579372536229, 0.5144994426579796, 0.6501862250508155, 0.46853993172456043, 0.5161575417170385, 0.4314544158659076, 0.8499217101826173, 0.5753756411040906, 0.492246492013186, 0.22721570619462983
0.5469531584758668, 0.3965405737858671, 0.7013835687990749, 0.47055541449475535, 0.5382250878847794, 0.5658920300425627, 0.19301333866932496, 0.47809261885957244, 0.6887660933151161, 0.46444121995608456, 0.45457633766304767, 0.3838371272467632, 0.9317482952566534, 0.5158771719165895, 0.5346873424495695, 0.26289308940306344, 0.49912065134622846
0.3960659090805615, 0.5463823075824857, 0.536745971978314, 0.4384347152797246, 0.49699751336133374, 0.41619992022183233, 0.5298506413826396, 0.6402987642119524, 0.5089733033333579, 0.42713831713537564, 0.2269522541453884, 0.514535790897223, 0.6704792172379466, 0.5264694000451352, 0.375353162515682, 0.45258697784580326, 0.4362346768121658
0.4378848042459467, 0.3398187907578511, 0.18109520218687858, 0.6373553160452816, 0.34660901065912403, 0.7326904221052921, 0.5537414205240767, 0.27593935345059784, 0.17045531367194178, 0.6359866531517684, 0.4776728083704485, 0.3695434855378693, 0.495735909701027, 0.6027335507287348, 0.3885886144788732, 0.47774687911545327, 0.48968217111899426
0.5983992242595408, 0.4339401957508714, 0.3137445100069467, 0.35589542580160305, 0.5478248494442481, 0.4032082749983551, 0.7021880183026089, 0.68432080616014, 0.650241890500677, 0.6555596776350039, 0.47518624296555273, 0.4487357662817747, 0.5791138518577043, 0.3991283593849654, 0.4576065010697051, 0.2674803714028452, 0.6641760786895806
0.3742806303255465, 0.4987864739114399, 0.44654547605732636, 0.3195142689750696, 0.4457300189069454, 0.4021383595291217, 0.4569590056274686, 0.446368182265948, 0.45604467977866575, 0.49033905487686796, 0.42064423455246625, 0.4553909680780116, 0.40486122183194967, 0.5494670326997106, 0.46724861351265934, 0.44325244891536497, 0.31154827404774044
0.4844942102448451, 0.31590973236147263, 0.7565615900308946, 0.7255646359020215, 0.6229076506970218, 0.4794115874964732, 0.5258300682966925, 0.6301566248753725, 0.8564650173962236, 0.7133337280907892, 0.5526653148955516, 0.39410652546765057, 0.7492853736319183, 0.580282042538384, 0.7637054768640748, 0.5407647146816442, 0.35480661775954564
0.3994290202708539, 0.48564870512886, 0.5208241794568101, 0.67537112228003, 0.6050493859595626, 0.2723602545591953, 0.5179007604779204, 0.26636607443500254, 0.5236210776072886, 0.5790362818431327, 0.4492086750842931, 0.5213828988047098, 0.6897561306531117, 0.25860699204290827, 0.5255753109350971, 0.32911554329504794, 0.24016739327787656
0.637165967536665, 0.5013354012137572, 0.5972451190592838, 0.7901404881964915, 0.6367747708970198, 0.7015767202402641, 0.47396135293124986, 0.43204365185144783, 0.4407382702706617, 0.626435319899659, 0.4597664217685754, 0.5461200983731143, 0.43881946938797584, 0.22616553499658015, 0.42424705678749064, 0.011802324987364388, 0.3705643167485448
0.2235204989028628, 0.6605950566146196, 0.5094579245543497, 0.32340437179322357, 0.5604003226232962, 0.28348818887078975, 0.7197266572744265, 0.6016482411099497, 0.7133451233211794, 0.4954702924047134, 0.5202352298847309, 0.4964612420693932, 0.28850735710944353, 0.6737102253849613, 0.5590357890302472, 0.4271429950804601, 0.5950744745762949
0.7590658178308934, 0.6093591242988323, 0.22179800742367056, 0.5196366485218962, 0.6512946272099039, 0.5917169178875589, 0.4666968023032691, 0.6444934096474801, 0.48337709829925873, 0.584852417482425, 0.33104049030378235, 0.574098305023697, 0.350444719665638, 0.21860650165743167, 0.6480132754037087, 0.5631319990257981, 0.41992328589140115
0.6249398663659319, 0.93543057637637, 0.5538099363216097, 0.31612789782683415, 0.26974481994472865, 0.7154411702038919, 0.2916672340434652, 0.6001266733268841, 0.5590603714646379, 0.4256297215886698, 0.5773051345969159, 0.3837612664366269, 0.6774747856371832, 0.514135221113772, 0.26948382943142635, 0.5871554555404315, 0.4444294049267608
0.8111649263118608, 0.49341828856107167, 0.6677536044374159, 0.8671229977271913, 0.43143578742348576, 0.6701427386417111, 0.5391383025271206, 0.6686690583926209, 0.5089331194034534, 0.08657816082710978, 0.14553485135625438, 0.4547573629002142, 0.7017959751141476, 0.5642142721372476, 0.5319442098854318, 0.6577672391505556, 0.31304511128064094
0.5276618543736217, 0.490797954775987, 0.28172525515895486, 0.5279606239041315, 0.44220090027776815, 0.41500135874514105, 0.4969445218695673, 0.5160740766815428, 0.32186581742013604, 0.6673375282874414, 0.7006766260049495, 0.8050543163616348, 0.41648396442103863, 0.29995639269451796, 0.46817406720922217, 0.43334307885299317, 0.3848643546913999
0.33818143958792835, 0.9012334158054046, 0.39669441984534204, 0.4924932468160519, 0.617447057628264, 0.5263498562741639, 0.2653540833826551, 0.30293545003672223, 0.6145228573011241, 0.26085545558664497, 0.2766949116910402, 0.545246475596269, 0.3930192011052553, 0.29584481746038827, 0.6813645978072557, 0.353819892263579, 0.5157730192075938
0.6367476528956136, 0.6570865838037073, 0.3727992817202352, 0.5456669605344088, 0.7527144377122443, 0.6036896509017702, 0.42291978366452626, 0.5746510752845889, 0.5446585716948031, 0.6411144744526156, 0.559753111493252, 0.4354627617750416, 0.3604291764234714, 0.277975125771677, 0.48558516329696155, 0.578889738326233, 0.46433914888229455
0.5354877784116358, 0.1581911577622807, 0.5635867063106093, 0.4054301463286911, 0.6005731680902401, 0.7772928689270702, 0.22669629222154214, 0.4049152823709692, 0.6618525130374303, 0.5853107344132005, 0.7071382038622677, 0.5636594171607825, 0.42005264212719623, 0.2859173840678195, 0.38856648462556276, 0.6789101844262183, 0.23991270183328955
0.40661941083450925, 0.8582058181969634, 0.21790722663972606, 0.2838025390921677, 0.7662011882588124, 0.4626999965260622, 0.5244898407714205, 0.3265678610225107, 0.4644588258016682, 0.3574764066429179, 0.3016495153152438, 0.33610275693101876, 0.59529992005527, 0.8611009989923288, 0.7098721822393786, 0.6088294259580471, 0.6728814970415105
0.4875104910918759, 0.5257009450057729, 0.6167763766604331, 0.3611389989915811, 0.4803864175400627, 0.6024013270858188, 0.33874269423316444, 0.17828865241478087, 0.3292015564397356, 0.4214180879125341, 0.544305112756223, 0.7277002950828444, 0.4814771427095026, 0.7254379370112756, 0.38087966832239695, 0.24250231420270707, 0.41695515452602466
0.7983705070294689, 0.38851565330837734, 0.9695119769125262, 0.33723327578658646, 0.5833577862773933, 0.5120492245341611, 0.5936054635306045, 0.7147190163751724, 0.5997122417622724, 0.6668570034830964, 0.5875807207221895, 0.38075516640514967, 0.0532892440002774, 0.7291588842491787, 0.5601397393211298, 0.5883058315302151, 0.15240826493650383
0.36172739177276464, 0.6382884759767391, 0.48710427157435765, 0.10454407674917376, 0.35378962003901254, 0.7306717696105467, 0.6820565762839306, 0.4483241388726562, 0.4756947985838311, 0.4759732727100752, 0.5998889011705494, 0.10643221857022833, 0.35439992983034885, 0.5530361609049967, 0.5106329040015818, 0.4523418652573378, 0.5863179450296346
0.3247058859787807, 0.6298609955065995, 0.291224941822263, 0.40652308599501197, 0.6496462153586708, 0.4388810966818973, 0.3441044356114115, 0.5721567365144277, 0.44056308060965477, 0.5229684593578883, 0.41185411788695336, 0.4647509791069545, 0.49659585833107467, 0.49042335883654176, 0.588372412228559, 0.6323137587433649, 0.38600028452169327
0.610863998328787, 0.414136390569392, 0.8044064252385007, 0.3627138318222297, 0.460163171501746, 0.4425790180456046, 0.3632829478427366, 0.5122986400431498, 0.43394879547913295, 0.6176307579325206, 0.18913372956249103, 0.3558158762530319, 0.446869034853788, 0.7674111540751902, 0.41059537551013275, 0.7005454085152139, 0.40445754134354145
0.4932030982473878, 0.6466554616429796, 0.8171030087823914, 0.269325103980135, 0.391081610965976, 0.5425658022228212, 0.6956530024174554, 0.5380979085451868, 0.5728977150903237, 0.6514859825361459, 0.605877158738813, 0.6391074124174511, 0.4051403533554395, 0.30566078889966913, 0.5913963556460412, 0.4910200459013821, 0.3270883416726692
0.4722563515195167, 0.4596875847172067, 0.4755038960529849, 0.31823010165619814, 0.49309677773244603, 0.9571101896654871, 0.4161326824112403, 0.5297748818507317, 0.4105161412941007, 0.612860418892336, 0.8343382809531827, 0.38845597401063525, 0.47696377813768587, 0.5103910789132999, 0.4045848139224116, 0.6641950159294345, 0.5995491136784313
0.5518992760092539, 0.7701831536123761, 0.6674380315036962, 0.5147257182655891, 0.37691932598952427, 0.48024671510594275, 0.7467548976322244, 0.4530742333410337, 0.5122329086395855, 0.374265490458799, 0.5284334390225444, 0.37920774084388226, 0.4070199038163425, 0.4403388173790228, 0.7131572413421039, 0.42106772121941405, 0.33352322560665904
0.42787420820394567, 0.5801976068175495, 0.4519023813205577, 0.7039766504630294, 0.28730946407891134, 0.34665057157546414, 0.34152064689259637, 0.2516703596045505, 0.5013509967308637, 0.5657281483965064, 0.6340408346216302, 0.8469405661631615, 0.14931700758006528, 0.5419239160991214, 0.2190171150064214, 0.35402945715151934, 0.638153511055926
0.5120620386560222, 0.27989821456014996, 0.46465650049429796, 0.5995861863676059, 0.5868831541841278, 0.2730956963387476, 0.2954858138911505, 0.7201015491524305, 0.54005906895699, 0.4799806925520462, 0.24601054622063462, 0.5857964942333526, 0.46818077755879856, 0.7098051142177796, 0.4942723180333597, 0.42884047025476835, 0.17812896632838987
0.3405478287348828, 0.6347475800334864, 0.4732688803999619, 0.4935452007490441, 0.5577200690309319, 0.2713787553445375, 0.40862453547677924, 0.6028742162700061, 0.3625465853733107, 0.3474312102272544, 0.559529460744979, 0.6980774943031087, 0.6879293385317221, 0.3626630531115098, 0.49760448256961454, 0.7273788370175415, 0.4422531240315565
0.7477631515224754, 0.341607003617902, 0.7160427636452041, 0.6219299141880332, 0.30948903376745035, 0.5897013486002118, 0.4293972544158122, 0.5927754711366254, 0.6795651708262638, 0.5223348946471293, 0.5161969790911632, 0.4563598284551458, 0.6661993050220207, 0.41276866666877604, 0.4121994856060511, 0.671604767693657, 0.5410205740390264
0.7266433347813666, 0.5404517351090572, 0.5583634656669019, 0.5849795785711461, 0.6198080282383538, 0.9282858908825965, 0.7576660782708923, 0.6483022858540023, 0.4711054634076977, 0.5693566435811055, 0.6457800352253126, 0.5451912828478648, 0.6311620507815852, 0.5108271422539938, 0.3417835031369635, 0.26939938501744354, 0.62626189100171
0.6612396459039036, 0.16776057464119787, 0.6963929108056026, 0.522725733849197, 0.6624411279427264, 0.5333934485391569, 0.6208188291940203, 0.30225375270898447, 0.3359923204810289, 0.359316068250999, 0.13659778693914282, 0.5487089713109415, 0.4323298031182581, 0.7593834359879961, 0.640629216447076, 0.3616044042833124, 0.6392994963722786
0.2915262334763895, 0.5858400506034254, 0.5740310605063729, 0.41351788655246013, 0.4331363678060236, 0.6739016399898593, 0.6035660133840914, 0.6521005647352204, 0.6271180149635459, 0.9343227458614154, 0.3471216127012239, 0.43675819965549545, 0.5635626528404077, 0.6610626846591859, 0.4135706506603697, 0.685133371354314, 0.5560205434749808
0.32247020693535905, 0.614121353353939, 0.49014206911633107, 0.5041358647672167, 0.3929835927048932, 0.3934222773751164, 0.36962882749783377, 0.5000051931936257, 0.738497711349499, 0.45532857105104035, 0.3296243944122673, 0.17462583805480103, 0.583376093406017, 0.18239968448757382, 0.3145847702606196, 0.580321175275378, 0.44478565130108805
0.7173420781506465, 0.5895376455389356, 0.2910831507116849, 0.09880301021505628, 0.29109830493010685, 0.5070993087061606, 0.6856127164756703, 0.6224292283514158, 0.5005970611783195, 0.6365116298162588, 0.3850316873893131, 0.5521361447526997, 0.8358366179330162, 0.6852635787915801, 0.5990691057168223, 0.3243825949596715, 0.4871895054582121
0.7167069274541302, 0.6378908466445752, 0.5826093212894707, 0.6332470006647384, 0.5315237257448886, 0.5530187000367165, 0.2936470394188653, 0.19831930196569836, 0.226594300176095, 0.4461393387046024, 0.5697312521431034, 0.7461122629908953, 0.6826800421127545, 0.5733275218449262, 0.489066178243893, 0.34047017544299396, 0.376163093630701
0.4519532063006472, 0.40940422967509826, 0.5141631188416135, 0.5821741318594649, 0.3890788216961884, 0.4513869389610336, 0.5134105431909908, 0.28040727273984256, 0.7961338780047291, 0.33559204417589417, 0.5239826176804447, 0.6360877801033419, 0.4645638592092683, 0.4288602303179473, 0.6405554366617561, 0.3965298298664344, 0.5751198277315227
0.32439418149074495, 0.5914843472797487, 0.4973556853544271, 0.7510818612871369, 0.46248873428190296, 0.4364791008233248, 0.5757379968895071, 0.30333919498898443, 0.4619101404690546, 0.4243141022541432, 0.4869571359841481, 0.12348375047820404, 0.5095486958239512, 0.5388910315705551, 0.18031571440048733, 0.5408900972517604, 0.41398703328270947
0.4612751230750707, 0.5406812328907068, 0.5016417253574883, 0.5916445904240552, 0.2781612139007978, 0.48573342553790033, 0.53333680924708, 0.20239344897367945, 0.5060397334907536, 0.3064897991474743, 0.3168319423358667, 0.4024256173351286, 0.47401516730196736, 0.6591294010463584, 0.4109001622243875, 0.9861362738596526, 0.3903797867728347
0.5485828829296907, 0.6524667731543508, 0.4140629782776526, 0.23113518322147997, 0.4725219575740459, 0.9032918344606533, 0.6335173675922954, 0.247008965367996, 0.49940224710254644, 0.6050312684405783, 0.38415606224944565, 0.5690898225663072, 0.20416272658268453, 0.6725722249805738, 0.5813360351545914, 0.5581159836104441, 0.30605851097791825
0.4011941191008158, 0.7528774119418538, 0.6400034075144082, 0.5314730403429402, 0.6490869989104089, 0.6997377450526568, 0.26344795303653207, 0.7904094117201624, 0.637345651716289, 0.37477435150586885, 0.4582809002949531, 0.31224044463151224, 0.30490321117539704, 0.3265447674681853, 0.3159258025455134, 0.4402650952834897, 0.31180313782223146
0.3674943901129255, 0.7761016468225972, 0.565343774077871, 0.5781307771078755, 0.30298974733073414, 0.36375403171819676, 0.5671512689263548, 0.32819786099473064, 0.7409835102084794, 0.5314079866437208, 0.46079786761467056, 0.5379451833337345, 0.3768724871846203, 0.7365524897713854, 0.5977676574474539, 0.46289448896888746, 0.36245716500883285
0.462790838598495, 0.3071564408847084, 0.3147106087283429, 0.7138611716976292, 0.08727355637780126, 0.6754028974116135, 0.14169718986114843, 0.3452699581843624, 0.39810748230409126, 0.5401486207017598, 0.5543259900823998, 0.6124299399625719, 0.36954960167349343, 0.3135332138140259, 0.47300441190008513, 0.30122665728439046, 0.6536340597060233
0.4687662269691074, 0.37898985661682827, 0.24447828557777906, 0.47569418286819715, 0.7461566213764617, 0.814880179521404, 0.5170370619143735, 0.7383015319682534, 0.5105766499684264, 0.31423793410144485, 0.5305764005627618, 0.34606908235008776, 0.647664350448188, 0.46450688447900934, 0.6783666754714781, 0.32455171826889817, 0.29634388796187516
0.4982396316518867, 0.4754800870391663, 0.6793618906745625, 0.5770657903295723, 0.6275774925017719, 0.5293909606702873, 0.7658274671544627, 0.4498091736298039, 0.6699980746243619, 0.14279555208794842, 0.08410887162764968, 0.3338832428237382, 0.5014082161024045, 0.5722904038894553, 0.27757583398803626, 0.4449798559408511, 0.4292325939569345
0.5418213523959657, 0.3427937638276446, 0.37603676499403693, 0.5237237894039011, 0.29770415280775164, 0.5207097982587137, 0.3068695897890467, 0.5142209276423096, 0.4935703899797373, 0.36570971410257175, 0.47336747161791765, 0.37171754792289335, 0.5104808285758516, 0.8626862241351714, 0.8136937410773978, 0.4111962055248929, 0.8321543442757793
0.3991981796435885, 0.5404851169171947, 0.4111334163395567, 0.6552110950505198, 0.5284705487848386, 0.6341480988580107, 0.2653720006852377, 0.624823525911309, 0.645381892283929, 0.361150552292033, 0.4102933334427527, 0.5072626630522288, 0.5332383675253755, 0.5738761915951387, 0.6814921348224926, 0.964093405317026, 0.31799958117545024
0.39358109679163533, 0.4183919146099504, 0.5564789284218171, 0.41209550923979127, 0.4881891451533823, 0.5098417214581756, 0.40276362857840975, 0.8385400074463403, 0.36592361033405796, 0.45273792103815597, 0.40749064446246164, 0.45991197362507596, 0.727230645977366, 0.39579349898440025, 0.224093910438587, 0.37879256255523763, 0.6509252574368796
0.4059900984051351, 0.6953720365569064, 0.4984745366463821, 0.5772353382932156, 0.3411926769964937, 0.49216854356139184, 0.5075734038724884, 0.6856614248225475, 0.5307217893301325, 0.3440799126696411, 0.39815545105779915, 0.34109789983147554, 0.6195354619943386, 0.7592921615692213, 0.6756098946896497, 0.2808475109084058, 0.5377869362799467
0.5718010005327844, 0.5578441216769022, 0.542478098359579, 0.740581485845947, 0.48015823773332217, 0.5130341184031485, 0.4662407411656353, 0.5080926384140788, 0.5778046444703462, 0.6133080493538511, 0.2318169459672672, 0.44894940360413993, 0.38028589628006115, 0.35958572033825403, 0.27281129711568497, 0.45308096744048915, 0.6773645776439308
0.6178373832956117, 0.6201576012566838, 0.4382847373459029, 0.4888744194673696, 0.5877950003540449, 0.29891671355691685, 0.12733165162726123, 0.544024000888012, 0.750210917732343, 0.31273201370577625, 0.546542565035239, 0.5157510557528627, 0.49417626381025914, 0.29168108315027486, 0.6935077121207092, 0.5986143486891131, 0.5921215404085923
0.5178506227241402, 0.4197435022970282, 0.479489532383765, 0.41619770920507937, 0.38166235749308286, 0.5013361827225049, 0.7122818110356283, 0.7771605908093984, 0.5296953729590639, 0.5491339560225215, 0.39808018611595564, 0.2914139872910183, 0.7327047532325697, 0.5312220875968847, 0.6072272546547562, 0.614441732580235, 0.36510519916309253
0.3258601387439466, 0.7205433263300948, 0.3514022887148264, 0.386376002692048, 0.43634805218137446, 0.7039590470382067, 0.7000014619140152, 0.6313496094715862, 0.7196411679329794, 0.4513372002236577, 0.6887009377198297, 0.36217319839638834, 0.4034346014114651, 0.7063573515529584, 0.6900547791394421, 0.667443097476278, 0.6515836946050269
0.6279427283174802, 0.37941332069337175, 0.5501999816901001, 0.4762890440602038, 0.7851920554708451, 0.5787766874898311, 0.49664079090230817, 0.33945230323307646, 0.5996646145164364, 0.5231694153067402, 0.3394764596011177, 0.30224027044809476, 0.49398052938317427, 0.3418616562883463, 0.40365443860034816, 0.7334256657991598, 0.44602292687413664
0.7114923992209515, 0.461149296757571, 0.5356851115586061, 0.6316445638617607, 0.59012252593982, 0.3870481921192152, 0.16963643461154043, 0.7267106822196462, 0.6794124390774555, 0.3059734613588279, 0.5942492578112416, 0.34405053935520835, 0.5188848654250846, 0.18012390181305654, 0.7790948391632166, 0.4017615460675145, 0.6511154027279915
0.6544709158593085, 0.6242918915530108, 0.5909023336447432, 0.1987692664337256, 0.5208290791012448, 0.31568662332951647, 0.48898773384628835, 0.6516446001742551, 0.5417995526273416, 0.2300369010756173, 0.6667107541456632, 0.42165016447641557, 0.4780462125578656, 0.7410800420432734, 0.7190424641926942, 0.4076183366924303, 0.26813131387733025
0.7719539290055288, 0.28248880671079896, 0.37340534236292444, 0.366595033552057, 0.5097860400983011, 0.3965383973751842, 0.41556669070955243, 0.6590035361247131, 0.5490676738948591, 0.24013788113516343, 0.3915482556848564, 0.6126929698169238, 0.6596379815325287, 0.5214689453048309, 0.38401326834889205, 0.6548122881122923, 0.46257012815017773
0.4412731277085694, 0.2892410749766467, 0.45547274716595776, 0.78895014898158, 0.3208803261331919, 0.6698347135320227, 0.6852933782657169, 0.25536937456200814, 0.4217105179887513, 0.581731870086925, 0.5897084130159761, 0.6195871328395729, 0.3320705285721212, 0.05186381583901467, 0.46127074196162965, 0.48254520011511165, 0.6863398259865026
0.5465040537199991, 0.8450137407691256, 0.43837542987717654, 0.4532235028683292, 0.3629475359188677, 0.7591934101592699, 0.33819042745935646, 0.47744227865381594, 0.5994560273346755, 0.5928190608000186, 0.6776290956165903, 0.4466407316654244, 0.8802356737801149, 0.5274244422491001, 0.4776914987848937, 0.5051788964415483, 0.06634870141636884
0.7111493407548719, 0.7429663972342184, 0.4551544168313359, 0.27915138734394496, 0.49865147924259046, 0.5375083052155212, 0.3584276433171008, 0.7071294750162723, 0.6696991013048479, 0.7035725818179124, 0.6831827635475126, 0.13826897420827666, 0.7095191259726907, 0.3294050399717814, 0.44800644591228966, 0.43944179692792384, 0.5329413775417422
0.5259926103459844, 0.5809582631836732, 0.385786556772465, 0.36443920790235035, 0.4688113508716085, 0.5291959123892067, 0.6285579355326872, 0.4548827395251702, 0.4530196612768958, 0.4978012348755682, 0.31216343766468196, 0.4599981952661389, 0.6842810328232478, 0.590966597349486, 0.21167406110063702, 0.470208932922047, 0.5846613127380111
0.3776006403628261, 0.4970418481080375, 0.37622571367226915, 0.6448887044312666, 0.38105253846043907, 0.5012220189716174, 0.7265829995484294, 0.5524982352443683, 0.26543723024946697, 0.49518796419893596, 0.42443791700372707, 0.6763019499734242, 0.7212587994098398, 0.6978683957170474, 0.47868818195421364, 0.5030429763160659, 0.5513111412633915
0.5016228157878387, 0.8666608300701482, 0.4589508406865551, 0.49510749307081336, 0.7554118843060053, 0.7098260412821422, 0.563591543212116, 0.7445946547847475, 0.7306340633467279, 0.42875614509888393, 0.6729209893501564, 0.7318822813720377, 0.5060477619371208, 0.458495904379492, 0.4667156573241701, 0.750602926490596, 0.6121988205236495
0.5307773978854055, 0.35671631166527734, 0.5443554968605561, 0.4684436541865394, 0.38558916189924564, 0.6168085705643406, 0.46379318406039016, 0.6268378254397875, 0.45909994665234327, 0.353658560362549, 0.6846927763480193, 0.5439990128226813, 0.35267745069644185, 0.5428790714555753, 0.6592255336914316, 0.4619358958114254, 0.20277098610703614
0.7341075601193352, 0.28362675907765666, 0.38922963632951174, 0.6628288950035508, 0.4112942863293326, 0.5140379133646431, 0.42441996078001654, 0.7867205346730957, 0.4924215295827788, 0.4093124285856986, 0.3960848147162199, 0.4695564012722007, 0.3432153995829289, 0.23088376634970642, 0.47470930643943043, 0.49278788510221855, 0.6076840774818028
0.6536362773865239, 0.6611645404413511, 0.17479600649798477, 0.8470708910410892, 0.5425256611472594, 0.6004589357002122, 0.4039919692862837, 0.7003350086279742, 0.5530053161784219, 0.3764427520478013, 0.3731052767589289, 0.3205475359747999, 0.43804769382034436, 0.2789201339697975, 0.5541408606248116, 0.37728748231667175, 0.3842732858609805
0.3018444885560564, 0.6346842738002446, 0.574117757647339, 0.6065485546519326, 0.6131622769487947, 0.6383066003690598, 0.6151175495086664, 0.3966705622825263, 0.6376031551939874, 0.4219269561788221, 0.6074624532300179, 0.38735499051448286, 0.49256603151006756, 0.5569660162226624, 0.10125335506428912, 0.5233519839984089, 0.49741957938571785
0.4027008872135472, 0.5522440428824203, 0.5890457570201213, 0.2849673183868741, 0.37345808218472104, 0.5145208083320963, 0.32533712459250225, 0.5116811190070994, 0.6456020406928575, 0.47536851640951444, 0.5939809789220205, 0.5254968673826274, 0.6327534253222299, 0.3579975434512764, 0.5343988554107594, 0.7460849787660495, 0.27631916481808283
0.8514551903078833, 0.4242206853042788, 0.6482547575901402, 0.4365262489228351, 0.4680858912737974, 0.8683138949352482, 0.6575859517413472, 0.17799839969890324, 0.7141063312094741, 0.3210356218131214, 0.26461504535081143, 0.767500312260651, 0.37588748664311533, 0.6017704761758591, 0.31302061942509257, 0.338138879989941, 0.5269208484100742
0.7068128269725658, 0.6430738777295397, 0.5132443123670559, 0.4539509228179661, 0.5307467517703673, 0.2654595346034146, 0.5940228597660512, 0.47133244818245756, 0.3066864265796821, 0.26755840460741265, 0.34313753615207004, 0.35035689056997144, 0.6658466320744573, 0.3087687766883781, 0.6923618735665126, 0.18749767340230727, 0.6144241790611202
0.3415834131737429, 0.9443917034218973, 0.6921676637792542, 0.8094733053422887, 0.3563516837123467, 0.2835792329714777, 0.5223858271583288, 0.5440295626199727, 0.523385129259852, 0.9427837965291812, 0.5445685494657376, 0.45231881882722247, 0.6707227500299454, 0.6920121638083014, 0.7409296530396214, 0.6266895920499845, 0.7477729099777379
0.49162274452531635, 0.49115152141429125, 0.25132973624769617, 0.4401836723970834, 0.1875726015396625, 0.9515541902016841, 0.39607255339109615, 0.6932373101713147, 0.3066109688691875, 0.611791643354739, 0.6857219912284918, 0.3683931903399216, 0.6014941496410551, 0.2432425593463865, 0.6543848771694096, 0.8970966638339885, 0.8364323861701339
0.07589606154819395, 0.16078855288570737, 0.3048479909865855, 0.6731878518191645, 0.28595797798163075, 0.5550758410074325, 0.6090805960084212, 0.6107077126736046, 0.5692258235011513, 0.5252887369568137, 0.7470874687257227, 0.27043948502541953, 0.8997927247140554, 0.49469600732829455, 0.36535329892333357, 0.3347818577940367, 0.5532309651421147
0.7346075355298936, 0.24826625101729805, 0.45658780117657083, 0.4761131443874881, 0.5436980048875009, 0.3756893827317638, 0.453286716302564, 0.49141909941211204, 0.7945327499465094, 0.7055991935133239, 0.6820989822160989, 0.532810029138649, 0.40458484745187795, 0.10899425701479226, 0.7572433547245594, 0.5463198293492889, 0.1924436145363277
0.18553436386085254, 0.40952333273724406, 0.24754130651570727, 0.7234963826399072, 0.5029940021234611, 0.48866450548305534, 0.6368643792568299, 0.3661714019926759, 0.3631643264663097, 0.5873496170065734, 0.6407544887923591, 0.735825333368834, 0.5160828096388967, 0.6878652874719844, 0.5748776581491923, 0.5820663550600154, 0.6055264844312728
0.25478435108957687, 0.6993648012658086, 0.4002094540067863, 0.4669511274380569, 0.2895860219381275, 0.5311291079557737, 0.7832370566513951, 0.628975624969192, 0.5670363401678082, 0.6163647639662975, 0.663702835352245, 0.25837427529751467, 0.5595584908110273, 0.5493448226954594, 0.645467961345827, 0.39324306959131994, 0.35338744743012573
0.42883116818936845, 0.5966758040051613, 0.429204523986506, 0.5880449742760382, 0.3264572437810773, 0.7017232646901305, 0.5873509724378809, 0.5916403405773708, 0.7000757260268189, 0.5356162648707775, 0.4812820507989607, 0.5544783789420029, 0.6468424678864693, 0.6883519375779056, 0.5698145434996593, 0.49459473768553625, 0.7729190080746179
0.20149741293906587, 0.5123746647932567, 0.5009453996413868, 0.19543505617165785, 0.4317451499233053, 0.22993642281393112, 0.5342205038440323, 0.36703006021752105, 0.6475093585291712, 0.3951390343433435, 0.6421148545783262, 0.5939025589227888, 0.5545705293499084, 0.7485758817180476, 0.4756731590774843, 0.6213522424998712, 0.3310636350286833
0.7113983059259619, 0.45224664929129527, 0.44726280753965614, 0.21101963545231772, 0.6377681522148717, 0.7812729315854703, 0.5018800320978674, 0.8311322061466863, 0.3072760486440885, 0.3963580759867605, 0.6205448679055031, 0.47224948381463727, 0.19417881743559412, 0.38414993802063824, 0.5484595322147943, 0.5229305606106717, 0.31524327979710676
0.7765456139645213, 0.525549289595065, 0.42873849770134786, 0.5585568831191713, 0.6400497265900866, 0.26688788223048243, 0.5144567195829995, 0.5999900414239705, 0.6014761550401122, 0.44409607012522656, 0.555658648613015, 0.7127936975662708, 0.2640040908144357, 0.4051382857499541, 0.3526172963716757, 0.3597328439058234, 0.5541524022899713
0.5945755791479218, 0.5605788852004584, 0.4756538837934186, 0.5053652882061723, 0.5537492192810054, 0.6804068009429989, 0.47443116733569923, 0.5341717117764119, 0.538204766070786, 0.6073535699275825, 0.5425476460397496, 0.5234898609118726, 0.5681627584532232, 0.6088881132415112, 0.5186374777854799, 0.7115893596105234, 0.5907356714788595
0.8429050631824643, 0.4095682751826307, 0.4194367075378069, 0.6281738217486469, 0.4707641713333889, 0.328016498332151, 0.550911805363747, 0.5450078693445889, 0.32173312180506236, 0.5196092328287675, 0.44765258553321174, 0.4655718384337023, 0.6859280829805059, 0.4722143027525934, 0.6936986967080856, 0.7404912040610776, 0.3581040404199348
0.5253912249533834, 0.4983426134582391, 0.39465770663169264, 0.2832154575285221, 0.5207798158963087, 0.5718624672320393, 0.24830267965583563, 0.531414262095794, 0.47962229709453974, 0.4869208225754235, 0.3630306728429875, 0.19342740135038455, 0.5087932426515365, 0.8024863977027266, 0.49874297328283784, 0.5641131282882277, 0.4153707435748114
0.5489613154192112, 0.6173037607855487, 0.2506458118711122, 0.7317500218914668, 0.48161153757429853, 0.5394227726002083, 0.5962190093744824, 0.8857776036639509, 0.5012405001448299, 0.5114156155577843, 0.19731943585726963, 0.6157575793624004, 0.6889344157174453, 0.5096698306134176, 0.5411512281498008, 0.46078893197802384, 0.6302504833242306
0.6439697284392705, 0.6283172164525115, 0.8471809259772747, 0.5569941571603929, 0.4929120866968613, 0.7237262925485181, 0.530661448636092, 0.537460834490373, 0.2032267276821113, 0.4811288679492792, 0.6098629953735919, 0.6767672508639794, 0.47681855778910276, 0.4053937790555862, 0.3486168272007565, 0.4412915538002793, 0.2825289791651755
0.3633723908289127, 0.6007525337613687, 0.39365311542386905, 0.27871924869090414, 0.6058626360545134, 0.4788663249510175, 0.7124397936520268, 0.37187670335178247, 0.8212873224526117, 0.6322841470345191, 0.6102272235832193, 0.5020675366966311, 0.5424641286331786, 0.7488170180885956, 0.5841095399920985, 0.30503777126453574, 0.5807999400838804
0.6134824061362569, 0.5204142133305047, 0.6929735185241832, 0.5740438352943338, 0.2845907500887538, 0.6338339492965692, 0.7584170145539171, 0.6283012843874827, 0.4820914147325535, 0.30920349511809325, 0.5436102936171507, 0.4685586031745096, 0.755924136503293, 0.5856421321895615, 0.5270069628030665, 0.29809125900955524, 0.3431678982037126
0.8270534049614539, 0.6135610537470491, 0.41400825163741944, 0.3620104487486926, 0.6606520571006447, 0.7196430889233499, 0.4560597929993689, 0.5392090439631776, 0.6153749601922073, 0.47853094827927634, 0.3450737602238383, 0.8169207964792438, 0.6920885434462919, 0.4149079825266492, 0.61110204227934, 0.222840859487267, 0.5734401659285264
0.3489286950052968, 0.36051512758500004, 0.433180607641907, 0.43346152545103, 0.5519880069564534, 0.44362434346434054, 0.3092819845626412, 0.4633642025081717, 0.49650735723210443, 0.5754886840028461, 0.43683516384546694, 0.1458794379268577, 0.7090162999768086, 0.6596752343680505, 0.0737000973242618, 0.3041673604264279, 0.6786709807013924
0.37612718242466636, 0.5317469088010489, 0.44414787385454735, 0.4571355338856731, 0.5686071108749398, 0.35779597890003656, 0.4306698066416929, 0.33295411923270857, 0.18840059362206557, 0.5304759311560509, 0.3940680126156989, 0.6158126072543112, 0.4139451415951251, 0.4148194244804739, 0.3375710643638686, 0.5410942099685881, 0.5993395577888759
0.2652040879202795, 0.32617903441073137, 0.7286432562883227, 0.5915019377999642, 0.24716891864418333, 0.5066398196556892, 0.525939169529257, 0.5642949318509506, 0.3842839781213304, 0.4707306004300218, 0.2619769971376209, 0.6025695076479632, 0.6216618169564008, 0.6358044734273511, 0.30998602292385496, 0.6739114124879939, 0.27028505930111985
0.3320762316872835, 0.5448673982463681, 0.5413806059533373, 0.570258853939945, 0.6738005091498698, 0.6002829102232836, 0.545629700581364, 0.6249414249983753, 0.1517480965216635, 0.24343447670440932, 0.3457087020250234, 0.5282869386606779, 0.5910036484306882, 0.515474143313714, 0.4463161376390004, 0.569925606947705, 0.32475821758248413
0.22005388432859763, 0.6580000711860002, 0.45322134373292977, 0.8298977455458547, 0.4093648682683985, 0.20769262454377374, 0.6384244010522504, 0.34354576184508023, 0.4586964277883281, 0.5319303502897773, 0.5530569709189376, 0.4822649429354605, 0.29475699469168354, 0.6987752332014757, 0.5128463307469528, 0.40662424814018633, 0.6032240041584913
0.06462106813589252, 0.7377873899769072, 0.6881001750785971, 0.6977068024252373, 0.14055968356688092, 0.4432711878134406, 0.6712164369845898, 0.4414801491699134, 0.5233227804497425, 0.2973351996795149, 0.5384890771700286, 0.2099580378127171, 0.5762030572437344, 0.37795088922468395, 0.5705066660733619, 0.5835589780647896, 0.5874542566042282
0.30186382319944505, 0.45886305408097716, 0.3493210796423247, 0.6429271873875537, 0.21791144392496614, 0.6700266803468906, 0.27139231721885615, 0.3184249539280201, 0.08051037229802627, 0.3151911741030753, 0.5748083327978984, 0.3789759598208803, 0.7131875654487752, 0.6384086757453122, 0.23472313836602332, 0.3404080844287098, 0.4233255457004382
0.5969403099853887, 0.30892015387662336, 0.46821875736579865, 0.4702433824067375, 0.5007661930917534, 0.32415619897352005, 0.5461321003924074, 0.5037191917945468, 0.5501459840534264, 0.76721263987873, 0.31105539552646844, 0.6423599608025523, 0.1736361856545796, 0.5477354196273407, 0.7751563563980142, 0.5929245451962744, 0.63190337328433
0.41057348413308414, 0.5092030555434396, 0.5712094755011874, 0.39518077050409156, 0.5795379956787159, 0.6966484271307084, 0.39426420881552554, 0.48014297560089314, 0.7689037736542379, 0.47187218089526145, 0.6250280118930625, 0.30414815982027626, 0.6853861851668951, 0.47426683376998263, 0.5963907482910772, 0.13703382873599057, 0.45021674615266827
0.8690369026287263, 0.4734299155435575, 0.6628739884417623, 0.614097221150314, 0.4592773391058217, 0.7154959000889821, 0.21468601786137598, 0.41832128927160633, 0.564268305705375, 0.48704617590619165, 0.5499793476367821, 0.4855221665511664, 0.4184124267537325, 0.4833792345115112, 0.210518239898155, 0.6727999207683004, 0.020226720166797774
0.6667931669255661, 0.7633587055782275, 0.6760571286540192, 0.444684840776907, 0.2729831442258745, 0.2040542219770285, 0.6310259057178739, 0.38710775750728754, 0.5621637584074571, 0.4440441328504539, 0.6186750577678064, 0.47067751557076576, 0.3503347138292223, 0.35770726524702934, 0.2712945233641698, 0.6059848766023382, 0.5277434428600165
0.30037530772885124, 0.6280567426423398, 0.6128555271454552, 0.6823703941141503, 0.4638810887016531, 0.45334838328988025, 0.45969784020708404, 0.3428203728622868, 0.5901427944766598, 0.5796365554412319, 0.620966386733592, 0.8132203985996338, 0.7925337252914981, 0.4936838771630506, 0.5924312872368793, 0.7050646614237868, 0.395265378289419
0.37382329951670185, 0.43719230498432093, 0.5990451909215828, 0.31633045127764925, 0.5353350710702706, 0.39156168472079145, 0.447142582987174, 0.31408031390442637, 0.5104191236368325, 0.5052442367067932, 0.7440245405373657, 0.6053502363302539, 0.5901740128229525, 0.913455425348331, 0.44674706992034074, 0.5923424400315169, 0.3385686577746953
0.7384921078879019, 0.3641515013896819, 0.4077538695394479, 0.4109160020967956, 0.6441337485821572, 0.6198629573517941, 0.5031098017164686, 0.3779961394527638, 0.3666153644919609, 0.4991076971230464, 0.5494785893671034, 0.4485668256451888, 0.6423382018135094, 0.6808767457017011, 0.5248231854059241, 0.58696717814147, 0.3573069442165078
0.6022940716890893, 0.5020983180085459, 0.24048417880168932, 0.5666463207099189, 0.36067579401291694, 0.47611356611355854, 0.4534249524931293, 0.22986225995854115, 0.5327243898749903, 0.26909227181930373, 0.5485116279557913, 0.6003648397869618, 0.3483433663456688, 0.38226906329316923, 0.7319405431184893, 0.3968905284278971, 0.4794248691288515
0.45454226824053323, 0.6042447653475098, 0.5233375949456947, 0.4268808974631916, 0.733960876336578, 0.4787361382996245, 0.5231599764359413, 0.615910649358376, 0.5547802878946171, 0.8002668188373301, 0.5668457574867749, 0.4319978595905608, 0.5181058708745064, 0.9985949902858806, 0.6047609080005557, 0.2926306871761607, 0.5566521599201129
0.11852452433970634, 0.3832253105584008, 0.45250795645905656, 0.7534571623854596, 0.5520976624401411, 0.5612780198045153, 0.5457292613171029, 0.3800333409460102, 0.4956573876725593, 0.6030546492869302, 0.41207319218132044, 0.4738345901591405, 0.706559562534443, 0.23948126097230626, 0.6525850246077123, 0.5923510042377906, 0.48849184527187484
0.6131759468542266, 0.5430888582377846, 0.3908347393863403, 0.33608430015807217, 0.2358441380427529, 0.4976789267516014, 0.6648733574758675, 0.7343269701231844, 0.5186246531622826, 0.44678306214575697, 0.5987895025157393, 0.4122203735409076, 0.6181950887379579, 0.33894551223500313, 0.5203000199182709, 0.41797476157255425, 0.6684812458599936
0.4541291162517593, 0.383114970937535, 0.2505277373177112, 0.677671524586245, 0.6198850915581363, 0.3478149191258766, 0.5849422523383678, 0.1217410651094788, 0.5481670179747403, 0.5762726662058313, 0.8818010623201058, 0.2602946409564414, 0.5327600775307147, 0.4375181699729429, 0.520274635449504, 0.633942898094292, 0.3978100968518537
0.41862307785022745, 0.5573276330828989, 0.6406800060166289, 0.450025722269017, 0.5167198626425556, 0.6514037006225244, 0.6097305344602133, 0.48808073496437626, 0.5485336276204634, 0.6144408393320717, 0.3536935675601831, 0.5759129041630738, 0.42058504927352924, 0.5152768573329298, 0.3182601978234642, 0.2091417716533313, 0.38238280710095324
0.0505190250029,57.154491053,363.335139596
2.37431581144e-05,7.91048123991,215.124217286
1.5555727213e-05,20.1286346765,405.465636223
0.00161504964425,43.3467335718,616.022580761
0.347031566531,97.0523918083,663.821911327
0.500272624104,207.23789353,836.572503784
55.7428663381,468.006309171,1376.56441396
346.063234515,1016.19215882,1707.68600525
