$x1,$x2,$x3,$x4,$x5,$x6,$x7,$x8,$x9,$x10,$x11,$x12,$x13,$x14,$x15,$x16,$x17,>>f1,>>f2,>>f3,>>f4,>>f5,>>f6,>>f7,>>f8
0.6312544429726785, 0.2697229930550662, 0.44536963714875505, 0.42292927767283695, 0.678139686545017, 0.6517576358006789, 0.4826760231651745, 0.6354452744652455, 0.5872754605765059, 0.7390544289225247, 0.5188037763653812, 0.45847338431051776, 0.9474042264019169, 0.26956462357713923, 0.44421547330518235, 0.6187054664533789, 0.2354132745535888
0.21714023942637395, 0.6259117057851101, 0.39260679113996866, 0.37782972669132425, 0.5297919998602567, 0.5870748306393749, 0.4425350257183169, 0.22838519016347625, 0.3655686399776779, 0.11956286265684313, 0.4220441636060779, 0.4540415019156401, 0.542476258525748, 0.4903700188510019, 0.4729915687868273, 0.5247768319631384, 0.30967400954492486
0.31369883090328243, 0.6353170751167276, 0.5747287953622778, 0.9418797243856228, 0.5974687008243427, 0.38746235601172246, 0.5385965489487025, 0.5651275477568863, 0.1661454782658051, 0.5143628249244081, 0.599592847336999, 0.3538842756158522, 0.5025720380311771, 0.6081479309835696, 0.32613152190324124, 0.6152620813882008, 0.38204153359198256
0.42582012132751673, 0.533916042400437, 0.5121417501747998, 0.5779585170937989, 0.7635441827763455, 0.5274651781858588, 0.5913867186879217, 0.2537932549023092, 0.4850949614805192, 0.48783875196768434, 0.4235268764117862, 0.54651405369068, 0.21760500139194877, 0.49966079038370453, 0.46947229035269433, 0.6089049514354729, 0.887044462343136
0.5730713817456751, 0.21300387429169487, 0.7248948604929417, 0.26125021477372895, 0.7464870222788079, 0.41372507390476887, 0.2591306501144037, 0.4975895993424839, 0.8531869045363566, 0.6035491401571137, 0.6506237256484582, 0.400015110645608, 0.8213630601993746, 0.5190270184321572, 0.6503494078465024, 0.7220372129682517, 0.6577074349232332
0.2824287156523885, 0.4317571639866276, 0.4000608738581474, 0.8485921422247922, 0.11505463739211813, 0.241934684267328, 0.09899515658029528, 0.5228320355090703, 0.30205434135811005, 0.49709761139632175, 0.30409185828354124, 0.6636650932223109, 0.3335401334350482, 0.16276079529805076, 0.3990944198441787, 0.42435847812648597, 0.5378712974706057
0.30057853145411456, 0.6317553128723634, 0.9025205776448988, 0.5660797849067436, 0.1280158704225688, 0.7400674010401804, 0.41809586250771696, 0.5183856725615631, 0.4237502970544751, 0.44651624001604306, 0.38173189990863343, 0.6104091287938382, 0.4466524935105441, 0.58715803552355, 0.4949156214192005, 0.506414857517103, 0.6578589990006323
0.3816622833609436, 0.5435407656966161, 0.7231668974311132, 0.6944881830977309, 0.39177696127197803, 0.5276069192166384, 0.42619269368092444, 0.8003520931040904, 0.5203800438468182, 0.4403631723030929, 0.6586433067543085, 0.5860871804995818, 0.23784975216388615, 0.4909129659426927, 0.5557137325488614, 0.4434408169976262, 0.30241210299201005
0.3925830125657248, 0.30264975061384813, 0.4752384501739654, 0.5333173216499558, 0.782649740689273, 0.6663690439383594, 0.6259977253047699, 0.5974617897063396, 0.4901851062460363, 0.432837823577398, 0.3964681286377464, 0.6340937489660139, 0.36141210168159843, 0.7426341897697919, 0.5368155146660519, 0.35990991103145764, 0.3919559706813084
0.382226699559361, 0.5708317404083536, 0.6695807476926405, 0.6471533008112507, 0.33353310790869417, 0.609622222429606, 0.7267453475514418, 0.28668863509915155, 0.5371489781481086, 0.2113534169277218, 0.048203783813607126, 0.5229826336305923, 0.3768144996795958, 0.5610163509135816, 0.2599160329664575, 0.3631260468641254, 0.6443051822084345
0.5709042754203428, 0.6460825012145663, 0.540096724510116, 0.45477732872795085, 0.8995348997372319, 0.2822406724419608, 0.36719947445153267, 0.5352827407604329, 0.35028815282843073, 0.5584401213949238, 0.5672742645564344, 0.30262215617633786, 0.18119319487490992, 0.33869841973122466, 0.4556034206744508, 0.5257470208219308, 0.5491423243054506
0.40245031801925407, 0.8451879013863501, 0.2957795966147378, 0.5057510394039707, 0.29749326497294304, 0.2817045232596307, 0.4974214959234032, 0.3311713429853226, 0.3172186048082797, 0.7077103794255533, 0.512349459055208, 0.4543143582112712, 0.3306384087827297, 0.5955001717621459, 0.5872776982201661, 0.35970320475964057, 0.5099846995264835
0.7263517161347173, 0.475404625947799, 0.30419772566430725, 0.8334122580652421, 0.5330348048729268, 0.6231777665307879, 0.6320504401244976, 0.27814805999969394, 0.946776784895962, 0.5817353571772086, 0.45480534637007936, 0.2711730164614029, 0.6556076951461952, 0.47040061653042614, 0.6449082482476202, 0.4229370636890717, 0.4136307777821212
0.2337394277619822, 0.6393996557229329, 0.5016881336566522, 0.6280678270078588, 0.3545209876768106, 0.5997743849652641, 0.46701981270917325, 0.581891047765716, 0.7042387318247353, 0.4905196204849443, 0.3192762912258177, 0.4166275548338665, 0.40716274583064643, 0.6124773735954918, 0.7073673701825387, 0.612830412903681, 0.5109259787044351
0.7833719802413608, 0.9428134826604129, 0.6919049027483867, 0.5784724846031982, 0.46228960004757835, 0.37407840194684355, 0.7888703324001706, 0.4494889206052475, 0.5348746875928677, 0.46647244051802356, 0.3964285378419783, 0.4724187736600985, 0.8842744432450025, 0.5167265572459205, 0.39196578067209153, 0.5047895910110803, 0.4829250419023139
0.5526783584420973, 0.8512261715615791, 0.2525806902628758, 0.44927966883943277, 0.501293755662299, 0.5952550178316076, 0.5549292653215369, 0.7224898866178516, 0.514859287733277, 0.40771262247677176, 0.24311913396351031, 0.6358809930378518, 0.4722933840558722, 0.5288041146308295, 0.3307586162586389, 0.5485289652241159, 0.5255548823746164
0.6886987167682119, 0.522730557375767, 0.47348775742180566, 0.3668460155876662, 0.6007121576082921, 0.5377092157091447, 0.7581102305473795, 0.4590971365583971, 0.5052126187879868, 0.6647764834791348, 0.6828229011421661, 0.681187982770243, 0.5740645179908327, 0.4935603793380569, 0.58612817595, 0.29186699028232355, 0.7933532083434403
0.6603407356226104, 0.5241406345259411, 0.6640556431082889, 0.704429656480432, 0.6200006381163841, 0.6539073742482191, 0.6332786693895834, 0.3869409144501188, 0.4049583350301891, 0.354014831840817, 0.42626190153669, 0.6344596212724356, 0.37127441487110513, 0.2929162612493757, 0.5485368395892819, 0.4483390718947829, 0.6979990880460278
0.6030405283376485, 0.5655294749136606, 0.5275660695609076, 0.6276592787674277, 0.44700987929883196, 0.5393635747624121, 0.7434108007735563, 0.4079080199231536, 0.5374772765694306, 0.25215230436224734, 0.43056116157183855, 0.5317085486123697, 0.7166656344558064, 0.4720652912796346, 0.3071583761882786, 0.5778954424709617, 0.3160976744342393
0.2052470794612996, 0.3398219296557784, 0.5724390630713712, 0.3413956956441139, 0.5370696339200054, 0.33022081414709115, 0.47544258577868714, 0.4267518936303154, 0.4454498718271298, 0.5868430487020768, 0.15232033777921616, 0.6471101701173873, 0.20206017734994974, 0.37608360937597246, 0.7243320532518838, 0.7482939399396955, 0.5490691748774947
0.5609291458929972, 0.29590772342205074, 0.8622631744801943, 0.3944186667938612, 0.4964969817339588, 0.57211251888252, 0.5673277073225333, 0.8794662253061947, 0.5635876542031701, 0.6369319221254468, 0.7493519179317577, 0.38285858155026553, 0.5443017821052049, 0.5271779378147046, 0.6044925085232271, 0.3113074107237922, 0.49068713463318714
0.428952410807993, 0.6080907730415083, 0.5201897722501776, 0.5255222743654252, 0.7959235373182808, 0.4083074870824092, 0.6791837107945777, 0.49494258163836696, 0.3566524165692293, 0.3479820176319989, 0.6943210444612411, 0.4397681816054516, 0.7031522377234337, 0.5415327376548054, 0.5814431945369151, 0.5407622104138257, 0.5883629396865055
0.5389999582027808, 0.30473406418954807, 0.3535959322510913, 0.5778654238627841, 0.5046294741002921, 0.46159401393382476, 0.4596871819826032, 0.8048233549602145, 0.05640513096222877, 0.5678734059042638, 0.45601357500907036, 0.25278875259183387, 0.4693288788447099, 0.47033869342441537, 0.5500170375950248, 0.3297988996579758, 0.5582779905370374
0.5554131796894903, 0.3603106686196658, 0.6520673218055879, 0.6313671355003344, 0.6856792427734502, 0.7181195480020479, 0.5767623928127165, 0.357556247353647, 0.1754339429159047, 0.26612010258858715, 0.4156506155360501, 0.42257837226048645, 0.3788901803448159, 0.2545791579237965, 0.6898082209343219, 0.6718016193198924, 0.3095670093219067
0.3230875150821618, 0.4807840200207377, 0.539427646674866, 0.5957296400764721, 0.4753209769163527, 0.4547987085235288, 0.5049955087990464, 0.6422695792469109, 0.5231258555144234, 0.7661746813712387, 0.04470863009206333, 0.5582762758069622, 0.5334529085636346, 0.38183037252210306, 0.5634006323452044, 0.5492203611996387, 0.4913897364239183
0.41350017319287924, 0.5841663016023606, 0.4297375925139931, 0.5993242969261812, 0.4514167158436746, 0.6002162449025437, 0.536163910429426, 0.35353094097448956, 0.4668166824405429, 0.753049567024899, 0.4858035303467431, 0.46808393412323507, 0.5559321914588633, 0.6141643709367848, 0.6247909172259043, 0.7146989721560584, 0.8406676774910953
0.5279683772829529, 0.5859180567629022, 0.38407955419844, 0.5001637554831798, 0.36315815373852217, 0.6322263833500805, 0.6366247969811235, 0.7270390120267384, 0.6822411302413869, 0.5257586360581996, 0.15948071048516033, 0.27170615962166733, 0.8230632151570477, 0.21899063434921845, 0.6853060107046891, 0.6630029315631922, 0.47210655173051264
0.549094364739841, 0.5418159933322082, 0.4092244508700135, 0.5078889594195107, 0.42696908862903266, 0.7066935694205037, 0.6114195865472672, 0.47621472490862876, 0.7861224224745926, 0.49129042840205117, 0.5260185466691308, 0.3240740636709091, 0.4733940063787145, 0.5945551986044821, 0.6338199291710738, 0.416722315302235, 0.7164364788458488
0.32280090766668296, 0.765640196429871, 0.4886450934957815, 0.6621754607360391, 0.6920156806479865, 0.5904144401974137, 0.46509566847568473, 0.320889489370186, 0.4176772088752869, 0.7566526966986786, 0.4238960656633177, 0.7024152391452085, 0.5467058853286874, 0.46819224343029153, 0.13491548521989938, 0.21686829172179684, 0.4228824617982169
0.6966581580787021, 0.4485807760900035, 0.5710443868685728, 0.5071397132881169, 0.6277001632514574, 0.47562504126682814, 0.4019854843270434, 0.4518295966616755, 0.43212370702517056, 0.5170987580280801, 0.551804145861116, 0.513067036339782, 0.5742958975986779, 0.4005393777902632, 0.045940557123662185, 0.5274293208013621, 0.5796793570178905
0.6821630461441377, 0.3397891898696206, 0.5574757032140589, 0.3034333630676751, 0.6666329659352359, 0.7080241762284658, 0.531393122463201, 0.621330713536901, 0.18422787162147825, 0.704427977429385, 0.7318555529922823, 0.43023945595985374, 0.4595005049931956, 0.8848525282170208, 0.34431073735754236, 0.2924833440752523, 0.006651056937585165
0.5344528451343435, 0.39579800541786003, 0.5972801114294344, 0.7883091905855593, 0.2627669206528854, 0.45094365818041915, 0.5531005698362592, 0.8606892555289816, 0.49360554752294233, 0.48471387625485596, 0.5822247041920129, 0.49694747499812947, 0.32181930019938965, 0.44718778851391505, 0.6174459215933561, 0.537906033556138, 0.869995887757187
0.6951118323824478, 0.38979513820293443, 0.4816438736910214, 0.8683488428485597, 0.29526596463971866, 0.48488068803620116, 0.7115112199546341, 0.6532801394417189, 0.5481886592331748, 0.5813615135229827, 0.34018372392263607, 0.4506395674243512, 0.2632376784114167, 0.3681883191351663, 0.3492913186063264, 0.4039376754680738, 0.4864082616966661
0.5587349634912554, 0.4544805988377184, 0.32627335644637373, 0.5637127773781975, 0.6611148043799573, 0.5086410247594839, 0.7498452428129792, 0.8179021831335284, 0.1619093027332391, 0.5491825458720756, 0.526421562489938, 0.2677850078850995, 0.5123832034568212, 0.7063353682102492, 0.3970897472157844, 0.3427826762713556, 0.7236075009659382
0.2852114333317705, 0.5007101680862117, 0.5618287716717048, 0.590965301710637, 0.5022241954896365, 0.5077592575168066, 0.6470758592467745, 0.2916360871308237, 0.29053647752285533, 0.6394614888972212, 0.2760883890213869, 0.5548014499328772, 0.48744330900425603, 0.46510634633951153, 0.4970250086188748, 0.641232060011348, 0.6914512428842439
0.3524451338889524, 0.6866701969418947, 0.566362072890262, 0.2413461689436896, 0.5943770616788612, 0.5653205573918109, 0.1824502089619135, 0.9354648134366753, 0.5554696937534112, 0.49297193663745653, 0.474470530408546, 0.45097097144959514, 0.5177797677121934, 0.5177485927140666, 0.6382358349350894, 0.29613524078022935, 0.4853562334609456
0.7659617774902735, 0.8477462717173336, 0.34553595863737385, 0.7160576783533854, 0.6927624039478044, 0.45378639886051275, 0.29482109478110397, 0.7915930413062993, 0.3149273096736647, 0.7153075874503729, 0.5827773118814686, 0.7721128077049296, 0.41415211417624026, 0.3292384630826201, 0.2923822306189214, 0.39861937688122334, 0.6228622467403344
0.4039896138883253, 0.6107822121077711, 0.7207598967745275, 0.4606397979750327, 0.5463415246701652, 0.3533441148133549, 0.30221576483000095, 0.4195922661469702, 0.36732422432942774, 0.4523315529137786, 0.32855055956210405, 0.722777159733369, 0.5454426831204384, 0.5118163173659659, 0.5326256112354992, 0.3942526574342218, 0.4445889999892029
0.48831262833727185, 0.6011293990759397, 0.6321764934983514, 0.4358037179339561, 0.2949391684531735, 0.58865794703109, 0.5178407980440334, 0.2150218012985412, 0.4075461913835838, 0.5883801637096169, 0.5928159014640261, 0.37562790160711146, 0.3276014340832061, 0.4778036231993274, 0.3043403531597919, 0.8921985609786489, 0.606026935560479
0.5130857899883479, 0.8830693592725847, 0.7449416001604405, 0.6118373850126003, 0.5648579175386166, 0.5747189186189878, 0.6623329584313045, 0.5423931076794957, 0.5903479355680317, 0.546567962143831, 0.42345682159908743, 0.5481806208280887, 0.2676522697059226, 0.16785878381094688, 0.42035532211246235, 0.6849220229128116, 0.5731198462396683
0.39532957962992, 0.6516604181838469, 0.2817876551689542, 0.5302752429982981, 0.4259341602174693, 0.40910777797042985, 0.41979350337184285, 0.5141624565129084, 0.6662865534240542, 0.54220703453958, 0.6133345340274007, 0.5553505517547659, 0.38040648846532477, 0.5745612610723674, 0.5740311042816064, 0.6964631030022082, 0.5959935955514908
0.4744478076196863, 0.5491479890034172, 0.37278840661341167, 0.21024095603917836, 0.4026709446310622, 0.6530369005360661, 0.6540648603447369, 0.6819468995544938, 0.5466937761841785, 0.24001118185111947, 0.8452350317833395, 0.3769253779860264, 0.4879995355512332, 0.7103700591977856, 0.2903730186006346, 0.4098179533689427, 0.6719203396134814
0.7260177639083768, 0.4539866999422169, 0.6700330550677261, 0.6573527673137073, 0.36550723432524906, 0.5363235556876924, 0.4830975702434643, 0.4194034811598866, 0.5524673254843728, 0.40747393596109954, 0.40565162948330585, 0.7362370358844034, 0.14064609301328151, 0.3354251612547999, 0.2669932487091417, 0.47243748740456465, 0.6745163377770383
0.5110767499117546, 0.7920621003340016, 0.5801675279668814, 0.39720761128824233, 0.5858911172488713, 0.4572259751675223, 0.21627785824981832, 0.5385951727592589, 0.47842747920379536, 0.6192954378648158, 0.4166444198059091, 0.4687076566196316, 0.47041929340678207, 0.47502651764962966, 0.8292254671429065, 0.3916808770401988, 0.47912062214736495
0.7314144353054391, 0.47500603178480394, 0.3935781412139641, 0.5758473927052212, 0.18468911248448716, 0.7721904011063612, 0.3405227581250554, 0.7162828550502763, 0.8393022142173324, 0.4138506827326267, 0.12029219402356478, 0.30064081895839523, 0.3100770549499009, 0.398578860733547, 0.4736803675480887, 0.827407436732818, 0.1442206383947109
0.6449710166798759, 0.38111679794299, 0.7635877432921733, 0.1348262706597506, 0.3867132411607281, 0.4672523454894221, 0.5112396358630625, 0.688073693137719, 0.4794730577643809, 0.6105479821140172, 0.45421819767486704, 0.4638408340335179, 0.5921117937250631, 0.4844037862258557, 0.24465071288780604, 0.5707011958929861, 0.4399411498430913
0.505948304677841, 0.5148608575914287, 0.5963331943008564, 0.6174490181158901, 0.6234105876764406, 0.44046519039266085, 0.4538128083207585, 0.5230855890354377, 0.2878865035500977, 0.5390165225324094, 0.547985710375457, 0.3430389504626673, 0.4409428632454824, 0.5225605521819355, 0.3966716227320295, 0.5351436901694202, 0.6278124040562298
0.53973703229501, 0.5260145322715669, 0.3549905783017922, 0.529838804000718, 0.601682915716028, 0.3355901979551723, 0.44164290942696455, 0.5169543808650137, 0.12193810216986778, 0.47379781225161516, 0.46287368928683914, 0.49647910866002914, 0.4749715685501617, 0.6208356232536342, 0.22363503727068967, 0.6840953560087595, 0.4822623676789581
0.5869683618393791, 0.2473982411838765, 0.8028867232387522, 0.505398858825934, 0.42192402661573014, 0.5191187955414062, 0.6449743316162677, 0.3347969954701334, 0.4005974947446897, 0.44547503606954475, 0.6045069720157389, 0.7166622291889452, 0.42242436852523224, 0.3854532691842626, 0.5933296125213454, 0.2768441001232387, 0.4752940159405277
0.5832356100225593, 0.6986607538340213, 0.49663222644619276, 0.3713778862560204, 0.6268410852770255, 0.5662109366918687, 0.7657850009955642, 0.6157837023880243, 0.7594879940703114, 0.7316484693925172, 0.39497252340777317, 0.577414481747954, 0.3417352638639271, 0.3359567039755307, 0.3817827964144044, 0.6881362058531387, 0.6110183927354732
0.35917895638767355, 0.6547899855882553, 0.4859720100504881, 0.46794365335804755, 0.4510854868018775, 0.5023507257914839, 0.5261676541605766, 0.26770200669509137, 0.5258930500282815, 0.6575837146008245, 0.7989070006177987, 0.4960342928139683, 0.4810985077142452, 0.22223667310394468, 0.4798193085406935, 0.3737257853087255, 0.7120728789064678
0.7760467018828915, 0.4356032448492928, 0.4804219987215861, 0.004849074703227374, 0.5269063959690353, 0.3062360586581385, 0.7038379656172439, 0.6545309054235234, 0.45459524056026457, 0.29329736641343884, 0.29368111701705824, 0.7327248224567617, 0.3785489989391369, 0.6120394774816981, 0.5091193158666711, 0.7710297930869263, 0.37235422513332733
0.5153158122320811, 0.36724847152188494, 0.44782246107179563, 0.5150422805501126, 0.5775355190074969, 0.1998633398806834, 0.5727401963454424, 0.6276163101752972, 0.42368968671020585, 0.38852241883038763, 0.5897697781727909, 0.6286648669568116, 0.516277118115103, 0.604658788818431, 0.6322411529324719, 0.4570256088629573, 0.5164597416175724
0.6616653491868362, 0.4631717297396032, 0.7068926163415316, 0.5966551790750032, 0.6230199097897293, 0.53109025417163, 0.8829285244629203, 0.5288713183796888, 0.5081882842009017, 0.49595689092399287, 0.28190777777000053, 0.4222058350078531, 0.5457493020025028, 0.4441286940058849, 0.7819174772922779, 0.5533510024274746, 0.5932417864554949
0.22674304929473732, 0.6582423522702963, 0.8618033984517611, 0.6481349765397988, 0.47304349810627266, 0.6357585427339052, 0.49420997207361583, 0.6438881654511435, 0.37697802811557535, 0.35697754648784086, 0.3863507924946081, 0.7756736267453928, 0.38497528610560294, 0.41377100976401504, 0.6751250517990214, 0.3712102650441026, 0.7747565413415626
0.43148225484795616, 0.33073921303964976, 0.23546635845661723, 0.5389335122681376, 0.38903171611940374, 0.5106822489852897, 0.46685738559816164, 0.5012878649208679, 0.15710125460869195, 0.6132444103765868, 0.6712544712502053, 0.23546329306568842, 0.7132862287541348, 0.207844129214531, 0.4816482653961558, 0.7040027444273809, 0.4624549644435446
0.511295671390526, 0.21510041678089376, 0.3470395744726973, 0.21007258877558965, 0.36919825968262576, 0.1728452425844712, 0.26341291388755556, 0.727459986596793, 0.3846050853658018, 0.32549117413798445, 0.2304238844328399, 0.41244079317939286, 0.611956741000061, 0.38114079577532806, 0.3925728805762296, 0.5191978125306149, 0.6585311735702806
0.38616004768431955, 0.629421762231646, 0.29197783870329863, 0.3810038381301684, 0.191960658999547, 0.532203241538829, 0.4830270300860638, 0.4984108226428853, 0.7494399458246901, 0.7420861626051827, 0.5294491276331768, 0.39472144165389655, 0.1252745617419726, 0.3941211110976133, 0.6952477062056368, 0.4415208042829725, 0.3360224847755715
0.33077440031684757, 0.4875161372576645, 0.6202531523496863, 0.5822313721612218, 0.615770728371352, 0.8710995070760723, 0.32729328670645197, 0.28450849738754, 0.5343843806464139, 0.2716657969533126, 0.4413681255048262, 0.47830876244344667, 0.3593680898378844, 0.38216666452380094, 0.34941885779582044, 0.6755039882714793, 0.563510829633244
0.5071467213695763, 0.756078945267691, 0.7935975775234322, 0.38524946978637487, 0.5262775126955606, 0.3811698864629117, 0.5500879294196113, 0.7582066035973563, 0.5565374988158401, 0.3932305399946568, 0.6184091805008171, 0.4976372573391229, 0.6296288311246068, 0.7876152582278327, 0.5576996666659475, 0.27810270059384457, 0.532995668224173
0.5257754943479721, 0.39171310260996317, 0.2889311123839704, 0.4795250950920262, 0.571853977147646, 0.508978486028762, 0.37216947581497695, 0.6534676360721835, 0.48769417824600725, 0.29538248293209257, 0.22784693558188474, 0.6335659554734462, 0.5917331858571462, 0.36932943240848365, 0.5399337131958734, 0.5390339620289324, 0.488566863694572
0.4981511523105549, 0.5832641294670272, 0.4841015408431648, 0.36046116329373057, 0.40181650383979334, 0.4470661225891195, 0.771175459738985, 0.4181606938703585, 0.4145795782189584, 0.522340603175634, 0.1554689672611721, 0.7925099822862103, 0.5379937253584004, 0.5479167885208762, 0.7788851172147387, 0.7533738520424883, 0.5880475424117662
0.31039001298154845, 0.5045032516289755, 0.4439830700459115, 0.22160414646646132, 0.2322214535615591, 0.6422973196082498, 0.3343001221051657, 0.29666370069448694, 0.6364948319885675, 0.1618635391602523, 0.38272641392720586, 0.585333351954787, 0.5544434936955105, 0.6679345310209964, 0.2560072645970498, 0.5101387478584866, 0.5654780138273808
0.8467256567534435, 0.19509820160400704, 0.30382733165624076, 0.5306029176941168, 0.5311326878668455, 0.7614206512055244, 0.4101920046371846, 0.47795072698123964, 0.6010512371053037, 0.3980870862128184, 0.8021131559605839, 0.3136425221329758, 0.3542682876261572, 0.5926367677900563, 0.3321220097693051, 0.42984716336421563, 0.6169464157663156
0.6358359304050287, 0.6600799021888833, 0.13759163743524094, 0.7043066605253286, 0.10993093493515621, 0.3853276687209191, 0.43730286744696534, 0.5034633493339051, 0.3526547791788507, 0.5000202274828462, 0.7781185785100018, 0.4983879612238977, 0.7794403401937912, 0.36665841699422486, 0.26652983828054716, 0.6235347572383501, 0.6212292757922744
0.28581644817052954, 0.33651386735118916, 0.057902383266469015, 0.7314619757823642, 0.670296096384829, 0.42197599738679115, 0.5299736287618819, 0.3755849337746884, 0.3554077429328722, 0.5191645662369527, 0.4241609803782069, 0.6014602787316016, 0.5525493572219407, 0.39539743294896434, 0.3021431941315518, 0.35797367592045715, 0.33462535942150695
0.35048075225747705, 0.5012860647133647, 0.26388733707145406, 0.5666904346933841, 0.596080989134093, 0.24452102351306948, 0.4670104487035417, 0.7261044387187001, 0.518185342091448, 0.4977154086300578, 0.6034605755085475, 0.7219893375603927, 0.32901013574471, 0.8848345232014327, 0.29587721323265087, 0.5345224625208661, 0.4801989861789334
0.37331454020479266, 0.6619170918324047, 0.762125729454596, 0.699405087721224, 0.380095454170561, 0.8476887888342528, 0.5535191963044622, 0.511111135382903, 0.6057586694790205, 0.6086759032837964, 0.4182693178695794, 0.6380018280491515, 0.5728554085744376, 0.5126568732022291, 0.3373968440085869, 0.37610558614249245, 0.43115439802371536
0.44146663658465674, 0.25385206333668714, 0.1402212925970534, 0.5323561525973591, 0.296395843830478, 0.3689598288867735, 0.5535637626820127, 0.3276059731983723, 0.2415011813264007, 0.5310070538160231, 0.6138764236260985, 0.4381808876897851, 0.5516788420356394, 0.5704240341327149, 0.7239026086024546, 0.4376886302107941, 0.6092547204485405
0.7439836787486336, 0.267399711799891, 0.3584695259488212, 0.3052874454429868, 0.7602722171238486, 0.5543968316965396, 0.7474037654355074, 0.36868069508834167, 0.8162465183111278, 0.6179387526743011, 0.5583189879156034, 0.3977255493729498, 0.7540453470913581, 0.7676376664296338, 0.5322847629295518, 0.4092085819115906, 0.4903780803480396
0.4977908426568763, 0.4209268390030562, 0.6925846820179232, 0.5214468580338233, 0.2545930685647416, 0.5555856248040811, 0.5372405933566751, 0.30893908223769784, 0.2320694646183878, 0.4438754014778818, 0.2944840034182374, 0.5512560431871736, 0.5312397543928987, 0.3316826530779561, 0.2501220743956067, 0.7981837787001829, 0.6336569830639555
0.6070484644604306, 0.49892299121142175, 0.3033486227769869, 0.3332931722285032, 0.5522118934388444, 0.29700548338966914, 0.42615348707187667, 0.6870018705283965, 0.3571608130887165, 0.24965738529162124, 0.6933440441529131, 0.6187021500010523, 0.5712601169323853, 0.7983218594993625, 0.2896552678663581, 0.5357166400058573, 0.3456691591803919
0.5395944177804818, 0.4906066889846643, 0.44989661553486343, 0.3531105530884494, 0.4485222124740562, 0.6902844469336638, 0.4313506234278414, 0.5965902510908736, 0.29787925394711756, 0.3678991355991874, 0.4801411912182603, 0.45074862757334905, 0.5946741939165258, 0.692881866569844, 0.39692068844572415, 0.3155333172054517, 0.48487637246131077
0.49890169036818643, 0.48182104709676427, 0.4527546438057679, 0.29362077958282107, 0.5273208368637321, 0.49092268758875324, 0.1878858067674532, 0.39409926651682065, 0.6739220987955835, 0.5519335475739299, 0.5670382566283483, 0.3229316336869825, 0.5130398393104405, 0.5300238502835818, 0.4067419962126307, 0.42240926290564484, 0.5097384825392863
0.6930294478731327, 0.5630495834138259, 0.519715517973177, 0.5193395105020523, 0.2942282425088977, 0.3647156334040438, 0.5790168937127285, 0.5662663299130589, 0.48552636473820954, 0.12198541861845646, 0.6362463621046153, 0.2769673873291716, 0.4955549229855156, 0.6108619779006071, 0.39630489514102685, 0.5329130823313252, 0.5384135193887993
0.6667270285706606, 0.07607965262575256, 0.5222514083692029, 0.5121811247476984, 0.6157350294106329, 0.5433022500946659, 0.7333347458893229, 0.4085289350187419, 0.19051756340647064, 0.09562891681960195, 0.6740480031610596, 0.4004384647270766, 0.606363350728193, 0.31746638552145207, 0.576155897903649, 0.6723950822533518, 0.7331076018669007
0.20498542277814064, 0.6002872323597354, 0.501114564389009, 0.4901677910375191, 0.5649822813054661, 0.7091341642059124, 0.45573075982044486, 0.47113548324237303, 0.4916169615291678, 0.3929771246605375, 0.6033018756554712, 0.4625446513865196, 0.5540324849070205, 0.5038022886854319, 0.2687361422408887, 0.17166089980489485, 0.7687620615058773
0.7337939560834104, 0.6497676505907092, 0.2764498832706893, 0.26390410056551483, 0.6250867866421511, 0.5708445307330328, 0.6305522251587784, 0.7818569686561627, 0.36909839794115, 0.2561532375949249, 0.3572555378184169, 0.638559188472779, 0.6605503848796137, 0.6908304725387192, 0.72269475627554, 0.24561043458062648, 0.7786004014475039
0.4127345678292903, 0.4499155896352592, 0.6536003523170809, 0.6660941899041443, 0.567689118222409, 0.7663910377020865, 0.712487536951731, 0.49867117824770535, 0.5523205351694481, 0.5988340550552728, 0.6363576277495032, 0.3281819019118688, 0.5062203341577738, 0.6488222178430764, 0.2306936617684151, 0.7333797241577653, 0.6457038927002883
0.5158705276769882, 0.626527364895063, 0.5688886338272641, 0.6161440925013628, 0.42289574221718573, 0.4651818032550914, 0.4636921341495708, 0.8009074178924726, 0.6629956425356013, 0.3968301484845343, 0.4486428092579922, 0.7028958291721923, 0.7753886321981411, 0.3923916952020853, 0.5082540289570613, 0.27859978818592795, 0.5772220980099052
0.3520359229225213, 0.36169710034278746, 0.5152106505873575, 0.28774025986674173, 0.5561298623535514, 0.34955415590748573, 0.5194451345570865, 0.7102615866625984, 0.2559579417488674, 0.8615717588037456, 0.5935271428173702, 0.49098703177777353, 0.9660898685162491, 0.7199684358725702, 0.4084735544807482, 0.3970837671488908, 0.39802684044175224
0.5520954942893146, 0.44488934265186836, 0.5662088515030929, 0.8654985093646862, 0.21165623763305785, 0.5961359045885171, 0.4133354909637735, 0.5186380057470765, 0.24132480655973376, 0.4190571281222417, 0.7563755473495, 0.550374018218028, 0.7278688074424033, 0.288039850799923, 0.5803073521636637, 0.7030562010987729, 0.5364984913371794
0.2685093867048699, 0.3901401594024203, 0.267070065537811, 0.4149987360844471, 0.6102815544728654, 0.5468254744265229, 0.5079782541095892, 0.44261171240906316, 0.2869295984254205, 0.5885558034162746, 0.42819190249939126, 0.3295461571399526, 0.4215255943651911, 0.28636851603150415, 0.38568217761950313, 0.4101913705335509, 0.0989085990320035
0.13743800367140846, 0.6660167315445746, 0.5543765125450538, 0.5444306672758863, 0.3581762477085637, 0.469378902674451, 0.5034772103723768, 0.5879496191686426, 0.578294117046521, 0.41342434530871786, 0.5012074129107988, 0.7081833716884571, 0.4832835902280245, 0.417698367273013, 0.6594995742733045, 0.5972115287292012, 0.21071961081050955
0.5287472323532616, 0.468144481521806, 0.5495475776843037, 0.5574471842390925, 0.45308091924174937, 0.8667171075769387, 0.4115969958326561, 0.3710006953868784, 0.13900797859650055, 0.6964994820318193, 0.7384826672210181, 0.2934735466917086, 0.4859910585873109, 0.702017346790496, 0.3142093098507403, 0.34493657985670284, 0.5027623812023491
0.5125518724750631, 0.6811793246184057, 0.2480654824967357, 0.4120297917382719, 0.4421985264933076, 0.2768030648774282, 0.44626819260832484, 0.6397693392379906, 0.5780478238438095, 0.4661746728113306, 0.6565057398074869, 0.7194935264926281, 0.28950778918452647, 0.3974992898938021, 0.22854670331098026, 0.7443352758395325, 0.3831464334512009
0.48082135355566863, 0.6338105234797813, 0.48387515794155805, 0.5524389999741447, 0.24008806655237913, 0.46542334562382154, 0.3764840799930421, 0.482822240182637, 0.420528873203155, 0.35418313904848026, 0.3423757909698356, 0.2683042341342342, 0.5243571231905685, 0.44573704294871075, 0.40337886967990544, 0.6978187396859475, 0.6501040275239443
0.36444614522294577, 0.5410051092400385, 0.501303719039811, 0.6184298813427792, 0.5812184593120475, 0.5655754133133917, 0.3755007047414508, 0.5946934158835939, 0.23887231515391594, 0.5590526547793285, 0.6488973034505053, 0.6898679503762633, 0.6648147605463405, 0.6775851268248858, 0.4499325466101661, 0.6909379785540057, 0.5680913155331385
0.5791391227023719, 0.4175875704441182, 0.8556029231322848, 0.37784311675806914, 0.4252405059396421, 0.30711469121152657, 0.5000038643961014, 0.5868428974305653, 0.7841640619103859, 0.7178333032974613, 0.5555829973935396, 0.8609745892457249, 0.39129277189721745, 0.4810385957154833, 0.4102518705721985, 0.27466250567372047, 0.2648456734258048
0.478358164445756, 0.5079409677439886, 0.6701002785481915, 0.5830597170616455, 0.30103707930973617, 0.639919378669069, 0.6275955541903828, 0.29104532056509314, 0.4121898483074089, 0.5783008113216389, 0.4003772999073282, 0.42747460556579076, 0.6263170518226052, 0.5594963972347244, 0.3812625222984424, 0.3886898326072641, 0.7256220430261202
0.3473017149729098, 0.5995040970855569, 0.4534741128816334, 0.6847266336036244, 0.45444553651915914, 0.8422998784907387, 0.42725556471062687, 0.15165082951436615, 0.4624238132496696, 0.7260030635579603, 0.32812154782662734, 0.6087218110876499, 0.7414136660904653, 0.6434185952313606, 0.7611764459359556, 0.6393706223204703, 0.45085337187417535
0.5307937206065306, 0.9571164102296086, 0.6140378192875734, 0.544086710221912, 0.5404542076496013, 0.7850293396513586, 0.42841551158853963, 0.5833677395081958, 0.4620568231892468, 0.11897808488301453, 0.40601622044735675, 0.46975803179212394, 0.3150915262349749, 0.48421741556026515, 0.38096857352152347, 0.5228772662198411, 0.3136277161045749
0.6750649820344743, 0.48522332075015057, 0.4922891515019856, 0.7221435333938565, 0.4793728269713047, 0.4560439640676246, 0.5516233487583969, 0.6791873619568498, 0.565695543053414, 0.7271127965774232, 0.36710198953690404, 0.737801424126522, 0.7516848396610827, 0.38979273920340196, 0.4763891912411644, 0.5375442833863248, 0.7796712546885928
0.26883755534606285, 0.4334004486990492, 0.45243573984186003, 0.30501814529685223, 0.6535801696327026, 0.5099051459577397, 0.6089297193843612, 0.725672008037302, 0.7580766704224349, 0.4663588374441978, 0.779362009379728, 0.5267025805655768, 0.6965864003062721, 0.6789662766228513, 0.5353014853490106, 0.4461190627815574, 0.522423849410912
0.4549118237177716, 0.6785242626331636, 0.2720009858386588, 0.6036945920288804, 0.6360794350984695, 0.8892408588655827, 0.42806625481244814, 0.3717159782931904, 0.3443381976268253, 0.46694801237281264, 0.5530103740850697, 0.5157214349856278, 0.2710613432636303, 0.5310814997706116, 0.5358884938448044, 0.38480277055848927, 0.5440017020367207
0.22305666846258476, 0.5432977003376694, 0.3669446531314647, 0.5846450954733504, 0.5439040968883763, 0.7314251066872637, 0.4964489482204733, 0.5496892449432467, 0.38533552289225365, 0.2508177128211717, 0.5287020956264616, 0.18603667719292472, 0.36373267556420297, 0.6913766473635795, 0.6893484435173196, 0.24841694975279016, 0.5037949677565663
0.4774941764836264, 0.3974486444954737, 0.6690662871074404, 0.47721309318073524, 0.07985358821637711, 0.46041432675230365, 0.6616236883982991, 0.7439160188050429, 0.49927595708235606, 0.5800762731415854, 0.4894580439625988, 0.4213057327211737, 0.37992780435859236, 0.5715479340191482, 0.4219495505466236, 0.4910439010506293, 0.4110487265916
0.6907972306334671, 0.3930054481486788, 0.5075794154283695, 0.21735074046924557, 0.620767548070027, 0.41367310227290477, 0.37402104840945, 0.6058795461138332, 0.5528308665060432, 0.4667745380257438, 0.4896859248009514, 0.5688168416228763, 0.371897469553651, 0.3513410074670295, 0.7291033797809456, 0.41247939675758294, 0.5115350827020615
0.2692239765194621, 0.1940557546997509, 0.35723259306634425, 0.3824513897122914, 0.49429141464603227, 0.303837706897568, 0.5185638851020051, 0.6490337580365403, 0.6535421100657626, 0.5523272195106759, 0.6242706775292163, 0.7944067398607751, 0.48707100692523814, 0.41972351477277703, 0.5724553779654287, 0.3911465538147427, 0.10222553469168638
0.4433667708140604, 0.16187552980996428, 0.5010925673116476, 0.49906330147148986, 0.4833272635335322, 0.6486714829436653, 0.2318987552117346, 0.5590155069323681, 0.6538259162901277, 0.46526014396363985, 0.37053800938361253, 0.42166063710908497, 0.6612515475418671, 0.5367341107840785, 0.1473234857039677, 0.6692082834052786, 0.3408528317265289
0.3067406457080347, 0.44960564123281466, 0.494899923111, 0.5325363737989348, 0.35379470360717863, 0.31364787327349275, 0.36775094784064866, 0.7740534709151071, 0.554540083936316, 0.6490927615547482, 0.4999583501384973, 0.3911161885617782, 0.2966530283976742, 0.8421485779523908, 0.7250410655395341, 0.04750695639582808, 0.8328667084899691
0.5728520883330669, 0.4053021198347855, 0.5340624523071091, 0.5196153999126325, 0.4642817296738708, 0.7423728306125981, 0.2083414645615989, 0.6083383065849234, 0.41399918998412677, 0.6125529255811202, 0.5065898599819435, 0.6183044416250569, 0.6228197125783169, 0.5527792268256514, 0.45433525623780796, 0.318208232101925, 0.5846002393181081
0.7872567530362331, 0.620480563516045, 0.5401764557901745, 0.4454582758638777, 0.5407211944720428, 0.6794911532668462, 0.6650794698934175, 0.6003030168235384, 0.761835357437223, 0.4297209367415181, 0.7232920698829798, 0.3539915939411542, 0.8112665544148773, 0.627299833102044, 0.5535237713487451, 0.7760633420014798, 0.3492362117166635
0.08480829152624958, 0.5930694686335938, 0.37618768504390787, 0.7124584659806178, 0.7640922475146458, 0.5051589914485021, 0.43633970493525287, 0.7334568697022776, 0.385816159778705, 0.6023074185641253, 0.3260183902723873, 0.47420034585295595, 0.6762719715619687, 0.4399696395186991, 0.5453155673793652, 0.36430100315406844, 0.20165816747169285
0.6314949191684583, 0.6571299495307487, 0.43642472366526713, 0.616221651843992, 0.6616029844181559, 0.3982615101519558, 0.4185691379645171, 0.43210322795241657, 0.3998586301823356, 0.5773225632651657, 0.4189301948503602, 0.35502636944475663, 0.2978797859153104, 0.5220985578792885, 0.38592332224365045, 0.5844925256797879, 0.47093801076425496
0.45853597502549165, 0.32440930260543555, 0.27129497910362055, 0.09727946973357049, 0.5389714055430853, 0.36579290582771756, 0.026385440551185968, 0.729114212075609, 0.3967292974465136, 0.3452421241878305, 0.4699295553079711, 0.5309680762517959, 0.6385948988631206, 0.6045807232642977, 0.3220284470960927, 0.4669138711450862, 0.9191229982303316
0.3839527189691604, 0.5112378876880574, 0.5903019637577259, 0.474535009573366, 0.5656915376546464, 0.5610621426713236, 0.5304011943169981, 0.8038821582094448, 0.39434146488497096, 0.7191698061935579, 0.4607156373732493, 0.35326871151436423, 0.46896018816487495, 0.5815897423153774, 0.6841684125701313, 0.517545872949714, 0.5298970091987879
0.625988724802612, 0.49047586304966123, 0.5316208901337541, 0.3958676068261941, 0.5478357005685833, 0.8217351454619717, 0.37805688921336, 0.5765050491927578, 0.20908569962439938, 0.2663251700606166, 0.4029348669467704, 0.551089706240584, 0.6105605782911513, 0.5172610939049846, 0.4940099237934217, 0.4311014858729622, 0.6861061145735822
0.575331914571831, 0.43119714764525213, 0.5523971631552548, 0.5670506759967151, 0.6533874633458434, 0.6454275761316166, 0.3552603179714553, 0.5814486754894694, 0.5267958994062519, 0.5692095667407783, 0.22879470057744522, 0.33999149028773135, 0.570741104301838, 0.6042015253364854, 0.8181799848371062, 0.16991179103396747, 0.5875429742791703
0.4075622674582062, 0.6026049522730068, 0.6181884273736311, 0.41544985174182564, 0.5871068787745706, 0.47027566334586174, 0.4050118982465808, 0.418761194861913, 0.5801668228840984, 0.13900288610371642, 0.4383482047048928, 0.32585517235465755, 0.5861038449755596, 0.5910156672752556, 0.671548237376309, 0.5675401791058128, 0.4758605431770862
0.4375676204452787, 0.3759660828442185, 0.7176159240160647, 0.6315155790820635, 0.5283420883864706, 0.47148275439811127, 0.12391719955789732, 0.19907902894027657, 0.5544227486802898, 0.7416648009251533, 0.5858720394227868, 0.5017178335640397, 0.30758203651720334, 0.49090403920392006, 0.33907351919319556, 0.7197367268713676, 0.5391578666264857
0.718401437833654, 0.40234877307787875, 0.37435246928326804, 0.37312979700892746, 0.6076820748310865, 0.599469688365086, 0.48174029096437304, 0.42329870046868884, 0.42443763691653247, 0.5132710648948314, 0.6830003311249402, 0.5254182428859766, 0.5886408472656837, 0.4528184980372025, 0.631342548771368, 0.6237513539456571, 0.5324676916887816
0.7011458974524188, 0.28016632588896573, 0.32373848107212555, 0.3689261863775768, 0.5568529962113132, 0.4724647890632895, 0.41621289417033214, 0.5292149262909287, 0.496775898549788, 0.5777906281419752, 0.37344840000598745, 0.26629495294441713, 0.6724782998081444, 0.4813452690371942, 0.26332098429641543, 0.4520234782470016, 0.660662220510974
0.7307103601067294, 0.3775919988071328, 0.20399094803444962, 0.3873089388836363, 0.42239523431861675, 0.5749121366526097, 0.19440898161780867, 0.3612446349660409, 0.9127649452408666, 0.23591409080380416, 0.3427572304043909, 0.46974324474054946, 0.6502486955429567, 0.4178077778119017, 0.5530691263780082, 0.5678294195419373, 0.4458009022447572
0.4221705061142348, 0.17522592893782346, 0.7109721013632264, 0.2530533086489357, 0.541942543260882, 0.4198879566180953, 0.3956150810169401, 0.45697363752229697, 0.7591396689472056, 0.5845790663060186, 0.5432940725135492, 0.1885887517298781, 0.3957613804994048, 0.5435210814764653, 0.6589575782903819, 0.4761715989169805, 0.7566783373137225
0.6555651403082055, 0.5081777449124711, 0.32029426370666325, 0.39619902598696133, 0.6695658729769005, 0.519860922987035, 0.39835082656422605, 0.45365388895349545, 0.43338420891264173, 0.6183432873479284, 0.36752216015302697, 0.5658497538427651, 0.22923629370875587, 0.4762158875068803, 0.6883418597258906, 0.6663301516280544, 0.5822722878130228
0.5940970137900186, 0.5532784315132185, 0.5373437858377217, 0.7547405985958334, 0.4734626259099104, 0.38950524215575394, 0.3543265560657446, 0.5274412083297906, 0.4793914971747425, 0.5580912778600906, 0.4872483529682652, 0.440376756477959, 0.5402602136219151, 0.4623090191239312, 0.4192588591474138, 0.5074719723332868, 0.8743702561325731
0.5039665566738117, 0.5706642707787042, 0.3413892549803774, 0.7089726640035938, 0.5523026805296873, 0.4296492500906133, 0.6667844750021162, 0.5725225919541739, 0.4116450288383753, 0.5174297230623932, 0.4855104523627713, 0.5293149873615115, 0.6671909885582311, 0.5559937863194986, 0.6886198078178096, 0.612773418422633, 0.3458455154399333
0.5233036140744629, 0.28206364877282086, 0.6017059310580807, 0.34278464146316406, 0.5663258388928574, 0.674803218336154, 0.4477244231323297, 0.3861503769209851, 0.3084037640700963, 0.42716233510754514, 0.4859337148511651, 0.1839636057854559, 0.6628436551506723, 0.31806120903956814, 0.5014445541524848, 0.3834391868464678, 0.3630675508428636
0.43500432076547785, 0.4347907024886651, 0.8847507450563152, 0.7043991299058021, 0.3834581591840096, 0.6217184804147264, 0.5024154063206931, 0.6211094096737032, 0.6346979407085163, 0.245492351013743, 0.3958327009086832, 0.5772565723344275, 0.43184117311384795, 0.48377444780049805, 0.4066674233707321, 0.525847093625286, 0.5728948453118052
0.6343429794209705, 0.5171637490041326, 0.17882259784590465, 0.4714651542637728, 0.7659811826346321, 0.7499170901735828, 0.5892043519150126, 0.7896269305358312, 0.40554058697779183, 0.5997328551601291, 0.2577848194962292, 0.6121228406477415, 0.5298918665955458, 0.4576708335950774, 0.7816606835853719, 0.6340905273402223, 0.5237072743142983
0.61392918716856, 0.5752677255236889, 0.2048932040698827, 0.9151566284935784, 0.7104118582242882, 0.6046663353592232, 0.5950362836084186, 0.4896180860766612, 0.5887744945170365, 0.8217801302190089, 0.7481182468339782, 0.5981785956692669, 0.5426329654755407, 0.23365874347115756, 0.5657830535093046, 0.5243227601967715, 0.48675296250534883
0.540306599305625, 0.8902062265302167, 0.3769765857200908, 0.5744733655362253, 0.4936026590857688, 0.46297600966697067, 0.4137971408700243, 0.5868374360607224, 0.45694277754220386, 0.33900783524814915, 0.5832266541891776, 0.3491320922771196, 0.7912197353271291, 0.6621128424145161, 0.7021485446490647, 0.6469547400888902, 0.2629354236918486
0.7126191110771936, 0.49387657393465395, 0.4807032774240335, 0.4328506211306876, 0.5155084883038912, 0.636875731311157, 0.5122234297176512, 0.4972188929187394, 0.7185283255492112, 0.34774100224829024, 0.5055309818816492, 0.7399211259928135, 0.2689185191681358, 0.44505554663429014, 0.6069297593247354, 0.4379150257715885, 0.49617567333684587
0.3001013634513682, 0.5254720882496379, 0.585445129014349, 0.4775567998310931, 0.6852330435877605, 0.4288093557343907, 0.2596949127165413, 0.1444487034149679, 0.26278737278846587, 0.6555944653333707, 0.5017857707595933, 0.6703462728635469, 0.5354386809557257, 0.4487771187005163, 0.16781694339902797, 0.5258562964647207, 0.714430433252023
0.6307258470988489, 0.6645712283542885, 0.2516352886607385, 0.832506545663308, 0.43556382369994995, 0.5319477791472432, 0.43590644920241045, 0.6916093805856638, 0.5072938243528433, 0.44468637741697026, 0.11397195932239174, 0.3931797632979409, 0.6446843367169793, 0.6102207067964132, 0.7493302544378844, 0.2583277571893291, 0.6969809383054933
0.35592851137804066, 0.1698549552236598, 0.4845624434544561, 0.5045596567069806, 0.6034776754867593, 0.6164644404239736, 0.3385462486063821, 0.28481470242988505, 0.6692258886998734, 0.4719106407381509, 0.4904804878725087, 0.42913020890880127, 0.2582868272637962, 0.31140691642662166, 0.6226582633963315, 0.35877803601381586, 0.08989499051444322
0.5183226454157391, 0.4603164509826128, 0.5633085893096449, 0.582153692869303, 0.5544570054687845, 0.5435241668889426, 0.3920284062698228, 0.4590237777305375, 0.5215535004878854, 0.7171516886593973, 0.3228425268770975, 0.46372600839847145, 0.5225025677626041, 0.6964400557357731, 0.7938050265847578, 0.29487182754001395, 0.5232343237482774
0.8308105538464814, 0.618564077537816, 0.8310609419058856, 0.5111175262254244, 0.10317229422894209, 0.4110971424371218, 0.7474827491722257, 0.3631013969397566, 0.3146145849866309, 0.6815649551198244, 0.21208944312187217, 0.3126904406800869, 0.4299009465975371, 0.22675167937292495, 0.4374466382826162, 0.3879249935610008, 0.5508979638472972
0.5053450549107416, 0.698621522421347, 0.7600952288845675, 0.7539661779933494, 0.4394877252280301, 0.31532019000945655, 0.44252409662160314, 0.6185733755018955, 0.24921532298094395, 0.6182713856677929, 0.5565301688783938, 0.40275445028225, 0.6428865889941304, 0.5233482227520301, 0.26565223223443146, 0.5982518808715417, 0.5727807207142795
0.24391271810996873, 0.45832237553564237, 0.639926320910406, 0.416854178740749, 0.5403861073953304, 0.47222598988475234, 0.27941795792303414, 0.797051715502622, 0.6480243763272675, 0.46998526818787684, 0.3565723792198415, 0.3188199900041381, 0.5717340059888282, 0.6576328296141013, 0.64943466091602, 0.44329489394166544, 0.4025002639164217
0.4595276284364003, 0.40764567376133853, 0.3960059456017158, 0.5196469375220544, 0.39875426633264516, 0.39680541875723363, 0.5794861752996378, 0.4967293251615332, 0.19368186929979758, 0.31803573410868813, 0.5659226675614881, 0.4252428379514133, 0.3257457577758759, 0.1746168544135448, 0.28881903686545096, 0.6782126302053075, 0.20014031615073707
0.3383324128328782, 0.14124926910356683, 0.8378944084373414, 0.42446264332233125, 0.4173370069841157, 0.46392216613271053, 0.6374833864355506, 0.4715581439239281, 0.6389687232642524, 0.681406301825685, 0.6054428654940271, 0.705154142333503, 0.33537089847676194, 0.4243328720572049, 0.24808760109710276, 0.7523153698644299, 0.724132920922559
0.5670896014459195, 0.3367513726153683, 0.4237154846223921, 0.3837523652165744, 0.6870314365606729, 0.6002613505465968, 0.3076580031740006, 0.5240597826683834, 0.22570246987449682, 0.7269637546621059, 0.5434156202585527, 0.29338352020336533, 0.5501436564771337, 0.5990591190545067, 0.2839024913669249, 0.5070000029782158, 0.6534903482234615
0.571292385905298, 0.2869657919586337, 0.6492024678811811, 0.4381907300533319, 0.3392455843964054, 0.469714002584954, 0.37322963538666737, 0.40529551200657293, 0.30484519616971917, 0.7132962011139625, 0.6076597286170616, 0.7101160315999817, 0.48316874144188937, 0.6591509833522733, 0.3493542677691811, 0.7055734094747965, 0.15407446583609763
0.4203525610405314, 0.547530355763666, 0.4383382366027106, 0.8722265225136588, 0.19825217349599333, 0.5107577899174064, 0.417061013548634, 0.4915913490348216, 0.5110516598690726, 0.5894088613885755, 0.3474400166766817, 0.7675779567319457, 0.41919535919153306, 0.607268213092435, 0.6280273095142767, 0.7123235029291728, 0.5226267465331282
0.2779886380183695, 0.2632909293676755, 0.41613035260979325, 0.22340902793876682, 0.450439414209338, 0.5392588191697385, 0.4138223322156124, 0.22035181423156913, 0.5687660190055694, 0.35104005522238396, 0.6816000816700991, 0.524642447265945, 0.8635131678863952, 0.5197140376081665, 0.40872312015236234, 0.3789545055081591, 0.3803312626956441
0.5981544818115755, 0.38400064497653663, 0.49008630555882654, 0.25085988621603994, 0.2740436549558355, 0.5268937423603077, 0.5986078784758572, 0.5118458712227818, 0.33543679978223717, 0.6561408255957444, 0.43636623552526377, 0.5857652487851593, 0.8336819919831563, 0.9018717569054735, 0.5883849298958, 0.5152168992629507, 0.44575171969059724
0.46125960680948475, 0.4930748251007363, 0.5616719133376434, 0.4713872736413517, 0.4585523778195334, 0.4335203254782151, 0.5687004185818256, 0.26604137273142225, 0.29592206655546766, 0.306979962196715, 0.406289568789307, 0.6706472242666306, 0.5124621291198234, 0.529347644953125, 0.5411782079050046, 0.7138582566337084, 0.7718267974660036
0.514055030969249, 0.3275690870869309, 0.5875034221697053, 0.4767473722358877, 0.6206809975157065, 0.4949970506719102, 0.23519527464080064, 0.6584430352106434, 0.39054643308267306, 0.32140942890280866, 0.92724174046855, 0.7273781811864126, 0.5483248387488989, 0.4542773607700187, 0.6010773252411665, 0.7549954390508367, 0.39727746749590864
0.5121507370528684, 0.06573090141259863, 0.46825703633018256, 0.4015374116179787, 0.5142467843530603, 0.6956379938618058, 0.4843275186564757, 0.8320130565916337, 0.5511719159563654, 0.48725852961286753, 0.6600230292836248, 0.46346626755021414, 0.5907198241229082, 0.3185187059529021, 0.3878606331328637, 0.504482025205402, 0.8520945845229771
0.6170776942413723, 0.3053136736058284, 0.33144671345617893, 0.412018657006164, 0.5142209398534522, 0.5529695070418756, 0.5345078166461914, 0.4098561543351781, 0.5513251998332129, 0.490167509364798, 0.569321451623595, 0.5844690132457385, 0.1468009281881938, 0.6282594540880261, 0.6385901622640685, 0.7392674936557744, 0.4447809871667115
0.4527602341742604, 0.45298738576044556, 0.4060932553681684, 0.5708085022305915, 0.49745973899972973, 0.5250033890582366, 0.49072221707075914, 0.6355779603394942, 0.7679204665348673, 0.861935006187803, 0.4133342744019549, 0.6057203868311603, 0.6932335484732235, 0.61945853249268, 0.5069558672289981, 0.9608159191712433, 0.3987330586132465
0.36863441470318903, 0.5055823179184947, 0.7150086840646748, 0.49122387763187736, 0.2420479399151909, 0.6014908321380872, 0.6972350030533887, 0.31856273676704294, 0.5340675792371584, 0.5941232071878446, 0.5873404578861251, 0.11978322705825523, 0.5917974807833026, 0.534521466873183, 0.5214887011086031, 0.38579089471385863, 0.36694753726467627
0.7851868694385319, 0.3535575433442716, 0.36972927810277295, 0.44595899754871976, 0.3465364769024084, 0.4280978812673478, 0.2850766464142212, 0.5999161970098856, 0.6760775304900021, 0.42372877325305736, 0.4291286284344013, 0.29625930488809904, 0.2728628563704974, 0.5401242619121535, 0.9774675364749921, 0.6280033467021974, 0.5480443832931042
0.5105638909653604, 0.4270105332894156, 0.4500877603690946, 0.5865352658325506, 0.6856088592623599, 0.5946697706119888, 0.6966432337265495, 0.5238858857459859, 0.508026647451677, 0.3502656718708029, 0.3695565350582355, 0.5555433713416191, 0.764755354253998, 0.5944538504153419, 0.38496848061763544, 0.4605512220084068, 0.3434807140676066
0.5614076717627496, 0.8168290687273578, 0.573910956442361, 0.4085749304112176, 0.7301546292878853, 0.44972059043135476, 0.32894707365650383, 0.4646885735497858, 0.30070343851532, 0.6706059843771544, 0.6645907966637536, 0.7559791850361769, 0.84652644743877, 0.40895182906644445, 0.5015844850942273, 0.4794995931269573, 0.6215062944476574
0.29850745774442017, 0.8527216176595149, 0.6479923300720485, 0.9022594659690485, 0.4613595993936137, 0.5208318731978703, 0.31385186977585233, 0.20381978858755073, 0.3356221261302458, 0.37993713708504884, 0.5931082243117362, 0.536410498302238, 0.5583653748275063, 0.6687095857574279, 0.4873234026987311, 0.5110611572737876, 0.7314657887908423
0.4726445001610259, 0.30165772894000276, 0.36343781394437424, 0.3684376900493941, 0.2370255469410491, 0.5587904004849401, 0.5644759030136199, 0.8052141166205656, 0.48799333784533533, 0.2586750450771029, 0.7951910087578649, 0.33754942752947625, 0.47329945003298385, 0.4832587710516291, 0.23577268909738813, 0.5019424640474837, 0.3717207320683499
0.3517528978631109, 0.7873897356869951, 0.42825811013223963, 0.5172742370423958, 0.3386222935933909, 0.5413879952929818, 0.31395460700744016, 0.6111052499075953, 0.5230204780952605, 0.3707032564824633, 0.30114664680732617, 0.45431547749364004, 0.4472430194786652, 0.24695739130140343, 0.22245083588311731, 0.5042004374597463, 0.8230787626943243
0.6108687871804107, 0.411248898675782, 0.059685713305886734, 0.23964526820814935, 0.3847151079150656, 0.7630452153727226, 0.6329199981732468, 0.5848125536691857, 0.718396353160433, 0.6057119352629678, 0.7082312925355343, 0.7372451433210018, 0.49044104820167606, 0.2889540762869894, 0.7349873487651528, 0.3129724564101315, 0.6395309546772419
0.43774386399846044, 0.35122094699554623, 0.3402770709140429, 0.544834267909412, 0.7142344864727066, 0.14822233786667738, 0.7006574633513044, 0.5137358149589933, 0.3575716430801885, 0.6902242677004758, 0.23805269886562908, 0.4319659423433375, 0.6625852322205872, 0.3780321724245441, 0.4247599902139154, 0.36109608024796724, 0.47466198451777686
0.5696978275747235, 0.6680940735634308, 0.4928744315452819, 0.5610384306849323, 0.28917148361903794, 0.4490248358328345, 0.6457912965848863, 0.20390905446888785, 0.34403441196199996, 0.380111364389953, 0.8763365125974137, 0.29474152289400846, 0.6827124550857493, 0.6257559455818384, 0.8064120468755263, 0.5743083454530281, 0.6829930482192573
0.41848768900748146, 0.45451503493789647, 0.8472689759169663, 0.18194435216813176, 0.36622286525726944, 0.4415513374618281, 0.5722356461314007, 0.2724115695593927, 0.12504202895215055, 0.565954123600507, 0.36873679629928724, 0.5641320243361565, 0.4585840855119061, 0.6711545557127685, 0.39677560078243973, 0.44491117089348553, 0.4616368120928753
0.4571967336776407, 0.70561389372725, 0.5351936202675863, 0.21656160260648377, 0.6894970822822835, 0.3847160126766636, 0.4268757172057446, 0.2753041501290159, 0.6147256537888038, 0.2194496685538891, 0.3942690920083558, 0.1321869682508227, 0.415447704927668, 0.5959227788512417, 0.23521147750254684, 0.7018293101973128, 0.41731427398275556
0.8099366185123246, 0.4926307596078984, 0.7779950085862446, 0.33741862032582226, 0.5737818960578277, 0.128686167688281, 0.29702998547887316, 0.3551687566733883, 0.37024578024214794, 0.4722832088584868, 0.4916244714198596, 0.4450913176936463, 0.618943036149617, 0.4984066501746234, 0.6691439297695135, 0.3674514500028097, 0.5076645599887284
0.5042856497575361, 0.39636129557315575, 0.5579943729207264, 0.5775966387596412, 0.7010435992925053, 0.4620600305524429, 0.681607144732493, 0.4417007818721935, 0.5021543570327608, 0.5325152601313567, 0.8230284828101876, 0.30669549150303976, 0.22973256496829153, 0.6169086860343564, 0.7218476880827109, 0.5564138680266, 0.3143275099197562
0.4603939985052986, 0.5245336677313668, 0.9169172227033426, 0.5587072162104042, 0.40973927732322124, 0.3507560841605976, 0.5583825217058257, 0.4619832458889849, 0.757571931471817, 0.4088953561927137, 0.6682356193637388, 0.6886438732202127, 0.5829130863926981, 0.6264024785632326, 0.5149429225040701, 0.3973788784417186, 0.790020166287591
0.6636010378591173, 0.701100647302835, 0.7214032566887612, 0.25417035716447095, 0.6855203048042271, 0.13079017270412296, 0.737114949781298, 0.42810953809236824, 0.17735030574618033, 0.4030438996512742, 0.7729015725425162, 0.38353792766076333, 0.6242669931141177, 0.6953051902965514, 0.7769857564434867, 0.6684045248737609, 0.3510292202602573
0.5009666623569438, 0.5280722340903028, 0.4766927933618015, 0.5233192201884144, 0.5963814476481316, 0.4984372082039031, 0.8491444883473319, 0.7996160911305874, 0.5751965782374062, 0.6271222969858041, 0.4896121055552341, 0.754878301333916, 0.40741121253134843, 0.5032553805930772, 0.7228748980337685, 0.43225747077195675, 0.8090690918016582
0.44557862329788644, 0.2308476151651716, 0.23385893257974782, 0.4253158596920745, 0.5276469477049978, 0.2849803318515838, 0.8272722023180252, 0.41215499684136214, 0.6965649608719193, 0.6342414340180385, 0.7060256932608875, 0.3346241620666096, 0.4483442947302928, 0.2395413280345678, 0.5726018655604574, 0.36550537315382586, 0.4056076905849609
0.5816766814816664, 0.43088958351897955, 0.7197711925313262, 0.8245171782381435, 0.536571537304944, 0.7033815628817839, 0.42774973641857905, 0.7334602621137969, 0.5201698707951503, 0.5058862265458282, 0.36756184409388193, 0.40212005825849295, 0.7252217337253394, 0.4975694016857134, 0.2862962936625473, 0.4436018213141761, 0.09486277317136371
0.54908938052786, 0.6288424989316459, 0.8267401199568499, 0.5764250081091676, 0.30769286630342174, 0.5722702099765895, 0.49980573918917, 0.36970771260555724, 0.5522604481697584, 0.34396206185211475, 0.600419322575508, 0.5757233502368606, 0.35801100190302504, 0.4930283190879554, 0.79588701997656, 0.4856461104955967, 0.4072082661343969
0.6468433574522601, 0.3669602873857267, 0.36688917654573944, 0.5759798715461097, 0.5681214612041742, 0.6668440847408682, 0.23000438025375086, 0.9455678208726921, 0.39224922888565844, 0.842344947751878, 0.5877600811783104, 0.3807938983363899, 0.6296025318570451, 0.5498129159520008, 0.18746803185460797, 0.6794273881951074, 0.37783043695560636
0.4914512610505641, 0.372680781019259, 0.6575449987010726, 0.3492791946798328, 0.2890054219696847, 0.3019743505530365, 0.6166575620331067, 0.36083815105534256, 0.6852182409859464, 0.5432551060298042, 0.2805088335337425, 0.5088898114808971, 0.515937488789207, 0.2907021662250919, 0.4154338158521921, 0.3086594105274069, 0.808018104747161
0.5578389018575862, 0.6471503579990081, 0.3360151964333964, 0.4545136443865105, 0.5286429866340607, 0.22264914659026186, 0.4458823678556668, 0.7335598508349495, 0.5123838628968483, 0.15251441533725296, 0.3319305885743209, 0.3246679077936816, 0.24856126428102177, 0.38844926553853243, 0.4271051634508784, 0.5414389841429141, 0.3262115959576297
0.5159102988088128, 0.754531010740626, 0.5046531306471155, 0.5833447484828601, 0.5607975827015786, 0.19909119777408846, 0.4311688339603374, 0.24283445280941562, 0.487881518792696, 0.7134548571257536, 0.5995506052783701, 0.4443512012744671, 0.4801438949375085, 0.43878539343567213, 0.3899291831704279, 0.5266508813703156, 0.5863952001876541
0.33683333889090794, 0.5482184768419572, 0.593311856918718, 0.6823364606784166, 0.42141284311324934, 0.7429979926858581, 0.2883440109318979, 0.45423646947015267, 0.5074338277720968, 0.6033265826431992, 0.7912652918169456, 0.304703174570216, 0.5043406623969738, 0.7592561300968513, 0.3903294620080698, 0.8903043403658376, 0.06234431846480648
0.773052643754288, 0.47464222450984556, 0.4147111237420753, 0.49929547874106844, 0.38348443611621763, 0.7624463478585175, 0.6539472759638764, 0.3932946170443632, 0.5764394513520253, 0.6637967139670575, 0.3871319301848286, 0.26481826515990836, 0.76051206688173, 0.5823735290472314, 0.3611500395417252, 0.6241493261865824, 0.6997919311665882
0.4962817403374388, 0.06497111741521044, 0.5335794760860413, 0.5371946292127818, 0.4438809664191787, 0.5085143691841525, 0.49821504534945066, 0.29555748610108257, 0.6939899105961815, 0.7567222863973058, 0.5018927050615284, 0.4414385432811455, 0.34768560022333805, 0.4035757878869396, 0.8101439947825272, 0.3728911710537838, 0.4332562397166153
0.23282660257291926, 0.4194994814029974, 0.25516916781063864, 0.35586964280200634, 0.7577098991785114, 0.45761529552435837, 0.37550400833797143, 0.5792279829786217, 0.5686490938647981, 0.5304289467310886, 0.8639068953905302, 0.5199521395396535, 0.6887623954813674, 0.8925775130436917, 0.5042770090003542, 0.38462768779128026, 0.5660852131660044
0.622944906884119, 0.5149314112764282, 0.4060903602350311, 0.35485525441415555, 0.5345920110211053, 0.5107540321144945, 0.5677286919100909, 0.39712584902349707, 0.5843505026139467, 0.5016893058265818, 0.5054399778061728, 0.32865245138592, 0.6238072699455042, 0.8912886823210305, 0.29761054180582047, 0.49182601599291237, 0.41884177311645815
0.47304969950874465, 0.9651215882569024, 0.6812313229640996, 0.3331124201717962, 0.6527189120308852, 0.4843790278086007, 0.4371764422629705, 0.594316425801294, 0.720281523172236, 0.3529317974108591, 0.6133025770551375, 0.30898637707545973, 0.2582175006951567, 0.5187532431599613, 0.397343828606891, 0.415107733280801, 0.29120366152721405
0.2662074765200153, 0.6428255792276837, 0.5328732230018713, 0.3882294533951129, 0.21142240652723115, 0.6236903049863646, 0.4479362463064857, 0.12887173756086323, 0.3552550573787364, 0.23665324374413998, 0.4622775856066655, 0.6562432013452002, 0.4841322515472404, 0.5882592613412506, 0.4723925736924325, 0.4392998206427326, 0.4787494669531117
0.4649360860996587, 0.9482942533812355, 0.1845122292795946, 0.6594234534258172, 0.6141424880678499, 0.5516755125382963, 0.28798022194867257, 0.6508659923649632, 0.4379732486751832, 0.7453116874884973, 0.39347006200250023, 0.29560430125969206, 0.5440566874775996, 0.5157732485598456, 0.47581172730850435, 0.6082428721671942, 0.5199936336611446
0.17217347220704066, 0.4707731794808206, 0.87040282655773, 0.7633384907595324, 0.5599509022666612, 0.61048639889058, 0.7343251638630914, 0.4855800319255754, 0.38273081923722707, 0.38530118047778716, 0.7680704607168695, 0.7305698141108853, 0.6171709508677986, 0.7444519885954034, 0.601994142446318, 0.43957103458248503, 0.7282401700618142
0.6493612483944541, 0.4773467751873952, 0.8031931455388713, 0.5119148986437947, 0.7947936042600484, 0.3049009215252212, 0.6670303156521323, 0.4381001951903606, 0.5792744921963322, 0.5063501949034996, 0.5519289407159581, 0.5441367759082879, 0.6583382901414223, 0.5833829536173714, 0.6777563335485479, 0.36529488294961043, 0.29766193601637914
0.6248029478013983, 0.4311308671604241, 0.42364710463695415, 0.4546641191164881, 0.4319821915691425, 0.6131023404495003, 0.32660051440952875, 0.5212772967210192, 0.4636695059479239, 0.6656291785641772, 0.7568641835244752, 0.24160526912063796, 0.7375388404722291, 0.46989685083053745, 0.1035191615518315, 0.48061037529408746, 0.8033578581005776
0.36602741901926067, 0.5499036394201241, 0.2234329532675839, 0.4337785914435534, 0.3521578207334752, 0.46171415475776906, 0.26472837636290225, 0.35768388918878563, 0.6515009084492817, 0.21050812160667698, 0.5318009403350881, 0.47350947578907443, 0.3109891241030013, 0.8510512672325989, 0.442113331596496, 0.6196653664008814, 0.4803192948684875
0.39545706838612815, 0.7073451501365635, 0.6878393022956844, 0.7057667096565056, 0.49242495287916815, 0.3394574971876151, 0.5844537222078083, 0.5792336738052555, 0.4451716355064137, 0.5375887855363761, 0.6381560189949571, 0.3510066976089321, 0.5014967142403985, 0.5611591223257301, 0.5899559107720981, 0.7707670312841864, 0.4815548624456678
0.30538957782721887, 0.3418706713595727, 0.4790556061659582, 0.5635832746238013, 0.4702963672501335, 0.26775105767727203, 0.6746180965468761, 0.2982748326662351, 0.12384138439231002, 0.7791089888457357, 0.34049837002191563, 0.38379257906870606, 0.48034270139057916, 0.42087083681101134, 0.3976767909897655, 0.434838573305443, 0.51310652013146
0.37285999370116446, 0.5927455056672988, 0.2935918016365745, 0.5889295139746089, 0.6747514812727688, 0.639454252003169, 0.3953826698260165, 0.6428463726546395, 0.37174725465244907, 0.4655193602417922, 0.6549248715522233, 0.4074375664785086, 0.5852707565915479, 0.7432095549807849, 0.5459567988659825, 0.4378470467756798, 0.45138816940516785
0.7564769804572108, 0.461832600443552, 0.27683491419993833, 0.5507333851310793, 0.6629381108554806, 0.7439284577040652, 0.6094337569020024, 0.3917275483329996, 0.5931181023807689, 0.36397259879997534, 0.4259708278930792, 0.6130204387775557, 0.30799747226199997, 0.33276541880073673, 0.43480233418938596, 0.5124409781306324, 0.6384415224042195
0.3715223731995572, 0.7367660224895606, 0.47153141409019844, 0.4806140164662585, 0.5939207657488875, 0.5219587586968256, 0.6592844720930211, 0.22704180473088736, 0.5847653571292666, 0.49592492549938655, 0.4671091018144291, 0.6017371864193024, 0.4126863069705097, 0.830919301801508, 0.5088803143105347, 0.6010440650424066, 0.6369748061471494
0.4276708139619223, 0.6022949772392934, 0.48436027244681845, 0.7150285992970769, 0.3792593276047178, 0.6088701064131401, 0.3444195255521296, 0.4517574017337919, 0.5778545996823611, 0.6083532272388799, 0.2705530218904188, 0.6525812147761453, 0.6699248186207252, 0.4371529321696728, 0.6648696068580711, 0.5437390694712088, 0.37645978908336075
0.18436720669846685, 0.5081309332188706, 0.34013647238460265, 0.39305457367902286, 0.4606608649805363, 0.26685727920157665, 0.5284008839129745, 0.5145396500236217, 0.5708141807497858, 0.599636456668146, 0.49748856160315613, 0.7791789034781091, 0.6752973778611309, 0.0888177465349903, 0.22689131011939523, 0.5897041053011488, 0.6403051028788764
0.5201657886983315, 0.060339498555357585, 0.3303653591611754, 0.29464050620426296, 0.5800503374278033, 0.08244621498746729, 0.7791004336141671, 0.6219746850708436, 0.7538167413213307, 0.5436885432634057, 0.6563526597391024, 0.6261798517274687, 0.45837469392784447, 0.5947894381318126, 0.09201093696723506, 0.3911680618828879, 0.49190220317636096
0.6563329657278437, 0.5034329794126996, 0.1369502376373925, 0.5097544273687583, 0.24243161776003674, 0.18670872911949166, 0.43247713773473284, 0.8248697927264476, 0.5029445925529321, 0.752493574796654, 0.4389303747966086, 0.4100262035928981, 0.37240574666780846, 0.8440808872242639, 0.6340043489742977, 0.9740992399298097, 0.3711046982632128
0.5582081301399109, 0.739556807991756, 0.4074782662731514, 0.5144748536292145, 0.3662902734430897, 0.44450335141413866, 0.5479225655784725, 0.6239859474063888, 0.23262779994153582, 0.7408747645122054, 0.2862536748070375, 0.4404776802488603, 0.6726817652432191, 0.8580244983650358, 0.40979010457364873, 0.5686600797392699, 0.6041083170429639
0.29527610002602434, 0.18766172115947083, 0.5569576469309271, 0.6699124232696614, 0.6811904839507456, 0.5603047838001171, 0.5288614792741663, 0.6546197166362375, 0.5799460675634697, 0.6577923988519585, 0.45533721860813425, 0.391196616422267, 0.5637851385105104, 0.6195930941617033, 0.5669929811557579, 0.7382835194618373, 0.388167584657982
0.5516979877137602, 0.4154193304148346, 0.5450419998890511, 0.6616581755305271, 0.7774384795161497, 0.35682563131996625, 0.4361048621128156, 0.4899206044773939, 0.40756258192257633, 0.6649723402870662, 0.5590734611361919, 0.4853749058740191, 0.6674576855996519, 0.3051029887261775, 0.42478140687692845, 0.7155973603621821, 0.35634809702247694
0.609728108460912, 0.3249147720948492, 0.20202185621826668, 0.6896102117032122, 0.4154394824879327, 0.501536799041179, 0.06388631743622364, 0.32388950737898814, 0.39749753355287987, 0.5720230419884595, 0.3559716257225607, 0.726164488351354, 0.2589381342581513, 0.4484043650861283, 0.6799485070820086, 0.3420257712252257, 0.4863445811334594
0.6620473935571569, 0.25359633768293594, 0.5026525916914089, 0.3095234260109601, 0.6459905347495698, 0.40386226903373856, 0.4119696302756626, 0.31153480502032405, 0.5092975866374988, 0.6983413112664607, 0.6039029394434313, 0.5142703455295117, 0.3121091380247377, 0.9384416429086169, 0.7206377474208863, 0.315870259367106, 0.42254524918318914
0.20362043313201328, 0.3856483190986601, 0.5957573235147064, 0.5711513217778396, 0.6916654453312364, 0.4756490649299902, 0.6944610988711, 0.5082164963403029, 0.48749655942348946, 0.4814455401668106, 0.1831818775824381, 0.4115517727354546, 0.7252450843110787, 0.4515119801562222, 0.4349327256096179, 0.7528508119767431, 0.9207555943386359
0.26757672104360747, 0.749715020416889, 0.4713871101632881, 0.5113543422557094, 0.3376320260011695, 0.43401134050699264, 0.5989989451632818, 0.5076058901545915, 0.43251509835329693, 0.5765747398900118, 0.632781040673788, 0.39343199699282494, 0.22595959594348347, 0.6574765168329777, 0.26168599206450704, 0.7378222963371432, 0.7275847489758437
0.6189524994396431, 0.6627313598162551, 0.5127869768377648, 0.6819012773800509, 0.3615042873378591, 0.3852689581632557, 0.7303789605509674, 0.8123049211165758, 0.6008623240359243, 0.5902817103034353, 0.06214091296647423, 0.39448685233552716, 0.5595405216774001, 0.8518895271680744, 0.4692292958342726, 0.4183192136152472, 0.6165894569702725
0.5829281036366314, 0.4461818500889013, 0.5479975741198908, 0.370772201362253, 0.5174002765819233, 0.8405938852915772, 0.6575300233339364, 0.4285956857076233, 0.3371480710712039, 0.4385649169137562, 0.7074426416141083, 0.5254551981264248, 0.5166999136584692, 0.5925951085109923, 0.28229666770306383, 0.40878500338894547, 0.5237501985159891
0.6315982392028621, 0.78145801509275, 0.5459348206079401, 0.9469392456181751, 0.25682000302559105, 0.30213560119657223, 0.5312692001795768, 0.6867041565262992, 0.5159796280939136, 0.515707374643699, 0.4827756355320999, 0.42612426217130106, 0.4965750223885596, 0.3589152779193677, 0.3433845544337755, 0.2585789826975999, 0.2415660647429294
0.6328859267335345, 0.5400783949008608, 0.4556609765031231, 0.5716675667588097, 0.8861178237512501, 0.5730304133842462, 0.35437149964380316, 0.51867471989344, 0.35468962046120645, 0.534930863880632, 0.5191151667162878, 0.7685897805861479, 0.5671087275814547, 0.6178246809426253, 0.3931279330295483, 0.6315193035944202, 0.4623282816618834
0.34997752359742, 0.6272762861898944, 0.20722785352576684, 0.7360957192632231, 0.5908664554737769, 0.48229322697074534, 0.6107314697573649, 0.10002166668521756, 0.14798663863572015, 0.3369237425427333, 0.5073087970697848, 0.7711529183101812, 0.515560884451565, 0.786962858193719, 0.2141887309508857, 0.49444774709367123, 0.44833194397446047
0.5294288137181071, 0.08905321395034238, 0.5492708877638807, 0.21660483007416753, 0.8005089678823112, 0.45509192077081045, 0.4077982539416908, 0.512521811689365, 0.3666629669206075, 0.5994590466933644, 0.4235389414525223, 0.7318219681738785, 0.6410285856644711, 0.6495784644701749, 0.5289631517374231, 0.5300111817724139, 0.34204277972138736
0.1936565761127051, 0.7020533499570689, 0.7338302985348053, 0.3586848111219846, 0.589399922267711, 0.41871960116189183, 0.5018817995194467, 0.6802304309408415, 0.24265570224563676, 0.7639212449007547, 0.417921705985152, 0.7227215755626984, 0.5212448376448305, 0.6271866764788485, 0.35161185886731944, 0.6296454617430288, 0.3928035225740524
0.3408154807211252, 0.3560774758433292, 0.3124056093200006, 0.552511194500561, 0.7158947897891753, 0.4447878619127802, 0.3971746952278419, 0.7758335128872591, 0.4298056643372342, 0.8140479234992972, 0.5596386871165586, 0.3852881948969502, 0.2880017902663322, 0.6707540488455925, 0.7922993166262404, 0.28160791116642747, 0.39165601764752833
0.39360062176759103, 0.5919445512369881, 0.5270136455433039, 0.6556227801845761, 0.4774542220995379, 0.3892318092210846, 0.6622288867482695, 0.339993539908345, 0.5104067538383666, 0.5576987270792335, 0.8400460084450349, 0.8028171597651705, 0.5096286309789784, 0.6258972650643099, 0.5874095980386678, 0.32273748738185715, 0.622590956262417
0.42310474988302066, 0.5634791155949704, 0.3920944660811657, 0.5096373594273896, 0.3422361273155988, 0.38224963811146906, 0.8159407268326947, 0.38601465910622423, 0.5908238004026743, 0.2357723250382902, 0.5502814523739353, 0.4748511095435757, 0.2818111125567677, 0.5664667163881416, 0.700443061440929, 0.6211548447755743, 0.7420361593780073
0.29397135530733953, 0.6431779730636088, 0.19064197663686927, 0.43917558511782256, 0.44207952322833377, 0.5581735748775586, 0.545291794096026, 0.450842220139698, 0.740195722347914, 0.4304071477898424, 0.40040106465823666, 0.4060505716207784, 0.140525325947902, 0.32674211288087474, 0.4753446002165129, 0.5752900503174102, 0.34768908626037964
0.2807972134750335, 0.5773341914723786, 0.4665524951981306, 0.4309447283945169, 0.09458809373696203, 0.7387119898205279, 0.4265526499936596, 0.4199558657735347, 0.6328689775781177, 0.2853638008314703, 0.678730217730359, 0.35659817314205694, 0.43994214058445924, 0.38024738005731284, 0.5831123260241329, 0.14406493811438814, 0.10120638080539723
0.48126674663266666, 0.5897469753897573, 0.5449458377231595, 0.43224570504563853, 0.4179330741352739, 0.22451962396347147, 0.5844820051711537, 0.40665834611972107, 0.6147420880385626, 0.4220649802017636, 0.25856738564743725, 0.5288123640351611, 0.6108475283327364, 0.582798358655713, 0.5604404882907021, 0.2007581120555279, 0.6548281195825503
0.5131034534323095, 0.6989865549831651, 0.5582604999134836, 0.2991307683948672, 0.5117872432929564, 0.6522879151773295, 0.7393014442116083, 0.6591978206888913, 0.2942092791536403, 0.5732050192337811, 0.4983560884700271, 0.32456580910551136, 0.37084559541479734, 0.29959696033373917, 0.7646116075066076, 0.5845120768673533, 0.4182702533744864
0.48468715134516005, 0.2739161511404183, 0.8774164441388564, 0.4655726969303936, 0.6320278767923574, 0.6535753007473311, 0.34528150337401037, 0.3914588384146006, 0.4978371769111222, 0.38872488647518694, 0.522008386745121, 0.28693821202658165, 0.26414986876852586, 0.5283903713484843, 0.3552634188560644, 0.37017723609417197, 0.3896031670739876
0.5854366244288357, 0.729276923606283, 0.47589094332548787, 0.3542703819470472, 0.5637896456280476, 0.8476002482295859, 0.41603744993161784, 0.5522837417443732, 0.4555459250185284, 0.5493365579121099, 0.631735157105036, 0.44877431431657944, 0.4828822862367102, 0.6401525311429003, 0.6396907094561032, 0.6104212445993257, 0.26247096816497917
0.537739761418805, 0.5324186677144586, 0.7623666702009807, 0.8205887366214193, 0.5105940636039792, 0.8826275456369367, 0.3428978705848594, 0.5263047461395093, 0.3182713093902897, 0.38283689263797904, 0.3772159938616139, 0.43644642508239656, 0.611526610615544, 0.5835573390297425, 0.536770940171075, 0.4177108606930734, 0.4166334792197237
0.00317108189148,0.0737484278502,0.439721531334
5.06773945397e-08,0.0109167771333,0.251303913002
1.41263856442e-06,0.0256725883252,0.40729556527
3.55947790494e-09,0.0557151749577,0.492207333813
2.44157924748e-05,0.114956043867,0.729694072087
0.00637132133806,0.276298537686,0.919486880112
0.000285093097177,0.584524676173,1.18998915242
1.03978559135,1.25846909976,1.66537889627
