$x1,$x2,$x3,$x4,$x5,$x6,$x7,$x8,$x9,$x10,$x11,$x12,>>f1,>>f2,>>f3
0.3299441461805833, 0.5193230433048107, 0.3504450655784505, 0.6484014012675872, 0.6442317272512138, 0.5887728317246947, 0.6124288285802164, 0.3350490725112154, 0.2952577670499411, 0.4979762055111418, 0.680362861334644, 0.5817231040021752
0.4145843047738774, 0.8730095024878667, 0.5771809420282359, 0.23247985545605504, 0.588375866007337, 0.5226003718294973, 0.18808625402944246, 0.4653635196724867, 0.4281748028955539, 0.4236884281240656, 0.4919703075506825, 0.5753309599528897
0.22093621943577985, 0.5819611070464532, 0.3787181031774091, 0.5493057345278627, 0.4349234497758303, 0.5314381017472499, 0.3194301864694536, 0.5568352739289057, 0.4552742212532901, 0.7057862301764847, 0.6948650398169851, 0.6320546117780359
0.6721974273091125, 0.555634415307286, 0.6556176909344427, 0.7494409606065789, 0.3274094012025582, 0.5659726789724862, 0.4088954696002893, 0.9873160727071799, 0.35795799159025476, 0.6154185690204798, 0.4740565106659851, 0.6878482504925412
0.6535817593026081, 0.8498975638410271, 0.5555253769155263, 0.3763875505319214, 0.36856708087485784, 0.2089590462594904, 0.3766065684134545, 0.592118179719652, 0.5761117992357048, 0.3785400760468731, 0.42352490429708567, 0.5109669033174427
0.5119786294639523, 0.4249757767052874, 0.468422415535107, 0.34626590671659707, 0.32995299457615984, 0.4621523574210868, 0.5563189197036085, 0.6946715536125769, 0.30941969318805507, 0.8821529653482366, 0.3171737516618661, 0.7055769836594602
0.3689541615044987, 0.37836606052336136, 0.6250435985554883, 0.6346510830872518, 0.41978525974855996, 0.5036373843437707, 0.4312564451488806, 0.5800014008701013, 0.43620300236617515, 0.7684277746503803, 0.29994541767427413, 0.5127758004351389
0.47420476416469903, 0.7046724925972132, 0.5574875612581923, 0.5488107899850418, 0.5877773736481938, 0.695401615470518, 0.7089127316433922, 0.47657877507863927, 0.5643655551845395, 0.4252556386197959, 0.3614907140603398, 0.4629793902886716
0.4212297408370505, 0.5567609782325913, 0.09152109263945557, 0.47404534934514136, 0.3999470144090885, 0.42064568952755294, 0.6116852738375997, 0.5846615431813093, 0.45229154900992236, 0.29360441778599267, 0.3392248398642971, 0.20867388231633216
0.35782117720575496, 0.5890425875236349, 0.6017769153417037, 0.4660225023470392, 0.4272185036736751, 0.26769801259932224, 0.6856551630908981, 0.6618450022439036, 0.4528321777592822, 0.4709226196139667, 0.38924577278747097, 0.32266445399366606
0.7114841572203384, 0.49708195352365203, 0.5200385900233495, 0.21315082537688967, 0.5151009802282264, 0.35658789988384443, 0.4281624022152256, 0.5480332791909419, 0.5086903382446637, 0.46829628067565005, 0.4746676483314113, 0.6074535246083468
0.6722479765196636, 0.4837974284112186, 0.38102886998610735, 0.4647658812007029, 0.4575810965223478, 0.16518960927608461, 0.532197860954959, 0.2740003776109026, 0.6026649039403653, 0.4644095118144908, 0.5805851369881678, 0.6051969969285909
0.23790172161488965, 0.5555261156975112, 0.6976810183341731, 0.6085506661867203, 0.4254334948815627, 0.7234136769080481, 0.47465886287628917, 0.5677474082507845, 0.2772132133702446, 0.49918188234864447, 0.3425319669139496, 0.5210019652658444
0.6756686765062492, 0.45107643057885755, 0.5235906907428727, 0.5706966781989559, 0.6311900468235879, 0.5160068502886935, 0.4692164567753825, 0.7556921420654432, 0.6857268373178571, 0.512952846852496, 0.40528329760738396, 0.6450676075235936
0.6772298406133546, 0.35677463732064396, 0.479733254603135, 0.26286638437746535, 0.38998842030217756, 0.407777831365133, 0.6852067574011107, 0.4949336699109879, 0.49689217993093926, 0.478019436618592, 0.18643820733427874, 0.5699933062327082
0.13340563803536198, 0.6907875233809171, 0.444337791350122, 0.8983097360538741, 0.5192342417322781, 0.16331643949097663, 0.6755767316206261, 0.38428459106709145, 0.5516759540106001, 0.5221453664669048, 0.45723050764543655, 0.5288715170122558
0.5648880942032093, 0.3478207487101464, 0.44031680789583677, 0.32775068630664383, 0.6271993992507603, 0.7473348895401094, 0.36446041710791244, 0.6975658767019608, 0.7658668764454581, 0.5706231093334289, 0.7113840405929465, 0.4841511368755257
0.4799409797865992, 0.746828604775538, 0.4057723072161705, 0.4321467048142604, 0.47832594924139304, 0.600589046973924, 0.4638321271194796, 0.3474961436346875, 0.7272092169722223, 0.6722535355966185, 0.45974102389643223, 0.22224880137385428
0.1649543702004021, 0.6341443036553822, 0.3882907283118334, 0.5201890281704726, 0.5226985235839227, 0.630054627997507, 0.5737781797301118, 0.661553796609536, 0.66144736348974, 0.5052031485506775, 0.5646486625196437, 0.22705391093825006
0.3402662780056687, 0.4431455555574253, 0.2847360980266602, 0.7043283413674861, 0.15031569407859496, 0.4675383160790405, 0.438686120669626, 0.3391735611993588, 0.5132862065941883, 0.6176341700669942, 0.18142846592039252, 0.4176557550265305
0.5632548406036282, 0.2342458358052622, 0.6725703109663435, 0.5444739410239233, 0.42815475980209766, 0.7116073672042472, 0.17482452340589882, 0.5793166107096925, 0.7779701783629043, 0.6640066340246195, 0.4506529923721986, 0.27689323502898566
0.6422715338666483, 0.45968553697641085, 0.48427587411749173, 0.6139627942206778, 0.5740945752961212, 0.5302207819861113, 0.4655020297176385, 0.6503009122561096, 0.37464179914157786, 0.16387752426749103, 0.5602812535158587, 0.21071680643126017
0.347011306758875, 0.4153377679489797, 0.4536831552859516, 0.38049788925575206, 0.38191839504560043, 0.6362791121524375, 0.38840005083421403, 0.2763727219177826, 0.38132257057255137, 0.6013773675183162, 0.27354112342212517, 0.36932643009196475
0.7076149880125016, 0.800277736738678, 0.36994731812382753, 0.6137776483026377, 0.23548119460492256, 0.8286628656074241, 0.5639717486397798, 0.4298631810445253, 0.7465668219301258, 0.3533217532278894, 0.292518635434297, 0.3301650166115468
0.5112181987445137, 0.4270968228313746, 0.40264638856792856, 0.43193188419448697, 0.6071007629435368, 0.47978069350900904, 0.5174751636830988, 0.7092731011323015, 0.5397487342595779, 0.2794115472440212, 0.28422549311207745, 0.3538785302820658
0.5468720107754181, 0.6133345422606249, 0.42792414579228794, 0.6726669538289272, 0.3775370688647473, 0.11601752158544987, 0.4698633561263341, 0.4053161454294709, 0.45883194549202727, 0.48416849001337736, 0.38658147350849403, 0.591230354917757
0.5748675996496596, 0.8206714958872388, 0.4066616544411379, 0.6149545310589282, 0.6241679382730979, 0.5640078206143486, 0.5960541923801578, 0.48045348747424294, 0.5253730037091087, 0.5316731314585883, 0.7324389949212307, 0.37344542132384473
0.4573268546647005, 0.7190366894784902, 0.4597101067146372, 0.7133626987610322, 0.49355710564896776, 0.6734950346512589, 0.6671266041154255, 0.39289243121645895, 0.29120007634088474, 0.4811040698004915, 0.4452728957830181, 0.4869741635961079
0.7114366998531743, 0.5774627562215842, 0.15765082685016457, 0.4945329218563486, 0.4837795660558476, 0.19479149480885494, 0.26822822585988904, 0.5271355243816701, 0.5567322826593191, 0.6665786013732422, 0.5722733680871852, 0.7166297059687252
0.5144405577282499, 0.5062536733378074, 0.5542746050756642, 0.5654670217901109, 0.7939785560241164, 0.07879718451802953, 0.7000365432184796, 0.5051879276584211, 0.5297645651997034, 0.4128651568743069, 0.32838705982044886, 0.7320052171160345
0.7463907087920313, 0.6050155089220747, 0.5608322266269724, 0.3331566708544531, 0.4183099163843534, 0.6041166693681852, 0.543327393976338, 0.17522833863839016, 0.5023340469389993, 0.5846654893693919, 0.8260938076640973, 0.670831589269574
0.47649008597743475, 0.2856445425098915, 0.7325920271245489, 0.7226659308401672, 0.6715031789329402, 0.540086214849204, 0.5733745159788376, 0.45272588970647365, 0.5483035430868953, 0.7343504295102292, 0.5120366349345383, 0.5384858039242295
0.31129090641384793, 0.2819090244514754, 0.828498373511191, 0.5607482563308764, 0.5633610130445298, 0.6193761151725495, 0.5675160266039238, 0.40803539790793797, 0.48231008948426374, 0.4515944813130693, 0.5910806451639566, 0.31134461935773006
0.38286756031418967, 0.4634680579956632, 0.39927379872046, 0.401704157598868, 0.5750805215600208, 0.8004110463750416, 0.41551461808552703, 0.5776590981626881, 0.3018736464122523, 0.584477087908709, 0.5975261580312932, 0.5196962196544416
0.25738316950450413, 0.6854548264011043, 0.49456227322455726, 0.4342553959787716, 0.5841372515223708, 0.12752539090442222, 0.6276479151545198, 0.42514953557721047, 0.59603389257532, 0.4228152608309756, 0.47300941882997555, 0.3885332950806679
0.6236657948807451, 0.2677952001459041, 0.42486591713786204, 0.662515970079618, 0.48065534861988385, 0.526730590037624, 0.5943720671968934, 0.6528487348782213, 0.30371259248731, 0.562145840588858, 0.41801976177049893, 0.390777056061802
0.6473889757603429, 0.5391449111410327, 0.05580643229496929, 0.6417837930007608, 0.6860818002020814, 0.8184445104057032, 0.13894539051650712, 0.6246522425937802, 0.6557839090476035, 0.5449008122630904, 0.5689464120308896, 0.12486874583961682
0.4081561522262308, 0.47145023309722905, 0.5050074401421865, 0.5559068286535241, 0.5890205305747283, 0.4203290978881884, 0.47181064563214214, 0.3278755493034792, 0.20775063539341349, 0.4555290733147114, 0.27720311229043126, 0.5975425028027601
0.6867709656749257, 0.45122443215278196, 0.6480876456558121, 0.680980216326894, 0.487476361054625, 0.5741679859530258, 0.37470222098750505, 0.46849097540423423, 0.2849047898872733, 0.3658938950702735, 0.2559106125209329, 0.4475283683497764
0.11783206232442567, 0.4704618013791475, 0.6031719752712272, 0.3938105696978091, 0.33120356976522597, 0.8510802968856273, 0.3918068039592868, 0.6639238487971455, 0.5594290434193706, 0.30073831821098485, 0.27776725646193223, 0.6756041076761804
0.3251058955446289, 0.38832441622690245, 0.4262007774728115, 0.6323219624623422, 0.5423215455910775, 0.251919661817393, 0.4031731257606102, 0.47110964166878044, 0.2149461835736841, 0.4564618668449215, 0.6641018489158713, 0.6826856631460352
0.5507148197176217, 0.4386020956543883, 0.7006776820044569, 0.4050053656959338, 0.13638265976300085, 0.8374378980236532, 0.5880663430158024, 0.7634338657678548, 0.3497802743004479, 0.7237960055423911, 0.30687564294886926, 0.7192562826998271
0.45965924203333036, 0.38314011502335543, 0.3856927022829982, 0.5421863351435007, 0.6494667709471471, 0.5518048405846145, 0.7800423413543077, 0.46657962041754597, 0.7135235954576807, 0.4630721092472091, 0.42336286546094287, 0.5369573764574221
0.5949289868551666, 0.3338861696964797, 0.39269149072799364, 0.23714597933952353, 0.6052397943604955, 0.21527002181471822, 0.5062973916053878, 0.7173729480278439, 0.5463003542695786, 0.7702738664149564, 0.6204016071633401, 0.1925173477111939
0.6442214089826184, 0.3675498032307195, 0.4315792863578247, 0.3005616510466747, 0.6746767120496973, 0.9252600107744315, 0.7034532393577456, 0.3907367155009671, 0.4130288657075062, 0.6020118314251842, 0.32346692369391405, 0.4809348287596436
0.17845695877003898, 0.23039304798132926, 0.4329330786875374, 0.46039080261797816, 0.4511572174243481, 0.6297757460738976, 0.8151505925475044, 0.29428337140461347, 0.4372500679056667, 0.7107984266272421, 0.29792503078438287, 0.41449550065875596
0.2073904076665266, 0.41642788456092183, 0.4249796058505009, 0.8294864190174142, 0.3945224294453049, 0.5456391511893681, 0.5908403819418491, 0.6934566101015509, 0.2961892981912545, 0.4808930902020644, 0.37745540697519014, 0.3832315471144141
0.6525745813730581, 0.2875006038700385, 0.12295234368912988, 0.4448826023114758, 0.33310597181212764, 0.43537129331623226, 0.42922970307241987, 0.44973632919930095, 0.8246133264715608, 0.44854742310627393, 0.5275865657186445, 0.431554222944602
0.43269446406956497, 0.48310879461211803, 0.27245547077983523, 0.12730744795060855, 0.46009619668199375, 0.6145460662148445, 0.3126999978917937, 0.13858127116870367, 0.41518982225869033, 0.11566587833599795, 0.6544229041543261, 0.4331570188794566
0.3764484737637191, 0.36601233217963813, 0.46734635120497314, 0.745235421706694, 0.7062739564540862, 0.36354939452600477, 0.45170648069649716, 0.3432412443291488, 0.46606455056935664, 0.4935416904656836, 0.6364439693231726, 0.2743950587140092
0.7670381887559476, 0.19495228380159935, 0.3031034547097827, 0.3670108494182638, 0.5082781528113441, 0.6298812453176885, 0.5720815640040401, 0.5848563007444072, 0.43631125514191726, 0.5036249706511454, 0.6282561514280074, 0.39546358068266
0.41989987048345545, 0.6210341826570538, 0.796299452582218, 0.25327601190610527, 0.37156589456109185, 0.4957770671005384, 0.4716831803715543, 0.5715668634806368, 0.5838181829815781, 0.635530677899643, 0.42803918820424314, 0.6208476186773559
0.29516185062834116, 0.30365781015197135, 0.32594118293335733, 0.5949170322978601, 0.7261457237024792, 0.47562582171694423, 0.4079676089323341, 0.6086134633394973, 0.5133041228559181, 0.7463939224994995, 0.715234073213447, 0.5620647371428539
0.5421820897743633, 0.36013811978678467, 0.5433447326786529, 0.23948213151314157, 0.40157623424353384, 0.6664661951393209, 0.5598293154450806, 0.7804069686724411, 0.7300563687202682, 0.8313882288643182, 0.6314375908158399, 0.32003256871203367
0.6569718163379623, 0.799360287774818, 0.6541435203914159, 0.5836353499271593, 0.43943924014401603, 0.7646100006366828, 0.23565618850831072, 0.6435918784220463, 0.5442081717521019, 0.5766477222689688, 0.3287647274253045, 0.6547085085084687
0.6708661700946817, 0.7642878131791201, 0.2401292373457828, 0.5379302286354782, 0.6904525825512711, 0.46516849972737645, 0.5221284477805318, 0.7848568078637179, 0.5372403202383556, 0.3068251965151074, 0.1987945155716962, 0.2991625458536009
0.7659975358759314, 0.5822265767596377, 0.6963893544262232, 0.7932537196094517, 0.5755084425733776, 0.7194423367348078, 0.584491594163773, 0.6972081603264536, 0.5434565876074061, 0.9359082942585413, 0.5252625195662042, 0.8519923293883298
0.46451911501897236, 0.4707433213425909, 0.6062099575913231, 0.6651812030184097, 0.5283023964952446, 0.36988652795819, 0.7900453190316331, 0.5013475014883458, 0.6572266280533645, 0.3518578330359056, 0.4983117520198825, 0.6184231161046356
0.37779402741405943, 0.5568285376475747, 0.5326187664896995, 0.33873445344213066, 0.7716900833560227, 0.4565818979101339, 0.4712421346020095, 0.3763446406905848, 0.4909705653696937, 0.5558887477965604, 0.6369753862949163, 0.18831895773259022
0.28554524828970057, 0.6036206317304591, 0.4183535218983976, 0.7123508744808009, 0.6360567491772728, 0.539129092603782, 0.6209908294458028, 0.5435726204271457, 0.567631891950673, 0.5177626254806862, 0.7447556270073011, 0.46770109025146017
0.38238323157585163, 0.1570073891636944, 0.6795311419056405, 0.3890500931954878, 0.276408262950107, 0.3782533204812035, 0.7143450569275306, 0.4962107953518721, 0.5336061971174533, 0.712416857897816, 0.5180607299702796, 0.5787705084375001
0.3924843986139983, 0.4950847104649818, 0.6692646068340415, 0.6512015036694228, 0.47053789313701033, 0.4485734494749207, 0.32291895596372466, 0.552734218431694, 0.7193484840646966, 0.21476992215307894, 0.6832197805862731, 0.5685204284578741
0.5475358876152687, 0.3009440806175626, 0.5893192869789062, 0.5601667814011944, 0.4999793221286866, 0.6685698252836875, 0.38533826114218395, 0.5363768179916376, 0.13189387827374244, 0.6048428509273518, 0.45479912314581017, 0.813627871394857
0.42575761959749997, 0.45932440557212123, 0.8351313875532547, 0.7391761209858281, 0.4999847985766892, 0.4486586781475617, 0.45252483858313736, 0.5031720706261492, 0.5353668984180942, 0.2560499175695699, 0.7058870488638205, 0.37582858319845586
0.25558003301792076, 0.5687808407540086, 0.7310354832662231, 0.4822251725529641, 0.5204643936411582, 0.5856047088382363, 0.6279209886149166, 0.4720418618325275, 0.026008771877107983, 0.5145801802249192, 0.4070455703029164, 0.6636659332204657
0.5474408627691111, 0.42905930017110605, 0.5841670856088504, 0.5057925983053082, 0.13862762570987458, 0.5631180283520645, 0.5042786618950283, 0.4996205320093332, 0.6137514417989351, 0.21461967333797816, 0.3876953065328304, 0.5131013498842064
0.5623817168090766, 0.6663561996990391, 0.5825898161135228, 0.5682097777845976, 0.8637632280789009, 0.6770844744401512, 0.6363352620471642, 0.4637409121775558, 0.6891680725739047, 0.6782360182045721, 0.47471526507070794, 0.901053551936529
0.005108007325073272, 0.4035939022907409, 0.7250466791874164, 0.4719437709101688, 0.2040260546457543, 0.750159519518702, 0.644694544812761, 0.6178980452036011, 0.6387995502790298, 0.6226386862259362, 0.22273324950576878, 0.5682121139166514
0.2818613617645136, 0.4494311442921599, 0.47604001614150815, 0.5303152846251706, 0.5425124784533125, 0.48003639103250684, 0.6050316027116285, 0.2542261764496231, 0.24351392040358177, 0.3784362538417428, 0.535048274824496, 0.5014415200948542
0.4475122469401647, 0.7988409898341315, 0.4494828633985205, 0.5197833830006251, 0.356247920237164, 0.17828007219140024, 0.5146273925760381, 0.24963271689224287, 0.4755309191511476, 0.37017040887131814, 0.5022181862339634, 0.5278403275548934
0.36852588933661934, 0.35568783131842346, 0.896661639149742, 0.5527758932727621, 0.5844214654009448, 0.5669225852157254, 0.44179438040854435, 0.5419735400097385, 0.4572427195097507, 0.472480264818234, 0.4317866419783465, 0.6222082385489922
0.5250579380395879, 0.4152776315745104, 0.5039375012771108, 0.7329832169374417, 0.3386737846166704, 0.4548009953074345, 0.6331423730835508, 0.33368162768617105, 0.405453306475557, 0.4838640973203371, 0.4805829831620366, 0.2857972748891964
0.6514100266882598, 0.5314114763511126, 0.5311501405295586, 0.3781620633484145, 0.45250913279732424, 0.5547384990795104, 0.5378353608105766, 0.30371276609044323, 0.5208631981319068, 0.3508590761633838, 0.4351242249243929, 0.6345517449770237
0.5473529555669508, 0.18535506619448439, 0.3544649844774749, 0.44094723037203865, 0.501155256218348, 0.5374882319200217, 0.45285818391445704, 0.5934219321854686, 0.4741849856077319, 0.4006983035866702, 0.462167500868538, 0.4046526817096377
0.5347182302832342, 0.20307880061129024, 0.48313523488661236, 0.5660752067261441, 0.5752343009672496, 0.45101220533509734, 0.34175542040645157, 0.715874591254032, 0.7798363846422077, 0.3720979444925253, 0.5349189721039974, 0.4175772204297789
0.39103544247854294, 0.4924227058776641, 0.21967911498642123, 0.34862750090454186, 0.347677972729208, 0.868629834404631, 0.5355513261919127, 0.17576817800070782, 0.6018702620727705, 0.34854082986369433, 0.14441484542305538, 0.4452314954709511
0.6847165364523996, 0.6418102486685792, 0.38732119151361055, 0.4072540224827478, 0.6210615487008534, 0.578132601415732, 0.552720354411281, 0.37553749632807787, 0.8266573018616854, 0.5193805011095242, 0.3517375397338138, 0.5626611327656972
0.6011681485542871, 0.5206990730656478, 0.7142018362910476, 0.7672096198200847, 0.42790185309241524, 0.334314094913041, 0.27947925449713706, 0.37064202737014784, 0.5044980653381231, 0.9876704596862973, 0.3073641878196189, 0.4415448759728102
0.6398793049115092, 0.32340293241256035, 0.5003545671012325, 0.6149750270257637, 0.5647033620803993, 0.5900973363685282, 0.3011148104611412, 0.7373651072338925, 0.4223820384878966, 0.5714933018982081, 0.41705497937472563, 0.7083266516517626
0.15143565564321437, 0.3189695890198023, 0.5688277034824026, 0.5863357571038574, 0.5829994826032476, 0.4000095638021316, 0.6386705154315604, 0.3677884324400511, 0.46127167771201083, 0.37484309547246125, 0.523634201436198, 0.519996922702124
0.7077127077140891, 0.27341191909923024, 0.4895275624033175, 0.38088026620436644, 0.515170982226191, 0.6764539452897094, 0.42395101091299103, 0.5827697447422721, 0.7211198357938859, 0.565537216200132, 0.5738649648067581, 0.6118526290917998
0.32003441361305607, 0.5254041375509951, 0.7600397413903981, 0.6741165916295746, 0.3233960993249823, 0.5868905288582554, 0.7315988626031292, 0.835989269182164, 0.31224794801838546, 0.3805747525841175, 0.3910828166638154, 0.7382005790873889
0.7692692048780982, 0.6702267894367109, 0.5347288056475541, 0.30066675718628444, 0.5226214884529581, 0.4055012099586224, 0.5230674300838406, 0.5662175929274126, 0.5356543297488757, 0.5529741203004142, 0.914506567977177, 0.6432918669042342
0.6801949240390139, 0.4412630187982832, 0.6012670700897822, 0.4552656741952501, 0.19874008608874588, 0.47417841998604154, 0.5942453508797791, 0.33876263221807107, 0.5239899318131955, 0.5298365504017568, 0.46044317192385437, 0.5068235826855435
0.6173490361134223, 0.47816059495844887, 0.49762585253026276, 0.27214810768744235, 0.5385757150354535, 0.12477886719933318, 0.30939720669931137, 0.4708324026353446, 0.4085829677476775, 0.5238176597311361, 0.49978800157496134, 0.9521625687619221
0.7691877370878035, 0.4584071202273946, 0.42253720681266776, 0.3273217258206099, 0.2055028366769555, 0.7034776120274473, 0.5060902332358648, 0.545895808085419, 0.429443106548099, 0.6235920645075627, 0.7250874948788167, 0.18535222476288427
0.5733416728819414, 0.4932868334292643, 0.5970850606234487, 0.48959008063383813, 0.3273456064505856, 0.2770618861977858, 0.2663275762896549, 0.6168836130785819, 0.5260817922632074, 0.4815996227554431, 0.6277673476896973, 0.3695437004697404
0.6256988722620176, 0.5419237965029682, 0.8351037246687678, 0.46241704425288455, 0.5310443272565453, 0.25210585144982456, 0.7384025503601556, 0.5501494986711508, 0.33430564317741507, 0.444751809866517, 0.7390442323070494, 0.5556462008419425
0.6191916599149969, 0.5800348528376954, 0.4793234808606995, 0.8772884799179871, 0.45414543997795587, 0.5318083886591027, 0.45097264386982727, 0.37567003275827404, 0.5361177360804887, 0.5709976232394478, 0.3099619404324755, 0.24385309592387128
0.5316317712905598, 0.6575342072132746, 0.43896325366489586, 0.6859212368075482, 0.5897899233574307, 0.7541824131483627, 0.4644048672300278, 0.41323163580567385, 0.26921431081782454, 0.6722585222859576, 0.19825223029969696, 0.734029568289441
0.4220392964762817, 0.7275349839918935, 0.6344873282210799, 0.4126993233339561, 0.6761693608556879, 0.5946290025032945, 0.5454880147422815, 0.5175729016758934, 0.5030299027111651, 0.64072928475318, 0.6900373302309224, 0.6789075045977773
0.24804459353957237, 0.4917835222332937, 0.5893405164757658, 0.43899010227231755, 0.6952219985838344, 0.47768406666468516, 0.3896401387919834, 0.6237280836001361, 0.32865469916479584, 0.4008493299508794, 0.6060806056354135, 0.5976924407587959
0.6390126853991849, 0.7035513909672666, 0.5933170494664964, 0.5488918482423966, 0.5162135834331879, 0.4697916313667622, 0.21892330426854267, 0.5689289304561566, 0.35926076906123805, 0.37761772723451537, 0.13357140119508948, 0.45132606278589277
0.5753782802100089, 0.4827244895888862, 0.535450268605236, 0.4914687602341585, 0.332799359186851, 0.46449098755247925, 0.3698886574827088, 0.7115026883974478, 0.5195237053985057, 0.5393284446809062, 0.5587776307676818, 0.6349990301901085
0.35186066210646294, 0.5875653177693683, 0.5459798139976099, 0.6442748263446685, 0.24075555009923993, 0.3465234592323569, 0.743175945986744, 0.2532263536125224, 0.3876025300376315, 0.3696946884342883, 0.4526097992985035, 0.45716206883945654
0.2976316634737497, 0.4313801610447966, 0.3984805452580007, 0.4433854068603535, 0.5279637663014238, 0.536949320777784, 0.40439176796472803, 0.4609207674949095, 0.29676011662110374, 0.4649132079266266, 0.3798827432060415, 0.29007777517613537
0.4453562869746537, 0.5341608600564639, 0.1427367736758337, 0.6215863446481227, 0.3780150687628858, 0.5402773686216035, 0.24867186920446893, 0.557819938543157, 0.4088517641350218, 0.3789004263260826, 0.18593192925977642, 0.40459425023319084
0.7243850751249763, 0.3317606272215916, 0.4174075612799042, 0.35984560955467904, 0.39483516630537885, 0.43652541943942375, 0.3951321480165323, 0.26352812254173913, 0.520176493519463, 0.6842470568696561, 0.5653332754036913, 0.5410849293439755
0.644977965952767, 0.6385336395485646, 0.6388167036832797, 0.36187848226488795, 0.47226241382733875, 0.6925245726634073, 0.4793726803563762, 0.4813100158332851, 0.22462874549047218, 0.6964156846531178, 0.5406218745006227, 0.4456332382065054
0.4556317940423551, 0.4591961577918011, 0.5304856052666823, 0.3672011639227355, 0.6441219272216132, 0.5829934379042725, 0.3853739493100523, 0.5587708268111995, 0.2397561366999817, 0.7284523815958706, 0.45686565025588166, 0.5442691261226316
0.47752773981718755, 0.7153292909942892, 0.19145906311175193, 0.7096803569900375, 0.6128761673927771, 0.43581004682271496, 0.7104600372737782, 0.43085012345729473, 0.3433562661753904, 0.5713121452314327, 0.6960226981702258, 0.31170218205681754
0.34564245233906454, 0.5357644409312907, 0.6092275538890861, 0.7187465930860404, 0.9009087833604079, 0.6213119296880908, 0.7006473908811777, 0.6659827118459236, 0.4939141974465027, 0.7531631156478007, 0.5749388637935637, 0.43231056481877517
0.4463298256773111, 0.4237886509995036, 0.5574926022355763, 0.36748080356766877, 0.47283874564133, 0.5318308732246843, 0.6255255712769713, 0.22992870122413772, 0.15359207913420242, 0.5555385981713927, 0.49829685168733845, 0.5847032532901302
0.5243792074273942, 0.6014707596113185, 0.5713417404361633, 0.06024717937877949, 0.6820187411482758, 0.38007068674671, 0.46015525572081684, 0.4294022677513389, 0.5443827338827427, 0.8107468308151844, 0.29325026159574724, 0.24263736639116207
0.193825222596124, 0.3584431243546816, 0.4048598654418407, 0.43738585225695487, 0.4958948562712157, 0.6378698267045101, 0.23194469220087643, 0.7582298952984533, 0.5530114390053531, 0.3070942136175535, 0.9136094738704277, 0.5025427355219855
0.2807784616519761, 0.5564446822634809, 0.5751897966784979, 0.6583062113417164, 0.7703796561099195, 0.5572758798966406, 0.33991377714417154, 0.7642606259353287, 0.4412447251534881, 0.18833513607778174, 0.4235800446394295, 0.6697685888523098
0.5539665578546197, 0.5771767717728166, 0.46130388830457536, 0.6964868079680092, 0.5121582352246867, 0.6167697644489776, 0.6063806669725935, 0.5491236900147932, 0.6663692929132764, 0.22722721746661523, 0.33725344388541645, 0.08246827207705465
0.4902133424509408, 0.5189341080252104, 0.3441560141986608, 0.40038940616791063, 0.3222809274326625, 0.6903829280837556, 0.6969055806459421, 0.4854133856958559, 0.376304178913628, 0.7465230910405427, 0.21318689798970408, 0.523680710564235
0.2926667162134676, 0.29993701769432635, 0.6680809932859089, 0.6800790667525445, 0.5695963194492016, 0.6284259597119229, 0.7192334914028691, 0.5440358250148638, 0.3583556364434121, 0.29774776361018995, 0.3337605469812972, 0.41003607001125103
0.4919881223867046, 0.5217332237776277, 0.7553082385126446, 0.7482226276973039, 0.681393194343854, 0.5749226898821749, 0.6292576795453457, 0.45420180641034175, 0.4976254668502351, 0.37829538094255516, 0.5102753188005686, 0.4357409491558282
0.8040829263324537, 0.4044413864018548, 0.36200651050679805, 0.40575725385407746, 0.37163167388569884, 0.5097038278403743, 0.6484764630467201, 0.22242607602805226, 0.6321548054764989, 0.5735200428190648, 0.9011897381775908, 0.5429924453255975
0.2798804843318756, 0.254301965406571, 0.5968745115627251, 0.47658716065289564, 0.08368143863281252, 0.656614350865619, 0.6652595431616831, 0.3810490720082122, 0.601447344241093, 0.5829627888719853, 0.7840275483410342, 0.5483241288755266
0.8585505370117344, 0.8393015580324338, 0.758666460924666, 0.30936069438917674, 0.38369850098180114, 0.5174879428815646, 0.7465653836540941, 0.4392076090597259, 0.5243941738037021, 0.5835189479457439, 0.4555621675407091, 0.43522825631234424
0.3934009000848145, 0.3522522942328303, 0.7084618417657386, 0.5734529519509406, 0.3633251153197981, 0.5901921174300975, 0.6399314374384044, 0.4716460216829022, 0.43515931899412064, 0.6726098225332184, 0.31758290610477036, 0.6912425133611522
0.44530782604264685, 0.6308698532917241, 0.5932886209146137, 0.2989353291431487, 0.2346244092635557, 0.5074131519522646, 0.6207233664782864, 0.6582963965553992, 0.14084275881160496, 0.5467577017079019, 0.5163192138847641, 0.579503485355021
0.36773311531820985, 0.6061307600969217, 0.20288854216852453, 0.5354175209193847, 0.8350642588411271, 0.3735517062247853, 0.44129882071112003, 0.8633351814095235, 0.25442995045497574, 0.7514320388241317, 0.1464730415280533, 0.6711217571272363
0.5288566016548943, 0.8984429676936123, 0.6687729842108385, 0.6386820177526045, 0.4395417976090058, 0.9410840809285325, 0.4960112879551885, 0.4108314295440592, 0.4110013610008714, 0.4780546734560116, 0.5158385545440358, 0.5658422906430769
0.33555031243965683, 0.6157595400529577, 0.5089445108854698, 0.47532987555055817, 0.579942131738109, 0.24479538205644613, 0.3913457385585232, 0.5052819665453234, 0.554195140953792, 0.7502483677978982, 0.666567894929556, 0.31659782819701543
0.40220241457465516, 0.382206083508433, 0.566033216399036, 0.6596217895308377, 0.47709716605183294, 0.5712892928422526, 0.6045708167347318, 0.6187668944387086, 0.3648214651129013, 0.4168985682445694, 0.7899546628815033, 0.5333302825032583
0.3104994540462599, 0.6314511879657193, 0.004942534405002419, 0.687747567291095, 0.5434914748119087, 0.43780473029805755, 0.5533532986598476, 0.5293649452043071, 0.28051332846390475, 0.232170904771841, 0.4588990084658487, 0.6096366805750344
0.5062075523701056, 0.10193952568660597, 0.5574895019552268, 0.4446835105683859, 0.46836899097779267, 0.4655919212049001, 0.25464074129671577, 0.5669632416610115, 0.6692528149483636, 0.573380776369491, 0.37988448876434733, 0.5956468097701257
0.5638892581108721, 0.6533833110314595, 0.5368523326976173, 0.4561875273827275, 0.5033261141711298, 0.4142502663484886, 0.44671849072247605, 0.4406873441085396, 0.22554502038513657, 0.27723330643511235, 0.4450391484551659, 0.552567591241279
0.6393196057764069, 0.37081728326359553, 0.39821064444453125, 0.5980696702133406, 0.26512319349299696, 0.5719016021665757, 0.2974432636482578, 0.1385025980119311, 0.4242493107434667, 0.4518007235645355, 0.7267109763429692, 0.6787474709111707
0.43669983395565476, 0.3589494019603354, 0.6216870146595349, 0.3738191281088462, 0.732855105687721, 0.526308699977562, 0.4796866407081184, 0.5866151787889736, 0.4115987825658678, 0.34375045188743036, 0.5785904177217028, 0.5635896783238052
0.7023866495130303, 0.4635975089311043, 0.2685051023313935, 0.5535338050101235, 0.36798031190177943, 0.6735712637686795, 0.5244401306333807, 0.3388400483000306, 0.5676653872711739, 0.2547994483462913, 0.3727861458734423, 0.5989667696751826
0.4360543443794008, 0.5301225258549482, 0.307208199756538, 0.6045402390797308, 0.11241250740615882, 0.2688782815297331, 0.34284752208021585, 0.4966008210493519, 0.47586956307715556, 0.5029166943720192, 0.4328830701022673, 0.4824078767790296
0.2418171246652353, 0.36385675008740254, 0.6057913019824932, 0.3374371620931005, 0.451902948982465, 0.48241563915838936, 0.7330929780318075, 0.7526287393802389, 0.1683789037515554, 0.33286134786503807, 0.5741872647636268, 0.6508265083201892
0.5567337013270127, 0.21436113396573536, 0.6701918112989952, 0.8742246058671517, 0.6540576586537519, 0.704410197667007, 0.4703582876586249, 0.5005840242527678, 0.49023226409393905, 0.6468260517317816, 0.5293048786760038, 0.41267550479232773
0.33534136468555686, 0.6148917801158907, 0.3492232769599731, 0.3118626725451092, 0.6325523046368405, 0.6186726379599101, 0.33563792467905584, 0.5117853311190425, 0.5531445477567778, 0.6822777153525239, 0.44079303741927633, 0.6870819721939022
0.5251000266921034, 0.2888797527161018, 0.49026756719954107, 0.5492664224279247, 0.5323762560601424, 0.5964000492299713, 0.09769542300696926, 0.28827610064195175, 0.29550349652631386, 0.5100427967835163, 0.4473906591937693, 0.8291371875760711
0.4361220471414923, 0.6596192788254555, 0.15390149041195816, 0.1454490795065128, 0.4242394397181197, 0.8576189595336072, 0.7955346034382346, 0.41195992332753195, 0.6190681802429275, 0.3480607630752589, 0.5522090555299212, 0.5910724089777891
0.28101222888883415, 0.5597532742026198, 0.681595989635743, 0.5561808973338951, 0.3094639564393531, 0.5251235192271829, 0.7325769135899547, 0.492427280681571, 0.45782032044382587, 0.5897107688090958, 0.2766855602700228, 0.6388472881881102
0.7298420947139883, 0.4691905166417743, 0.4956836455172197, 0.5225863399923821, 0.26132601457503174, 0.6606266640662984, 0.25785266730394574, 0.5583397878209266, 0.5553278270252315, 0.3550152112926337, 0.7106581370759932, 0.8575982061540144
0.306813140109513, 0.2998716982264268, 0.3665713773078876, 0.6103948233416829, 0.518957240353404, 0.3853209905602426, 0.5786963380041743, 0.43404202752244153, 0.4404327049421743, 0.49148175035222547, 0.3477731881899241, 0.5528295830834309
0.11999882254557148, 0.44567965992794767, 0.41594391956973403, 0.685512237107645, 0.5482828918657336, 0.6500864021791248, 0.5589243235400505, 0.742819825964421, 0.5188336952738519, 0.3916034794552532, 0.42065390574057065, 0.421528723097805
0.6921595494440025, 0.37132560818113153, 0.7189840553320622, 0.2294578416941755, 0.3558608582825415, 0.49410626536708335, 0.6565045356406545, 0.5252457111127691, 0.5375802931794584, 0.42477997694861547, 0.3669236306879544, 0.8163214912954162
0.5174259796442462, 0.45203316622392686, 0.617833739063633, 0.34128678628811054, 0.33556672030448054, 0.5715207610543159, 0.8341443670575664, 0.19113260648816244, 0.6879426653653571, 0.7587135980769382, 0.525987050675975, 0.4416427991139503
0.33869647940713327, 0.366800574456311, 0.9644168606006334, 0.7120585486805868, 0.262485656393873, 0.5066327041139194, 0.5110436711105731, 0.4427980796358244, 0.6494243528767267, 0.41282803036037385, 0.5889922442413122, 0.5870942374609798
0.2442162212781534, 0.49022048395736, 0.47959702695909395, 0.28958289775625606, 0.5361729209100594, 0.6396550981988094, 0.44985014109791577, 0.3125625803931467, 0.49174944761320694, 0.49650607594608237, 0.6656082502178189, 0.5648561398583803
0.4986044394055711, 0.17127639575257897, 0.5464297385415948, 0.6301182019028653, 0.44477382192718823, 0.33564762844153073, 0.4868415172985461, 0.25989119966796825, 0.21590128132280517, 0.2128566762209535, 0.3596007174928836, 0.6105920214228098
0.24647843647848394, 0.28552683127656353, 0.5821772133289088, 0.7956750557420305, 0.13151553885674766, 0.6279137046938632, 0.47578065691337545, 0.6613386610371499, 0.38627618939290875, 0.4602671312916822, 0.417488671436974, 0.42734378662617567
0.4131744416435551, 0.5096763530346391, 0.169358570118611, 0.20278642220867582, 0.14569728104889135, 0.643259837809567, 0.43212103977669636, 0.3579142640508085, 0.5211410441161551, 0.3794195618865549, 0.5951247593746063, 0.4972631496855058
0.40660801503500354, 0.40217408875222493, 0.48304683082226707, 0.5635170006519388, 0.5930997218115164, 0.537596265610758, 0.7275834225659824, 0.5272128067422063, 0.3065723303782586, 0.6303759171196135, 0.34006374496874825, 0.4517288039941363
0.7173605866547492, 0.39654665159200275, 0.6747983423781097, 0.009649352508345976, 0.5028422172645036, 0.48315042832720717, 0.20810246402953675, 0.501966763321234, 0.1926256133353867, 0.5686212742362734, 0.19881054750174382, 0.6153013252503892
0.5294690598125864, 0.5808786269864261, 0.5359870210371276, 0.020384227339129035, 0.6349340264840907, 0.20278078599930882, 0.811098906608915, 0.6378447763959918, 0.6306645497240783, 0.6716472691279738, 0.40429414670756625, 0.45217204074874134
0.2953798144166495, 0.630750103360294, 0.8498002172529311, 0.45150758807376296, 0.1804238071927245, 0.7568767245919147, 0.4925510945701603, 0.5511750732752522, 0.617756064775113, 0.5671618161473035, 0.558529489862847, 0.628372943592661
0.4767708867347799, 0.18759273416585248, 0.8981809625872105, 0.3319724980041605, 0.6384764254007989, 0.5493101082517357, 0.39854438001700365, 0.19111861385763157, 0.4766416731107095, 0.8015639063560054, 0.7834695165191395, 0.6764722480452573
0.4825056497478882, 0.7468117882281893, 0.3319775362063184, 0.43710676050622044, 0.2384466264932294, 0.38466512655706453, 0.5599712402702726, 0.4720704961590966, 0.36646893715785495, 0.430171783322385, 0.6339580459052642, 0.6044681533449247
0.49998591096011524, 0.6902537246800426, 0.5733616288013018, 0.7621333085045443, 0.3249630646903439, 0.28105393915139515, 0.648262251788194, 0.5076830119797505, 0.1311730703746538, 0.3462892359731206, 0.4731034036959405, 0.44383519705353197
0.847962191172653, 0.3544214768768019, 0.6496501431520478, 0.5512238325625594, 0.7328624607940549, 0.29288332237087233, 0.4511668679382656, 0.3821710364798361, 0.608813775394877, 0.5310813975550295, 0.8244894478363116, 0.49459129746611147
0.2924995575723668, 0.36783199942238776, 0.4193772587237016, 0.78663635292362, 0.30081592182728417, 0.3646660350471488, 0.603475849061151, 0.36310470910329024, 0.3858604717001102, 0.5289825644415943, 0.4265163793079001, 0.29973049722153766
0.2939870055005268, 0.611414343455717, 0.3217115863087876, 0.7865177930065459, 0.7582884702979902, 0.5629267326599762, 0.4514701907970042, 0.6882558648496275, 0.4998348401664486, 0.5077196492241458, 0.4285713346005181, 0.6465548333251362
0.4625698125723686, 0.3822159107957073, 0.32823970214858256, 0.7416905149516202, 0.6684878114894266, 0.7115234062455789, 0.41952672683832654, 0.33561797504766516, 0.6682698184722189, 0.5177952513213846, 0.617544563825431, 0.758879410151103
0.4839120179328504, 0.39062426332644523, 0.3700420742862932, 0.7977054454661865, 0.599529493796261, 0.4009976714992406, 0.45631982258721854, 0.48828492516660416, 0.771213938334616, 0.2987857336100191, 0.5337791637154959, 0.510803410747357
0.5337629714432344, 0.4839116512349635, 0.7363635958624675, 0.21480338331690352, 0.28060586223662753, 0.4479765248048764, 0.43898155364575675, 0.8322393876612595, 0.5994285157687362, 0.6385378590209736, 0.1815600155766644, 0.576762420577858
0.6011120254603219, 0.428418398103388, 0.5441462610383734, 0.6959448203290335, 0.5160741593834628, 0.049078527637845815, 0.387389371200497, 0.47687258218073975, 0.4600021691054563, 0.7500973857136761, 0.35069351661749804, 0.250883347493581
0.5781142197106446, 0.2578447700006413, 0.8785282435841315, 0.7350762938200319, 0.41025533803477976, 0.5387475451645365, 0.3461138357383412, 0.761088326631687, 0.49632349095270123, 0.4029367122684724, 0.6952396909465633, 0.610191978266436
0.5979025691063121, 0.5381794877216666, 0.5072361344268719, 0.7110979357652265, 0.6920834077452336, 0.5748122858979217, 0.5437951563700835, 0.901141354342469, 0.3337782491945711, 0.36063145259803603, 0.4820735391224228, 0.4274523371478509
0.3337445276456473, 0.6480477569299203, 0.6451874578338244, 0.4703851075524126, 0.5160484701347439, 0.28154249367216944, 0.6050683181159955, 0.49092905945830034, 0.44958696086165484, 0.27759122236203004, 0.23999043159724953, 0.32177694614781865
0.884292929536918, 0.28293835824429187, 0.5607752578151048, 0.38243606066939684, 0.7107315681149047, 0.1910376814708914, 0.39930734464477924, 0.4811106724037635, 0.5439696386598766, 0.6135407430919689, 0.45049410272522994, 0.5852719350286146
0.7991035498918131, 0.40483689397261824, 0.6194692716056175, 0.29330255064955646, 0.5134675861981941, 0.2937546422272615, 0.5892098099947329, 0.6678937278966653, 0.31973145856127166, 0.4732436993998272, 0.4878877755598755, 0.5058325588343596
0.45023698920157446, 0.5707273202614394, 0.7624439507278505, 0.3016713426618738, 0.5251845767759961, 0.18485880009697325, 0.42876530227042847, 0.6577916070016772, 0.46489136013081706, 0.4266733348981617, 0.20759109093752248, 0.20337293524211086
0.4068638958894553, 0.468064533132555, 0.2373740497169854, 0.3478139880839639, 0.5995059073399602, 0.40557002577724144, 0.41774183568937806, 0.5425517264892397, 0.6034131087617575, 0.8172847836321964, 0.3706713900873868, 0.3651049673171042
0.7182056085896388, 0.5098631383945105, 0.30576636176804806, 0.5397629256087966, 0.6656529886348378, 0.5308078999574565, 0.21537797075727122, 0.1364178003220312, 0.3444747679097052, 0.2706592178622661, 0.72359226460766, 0.7160029166484277
0.740090275226962, 0.41598631457164337, 0.6736485800128325, 0.7321247831614897, 0.26181308742497944, 0.7662482299227082, 0.7359558140387561, 0.11017386217720876, 0.4850868324595828, 0.3546649961150838, 0.6575962243882545, 0.5598696151399104
0.6392153139161765, 0.4479287836032403, 0.6123817434117488, 0.7191145025528995, 0.4002259027053488, 0.32914875192617965, 0.6238800127740817, 0.259987244861421, 0.5801016680375738, 0.5682125140162938, 0.8005945159865032, 0.6532174125093575
0.5593272046279428, 0.6536039780724695, 0.5102538019087485, 0.5734041048647612, 0.5878203823378638, 0.5623492735425257, 0.6628455847165844, 0.4446935861044703, 0.5003035410499652, 0.5210479573798538, 0.5747954068709299, 0.14765431460850376
0.40353378869729106, 0.5501746219972988, 0.36693578275197847, 0.4446709724471824, 0.743268552896807, 0.18632740013522742, 0.76108317169548, 0.5398238707731424, 0.48411957666628813, 0.5902649572002547, 0.4966504400894321, 0.335281817916789
0.7245336765898779, 0.36459590336316505, 0.686761132136784, 0.5249344359970901, 0.5043927882493465, 0.3962176994945818, 0.4578102919419007, 0.6542061415165801, 0.6257842699318625, 0.7772923353936917, 0.5687638227146986, 0.4176538007960436
0.5138524461328433, 0.5825873662319494, 0.7887062238682482, 0.7000140068465417, 0.27368599869935617, 0.5107486965277757, 0.498699673516498, 0.4575971122166915, 0.391978494091169, 0.5477246210969405, 0.4439776615099449, 0.3714635921775489
0.5218446506703313, 0.5824386566604636, 0.6793816438083397, 0.41123520052222606, 0.5733293630208871, 0.6393822723208697, 0.5429796861105091, 0.4167869496506218, 0.19351468492274693, 0.3551114012235987, 0.46931854748089047, 0.6249233673330506
0.496386898262529, 0.36799838077377056, 0.5681172137580125, 0.36503593150363783, 0.6739154016941026, 0.5927684880760287, 0.5383900924511927, 0.7958750780530987, 0.46102222637607937, 0.7725840473639095, 0.4949630184850315, 0.4488916513836459
0.34678615497942855, 0.35853046446232373, 0.5682956199593273, 0.6616030630106884, 0.4270583506052629, 0.5436295572660574, 0.4282250549171404, 0.46191016582672595, 0.509838042775101, 0.5730642500637572, 0.264615919901498, 0.5720205265009944
0.48612839260903906, 0.3556741292899983, 0.22632585002517697, 0.31452214720501726, 0.5245955112442257, 0.6980698464778978, 0.5045628854526237, 0.6434752076401806, 0.5882291938803119, 0.6553932537797216, 0.5261594233692299, 0.3273351049204426
0.4765044076850825, 0.7118070053452652, 0.46027889587396825, 0.480125169668833, 0.23187730122076944, 0.2985891260039802, 0.47721766831788165, 0.4486874448836423, 0.3870767936798097, 0.6111566532944033, 0.6402474312716501, 0.8494039624719607
0.828289367931637, 0.353419904493584, 0.4081481209544783, 0.3390066384826432, 0.5190267763919758, 0.4628475181676554, 0.5056974123931849, 0.0678031835786494, 0.5860325310259138, 0.44968302654843334, 0.5029898986333743, 0.7038594231371572
0.22144543346540424, 0.34056636046749444, 0.10413037722935353, 0.4789844320586727, 0.4402696901557836, 0.9134113038777112, 0.8014481608402078, 0.41906948820377526, 0.42679220795754624, 0.4277185396629951, 0.5045179062614829, 0.48262446420895944
0.5102912431366879, 0.2707613875418914, 0.8112862543318498, 0.6662896051712305, 0.26828901401606153, 0.5672554298807826, 0.33107713345165946, 0.4870168056757092, 0.40955566629599316, 0.6408691837542922, 0.5349305583222217, 0.6760256728105624
0.61920407772977, 0.7165834094900827, 0.8768174931387439, 0.5693163365920417, 0.20780311580336264, 0.5937878430105514, 0.3523135499234999, 0.4212341673658554, 0.3933785386502009, 0.7488507459108418, 0.600528523762736, 0.5991776647828551
0.3218289259007866, 0.6353078981772974, 0.6040241450716985, 0.5862922623236582, 0.25398256724486135, 0.9519635245704212, 0.6445983185627931, 0.4538040661442774, 0.4783245965875097, 0.45656911478854834, 0.4605078483003253, 0.6211690490974249
0.6958228745636907, 0.388978930308859, 0.6494301390293181, 0.41275025766578266, 0.6797271944792724, 0.6165054561335802, 0.6867464714526296, 0.4593969946798714, 0.521625755317588, 0.42219580164897536, 0.586659473436458, 0.4657563388083153
0.49298099438400467, 0.38804347984940407, 0.2670587943866139, 0.49321744005684304, 0.4783553806087822, 0.21856130671601826, 0.570780094690446, 0.53996054593296, 0.6994020585950002, 0.5156817204785946, 0.46550799865670134, 0.6323133780617755
0.358575261351881, 0.31554311521370637, 0.24918692704256695, 0.5335143454454883, 0.49479389882460045, 0.46050230362053185, 0.296495554353489, 0.576047631015977, 0.47753951641600395, 0.3578466605312266, 0.37526273600039084, 0.27812114776225905
0.7071563222758337, 0.6324793447400251, 0.7741161808587289, 0.6245042689613595, 0.3372633583802928, 0.4707431038731975, 0.44410570520329695, 0.37652644588029915, 0.3342994650045933, 0.5863207768862441, 0.4813051024777555, 0.5773333061014188
0.20121327495712205, 0.38958668724439777, 0.33914279143515225, 0.31326188142678096, 0.30133147751638617, 0.237835004149909, 0.6035498168952368, 0.6475687969752735, 0.3527240826221532, 0.3954952031678486, 0.5191926269903384, 0.6875692149648192
0.6180033819178394, 0.3627989578175245, 0.44566140168330387, 0.2257593526373765, 0.5379471144727375, 0.470933185199988, 0.4489301856731846, 0.404726794106214, 0.5450019439876808, 0.4873206043897653, 0.49452455537857753, 0.36555869880093345
0.6244342211927709, 0.4085029201274931, 0.5426407834619146, 0.3855553937345046, 0.57082415927329, 0.5150031172754025, 0.22275262138294682, 0.422201051364784, 0.4911802419296053, 0.35965496219448134, 0.41373175107446786, 0.43427893261598827
0.5288371251948123, 0.5113095218935724, 0.4083644909190352, 0.4674757340964438, 0.35127914895663187, 0.5450712256720501, 0.43755618200024626, 0.6374845408860776, 0.20247299023433812, 0.2886881597545487, 0.3376005370564177, 0.6798341250343256
0.4974143901918342, 0.615901731715944, 0.30614669060219674, 0.5158946335676022, 0.5774108329072061, 0.2195250566856749, 0.3080418942178289, 0.2717025760599513, 0.6159321485026262, 0.46051034739773516, 0.3993572974982431, 0.5739636330703327
0.564776587533413, 0.6116649316294009, 0.37655683955992686, 0.39441826394466034, 0.3949108008690946, 0.49540406034046947, 0.7865505574921927, 0.30772815074399384, 0.4518667931027837, 0.1970598580493525, 0.42073919963158063, 0.4956106344146898
0.46102078319401607, 0.647191112973795, 0.21238073031128735, 0.564831787964494, 0.8404466457298949, 0.4303473204013404, 0.12403322370279812, 0.5352627442463143, 0.2662752654143774, 0.37254816202554847, 0.3323424460379084, 0.5224857124151904
0.4421843837222239, 0.43448342381046734, 0.6362323426423733, 0.66596845970997, 0.44401122107066926, 0.8016538093009428, 0.208357224724033, 0.4490890803755584, 0.5296727223763206, 0.4985470470957188, 0.6801103439445888, 0.2710789977647959
0.2998204314461149, 0.8601848418725121, 0.8043195210297502, 0.43716182893154665, 0.49971505443747577, 0.296125851239018, 0.320483830326234, 0.3860451931938047, 0.24307644637995496, 0.5343590964506141, 0.4262204409313771, 0.8403528007894112
0.28251995235602106, 0.5223098436740019, 0.6121524497174062, 0.41384778928994603, 0.5204602588591668, 0.25166945356334386, 0.5754625162022986, 0.2868952604123728, 0.3957398373931771, 0.38951787787724246, 0.29530315111282557, 0.42833008064773764
0.5430016380401812, 0.7173160602691052, 0.44137343694047476, 0.1449255245175733, 0.41715206715464476, 0.3650710847319329, 0.4808367292341934, 0.7156981013850825, 0.5034741377015198, 0.3259546123315922, 0.45591596809071533, 0.6957944876139923
0.6966286112749738, 0.44784044126776695, 0.43237036126317197, 0.3048542355696009, 0.41408832673556256, 0.6595168631032985, 0.4448224915939755, 0.2756302017092723, 0.6550688776598717, 0.3816436104964728, 0.28604675787394457, 0.5250993117173665
0.33647792267151294, 0.8569819654335497, 0.6380905587080435, 0.371337104850761, 0.37613729326471645, 0.40931234189575105, 0.5097927616692319, 0.7525313881453717, 0.2320896700532889, 0.493075646873937, 0.45786953043323725, 0.6681556947846153
0.38848175152927494, 0.3034402797640823, 0.487401353568372, 0.7431106319567216, 0.6032955035087793, 0.28613927337185097, 0.1689423538788387, 0.6203087896898833, 0.439437000425858, 0.2991777702351295, 0.40625800818928276, 0.5157398601200855
0.4388732483239053, 0.4961518704205362, 0.3885171371920447, 0.3860704615289059, 0.7322214970034294, 0.7173220681128492, 0.42771810315672854, 0.6796485392363836, 0.24211847502216288, 0.6423644830809725, 0.3589798854863876, 0.527423102629807
0.47912297485052474, 0.6794533774598963, 0.6540474281354971, 0.25249980163166363, 0.7703367382295121, 0.2326590256627104, 0.4606476785638547, 0.6101120386075838, 0.7162798158477948, 0.5419248486044257, 0.6295172729717182, 0.5263966500152774
0.3368014270326196, 0.9026701102934602, 0.30955270764382836, 0.26559114686942464, 0.33625414163908957, 0.4116302349629726, 0.6905341584710998, 0.38518335980349117, 0.5704435911254365, 0.6949422870025308, 0.34214197569465193, 0.7944837122314504
0.47178243831992006, 0.613522589600844, 0.4797852282178016, 0.6769770093335303, 0.5609424290322125, 0.43532504728056415, 0.49774885292259263, 0.4670143516256938, 0.39831665587237347, 0.5721650793659299, 0.7050493634357631, 0.14574823951482907
0.4156256563521031, 0.6566853907029304, 0.40382919442843895, 0.4726988789242059, 0.2895795061110657, 0.7956907236487588, 0.5539711823770899, 0.6191019543426978, 0.655003835029354, 0.4035228136585307, 0.39655164471916243, 0.3610795403825533
0.7282557731001982, 0.7083079771305079, 0.4803514038770046, 0.694068071118864, 0.44724145293674933, 0.5065672512422728, 0.5466124467284669, 0.4878242432012398, 0.5709769783237248, 0.6280273268143309, 0.5898508304709518, 0.6324063959191113
0.38447504284270184, 0.6462927441050079, 0.5715269693407675, 0.6592879312667155, 0.6466694013561944, 0.7075276172434449, 0.6396807779166291, 0.6528962974501147, 0.39329878229942694, 0.6182115949109764, 0.4779709432836815, 0.5078580441700846
0.5401550465555023, 0.4471093780293448, 0.6817113122533112, 0.41455455469670077, 0.6982489921791731, 0.49434572486703005, 0.5697408781237081, 0.5378671064444976, 0.438117040932325, 0.3989706078138935, 0.4828402116395291, 0.5999157153755188
0.9374320211953312, 0.3630958105496217, 0.40861445197558693, 0.5015170573091801, 0.32919568062931825, 0.45812388346521854, 0.7071727370917147, 0.5473988547720213, 0.4690684826383769, 0.3154011397412204, 0.7076499072128098, 0.3529181237435766
0.36970071568640084, 0.43492287361291393, 0.24182645950930243, 0.8588745928929915, 0.5950768221758239, 0.6894068146300769, 0.3518505605907346, 0.22338651273675503, 0.5532235115560543, 0.22576910918634807, 0.43268955021136307, 0.5617626117100625
0.3648391781909128, 0.48182801522061486, 0.5416146642151625, 0.4905630208709814, 0.4655749737654339, 0.5357706121132272, 0.8121977637957503, 0.6318749828170931, 0.6511710457041089, 0.45987001108403314, 0.11893261691177559, 0.41049058692507034
0.4196834503354161, 0.2405948129895938, 0.6331772393768986, 0.4934928412702042, 0.5321494105150949, 0.3893094619202431, 0.5883040890329125, 0.7554610104479467, 0.2728618735236475, 0.6435858070440604, 0.8378394572000353, 0.5207510313807578
0.4995025478447025, 0.29552121393454556, 0.7195636007188737, 0.5549725292590943, 0.16729026983982775, 0.4568456803484903, 0.3892280696109182, 0.6158881934080971, 0.29638857839809574, 0.5945241032303243, 0.44933452090190507, 0.27401962715987555
0.26386737129718973, 0.6010016688819931, 0.40707081631754366, 0.48375375094360534, 0.4585212695230951, 0.5482272174145914, 0.5860327079661339, 0.49682505600685795, 0.35106769986384045, 0.47095504421133527, 0.3875798839218393, 0.8742704044052266
1.04686444226,1.2520056572,1.6751991568
2.43423237643e-180,6.35013226732e-30,0.0638579788371
1.04686444226,1.2520056572,1.6751991568
