$x1,$x2,$x3,$x4,$x5,$x6,$x7,$x8,$x9,$x10,$x11,$x12,>>f1,>>f2,>>f3
0.4663163668615843, 0.6112177107062331, 0.49302561276755785, 0.32584852435069045, 0.436201778912841, 0.5420467522747852, 0.6074381461824647, 0.8121116550604534, 0.5259693433257914, 0.5907832362835824, 0.6489592565742868, 0.4573522232808567
0.31538807291066273, 0.2338527399496793, 0.6189625508421996, 0.626320439866338, 0.2308235660021528, 0.2749481728952381, 0.5964278806362511, 0.6747036696057537, 0.7445228908183524, 0.3830356620776096, 0.6806997261992814, 0.6984132353819628
0.6292275795378143, 0.7630161231074314, 0.3764132868846665, 0.22892684527531892, 0.4862514132719259, 0.3483083316855934, 0.46441356008601986, 0.37556544463123875, 0.6118200025555208, 0.5725974494578209, 0.44617670675563453, 0.1819279394705685
0.6015456541698526, 0.5725643078213045, 0.4040052590647104, 0.5416277960344786, 0.5138626810181266, 0.12180497545223579, 0.4778775540393979, 0.8907576956700521, 0.44804605002527403, 0.3364299343687679, 0.32660436305699075, 0.4992217771342178
0.2353569568759465, 0.572150794223764, 0.6575666603080405, 0.25095022931479943, 0.8192209694453243, 0.3851107901617532, 0.5514758391235761, 0.5480029773209282, 0.31998558207983, 0.3894197298048858, 0.7072209929459838, 0.7329627191865037
0.3878676700156083, 0.5016191987837473, 0.3236304848705468, 0.560047240632479, 0.4228630991555556, 0.249189497180895, 0.6617887843309757, 0.44315442938802485, 0.30425708504508997, 0.4533226034462077, 0.35161758271322924, 0.14859298964019496
0.2294370953549732, 0.3515794354909486, 0.5032640573059336, 0.45467468526120886, 0.5002014463646023, 0.456617829576701, 0.5634177794946597, 0.5456941216822203, 0.4130486741341035, 0.5197043597427639, 0.5240668797812291, 0.44665556569543663
0.40750402955564147, 0.3922300023664362, 0.4143352110246937, 0.6021981761477585, 0.4306403538018932, 0.5059751403085498, 0.5166181354272512, 0.5516518668231247, 0.5239423493271393, 0.7097521480525795, 0.682810354163093, 0.4068145425568783
0.6362333371139492, 0.6722948307606236, 0.8910748383770722, 0.6869848176119043, 0.11199512425125868, 0.571748325667933, 0.875166271292106, 0.7388674635909644, 0.4087553234010737, 0.33756073509313567, 0.3240477293593677, 0.5510465590315053
0.4790422761736549, 0.6175445026574798, 0.407176429420389, 0.4409800478275013, 0.5478911141007414, 0.6028489675333443, 0.2713118352039466, 0.4827575885480311, 0.24356739641749126, 0.8262136228411318, 0.4908738610678141, 0.4047869659626872
0.3874556886627448, 0.39658371854537156, 0.4431678833200667, 0.4926354034441474, 0.43044929333669196, 0.5896475864007628, 0.37653188429074885, 0.9487896027838821, 0.2898275136902384, 0.5523769507951163, 0.24430722574350688, 0.40389528506103034
0.48969109792189675, 0.6753490605543572, 0.2827401748099711, 0.5782791117377942, 0.6023113254015197, 0.6405952461755438, 0.3464681131299677, 0.5218379288941499, 0.6287449718224679, 0.3546682110284707, 0.617536284202154, 0.3676827848531296
0.5547967733457727, 0.6086119120984842, 0.5103815383994743, 0.7537976534427352, 0.4837989774084407, 0.3740082744293919, 0.34367211644959017, 0.6201466686779642, 0.7280362551293253, 0.5825611937097059, 0.4345359347134514, 0.416279068737522
0.5648883926609695, 0.24177843610382865, 0.25181145943764993, 0.45312398635327683, 0.8808372430240253, 0.4813969381140826, 0.6290759518852465, 0.5056644231674493, 0.44857956125118326, 0.6945545409991762, 0.2605219784436683, 0.7244675129586291
0.6451830755761525, 0.5277382205703285, 0.503320815557165, 0.5481727808660483, 0.4941724569638013, 0.3612896125315138, 0.8801492237247441, 0.4533729258140351, 0.6870541497716308, 0.5408090880738021, 0.5454963844725743, 0.791399904849535
0.4633308695366556, 0.37033110071153225, 0.15173478413732172, 0.2654148737108729, 0.37859363875034513, 0.9344982527176272, 0.3857238509040808, 0.8141439085525233, 0.5493802925913278, 0.3274870242495993, 0.29767094477138073, 0.5851855571712474
0.4875357637261357, 0.29160607994906657, 0.6689396565300896, 0.36105082891891616, 0.23995692472990737, 0.6112972118012427, 0.7633046173009207, 0.6160112045445311, 0.2941574729636174, 0.38090417551104344, 0.6562017208229276, 0.8272188618831717
0.5011918246871253, 0.3404724155500425, 0.4207144847073473, 0.6849853990904134, 0.7354415316379295, 0.3444052958000744, 0.6801315591697917, 0.41012408425436814, 0.626278157197844, 0.6643678234589243, 0.503026740836456, 0.21669552234799128
0.4317959722365811, 0.48424901441248625, 0.34397672914579935, 0.6294787797259671, 0.41844291965965164, 0.8604696855001719, 0.5059976995282303, 0.5581994418645437, 0.7294615376598338, 0.3674645351740396, 0.3808387578057776, 0.5677202945889201
0.5667243970539974, 0.32656218495048883, 0.2823456828461397, 0.15584829286969215, 0.5858323533588267, 0.553056069345864, 0.378725564174603, 0.795684929667416, 0.7487344337932997, 0.4191545834102463, 0.7549035073663113, 0.7360550168491702
0.6839968633567797, 0.27684068026097586, 0.6286112406205933, 0.5026734922381965, 0.5911001285664564, 0.24590505591752032, 0.506063585559035, 0.7012408386964661, 0.7839867259607964, 0.32818770155846777, 0.1321070813534636, 0.44664708657805086
0.8269278442026772, 0.31449079394889085, 0.5871423692181938, 0.8362582987062219, 0.47821271875117455, 0.547019070751212, 0.6063441753902858, 0.5523043943378285, 0.49765770317088553, 0.3129419354109041, 0.6255854958853158, 0.4407657708826551
0.3468912418214286, 0.49636490776527625, 0.6503429349917536, 0.4696299168466628, 0.28466582576624005, 0.4841157588291303, 0.8565099649095196, 0.762261766771094, 0.4604468616316792, 0.3874947298123226, 0.40458433014018036, 0.5730956072556976
0.4591759882425816, 0.5393842938366084, 0.32180881218747703, 0.26227530653636594, 0.53663083765668, 0.32280278833129955, 0.531014135992109, 0.34569059771071875, 0.4969840502219769, 0.4907779522511245, 0.5053894799703943, 0.6558967784110736
0.7358395989595629, 0.35379584656393503, 0.5570958874022119, 0.48007384333565484, 0.6888543613441966, 0.7170193494754366, 0.8867671637464931, 0.5570251308904803, 0.4734375051067472, 0.8565464218640231, 0.5844774290299919, 0.5669921041145718
0.5069853272347971, 0.5486749279855622, 0.30083627923422673, 0.7088346563308987, 0.682909515003794, 0.6828023268931946, 0.602194017922795, 0.40084207420367124, 0.5579767738447957, 0.292649262558601, 0.5204094216504354, 0.6679557349507477
0.7914672416159221, 0.1493602285267256, 0.34641963307180906, 0.2646123637387482, 0.24707281442313117, 0.5892198437550942, 0.6642438912365533, 0.5254320197772427, 0.5485267609372374, 0.22558202204380645, 0.31520121610540025, 0.6481922933096587
0.3868465521779561, 0.4442065272234739, 0.40310530748826945, 0.6192805464477731, 0.6651269729864066, 0.5473023143237867, 0.5514561795156251, 0.6423638044298445, 0.33457597888493085, 0.5710717437049839, 0.43562231239221433, 0.5224329631655034
0.3991855566577446, 0.6842580820565323, 0.5016413799173852, 0.5828373051274609, 0.5982170511722213, 0.4841460162497469, 0.5043874456525591, 0.6500052493849704, 0.7694671824230715, 0.5312441938506255, 0.6223257151909004, 0.6701074820078015
0.3624503253323129, 0.41157174193450263, 0.6993933658703854, 0.7092505156840191, 0.4398814423157755, 0.3948433858012462, 0.38292607707403775, 0.29681028223794637, 0.36119728727958067, 0.29121246348448476, 0.366799228372829, 0.5130313507020068
0.47752374126091285, 0.5527483284194808, 0.7592903947317386, 0.2506917275950339, 0.5387472759508276, 0.6694487397972813, 0.4791120254852341, 0.4973012457724489, 0.47970543459876175, 0.5886024397159052, 0.5154513377122504, 0.7063439324473579
0.6993658835443963, 0.6757640353657706, 0.6751787477670773, 0.7339077141867743, 0.4617913156987937, 0.5931498869551532, 0.4746975231845931, 0.2078430664236991, 0.6077823959104292, 0.4553808412302145, 0.36732588609178485, 0.3598583954568365
0.37211276092088713, 0.41920772868756856, 0.5678283498183256, 0.49967328049490356, 0.6901074827208089, 0.6333275672264231, 0.6870374716660953, 0.6445119060106341, 0.31358240879580046, 0.9163296013546178, 0.31652074599271735, 0.3261583407510363
0.4505312341844646, 0.5798748066095785, 0.21259263200791018, 0.6593199044814628, 0.15918363226318155, 0.37449448347931735, 0.640175870564804, 0.32522671558142385, 0.3833483346932152, 0.3986457564235632, 0.7392020963397384, 0.4287918753889794
0.7490034836642306, 0.6782030129939449, 0.46176980856794286, 0.7878488877968768, 0.4882175509671714, 0.34286609778265964, 0.45376140531528236, 0.5847699303282896, 0.5222476254492474, 0.49625094026975786, 0.4770755037788119, 0.5408025853233824
0.4998287799274713, 0.7214289658108439, 0.6741043085252263, 0.40690708174250306, 0.366970931847738, 0.6709818136854308, 0.522783481612403, 0.32743210990805205, 0.6288712291490929, 0.4774971412251896, 0.26087627406711544, 0.3696502519345919
0.3905010143062681, 0.551760419057194, 0.24649238928119976, 0.9161812842441075, 0.813382959308782, 0.678566608689416, 0.4599966595680378, 0.28174440104197473, 0.7070313236104344, 0.5840642408793979, 0.6221506692602742, 0.20938297320244686
0.275967221846718, 0.5033911305953538, 0.674060994020227, 0.5169025122860569, 0.27827882309970053, 0.5143612914488928, 0.3189629489993959, 0.32240854097607374, 0.662888651481054, 0.38704458233062855, 0.7037358121761468, 0.472176654187108
0.2801881907197844, 0.5439345355703057, 0.5094970063497182, 0.15779840145625723, 0.41122519225063336, 0.7865696981650014, 0.5400994655199879, 0.3707536333745388, 0.48303233077915836, 0.40658402105642577, 0.49622301848324274, 0.48339216525716344
0.49595379561188213, 0.5081134528335883, 0.529348972963316, 0.2666829797427991, 0.3026884102918401, 0.5569448865243509, 0.449932113002585, 0.29851209022010605, 0.5785141818537642, 0.6407640687674837, 0.5550317857645735, 0.2358590501119181
0.25544219011576574, 0.4413499415340295, 0.5178196468164051, 0.4175583373135726, 0.4952764213332725, 0.5920529341687406, 0.5846101317971356, 0.2717895785237626, 0.684532439795962, 0.4932145992471507, 0.22694396523796773, 0.4464599234755068
0.560121701497211, 0.6195958173072017, 0.19811554195193265, 0.6126850289821018, 0.6850955636814127, 0.51129773909132, 0.2609090933991369, 0.6031577572327885, 0.427831974236273, 0.519969477752541, 0.5649234359959847, 0.6728031377305663
0.800798459141763, 0.5016555411677229, 0.33385993406900494, 0.3977405483909555, 0.2144007407604419, 0.811277521619457, 0.35392998285461524, 0.39767278456921346, 0.3475158257538559, 0.3521373405839494, 0.6834164899754174, 0.7963583860141374
0.6882907919668502, 0.8082118490071124, 0.7331035563994037, 0.616909484211235, 0.31783109056800146, 0.4339560141382507, 0.48958054654864974, 0.615386951354419, 0.3774875215258895, 0.35615053581049755, 0.251165173265156, 0.2520862827510638
0.5359937685745494, 0.5552946609592667, 0.47852965264331504, 0.5589823188419009, 0.4473571772873465, 0.7166393372553284, 0.6562105549163263, 0.20736236571422345, 0.5473177839290256, 0.37703753016250263, 0.5448913466944555, 0.5622315551691704
0.6259559244416653, 0.28296762159072086, 0.3249388416568846, 0.4875348721522466, 0.5000689307286088, 0.5808105292041201, 0.6908168926014561, 0.7884775346839068, 0.32999992007374, 0.6826410019264568, 0.5854630637727848, 0.3806172273906554
0.3726807287285045, 0.5916659921176991, 0.3485961788828124, 0.7417239076447271, 0.291328680951855, 0.47879388846984183, 0.6470145850528262, 0.7037143602987707, 0.3258284031211177, 0.5053155772264531, 0.5211831942512883, 0.2579287479748433
0.3423318878192203, 0.4752859399498711, 0.5543822428459266, 0.7091729463891965, 0.43570690758813624, 0.3942415707758722, 0.48664119087381247, 0.6791491494840074, 0.384387358836629, 0.8111458672419855, 0.5489209512542886, 0.6799410209287746
0.6337301724697068, 0.5701123047138341, 0.4029593831097925, 0.5695668964647689, 0.9842988722746749, 0.6263122706446379, 0.5319202996480585, 0.6429771023919393, 0.474991880808109, 0.49225741443803, 0.3901518897665766, 0.8861716054521649
0.6779285638251316, 0.5150120054482599, 0.9021987338410764, 0.6429340728034176, 0.30124641285436793, 0.35603674762976534, 0.6904377670887186, 0.20785409440186597, 0.6175892639206899, 0.5420025010893881, 0.38103363375144034, 0.6478031016675497
0.6638461372968594, 0.07437188658639615, 0.4112391848557991, 0.5473426557033254, 0.17866895870127575, 0.33181390508909603, 0.6859268340627263, 0.3979611484218799, 0.3553685837985928, 0.786785993070239, 0.32738185453826085, 0.7913885968064114
0.9241923700151042, 0.15246958063970595, 0.6970164310525927, 0.602286410674558, 0.5665790386868039, 0.32861192964456276, 0.22401765891722836, 0.4430721439571167, 0.6187878119666789, 0.25825397477668155, 0.4906165581132856, 0.5646262120342972
0.348087153498168, 0.7465244108044008, 0.225227878790502, 0.438460941134808, 0.33419180348686023, 0.39645398969071005, 0.2945221471175725, 0.5536907042131749, 0.6267275771476118, 0.63915698417112, 0.4869672657978542, 0.40281662582524747
0.3794922160906368, 0.5905402668772227, 0.4586723488526724, 0.41290540176173685, 0.7101649422286594, 0.5622464599346683, 0.1016710126062969, 0.5966265208664903, 0.3782807430058984, 0.5196054351043995, 0.4730999617220291, 0.38102734083308376
0.7202804061431387, 0.5289643326053958, 0.6945696988005945, 0.626128302782281, 0.36884921146286653, 0.4937770943237793, 0.28528138396152436, 0.6212465458646436, 0.3662183552723871, 0.4739502964128574, 0.651599617725354, 0.5759830570061532
0.6825996472612442, 0.6367485023507883, 0.7736632946621133, 0.630088358140099, 0.4627119694850797, 0.5555634923537534, 0.8247554265167589, 0.38453292015267, 0.5466061223615859, 0.7984492933487868, 0.48588513269665673, 0.4687448939790589
0.3569189268287619, 0.343910942333075, 0.4289464925534563, 0.5753996139860698, 0.8903372785900128, 0.32447436263671336, 0.1744030596671281, 0.5800968597495393, 0.42400123885713714, 0.626857165764476, 0.3338146493519643, 0.44593804714109
0.7486878489466029, 0.6796776304742576, 0.6528294008099733, 0.47978142249455563, 0.3869194343365855, 0.3844539570670805, 0.38549389511884846, 0.5970230569649817, 0.49340105826272, 0.5091507774611935, 0.3420172852514064, 0.4837433861259143
0.5510641401790993, 0.49883533155151627, 0.4261294039759002, 0.48282467353015196, 0.6109308880085618, 0.3302519470077193, 0.5844523572549488, 0.27286913216239894, 0.4368153507978565, 0.5853622343848793, 0.4913732615997754, 0.5006506271100977
0.3261201283773459, 0.43327530780607215, 0.5201048379903194, 0.47843789082832205, 0.15849593303936044, 0.4017846452575196, 0.6137236838710631, 0.5429596748318994, 0.4736026977818681, 0.517028708454693, 0.6633152824787263, 0.5160164958631026
0.6210267847569727, 0.7243296010361705, 0.3560757432014527, 0.30613921169041275, 0.585418441998174, 0.4208376312893499, 0.3858898042630493, 0.30793339038027856, 0.5075576658961551, 0.4956437962684566, 0.6597132213565597, 0.41876690579560516
0.3268178774429383, 0.3622164470352081, 0.6053270088683764, 0.7280230557264145, 0.32024995613418195, 0.17106298749300136, 0.6002019577505127, 0.7387377718266532, 0.93111766300565, 0.6554214375915729, 0.17774375156729483, 0.22277186869914412
0.4422918143928739, 0.4099186772044129, 0.5943949489859036, 0.44168088771750724, 0.6235796734751536, 0.5260747100322045, 0.5565089208826794, 0.2677764584020226, 0.40580817497026106, 0.5185285256473688, 0.6104523391110666, 0.571144990099154
0.5205552743697142, 0.4174668029349366, 0.4704102360995014, 0.36922351482408, 0.7782119222455948, 0.5178635072603102, 0.8203944536660619, 0.31564812822345034, 0.6868465797891641, 0.629987124217744, 0.3586178756016433, 0.5557437145922932
0.39615398721702555, 0.5243929786406301, 0.6094877569876485, 0.21685973651372997, 0.3714098576754645, 0.7478136275968787, 0.4687810448441067, 0.6922045987166744, 0.31029989513703193, 0.8316937619546467, 0.5910259254051788, 0.511599621433583
0.5528092266027099, 0.6102776087621073, 0.989958056948695, 0.25446479058458293, 0.5362636561091261, 0.3830888832017171, 0.7297635883703939, 0.47771715481084065, 0.5747668197450458, 0.47402873241518184, 0.456920335969672, 0.17381073679900017
0.2964767193072273, 0.5193934893806347, 0.15301206635974357, 0.6617490323969573, 0.5350652459482921, 0.6394160961751743, 0.31693081955308167, 0.41670473487027604, 0.34143931199040417, 0.2709583579399415, 0.6867180807692292, 0.2929998506346343
0.5439008091592292, 0.7295675495429192, 0.5032909492136811, 0.3677555831034751, 0.6985665757856556, 0.4473264742395189, 0.3262186504887803, 0.46184201884703424, 0.9287789338624347, 0.5754035849894851, 0.42012839385609857, 0.5112381580712524
0.4174051420806035, 0.5585182812386584, 0.8798800952935685, 0.3939877128898, 0.43445832385173055, 0.41730405197541837, 0.56100172383687, 0.44391686365202543, 0.2896425782597475, 0.5443513360159798, 0.29316352469859996, 0.7843649527766398
0.3764303520187703, 0.33058799468050076, 0.0858983963985453, 0.6056127013510038, 0.12324948380761469, 0.541384851738956, 0.8540040576469436, 0.3914278168751546, 0.5280720010946605, 0.47776228745892774, 0.4166032939852638, 0.6801812782841974
0.46672697517916273, 0.3670160054677927, 0.798538824091257, 0.5346675712359346, 0.09256152432126707, 0.7051942165821153, 0.4741159226240042, 0.6612955672918451, 0.13604381624867012, 0.4201399118780619, 0.5776097713712531, 0.31368390029632043
0.44504714644506704, 0.7022361475227594, 0.6460009408155571, 0.2886292571586791, 0.5678452286448711, 0.652736701745832, 0.5735821997855814, 0.9261699517882589, 0.651180006636924, 0.7008902697243322, 0.5575946879318221, 0.5258529045450663
0.6198948683014746, 0.7394201121061303, 0.5061123324257193, 0.4939077630344486, 0.443316324737373, 0.5981113528759263, 0.5057260164902085, 0.6851121239421679, 0.3439984135784487, 0.5441900087625587, 0.5624814316389777, 0.38085679490049607
0.7708718401582586, 0.3806305847931909, 0.4917171709812939, 0.2584886830614602, 0.49342290983845916, 0.31736016053402943, 0.5206095547659175, 0.43153238249752485, 0.6067440712898982, 0.20755930384128773, 0.8111308533512347, 0.5282443628727248
0.5034399669253056, 0.5711413087900166, 0.40398132059107117, 0.5821360594496778, 0.3427910132717448, 0.41142945549574633, 0.40661183123137146, 0.5453629427719059, 0.5716637873598629, 0.5532282500037612, 0.4723899112952527, 0.6047036677167935
0.4528054697771293, 0.5879152066604366, 0.25634443665784623, 0.49341041600616375, 0.35357135285295693, 0.4410235678758568, 0.6506132220519685, 0.6482784048878876, 0.7386012107754923, 0.46906919681134734, 0.3166073404299213, 0.6570493756072999
0.4257302386934969, 0.7369000612492546, 0.35783605609286, 0.9315425545529413, 0.4489644489940478, 0.8640753274467463, 0.315697683103762, 0.6122092737855416, 0.8117773580136682, 0.3381548624713148, 0.5213206291565564, 0.30096054976898334
0.5000239651927529, 0.5544033420532077, 0.7159715697460808, 0.385104800328296, 0.33632727461814726, 0.5882178816011803, 0.4688504411993836, 0.5572903965487308, 0.440568058140266, 0.5561499258261401, 0.5792624372519244, 0.4476378476313165
0.5070372087576364, 0.44847680111967614, 0.29294703633347213, 0.4561804246455052, 0.30312050342027475, 0.6638179869871991, 0.5602031292325832, 0.5662322951961175, 0.5250424741057514, 0.5041683667246024, 0.5726332299606028, 0.6483019428690294
0.8768395151065581, 0.38477469465065695, 0.3260606273700993, 0.439029445040046, 0.5454621067518721, 0.6242424166316173, 0.5688646333051003, 0.2653429200208758, 0.41808808249531065, 0.6209608627609331, 0.38230786723092647, 0.3836466180963951
0.20087308931679698, 0.517042730947468, 0.37685577968421813, 0.4274773345788386, 0.652179487861135, 0.3649402223598053, 0.4729731253170306, 0.48591389010504227, 0.42371011599666847, 0.20423736500580203, 0.4108908891525671, 0.5502186415176088
0.6956748315310095, 0.4630534226885759, 0.7504212889893663, 0.6133192591813197, 0.4960953833804328, 0.37718054124599676, 0.6757253534486277, 0.7388816442772499, 0.5897838134322562, 0.49914809826177586, 0.15406076497675597, 0.4897023469609068
0.38567710034047087, 0.24636907642515904, 0.8626367493412284, 0.45095373931934374, 0.5754513613524388, 0.5743500314167678, 0.5885256430138781, 0.46887502656579166, 0.604674431434268, 0.6034008370097729, 0.21960712832161433, 0.49203110639021075
0.6245007836100197, 0.621692545125343, 0.5291724929755606, 0.4856012398565331, 0.3947976879884084, 0.2224902328105065, 0.3493792141937551, 0.6297578481279336, 0.3844686823333319, 0.7340100987905773, 0.434013259333783, 0.5252203741381699
0.507088742733947, 0.5774687745826941, 0.43968129004668177, 0.26632303118837963, 0.6520854730098045, 0.5449657183670922, 0.5780555915737136, 0.6748728207501734, 0.5037680755108863, 0.5303073778453921, 0.6198476693548661, 0.6122386903510547
0.4375136989363936, 0.5849441859384013, 0.26328496764022147, 0.6200135847805068, 0.3756135976782573, 0.6237044302198511, 0.17816188574202085, 0.23357499077253996, 0.5926408222930359, 0.4587423493435962, 0.4804134309331996, 0.21722038101493218
0.5708977849519768, 0.48831758610886916, 0.43877361362306105, 0.915946384289773, 0.41910197690797985, 0.5682293602173629, 0.2341199202564918, 0.41193903702637713, 0.3295198174606665, 0.26476961418460404, 0.5682950209404081, 0.27354922393355147
0.5921255059154351, 0.5754549041779862, 0.20621769695323428, 0.7814527202997815, 0.6567041658689667, 0.4140261050466884, 0.4086976427249374, 0.5357062730846148, 0.46005500886805073, 0.5551643894450967, 0.31112272720963763, 0.3572719127885266
0.5621911614438319, 0.25779493890588673, 0.31587229496773256, 0.6494398216071233, 0.5148809889077827, 0.37258748960285765, 0.7267222477785942, 0.6298501261337575, 0.6200033784760378, 0.21462501742081347, 0.44438172126542386, 0.5460689542414856
0.453739395306298, 0.8532794352076836, 0.43096511985175145, 0.4973477074868151, 0.7451751991677845, 0.4885036172434273, 0.4159904670384246, 0.7593819472857478, 0.4951439198056329, 0.6188949145884379, 0.5319583527914188, 0.4384239625929679
0.487210268155832, 0.47220192183613513, 0.7153397491438498, 0.4455894062771484, 0.4388275408451035, 0.5742959036506035, 0.39542301382131295, 0.6020216683386164, 0.5579404427599591, 0.5839827804085793, 0.4020396701714198, 0.22982508486877623
0.18156351144045013, 0.4551982117441292, 0.6309965443793378, 0.5812251254540913, 0.11325450874755194, 0.8484864937168328, 0.5278593098564452, 0.520837340652341, 0.520367394588013, 0.5546615148152921, 0.5061596532836468, 0.46812128584537177
0.5852103028984319, 0.45877887902352876, 0.1449146734131197, 0.3741562860163735, 0.3193006710521543, 0.5826562454643719, 0.41553846469663036, 0.6055089081963995, 0.4401112980888923, 0.5772997717646005, 0.22869856361662982, 0.7016482453215962
0.47704131592733146, 0.3325277817534559, 0.4127306942196296, 0.41128199783743463, 0.8317070313211097, 0.8857891384361427, 0.41334657831327665, 0.36902675770411897, 0.4603282959138827, 0.5264984507208497, 0.5733210590548625, 0.32417798407350096
0.44577200199818007, 0.5654384136330884, 0.6922809090421614, 0.7663798036305117, 0.6759040182099241, 0.6197203271068787, 0.35551675060811005, 0.6161111804014114, 0.5122142151864728, 0.6184705192966885, 0.5403489902784242, 0.4975470567480913
0.7861847742168746, 0.7378022502462621, 0.5507645372013937, 0.5274664239807527, 0.7393923901038677, 0.4235018459116612, 0.4318693419938263, 0.6569865924266376, 0.5267980833292687, 0.5499631946136275, 0.60799055082172, 0.44018028489527866
0.881232948382644, 0.7256112019047471, 0.5231475841757931, 0.9379291932025091, 0.3368965686652341, 0.3499190711407377, 0.5021912732151773, 0.7030830469209617, 0.3400229339202344, 0.4854948614324236, 0.6130951732767633, 0.5892998164575216
0.36374279495588524, 0.7480886234444704, 0.6494079648492009, 0.48545726773181636, 0.6408235115184118, 0.7443621622263045, 0.20416393016530732, 0.5922808196857464, 0.6820990595880474, 0.5442894151586444, 0.5920306849630904, 0.39267917617812387
0.40071436465111804, 0.4204949666461055, 0.5812570968101443, 0.3513479311794522, 0.27234086156875986, 0.6326129675771304, 0.6268156410363726, 0.5432758460634066, 0.28376410044792216, 0.39108419488067936, 0.4637579168069278, 0.5276633324487783
0.48836152008325173, 0.7655397807184561, 0.6199447389730258, 0.48580630651008627, 0.5489775033770017, 0.3675376263298349, 0.7677364692335665, 0.6656648945131347, 0.7814574673700632, 0.7659325378367839, 0.004291902215284471, 0.475679372653589
0.4105502607554149, 0.8525759557077482, 0.7597307653167932, 0.22546663349262314, 0.5736659896517387, 0.33887079944997084, 0.31487282212052603, 0.6171734572397628, 0.6009104063905479, 0.38451076394029593, 0.39163169029052014, 0.6443352276772851
0.12916388659266476, 0.38674481988691845, 0.28072693397806103, 0.4824709008033311, 0.7755664536686361, 0.5993923174178658, 0.4377124609896045, 0.45174462972069124, 0.8362224426055684, 0.43246432901032617, 0.5599231978995051, 0.33258786741038776
0.839119956341612, 0.5553292026418003, 0.30770909219508635, 0.3674963359050656, 0.23723979384577426, 0.6369330332115825, 0.30154184180782756, 0.42145340808457454, 0.3535036905456498, 0.6934337127689723, 0.3775814869333251, 0.3936785065347015
0.1824724322385778, 0.3846409877140926, 0.5288406283016368, 0.7342007722884423, 0.5128829256388003, 0.42815712294648484, 0.27921250671282793, 0.6132572841899584, 0.4629699347302939, 0.1455132034651369, 0.48417247211025044, 0.6682416786487011
0.445528344883331, 0.6204742168221282, 0.5622577732537832, 0.4319522797903993, 0.6354572121296777, 0.26761945329490394, 0.6854916082046202, 0.6792854702417901, 0.7901076906490345, 0.6511960563806929, 0.5334501565208943, 0.22943920227267578
0.6687268082904889, 0.5173925958983682, 0.39341904272203165, 0.5952325110440936, 0.38805693355389215, 0.45006634409515134, 0.5060199965974715, 0.8552239737244587, 0.09508981170005826, 0.5228026422923732, 0.562632684641415, 0.22341262451836996
0.744479654129846, 0.5769350673544474, 0.415363566581398, 0.694320848239717, 0.6382971565028653, 0.4481420269355301, 0.3983375444277419, 0.6647928008722842, 0.4900354189058181, 0.5249329795412049, 0.2762982758112984, 0.6803448652722814
0.4834993114011303, 0.28944789400284643, 0.500074713004346, 0.3454772332295567, 0.6094374418447732, 0.37043845884363596, 0.5811469411092584, 0.7862096438327275, 0.5930550106163188, 0.43504603351184307, 0.4625882699924911, 0.8196264078130289
0.36722337321085174, 0.7022457241606824, 0.8791487641679259, 0.7696864188408247, 0.63648561193985, 0.44639201302411496, 0.7776105172871651, 0.6220453432739124, 0.3895930490861916, 0.3906196130769604, 0.26566263030668147, 0.43062847138562627
0.840655408239433, 0.4547605232113778, 0.26183595249380165, 0.3792569903951078, 0.599096792544419, 0.35044014323145767, 0.42511023441332285, 0.45580233021959266, 0.18814108356301112, 0.6353605591060898, 0.4802836940782384, 0.5356421851195696
0.6899261411588347, 0.48587297094642634, 0.6981896988807015, 0.2830198076750849, 0.7032038846556132, 0.1280989546403164, 0.3868131747360267, 0.6929240116047288, 0.517751386457234, 0.33755829396111586, 0.4253643655202617, 0.5113085471107268
0.7533069832217019, 0.5737648702172519, 0.1629827247431761, 0.44394485183765864, 0.24818717096443937, 0.4990569663529291, 0.21409711735260423, 0.3267514035503376, 0.7001483894625797, 0.29556119219844645, 0.4308365705126493, 0.33647930301428036
0.4753754766984051, 0.33428077581602034, 0.4012813204265351, 0.6488461316712323, 0.626793621465153, 0.6240858565538281, 0.710775395562056, 0.29078725263645044, 0.6066678203055047, 0.41765919755947706, 0.34822936560163176, 0.23507433199229433
0.8146579522099106, 0.6131823121213777, 0.18703689175539912, 0.38795717180601114, 0.28794053824702043, 0.499517094442603, 0.10521950659328794, 0.5649640807421081, 0.5783927338592976, 0.5040293445678301, 0.5920755632800212, 0.6257494050252411
0.619268667669035, 0.20047175194096517, 0.36063208148409653, 0.5693992930245445, 0.3971861034145899, 0.06833349434561992, 0.22194064233016103, 0.5440629936049232, 0.19355980071590612, 0.5357081227262791, 0.4096475767716419, 0.6216490404191664
0.28275364699217664, 0.3989883037841801, 0.6669837832635596, 0.4242042411071089, 0.5672985531223662, 0.5958454617178286, 0.671517844065189, 0.2597795647135429, 0.5009799777263774, 0.7712758145705547, 0.648908427904547, 0.42141691201626086
0.5562818003653732, 0.709463954145421, 0.03914453784348465, 0.41745047404534424, 0.3362712921560284, 0.6066669198320105, 0.3117061183612565, 0.5398166382768698, 0.4732079516425174, 0.4672341528784086, 0.29103507022164243, 0.5309782453197645
0.7878289636998261, 0.34970268629014745, 0.6563671623554996, 0.5828099783185592, 0.28628281019966295, 0.8085311701330532, 0.43819001397666074, 0.2287013231701993, 0.5534475493015457, 0.31569160742788516, 0.2806893155749115, 0.606082617987181
0.365876285626931, 0.5814862285100745, 0.38012093686510523, 0.37780986550286727, 0.4182168580192885, 0.3933059886899378, 0.6323609803618127, 0.4264935450909285, 0.33983976888178613, 0.3701191363830032, 0.5273980014606076, 0.4603326853861554
0.0011568626468644316, 0.21103031492431457, 0.42058835728385735, 0.5458987047110121, 0.4715892841237238, 0.26449878540158794, 0.18033192741611953, 0.40096111971703075, 0.6566837443057841, 0.5441013363299001, 0.39830426351221027, 0.5422074021450227
0.23591580973399195, 0.5372609604787452, 0.6434670627104557, 0.797120982617194, 0.5069029398977248, 0.5286373965471618, 0.6690206729765984, 0.5729576188442649, 0.5055863670805504, 0.6269822536507107, 0.7988696121665744, 0.5872420241086203
0.7556900740710408, 0.47137961391932387, 0.33089179742227903, 0.687762134099052, 0.6170226528646506, 0.516661099968349, 0.2993758887028568, 0.586530762829355, 0.36936462284115823, 0.5948432906772307, 0.4869196133892767, 0.45093625978998003
0.33363233848667107, 0.6242582190347529, 0.3172726873071878, 0.6201371878675928, 0.3478798522771507, 0.5488842893512366, 0.30092109348311247, 0.6053943614228545, 0.4483308537677984, 0.5780448358478918, 0.7076344616361605, 0.8147846320882638
0.8057203658074765, 0.4175775504183258, 0.23939398710797943, 0.4342495766699555, 0.47316123084871997, 0.34509313465012526, 0.7968158489938384, 0.4209618264252715, 0.28911091259171784, 0.3886396353298318, 0.9181492185893119, 0.4934518010507362
0.5393061464051014, 0.5202082582089167, 0.7102962006956692, 0.5077889770142981, 0.5981468560353119, 0.42875265972488585, 0.6149990124989706, 0.44536720626469584, 0.5249754921902627, 0.4882415806851104, 0.3923136177666814, 0.7601408651017959
0.363365326565538, 0.6435363064036047, 0.5086046870810047, 0.20757589243560487, 0.5491439380731233, 0.47390871545722235, 0.6276624101019282, 0.712721051247291, 0.4849679513542223, 0.34725969110868393, 0.77103452431007, 0.42351776534207264
0.4319708960194503, 0.6323651477686438, 0.487798571096236, 0.3326963136128087, 0.46229613290555926, 0.4905277112803723, 0.5904939061904004, 0.6121162292404477, 0.36283213384639906, 0.647270033394334, 0.8743418965247238, 0.5243227065169417
0.9678820033484195, 0.49727142838117233, 0.511212984225238, 0.5247399347192256, 0.6788324768450609, 0.3360763491977205, 0.3354507610329238, 0.46958850104476574, 0.4459797874696508, 0.5820251189880065, 0.8129879958833042, 0.558830470503722
0.7371135521979915, 0.24561347797071353, 0.3987600928224595, 0.6894589699077118, 0.6212934327606284, 0.382666722097656, 0.5263403159149768, 0.7588228060177267, 0.8679294672600205, 0.6716814605014093, 0.26734964783419823, 0.058018218224617946
0.522759074885967, 0.7143161846360774, 0.5302482827314834, 0.3112349492423912, 0.7004386818638272, 0.6394559549016001, 0.7079874692624641, 0.7383703159668717, 0.36368762028549034, 0.7084062624249687, 0.5486178018394843, 0.5854609917264513
0.44724825729812734, 0.5353475625343119, 0.484106140374064, 0.5776785727715745, 0.23862248744110215, 0.6297326999378312, 0.4014979971705952, 0.5443671116880747, 0.6387144762524728, 0.4171108625865526, 0.4922084580962495, 0.4682433783408289
0.26365850841508925, 0.40607310578570777, 0.3441694008362713, 0.7905768012028478, 0.700055553645335, 0.7547692652331934, 0.3697824056537578, 0.31245166612230385, 0.6008954779889478, 0.5927738060767535, 0.3156817147504568, 0.8231110254947382
0.46509160390675736, 0.1929800910022843, 0.771754519040502, 0.7763356429106778, 0.40891497510152264, 0.5172870529729706, 0.5170247105457467, 0.6272507772029958, 0.43438480381557687, 0.5247115673906632, 0.5346134576894226, 0.2922863643695663
0.43535236290401885, 0.6276589845382146, 0.3377487074284752, 0.44334040889233367, 0.4555881020137287, 0.3435981780999998, 0.43446575231962176, 0.2134378617194742, 0.38204991995948123, 0.5201715561914411, 0.8234363811354151, 0.7156940256921052
0.5865207490542802, 0.4921888941700588, 0.6150621749493597, 0.7730966300470141, 0.587601040593752, 0.5193858939942793, 0.7998552054228641, 0.6398876579007914, 0.5686495787746727, 0.7595956425817316, 0.2887552465362596, 0.35128550295977895
0.5468947170567816, 0.2913751590427622, 0.38997520324280494, 0.27394958979075795, 0.7610469303394058, 0.5005046384126972, 0.4769068182882622, 0.7528058363016426, 0.4760558979429008, 0.4339878379464766, 0.39138318873327793, 0.46114573789697805
0.5438184000598563, 0.4014145207687343, 0.42431779734734715, 0.5198137408730816, 0.5206255692433699, 0.4621907565833337, 0.6537567846129058, 0.6971680996376699, 0.42701554165071165, 0.4924218707793129, 0.8479572932728581, 0.4671858003866956
0.4794343444960027, 0.5303989533297211, 0.5891496234357092, 0.4573694480984531, 0.6943378234374344, 0.5363627188812994, 0.38940373911005954, 0.5309519329667627, 0.5230327008199025, 0.6843965783903881, 0.2674952979032099, 0.34645924196501554
0.2295766042230858, 0.1326760727105326, 0.43257018156098076, 0.7210129875671194, 0.37090612642303133, 0.4033861277434201, 0.426906675064599, 0.5486000873483999, 0.4444455942591345, 0.4209213115923608, 0.560236864177337, 0.4133151571957314
0.6283773651678267, 0.3257569764008252, 0.5058600452821459, 0.7003214966420732, 0.35754502365652385, 0.6515713471811801, 0.464880744706897, 0.4240373764089947, 0.5716932838834634, 0.23609266805365714, 0.784802617675505, 0.48920573010986124
0.4874059623528013, 0.4556618542399149, 0.29177662988838887, 0.6669997451054109, 0.6726922567314912, 0.45072596993217545, 0.3200190749412712, 0.7335948881761492, 0.6978335132609592, 0.3963793849191339, 0.4347952844892891, 0.2815144712993475
0.2749985257940041, 0.7007301970080556, 0.23499311932609812, 0.7150121944964284, 0.09385872268290596, 0.5494417936741334, 0.5505145514082465, 0.4969840205650118, 0.5374122764870225, 0.5459903037476804, 0.7551378920838427, 0.5613560888110496
0.3646927352404396, 0.19522732305923052, 0.5997593928914117, 0.36303630266728754, 0.5529763322308898, 0.8606029337126194, 0.4448047390682032, 0.39110728644580456, 0.5941781692961388, 0.4239013156221137, 0.47576954046342124, 0.7264812798751884
0.2743812542813657, 0.46571040471019975, 0.7348514685772227, 0.1870771688073135, 0.3890231728256573, 0.3459733971030257, 0.5256431737785691, 0.3415972324523956, 0.46049207972111944, 0.7167561550521697, 0.5837507600864456, 0.4110550827527704
0.6479801023452194, 0.503298221397516, 0.7245410937064214, 0.24823501855982644, 0.26904907851776044, 0.548640729759917, 0.37464912593194866, 0.509488462456964, 0.517096359593183, 0.3101251675048988, 0.5978650387048567, 0.16695758646801678
0.26959513571545857, 0.7213389144308496, 0.7915922994125002, 0.5755258511979514, 0.6013841931243835, 0.36922669161642185, 0.626439647867628, 0.8504414737977442, 0.23814366224030326, 0.6180632078968878, 0.3772008742190425, 0.7209409958412847
0.418846647909323, 0.5102183224009601, 0.4932496806586989, 0.5830616753452096, 0.48752145948280434, 0.5537683235843267, 0.44920884898760827, 0.6398908460593199, 0.575455511416807, 0.9124575281668715, 0.5411446362975637, 0.6239460069241377
0.29331219355293037, 0.36724492719107416, 0.6247937762502251, 0.4052765672594867, 0.4951533510706604, 0.3343032497753665, 0.5321189575392914, 0.42324968053511564, 0.34671932786484994, 0.6610306404276682, 0.5000156258861539, 0.32289158311430294
0.6407025254002836, 0.4626704535315195, 0.7108123147368655, 0.47441816543874804, 0.7659710167997664, 0.60910033719303, 0.5692980884501395, 0.3980192915464642, 0.9078707385780584, 0.5913148722777362, 0.6099972682454726, 0.40158364356534215
0.5786097572749065, 0.41594560630790833, 0.35849637219932295, 0.7378773367040696, 0.6614890704149319, 0.21916531998266364, 0.6796509295932949, 0.32043954259942864, 0.5280598996071226, 0.6408893231843471, 0.462034339974568, 0.45887658516344987
0.21751506008672478, 0.8125467902765483, 0.400505569584189, 0.6571592227475191, 0.1816671959346136, 0.2909534256780967, 0.42089032707201407, 0.7440443913044894, 0.1583472669389136, 0.49670765288659247, 0.5166528789976965, 0.6139746846122676
0.8245705710859861, 0.2641887722208591, 0.2593780271004351, 0.43126898570878747, 0.6171134090164025, 0.45851230391205094, 0.4093494293350675, 0.3405323810771642, 0.41678863917524567, 0.5091053178879144, 0.6264628803642017, 0.4451892935197923
0.4510102902761417, 0.3061827326770819, 0.4412625650515321, 0.8688765831155478, 0.5576443601988261, 0.6427085772556851, 0.48008293712654987, 0.2607813138473804, 0.5893096465902438, 0.5221101195159629, 0.17402618198615866, 0.5374493317909649
0.7989715167507638, 0.534987125556546, 0.31673656479090334, 0.43235611851129524, 0.5327223012232845, 0.5790443497193878, 0.39520178450242355, 0.265481653438762, 0.6450629351685888, 0.567065472683803, 0.02015863398480916, 0.45447264506645796
0.5458647014885647, 0.653031164481533, 0.4440751266765937, 0.5158145915851924, 0.23762349710010944, 0.39812145639548013, 0.4135161915367417, 0.1757800447550636, 0.41449258919061904, 0.5173108840924341, 0.541918800671004, 0.43423139517577647
0.4841106408843891, 0.4677713962213746, 0.6582988104255285, 0.574156512471725, 0.4288690510732228, 0.6466205339329388, 0.3798968235980059, 0.5393214764137053, 0.35519009026304016, 0.7189791877199199, 0.6427029246464102, 0.2701892417352557
0.21643287831338887, 0.5101577416851804, 0.5015609303430691, 0.4838062981469372, 0.49977583859695546, 0.45610805688138056, 0.4701193210394624, 0.36248519344369484, 0.737323634410428, 0.5358953147650867, 0.6249554115561501, 0.5988955350525289
0.2727984945540636, 0.30655629649313254, 0.2949544037520066, 0.37018678688134526, 0.39114660999360445, 0.4781601077148791, 0.5858534198063972, 0.2729063182313451, 0.6820509366931033, 0.7108026326297376, 0.6211560016912415, 0.7410399340474343
0.021146065228303756, 0.4230173514001657, 0.4449566177785258, 0.7575785475138374, 0.3463415179589436, 0.40467431357604344, 0.6746450074874484, 0.8402004017917073, 0.6190662692624098, 0.5141380763377932, 0.5291415851109089, 0.36764627751979284
0.6570469450570817, 0.4053466301708775, 0.5286063663078912, 0.9531024700325661, 0.7052499079978204, 0.5351909012426503, 0.39708974705492817, 0.5457035064627181, 0.583963317659528, 0.5506756124188645, 0.33160624153418805, 0.6782844062279431
0.36079011735848077, 0.7059787949489091, 0.7620424681467752, 0.23471568242861646, 0.47690135737651207, 0.500938174525539, 0.7201247695743365, 0.6755766183489713, 0.7022159432543162, 0.7939936085860069, 0.4868385357536486, 0.4041937446608177
0.6365821583355958, 0.30770011347325993, 0.6186844145480734, 0.532125602338362, 0.560297894280495, 0.5917999093673462, 0.49470721046621907, 0.5971512686364621, 0.46175961898205686, 0.34456880360958575, 0.6030167751478724, 0.6633087247950659
0.3956754881248731, 0.4187344259341732, 0.49596925407738507, 0.40229368092081824, 0.4191776255886862, 0.5307084781533307, 0.3766960377110731, 0.22106804747305997, 0.43885053824294495, 0.5789759625695499, 0.5703147377456165, 0.48940641561640447
0.3522424556505903, 0.21476535784193496, 0.6500293723314118, 0.41882284698870365, 0.5371186536541065, 0.3920057187354144, 0.694788424754435, 0.521388196953833, 0.30302463757698794, 0.4639093691198457, 0.3766412080695478, 0.48197194371798907
0.43236375693497514, 0.36023668545270615, 0.3846282853246937, 0.836745478014794, 0.4639942322208134, 0.4034428151050877, 0.7052122642604036, 0.7800813276521038, 0.4511742603674249, 0.2762743521741583, 0.22483419649618563, 0.6968577740004916
0.09394542637917191, 0.595226155441222, 0.5648737830722717, 0.15295522352218938, 0.45500455876301615, 0.6054852227965114, 0.5959420189051948, 0.7564772921065325, 0.26720738324854565, 0.3741396568722989, 0.959460559152469, 0.5240655113266591
0.610464783531972, 0.5292169902741629, 0.20070184540053115, 0.6877096586355407, 0.4974350586366971, 0.48429083260657574, 0.20747565600454176, 0.5770572325128062, 0.657943055798728, 0.4741168043784625, 0.5051324911409281, 0.4490482923755057
0.3817500233726746, 0.5067358566341855, 0.6027050483348966, 0.4165618133687262, 0.32301742211737844, 0.6593818447506365, 0.5627919427594534, 0.4083714501052211, 0.43336957479864047, 0.6087592181681746, 0.768312552855405, 0.37265580284976685
0.2133779533816466, 0.6930094149915871, 0.8023116444212428, 0.22584014239719757, 0.8169306658686974, 0.5223724049569692, 0.6176503014788403, 0.3418086158758664, 0.4694682695008833, 0.4618893809441695, 0.43331973445833305, 0.5156714651259403
0.5113997312339743, 0.5236043964536199, 0.37851352957248824, 0.4951992038033953, 0.2615205721065696, 0.4602857137049716, 0.45591754633918535, 0.28279654468866444, 0.43302183221958346, 0.35730495316813704, 0.6305424866852503, 0.44637419549845064
0.5382134804480345, 0.49732295940459503, 0.5021818825469954, 0.7438258908429048, 0.572965785417616, 0.44911678930660937, 0.3700998399823962, 0.5401721812607353, 0.6356750588540057, 0.3613454262572601, 0.5339325285245041, 0.46406065901480764
0.3009454704197386, 0.6207013570151059, 0.5331158316727216, 0.2451761829024734, 0.7161349026949113, 0.4324365668578033, 0.6521110067934597, 0.22827154625698864, 0.54010333035168, 0.5434704003052037, 0.2486919180575437, 0.30191123846756673
0.5408585425460096, 0.658705212777911, 0.782382682636146, 0.2231011205670762, 0.23380811825998404, 0.4630206074110016, 0.5672826255526724, 0.42508141396339627, 0.6122228493208746, 0.23789053464943483, 0.5162323690660551, 0.2558059497833361
0.36795751817497563, 0.6762539298881534, 0.42899127451120256, 0.6539797712884567, 0.5577493293382959, 0.7993823472419649, 0.4208704403410315, 0.7126102113055425, 0.16248119677647738, 0.741054112435817, 0.44753908467948395, 0.5369931601301996
0.39189860695374573, 0.5333563839379769, 0.5118881887313093, 0.34273204475552255, 0.4812403009166912, 0.7488109108552192, 0.3185852256983736, 0.646201182333748, 0.0908542694307301, 0.7057372070166297, 0.6871130098973565, 0.40184532359899006
0.6395233614899924, 0.3807609069766703, 0.7127519100848102, 0.7261709731557552, 0.5977256886579261, 0.5989037435717831, 0.589550900355699, 0.35873502186850625, 0.34417995906018783, 0.6186108784573365, 0.5530392180335078, 0.23024389172898352
0.8287624652726673, 0.08597014164236988, 0.3718552660062999, 0.47071920481915336, 0.4022260947098733, 0.26740372735257967, 0.405455113013389, 0.4922223075673229, 0.3346379521878632, 0.2569054295699727, 0.771820378583024, 0.5575792090149039
0.3723218705831014, 0.47829139067092996, 0.510452743792731, 0.3816495618796596, 0.512813895535091, 0.4777031049566107, 0.43779648477288713, 0.41938684704087464, 0.2899551280790062, 0.6286927754030638, 0.5419531556506874, 0.4775428132659059
0.5406006579815337, 0.42248461479901506, 0.31309044360202426, 0.521938433352523, 0.35393673174458123, 0.49998741796564095, 0.46199321413497646, 0.5846340663412992, 0.4631854229447824, 0.5793547075107409, 0.5630669153627326, 0.5563617368510625
0.7220442762611333, 0.8224921310892521, 0.3241660297784957, 0.7599300591932746, 0.6833782251845741, 0.5313705642969491, 0.2341260946951681, 0.2228059260214209, 0.8974670463953859, 0.3723551703486333, 0.5276775373476563, 0.5709461310270375
0.5597894568835108, 0.4706494733956632, 0.4333256970523204, 0.390820776123024, 0.300759046014526, 0.3978443365964104, 0.6159838347155067, 0.37993150845125767, 0.3459480581131223, 0.49259177192154663, 0.5698376538645713, 0.47487470831257345
0.25964005520599454, 0.4413508120289775, 0.5338358570326529, 0.6628846585954333, 0.37975978929323306, 0.32677276175939474, 0.4234337633056779, 0.6123351421291418, 0.6376772835883531, 0.867391256997692, 0.846900032998026, 0.6451036504807897
0.613272414086927, 0.6096930845675422, 0.5568527369806281, 0.437410134249797, 0.6725478932490909, 0.5591255103448004, 0.45952311672576424, 0.7548401138956703, 0.41311576557427787, 0.9529516607378812, 0.31551732620645917, 0.4235374904987773
0.5046426185711708, 0.6163936877403121, 0.6890250987685181, 0.5839698802189109, 0.15282398451914958, 0.5866736677930031, 0.7254879191122625, 0.4431944210018596, 0.4403246839877204, 0.46059491215519605, 0.3962683881339919, 0.3197880936125542
0.5156962756784892, 0.31170041176434193, 0.5588375580965683, 0.5364585712941946, 0.6552216302956858, 0.5541317008405352, 0.24019023224626807, 0.3830409962608979, 0.5219553645283297, 0.3268283193077112, 0.21711386012926637, 0.6488857035712498
0.3903065447205731, 0.5727063793674978, 0.8007402486897022, 0.26538189709819315, 0.5974798625023424, 0.6169801701462534, 0.4114332883475633, 0.788122446711058, 0.5877565646401068, 0.42871055270420716, 0.5698087618605658, 0.3986236221051663
0.5590301487672258, 0.18672117604116473, 0.708314921251908, 0.7635223371602694, 0.5565809994811132, 0.44472148825361596, 0.6212222428297063, 0.5588229422503691, 0.6531579625770088, 0.309836551781122, 0.5069011880206405, 0.33767223082586806
0.2786260840603552, 0.411937358960961, 0.7223600926688893, 0.6267205097951527, 0.37918518506482374, 0.62713663899673, 0.2811924625021468, 0.32421937081479335, 0.9655384016159443, 0.5023259107949906, 0.6067369247780403, 0.7961694668267397
0.6460164506623961, 0.4728280780700732, 0.5934232590313231, 0.05385676734794853, 0.6364360126119046, 0.595492087428694, 0.3462059384139334, 0.1976376009634927, 0.5362049366858316, 0.2722420505756499, 0.4110886151590015, 0.8734693451605455
0.4843336986848038, 0.391846113457581, 0.49601396566752903, 0.6689583170603537, 0.24566127610993949, 0.7053890670220322, 0.46123468861127265, 0.5198899868320991, 0.7756449462371123, 0.7000970394569803, 0.7355165520816891, 0.5039023957078255
0.5551503959993844, 0.49713911444361686, 0.5997921644989244, 0.5807524135665665, 0.5177478865248673, 0.43380450919876773, 0.5679749108341314, 0.3725610164176627, 0.4263825926074079, 0.26603498262284386, 0.2339435189447101, 0.5690202660745992
0.27676679748757443, 0.48090624268246995, 0.5578405889600766, 0.4572142648515833, 0.6883501656950199, 0.47844645116716183, 0.43049963139489794, 0.5859927669127194, 0.7108356602686694, 0.35438716455575286, 0.5412660944811392, 0.7991707279201102
0.7077708833759169, 0.293148267942994, 0.623780478928063, 0.623536214407147, 0.391009360672268, 0.36323295279112017, 0.6389644038980834, 0.6212476389084203, 0.5588043212797527, 0.4185213661531034, 0.7257342756766942, 0.6722923697363271
0.4270495672936283, 0.5615745185363975, 0.2917909431216654, 0.6230034961695222, 0.45372954713545344, 0.1426956878498481, 0.709645786962819, 0.4507113104442712, 0.2322903367208921, 0.1712291233088027, 0.3534131798140311, 0.49203157642074896
0.7252046176978861, 0.35644383044203476, 0.6627059342806055, 0.12160974258996038, 0.26910618948951537, 0.49496242129231105, 0.3475647630471291, 0.6307032757512945, 0.5245649570504312, 0.5100697002525936, 0.5877099979595796, 0.566014518572789
0.1889551538307399, 0.49506110998365793, 0.5539219875072618, 0.7299214688545735, 0.5031627686070176, 0.3544886188841845, 0.6342118751087782, 0.27750221468595315, 0.49338043756872774, 0.5546320491331636, 0.47235365491552944, 0.5987772045857814
0.47807650131337737, 0.6636946878483123, 0.49397368802034325, 0.5973550401902665, 0.39420783020924216, 0.7639696400722493, 0.08216201632876169, 0.3325400388083195, 0.5722380435636093, 0.18628201347167483, 0.5154927878310372, 0.6762574359921356
0.400464988979282, 0.3716759012781715, 0.44449912850685885, 0.591837558557307, 0.6962426544019458, 0.21349253605215446, 0.6371960888044413, 0.4878468870677694, 0.5400688268832241, 0.39755932790311804, 0.22820650839303208, 0.2811946499083928
0.5599238887083645, 0.461814862800212, 0.624177826632316, 0.4191199132460268, 0.4923075281146747, 0.4615588442883802, 0.6802291302071397, 0.5354865053301118, 0.520466877774352, 0.3946105720932075, 0.6630315262005313, 0.33262770046050605
0.5289302681687864, 0.6646528292216412, 0.705898802134583, 0.56802448844301, 0.35175963921810627, 0.48054575983393416, 0.3925641694695641, 0.694059699804689, 0.5214789512413364, 0.4632755355959495, 0.5203806983849862, 0.3319647742721439
0.6635235178860667, 0.05901272327981888, 0.726575272336254, 0.48870992348517817, 0.5028785701250263, 0.38514378886167383, 0.5039855109016226, 0.2643620133287078, 0.5110194044272964, 0.5193660821879826, 0.6883100621656184, 0.5371461678437176
0.30954064614258003, 0.7617101501186068, 0.29267838353368725, 0.6983520127782055, 0.4548837157638186, 0.6187675243643678, 0.3850933702065509, 0.5123597856337667, 0.6787948627181495, 0.48098399304798745, 0.4817420361097364, 0.5639732106381402
0.2752025357136975, 0.13944064444957166, 0.5328913141209767, 0.417696568534506, 0.3857170152855861, 0.3269224410092914, 0.6267110622225694, 0.34895235564524707, 0.5079206571436877, 0.6103721608675257, 0.10156840216983398, 0.46714988338416763
0.7019820193812755, 0.6850902188919265, 0.704084264593738, 0.7945610074552774, 0.3104492518295241, 0.73021584369727, 0.6317536838417448, 0.49094002497144823, 0.556164789136068, 0.37386507426371035, 0.3918387992953778, 0.6182404669000869
0.4849676819719829, 0.7104629885510978, 0.5978388072111913, 0.6222783310589315, 0.7147193193764951, 0.11034553354975646, 0.6595226874557727, 0.5116322859872091, 0.547814771406949, 0.3619043973858424, 0.48035260476629754, 0.4643619347890064
0.5043189467964011, 0.4290865975883612, 0.3760942026249421, 0.6553672528500849, 0.26393823122863624, 0.7657100057091379, 0.5954913446875509, 0.6417348112121648, 0.4626149295504674, 0.4996785213272373, 0.7519712384139692, 0.5737788722997539
0.4442768084386597, 0.48902887544321777, 0.4746527495376649, 0.400309145589849, 0.4657307974748952, 0.6717474509414243, 0.37808058839539405, 0.4378417749229738, 0.3424111954846838, 0.7674183090120802, 0.5205783283321064, 0.2893964182688875
0.370461075968811, 0.26430535893791524, 0.5878865219557776, 0.5056511297470669, 0.55187533315301, 0.610593414039869, 0.3015129848541958, 0.3530526280059698, 0.363530823992078, 0.6194423066145612, 0.14246479898908526, 0.19169946007513222
0.5615276979321256, 0.604649316018692, 0.3018411029335616, 0.48288550505001915, 0.601112061288072, 0.5982232136801555, 0.44624521681919394, 0.549870678419856, 0.7340245936302074, 0.56651506568645, 0.24657521480818106, 0.49081249009018835
0.3715914365994742, 0.17017198028393016, 0.42070270288429673, 0.5671335439941605, 0.35474449309094175, 0.6083405379971584, 0.5443327258033378, 0.23686480489726286, 0.47517495499360307, 0.4869959615901521, 0.411973572733641, 0.9022516582253914
0.6444743754804594, 0.37242956958112144, 0.4512680694349868, 0.04546624234846325, 0.19756865700406312, 0.759793118687063, 0.5220890664443304, 0.6106217484556318, 0.4781520434961725, 0.37037645041805, 0.27064356760387187, 0.6649986960454836
0.6486483222589252, 0.4070580434708772, 0.29195623410481514, 0.5229545489841343, 0.38556217224346906, 0.5226425025940639, 0.4814047422269681, 0.4421812915247405, 0.38991508425853794, 0.35866987978297266, 0.34777442767495553, 0.44382618710822896
0.0307348449061,0.582652262262,1.2007298999
0.015839941137,0.58208682106,1.21344859411
1.05645536327,1.25156296484,1.68925870168
