$x1,$x2,$x3,$x4,$x5,$x6,$x7,$x8,$x9,$x10,$x11,$x12,$x13,$x14,>>f1,>>f2,>>f3,>>f4,>>f5
0.7974859390733176, 0.009331865117102378, 0.7436110347201834, 0.1994819922097797, 0.7615253399104159, 0.99977617118751, 0.769004088194009, 0.23610558004488802, 0.9329859559822303, 0.2112369493622489, 0.08748064112083487, 0.5210339270030565, 0.3149133689906668, 0.04138884968855161
0.5906772498387963, 0.04865904182007241, 0.17277574565000753, 0.7859263398771938, 0.9854288591046779, 0.7614654528681557, 0.3890215014780499, 0.548011426948539, 0.32084873798356606, 0.3241694512146638, 0.017089065038255247, 0.722600886708139, 0.43459999035067076, 0.5786710716983164
0.8693769253477736, 0.42209370122759027, 0.07247761600041513, 0.16777214332111634, 0.5504435258711501, 0.20962775210704288, 0.011506705829105512, 0.7158417279110033, 0.347472212154153, 0.0024077286917708607, 0.07600445885347673, 0.08483264979586713, 0.7887121079894271, 0.0535750787773811
0.8388198719558226, 0.6387853354244423, 0.44358764954369023, 0.5214453937903237, 0.7102403733538398, 0.02978234027577864, 0.7382966379446643, 0.7209980732883816, 0.351023164365063, 0.5337104241442843, 0.03468633887944006, 0.8760069530768931, 0.8681211963176958, 0.9813652132402791
0.5840692431171384, 0.13765870332473495, 0.1460287585281409, 0.14950195974209068, 0.7502536045426688, 0.32319061811669425, 0.7571435410928126, 0.3281751072116167, 0.3264161196133888, 0.5956623828845324, 0.450978194839869, 0.25995019706109634, 0.6162593052253318, 0.22357715330861339
0.8882963627269318, 0.7280276330905437, 0.49967583040762187, 0.993820319037714, 0.2047553707609442, 0.256303187691713, 0.00033706138438349686, 0.6006466125648184, 0.7865383220142896, 0.8924137720569129, 0.6914670420125442, 0.8484284827595651, 0.385582716741773, 0.9737533916346949
0.33767284591196634, 0.18564950695344007, 0.5005683190961443, 0.7592630370514512, 0.6717914786971169, 0.10127051669360154, 0.8606288945188116, 0.40472860659146737, 0.1721767541419411, 0.017072337688111894, 0.39043046600138576, 0.447145031515911, 0.4773508891239089, 0.35773439017533426
0.12850547803576085, 0.34915390750032993, 0.3054832200372767, 0.887315092315456, 0.5899497847264319, 0.5986886817304465, 0.3615379445695679, 0.32397032524840974, 0.9413962706905648, 0.3911120616264342, 0.8145638305575285, 0.46298287158680196, 0.3786578680842779, 0.22804474625320015
0.7457864556094209, 0.16836930484597745, 0.8831371046188097, 0.5914856211971282, 0.3995776417897927, 0.492573486945593, 0.7866390960572082, 0.18814295511859092, 0.7849337819129151, 0.3428817307617602, 0.28028709365379667, 0.8821160406628344, 0.3505543488174885, 0.05002997457260905
0.5114698892089801, 0.8860658969077048, 0.7672754476887341, 0.5504999981420351, 0.8781272384921763, 0.699260207641106, 0.8966431043649311, 0.9492194720624143, 0.7597292330187161, 0.7449877193447941, 0.9674703000507205, 0.7182044959797286, 0.7495985172102855, 0.6516684758701984
0.6530589482486727, 0.8559706789836835, 0.06299364470247015, 0.2402759007869617, 0.011248410310507384, 0.36323897923147286, 0.8898050696383824, 0.3801056928434313, 0.09307332967782123, 0.6825359964557869, 0.8273186235674139, 0.37207902048363894, 0.7881160795035574, 0.8664406570747992
0.7151488586245698, 0.023122893006429224, 0.36120916845444007, 0.6880228483807574, 0.7422102665360224, 0.9675421588828947, 0.7019775214253524, 0.08365865600804256, 0.751285052259871, 0.5316546910161017, 0.3642756831554378, 0.8362502069020362, 0.3197279304578702, 0.9405606699228286
0.6572343716962368, 0.48463688813400907, 0.8610652081200271, 0.010615057062773214, 0.5352496804084734, 0.5116255429501938, 0.06129976372042889, 0.32902378013336064, 0.7684904535132888, 0.9115382940676591, 0.5641947763069343, 0.4599780944473778, 0.6110003844114225, 0.3966226333766947
0.5117871901140265, 0.011141087779458547, 0.5755002614512447, 0.523688905452584, 0.9482391624064216, 0.6506870473168461, 0.42621914197979716, 0.14209088792987212, 0.775981126737049, 0.3132313989879073, 0.697730897297292, 0.6884048818589642, 0.15324054866509007, 0.6148971361336135
0.7720262442351628, 0.036936408940155485, 0.13921211778863152, 0.8753991597980958, 0.5711679943174618, 0.2957516040879409, 0.996480407211003, 0.8205051230699363, 0.4302062798203047, 0.5987606107171536, 0.8162048864426724, 0.5075278381807038, 0.4008768060513306, 0.4653119288747942
0.10982089206739287, 0.31903329640229605, 0.0925489644770966, 0.6022439620347282, 0.9556938712644168, 0.07214731137614527, 0.19613804291126258, 0.34154658793142745, 0.7373568641838292, 0.5283446628868861, 0.22410153675548483, 0.7340393465377341, 0.7777431529781894, 0.9260642418136964
0.927758808301059, 0.8984618431750642, 0.2871377912404596, 0.060997772362541225, 0.17728085459429588, 0.20751724605685684, 0.28869599372782284, 0.9234738323754962, 0.28100347736047004, 0.7611657289167338, 0.2512017102681967, 0.6124072151938862, 0.38275286003737885, 0.5059199985157321
0.09674006401253321, 0.7226823486006553, 0.20290606192778005, 0.7664315793584549, 0.15426265542468476, 0.42767053657260146, 0.07666206155555833, 0.8102039671914177, 0.6465720706826537, 0.8676087221293952, 0.7546918227141086, 0.5439957982382683, 0.37863537874153175, 0.8187633166667481
0.8377603498342918, 0.7455269606050925, 0.008414166830958192, 0.6809489304728861, 0.007698595576773104, 0.9036637680059665, 0.8643466122947268, 0.0808178656502957, 0.143879034585347, 0.27489990758350047, 0.03097473439414189, 0.40800574370881615, 0.5882557167654072, 0.4691563879941645
0.7237698317424173, 0.2684054083687939, 0.106148424587864, 0.13094004887867827, 0.5318728465420668, 0.9812028342846969, 0.06890489927374677, 0.009951271987060584, 0.4741452363766203, 0.49118333458021257, 0.5338050538894034, 0.7241049833937857, 0.20926654163248604, 0.47883377115524073
0.7668015185984423, 0.7761262764936323, 0.7906232400824718, 0.754330477623437, 0.4277663718539305, 0.6363947586988131, 0.9556106582807741, 0.2394826199000868, 0.20390789591328984, 0.7869910445047771, 0.7154831308793403, 0.6356365433226314, 0.8669416307063338, 0.6378624335208046
0.4085026569252804, 0.4355155327596102, 0.11914867731652257, 0.9420213617089185, 0.3877460430928603, 0.6332488073992905, 0.788492347182155, 0.46854434251370203, 0.08971454474203633, 0.2571423081619909, 0.7821962637465119, 0.5753496620437492, 0.054917364400691726, 0.7892380536493426
0.7744641062053146, 0.3490782515841002, 0.9079250208672474, 0.9483471629360342, 0.7243624481811849, 0.13902096876883885, 0.29599384729444134, 0.29182091629074014, 0.5928978568379396, 0.5184876126344833, 0.4928517834550049, 0.4327812929636482, 0.9416996712977537, 0.28298280991233404
0.6216554496014346, 0.3115408622088087, 0.6066750393861589, 0.21612343260678757, 0.25403058811014123, 0.06174304358064975, 0.206775798749118, 0.9713108488937456, 0.9239174244642937, 0.3493121363707784, 0.8313362554102677, 0.7994572192772038, 0.957630579402993, 0.4003258214785965
0.8696295350858937, 0.40989139424624665, 0.46068130512475325, 0.5323849062312117, 0.8055213646244531, 0.07841484237957796, 0.517614716949904, 0.559556911845779, 0.45268691756673174, 0.5139515283724702, 0.4334617999500793, 0.38588570853811655, 0.9678167452808092, 0.44778378112007167
0.09198407888652838, 0.8103761562811156, 0.23419314976974115, 0.598929334220726, 0.966262347455331, 0.13274869165594172, 0.9407266152560226, 0.4063418165487085, 0.05169828047999425, 0.20059596261392376, 0.5397691963915886, 0.8012931818635027, 0.9513116167452486, 0.7001715285378336
0.6304508772721853, 0.7878875701396386, 0.41127504244019797, 0.6324817116837408, 0.7991557632018668, 0.7653981998318864, 0.09162459655646105, 0.0414167556037065, 0.7076053075893678, 0.03831679524951814, 0.35424855323023874, 0.933433027877904, 0.7129783098005531, 0.707119925651181
0.47136992700692437, 0.6336055054382878, 0.5995189622029623, 0.19590485876795316, 0.5370918295357914, 0.32592937619636464, 0.10561655770060574, 0.5524690669186911, 0.43171284297979495, 0.10436392874709355, 0.05423020765164921, 0.24654084005903276, 0.538482012855169, 0.5559337627140557
0.5043768130952638, 0.24961512493517068, 0.10155734665193084, 0.6363615097754942, 0.9094890682303345, 0.035157202055924874, 0.45645751662970335, 0.11751317269083927, 0.23795648987294027, 0.8458441574548384, 0.25114477062765794, 0.3104075565098029, 0.8785707636312974, 0.016662606842314465
0.4261425770711198, 0.6961623126095123, 0.7539094656920575, 0.545045537205695, 0.4355688832564044, 0.3943420517193449, 0.7760304499347765, 0.6102283487978631, 0.33732686592568584, 0.6674729116002701, 0.3609040033677757, 0.047142122592899516, 0.3393667272279338, 0.42602271842371153
0.9195927174224274, 0.630045696646636, 0.17009412463571827, 0.5245011171374921, 0.9374670697980935, 0.9666593095645186, 0.7391273791919585, 0.6848259111059517, 0.36377996526158085, 0.010291850833862859, 0.7867969593523333, 0.9618834410984519, 0.6296170226452167, 0.9701855462325785
0.9501222842697907, 0.6441604223905176, 0.19153679821974345, 0.739082865497706, 0.005028175894873699, 0.6162951917017633, 0.17676288168995613, 0.9372870750213379, 0.45615502599175195, 0.1974178123128959, 0.10538801019123234, 0.6174380598789535, 0.25963819703692104, 0.020836219629128183
0.20865572671790777, 0.09478155087910212, 0.6102664193156346, 0.2578085780967927, 0.1286077606685292, 0.25392874195074533, 0.6265437284927039, 0.6570589108620857, 0.2665721214986093, 0.20460652441623628, 0.1396748198111042, 0.479457545466477, 0.017171705315350616, 0.18500343938250574
0.029711889535887548, 0.051851739866510704, 0.9100340542463271, 0.4145106033910617, 0.8232536779478511, 0.5716474662023879, 0.5416846248121273, 0.29045089848737216, 0.9737205100228031, 0.7982578613330518, 0.6840531423761069, 0.7865614502571986, 0.427880253254181, 0.11492460096709778
0.8108168025374871, 0.8006406020595994, 0.644237981326019, 0.6999426073977834, 0.5647803270129429, 0.05462872171955324, 0.9293947870169771, 0.4835373375615405, 0.49110326437614804, 0.10670279005158978, 0.09439622817191429, 0.8013167011975605, 0.855216692466564, 0.9508960587275244
0.58903594656552, 0.710046290599961, 0.8673880047239588, 0.9595449312726043, 0.7331391384285431, 0.8293437669570907, 0.679106306640531, 0.18487844392868713, 0.9265479340931781, 0.880403852776368, 0.35777189548052246, 0.7515855356431159, 0.8186052827313051, 0.45305269902184797
0.4217303403441496, 0.425863864080116, 0.24188605980415412, 0.8294945506948253, 0.27551026120535327, 0.874648647405106, 0.9170605253207346, 0.7736809495484612, 0.3286486840615177, 0.8628674168518474, 0.5850460576533473, 0.7290612061081878, 0.13145087258694876, 0.24021673538039834
0.3982269632231624, 0.780892307788227, 0.8657122334283728, 0.23414084852194683, 0.8316807389605936, 0.6271767687679602, 0.7740047657861883, 0.48353637637144153, 0.10605378068084237, 0.6853938555760839, 0.046413883888456575, 0.7773192372204091, 0.2198342812500651, 0.5042450491750399
0.5591230904816428, 0.4348701375046162, 0.7912431325615893, 0.4584339260336904, 0.19623388521084584, 0.7269959150204335, 0.8954861884995703, 0.8293244997363922, 0.580333236795671, 0.0946931865291859, 0.854998135082164, 0.6392040488878992, 0.5694352664850647, 0.4516563122860281
0.36449857262348295, 0.7323454436555731, 0.14276394734086195, 0.1828318691530889, 0.48654669651682003, 0.5595937947029508, 0.17042249253272546, 0.26465785123601315, 0.1612911386434449, 0.49707068203233085, 0.549134154354145, 0.0684304986531813, 0.15590370569783685, 0.02765965992906516
0.4147690500468235, 0.0016689071090066898, 0.6187566820009087, 0.5897976193862698, 0.32381021611814376, 0.9630836946187287, 0.19210004536532232, 0.5922474944084227, 0.15790869848797373, 0.1416750249805918, 0.18751317189362204, 0.44016654486981166, 0.5374565531926155, 0.5508377294462048
0.018120560624097615, 0.8757803883515001, 0.1279460286445706, 0.09927959295868771, 0.1087307885801122, 0.8042584965671504, 0.33895724310494824, 0.30807714235336336, 0.9163311898310396, 0.9959993318017833, 0.31328616456452896, 0.0995551957391494, 0.10589570519955738, 0.7916316905295873
0.1851951947788152, 0.239988847851629, 0.03705935364350599, 0.6964028240885191, 0.136904251720102, 0.34717446724214995, 0.4514417468997858, 0.6031902476100243, 0.9911651426419608, 0.5434129293516714, 0.6200678442950994, 0.7173709436186348, 0.5916597143362777, 0.08562848004585288
0.4604485273778034, 0.20636624064336817, 0.5248382556998682, 0.44263697570389493, 0.20543721730245812, 0.5831825763133901, 0.2847414890167447, 0.1283718634600698, 0.5856430056549347, 0.29581637949462214, 0.33773033327409696, 0.18681832212125093, 0.15261808574914393, 0.7927231710251256
0.8998095601151739, 0.780852391722251, 0.5824148447874181, 0.3494567176834902, 0.48933803259260755, 0.6242426781544782, 0.6437170593661814, 0.7855542311091281, 0.30677731109975137, 0.10351056227332944, 0.11342804384200122, 0.8337456238534205, 0.8258811401227234, 0.6495083088763666
0.519881897483371, 0.5653967928756626, 0.50772962711539, 0.7473695983251074, 0.5111337058880806, 0.516157404313813, 0.41612983903241296, 0.6487651904502418, 0.9883135223210937, 0.3531538594919106, 0.6834448385244855, 0.5297927016318528, 0.5805906983723094, 0.32425028875946604
0.5329723708739764, 0.09706820439815245, 0.33736342224016935, 0.6744500179713288, 0.2427955014431542, 0.7992221266441619, 0.37616310888762994, 0.4153661910762695, 0.41304082005918197, 0.38923503571031004, 0.47232666386374367, 0.3979005961434433, 0.44222241568711984, 0.7703218224666357
0.2681970531308765, 0.2358142064291524, 0.3278707799441106, 0.6283946681015301, 0.708675809234862, 0.4344076808648446, 0.3054923596674707, 0.3302452093053001, 0.9148273397600888, 0.9625295504398086, 0.20820159466861288, 0.3237156718922535, 0.4831815963680407, 0.8953362041657539
0.7810169242983479, 0.33181158072104755, 0.2738996591636558, 0.8060626109265017, 0.7687815291683541, 0.40096298845599654, 0.8524847750634897, 0.1611229126150714, 0.5450582346379907, 0.565791072706045, 0.5707808483057716, 0.8115349723359566, 0.987725444032545, 0.39672785076233075
0.1566958202796519, 0.15662954142848173, 0.5998553725263482, 0.8164945844219256, 0.9093670434205566, 0.9653925921436767, 0.6366444850053228, 0.46616348333668667, 0.584544044813954, 0.6687415600516816, 0.0022451027408357804, 0.6599201473762871, 0.30298323189988696, 0.0010675832772888416
0.24804097886813714, 0.16416504430998113, 0.8031583148371673, 0.05970694828057088, 0.04149287725939099, 0.7456763557704267, 0.7212657020703677, 0.34479511629007076, 0.4870086671238738, 0.49382763073077374, 0.16576852918110474, 0.09619290056099761, 0.24688992366273055, 0.6511381912503827
0.08465923629860561, 0.4983363651009014, 0.8451204633503147, 0.38903733018335973, 0.3836856472072686, 0.5928883151410799, 0.6779962282045545, 0.4808504878909019, 0.3641547253637054, 0.7205348025661306, 0.4675624737118538, 0.28693347299454053, 0.0418777310907229, 0.5118177644107512
0.5599726764087364, 0.7672776858752269, 0.8169181379057606, 0.8734658568984501, 0.3922679927071935, 0.26730417716596877, 0.6524251525062241, 0.903157708483461, 0.006500795067040488, 0.8581757072018557, 0.154333338266321, 0.8266112920064361, 0.25489160186050885, 0.3119886085414838
0.6275038809481794, 0.33065530444099356, 0.5026348793357021, 0.29510224787283246, 0.18234980512796306, 0.5535527984014968, 0.4695796713411996, 0.22645729849187513, 0.5996619830161223, 0.4265416644405967, 0.042582944109599175, 0.56052550448494, 0.7743777427806395, 0.13535332677663825
0.4503000977647431, 0.7959190915447827, 0.07482464144169598, 0.015771471508965185, 0.5276387995417163, 0.1844922325424494, 0.5976165645127989, 0.400509906762319, 0.5265927652672432, 0.36297934708636315, 0.010063596699192434, 0.7107577360361748, 0.42284950838856217, 0.8108735807438348
0.16178028110197573, 0.5520169552623952, 0.24461111640711652, 0.45149264129955347, 0.5903831285113966, 0.40059793544336775, 0.3295838766108836, 0.8036388763496364, 0.12260711433395155, 0.7611158089739912, 0.32560508994667414, 0.2780406662225, 0.8952079464985324, 0.4763009755430473
0.0924501362549679, 0.4924477913115688, 0.9577706489831326, 0.8613727275939195, 0.1835230063107668, 0.6578742341642424, 0.39072611370192367, 0.8338532761266236, 0.6355703852667155, 0.40110815339032, 0.5485404866196736, 0.047370890709115265, 0.5304038345512977, 0.7154829919200947
0.8262718166249361, 0.31314643874361936, 0.7564288666550022, 0.6660117513195818, 0.7150190098154696, 0.37894056138669485, 0.137279417663542, 0.8361188014664404, 0.3526542409423846, 0.35196484856411525, 0.5753451479937807, 0.5488407238560361, 0.2985220125533582, 0.6450354673596735
0.31674175169336194, 0.9970355060726301, 0.4752885221788823, 0.756490483251257, 0.6348923365692185, 0.9509920158329825, 0.6490105662491601, 0.033559505943775436, 0.2552468582851025, 0.8523576367603469, 0.07380857363695936, 0.8912374151119817, 0.2106778282240238, 0.04502071640019656
0.7224231354376304, 0.1096892400009889, 0.37604891285470177, 0.7171093625588691, 0.6627545616945478, 0.8234619601476446, 0.18015742113681388, 0.46434794057785667, 0.7623287706870235, 0.2577908852573165, 0.8162451241407132, 0.5048091864111112, 0.6156447587168412, 0.20657943983337812
0.9528330436429554, 0.1669066167274489, 0.5978098452879532, 0.3195022609977969, 0.290265055779951, 0.2142957421098335, 0.27431114560810244, 0.6891340950605447, 0.1910334346484991, 0.4941135610657401, 0.8471438474001324, 0.07723076308871368, 0.30439872999544015, 0.03676544216761346
0.22941014623984857, 0.822763064554955, 0.28401058322204986, 0.8623048155472254, 0.057340284899633054, 0.21214899346663718, 0.7032798564713968, 0.49974661449115143, 0.4728652470712683, 0.5485872506661588, 0.41514958627428356, 0.41878568618455825, 0.5132111356940393, 0.06697863225895262
0.9730925319993845, 0.635508165661359, 0.013255391488394386, 0.028397225772749835, 0.04472269449620747, 0.8175133161349022, 0.02039623207576824, 0.5939633343519508, 0.5252677223428138, 0.298113930576522, 0.2868435465700756, 0.8405423147723894, 0.14890693082030693, 0.12309682913958275
0.6676314940961298, 0.040369627428979205, 0.22319123958334408, 0.656998395478097, 0.7162131194992726, 0.6398748340887009, 0.784173364254552, 0.5633419212931347, 0.5055083476778656, 0.4985126269360032, 0.7602202551986201, 0.35342423256535105, 0.7272808925106918, 0.06253870952766571
0.7257839063993605, 0.4126613307421726, 0.31253812324673835, 0.8501497632227146, 0.13638289483727872, 0.044411388095438986, 0.09427012920345479, 0.984196976959281, 0.36173386821836895, 0.2661634199057551, 0.6210522898277363, 0.7264514098541638, 0.2794141370421863, 0.12794092379867916
0.44453818508135123, 0.31978206452655245, 0.5555956203708939, 0.2653929921569017, 0.10956292042075988, 0.00021748003418464723, 0.9171827824063415, 0.14475250961242403, 0.33250261997977826, 0.5518957325650272, 0.19925555427758057, 0.8594888897936863, 0.7624553954892774, 0.8442793840815564
0.47858949483619084, 0.003500603500322219, 0.7966465871035278, 0.5777227089365244, 0.4253723529273531, 0.1571994234728783, 0.08429516502165735, 0.032613065493044546, 0.03423766389621219, 0.4807368841741396, 0.06149787351584646, 0.6053600164363608, 0.3355040440092877, 0.9776608686144613
0.41379800782078024, 0.06556240283713133, 0.1561887987488042, 0.42101829116316947, 0.4800545173827314, 0.6879734157340022, 0.07409784911550288, 0.06157804859171889, 0.47847971843946946, 0.08367689680213275, 0.8206838702358035, 0.8029908545489305, 0.9938995508668936, 0.9474543342218927
0.057667812061924506, 0.13265352968299327, 0.8598569519706623, 0.32086826704451765, 0.34329898214269894, 0.5897264350649796, 0.679287272041242, 0.44600517628212843, 0.2181584603130967, 0.2919982572771902, 0.7324960779273584, 0.3799695557908539, 0.9582453599083344, 0.6427097056083775
0.88115698224962, 0.46129013819429776, 0.7026531134322885, 0.848782906046329, 0.5219113781521305, 0.022254432387481593, 0.7056160457186434, 0.4346792674055904, 0.005580719891308705, 0.06770859682021613, 0.3671346755657593, 0.6004231365467807, 0.9997195968826209, 0.18494386269386098
0.16471301251550252, 0.27468322919942145, 0.9155797417443782, 0.11223236654631308, 0.6826243639507636, 0.5872275663187096, 0.3153929098883559, 0.9306418240164248, 0.024501859695048922, 0.45403311242507194, 0.17350818597288653, 0.6416833564799859, 0.44921832023631036, 0.344362646064275
0.061745220926340494, 0.8333263020868854, 0.36748189541233256, 0.624687743063061, 0.8217378995881076, 0.2517643671175058, 0.9910588777759115, 0.0972563691393632, 0.18090806178210295, 0.8274341798161853, 0.5116341214995364, 0.1464741124388712, 0.09362969277129252, 0.8077622475906943
0.26976400965203984, 0.4831093197288787, 0.04053410119745482, 0.14559182512839075, 0.7189517571432521, 0.2814434588991205, 0.9558810774395328, 0.33407816661818956, 0.5049327997703842, 0.05746104439297872, 0.33012231525453795, 0.16790923331119345, 0.5259161472495516, 0.7511999889457385
0.3421006831714799, 0.35502664251779603, 0.45368315941916515, 0.5660829252871205, 0.7825476657311863, 0.4196683956813936, 0.3375069919216023, 0.9200976593302636, 0.38799818343890813, 0.06615050729571126, 0.6479636124771219, 0.011800164117694578, 0.6325965113023675, 0.6215744008405869
0.8783336104366277, 0.44913686636160144, 0.3992137820831626, 0.12362125763465237, 0.6165251417931357, 0.312083406440133, 0.04319189485253583, 0.2714292908201702, 0.578136510238037, 0.46134948585068736, 0.26774874085990663, 0.9344180647086721, 0.01658255304495826, 0.6763712308651683
0.5730444440418542, 0.9233198015490017, 0.355520759172797, 0.25023643306192567, 0.3324651633930673, 0.9432133101109708, 0.6528499636341287, 0.2825606416324159, 0.7924808263224045, 0.46662753370989984, 0.2825570909846996, 0.7995695260076656, 0.23889860725566414, 0.8262099241144495
0.3681351987685336, 0.41127595105083536, 0.27184688412880054, 0.09664706719766092, 0.7956589539272881, 0.4975665683808762, 0.011403297286537994, 0.5215824976864062, 0.24673698848920267, 0.0639386454898403, 0.3351447544789218, 0.896873024601412, 0.27067773720079036, 0.3217561467697442
0.3138566556704343, 0.5422078514196276, 0.376681379005239, 0.2557751892730893, 0.20741694028362168, 0.6407397838920147, 0.4644340066562871, 0.0759446915132902, 0.164352244452441, 0.09539394905034249, 0.038481011174756, 0.24427897516371322, 0.3751425154160567, 0.5131640310568008
0.8529566193855219, 0.5420209518755795, 0.2573571763136763, 0.8629996287655829, 0.05963950088909398, 0.152218682250419, 0.9935157896174753, 0.9410496919054073, 0.5956568829676092, 0.9668159230410255, 0.7627022443696739, 0.5775674216307658, 0.5971045263178931, 0.1461597813710377
0.028781787923646718, 0.21394198681254406, 0.5902221002361994, 0.19372695652908156, 0.4730209041209672, 0.4371576656362497, 0.4491389390855318, 0.15568271457006466, 0.19022092697734638, 0.3765977200345405, 0.2943528922082168, 0.5648560215942445, 0.12255087297939793, 0.3597838428747473
0.643802409030052, 0.7690852155751321, 0.40564520754441447, 0.9780849455829267, 0.9108792961370455, 0.9216920047734188, 0.4832127226133007, 0.8323579362956688, 0.9975837307161979, 0.7134544020611694, 0.9324398469392212, 0.004511362319076118, 0.5502757307432649, 0.7192807292361596
0.37439336634019704, 0.6412702874673242, 0.10435519687700168, 0.7116666987428646, 0.8490739224172348, 0.492295539854942, 0.1392172384507736, 0.4454017944418879, 0.4076570528934479, 0.6931227626883638, 0.8303730599122799, 0.9882927500208545, 0.1289193132259281, 0.5565147460918474
0.6973862801230518, 0.9726694267120517, 0.9740117714681478, 0.6419491957101455, 0.7524581145938283, 0.4003903570615698, 0.3283317399801663, 0.41555103134517424, 0.6941519714559379, 0.6525896731305152, 0.048571025808073376, 0.06788819715681937, 0.9215910938101094, 0.6027461196368248
0.025940497105397697, 0.7380427555421385, 0.9160663473539329, 0.43266237081688674, 0.3290682807458518, 0.8187902741422952, 0.6299148452750156, 0.5597347173663351, 0.4445091409811065, 0.34707440836706616, 0.9741204261391799, 0.5809683689858007, 0.7048277325154555, 0.3598306628685868
0.626159019948408, 0.8856961469825572, 0.6551261156302469, 0.5808288588976621, 0.43218195722975816, 0.4352797056405868, 0.49008288311976167, 0.36052537623229186, 0.40513076207022425, 0.21888018130726805, 0.24356552457006575, 0.17060416117450028, 0.623870320836531, 0.20330754876370927
0.1406913969245046, 0.3879983058138472, 0.24226391008382686, 0.20416661804275726, 0.37696431803453856, 0.37428001000588385, 0.015564417647435103, 0.6152728421610916, 0.6727116543702719, 0.27281009026108005, 0.796513020662404, 0.8465367096432194, 0.4670743251514319, 0.5787829523922002
0.10284735055604444, 0.31712130798646265, 0.4966970563541392, 0.9399402084938167, 0.8713190060426885, 0.9713211390599346, 0.9211730243522077, 0.47014915091671217, 0.8446003259602601, 0.47666539540468655, 0.1657288760181298, 0.5306727017277673, 0.5451312353697053, 0.6545260224551421
0.527858094331322, 0.35981870462276644, 0.07900441391264323, 0.7166675236845926, 0.30502321441073443, 0.25202604613522805, 0.5075830471078403, 0.5656257899039812, 0.2085600972392192, 0.09195446151956599, 0.14748614758210243, 0.49147896743313113, 0.680716752207681, 0.8415951107570164
0.6485107940575567, 0.7305650756197829, 0.28008426988422974, 0.9537503181812328, 0.4049052873469312, 0.6300658952545258, 0.21045520696348885, 0.2844467141886302, 0.014640982324708673, 0.5168660669712883, 0.6949218882515956, 0.39638509615182116, 0.5728250950945262, 0.24975308591751755
0.454117914134612, 0.49111076414442034, 0.48189488969159344, 0.27376737010825825, 0.19132781932053367, 0.21054026579530594, 0.3478568199003296, 0.9692038486205997, 0.03179589816062345, 0.25658709976385463, 0.5724858648984461, 0.21856903722924237, 0.8317436442014354, 0.40032351255899445
0.41318515294889624, 0.5225156729886968, 0.994918765856572, 0.06304187589769461, 0.5362781729680901, 0.5832597034867492, 0.5715601837235796, 0.28259001420073093, 0.0775852363516053, 0.7247916112825991, 0.2632638939291836, 0.1311234196565927, 0.9106514540771576, 0.9292725517471998
0.5323954627781292, 0.22361861804962302, 0.8872190206525581, 0.545204423431896, 0.06335719986658861, 0.09147595191224234, 0.5428953615793257, 0.17530578858768753, 0.7220640393297724, 0.41445672181608606, 0.20877267452973225, 0.14666086027625636, 0.6126191285990561, 0.12798466433227917
0.9010950414883155, 0.6934528317588133, 0.9830349395120731, 0.17146923159811456, 0.047442174594466535, 0.08355671792974306, 0.7940802126541132, 0.6935225532717745, 0.27831885918577437, 0.5637127619823536, 0.5749200893255343, 0.5815031206182117, 0.2619508987679323, 0.11319419601430669
0.059529936149035345, 0.30108302356831573, 0.9082227314737427, 0.21130447984739553, 0.04413148625747465, 0.5629537126567581, 0.752985090531411, 0.10777040005276439, 0.3722191973225617, 0.28297717544813694, 0.04845306330635912, 0.40037136013821917, 0.5390535444527776, 0.04737712517917192
0.39672272211833737, 0.8045100740459028, 0.29477543991253485, 0.27067853492040694, 0.01367855092120418, 0.640808564192117, 0.561678742944008, 0.9223380207313913, 0.3118814162672172, 0.9231601311272312, 0.297182409002687, 0.8001655209337454, 0.9752253021100991, 0.07691056803626817
0.9254023682302972, 0.06286398890166855, 0.7636695064434789, 0.9049245789486087, 0.8131714132207611, 0.8699498521443723, 0.38582938382524523, 0.38626291677985847, 0.14964502763190757, 0.3261060706040124, 0.6310702046786189, 0.41439909595375746, 0.854296034358469, 0.5717506892906572
0.106404629423964, 0.6446960420107385, 0.5925294730195492, 0.005040013384076669, 0.5821199939191045, 0.779734328026335, 0.7753605139437774, 0.9382879387404691, 0.17801096005444106, 0.8967062090816007, 0.7596846316010365, 0.7648752451743709, 0.14022930012334356, 0.5978120672512616
0.50674224123758, 0.1982979410715432, 0.22873929534561066, 0.7365198441099459, 0.9778348519656557, 0.4691529650213341, 0.4695276589488093, 0.6174275186248132, 0.70556264478805, 0.37380229130143316, 0.035403713824799565, 0.20788872064191322, 0.8235485393882811, 0.20953739601491117
0.34510749759358617, 0.01727729998511529, 0.3192639841116057, 0.7559449034362166, 0.05291823885184732, 0.18437679432444443, 0.5984725441898702, 0.6778512890718756, 0.6633001387907995, 0.3833600156548881, 0.25574374212096107, 0.058113250260311444, 0.2352345016527807, 0.7956132943549629
0.02245973927996625, 0.7852989231276812, 0.8265627986795051, 0.11017178823687845, 0.7680326901249109, 0.04245761883477617, 0.988495826842676, 0.4965072661899367, 0.3972738727373928, 0.8220809874448587, 0.5600250187789472, 0.473423413529628, 0.09398593249985931, 0.1196016364214888
0.67160900253488, 0.5129246887920773, 0.7511541993477648, 0.9560665999294111, 0.3812251469974345, 0.12341246486836299, 0.9896515989742266, 0.8157606385226451, 0.13354371202405602, 0.34577213188975375, 0.7266946731163624, 0.24402079457404668, 0.022503265021803, 0.6551479327615469
0.42247685487976994, 0.7427070344812023, 0.24873971886913704, 0.4769142344384689, 0.6725224409971284, 0.9064188239972876, 0.4887768988750747, 0.9178639774415681, 0.8913075539181237, 0.024202196451987623, 0.8351814258896931, 0.7747700795102799, 0.755929040815061, 0.12896134570586637
0.1515768135276736, 0.30960154038193666, 0.839993652206655, 0.9077053374064561, 0.6992927876554915, 0.14144753763690265, 0.5132471785523437, 0.570124367499087, 0.5919336127957542, 0.9393022132728143, 0.7779585522432797, 0.5857154237387465, 0.003429152890065179, 0.4198463989377972
0.6330823457270227, 0.02391043564729567, 0.37040254981519616, 0.16095430387877618, 0.5292120132108262, 0.935969595047155, 0.17943409206966254, 0.4879682113240801, 0.12246679708792074, 0.22499377230911166, 0.016405431033541085, 0.5600985362596295, 0.22104810139480213, 0.2777228408050685
0.07945977913510072, 0.27928113964430634, 0.7379836114106779, 0.3819645902528028, 0.6675491336207431, 0.38844259014706606, 0.5897936022626562, 0.7238214697928916, 0.3328719217062469, 0.2505438201269925, 0.20570923761042936, 0.09977639612499212, 0.2149796307570413, 0.9329092723458138
0.027502402083242505, 0.7408147607601067, 0.5816826443804985, 0.05268862938505581, 0.38884198025688466, 0.816959849460195, 0.06688430875254425, 0.9266098203143232, 0.32828326766535765, 0.22661664815373928, 0.6141533823427294, 0.1562566478780718, 0.4069819755207794, 0.8149101064886053
0.227942116420895, 0.9967974323671904, 0.5882320610228273, 0.9276960351819569, 0.1525925621940033, 0.6875879407347684, 0.5894021700190529, 0.4726002028641336, 0.6876790739901542, 0.8121398211357845, 0.012921626724076485, 0.7587387446249807, 0.14285872179673098, 0.777906406683836
0.8649335583986686, 0.9186403323315077, 0.09570668087691325, 0.3884363841331515, 0.9916705182939084, 0.5116419574406189, 0.22882014060102351, 0.6535482703777817, 0.119480410433775, 0.5993494456362131, 0.8631383932391321, 0.90691465722355, 0.649385003499133, 0.5297613370700686
0.8272008361868821, 0.7110015785696011, 0.98051634457558, 0.5491799899919582, 0.05121552820816888, 0.7938977785139713, 0.41917574561451687, 0.2545525705947175, 0.727184564197274, 0.6497734369306476, 0.34230081916552246, 0.37512614632309926, 0.6815186950187074, 0.8119035454531176
0.5471687028206469, 0.9095793196670072, 0.5505544289225034, 0.18390335632836385, 0.5378162522708594, 0.806360332588597, 0.8699509476171912, 0.10915572122826289, 0.3246920590617298, 0.08226235095060486, 0.9207277895520085, 0.4962894637749625, 0.01918715309219221, 0.2682225704666922
0.5565566718256747, 0.9982916152641914, 0.5405822132254222, 0.20990100804743406, 0.8515260402694249, 0.9910902428099972, 0.3532879479125012, 0.2548529547312053, 0.277419308384417, 0.922404191584362, 0.3819175336795885, 0.26642834041054175, 0.9618758853605452, 0.0651728063579965
0.38152082101590334, 0.6191928427314431, 0.6275086623788695, 0.6866375740573358, 0.32601515800272074, 0.7166657390706576, 0.5425585801871211, 0.04608688662019467, 0.7697556339773421, 0.9472332292954184, 0.8319242498892222, 0.1159495803726951, 0.29423850818707575, 0.45434140727470673
0.5984129329709517, 0.9370845301628675, 0.9402270440501288, 0.9140616228265893, 0.5660857885108244, 0.559900047735121, 0.6089767836239701, 0.7584958827724755, 0.05113598868259328, 0.4418234738841279, 0.5329343273047137, 0.20189533534257298, 0.882427518827208, 0.7288376123937184
0.5978776001843445, 0.03922433359142208, 0.8463585518617318, 0.3150612323078349, 0.11203077510732584, 0.0030213963554093226, 0.13722322544754317, 0.579449573723633, 0.977547376143993, 0.9189764653838148, 0.18310902218375502, 0.5207738570120873, 0.20128733379319486, 0.03578464341553367
0.7585083825985837, 0.7762828904848116, 0.025527862394821743, 0.5915026080878039, 0.34422461526573467, 0.3640473805803526, 0.42872136064696664, 0.6107071428851201, 0.2492894843671456, 0.32369633843068313, 0.49240114220421405, 0.1548445295608224, 0.01292219878527745, 0.6086141395125397
0.6722993964516903, 0.4375675745080517, 0.4526418534453587, 0.2834962520748987, 0.2229649287006794, 0.25391406408411343, 0.8066224695269881, 0.7486943310078168, 0.12058886387942891, 0.25679267110276505, 0.9034654737762338, 0.4103926088055858, 0.038095832213087766, 0.9975933229854237
0.6169929635744049, 0.16589000533820042, 0.055134139867372034, 0.011709250671555704, 0.28810064216648146, 0.38042636506098093, 0.7928427539970049, 0.45554257613434346, 0.03432740412444579, 0.9571054438797517, 0.37747171201852436, 0.27139927061302904, 0.6535844448406101, 0.146166216137405
0.07577484935391743, 0.3534793374914593, 0.6289021371529231, 0.36329657671198046, 0.4517437096314315, 0.3978335693624627, 0.4274922877090097, 0.16280200118922383, 0.1556380775136491, 0.36911181959477146, 0.983677351021031, 0.9645979940135995, 0.44581672485564916, 0.13733211616069607
0.25447236395181017, 0.39684467887859687, 0.5894875959485198, 0.5991468588919523, 0.000774617835278657, 0.4598406999468535, 0.5874709125865512, 0.48893317778496503, 0.993549341521603, 0.8245431079307849, 0.2631600985205256, 0.7436299686558003, 0.6079587086493585, 0.8981092363703062
0.114460119863673, 0.28945723666332357, 0.8698279865359777, 0.5882525038570441, 0.2336882571660367, 0.5349682455440777, 0.7621129653017139, 0.028695547607483385, 0.5287938173042079, 0.9765937810827637, 0.1458160137045068, 0.7731633881620235, 0.3954986933264206, 0.26283225379293984
0.9204427155826147, 0.6135278572126898, 0.43695279269692466, 0.5925937459673616, 0.5434589567358178, 0.7323742042519215, 0.7825592406814689, 0.7265985505978968, 0.5171067850127732, 0.15975088806043292, 0.4538995690664591, 0.028805187021918477, 0.7787740451487727, 0.779044853487694
0.13992649725971995, 0.22142361075576011, 0.23338398459250687, 0.38685040976214313, 0.35985494537589735, 0.8180653904454476, 0.046374972051002494, 0.9788348076113772, 0.7770630045055519, 0.5920244780961872, 0.1848969058199319, 0.5101735018176812, 0.05889820076535546, 0.5243641403888082
0.7088142395542589, 0.1737106189247164, 0.6489234602008905, 0.1601426338818277, 0.413043846570856, 0.2525603595076812, 0.02652941870640313, 0.5135596662834644, 0.3825650660330958, 0.41333627862217404, 0.7741060302726012, 0.6053747081075938, 0.16354700168186065, 0.8944619828924701
0.29236116732451833, 0.7359263209540189, 0.31780173046969407, 0.8421453913102567, 0.5385793659567805, 0.2828342261647868, 0.23954368899063772, 0.4164951229313909, 0.8209893308142237, 0.536910676337951, 0.3111625738860776, 0.41963946156407816, 0.8715328745065218, 0.08197664153435646
0.6274527144572003, 0.13086248462773997, 0.2145951685987747, 0.576786930907015, 0.9178691204175892, 0.664136261635161, 0.4119545146587461, 0.4568959729128912, 0.4154080439189318, 0.3563051514719735, 0.582776838330635, 0.4479014947641099, 0.5908821123472738, 0.4702249657799421
0.06415561202721887, 0.08912829509392994, 0.03774844730200022, 0.16767974725256196, 0.5985263540034201, 0.9901466800215737, 0.7935909780520671, 0.9689615096469183, 0.07042388334048433, 0.8748741523256774, 0.611998873087345, 0.33972411610187625, 0.521393612360637, 0.9088698640976621
0.6324425878284267, 0.584347218804051, 0.22328761454564916, 0.15388112931998965, 0.962808779922681, 0.8640664876019568, 0.07998097474350696, 0.02569318157735767, 0.9873767977369095, 0.7605752965631877, 0.23610124793649123, 0.5089308490591469, 0.20527974022227324, 0.8650252483097214
0.8675841335312732, 0.14369951071912979, 0.4800452417426605, 0.19545152445666802, 0.6282487252770647, 0.38519045757729387, 0.5067713474263341, 0.5686587348978884, 0.8906728533256515, 0.4989804207232732, 0.7677431211280852, 0.29376053939186375, 0.6444734726431938, 0.6200895102970175
0.24267908721920928, 0.7847605844410979, 0.6790457126200206, 0.9342912143209625, 0.2932114235633201, 0.6091386030695521, 0.9149602689760582, 0.7930384090760254, 0.9816763760804619, 0.6383153913942032, 0.8180851946781379, 0.894967277639258, 0.22242459855729502, 0.7026884255993766
0.21969930493838496, 0.13506334277131304, 0.6025451962586311, 0.7938735231031167, 0.7273491261769085, 0.6861958907802562, 0.19076772939483633, 0.11171360912481965, 0.4947694066142986, 0.5382368940130826, 0.9400500559122245, 0.37238746185335425, 0.900702967359478, 0.896477375385909
0.011698191200578023, 0.19853540827902716, 0.6312475189131544, 0.3025359434255074, 0.6512644563265519, 0.2611878472228323, 0.16450974332766966, 0.5107491609731333, 0.44499668839476814, 0.7352473373892525, 0.7562771774758114, 0.9420849663470697, 0.2510366828224643, 0.6950195461486024
0.2277690436454206, 0.8884090034851253, 0.3995916714152268, 0.9277511704183562, 0.25559900045107964, 0.5279327624276277, 0.343672523336665, 0.25647759252364966, 0.8965860550802719, 0.32284300314306347, 0.8010345817697981, 0.6736006298207475, 0.6179160709766511, 0.9096136078239635
0.8982067588103907, 0.0040536070837596805, 0.16906196684450392, 0.006593175899465398, 0.8457801499172524, 0.15783081986335545, 0.2418639216608155, 0.20560122557583926, 0.011586785650373188, 0.3974794168631812, 0.6103421026849312, 0.9009615696213221, 0.13649095661303035, 0.7577637699155819
0.9318548910155112, 0.6046480414154135, 0.6103072681757319, 0.960702695094493, 0.7228073961610055, 0.288737884380585, 0.6609500128925799, 0.17695827560101762, 0.32330597859668864, 0.7797626586062913, 0.6587325748046579, 0.230335269149336, 0.035167365911769055, 0.5955320360103703
0.6316661016699219, 0.07773474332443009, 0.634963611713919, 0.9483247019850479, 0.6600371239590384, 0.029469015419954836, 0.6008815172302681, 0.3771042866670017, 0.9638384588176517, 0.7217228137658428, 0.1405617392121301, 0.8247916581472764, 0.23942997568914737, 0.11482402296624117
0.9340084918431687, 0.9056061491170165, 0.47674844863424926, 0.7807381282451551, 0.824012557237231, 0.7710167382093216, 0.31664245267702296, 0.5545162556258784, 0.011192633515935801, 0.5739135713265441, 0.8329982295399794, 0.7900790376935636, 0.5126299238550004, 0.5977416323175834
0.1400912825128553, 0.5675776218265286, 0.10805162674770707, 0.47597215296252604, 0.827401290443913, 0.9914955752626491, 0.7840059056420859, 0.6039043174824513, 0.7272633690139778, 0.28875579027792986, 0.23090287706860158, 0.684353174351634, 0.5833701078503484, 0.22526017019143552
0.9528658576075693, 0.23208484203295343, 0.8475135099259212, 0.20243175911037636, 0.013456939821907543, 0.7962260869387049, 0.7682504261696613, 0.3395948089742109, 0.5777212077221735, 0.08723391636309608, 0.36779915118741446, 0.8099747640318998, 0.25311486220986346, 0.6894556480384952
0.522737135590933, 0.2279095475655697, 0.41513158818992923, 0.5906115097207345, 0.9992533363202921, 0.2394277197391893, 0.08370796182548046, 0.9470819487536253, 0.9124333188666427, 0.7230737698585814, 0.06824682855127528, 0.6392884650801471, 0.28776076174044174, 0.23675818652318725
0.17336164810800858, 0.37899010279310374, 0.6575797330980333, 0.3749580078125345, 0.04986152310440084, 0.14863892344159524, 0.13669583672697294, 0.7894722433471996, 0.5905919866617406, 0.12039310055682262, 0.8073707680958514, 0.2808942915653929, 0.7265111435339724, 0.8685120073048377
0.3479181619292018, 0.5809642605395299, 0.7080075269988528, 0.40134810113178, 0.25370276925099444, 0.32961109548533074, 0.4866403860404799, 0.07680236865099643, 0.8049343866243542, 0.05936494998502562, 0.1627234000362039, 0.9920994264628884, 0.2294446903311329, 0.854629691073949
0.41324371018469697, 0.516862317236441, 0.9468942179473065, 0.010816832942374677, 0.20003064362598, 0.9973616388853314, 0.9294085848940369, 0.23087760934464074, 0.37967811350239633, 0.977301359620078, 0.8356468993485101, 0.5116080981655934, 0.6931469329937732, 0.865041498387563
0.9598068153649243, 0.9488136190742046, 0.6399541978848583, 0.7346616277618331, 0.8425028266610135, 0.8867014409098842, 0.46079348482934246, 0.9199733011818619, 0.4099551393935128, 0.1483105480475908, 0.7528916993124098, 0.2141119643650793, 0.1349752985791295, 0.6571246845259069
0.3275000677291947, 0.13267067955787304, 0.2538347505247269, 0.1481250093151696, 0.6038924018925732, 0.9054154800807895, 0.22307999267250955, 0.5638967344658239, 0.33966528806310103, 0.5862493971798012, 0.008624675170526452, 0.7264727383571574, 0.28699200583406903, 0.8097153842223688
0.19675796348296593, 0.8238029554897826, 0.47397809604454666, 0.053254368289127996, 0.7357903730311285, 0.18345345712494154, 0.9868493920677602, 0.9183190447596726, 0.37086680249989734, 0.8868553279523496, 0.449334857433195, 0.7883883255530649, 0.65538437939733, 0.21386103621236707
0.14156041608151038, 0.06152594368922193, 0.6005371337357177, 0.3574264982083033, 0.1538134104771136, 0.975820223868299, 0.7773093291909668, 0.2503039405454296, 0.23908990746911385, 0.559823196263163, 0.9908049723308814, 0.39702197302844155, 0.5890342037702065, 0.9884686564566639
0.03831953249664921, 0.704133705301988, 0.19068082346625004, 0.4384177063427528, 0.1167219316533541, 0.7207161420366308, 0.8322905221958794, 0.8398469332451522, 0.6528110363682146, 0.9993479108352902, 0.02179409227124207, 0.13225918169149486, 0.04350881983337851, 0.7846753367759394
0.22248302486127025, 0.22161493167471746, 0.9694290215895079, 0.23359425069051465, 0.7831461028578361, 0.4488153987197102, 0.05126405027156544, 0.3506511306703357, 0.7328872364334678, 0.7910368059803143, 0.2227180643025345, 0.553526926230637, 0.9657596054528513, 0.13963659155928498
0.2472750825732537, 0.514470979604785, 0.8559987367068573, 0.5141021189145317, 0.6107395080230466, 0.3952425986722242, 0.24291535537971232, 0.8943029659060896, 0.6328056155223788, 0.7501323709329307, 0.4608210387939282, 0.2829816293632771, 0.3944412153739062, 0.5966617327844108
0.4185693181125725, 0.10324146378086374, 0.3850520841213252, 0.3611663260421809, 0.9863593294948634, 0.9821729038551258, 0.41106268967147885, 0.4756401167848092, 0.5346615465312798, 0.6819997375602709, 0.47142686900102626, 0.5576256877858375, 0.8152128327649686, 0.9598692921573353
0.8498368485365684, 0.383563969114616, 0.5596570819815975, 0.44870747119977017, 0.8764234893927064, 0.2542859931292185, 0.21556319015078418, 0.3958130404697425, 0.1562160300242731, 0.6979615899660596, 0.34060243148471603, 0.11946693526522123, 0.8144561298885303, 0.11786457059491373
0.8182609235673279, 0.4773471335644316, 0.14140009920042163, 0.6640438584896318, 0.4206177871914999, 0.16236074182862237, 0.9689457506342134, 0.17828541749777427, 0.7747588112874483, 0.5009817907440739, 0.5474459750929718, 0.21199056047255305, 0.42521174338072154, 0.5084516416112432
0.7750726340845372, 0.8628028343193658, 0.9098686687436512, 0.8802165197333163, 0.19027041795627897, 0.04967237492748078, 0.9474062989926104, 0.9742409014090497, 0.7795711226538795, 0.8407902875630073, 0.41676460695918893, 0.45054392181470104, 0.3271027516177034, 0.976654857904624
0.18310478489300508, 0.3109771228940097, 0.6401398160768453, 0.9719862394484432, 0.8874211754964209, 0.27283532186079174, 0.8598790398226553, 0.31736312869471395, 0.48642121962544227, 0.12914224258153872, 0.3493185855052683, 0.4605739534576052, 0.4302193906712706, 0.3201609135648005
0.7657644895516315, 0.2179966948545764, 0.9605895931391933, 0.24944072368797732, 0.1836798529849405, 0.7998343719966667, 0.530586560571857, 0.89255985228436, 0.46197749987637216, 0.1697976178632965, 0.3287903101540841, 0.18301343225470046, 0.6676868954380706, 0.00038672352527269194
0.3976497518720252, 0.6764404688193492, 0.7786243171794373, 0.8751883009440603, 0.29229117251078396, 0.8732710818839323, 0.9309083460331793, 0.20774296715124063, 0.9115568796403718, 0.630074992385058, 0.05429076004409239, 0.651732978294631, 0.739756548524629, 0.26410264359453683
0.8214805179767026, 0.6416323964061846, 0.9598151684495239, 0.7657305824578649, 0.28190787915721394, 0.831816205613383, 0.9197301248754919, 0.4972767239107606, 0.11589842708403908, 0.7587467119089348, 0.32066251395640366, 0.7303865685981762, 0.16931096410592028, 0.255150061258523
0.8588538719515837, 0.5722658647796902, 0.8489620684736425, 0.6143635933984963, 0.7879046544676931, 0.5543040731002424, 0.7858555400059906, 0.1366209034918373, 0.5845133939037958, 0.6458177200245038, 0.9394739628883733, 0.5454968744924349, 0.29135522558659044, 0.5339031827948562
0.6408891619062608, 0.29375606139340993, 0.9442414797747618, 0.3999838389111887, 0.2788239403998839, 0.33750640372435214, 0.17475429355759464, 0.033112599356911465, 0.7431840166264774, 0.7867105620487499, 0.9938110588773938, 0.06801738863831897, 0.22369738692330776, 0.8291037370125408
0.9486729498372964, 0.4235759775245731, 0.5636518229439298, 0.192585940012038, 0.5659215034649515, 0.8482858870820227, 0.6247779211251387, 0.9480217986872064, 0.40564218877907765, 0.7905805231309074, 0.33672936873239157, 0.9228016802392037, 0.9007502163634776, 0.7644570697961661
0.2117069775993593, 0.6755689314739843, 0.8372134755665757, 0.6066917639084316, 0.6541836123112104, 0.9648582690564703, 0.4216313978028896, 0.6944732867713516, 0.21278203296755593, 0.5653453561070899, 0.9409705367383017, 0.4683435319846829, 0.716194600584067, 0.9916009342131258
0.9078683067207415, 0.1614845338669204, 0.524620991924061, 0.7214366559696112, 0.24525764948117024, 0.16283738803837555, 0.18012774844157975, 0.09714027935976977, 0.9292968021625126, 0.7116672600017799, 0.41267310991847317, 0.2286940809069179, 0.3527635855275739, 0.10001470596286754
0.6036608709071078, 0.6680308707312343, 0.7951169503611432, 0.17028502279556534, 0.9567908792712185, 0.06300171705887803, 0.9035149496332122, 0.4377822149040125, 0.37962103116090085, 0.1578746461858146, 0.7889875403701858, 0.7132743542417687, 0.3417115026672841, 0.1883558950028078
0.614512277533314, 0.10688614781470374, 0.19086196219967322, 0.7873854440271196, 0.49026442836785344, 0.8132418083790423, 0.8451791968233162, 0.05060126417801181, 0.9115306969765521, 0.9518980548291729, 0.3024547080783968, 0.5761419182789299, 0.9772804780356026, 0.7921187062849425
0.2716814239545565, 0.3972307101161031, 0.22546686853889186, 0.12448710405546759, 0.8073212073292991, 0.7284613706681854, 0.16232955767576385, 0.12681680090322922, 0.35331763625658863, 0.7109430123898769, 0.397861015631336, 0.33084338242688605, 0.011020400495465488, 0.15643194183940812
0.38406689043426023, 0.2775889793175007, 0.9971361960406815, 0.020674481430847047, 0.1641385105241746, 0.045099836956135064, 0.4779992808024479, 0.9266059436466925, 0.36369759410401614, 0.3753951821942173, 0.9197814453473055, 0.44924778726013814, 0.1260721702183305, 0.14692580195560356
0.0919193627056416, 0.03379194678874964, 0.8570108708703694, 0.4434358795893414, 0.2197813472120136, 0.6242225267572667, 0.39056073134149805, 0.9955704052386793, 0.2784269441985776, 0.10401325088827473, 0.4070094688218737, 0.7884960197240308, 0.5060911308143261, 0.7563039872513269
0.3989759428082711, 0.4239183274046894, 0.7444140211106083, 0.8038011120631782, 0.9978784093984532, 0.9954715637898965, 0.2198865881849994, 0.19235320704582926, 0.1365587292600422, 0.8905912615229664, 0.09166628770776064, 0.025836371665902802, 0.5133269605185776, 0.697332339485703
0.12688970378530884, 0.8975151867512777, 0.10531152697892321, 0.9841647538823227, 0.7483366995185242, 0.6217471684812839, 0.7166072509251036, 0.2435439573270507, 0.04076899030674608, 0.7467248857059925, 0.6719297717378032, 0.796175700867164, 0.7259624060926352, 0.6621147676152996
0.7656881501073377, 0.5599919778295255, 0.5779341270774057, 0.27110392205085376, 0.9776716941027632, 0.7656700644914366, 0.8885726365725102, 0.6733010908114576, 0.4152162858009848, 0.6541055269775599, 0.24656571328972376, 0.0071418466197209485, 0.9521071591502034, 0.5937678242060069
0.049427382745395154, 0.9384061460675962, 0.26392740002406223, 0.6382418104554658, 0.0929328039501448, 0.10332506308841338, 0.25772455354489165, 0.09229004080705194, 0.09961578325278508, 0.5202426488509415, 0.8572347433588803, 0.2477231340075351, 0.046147940935299614, 0.7493296729527192
0.43195511105854245, 0.8282658064263809, 0.8334227923860864, 0.09276381469176453, 0.37882244063111414, 0.6117358715164561, 0.8617365395265553, 0.1742537357638828, 0.6383882379004796, 0.8410727123231476, 0.30931774567196224, 0.6144167214862017, 0.3334709602297039, 0.5596388974714211
0.2732880931815056, 0.7395278379282817, 0.950704182195148, 0.3005884513433442, 0.92262910317444, 0.12520672649833087, 0.0801204860248853, 0.9163265371220456, 0.9717468243259229, 0.7009557482701632, 0.6901793078003384, 0.4855374306861987, 0.12228757403975976, 0.40763191834359
0.15478549610454917, 0.511105887623584, 0.07774171627263837, 0.47157577828631525, 0.09583367000606013, 0.7316003401696467, 0.5690268463675432, 0.3018785287071454, 0.11663944045455144, 0.7353911252860099, 0.11389647046284757, 0.414191470449352, 0.37135852832027216, 0.9662869983245671
0.1321045714608322, 0.5774293022872814, 0.9345791072309072, 0.7500933648649419, 0.46828817284817303, 0.4920947122866852, 0.3997872023727347, 0.3175271618065074, 0.47287510743925054, 0.6827776289106382, 0.8480738541609748, 0.3446340095094734, 0.9913342325145609, 0.30809416699104397
0.3410076867984859, 0.23378581819854116, 0.25910660455081524, 0.9229079373482523, 0.27645004112644345, 0.19146679983619996, 0.25710550711626934, 0.7556557483279301, 0.7174288570889346, 0.7443517433186653, 0.9206784365205577, 0.59080746538817, 0.998218937438555, 0.05910635572790668
0.1320146552038678, 0.9624626544704743, 0.28438053795324214, 0.8856034418551254, 0.5527583804781069, 0.3033046434264536, 0.14892380789560944, 0.9130051879039726, 0.902542382342445, 0.10602824217046469, 0.7164743528398967, 0.5435918311958408, 0.24796993974196813, 0.4672718666475677
0.8586347754338374, 0.2678556420792927, 0.8431817209529756, 0.7177431791481674, 0.9583352731221632, 0.11486752268525646, 0.34714516210139457, 0.5016487036732061, 0.4647597804868382, 0.9256846884102206, 0.031491542677304696, 0.18599689647761442, 0.19491359038539546, 0.6804774633659962
0.13500514518868179, 0.7556310759943942, 0.7700465440299119, 0.7191115927114398, 0.39552923560530584, 0.721801291063358, 0.4537730188853869, 0.7835327327105879, 0.3429334675505291, 0.0033737742762741663, 0.23999991790461894, 0.5223793324082644, 0.2552900399104142, 0.24654965744480006
0.18340910383164966, 0.007036274285526223, 0.30550332998081253, 0.4809833022300186, 0.8141431977526651, 0.9020183059697109, 0.6358349141710803, 0.10966712915159005, 0.5234441222670797, 0.09115294487279824, 0.5010839454676826, 0.6509638186913907, 0.8525280318329721, 0.66672177253117
0.27720286918038906, 0.05137704618206085, 0.1991579231614623, 0.6727845919034686, 0.9544054021773188, 0.6806169679146116, 0.6594387735389066, 0.408987539202997, 0.2416099641279602, 0.010252882996918733, 0.8872373064903585, 0.15954132412474287, 0.594966791579214, 0.545046182804676
0.9880144461297266, 0.5084457284708128, 0.4636286633512654, 0.9453329198825008, 0.29727790998463344, 0.06812428411625349, 0.7404196639765596, 0.7619178545814028, 0.9109678974019741, 0.2983372242975775, 0.5897440754876859, 0.5379989081071916, 0.062244026958189425, 0.05954209132513122
0.40187198088632126, 0.6706979234345662, 0.7388821530242472, 0.37995291997523595, 0.37319774613081547, 0.2466580912017966, 0.554256266849174, 0.8062156873639814, 0.16741049253801576, 0.7356819742783264, 0.07623822666709024, 0.9224818609432401, 0.0035030273175301607, 0.41400130659316126
0.7365227539538993, 0.6173610992708609, 0.11854211373559431, 0.7570346424941791, 0.958707645362679, 0.9270713617957621, 0.6845082662087156, 0.32892412979645635, 0.9379529848037386, 0.15759629202460157, 0.2040026820884956, 0.2477302538632815, 0.1549442128575984, 0.5821202218318995
0.7946303470617915, 0.8219522677203566, 0.14896374000984824, 0.09362224881418113, 0.9807352859499152, 0.13280966473871436, 0.7851543223550442, 0.9557450875205452, 0.20347096464905767, 0.9101166795656486, 0.6262617919523235, 0.04495141550577464, 0.8682175430389344, 0.7602554353308844
0.19399388051643773, 0.042790589620654296, 0.964828165872713, 0.7631596010574656, 0.2271056014424202, 0.8479477140396419, 0.43681426381393773, 0.31661338681236295, 0.8005936950514998, 0.6548282426254881, 0.0331328445354232, 0.22643065455958378, 0.7028027388463497, 0.06733747314488847
0.088073155265593, 0.27164873638280207, 0.7820160002971478, 0.08829096388029545, 0.20979132551916324, 0.6131213267733902, 0.45724775940570594, 0.6144103508820116, 0.40132283218440457, 0.26278195224090295, 0.3207011382477818, 0.13803048137835938, 0.3657381683601755, 0.023333888351791066
0.5412666435265332, 0.8997547211945828, 0.8408005983643314, 0.8311365949686922, 0.9495918439946689, 0.5356417089350005, 0.8365694358134816, 0.3012735127439202, 0.5527436734308215, 0.4242885360394185, 0.17342551803523187, 0.7511994096798015, 0.49364449857414194, 0.9911075644827463
0.2968961748890824, 0.6443884602126614, 0.8871191987632778, 0.18774705088785226, 0.9254174844806957, 0.7352378324247301, 0.8848624998653144, 0.8526889829623342, 0.6649974995670606, 0.27437883736316204, 0.840563180393222, 0.11322630076611206, 0.7033372980932611, 0.9831214995170999
0.4404734868308532, 0.19361047857489244, 0.8439115603085339, 0.24240075478073853, 0.6861212426004633, 0.5785269128360894, 0.23753474091231197, 0.1315768475252922, 0.850149266118899, 0.6048780649502796, 0.02179681297282865, 0.9127844175023799, 0.9070295343523062, 0.20255635728082033
0.4904181824550592, 0.4017854487239908, 0.2566872972467583, 0.8291418807729191, 0.48266748625169575, 0.980086971879948, 0.9322897801983143, 0.9905630420465219, 0.6100177488046785, 0.37902317765892946, 0.2796744878802555, 0.988817680779419, 0.02268694724332665, 0.5491550088543005
0.3937032144992272, 0.2406748738965605, 0.41512813292812223, 0.18094438102980026, 0.18928278680530908, 0.7704422597745133, 0.3722923590523979, 0.5158711203655342, 0.26746150456205076, 0.8307142164575811, 0.5207145780371275, 0.12439897960679713, 0.7105251949923738, 0.31452360650251654
0.772814810113026, 0.9988333070004028, 0.4200287592459969, 0.8812910995042331, 0.33253683213193386, 0.16203990444490224, 0.2449130997192691, 0.1166592260072965, 0.0026911469303025903, 0.1802927727196365, 0.03745823511240354, 0.7835660015182642, 0.7643151021150595, 0.5212958776091471
0.36502785948505434, 0.7208046461047671, 0.7433161292965735, 0.30348704418316763, 0.1031216697527172, 0.9605490849605364, 0.8816510003607553, 0.8761820573677136, 0.24473931374400237, 0.922540104897453, 0.8830126999426455, 0.9207816714662841, 0.08089049439737916, 0.5767767103940346
0.9438465346186614, 0.10006934680024127, 0.6748463666577126, 0.0911209803399542, 0.6090730557353479, 0.7908040455921358, 0.09321507584880007, 0.8395499733707498, 0.6731739397697344, 0.44348155310260373, 0.5953446107940025, 0.6055011645260676, 0.7010274927550169, 0.09259345662686325
0.5624538600970536, 0.8921165429225638, 0.6027435406495003, 0.7783352560434668, 0.8523003388409152, 0.06752344143848776, 0.5672392523115856, 0.9769108754072451, 0.16717323495883085, 0.7814008315594161, 0.8226085136490252, 0.8929985874947838, 0.10426007875300691, 0.9607983102383405
0.8673022967482795, 0.18735161211639728, 0.8817524627216043, 0.3580453747034399, 0.4925347427504255, 0.9852192349319772, 0.2342166312628874, 0.9880174489673413, 0.6553894555418196, 0.35806675152364664, 0.7346106537282519, 0.43085148404659945, 0.025382586869663215, 0.27378520040831866
0.9361072616913718, 0.09432046237776859, 0.9805942368939716, 0.8771404141202115, 0.6445011713095546, 0.6246747761279827, 0.7404185762410774, 0.3836329363213168, 0.7152743698353135, 0.011739345121962397, 0.16358089889223193, 0.6671582621448314, 0.5743196075285425, 0.9150682644201658
0.8000777144828104, 0.5385453350401381, 0.19868736598050396, 0.3509007229214086, 0.6720215650725885, 0.21161190836835853, 0.7376499749342929, 0.26784449360750584, 0.12240004858719578, 0.8361380662275181, 0.17121184988088778, 0.8581077342285777, 0.46737891391322883, 0.8325426370902097
0.6948811041068642, 0.30044315445105396, 0.10709773514641463, 0.9675482476181835, 0.8908666529720761, 0.13067062080400826, 0.8878633930107611, 0.3511236585203644, 0.06734293926408819, 0.6132328932622652, 0.13646447386353777, 0.14096029405091337, 0.14309406201907193, 0.36361027443116467
0.6318724985310826, 0.05867931620768696, 0.1085976616137021, 0.07643338164248237, 0.6021288814672183, 0.8117052345920439, 0.09308855517685288, 0.49941591001698793, 0.854921828965818, 0.3222070877028168, 0.41551078870383473, 0.7029469332453235, 0.5148013534952124, 0.9551835367888111
0.3681569512023466, 0.7320545079680643, 0.9255610304208829, 0.8529403829500639, 0.9288602675085855, 0.22591978315977934, 0.29494851470625083, 0.7620549643380504, 0.007414326472506616, 0.8674817855078893, 0.532674473395437, 0.6087301939521657, 0.8415107395096574, 0.9188879988284893
0.803921348131661, 0.04921302036703745, 0.40963435818931815, 0.2792735990211329, 0.029349759045641965, 0.22197737609436874, 0.517874779137698, 0.5708548296012388, 0.25799594146644256, 0.8791868793619357, 0.10572073919392144, 0.7156676268544787, 0.2095421920567161, 0.6373779620802463
0.24808384326655275, 0.8054423845313481, 0.48145347989135767, 0.8396018400000144, 0.4811755826848463, 0.5181916952819888, 0.4763403606279559, 0.7106306196877263, 0.07753303516016685, 0.8941838874660071, 0.5630440391170517, 0.23105591499375722, 0.9694991435571668, 0.0373497852284943
0.9658070422886176, 0.16329798043680976, 0.9449027606210416, 0.65421513404533, 0.6565874519595809, 0.05270269913313819, 0.43310870107701993, 0.7624317990085165, 0.8566518966150269, 0.48141109363830514, 0.15689677583680073, 0.3860562794557465, 0.45770044128703713, 0.5804937845557698
0.6611725475430704, 0.23401557747750612, 0.25912370511596117, 0.09215711392975123, 0.4798695380044815, 0.06251294953678399, 0.9177395114443693, 0.041795158630639095, 0.22151168568767576, 0.6198430047841326, 0.5600803570586811, 0.10869768330031437, 0.9564169233923818, 0.1240022391466975
0.7295253437816228, 0.4535704036850674, 0.7405954256029783, 0.017118561482849626, 0.47290960112573166, 0.43789159531398225, 0.1659952517997828, 0.9710552618156103, 0.387796226338581, 0.24126830686007994, 0.8096944915596536, 0.77199970883354, 0.8729807859302162, 0.563003133186476
0.1829310293180917, 0.7152446628933117, 0.4816107695408648, 0.3413534531356698, 0.3987967147479764, 0.6927831901433755, 0.8623426186651638, 0.44615855326782705, 0.8410852294130069, 0.0875911294467483, 0.3457888525404752, 0.943084864896425, 0.5979500727166961, 0.6926216013518334
0.07726767070265816, 0.5686298549534987, 0.057791681258019034, 0.6381662788578948, 0.6594366858059264, 0.7298192358420801, 0.29591223351195917, 0.9099795673659242, 0.6592785927557783, 0.27386951408785265, 0.4237806957721907, 0.4347070294633678, 0.505905189514467, 0.17737350304860744
0.6154377938289143, 0.5374129102827305, 0.8180688620247578, 0.4180665666428983, 0.5997080729071818, 0.2097816909400182, 0.7979143281454499, 0.294753973005615, 0.8699279872464659, 0.8719706185474076, 0.6791615048125622, 0.13546059147990974, 0.10413122203633829, 0.9370852922487297
0.7345632049873143, 0.5075696948923842, 0.9708330699470017, 0.7489866922859993, 0.1618546289506264, 0.03747576752148296, 0.5837163834711866, 0.6551992584788552, 0.8586819443649159, 0.7688650353294986, 0.26069283511483343, 0.43724709690466323, 0.4489599983395227, 0.8567108225201224
0.8169231863594495, 0.20602980693709794, 0.31389625140868205, 0.2496320017927226, 0.21923424318436024, 0.18833575183609474, 0.7086049855594185, 0.027701896665587422, 0.1879591819336771, 0.16209905618106135, 0.8469801237493776, 0.5654691580790244, 0.7716770353397902, 0.9714693610676682
0.00549802714815,1.79604616048,2.45476133839
0.0,3.96522388813e-30,1.45900177146
7.6663925754e-315,1.16015661147e-26,1.88145672608
1.24642094409e-236,8.05366093552e-30,1.66896377191
1.32852593339e-241,5.36639806594e-32,2.00297744832
