$x1,$x2,$x3,$x4,$x5,$x6,$x7,$x8,$x9,$x10,$x11,$x12,$x13,$x14,$x15,$x16,$x17,$x18,$x19,>>f1,>>f2,>>f3,>>f4,>>f5,>>f6,>>f7,>>f8,>>f9,>>f10
0.4451030552519948, 0.35872172117250356, 0.6257063423368213, 0.3813665777514252, 0.5795453406407358, 0.43482863908589015, 0.638957756867097, 0.2628388298437982, 0.34198481789802904, 0.17784144101468236, 0.36029168031129377, 0.5794617566200544, 0.6421436878356058, 0.42923617956390225, 0.79981369229989, 0.6626233405429928, 0.5877890387758575, 0.5507580852994964, 0.4757271538963502
0.8010230857864495, 0.5141042648429162, 0.522369735078119, 0.20718814857588658, 0.6632020960052586, 0.6738366998602567, 0.40834233408507487, 0.4427315120922905, 0.22005409098134188, 0.09765506562308562, 0.5946102139483441, 0.6512520841476626, 0.611267564984496, 0.14542860059112972, 0.4581010982273251, 0.5820061655136354, 0.6409137114956486, 0.3161779772047898, 0.7183939494613442
0.5989194065755987, 0.695530894682184, 0.372260124673647, 0.676272971421542, 0.49212018960562354, 0.3006540220479328, 0.5597029056852226, 0.3773201305641222, 0.32725018856616284, 0.3812552136620877, 0.29154827152899165, 0.34060651466617714, 0.5376201754251811, 0.708241855747076, 0.30455635500293177, 0.6018935328041426, 0.4099115128505331, 0.5340781105139843, 0.43993477392552605
0.5853176340545059, 0.9793865870656897, 0.47618605859962004, 0.8509390660684408, 0.5051874319087997, 0.5462625415188984, 0.3918729020995395, 0.4888164426400436, 0.5253143405234413, 0.26187797670578516, 0.5640486196725008, 0.6065289218331125, 0.6308427973004589, 0.6253435605395115, 0.4652727621747065, 0.36390746598257595, 0.3164037979180909, 0.4564930506024079, 0.49830705565150046
0.4504034636836264, 0.3199091776996961, 0.557898784373821, 0.13881396700605664, 0.6760794194482358, 0.3377910878997512, 0.4743176178028832, 0.40534550727248586, 0.9717274543293324, 0.358727180694211, 0.20027901802066295, 0.37357194744386396, 0.34224350502643447, 0.4452530977463674, 0.4956120779115224, 0.6102024930693086, 0.5997864021047353, 0.5469169439857137, 0.29554370077978226
0.38752926882019006, 0.42906059951618536, 0.7026597671787043, 0.435697096540831, 0.31485438338187854, 0.5410799657220206, 0.611171267322269, 0.1581983049913318, 0.35150790940308985, 0.48362703831663695, 0.6540577248902504, 0.4199393195269968, 0.6266092025311004, 0.6347072558793374, 0.5150362312020557, 0.5496780321277971, 0.5341261734019694, 0.4957431524978174, 0.3974138428050609
0.36541713297469935, 0.3519713303518891, 0.8361029343674236, 0.3420297399848638, 0.5340919152134369, 0.5251465430230048, 0.28529892228717313, 0.5003700835072397, 0.3949159836627226, 0.6192204624778354, 0.3841953639101977, 0.40129931690579557, 0.7420418389447626, 0.5810457820618651, 0.34933019619243777, 0.4821583327617104, 0.34590303260955974, 0.33681876537961286, 0.42928232873980265
0.851650492995107, 0.46677088474499473, 0.5189031220459058, 0.6585339485280911, 0.5190153649876164, 0.3343776340174142, 0.3113223587208892, 0.46886994838223744, 0.44925846917119766, 0.49895233948313833, 0.3220271393860193, 0.25844278046618613, 0.1953799187178008, 0.28339700088556985, 0.5691924941183073, 0.2886638553721298, 0.3838558668512452, 0.41842923889138206, 0.3132966515391757
0.29168644229708596, 0.4395475286842293, 0.3583263372605709, 0.4392817188417792, 0.40815064359430947, 0.5063048953832207, 0.7244583787385783, 0.6075515355350419, 0.3589703681229801, 0.7349955274575216, 0.5763478146481711, 0.493738848336923, 0.2650469555584233, 0.41037778145902115, 0.2663927347103606, 0.5526629529340875, 0.4082060430620428, 0.5847758958282089, 0.5818676502864135
0.46891067611380144, 0.5483912360093799, 0.2800904838405197, 0.28087554793660346, 0.5733416798701363, 0.5392640059936495, 0.5674007371681096, 0.8692801230108189, 0.5591683042610557, 0.4111716139264452, 0.27395561819726033, 0.34726724755054483, 0.2897414630619918, 0.3676365652289789, 0.750361384019922, 0.5564398318292436, 0.32694743840910645, 0.31546585148179934, 0.47253476267717526
0.4983788216269061, 0.8349807957201771, 0.7851072728474795, 0.45941826476204706, 0.3698705513000584, 0.4505341960523198, 0.5394602484987584, 0.29416354875113737, 0.6892138212710849, 0.4285965703625251, 0.4430790296185938, 0.37041506240029276, 0.6514698943690649, 0.6623161598107264, 0.5045477718061482, 0.567551965389095, 0.6142096697549937, 0.4553638124955373, 0.5237406062634726
0.6125064682362382, 0.4739117777147678, 0.5702007160015108, 0.5558843136119997, 0.21211482624846628, 0.25012988503058414, 0.446557759669953, 0.410154831494988, 0.733372132763058, 0.4137184252449981, 0.4847167421217017, 0.445029791523788, 0.6444603148798003, 0.5088967948125445, 0.7040671921907042, 0.34283293380477575, 0.6174429214173588, 0.26836709647715656, 0.5737577825020069
0.6084582363126346, 0.38956368522628687, 0.4203188573524501, 0.5139748248295518, 0.4930514613269461, 0.41475449846790546, 0.4363798488536115, 0.6283648671322437, 0.43949522045804573, 0.5574303087519804, 0.3482938341237524, 0.42838981221351635, 0.8645628856478209, 0.650678084232779, 0.5775513551859375, 0.5005390977344164, 0.48113787687060133, 0.5128389742168735, 0.5515720718724908
0.5951058561448119, 0.7178672265977818, 0.5738073766023797, 0.8181629031227788, 0.5223217979111336, 0.7218433068558551, 0.6081561583390513, 0.20518961067945068, 0.44701646604976863, 0.31516399545922513, 0.726151180657892, 0.3403290989070956, 0.567466110622726, 0.264517198848501, 0.5990833158370081, 0.5429549698806099, 0.4053721439354977, 0.3893450491521323, 0.3096986370898578
0.4469878943937152, 0.48417389072286393, 0.3963706020131093, 0.6488490757313832, 0.2952209785252655, 0.3992283067171199, 0.6089320810827037, 0.36053046015788615, 0.44376319987377205, 0.34481617306373064, 0.5830639470920966, 0.3977557162701313, 0.7822089661505383, 0.585239164355141, 0.7199126947435348, 0.45553453345319683, 0.4075111001876907, 0.6586381583664467, 0.7290142650014401
0.3673994384002019, 0.6567755481600774, 0.18586903272705607, 0.15687373300924656, 0.5383236679876131, 0.5652729761659462, 0.591227720521922, 0.6440179848499893, 0.219678131919902, 0.5103112423634892, 0.4070999080288372, 0.32602953965728504, 0.4228124952937852, 0.4744496652360916, 0.35318015561127547, 0.5487654680034866, 0.630760956246786, 0.5442443215333843, 0.3940737912380149
0.3994323931577311, 0.8174091603240122, 0.573321698006885, 0.6616641166354328, 0.30434085048428583, 0.6104746502676349, 0.09678063786560764, 0.38442476416801064, 0.3350331600919464, 0.33919321915862344, 0.39416342680669547, 0.6029798539870584, 0.46958488714885616, 0.4700562253101507, 0.9354579512677587, 0.4687946188300478, 0.5034735907579067, 0.6946034410734214, 0.3872115894400612
0.6112024195212322, 0.12262636571289143, 0.49351559763088415, 0.7878393701052482, 0.5126649701811501, 0.5957292407729612, 0.6342426699820005, 0.4150199368989266, 0.3624092191090358, 0.6600394826769815, 0.5640588458204354, 0.24906559596876232, 0.6822016148631548, 0.5306733906727946, 0.41389851734772787, 0.6526972344602698, 0.48606885199255134, 0.5175318620967948, 0.8534760847356153
0.8295834456733993, 0.4937012047911011, 0.45068595874363115, 0.3411660225734385, 0.3989740501992045, 0.4845375604080108, 0.39897006861479317, 0.41763729262142024, 0.502645392231606, 0.3735092944557514, 0.7768858103482504, 0.4006252874926531, 0.28766233962602816, 0.6401308060836587, 0.4689053418660832, 0.6946505184580997, 0.6548306211063003, 0.4053668755400054, 0.5160281447150579
0.6991294693194411, 0.8545150107937091, 0.6886954711291604, 0.7163039753818783, 0.4085222913994666, 0.7169798665083357, 0.44382231938239697, 0.2555363707903511, 0.5804956999335846, 0.510686634130139, 0.37146345986850704, 0.5811436082817847, 0.5167115783126436, 0.39003163833644994, 0.40956199637197455, 0.5442034495905099, 0.42739977174101856, 0.5393875361307311, 0.397710739576885
0.6387252367760479, 0.4759177936185075, 0.2499937143816523, 0.4773754685804503, 0.5223704964764682, 0.5667204039115347, 0.4246869231393066, 0.5789369680810397, 0.8227085659189588, 0.5545255478589042, 0.7308876916449389, 0.34860551893510816, 0.5444767671884784, 0.25539851314648987, 0.5245955570944419, 0.6370190541554535, 0.5964652458867808, 0.6729140621695902, 0.7156883890968329
0.10812494947642953, 0.29791665850304944, 0.3822346042582417, 0.6005170222412809, 0.6688819198929443, 0.6881925635804932, 0.5887766056134454, 0.7118196350199937, 0.32305327827006125, 0.5832475999248588, 0.7508535088155749, 0.398216993482258, 0.4787049741113589, 0.4856487411319894, 0.5195840983750891, 0.18543546359204943, 0.5119856271211729, 0.15290122873041334, 0.44433405224900485
0.3532764544206955, 0.7056017788080344, 0.6220107664836015, 0.3879157026660124, 0.6924762530383869, 0.8367754072709669, 0.2096294984360093, 0.5424447731347852, 0.6355421924896472, 0.4853487579602658, 0.5418943168864857, 0.35426048086080136, 0.50938134830398, 0.38451065574348414, 0.6857057953302331, 0.4774704897172715, 0.551459671892363, 0.568742020798226, 0.34317183367528176
0.47975573164838314, 0.4932020909773702, 0.9075000291985291, 0.16048673762151144, 0.4947887558961442, 0.4526891935809645, 0.5687503671504497, 0.696774434925603, 0.5346396185668739, 0.4442233948037081, 0.5373883619291608, 0.37366228120510003, 0.43798085093718664, 0.7214679252440678, 0.43290673704731886, 0.4810844331669668, 0.6812132479266124, 0.4027654808499497, 0.445534648613195
0.5013563516099779, 0.6075532414086452, 0.5626301873173822, 0.32977267453508996, 0.7535848756582753, 0.329083807806905, 0.5224250679262015, 0.28894561695609133, 0.4612916369116097, 0.6175295989801202, 0.4071760272407639, 0.5314487872211304, 0.4597727945699597, 0.39824447876209323, 0.44740076025511394, 0.6444059934135424, 0.21787745740565678, 0.18944815105287294, 0.3361979441719843
0.5314356023260417, 0.8737803235509738, 0.2542611117254266, 0.903819705181237, 0.42190148126755184, 0.6556289287935921, 0.26433765785247576, 0.521527388653536, 0.40126979180824174, 0.2788553681800864, 0.5603177689718456, 0.5562288958572608, 0.6104628992229764, 0.2746126286852146, 0.6282642237923669, 0.41563850307008104, 0.7513961815957595, 0.6410984044378236, 0.4419870886480732
0.40748407124954444, 0.6360182355070657, 0.3741227720677481, 0.5496466356512635, 0.6415557973545557, 0.500314345979751, 0.46420555064648295, 0.4466544721029545, 0.45122184722627157, 0.4386471148204177, 0.7655067653196818, 0.17385396753906635, 0.6233489331352395, 0.40117751752793224, 0.8020515036588696, 0.5162701759155283, 0.7059317856351046, 0.5419734408377416, 0.5986186713651193
0.6308680840072025, 0.15379293030353647, 0.34864561850182146, 0.864881791151527, 0.4197074638422272, 0.7202265304319525, 0.2167353782804835, 0.5809830532382294, 0.7015848491322392, 0.7670998251262641, 0.42789620522739247, 0.5623184802608485, 0.5531710136144043, 0.7735811047464409, 0.4697812656054997, 0.4059927687106256, 0.42862573270071586, 0.7316998814954407, 0.773774570969847
0.7441675967494442, 0.5269028337884332, 0.26158448058851425, 0.6796133325948807, 0.5629316412648891, 0.6910795216178784, 0.3702059613393259, 0.692504136240014, 0.4382079375875286, 0.39050930646179327, 0.6775582797466895, 0.6487528939060514, 0.5792021738520405, 0.5716373607774528, 0.4872002909505092, 0.19217255887404705, 0.3524938369602153, 0.4223463632709784, 0.45599576039699485
0.6851149270528811, 0.5477324003164052, 0.6055640095263095, 0.5872626056183547, 0.32547286190389024, 0.5212906791870996, 0.43759918892648103, 0.6170366634978766, 0.6133412053157116, 0.4961331423933987, 0.5628488617867045, 0.7082359558252775, 0.44200976221766597, 0.583769861962034, 0.4900108200977579, 0.40418367544463596, 0.4384584804970258, 0.59177708134791, 0.42133919957627464
0.27718424638188277, 0.49653358135522224, 0.566205637133229, 0.578226149981076, 0.47435367905745895, 0.49889548545146783, 0.6351750435196785, 0.6065508895037595, 0.2849531355675321, 0.45931176520122113, 0.22805836216668296, 0.3999243658453747, 0.10230716615114566, 0.652932587701579, 0.567291099205226, 0.4636494086719018, 0.547379766961862, 0.34418319654273155, 0.6144704179553633
0.6655986952301136, 0.6832614795607017, 0.6814026282994673, 0.5622872580403965, 0.787563755615668, 0.6085861693354684, 0.3700878955713699, 0.5609930641595843, 0.7194580691629737, 0.3746886508980414, 0.7816086359103396, 0.4409964815507689, 0.4056253737539526, 0.510135447776301, 0.7226101430331402, 0.7276104695196444, 0.3714600734194351, 0.5255326152524697, 0.44545270990802643
0.5172720856291749, 0.7584181519791153, 0.4192914498346375, 0.32164618708113835, 0.3270547375054832, 0.75952300035199, 0.6098145316253306, 0.3927759976783098, 0.6426802902219874, 0.6075266696018093, 0.5593917564410172, 0.7705115868447425, 0.13098529820119337, 0.3309973682095563, 0.4844205664238185, 0.5465271639039138, 0.7866141258750445, 0.1645923929071857, 0.8427943806420435
0.6639322040786461, 0.7379792057736716, 0.5059725254780921, 0.45516072052844125, 0.3122412594502376, 0.4780333632442703, 0.5567236897501036, 0.474133023518355, 0.4760505071106943, 0.32910543543851, 0.5497921423500073, 0.6585114802967755, 0.5029614806968624, 0.6125924215186085, 0.6339335273898289, 0.3543324883387017, 0.6516181230877178, 0.44809423913243907, 0.527695389975932
0.9449379395150357, 0.4171689323965505, 0.5013621864359846, 0.4739613285199957, 0.5808062901400921, 0.28442901193528036, 0.3369647135361469, 0.6056114965590236, 0.47465293876969306, 0.5467038580146331, 0.7515621986495682, 0.4604709566600172, 0.08059000840472264, 0.6226825218723029, 0.7853014892415036, 0.5980143844445758, 0.4719659865363696, 0.435875579177898, 0.5315893947643343
0.37906087080311457, 0.530342068907905, 0.49523313442538547, 0.44394175663092594, 0.4156853704284914, 0.5434060708306359, 0.46818085837358625, 0.6344185948770742, 0.39804647673459376, 0.5121677293503851, 0.6328287318632297, 0.4188155495428475, 0.429076580457276, 0.2221896878160367, 0.4254325616865836, 0.5031566528226477, 0.25650159072388473, 0.7334008884647752, 0.3736371303951439
0.4012356335623441, 0.21351624153326826, 0.7100347115664042, 0.6529699695452721, 0.6044219586729053, 0.573735532641949, 0.17191665425818048, 0.6050902593972253, 0.3296454352768307, 0.31287178959072015, 0.473500611914476, 0.47218887046935365, 0.39035259336440914, 0.4070319398547366, 0.7754851286886496, 0.2414869776585593, 0.38219575943570006, 0.29645467101902195, 0.4384535771142745
0.567818621444656, 0.7287100004310391, 0.33524667939814745, 0.5251965976822746, 0.7243241314336611, 0.26380810897572105, 0.5577441517235423, 0.6773528444763635, 0.3982705243756362, 0.4609838956112276, 0.5894282824184414, 0.6794490250948341, 0.6984816208806344, 0.5069486682005089, 0.6399901657436416, 0.34341591687344364, 0.011060711071547602, 0.2309490439439701, 0.9088809777005096
0.8724851571132759, 0.6245166542860245, 0.13862928656432766, 0.2409631078804349, 0.4861910976048174, 0.6314304875608225, 0.28508950553616175, 0.4879774566179158, 0.36501106705720465, 0.4267628503199248, 0.5303968321322452, 0.10806321917075112, 0.07691330092064302, 0.6611746859219615, 0.44678814062997907, 0.46777786632746604, 0.5704993623947722, 0.653962944074604, 0.621344781127225
0.3022356850334118, 0.47561349561093996, 0.3356851559709891, 0.4670102025737558, 0.8182490138278357, 0.8291156351883284, 0.3457801493214422, 0.642091887381133, 0.5033424134917996, 0.4840279461484571, 0.33558604157773775, 0.35176963231957387, 0.42889612382686126, 0.5327332135601407, 0.3748887517053788, 0.6064253533241661, 0.5659083738777642, 0.5888010891504771, 0.32475741548594744
0.11503244042477401, 0.41562123329240486, 0.25159188613710387, 0.7746845560443205, 0.4246883883648364, 0.47501319178809936, 0.7087933708586656, 0.6659086568217785, 0.5762688497311601, 0.47801460855956723, 0.33363440707137026, 0.8584072521477996, 0.6036232562624578, 0.2515805475627313, 0.386929759530679, 0.3265196001242613, 0.4665869701895742, 0.17264076696431674, 0.4889225746867871
0.5140649956217678, 0.46909583708284597, 0.4303911991326914, 0.37859930708310513, 0.42744342225121035, 0.256464420805286, 0.7405981354529895, 0.2896381712384988, 0.5601009527569453, 0.17681516984011414, 0.6385954357683098, 0.6847017016650521, 0.3784902085574869, 0.34970390289306974, 0.5709819891572898, 0.46989670873801354, 0.6750796167479322, 0.5282152655758918, 0.5392613009660908
0.5372997897594658, 0.5104074298555171, 0.6406917313443957, 0.5191610259396067, 0.5790885954860934, 0.44937558590553095, 0.4265892559290808, 0.24803335175217212, 0.35736184070090377, 0.2931603189756451, 0.5172244381977741, 0.15435489558241783, 0.47022476962471577, 0.372015308892197, 0.26872895081069204, 0.6315991632666826, 0.5277140733301954, 0.5237303201195821, 0.657804446747499
0.26243435634822254, 0.6884588184270629, 0.518487020115574, 0.7676631830402509, 0.36605399971353214, 0.4140450131598878, 0.2444482997555295, 0.4457076561120045, 0.32708799744336453, 0.3254002422844894, 0.7725778195766938, 0.4702391475091823, 0.4607160471960996, 0.2775078184071337, 0.4880531193923262, 0.38909710392305286, 0.7756317160243729, 0.5419291152065387, 0.47282132897400314
0.5866806938336148, 0.45106333745794913, 0.6037581553387176, 0.47476574682407985, 0.4878909227868874, 0.6344169116451558, 0.6710084768137266, 0.4662011106240298, 0.4931187123199695, 0.34356667999364676, 0.2113990904780091, 0.2627536119022852, 0.7534852761383406, 0.699339456811271, 0.606519620475482, 0.47206944979127924, 0.38861110852827624, 0.5169470000420974, 0.42194843077912203
0.5420043188949981, 0.3140322701184981, 0.5357583495008532, 0.6982120999399977, 0.45040330334915435, 0.4400987566461264, 0.2722959741934753, 0.6656985916011878, 0.31341616739633416, 0.4832942849840977, 0.4244923724855552, 0.3553290919542837, 0.3999704801537491, 0.5184521742759414, 0.4140291189393651, 0.589173652872328, 0.4306339962377228, 0.5153156119181093, 0.338585732238206
0.6414900858378096, 0.40041138756607153, 0.50837495522331, 0.5358758934789464, 0.5246313997610484, 0.5389863035198083, 0.5737823474653254, 0.5817117839829858, 0.24477710706486366, 0.4322609848496617, 0.5806439306633117, 0.3557626229178661, 0.7823787615743572, 0.6337101577585453, 0.6189400176275854, 0.3777868413332125, 0.5379420852232688, 0.4799725717864122, 0.243683321944917
0.6149817230055685, 0.31632424490211075, 0.3831580411412172, 0.38955912059797493, 0.36542295282621684, 0.14958389849433196, 0.48598948193437436, 0.4706970995891058, 0.5761433037630923, 0.7241393974009841, 0.8760485723703302, 0.517898044625306, 0.6248114735921332, 0.15756013023308058, 0.46072733087063067, 0.6330035668864932, 0.6451257480011885, 0.6587542863556922, 0.5617831115618963
0.531301066101841, 0.32922906860055057, 0.2822304162559359, 0.5640603794024235, 0.6963989918333844, 0.506731160332281, 0.3374582084252631, 0.7050247584127008, 0.705699602397651, 0.35864063472693536, 0.17717865690672108, 0.3370056946050184, 0.17138386868826827, 0.5152453423559838, 0.2709933187745727, 0.4543884213659698, 0.5092477871925827, 0.5835900952228974, 0.5065555785584955
0.7794454922272639, 0.39472197879723386, 0.2077138051227556, 0.6671505669459872, 0.2516450724536144, 0.628121960967279, 0.7680093239822005, 0.5976627739807431, 0.6677852346151186, 0.5093985046206084, 0.462479275862068, 0.6363401870297853, 0.47081211729497807, 0.31454112591094663, 0.3617996453281296, 0.5543051902902099, 0.3651334773397982, 0.558980717854821, 0.41907010516965654
0.5258540260278665, 0.5132215628055039, 0.2785421061409524, 0.5065323759570257, 0.6794598862029161, 0.5094351203867981, 0.27486321724505725, 0.2857189990067023, 0.6024691348215248, 0.3575086321702145, 0.5592646115798444, 0.5727577188144549, 0.6318991400972931, 0.35488296410408726, 0.7089232246520065, 0.566844477783286, 0.49149689173971217, 0.4956097438170393, 0.42825944018951706
0.20332822954774604, 0.5875912383668616, 0.6158599997218841, 0.4692904762992065, 0.03793855818596237, 0.33494227375482594, 0.7347511812686955, 0.45537233749231726, 0.8101796754038935, 0.5393230124199877, 0.29152367561917464, 0.6816582714846675, 0.3732046448928511, 0.5455558876738705, 0.338704491227274, 0.3414860945622317, 0.21954044111679843, 0.5277352519544406, 0.6226909405891884
0.45900345930874265, 0.35776291063447185, 0.4130128205285121, 0.43501036576455676, 0.8324414285554573, 0.6032416000720322, 0.5961697515002494, 0.4237970021859013, 0.44276575128985285, 0.572165561636195, 0.7686012963979201, 0.3204081202734902, 0.4646429124219307, 0.7295075769986255, 0.30236767419940946, 0.48225100664808357, 0.4718890266850282, 0.5706959323420362, 0.4632449319619938
0.15609488727148885, 0.4763142044824576, 0.045414252001920175, 0.858807390853986, 0.5543974725713026, 0.35129266834779393, 0.3270564165816887, 0.4098026938872275, 0.67082677012492, 0.4714313437452574, 0.49936948498074446, 0.6470950577531266, 0.3862260355589604, 0.2958233639343666, 0.5619394566258664, 0.4398731409942818, 0.23915399863008313, 0.7112016650176499, 0.5898389001967866
0.41480259721119517, 0.6046933548916898, 0.7121969154958672, 0.32938400382398614, 0.5714665416966845, 0.3779909864207519, 0.8065687279154558, 0.4014726145813222, 0.6478646224416429, 0.6387027820903105, 0.21635321430971388, 0.46057241488799333, 0.25017095665112987, 0.6865063851528999, 0.4332956181875133, 0.5136536870729629, 0.7812348057794991, 0.22196114975762288, 0.4687692773451577
0.6112994697747376, 0.5593974693559481, 0.4608422624761002, 0.3283381294372991, 0.444329738232025, 0.7322998559412288, 0.7302272258344743, 0.3652318319171905, 0.4989964711934358, 0.36711795100245986, 0.46189572230622117, 0.8123269590379726, 0.12797048238003217, 0.4597920335776074, 0.6318092213288948, 0.613280632177113, 0.17183510517453182, 0.9293045078118611, 0.507570925652883
0.4110477358892917, 0.6483970275776743, 0.4141459509654274, 0.4244354464717658, 0.4522473745996827, 0.6767573244805367, 0.47697133970651234, 0.2512015541310344, 0.394216870580075, 0.5945567631981585, 0.518970841897694, 0.5755191052204741, 0.8175646718738829, 0.5866266347595265, 0.4521852554504699, 0.4421806450862599, 0.4325475783213138, 0.536231862507269, 0.33628414971756543
0.6096869497741344, 0.5610924370513518, 0.7637036440527116, 0.5351218063679996, 0.6520057445694535, 0.5428737184104484, 0.2055377386633057, 0.52813374769344, 0.3938744388242913, 0.4082155592493337, 0.6667428127760251, 0.18962412887062652, 0.7754519245122206, 0.35421602382682854, 0.44653858458356577, 0.1890298861091807, 0.4429945047349894, 0.6417942499680082, 0.5573089668386516
0.2959289688527688, 0.3110010292732038, 0.622304560563919, 0.20306403304509935, 0.6608350942671675, 0.6676617942489667, 0.8093805838665135, 0.35797658189476567, 0.553832768404583, 0.4845194984015629, 0.36313748439051585, 0.463279570837712, 0.44947857955302567, 0.4306237708885401, 0.31131176897245844, 0.5065167572412069, 0.516506016390343, 0.41073457799966784, 0.38281742429968996
0.44021846395388553, 0.7160355052362078, 0.5356760955781638, 0.6545777861092386, 0.30844561232370155, 0.3070156638882813, 0.7039493806424241, 0.4598153509761539, 0.632726278169686, 0.23306903553627578, 0.4300429096409345, 0.3087078151784494, 0.4866377302179386, 0.5980869702257832, 0.4609921425138217, 0.6261829154240808, 0.24453356883217225, 0.5027690478239577, 0.7423942855885375
0.5117061662428956, 0.3114121855333395, 0.7423532621476252, 0.5093580702681494, 0.49335407754507543, 0.4183233274606699, 0.3545408781944523, 0.5463162965865872, 0.7018508725875285, 0.48991816810369143, 0.5704010260594952, 0.506162873638115, 0.6970112387369158, 0.5170357897685194, 0.23546289071460297, 0.1865382007594516, 0.3848163297830616, 0.4454422815332369, 0.5279990308352105
0.47130389764042646, 0.38689329107414927, 0.5257572658399863, 0.4775563606410681, 0.5074797646580474, 0.4410828432612387, 0.21193487983116027, 0.877735262650532, 0.727298984113317, 0.678846471513157, 0.4921029284138313, 0.535630531872841, 0.7445020854018762, 0.589638162851342, 0.680545023015356, 0.30891723276647587, 0.6204875621815331, 0.8921877212463276, 0.3997790927257606
0.507944859657338, 0.4872276423385447, 0.42448219815355087, 0.672145838086356, 0.5053199125016922, 0.36319301244775215, 0.6039164669286637, 0.6883138862441254, 0.52881845984176, 0.4505928727471967, 0.4060775478525016, 0.6537530629794472, 0.6764301427948647, 0.6251564292337781, 0.5401541233680974, 0.4800051314081984, 0.29499821755691014, 0.598450873315616, 0.3729659232846053
0.1872333775757507, 0.3978670547000774, 0.5520228942781483, 0.6165143518970883, 0.5003167224975074, 0.6991665030856407, 0.6412241085559771, 0.4947134074294909, 0.352426753430497, 0.6478760028778431, 0.6305950249552796, 0.27932562388490956, 0.512659808899951, 0.6500603767255606, 0.34208023132385323, 0.6019274748440715, 0.2603880635861387, 0.6089280363732689, 0.43598461279349243
0.5517081712425334, 0.6473447619225565, 0.4690988224921721, 0.3655542172915647, 0.5006547603688686, 0.5789917504664662, 0.40933863827703515, 0.7358061265700446, 0.38816271863843627, 0.4264855780415932, 0.6302690692841036, 0.6617656270226744, 0.5603732519658576, 0.7536341871960726, 0.4908398318266805, 0.4485683910431402, 0.6946593863731599, 0.1237892251702093, 0.4282836786911185
0.24986303581417413, 0.3927797300282988, 0.6615707437830856, 0.31975468739763013, 0.7808017009329754, 0.37145791489044455, 0.3100187381794683, 0.4100299671684051, 0.5870329325024577, 0.47126068828858014, 0.5510115630188089, 0.5264060209040279, 0.5185036109251377, 0.5477493546154792, 0.36643974974285776, 0.5761344961759078, 0.6494259343413173, 0.48847282088252436, 0.3695368137947311
0.6149561118294886, 0.5943603480058421, 0.5940872098886938, 0.7309487595922164, 0.5334639725546242, 0.4703267460818573, 0.25388608764747034, 0.2739603270867898, 0.5455406496621706, 0.5897119407594756, 0.6188950239155322, 0.6370245683602124, 0.2214179476391509, 0.4680172810170124, 0.1474195907396531, 0.05518444496454372, 0.5075384999591811, 0.6291749330516658, 0.725110929053652
0.4549932866025174, 0.819239843601048, 0.6080850687746575, 0.5501161095088349, 0.7300549891054142, 0.3992469750185136, 0.692563246645506, 0.6223298583515029, 0.5856093628432717, 0.3812153864427157, 0.5765190361220243, 0.27435307789784624, 0.9741988894839484, 0.42705314640613007, 0.4197774967524005, 0.561080914115638, 0.31741222066857094, 0.5896273664491549, 0.26496774037445175
0.7099733559898352, 0.5158151010594061, 0.5564685096554011, 0.5515246940110061, 0.46767005373575576, 0.43309939818429266, 0.5869297216657209, 0.48933523947723806, 0.6111534914992511, 0.4540340959999414, 0.2611397992127129, 0.4062156473735741, 0.6321875962329014, 0.2115299072878571, 0.6907899808916045, 0.451877122899696, 0.510467205974317, 0.5215416973452114, 0.5445596486488454
0.5616643858687739, 0.4286287181327292, 0.34129548540256677, 0.3737429593884404, 0.597517534367804, 0.4204963112235004, 0.7632129946788271, 0.742809894976765, 0.5662867146936732, 0.5122258439345702, 0.6147046620021981, 0.30252555011759374, 0.4389592722132449, 0.6459248249541923, 0.2595742005438275, 0.785456267777444, 0.6609009712007383, 0.40537779891677334, 0.4002797662381732
0.7812961212424568, 0.6780449071446746, 0.24607638090504003, 0.4498804357269809, 0.13370991208258065, 0.565244263193234, 0.38250781922686283, 0.8096030611625809, 0.8079063548553858, 0.4813770399393108, 0.5664148873543928, 0.3960849084822842, 0.5131132802684676, 0.49703926170862534, 0.48634105851236775, 0.6007668700633593, 0.6310538184084569, 0.5051588435513611, 0.30244326617929995
0.5430925291386591, 0.48136362786268444, 0.46169693667963163, 0.3104705892791503, 0.2633457310373155, 0.4194084577510685, 0.800494267300311, 0.518950947083391, 0.5528156142248738, 0.46241322627804976, 0.7358161960842295, 0.04467495519460485, 0.7154790551527223, 0.36026330255091454, 0.6916202668482243, 0.30992184725552574, 0.6901636816102058, 0.44188694183984756, 0.15105078152645807
0.39257984784225697, 0.46688407358448347, 0.5627068125192172, 0.7021751183095237, 0.5690217989037369, 0.6143485480015497, 0.45571763478782773, 0.6071724299324304, 0.5050319939115191, 0.39364190975019314, 0.6434107815627641, 0.5685143607109311, 0.3626951277267074, 0.11319484855408657, 0.5266710722619266, 0.5245497241131681, 0.4135516447176555, 0.3741222287216211, 0.5060698111270732
0.4530249457613908, 0.4416429926616691, 0.2522688748472647, 0.6521827136930944, 0.45674152907904886, 0.5703937332272531, 0.6598399236378408, 0.7375186529380666, 0.5269072543898393, 0.5521914820734395, 0.562271057265717, 0.49995059945519393, 0.45231526776977965, 0.49365438254209426, 0.19055279352759902, 0.6143262399443582, 0.48822161140601955, 0.5653083057199146, 0.5638898807717625
0.6600393542692911, 0.39908711818507886, 0.5815842497354685, 0.7564306015709237, 0.6565531637803272, 0.5537187830380992, 0.7522847248359525, 0.7162125351717588, 0.14609631543259605, 0.5552542542064782, 0.54596375728252, 0.6608471573628492, 0.21785118962518063, 0.5315198353725327, 0.6325921081843122, 0.2873988346437292, 0.7466844069951397, 0.06951266507143639, 0.6995156826743114
0.22193374517416908, 0.3357301964707248, 0.5435434035327461, 0.3431684583883562, 0.45677964512161773, 0.7044973647345817, 0.7559159499890734, 0.34348385922490987, 0.4711608655401291, 0.4339537493269132, 0.4988793879257491, 0.5058945653425158, 0.7471574909092139, 0.27187246884261257, 0.260315053101741, 0.6225441000927194, 0.5978059629747382, 0.7771918947409933, 0.4322258433330678
0.8945631527897542, 0.34071616808567584, 0.5647941109747612, 0.4398273416061732, 0.5474351593556139, 0.45136698570240497, 0.30531236272599993, 0.22510471655796538, 0.41336820798972385, 0.33034978528105663, 0.5117899803610596, 0.6519618019287642, 0.47612235832189786, 0.5707225541249642, 0.4776166833854768, 0.38254454300793306, 0.21060725575859152, 0.48460252218273536, 0.4000602684677752
0.7064223720341629, 0.12396298850655729, 0.49813978806264364, 0.4319781025592876, 0.8591799175493942, 0.6124959025513536, 0.5619806369021707, 0.4733404926320586, 0.40343307550741964, 0.6096649955671016, 0.6039564998053605, 0.5334360414501712, 0.36766021635842255, 0.3648677314905661, 0.16943267936831397, 0.3556961405585324, 0.26633936740701525, 0.47045374295524484, 0.4485732724532431
0.5603779779432642, 0.6282629327080869, 0.7117894143963417, 0.47793376150755124, 0.850737046945882, 0.3214408023167037, 0.6910519833123445, 0.6247874908766842, 0.9742872452768112, 0.40851926618234763, 0.49135512483521904, 0.6370204692920926, 0.6825701318886195, 0.42140420293513225, 0.40582231777494127, 0.32951744666508825, 0.6439886899206909, 0.3487109410876361, 0.6992596533810724
0.5185597461342623, 0.5782250640328995, 0.6218227846967395, 0.3276413659522939, 0.5505287958061813, 0.3564522067175403, 0.6612529187252497, 0.33451317198665304, 0.22811786491727015, 0.7748315418404332, 0.5279003991026183, 0.5430900041884437, 0.6874034885371417, 0.5620441488151956, 0.4636771788148083, 0.6802494792887697, 0.508210529545516, 0.7358549612794798, 0.19895456943720402
0.6416253612260414, 0.5937925324298026, 0.42005945408623846, 0.3384509862954111, 0.5337113463006419, 0.505700257969468, 0.3189776552768161, 0.7274431994650944, 0.4824399697199575, 0.43884261546744885, 0.5502070136652703, 0.46699355091982486, 0.6750592532924471, 0.7327144400996344, 0.6424375238676303, 0.5214951969831626, 0.6272097155402989, 0.39870565751243053, 0.6131859399810131
0.3284776844240008, 0.3592687910916074, 0.5566219787820371, 0.3468225117284394, 0.2579957860372228, 0.49473027871594955, 0.456576321384472, 0.6776066245106515, 0.1608174480697332, 0.5441926790747756, 0.41701003279742294, 0.4090004967139178, 0.5457256185993801, 0.8978919416343563, 0.5280189420691731, 0.7168021373892258, 0.36443223237556976, 0.32822084183806643, 0.28655504470466053
0.4119604974714093, 0.35698432904524785, 0.6005914204549896, 0.5382380500102459, 0.37947188408310506, 0.8109556923780157, 0.6211546665031359, 0.46671480093063566, 0.5355680724789478, 0.3610600339888834, 0.38380503556795126, 0.3918974713386945, 0.24620149766382887, 0.31947060184850895, 0.6800952300865637, 0.4231528452644023, 0.3677581807814529, 0.6232420038989204, 0.5651212555358435
0.8815089751285525, 0.4154252189779094, 0.26405282557487025, 0.34000086902778043, 0.5223728977511853, 0.2824055258101945, 0.343087524812874, 0.2965677259192084, 0.6070901526099817, 0.4110758846469015, 0.5172369242208069, 0.6941989029585577, 0.44365280588662814, 0.6422812022456453, 0.5106627814620704, 0.5452958546988749, 0.6247924177288569, 0.19671734074353392, 0.43675267365224607
0.6336678440070272, 0.2947261702411085, 0.4046259355782092, 0.46186813924306536, 0.5997899973767821, 0.28301288145244874, 0.6231834668732383, 0.4186608208851569, 0.48713267592443416, 0.5824260067780292, 0.5402252104371712, 0.5714715917225689, 0.5295689533758093, 0.5669208891649009, 0.2958922706622197, 0.5135788866592819, 0.3933533357792982, 0.5125037670485101, 0.558530990133789
0.34415244506818654, 0.31814921352856923, 0.3664211146638907, 0.4838546525628721, 0.5153088324052911, 0.4331018558919989, 0.6609117973538569, 0.5163118662202576, 0.5898541292406071, 0.21504027890292532, 0.4732469486219428, 0.8414250184710654, 0.4132014827733417, 0.4070195172384663, 0.5907366337084562, 0.6310906077775269, 0.9046341368256255, 0.41785298317312913, 0.5068990089759627
0.7268745151206562, 0.585493627218123, 0.5735188357239637, 0.4462746232598304, 0.5490322716382711, 0.5057676559344306, 0.8501243641219466, 0.5118297494041758, 0.5190522905845429, 0.5905807428398574, 0.7208079091260416, 0.7089596912568107, 0.5034669791744093, 0.22868489937434572, 0.08552293993013149, 0.41333830575901187, 0.7018274319280255, 0.7461504729081379, 0.5574237290344495
0.7704979801201189, 0.4775779228225228, 0.5207607350687861, 0.6352553288302731, 0.5000998195391897, 0.6989985227280842, 0.23145002185226404, 0.504362886099459, 0.19973241389720947, 0.45992448917794543, 0.17123000337399685, 0.5521277080202476, 0.2696472094668434, 0.42957152485680616, 0.7468295102520304, 0.6154848137400905, 0.6624819776016159, 0.632651252175859, 0.5188347285965706
0.34741130670808196, 0.31058354309986264, 0.40442855371062647, 0.37415222266473736, 0.5484367269787894, 0.5270630280062255, 0.7671517967595266, 0.20081196240104493, 0.516330527287805, 0.3357942120205265, 0.3214840052003796, 0.7261231393967013, 0.4522322483872787, 0.4310267730939821, 0.5867656025822311, 0.32868328240901057, 0.3133762568828626, 0.25043468541322556, 0.5170959158417618
0.48889786638264987, 0.5063263023642511, 0.3958186542444243, 0.4366686781066426, 0.3291530386348055, 0.4714133804231503, 0.5491423083078811, 0.617001483332835, 0.29982625171540356, 0.6614269499953441, 0.4056113282899841, 0.7076831727956052, 0.49557268427504225, 0.39854559648718435, 0.5565105278879171, 0.6135620606920899, 0.29982540235874766, 0.5723462251855965, 0.5927253939412562
0.21534780597990066, 0.37385896980154576, 0.7162620404705962, 0.38517129933977134, 0.40704516198848706, 0.38927873137342117, 0.3725310661176941, 0.7719621906777163, 0.5260791158969493, 0.6893348084379225, 0.5809086928405789, 0.2267460233535693, 0.5393637683909581, 0.3931659012142529, 0.6653203032555145, 0.267817094089734, 0.6923862553159421, 0.545227666738159, 0.4171112382325791
0.7434785272018097, 0.6038473472529821, 0.5972113252664428, 0.22795188336872713, 0.3566210628873551, 0.44327543439656786, 0.532234823048154, 0.5079600323854869, 0.4486113120456342, 0.628952181122052, 0.27584845274932723, 0.6649771465650285, 0.4477491781399803, 0.45414971210542915, 0.2809854544803876, 0.34372614444873806, 0.501298914721886, 0.21184560563812865, 0.3708034586505615
0.6779609410950189, 0.6700830245862864, 0.6602212013468987, 0.5178632664071579, 0.5237362077523804, 0.39673355352020584, 0.5050847494216929, 0.6668413062917913, 0.2934129133048882, 0.5858213505069565, 0.06435288969374009, 0.39400853211205084, 0.3888861801606705, 0.5875923125666256, 0.901157263903155, 0.41842228665321723, 0.4536014660962303, 0.4767904652024561, 0.5650973822153743
0.261300592783293, 0.8363552149560389, 0.5508808796074732, 0.5152359586128443, 0.6555382403319299, 0.48999331064497975, 0.16338548731704627, 0.4471028712802989, 0.46598668443800983, 0.7783676888681451, 0.5443902807546213, 0.5232778568098567, 0.32982195836331335, 0.6160037341078243, 0.19798100359971904, 0.5758786554599122, 0.44201563642822034, 0.6229055194620821, 0.4924012912018264
0.4940425682676579, 0.3699712012783374, 0.8294172277843247, 0.3402666303150993, 0.33567374984444875, 0.4465795808732236, 0.5206563261569261, 0.5148660627655767, 0.7499164509796695, 0.5168988853042231, 0.652825474261816, 0.6274064508383005, 0.23373784387992613, 0.42341116430316394, 0.5745501081626568, 0.33453178929606775, 0.667911651568246, 0.4626960909125726, 0.4992187288448993
0.7702626644329665, 0.4248382492394095, 0.21492888015361988, 0.2054999345489089, 0.2788170913096525, 0.39385927138788457, 0.709385758525948, 0.7040022080577741, 0.31811044092759555, 0.6677073016836018, 0.732461773677878, 0.41845702707916965, 0.34523814166047373, 0.6424392531948862, 0.7944392107423128, 0.5749694544613764, 0.4489522204734981, 0.5488414302495513, 0.4530953265792938
0.30673319084898576, 0.7282932353751588, 0.7283256833585127, 0.8580242366687469, 0.5175476335458118, 0.539463441803529, 0.6142457878403041, 0.296778298139834, 0.4318036915837246, 0.3811574451498148, 0.5539721516644776, 0.2165527542550042, 0.6494726869651334, 0.48457227956048116, 0.26967559326230583, 0.36744520056569385, 0.45102971393750346, 0.47307611233366015, 0.7237596022284805
0.4695525619197472, 0.6823827066829855, 0.3771345513370308, 0.39869408580820304, 0.5775824443470994, 0.5107564411806994, 0.5738905384872883, 0.5291819429402413, 0.4702859494147147, 0.019640984930821836, 0.33075991690166495, 0.4841862132457441, 0.485883403298884, 0.4747785276915925, 0.26614273748083794, 0.4535775182416605, 0.5442301732871959, 0.2413927960846347, 0.5025202669034565
0.7133838563348871, 0.3911180120616883, 0.5563184881506456, 0.5370876794428048, 0.026896969106184554, 0.7058184994733555, 0.22204888711545884, 0.4022622655199111, 0.43797002214219066, 0.287392701880982, 0.5503133730313154, 0.4003846382874119, 0.6792778963733556, 0.39822605634545005, 0.5404472485812292, 0.04708538723109473, 0.5806155117665502, 0.5403008577626479, 0.24148585493126445
0.7333404711272832, 0.6917819219216271, 0.5621814988129107, 0.3714344443161439, 0.4550910551695968, 0.5751026732265715, 0.4806537050565613, 0.627962885803542, 0.2884367978988943, 0.5083857117291052, 0.6975162046558899, 0.6229600883273341, 0.4291443729378076, 0.4466305068985129, 0.4512888559605164, 0.45473404455531297, 0.6419489422651268, 0.7941653779775218, 0.6889287291925077
0.5437645410005707, 0.4009247195558915, 0.3456771582684897, 0.48938042938003706, 0.6120576605461359, 0.3121989875087324, 0.605236554437201, 0.22238790113309864, 0.4500930624873513, 0.5912077649432514, 0.7041631068272695, 0.36470078409169315, 0.41672604034099386, 0.4970725068377678, 0.6401568046040258, 0.6766912272626081, 0.48169959125370165, 0.49074832829910503, 0.5276691346172498
0.30145679741166276, 0.4623783134817593, 0.40079719804478264, 0.4715992482475771, 0.8423382325166495, 0.3872646977399946, 0.578542748248547, 0.41450913346566387, 0.6740975945512481, 0.6395912692495359, 0.6209718724716631, 0.6378812158246656, 0.6325336836501741, 0.3953276085494716, 0.4632601776827786, 0.3312177805314885, 0.6694103866611125, 0.33549262861110535, 0.5536231391305374
0.7851744006825698, 0.6178776113295448, 0.558185418370922, 0.6848730313510507, 0.5246456555974626, 0.6894003239779102, 0.39643326535164647, 0.6273256066618366, 0.2774546922558697, 0.11450729151490424, 0.39686755791315315, 0.455175358053435, 0.21902321118441037, 0.7962832768605171, 0.28611381857294743, 0.5468294585016475, 0.39369283826924595, 0.4984551217231988, 0.5424841253695563
0.7782574051248397, 0.3509039186352071, 0.9761837114625098, 0.20328332157073803, 0.5967772740172036, 0.6028419942493669, 0.8607430317381706, 0.5176078573819017, 0.305386545414596, 0.5023016561552489, 0.4918477329287432, 0.4299511936536306, 0.23053722458012804, 0.7116062465092728, 0.37387289960890946, 0.412778451139022, 0.459150050728235, 0.25042124215786743, 0.5947781293474846
0.5034139134529675, 0.3579128171436201, 0.43899198310541826, 0.2498882156090752, 0.5068299729630784, 0.5381334057021347, 0.4950036812379302, 0.6551139266500363, 0.5780542541722504, 0.6468604984955215, 0.6373585705469282, 0.5600574523467422, 0.4950835498197975, 0.504685850569379, 0.3999121894781894, 0.613795921913146, 0.03420751870549743, 0.41245120270518815, 0.23137890001465855
0.36346804632409513, 0.7970170358359134, 0.5869715126609396, 0.8127774341009074, 0.28881057526148596, 0.5876057012750004, 0.5674774058340398, 0.31054740060383484, 0.18099084950550293, 0.1601154760268999, 0.4486505071104063, 0.589809736919316, 0.2524053433007153, 0.31580058999991456, 0.33655288810258754, 0.8751568934457407, 0.5364188052875808, 0.45548337319790494, 0.5090766037123073
0.03517115676924809, 0.6401692366042119, 0.4988124832632838, 0.4444232752387823, 0.5962913261874921, 0.48335984171921226, 0.7626651091626131, 0.595296469657548, 0.5562193401354127, 0.33623550058900226, 0.4308382685478942, 0.17853969834312122, 0.36478294698504315, 0.7784088597675629, 0.40444227733348065, 0.5823274903831227, 0.6677122667208967, 0.31772509248090464, 0.6043009409780897
0.5051757185344443, 0.40245128236473093, 0.5556047746195597, 0.5081151407741045, 0.19194080250756418, 0.2526683975578624, 0.05555463345872136, 0.0875934317130877, 0.15036220488355617, 0.43223277442075236, 0.2955057372986182, 0.5394163148811595, 0.7681120547706903, 0.7080248802250511, 0.5128210127533346, 0.3478092403887903, 0.3986078006716439, 0.45541418010348517, 0.5464943791859829
0.7497817152994699, 0.5449111417632196, 0.24194975312966316, 0.43548003735877416, 0.4562118229374053, 0.6315131789936644, 0.5464054208596335, 0.4827434453149249, 0.757877122251827, 0.4494097175788335, 0.5741462341742826, 0.5892704924077214, 0.3219927005468991, 0.6043997074530323, 0.44149463536671146, 0.49107134146417236, 0.7350086882777123, 0.6263598107312855, 0.4799883362950332
0.524590420770421, 0.44564618973821984, 0.45984478107130816, 0.5643290379282528, 0.673743911427694, 0.4906100420992917, 0.48030797444803375, 0.5939097376861675, 0.4607646919248831, 0.394344409376409, 0.5348166624840667, 0.2282035581845382, 0.12608389250526048, 0.39079879017401753, 0.7876502952005682, 0.6802854411198147, 0.5200805599629011, 0.4050107914571251, 0.4411384242686811
0.41565488418038493, 0.6279116162274884, 0.30408779559790133, 0.5072768124093121, 0.6178926421900175, 0.17837875062636943, 0.19236967885156986, 0.22494875587237628, 0.5163993916255446, 0.6478283417941557, 0.3438618784822328, 0.31534950066331996, 0.3806445477184215, 0.419366875273176, 0.6034735190212973, 0.8625027010070645, 0.6320304383987668, 0.19490625259725447, 0.5956309832880555
0.3661056807309416, 0.6796795665673172, 0.9148944690843605, 0.4549703853738853, 0.6347271919192632, 0.6920267581356072, 0.5808395954317247, 0.559969588712022, 0.3430496392512558, 0.29097374317383823, 0.5826458585552557, 0.5958266772082077, 0.5869602334701642, 0.6014904826573668, 0.40344987813236877, 0.38774264243141443, 0.6156477113592634, 0.5272758313134236, 0.7780787795617317
0.6171937200600353, 0.6514527677881046, 0.43420530988757766, 0.2779417817012935, 0.4930224163359799, 0.36259001121576373, 0.6023788804692662, 0.2908594714437446, 0.3386816905565382, 0.18012685880953072, 0.3310654279570083, 0.14390473970565854, 0.6192394927826959, 0.37054985739279833, 0.4282499577274861, 0.40540126551660655, 0.8911094312045427, 0.43047416155194373, 0.33118888096894694
0.37172319578610363, 0.7737163189450893, 0.7174128299643026, 0.39449982726383503, 0.3201281011555516, 0.6922432396794533, 0.37203606184131555, 0.3864402415140415, 0.5661343318176637, 0.5754108278643142, 0.5682041643136689, 0.3358587255810398, 0.26077149624932383, 0.4875562031758957, 0.3140052766575475, 0.4809286022564221, 0.48619321582526703, 0.47132456113631904, 0.4372600728087691
0.5734416317908178, 0.29666553051905276, 0.6047412040384703, 0.3890805038680726, 0.8160959292456247, 0.49480315320768664, 0.6034580437282816, 0.6337358896131569, 0.5633062236559955, 0.6462050681977869, 0.4779524537593901, 0.16177263113406226, 0.3545392327631421, 0.45695543968626684, 0.8804516044602699, 0.5443001830835502, 0.45421235839963703, 0.3369114242491116, 0.6539826481964841
0.5462235238053743, 0.3019850073049228, 0.5189081620246603, 0.49272610132942374, 0.7526092540112161, 0.48797985823972856, 0.49862573984549396, 0.39316884434537147, 0.33240516459852615, 0.5062597097611213, 0.682004584717614, 0.3888350535306665, 0.20621626590330167, 0.41547997745755094, 0.6950062560041843, 0.6730570344838891, 0.6191895636936818, 0.42263350674459027, 0.2344791064957769
0.6374788656660324, 0.4448438489276731, 0.40566574703072533, 0.4000294225344591, 0.1399503124251258, 0.6163697492851657, 0.4439205839087744, 0.6342909340435163, 0.2942100232646383, 0.6940208926971838, 0.7569310503133185, 0.7120662959344042, 0.6922977435997637, 0.7360819225054478, 0.3306416442255725, 0.5133876563951645, 0.46539090411946693, 0.24338233945901372, 0.6141309317171342
0.6153048721028689, 0.5333446850590032, 0.31401669804494947, 0.6566009670303585, 0.33298884224202896, 0.2146323116212001, 0.32921873270705587, 0.40537792161368713, 0.4479870582002644, 0.3868397489273073, 0.28617253857530156, 0.5325400026354707, 0.7433127604532662, 0.5465181538654488, 0.2864489904109664, 0.6614746485757143, 0.578274327634513, 0.5814845214835251, 0.7757802261876376
0.5714911124248336, 0.31313861163831125, 0.11152763595654025, 0.34593624031540426, 0.8202535034738033, 0.5768609221032839, 0.2472182134129296, 0.6061071743869159, 0.5429416042252411, 0.5936226487113967, 0.39314781349094097, 0.5554776050223601, 0.6828977859959631, 0.6674750319472009, 0.3041196863038548, 0.4203150865544373, 0.5142853767993499, 0.5606694395293477, 0.7356742886306384
0.3775830268131377, 0.5397480793900473, 0.6529958983467348, 0.7403817548164884, 0.5945777822316194, 0.7494529678356034, 0.3477820027882818, 0.6152209523988087, 0.6017480244822018, 0.7138599201906453, 0.537174346550072, 0.9703476166300122, 0.5647383290862702, 0.43108677807936635, 0.6529858556697286, 0.720012591939286, 0.29471052620208316, 0.3453592514342235, 0.10238243810925501
0.41598697228240034, 0.45939444475775093, 0.5535036706614773, 0.5021664872829699, 0.5475816233017627, 0.5144020595260741, 0.2378673638406294, 0.6063426226012946, 0.42152914147569565, 0.469075389621663, 0.8250632587743971, 0.510550067368856, 0.4238157726729013, 0.5038815523938243, 0.763681438002618, 0.4076266885303865, 0.36202188046059675, 0.7721618058211934, 0.47650900626724085
0.7096484184360541, 0.5204521674765676, 0.43896241665382874, 0.5275079376216856, 0.4271700179603761, 0.35139421950544725, 0.5533987272771679, 0.5746685871453585, 0.33156803653428674, 0.5690992786514601, 0.1516049892127715, 0.600356526858141, 0.626911736064643, 0.37596461290918043, 0.3567428745275079, 0.28412670300107823, 0.5547616923873263, 0.1976411237586495, 0.38347770687353017
0.23824240243495792, 0.6729854010122036, 0.5146152960762773, 0.3941035325691136, 0.7796849782016018, 0.32218169622141907, 0.5377071360109683, 0.5264260978023492, 0.46920635284674433, 0.06329832708364169, 0.6542995025742762, 0.5361123741716515, 0.24725452667589287, 0.4032575181988091, 0.40057945508528187, 0.7652692213132439, 0.3284879170376288, 0.4539520694294578, 0.4277115554277694
0.605314976888099, 0.6270443582947809, 0.6239199804714458, 0.7686896592734231, 0.6962085300330082, 0.09854875607751346, 0.50254071051589, 0.2762154978714166, 0.35339554316978794, 0.614214706094131, 0.5646626066234772, 0.5542920327909383, 0.6907562268811762, 0.4482724831394893, 0.30039729497640105, 0.24591117614915758, 0.2970992776041012, 0.7985105531334581, 0.7813283270995008
0.5108939510319642, 0.6027340071173719, 0.6304148985317364, 0.749573831326955, 0.7127724950641312, 0.7213258497398602, 0.4917835076907998, 0.461231402779481, 0.7305463977988021, 0.7625806813220375, 0.5421980539285685, 0.3546590582335757, 0.47131567915534667, 0.29106144950215784, 0.5060993569714011, 0.2896693256369613, 0.7454372283683635, 0.6419505065636826, 0.5070929453403195
0.4783640655227765, 0.3862513409388482, 0.4374252585800985, 0.5061985164505679, 0.24755414381316743, 0.513524383349251, 0.40342758202686796, 0.3865869837572583, 0.7248339075854109, 0.39366676531280503, 0.33329546177134184, 0.31074149191562145, 0.5979099465461872, 0.5965337267776522, 0.6964357381307019, 0.34923600899193497, 0.6053575271848634, 0.46165533806891035, 0.45332644251072474
0.5226336543600121, 0.5138568484308865, 0.46887720373800773, 0.6840456485472197, 0.655797336112354, 0.4851000971303041, 0.6475897073533308, 0.5201306467684567, 0.10804033345433023, 0.6094530876104292, 0.42606685867086613, 0.45818488181426015, 0.4990060904608174, 0.7289661909077871, 0.3593942061813883, 0.5992507147153964, 0.6808973761447339, 0.7723612236499273, 0.3571509706511953
0.563324658263511, 0.47419272071956864, 0.6013977805996659, 0.3791200836967119, 0.47844238011844664, 0.5138263344761406, 0.4039084362073826, 0.5052028986538728, 0.7417095557178014, 0.1534548313466072, 0.36747613058338957, 0.44966627389258135, 0.612568739197609, 0.6489961680569336, 0.7019284856404737, 0.5998181721380063, 0.5173206375676976, 0.5908994280433573, 0.40988672164205125
0.009036440248521682, 0.12739614239920266, 0.46591476802058795, 0.5107492186506594, 0.4856973457347022, 0.26612521816888085, 0.33233016685627537, 0.5360541011738534, 0.5110880748092563, 0.673790103223011, 0.3952073277381981, 0.5056614152998703, 0.3794006655187609, 0.3672584413380988, 0.32603498904282624, 0.48868635711659836, 0.3452584891447051, 0.5473181396215444, 0.81729220446944
0.6508505654042223, 0.3785133978244747, 0.7671079244362925, 0.5839024582417244, 0.6851399932951308, 0.599131481619578, 0.10017457981627087, 0.4721683257822238, 0.41242430633147653, 0.5433150358637698, 0.6577877399443471, 0.42596566538830516, 0.44345763364412477, 0.3826861805469374, 0.23869006655287128, 0.4662257709663391, 0.2190536040186044, 0.6012033539935971, 0.11799630440118536
0.3269628305127775, 0.5451181509111114, 0.42008371030480984, 0.5462540353530614, 0.3542426566093573, 0.5263027130851611, 0.4152528548401698, 0.39119897174096957, 0.476779950585798, 0.5526909532878942, 0.2922841431208185, 0.11494792509826246, 0.7366252857880387, 0.6279507231903326, 0.6364168725978943, 0.7974567203279217, 0.4392244178138345, 0.38848296351349676, 0.4220229125909864
0.5418771776847405, 0.5390835553852504, 0.3554101697683729, 0.42957984565701635, 0.5348293923323967, 0.7196255394897528, 0.24945107516776832, 0.4228182529402705, 0.3725039133424307, 0.45910863118932843, 0.47656951777289297, 0.5410365706536546, 0.5635572866776484, 0.6157627614492845, 0.6670076035383578, 0.7124868515644199, 0.23049879853886246, 0.7510019778547381, 0.6979795132190925
0.6897447684947702, 0.5301918698465982, 0.41556678397144287, 0.4199003556023742, 0.7230598849039274, 0.23999367951620199, 0.7288000818669895, 0.35668912332867186, 0.4759364307328897, 0.3744229846871809, 0.7310608784274308, 0.6592840270705569, 0.4569213437983294, 0.5022442508290198, 0.38504211223209306, 0.6632407238154191, 0.16639855313383473, 0.8195269240290823, 0.4927055867979843
0.6789571194072861, 0.4725790749752862, 0.4395801009071103, 0.6279262433579158, 0.4917969927249627, 0.5796837916534238, 0.6078170051899857, 0.5773154564675629, 0.3988128646804403, 0.550195727099101, 0.33871174289425937, 0.5760295190423064, 0.36464184757016266, 0.45403239746677393, 0.8804134897591607, 0.45532422535047756, 0.7484474116041162, 0.3609083663030747, 0.3337399139992939
0.40235314077617534, 0.37733914042994243, 0.5171083699767489, 0.4328659659340665, 0.7300553514175449, 0.6701820133893436, 0.6754666191727254, 0.48294201079229876, 0.6711516652753107, 0.6203178199068061, 0.6237526387235178, 0.6381122333342619, 0.5833740251949465, 0.5928498529625916, 0.5423293112795293, 0.48539778191651783, 0.7459509274895155, 0.5604660233147809, 0.3924417877184849
0.6607746642880643, 0.44369141591849454, 0.4455244945296444, 0.5108262155738309, 0.4394082901424093, 0.4945584659759552, 0.3489929225664249, 0.4246514629617557, 0.49223351102182644, 0.470327722186661, 0.8282045387515248, 0.3863052525504197, 0.42282380007930437, 0.6808031765160927, 0.8294244537349482, 0.7582646371329816, 0.3957204513054936, 0.5075949980964484, 0.27428291623477485
0.4717299491633593, 0.5430010627602859, 0.7407099842481057, 0.5925762107663006, 0.3493594329011682, 0.4014400425606285, 0.26154582122831116, 0.3047274540388728, 0.6163714027811609, 0.4866903316991027, 0.3648898138584342, 0.6140528664192448, 0.5501348986020237, 0.28171983118036004, 0.3159850765330994, 0.4730450991527137, 0.6162345956375688, 0.593308835989273, 0.23402670525628955
0.4794336323633971, 0.5253696660796547, 0.4978324024343501, 0.5806140439979461, 0.4125241476930316, 0.6839109784682051, 0.6208830323848845, 0.4941909958760718, 0.3005078500401, 0.33937191998253596, 0.6448079000441148, 0.47218633505774266, 0.6498215175928547, 0.49799077449023166, 0.7156595530191195, 0.43405511598173757, 0.3464274637038732, 0.589518195905765, 0.6486494289964335
0.6792644060007108, 0.5645716663161329, 0.7068158634298372, 0.5650669575819597, 0.5759848844656333, 0.38016222512603454, 0.412185881033547, 0.42729066868283505, 0.45975688711450374, 0.3603110772537943, 0.5053134272223967, 0.3277113239471876, 0.5588473697243812, 0.65713310002934, 0.41809287525725325, 0.29869332693305223, 0.5342340104453296, 0.6359248978141032, 0.3450291643678085
0.4386312573620396, 0.6117364144676491, 0.5034261579156328, 0.618721852808448, 0.5604823458048325, 0.32424452204761556, 0.2738485857332099, 0.47486791749687235, 0.6328328059905353, 0.7098806376247204, 0.44288347784174104, 0.5058564606351689, 0.510936488353052, 0.3914857021585515, 0.3150518988919808, 0.6232904188794787, 0.5443488253714108, 0.5280904859995165, 0.41090349172626306
0.3629539305119372, 0.5998059970685934, 0.6558838494697607, 0.40784928376615925, 0.3211106687770465, 0.3147242750986714, 0.5482152881379811, 0.9232279509553516, 0.6054574894710151, 0.432630049055891, 0.5096149777975335, 0.47019639437030325, 0.4523497632648252, 0.3352518650585266, 0.2853508552674272, 0.5911781720310292, 0.18370050108044012, 0.6681353402702419, 0.3807534249064862
0.5123740941840346, 0.4323418631200152, 0.47972749312711765, 0.4849637464186937, 0.1099797197751684, 0.46150049451390496, 0.46590550376761536, 0.612554466763334, 0.40142530026040285, 0.35553812793758843, 0.6486387028476988, 0.6309238057244847, 0.5488462427721235, 0.4352333124120483, 0.45919810421284624, 0.6093873949553177, 0.6845903197551966, 0.480865210111044, 0.40537759738906304
0.6723288128477892, 0.1487455740160858, 0.7031616094988133, 0.41535568285652424, 0.6415044569804061, 0.3956883201549682, 0.5411291057343934, 0.7420323883189656, 0.5234649520186441, 0.4042053491661762, 0.7062862641666404, 0.5519808903332408, 0.531459233949924, 0.711159677790501, 0.4542648856547797, 0.38002693139287663, 0.5885842548158207, 0.2669749056726931, 0.34269905128401135
0.5684631076058478, 0.5440974702302527, 0.5769676246566231, 0.5832977180263372, 0.5585991868491775, 0.752241137263197, 0.5905843002394867, 0.3518277334456908, 0.265485498807739, 0.6299120385565129, 0.37469967596183806, 0.5264619201793715, 0.47304403297868247, 0.5085391995173855, 0.5423892014525779, 0.5019531348560512, 0.6963009156313851, 0.5685039781824269, 0.5069913146861823
0.6667149534979555, 0.5216717738197919, 0.6904779282063043, 0.5651161998706428, 0.8597817120922602, 0.47498596229462703, 0.8032448618496233, 0.29682690095771935, 0.3831319461838086, 0.3730852874686255, 0.6255413394182504, 0.6408790677067648, 0.03548138658873612, 0.4694851433853049, 0.664478419542412, 0.40142874479703106, 0.7448235741478708, 0.24243986168632153, 0.2833914388915193
0.5563470340268518, 0.7090183957940026, 0.5779243599519556, 0.20123661218549216, 0.5309422576148632, 0.3329928918053007, 0.36272819953214014, 0.502156752131294, 0.5415138333078456, 0.39592054477331395, 0.634064092792568, 0.6411763576503056, 0.5327292115997235, 0.5302540604017987, 0.7156769580611139, 0.6672004872315468, 0.3324072759318881, 0.6931694335924805, 0.6824577825023754
0.6476678966101123, 0.6215878091892024, 0.6031927678709523, 0.6330993582105479, 0.5744765678810646, 0.6303069722246011, 0.3629642427764205, 0.7718257248716934, 0.24010697882479654, 0.45275515038197184, 0.4228785712879358, 0.3934399617255141, 0.36219100777286634, 0.3673368690140382, 0.6713877146254754, 0.4863296695244449, 0.31348004562102466, 0.5850774436342929, 0.8690520900951133
0.831508814983749, 0.49228550810443045, 0.2585476594486178, 0.5503733923934188, 0.4641111472080392, 0.4866295296015057, 0.6588559666427274, 0.4622778851546296, 0.3608984230920271, 0.2625089083576697, 0.33166080185814073, 0.46131455264690696, 0.5155083820642312, 0.23482030528639453, 0.5327699084033656, 0.42787978107408653, 0.43183400105466807, 0.5705331451200103, 0.47845805586677564
0.567460022489221, 0.6227422762721709, 0.40716967098188694, 0.6535639839100705, 0.3713093456365164, 0.3981324601583318, 0.6955044687733294, 0.8354371708481216, 0.6816853161915563, 0.5567456330236413, 0.19776635862745806, 0.265843755277288, 0.44681907133599896, 0.44957026963848157, 0.4044171653391703, 0.3834849010650751, 0.476042420570288, 0.369316845813194, 0.3676191671922565
0.6830608921273127, 0.7938995770692653, 0.30216632096464824, 0.320597183174828, 0.6516818602656771, 0.4652507169723423, 0.4159103762054278, 0.41248854001421553, 0.41501731971457567, 0.08775560879067229, 0.512963982668507, 0.4854343957491828, 0.40674469364980664, 0.5798336215842284, 0.8413650332473765, 0.43064271464122594, 0.12725799660135118, 0.4771147791914329, 0.45462581280121966
0.6855650700918974, 0.3582144797433018, 0.5290038481208207, 0.5075956128002284, 0.4648360496431341, 0.567052271809253, 0.5433043376920679, 0.5969960206305469, 0.3772314295248538, 0.7069967691272422, 0.5984589246790366, 0.5549709306771566, 0.3880588852869416, 0.5816013078147135, 0.5057000266510252, 0.4947068356339076, 0.5021820574761584, 0.35314540340934353, 0.7169410009496608
0.4430083919949674, 0.6224716131413296, 0.49330248869702464, 0.4159987131398629, 0.7196342615646529, 0.23762242295614588, 0.5894583310823613, 0.9033102011295229, 0.7109602236991364, 0.33173631934473785, 0.7148144500884152, 0.3037831091896982, 0.34710629570135215, 0.2544861955838813, 0.5545882074240397, 0.3508788123898026, 0.5376032867774324, 0.777264026409757, 0.3288328614429997
0.27935398345637685, 0.7511330948793697, 0.6518305311656741, 0.4309673759855572, 0.23357863930924327, 0.5831116939954473, 0.35095684916153325, 0.4507184404471758, 0.6392529552111011, 0.9561303785013747, 0.1233752287729486, 0.30887806114097843, 0.6230534362011675, 0.4820442925268192, 0.36020215182493037, 0.74480460935508, 0.6224001909409627, 0.5914255196325715, 0.7799047531411414
0.4372489878685758, 0.42307928602736194, 0.7758719514871966, 0.48560189404742554, 0.3382999338603896, 0.5329165235366314, 0.27206363766938063, 0.638769939880889, 0.6234226070159063, 0.7144610006854855, 0.7912882276467835, 0.5700982941526819, 0.6085657298383971, 0.445858895662906, 0.41076012556864117, 0.1346275219197658, 0.43657062615806835, 0.4007821373840036, 0.7466394048171721
0.35273417182286054, 0.3976058144760495, 0.6521234520974118, 0.3918143565058411, 0.7576112108720128, 0.48055064174963985, 0.7205031036217737, 0.8427805796742069, 0.4688055058350851, 0.5918798292277404, 0.5151727572765342, 0.365274420654267, 0.5308070230653555, 0.26859539186807957, 0.7352550442816879, 0.5012535517341735, 0.5098228059900818, 0.5142174456018419, 0.4913307824928999
0.584071331647477, 0.30283727124464355, 0.5971973272747746, 0.2979231546946126, 0.45875757813853957, 0.2736178955452184, 0.4476086944344139, 0.4775523647328185, 0.5034497536190058, 0.8312108161016616, 0.6941407089932861, 0.5629678219961749, 0.7866332900509648, 0.28462493127693117, 0.5329731886972757, 0.6602701946827594, 0.3815537657696462, 0.4023719692741929, 0.5650074826956626
0.5612937760707998, 0.593536679495295, 0.8670774192234295, 0.4411213569532154, 0.2938235697305577, 0.6224217459482095, 0.5136619047949557, 0.5564906051288155, 0.8543911488242015, 0.4081731936876317, 0.32783566529075703, 0.41944058838949244, 0.5544337918978645, 0.284064003691871, 0.6537113204363629, 0.721015136613718, 0.6386601942122556, 0.5188076560175207, 0.4903029930368787
0.4454576040152628, 0.6837201145528709, 0.38843476829144985, 0.6790517460656871, 0.44697191240135553, 0.3163256969436611, 0.8678869202454722, 0.2721342559178067, 0.5646476483047417, 0.7836743229969769, 0.6526793958416486, 0.6410574516688334, 0.574258041727115, 0.42988325463765653, 0.36810632508048075, 0.7556574447673481, 0.47750626525975814, 0.6121567723440726, 0.3120927438912592
0.5149568474433739, 0.7005819120686159, 0.3684638970682173, 0.4130129359949856, 0.6988238864202132, 0.601053311328018, 0.4349752905630827, 0.43139342561146454, 0.3421392939554263, 0.559084634558646, 0.3741604191236861, 0.5136948718524333, 0.3801640053402615, 0.3182359420445365, 0.29084767629304464, 0.6067837795072061, 0.5905097959986846, 0.4719219887318025, 0.732504371531652
0.14962274263135694, 0.646641244496498, 0.3081963722172809, 0.5533429193730892, 0.2902216310003547, 0.43224627498551904, 0.5644639231300549, 0.5238858840546322, 0.721710935801772, 0.402154709576296, 0.4976579950272528, 0.5349340900792224, 0.4399032940305701, 0.4141727038508884, 0.17708628782439628, 0.6795468670231057, 0.47979060847445676, 0.47686318577348297, 0.5869730129604371
0.7727927280156695, 0.9048904122129213, 0.46445092403090615, 0.3711831799751024, 0.48498835861037803, 0.4000432985023475, 0.23386566133266556, 0.8194959606724843, 0.4136220957925014, 0.6499793708498705, 0.5036904843146787, 0.541355195163686, 0.4829802081775835, 0.8203768854424831, 0.42474366960838017, 0.8170656011488292, 0.3693538766438591, 0.21490635540167768, 0.5849241805937053
0.6937719472196846, 0.3166409194562338, 0.4000115668940597, 0.6404775195246687, 0.49184682544586017, 0.439331976098427, 0.6428865119138965, 0.530604211590338, 0.5801355203519443, 0.35938723089695596, 0.6321912476309224, 0.37242050723124354, 0.3878496213025463, 0.12883611627279967, 0.6192605009253342, 0.5713356000735952, 0.6493346331844142, 0.4505453876210692, 0.8266514178220293
0.557290552884069, 0.7445042412215406, 0.7968632623783798, 0.3073155407568894, 0.5805317036687769, 0.5247156725814119, 0.4749024554949628, 0.42425696167188215, 0.413188322937318, 0.4690718181357173, 0.5153010674305609, 0.3431488600376256, 0.5272917298459274, 0.39861033079899527, 0.2669498784970974, 0.40986618770204253, 0.5139954182428466, 0.3897577278794724, 0.623859388483742
0.19186226839980197, 0.5369810593969762, 0.6726430616970092, 0.568615805377781, 0.3506824222422296, 0.7280655039135875, 0.45638762527414994, 0.31159726503817686, 0.7099817935295853, 0.6088840635636797, 0.4524080295542242, 0.6149729237384084, 0.3009626370182339, 0.4135874549809568, 0.4466319308207896, 0.5551854203797051, 0.5645942419782979, 0.684384030336732, 0.03929161480082838
0.6939654536362545, 0.4331067459070991, 0.555459447319783, 0.6122442741528076, 0.45751189990955765, 0.4454702283869515, 0.03412574843964111, 0.7370917474906373, 0.5678366439637864, 0.32327030004911467, 0.2812131542751618, 0.6935980706459228, 0.5652413208424818, 0.4834647726198283, 0.3416335048236312, 0.47000423426647103, 0.5907082094633, 0.580913324686269, 0.3629936739807126
0.2503350851199401, 0.814620343042981, 0.5292201080960451, 0.47935022710060643, 0.6824038605623282, 0.5863463907275437, 0.42663933909906154, 0.7736106791164585, 0.42181743934636395, 0.7929694630804244, 0.3500103317894297, 0.44713263639238304, 0.3093285102798566, 0.4606654077521914, 0.6003827874846188, 0.48176808539362176, 0.45104034511733165, 0.6824949020805369, 0.6992728474419867
0.5659931702034816, 0.5522109964669325, 0.6324796074892082, 0.3119058779548508, 0.6522020293871706, 0.4671117767780289, 0.3118788128336083, 0.5088041117858889, 0.6142261292298721, 0.31333063692089314, 0.16797737753447944, 0.6015250557740572, 0.536261606850313, 0.8625335431946598, 0.5228998385417855, 0.5718577003455818, 0.7843298152214473, 0.33498250703688254, 0.5314252794877774
0.5826126091416083, 0.5949934642027422, 0.2642776672019006, 0.6531935084042797, 0.7680542581207908, 0.6349998210518488, 0.8040745291494942, 0.713087593789396, 0.5549168253349492, 0.6228711247947162, 0.5830908490782383, 0.3212065195024446, 0.8730045595290565, 0.3433088274587654, 0.1961363215124834, 0.6003436894561519, 0.665727954090201, 0.2420161172562228, 0.576736153970246
0.6375733145768501, 0.46353694542454177, 0.344388456176087, 0.698075432131677, 0.25899512620705595, 0.6084057190204424, 0.505125924867745, 0.7203381492308574, 0.12647643479473902, 0.5878009632802351, 0.5948911959312394, 0.4231520200966277, 0.7162124886234577, 0.3519490939815003, 0.5099958086930768, 0.39963586341588525, 0.6367060797389626, 0.5537013164524844, 0.243729073910743
0.2055498973858123, 0.4912904902179809, 0.21876647922564008, 0.6581206435687239, 0.5163454457858544, 0.6069598850218496, 0.5421978175948717, 0.4606420096050621, 0.1929764088958666, 0.5406586069133569, 0.6246996779946259, 0.6259986612788359, 0.5309363426699232, 0.6448882477315652, 0.3835467001871288, 0.2333624014031353, 0.32677505756444114, 0.5628605661315689, 0.5023409413343833
0.40759882870111586, 0.5885537404377325, 0.19038390553953344, 0.6950556120842388, 0.37212861062763525, 0.7240850029526186, 0.3856245147772964, 0.6688978126803746, 0.4596997539837508, 0.6432694907805594, 0.5769303953096925, 0.2899855178720935, 0.613361723974786, 0.6933938621972723, 0.5208851440224608, 0.6416982688715398, 0.4432290384833579, 0.5934095002058261, 0.6048253605805362
0.5425010863967643, 0.5092531916784037, 0.46816475311576583, 0.1368233499375035, 0.7875119402505135, 0.3519660217737971, 0.21388654520467926, 0.5784042800093383, 0.5402316995122003, 0.5266995987300409, 0.8315732609290939, 0.6772342765771981, 0.5441649050394114, 0.6033380285399281, 0.32328264450747235, 0.5020684533225926, 0.6407700470651636, 0.4929313509197877, 0.3236909799348441
0.195115568193378, 0.4570517354352077, 0.4066310817619996, 0.7571020327440706, 0.6623619300517529, 0.5941513388911863, 0.2864798025630479, 0.28388028344061944, 0.45623080343199557, 0.6905288790068873, 0.4615642483239352, 0.23867132900069266, 0.7238481014242908, 0.5881108140507273, 0.5024003524341285, 0.493182553441115, 0.3972618836850815, 0.18417534223789184, 0.2699383167211207
0.675241566961657, 0.28977812328283614, 0.370286010525691, 0.25208240608625865, 0.5992496388286634, 0.43478771338901623, 0.5184321278908406, 0.5195759851469447, 0.39926152251075997, 0.2893625886023248, 0.6292319778501225, 0.7398634653870672, 0.9013499803884467, 0.39341857125365454, 0.681398410099133, 0.7034906541540483, 0.49298421501703127, 0.5066629586302016, 0.4443122451631328
0.5663025517030877, 0.5501678047727052, 0.5588975687841419, 0.5839513418409659, 0.4464193682693026, 0.3950235383931513, 0.42024487258797605, 0.5271374552161345, 0.651390847552678, 0.35635033350486234, 0.14411016141275312, 0.4224902411705221, 0.30726482057226423, 0.4792228877543234, 0.7373428786985263, 0.7038933166313324, 0.6228831294682751, 0.5823436763012795, 0.60771043599177
0.5179479343691522, 0.24387365508517644, 0.3395037664873167, 0.6803056475127935, 0.5062852526556697, 0.42148001671624047, 0.49975868499240156, 0.46226031082409114, 0.4013877221978679, 0.6732582477080353, 0.24496766483390842, 0.545897842213341, 0.36374057680157473, 0.37104459406245904, 0.41837779311530987, 0.5163296367400455, 0.43205737527806687, 0.2676006727924938, 0.5334409791789725
0.4271903582030211, 0.3313318286206651, 0.6264246565877694, 0.5322450355689863, 0.7054136929597641, 0.5720257747749057, 0.6218364626520553, 0.1328410892874452, 0.28963552635031303, 0.28653698560008045, 0.5623061213331528, 0.8149979144324662, 0.5065643141866637, 0.29690742067468096, 0.40557515123595744, 0.7247261631992707, 0.7878781706458965, 0.7415071884187205, 0.5800338664041889
0.5429105477786154, 0.5737344416008304, 0.5632161868798096, 0.36350655312981023, 0.2505787532538901, 0.39530621582070713, 0.5923123114734754, 0.6678514032721813, 0.527576700929334, 0.21459259934578023, 0.6056797419883793, 0.1138513826902745, 0.3490717966959354, 0.5734231360530817, 0.571761491695758, 0.45077934058603536, 0.5587805829892605, 0.3347674468091204, 0.9871314847875388
0.3775987526740616, 0.49455628224315223, 0.48244224122279, 0.5206995154780316, 0.4250393286582286, 0.5541610880483109, 0.6014217120585758, 0.23713959760118386, 0.5584507691831845, 0.3522908055473416, 0.46788370432208737, 0.4001992253590738, 0.9488602727419015, 0.46751311525026806, 0.8564255645544138, 0.37860722480320536, 0.6360997116742128, 0.477920332896445, 0.331987629374509
0.6208211924054503, 0.696378431080028, 0.4271694655477594, 0.3147235022873094, 0.604321068952113, 0.694323409181954, 0.5716127079762411, 0.5377624098294416, 0.6159099941649497, 0.45883057144332445, 0.2313116342250342, 0.5220551974972589, 0.2639970945059307, 0.2547011136533707, 0.7061780247464252, 0.41008353949239634, 0.6400245249499282, 0.4894778830573644, 0.16057545498031595
0.45232962132207205, 0.30244597710743415, 0.34871175414884625, 0.4875168173051606, 0.5223082711170604, 0.6907713552123153, 0.05582883048014842, 0.33713299231261107, 0.4883534485451002, 0.6733595572728369, 0.18605703995778056, 0.4386380833422441, 0.4381963488600977, 0.8057189824485, 0.6042522665551502, 0.35544772792138246, 0.4594314085644484, 0.48138552068146273, 0.42187258800609506
0.5230779613994787, 0.5886112171438815, 0.36233653528359383, 0.24922021861850996, 0.539926065293718, 0.4413364268373188, 0.20748551919225144, 0.4164539758053027, 0.49088910454234996, 0.7561123921567149, 0.5228680446774805, 0.6515665000180987, 0.46397165664606516, 0.7081100157582321, 0.4741047917566535, 0.31235956173808443, 0.2714115413705596, 0.5222926793919086, 0.5489368919927392
0.3984785402178679, 0.6991427527323635, 0.6211225019986825, 0.7914603429960456, 0.23114936600842956, 0.3605566645100325, 0.43238017045088006, 0.5433807327731962, 0.6659719656418499, 0.21863767395724282, 0.4458243735516332, 0.737437167906323, 0.36897081850804614, 0.4364791720564608, 0.5699928336390379, 0.37570237306009, 0.7027676683816997, 0.398256081183091, 0.3246059430140708
0.5548542676496927, 0.07085187841986235, 0.5588309724202885, 0.4751880399361288, 0.6418981420656669, 0.5161727719232504, 0.4212442612115128, 0.7818253603894028, 0.614010767670384, 0.574904016695666, 0.7164026434454149, 0.2933086775736705, 0.4377052497232989, 0.46661404516884997, 0.84325212328566, 0.5723000952026456, 0.49310564776214383, 0.26791307720396385, 0.7649277834851771
0.47309676835296827, 0.5971598869098108, 0.49291015780985725, 0.6157744290768212, 0.27672043587456785, 0.4569687735356862, 0.46996563092289845, 0.4944810548331245, 0.7460124954604743, 0.3809603090539583, 0.567799479609896, 0.421646079401675, 0.45274369157458216, 0.5489338389084365, 0.48779872517371425, 0.7286387432443703, 0.555944708127156, 0.5164944309956493, 0.5665515896076923
0.3391527397881143, 0.20483072811796216, 0.4094329583816735, 0.39406060877265736, 0.48701313256011974, 0.7894858954312167, 0.3890729162995479, 0.4549401165481861, 0.4392936008733402, 0.44381772418265397, 0.14311418189984154, 0.48976720266763635, 0.39587446297497053, 0.46622018394526266, 0.41530394604503856, 0.5643806452310378, 0.80855519257351, 0.005323501622627624, 0.49960706392907706
0.5640239493200692, 0.37121166886272755, 0.7463165349850571, 0.1629769147120671, 0.6224445142398329, 0.5525501552918985, 0.7044587920318603, 0.4828657452959164, 0.3547966548578914, 0.35493518279304226, 0.33137114495829634, 0.6589135234518473, 0.5126397184517003, 0.39507335939341715, 0.3818654526834327, 0.5670541699463301, 0.5609123952075954, 0.43474804964765973, 0.32050881213137117
0.474041977237419, 0.7320965812094575, 0.7437322354018885, 0.6446592641113441, 0.3825974476610411, 0.48049137574397305, 0.39078792092270037, 0.39182117268516137, 0.4960221995466201, 0.5156293533667646, 0.7686618798951127, 0.5343450823627549, 0.44509335345243217, 0.5492024335155622, 0.6907734506533181, 0.6886615741358691, 0.4954194157530262, 0.4746747512512959, 0.46401848218687947
0.6169898961391149, 0.67712597996774, 0.5675429466107067, 0.6200688696335681, 0.39203439873365187, 0.261936255706479, 0.2157254854103695, 0.2230095628166971, 0.6546480176904446, 0.5634285899579383, 0.4657568460714015, 0.6594773637133042, 0.5900678884335913, 0.38617626136690497, 0.41333846389673795, 0.6939924224671035, 0.3473544006985759, 0.5790230900178437, 0.5462721085777092
0.6930830340763355, 0.35732665435259814, 0.44189883585993517, 0.7703615260703431, 0.769927058895672, 0.46158660279927866, 0.6948528024374678, 0.4611524837346664, 0.6286572594418323, 0.20200720069907574, 0.49311098733612674, 0.5556674733715096, 0.5478783243788766, 0.6384317668966248, 0.5806594150088773, 0.7038504539161101, 0.7289002258872239, 0.2926191306650406, 0.5239418233268522
0.2655593100598205, 0.5352515570649922, 0.8068818128824475, 0.5779218008367437, 0.3788533819191024, 0.6681616947431467, 0.7900860377505288, 0.46238542759382145, 0.5743164155610758, 0.3227912520987345, 0.7468484966298881, 0.5676167846102903, 0.3328126999832287, 0.6852379628133227, 0.5591535494050642, 0.5318130690288838, 0.6855233846951376, 0.5464817102971056, 0.4664313726337236
0.6670478121078841, 0.3867047690835075, 0.6142746075372082, 0.6516530995366193, 0.6611428840345233, 0.10732263432620204, 0.4946929448674698, 0.6331492135765744, 0.692008365013707, 0.227525258984975, 0.32255673301973303, 0.2687965241652224, 0.3590827315887568, 0.4594383588685043, 0.5355657800449477, 0.5315187654944109, 0.44024362888794094, 0.3937166981418595, 0.7153006708113507
0.29602392131082506, 0.3532608599485519, 0.41273093357061985, 0.40461216911138, 0.6451782224548694, 0.44450011441660875, 0.40320145022221476, 0.562394153463266, 0.6704869164005045, 0.5393093118175226, 0.7946170648247902, 0.5017018551147199, 0.6946927863514485, 0.43615652401595806, 0.6447435443086362, 0.6358532786905537, 0.46264712163439564, 0.5699604177992852, 0.6293222713408083
0.7817141347137592, 0.6677072581708237, 0.48181277009226336, 0.4264529950105843, 0.28331984195065724, 0.7372085146430389, 0.2535675873221539, 0.6100727121275362, 0.6009795106679969, 0.5538043438787933, 0.6364171592146031, 0.8722268921279048, 0.2913446780989295, 0.546785271101022, 0.37103142475145867, 0.37973573850940395, 0.5686792934993405, 0.36724074924610534, 0.4379156822589179
0.2831937088633831, 0.2650100451044945, 0.36588717279854954, 0.47513831706951387, 0.32732828646376444, 0.6426096584227006, 0.6325754263127235, 0.4725443690759173, 0.29207175297882837, 0.6112856872857065, 0.7605839128685626, 0.1171498194542877, 0.3569263086117873, 0.5692852467388531, 0.48651300795767355, 0.3807308715093172, 0.22082998237458767, 0.5066178967314379, 0.22444517605435865
0.5640572568603088, 0.29406145023562036, 0.3991736128780544, 0.4479590297382341, 0.47260586238254637, 0.3647899859557763, 0.444347618863478, 0.4607330095369449, 0.7087338301476741, 0.5152909082129866, 0.49617733890571925, 0.935659269228926, 0.249445313869525, 0.7613412072778164, 0.30097603449295585, 0.6018063336223811, 0.7762333526666374, 0.6483678269275397, 0.46160432426676684
0.23696507011270274, 0.6557219075623131, 0.34712946729450855, 0.34419243679677863, 0.7170919966548062, 0.43474003054187765, 0.3772255929142443, 0.33535361113126555, 0.6088497683397239, 0.4436595610081858, 0.7035932136997625, 0.3750691919157506, 0.24077503645380022, 0.1134065125017294, 0.3699599457340858, 0.5120948498354996, 0.6391508868926088, 0.35906632412092176, 0.6220804050778882
0.18314264286639081, 0.4196718912269619, 0.39354075221868245, 0.2095595612544623, 0.6089007622547948, 0.12490244442795051, 0.49623426214844946, 0.5773206610250312, 0.691520110322527, 0.6131325141524865, 0.5910804440049522, 0.43082296849677326, 0.5083248679295026, 0.41904844736378954, 0.5086096678075692, 0.6818000309890793, 0.5249503947223972, 0.9493307813239015, 0.5695941219216877
0.4592595086598965, 0.4251314261849349, 0.16432649247208575, 0.4121421755172576, 0.7544677718700032, 0.6246226775771915, 0.5367379605221485, 0.46392620043193944, 0.5224515507993258, 0.6790156286164715, 0.3013749100398244, 0.6728911663261214, 0.3741259151915509, 0.4053558066797085, 0.2563271437823129, 0.38641457552529457, 0.3783004241831962, 0.24627444160866918, 0.6339115518696445
0.6272651820135805, 0.6906405623117682, 0.166888224207549, 0.3059383274519447, 0.7989040167631568, 0.6956426003017737, 0.6680779899268332, 0.5925229625719397, 0.42747592867710477, 0.4569835165063426, 0.5658481900605999, 0.2668047014235515, 0.6949335609674854, 0.4743663236298409, 0.25042056144116953, 0.6325889570700344, 0.6194093682437802, 0.22164300524231917, 0.6444063955642347
0.4628489543008155, 0.18619094285992177, 0.39481570136026356, 0.30713324772606515, 0.48676487684519365, 0.5627977469641188, 0.4889402725301624, 0.6248449102968637, 0.1307634823849963, 0.10826863202484127, 0.3029269631342006, 0.22670315193189833, 0.6704607038897598, 0.3612829926552781, 0.6105322446727164, 0.25640872283678, 0.5641353593937054, 0.5468947107500552, 0.03915449057939541
0.3555655490670262, 0.3745672999321864, 0.26283156781784534, 0.3158492082751061, 0.4617815129054524, 0.3187505981957561, 0.5247237100421924, 0.34708072598683204, 0.8682155680633105, 0.3075659736065124, 0.17503173554052187, 0.7104544615948116, 0.39084425704257775, 0.5580283366334325, 0.7738968368706274, 0.7773229897885229, 0.3733187121850978, 0.4241343958126858, 0.17243823362278132
0.4326775709678795, 0.5431256917595227, 0.5220147255605861, 0.525834068434921, 0.4969118942444145, 0.36361447545429293, 0.7183014317680456, 0.3976474706646644, 0.7204500855515514, 0.25504443353753925, 0.6428013742141909, 0.7857124928624606, 0.41635799463396306, 0.7750234289770833, 0.41910917042423557, 0.30346308812925704, 0.341223677874851, 0.5521054688161438, 0.4897633321912876
0.48680337150845204, 0.5721590772051467, 0.31084239864306173, 0.5230192923644491, 0.29808178667283464, 0.7311903307388742, 0.8138432138528795, 0.11078904962496805, 0.16037787447889174, 0.4533834290121748, 0.5416301234501596, 0.6223763351228558, 0.5764376472040518, 0.515123049107195, 0.5965617535223995, 0.5144936137568922, 0.5783190134420654, 0.6886236290935737, 0.4413490000061101
0.48956907546944267, 0.7252273465104729, 0.5132005681839474, 0.9052791712921266, 0.31435169631379295, 0.34003263066978323, 0.4547575577690785, 0.32948216317561607, 0.6849767638034686, 0.3190527586281886, 0.3498295376126984, 0.487586187936114, 0.5751020780491259, 0.40587948788224937, 0.4415069684413768, 0.3801525605649711, 0.5204174932483548, 0.6743254074309935, 0.7118024644531502
0.8144275374569315, 0.6258311667534004, 0.48065248068334687, 0.6103176697626205, 0.6918095095583912, 0.6526159273794737, 0.5873566877580044, 0.8550471570490907, 0.4029043070247074, 0.14438973931986798, 0.4306605935037753, 0.24170189853431745, 0.5343320926714656, 0.4683591184257373, 0.5371085995072439, 0.6337177458699677, 0.49472471425960385, 0.3429506228591756, 0.3075723604526906
0.8013955688739463, 0.7849393835956084, 0.34114913439764505, 0.7133088465061145, 0.41232153252310844, 0.3391123768067232, 0.38127003964845607, 0.5037783709833277, 0.27156780606296527, 0.47638248577789555, 0.5306626695079002, 0.09528222395199804, 0.729075812670633, 0.7435549404744775, 0.1940707878595615, 0.41495418494945, 0.4458411744628051, 0.5619408277524552, 0.755677022739665
0.2518999037813269, 0.6507046326696265, 0.42936131355016705, 0.729173540251785, 0.32040441796044994, 0.38551959059166657, 0.2648472054609812, 0.5900285215898826, 0.6489826844400752, 0.5647195070661999, 0.11857088973203384, 0.62322268014715, 0.8087454717110036, 0.3071132567191017, 0.7889867293541577, 0.525787689122154, 0.6515440376623995, 0.7749605459686103, 0.6672622646384245
0.3253956840787191, 0.3802502310846898, 0.3910715425683043, 0.47744844287770366, 0.3869770924561007, 0.5305085689255545, 0.41955905539656085, 0.3284011731749926, 0.7043816763823333, 0.42924663377081884, 0.4425487467388701, 0.4423286434626324, 0.8312074848979818, 0.4166280892663213, 0.4313539377601432, 0.7243712596514671, 0.39834317762019833, 0.5556369414682036, 0.5596541911990778
0.2868965542956979, 0.6191889876614163, 0.6578441851492515, 0.4230027242489125, 0.5667350714383143, 0.3149062236547223, 0.8221270413159648, 0.28382228836399354, 0.5334319531651586, 0.514643202138361, 0.7050865100685724, 0.7724376496443204, 0.44876657995004604, 0.38326009910251835, 0.7120526749467143, 0.5281125441219112, 0.4647437403602429, 0.33374528673546777, 0.3538955209777991
0.16454948587499807, 0.21460154755143623, 0.49367718972178576, 0.5825226861857549, 0.3436803288565603, 0.3759481632406704, 0.4020678415100893, 0.4547028091540312, 0.4334450614215232, 0.5703250494540409, 0.5086933422152577, 0.5438405155325112, 0.7448020519521055, 0.6198551242226871, 0.5392881955970847, 0.41776214263978984, 0.42393441328114545, 0.5519312781788512, 0.37148871896179225
0.5432779285440146, 0.611948007225586, 0.34732345056494685, 0.502025388636649, 0.3685169041953654, 0.13317870313411284, 0.6153533650575902, 0.4290688067067572, 0.3904427876939671, 0.4069549135102485, 0.4096116502577307, 0.5146521632733436, 0.728075907801409, 0.2627386460953325, 0.41197814534188926, 0.7114259429971929, 0.35992221602671437, 0.5358363662198501, 0.6042710214991652
0.194850884218,24.3729394726,304.884231937
2.38717291012e-07,1.97915940522,195.266748554
2.74086358588e-10,4.18024978968,132.850732486
9.93053082503e-09,8.50689226623,264.489257101
1.27007730761e-11,19.8134469361,340.446708772
3.17949798556e-06,45.7081422619,482.970923182
0.00918117402403,91.1823608863,513.164098052
1.26692424253,219.556576734,849.510233978
10.1705212319,465.330945765,1266.17019292
457.763550463,1024.36386833,1628.73141828
