$x1,$x2,$x3,$x4,$x5,$x6,$x7,$x8,$x9,$x10,$x11,$x12,$x13,$x14,$x15,$x16,$x17,$x18,$x19,>>f1,>>f2,>>f3,>>f4,>>f5,>>f6,>>f7,>>f8,>>f9,>>f10
0.42532129938183083, 0.6554691548834639, 0.2151843451912886, 0.3552156652825458, 0.2918055111822869, 0.46131435409919375, 0.1308923051260238, 0.6015732312111561, 0.5287710706398591, 0.31408439599960014, 0.07205932903506496, 0.007133740624277407, 0.48090165944372976, 0.8022040965735644, 0.021028707943284708, 0.02716764077591194, 0.2020603820870297, 0.8453335101000292, 0.7749540587287554
0.5362536843912161, 0.4848270007292821, 0.5897058036990254, 0.25560799416499735, 0.3664274714991227, 0.7205498885607103, 0.3394538641426865, 0.8320752357209067, 0.39796355829576513, 0.1731836743287396, 0.4052035467573094, 0.8854295048918771, 0.183579320179322, 0.06331803268261038, 0.1273953822653462, 0.8857727381203017, 0.29085214157109307, 0.6580336327394483, 0.5533333658625786
0.3601421391881464, 0.1353016195485991, 0.2910951369930952, 0.20796360677235337, 0.6477724230733277, 0.7671893085983934, 0.31349899519212054, 0.26743311632848465, 0.6677195398426968, 0.5968425676174668, 0.9265938383603227, 0.9930500325890712, 0.5575241443201551, 0.8756127130630185, 0.7034021545467148, 0.4061921125576259, 0.4528969821669798, 0.23107673108294613, 0.39193590401525913
0.17475723858004322, 0.0015780367196405187, 0.3748692102509007, 0.1967299383756702, 0.8861558611515886, 0.6613785574309826, 0.14783711817614664, 0.7185769989046524, 0.8826252183619122, 0.742926290550586, 0.9836838048385016, 0.9008187678719339, 0.45704087515418834, 0.3818270767549502, 0.04833438841552962, 0.7457145460412992, 0.19039419674079627, 0.950386450911088, 0.7836454023846807
0.7889018471100744, 0.740944986087548, 0.6631877539953571, 0.287339910014174, 0.5417579763415057, 0.1779179192233593, 0.31956990677126274, 0.25217109591202613, 0.07981967048734462, 0.6523210347258366, 0.2635503088818698, 0.3345294379733781, 0.8273710964800661, 0.6697560719217155, 0.9304169342167917, 0.1720576176709201, 0.8635188759612537, 0.3126082572838823, 0.24499378614587597
0.15149189380181804, 0.37842718875340986, 0.8091073444767846, 0.4518582862283561, 0.42556582834092616, 0.8586931823423891, 0.14387591091136076, 0.615967355657002, 0.8329010295100805, 0.8772677279508918, 0.882321905124401, 0.8506765160323257, 0.897132659422979, 0.8556934912527494, 0.9873689870141947, 0.7964737791694667, 0.8288802883953301, 0.06965122570955329, 0.01149209330055645
0.17149041453324276, 0.9749501111529715, 0.19347909399733765, 0.1896411425602288, 0.8677477051062665, 0.7924492838923378, 0.9297179564066136, 0.5461134207462386, 0.16613068421031596, 0.5891801750458481, 0.49884439376968515, 0.2387757193185298, 0.7817389294815098, 0.7603372300876943, 0.3621492027604911, 0.07789362426358681, 0.7852232405579146, 0.5571131828944403, 0.9021251382817475
0.6751349355856825, 0.6009984823962362, 0.06611802584510629, 0.7479523379197444, 0.5363987560742594, 0.3390369776379869, 0.4969985368478579, 0.7219305603123551, 0.060499534333792404, 0.14711432976527883, 0.3704361938816314, 0.5637928208838836, 0.5719484577245029, 0.1931443942298241, 0.20293815201620458, 0.17093902746086853, 0.38777231845918636, 0.05824381402543444, 0.28023485173888796
0.6353616078093035, 0.8641110820768187, 0.9581209142245929, 0.12087755180509374, 0.7516519632490555, 0.33028762117665567, 0.46899683755625365, 0.05918168587742101, 0.4867603784320663, 0.5935707114930332, 0.10076456523961685, 0.42366706695902145, 0.8566136873584878, 0.7156660401402823, 0.4600549429002818, 0.612090635819303, 0.8390330514788746, 0.20758210731439086, 0.2353887408674027
0.3314408934696722, 0.8860387337284685, 0.06373830623922438, 0.9375567119359846, 0.05828113112574773, 0.5295673075069595, 0.8326632560502144, 0.7008929507566245, 0.5869038290685941, 0.6520544059049438, 0.2717361829325847, 0.8832380634818502, 0.2504643236020738, 0.8498241819859903, 0.5618719797193533, 0.6805930612581355, 0.49679486869418243, 0.648374241748269, 0.33824598690594043
0.19194213714998887, 0.25590312210232735, 0.5893497352100077, 0.06172386830342402, 0.7049475121677988, 0.3656638784870001, 0.9199477151477141, 0.10777661625410773, 0.5002677518433271, 0.9960874574902974, 0.11945422324687249, 0.5468891858767745, 0.46387235686673145, 0.1656356234562797, 0.01650652613133985, 0.7500373709270121, 0.4457411032258528, 0.8272971056160626, 0.7633632151463079
0.7312152635304575, 0.837119993038882, 0.306334587943456, 0.014230154405835749, 0.4207636424485951, 0.7514149936619683, 0.8143932905330145, 0.25636564047308696, 0.9192441850190236, 0.2655304624761351, 0.9544904626075444, 0.7692150171158371, 0.7736555533528742, 0.03983285450950036, 0.7895521127539568, 0.48831885936210306, 0.023561312192320827, 0.20877099024724244, 0.8622797130571934
0.07689830823810428, 0.3544082463478928, 0.8586613382352283, 0.8091537249360905, 0.32984271877274574, 0.43216933237753596, 0.044699939337776384, 0.5098916365932852, 0.761694004104922, 0.6446004606151262, 0.5949516928774464, 0.09459440627231774, 0.37351892399068165, 0.7399691175042349, 0.5278195281482906, 0.17311017923571825, 0.5660083006065705, 0.7651450180440242, 0.18788324654243527
0.5804429879730914, 0.6672725797584146, 0.25506763577496017, 0.3237336375536256, 0.6469173446225974, 0.4664561905091019, 0.4909548079869026, 0.2570395351204463, 0.016387778484572624, 0.4110300790992826, 0.20698276775470292, 0.2813469880192656, 0.1995351541807977, 0.30663781064568074, 0.2573086055566286, 0.4456820996317987, 0.9242074561638715, 0.6810122567552449, 0.6538919711997835
0.31950637098661305, 0.6639183128106007, 0.7746852904595891, 0.15445516305482954, 0.30686745440462504, 0.10136325481560926, 0.29309745604725546, 0.4632711493411684, 0.4955407615817349, 0.5146976890341055, 0.4983653111445353, 0.10307475937908805, 0.918810528104906, 0.16827047081857527, 0.9816550045746402, 0.5496911964820049, 0.09926858002039818, 0.8165977824409473, 0.4792180561805135
0.8607499912612542, 0.04132561952198621, 0.04199097309585298, 0.8962220600902706, 0.4680887817376578, 0.870202531450567, 0.30417325539291995, 0.7736311989371325, 0.8739379975597258, 0.18687008087724255, 0.031088449496815218, 0.688269871827564, 0.7995237065660261, 0.5791156443283387, 0.7107204245371969, 0.14564354191244122, 0.6524028701837026, 0.20267798386824465, 0.5673085183751418
0.9445276323366277, 0.0029969012241798376, 0.9551951058152164, 0.6888751250269384, 0.5819222026712411, 0.306153127555419, 0.5668292798768523, 0.3290553709892452, 0.07868044398990615, 0.43652173750150447, 0.3499152457121897, 0.3151269224478632, 0.46443706398201334, 0.5971143665358397, 0.8668068711207566, 0.5611790504544181, 0.5525218283570368, 0.5932472463989544, 0.4458666643014356
0.37051100100348344, 0.17993910433161286, 0.8488645055550342, 0.3285891300371464, 0.1689282106674853, 0.15256450761810225, 0.21941993102102675, 0.9367850171164642, 0.5393090729729766, 0.6174461376213898, 0.5484961079939206, 0.07373584813058409, 0.39716224043388826, 0.07967253949272846, 0.4638363315350683, 0.29848889239451415, 0.1484013702876381, 0.24390283131846013, 0.269428128490126
0.2527711403256657, 0.8767016988274519, 0.04087218292130046, 0.30321310814492264, 0.9707347808326403, 0.41401103759394986, 0.9861627378418039, 0.4523416670110767, 0.30818600136754226, 0.7766706992346116, 0.4642139031394107, 0.8029474589442513, 0.18973745375225526, 0.43340703352251897, 0.974872246433935, 0.5672882880805632, 0.6315587035510256, 0.7674348752237997, 0.15559295332630074
0.639242621712575, 0.8809300531906333, 0.4012305910884132, 0.9237534099711613, 0.45125447067052504, 0.23151028031567467, 0.02018837476501667, 0.10645973182336976, 0.14435189972819906, 0.4873147133146931, 0.8038667093891417, 0.17293394364334158, 0.3094656814473833, 0.1083531811923999, 0.5858158652720546, 0.24057820791419438, 0.9203630539449869, 0.45740791334986186, 0.6577673833498947
0.6657823128782906, 0.3746615868537665, 0.25554592670438714, 0.8507322554759323, 0.1780529851788316, 0.5160696884285962, 0.56796149728923, 0.3798479679268867, 0.0007819177971214453, 0.6711063251291002, 0.8741753062805637, 0.37549573790666024, 0.3257500584240691, 0.8969497592153789, 0.35533152427757786, 0.4665174548849854, 0.17911652448191506, 0.5061162459522629, 0.6344791297552331
0.21255309195288175, 0.5670546729287886, 0.9709651020897186, 0.5787742221102185, 0.016787972157289444, 0.8788879166173782, 0.8186108806087689, 0.26144668536719884, 0.7875152575785499, 0.23964454762938237, 0.9558124956089467, 0.05126457238092719, 0.20605676767142111, 0.1401871589417235, 0.29093210512108625, 0.15581104071521834, 0.3449308981074668, 0.35581073735939905, 0.6599551019817184
0.12223577118173978, 0.9824726959544586, 0.7752205923776201, 0.5434339395203709, 0.8699495615764752, 0.5138931239048712, 0.3940420545908272, 0.21368637801691348, 0.7994376965971101, 0.4838255219083277, 0.85697784705326, 0.7245992385821425, 0.9211487338720361, 0.6276910541669705, 0.8158578494942155, 0.8636946084426325, 0.9553847437613907, 0.0518808059819279, 0.6327066629427215
0.9471497449912227, 0.09564685656390215, 0.3595368948056924, 0.7676774319639262, 0.9017665323040197, 0.5440577686717661, 0.9696648013045311, 0.07454836016306088, 0.6467914736928146, 0.0637745829549603, 0.761184476256663, 0.5701442169290054, 0.3053995703834802, 0.6689834716742742, 0.4027648832852503, 0.8199252908856144, 0.9440584830908103, 0.18608049627118106, 0.5539553248116162
0.8558260571665215, 0.3460988033077569, 0.15497152555224813, 0.5720634364292259, 0.8943536604280946, 0.5752421135546669, 0.8028304549257388, 0.3389344690650917, 0.14845020031777934, 0.6975741940004614, 0.8402710469188798, 0.4568160738384892, 0.03417162077455316, 0.8356189200668984, 0.5484340930572005, 0.23402319428449436, 0.2394166720666986, 0.6180137758833303, 0.02148187699404147
0.580425217264381, 0.3098260229829709, 0.32188240453991124, 0.9807697801975066, 0.3395195284863711, 0.02230697161850237, 0.138656226045352, 0.6644477379381586, 0.19894698284071488, 0.0070479508348028075, 0.5366474594260331, 0.599412834522113, 0.2371659260947816, 0.4838116890295544, 0.8761088595124074, 0.3569023608867996, 0.2910500094578762, 0.8292922355726012, 0.1711267838069208
0.08239622122153523, 0.19855017826933563, 0.0769550662094074, 0.11869220033530781, 0.20024748144070892, 0.8932478591541781, 0.08538224043708464, 0.4232476578622122, 0.9682079733115271, 0.170828284514298, 0.2668806345133625, 0.7663539798926834, 0.5577518394773657, 0.45500431577991673, 0.43503839241719044, 0.45440886829332494, 0.33637495628893355, 0.24829443871402113, 0.22940866460471754
0.5828746578513531, 0.7257245684807693, 0.3779621602930803, 0.7564401454207133, 0.024533520697807898, 0.5604480873580148, 0.34675939400707356, 0.12112973491729806, 0.21402534298002895, 0.75554456292992, 0.6914240224945161, 0.4289782588202492, 0.7532556738750894, 0.19312394613578887, 0.01800117973525317, 0.49961664029721753, 0.9435786835634675, 0.7456274542920419, 0.8367769615857422
0.8117979484785748, 0.4624855089365465, 0.5634993817839807, 0.7267217975126307, 0.7686765597458783, 0.1539315579145577, 0.4835948386402995, 0.7969756337772307, 0.6383861427313601, 0.4056827215769411, 0.3654127532580185, 0.43200958624907426, 0.7660463923745814, 0.5441791066957248, 0.020205942379648567, 0.8238245855587577, 0.647857598244347, 0.21135822310290808, 0.4350799959825289
0.9738642115438276, 0.824700163521137, 0.8687202835497378, 0.8656955455850454, 0.6901209675030702, 0.9409509469782196, 0.6136047041790831, 0.1298832683879526, 0.627333441203787, 0.6663379269977993, 0.574089208042817, 0.2562545176164036, 0.6086816936625788, 0.3823981423612104, 0.38379509545208434, 0.9619595455835741, 0.8586687636116408, 0.8696155629721672, 0.4326008684326784
0.4732806522246866, 0.8344218986312275, 0.853152172237967, 0.7330457503616821, 0.38779517731709834, 0.3653253460244923, 0.2762544276313007, 0.3228138129244179, 0.6344752436474759, 0.9026168266125759, 0.07704878764090861, 0.7792321482516942, 0.17263685915416216, 0.3822759445984477, 0.8178950926640134, 0.8709769956691131, 0.772838630639913, 0.10696780793364968, 0.6717486109091276
0.5476790550245995, 0.7901727031767135, 0.20181905148278034, 0.5822589526772397, 0.11554175107109288, 0.6486189205612645, 0.9285372598102333, 0.3289357818910684, 0.5125170452186898, 0.8777592687496042, 0.4269985346806465, 0.9968925748299651, 0.07069740427814142, 0.4995381355683053, 0.09118164158114994, 0.7483245236075153, 0.026327655367028746, 0.7566981209566319, 0.291958632633157
0.11257889330726589, 0.864080377189972, 0.10861224207188058, 0.5159707469018637, 0.8276005598925054, 0.9261485952049721, 0.3462503542583638, 0.4656497175127421, 0.43213220941017483, 0.12390101549146049, 0.9019581087844526, 0.591245302189557, 0.7904845339344096, 0.645414208904044, 0.5723579396559999, 0.7704095894728146, 0.11902383722212251, 0.04459049057289488, 0.6585899162891197
0.9488833894424445, 0.40570067245764285, 0.5474603128554815, 0.8539221460009576, 0.7353934088781802, 0.5175593053428069, 0.41188412754755, 0.7773662864852353, 0.6541974461744738, 0.3378566232461474, 0.897622900868352, 0.5994530260733648, 0.4032267961070509, 0.5526400155667729, 0.8766758241548372, 0.8811444827392179, 0.8366877339414107, 0.6005080764410785, 0.1196394663878586
0.05196213639365177, 0.2793783647700707, 0.1795198497860715, 0.08958856509668722, 0.8110931796058046, 0.26188325073135843, 0.91830449617906, 0.6010601373565715, 0.7087402830912393, 0.7818316980695663, 0.9150756723600351, 0.817248564789334, 0.0004307815759005962, 0.7529674031185883, 0.432123327066147, 0.4165152113066889, 0.4710670830450916, 0.08780572645556006, 0.05451374665628028
0.027172252482842052, 0.9254778905967075, 0.7755329617603439, 0.5977467621513317, 0.9255712411159261, 0.647488679166586, 0.32180491715008863, 0.362711470298105, 0.022235142576726097, 0.21970464921528932, 0.33653696064719607, 0.9744194163594823, 0.5197380826309124, 0.6703578409065731, 0.5514637356973316, 0.06487771748544546, 0.156791017267911, 0.016267836953355985, 0.16320301393339132
0.533417107065777, 0.31476454144746546, 0.9396486277483735, 0.8498635086447678, 0.6148063454738744, 0.1891273145189175, 0.8225734005473232, 0.25177396068376234, 0.8691152446089659, 0.7864228678456121, 0.2611702687864831, 0.2256834498785497, 0.5717351542391422, 0.657712124419546, 0.19458513129418065, 0.7349243273730195, 0.35709649283645806, 0.5087902808867845, 0.44264285246017454
0.9599647642608744, 0.7872280144247746, 0.9916557746947935, 0.3916215693803554, 0.7533471110775738, 0.16878932182278072, 0.40586124609992025, 0.8965145608118948, 0.08901778309566055, 0.8945447426825899, 0.9079582606375918, 0.7964399326640482, 0.7545361570575116, 0.28947160530447513, 0.551779312094297, 0.4743962839836138, 0.28341112299915217, 0.0962909404941713, 0.12950320071134547
0.1682256914710778, 0.25096182774933873, 0.803560763592803, 0.6170823819653888, 0.8854891375810063, 0.18388960695045642, 0.5848867968814954, 0.569741032141828, 0.6719719894737539, 0.8998070179881977, 0.3518023711459545, 0.7949250141260207, 0.03910675709547906, 0.15191427704117166, 0.5539376248623022, 0.01568691189381788, 0.023391306749980356, 0.9948617617375423, 0.5335095977834254
0.9406992951275545, 0.5079534981237822, 0.8683605678217237, 0.6369208576149932, 0.32606916260400365, 0.9775411803236863, 0.06353544289458013, 0.06391226525941529, 0.6179889262041891, 0.6023201284176042, 0.8897556712069188, 0.7208363447587169, 0.996302957152268, 0.8457753227252675, 0.8298181298422621, 0.5774256985576546, 0.28185332952269615, 0.5567328416025523, 0.869332891958922
0.3839261739387082, 0.4658321699192097, 0.5079642147581244, 0.6540739852084702, 0.5190627570392018, 0.62612850627138, 0.42638534731401334, 0.8971085604201139, 0.19226979498570118, 0.7449862254659433, 0.7921557976125119, 0.7759927396693385, 0.29685970526357197, 0.03836819338044717, 0.8928146314317632, 0.009400437304454834, 0.4127772674688064, 0.03505178196063341, 0.11928431636113912
0.8546948777903446, 0.41264685042412586, 0.1922502440340913, 0.9054856668220627, 0.5533240419806815, 0.12100714252980038, 0.11502323146202165, 0.8441421255647183, 0.5443243505169827, 0.29832867684274456, 0.2440397093944765, 0.030967883284062858, 0.41189401586767527, 0.4757759320018119, 0.2644616815225489, 0.05710606882628977, 0.6272613156486578, 0.8326689749397166, 0.24594974336112208
0.9651569720749583, 0.05727643076559663, 0.5628497001928786, 0.6457912504027553, 0.02927250372117096, 0.9250593257605344, 0.3513457521484782, 0.009127274361922177, 0.18419297762017017, 0.9253242405203496, 0.16963380215296375, 0.9408434518430823, 0.3581844095292881, 0.9169941940011528, 0.7612856834380126, 0.020228688159230734, 0.9244179611414328, 0.999271542253786, 0.6140852860162263
0.9382057221124898, 0.773156598568864, 0.8673443061408943, 0.6540346372159498, 0.3286850484627507, 0.3954590324075602, 0.6506907308330989, 0.9850347838235035, 0.8075005268259544, 0.6863776844303257, 0.9929298672807467, 0.1826614871107749, 0.7454571278745513, 0.975748263827143, 0.8646967219965633, 0.5905455476831148, 0.8255413898659862, 0.478331929309353, 0.5821974428024138
0.5395556505331778, 0.8436359535739395, 0.8579853584788201, 0.9392691617615189, 0.7514101011487114, 0.28617057470115315, 0.1543137559797323, 0.2857046107845139, 0.2971365672014572, 0.16647424891198104, 0.8396499640818889, 0.7118322225938554, 0.6592750567002986, 0.11444363769634103, 0.5267461836547437, 0.9536367209580386, 0.3688662320335657, 0.6290108063713695, 0.7712355851165243
0.06009407858378202, 0.31354219264240024, 0.9089908735282698, 0.5179816159191899, 0.29466208722233866, 0.7082629291600705, 0.3420092647086498, 0.5644367670477162, 0.9888018350552925, 0.89545054744578, 0.905023495574449, 0.4581749154201987, 0.3671045183707624, 0.2676819330310052, 0.8383901728393943, 0.20596517718377383, 0.3589560533770074, 0.04172463312007779, 0.39050279353892337
0.5716346202959288, 0.8100777734094198, 0.7674085323864198, 0.7427574494148288, 0.08354851281895215, 0.6754275488787819, 0.3866121210926655, 0.5524416646643758, 0.8533663044961199, 0.1976911394766897, 0.41821144296043844, 0.6209495206359171, 0.9500313630088442, 0.39251433833274896, 0.36995532368740713, 0.35885731550244027, 0.4836520197704779, 0.6261296210779065, 0.5158101204496143
0.641425158643283, 0.7323634789323439, 0.7185207826226983, 0.6652115377848694, 0.5742072243695422, 0.47552994887214495, 0.22435142446329825, 0.7471086909949534, 0.3791542720640786, 0.5242284917104695, 0.21220576165223848, 0.34184450016224766, 0.4418954217945199, 0.6337099107857106, 0.12607713149732913, 0.4616836326804904, 0.19245503936664776, 0.5957966349826743, 0.052095164973589014
0.9095609193165786, 0.1843839839770225, 0.9949181168618424, 0.14986327581664405, 0.6032989239333281, 0.28208091188422924, 0.36929729022207747, 0.18127299855278556, 0.4453852796940698, 0.545918933638478, 0.9338716471909081, 0.7265511328604755, 0.20359529291737144, 0.7414627716265922, 0.27518081357472557, 0.9149923550587276, 0.3598545951548433, 0.542778305391658, 0.02001034876149954
0.2871446543685272, 0.8356611835784481, 0.11408954997692211, 0.8989054406224476, 0.5928870461392133, 0.8043750652532888, 0.9911405360180456, 0.5933830665969987, 0.7916171916431591, 0.11003122457630465, 0.6709516523566588, 0.0796148018933377, 0.4658330298806661, 0.5012886923030533, 0.7364640824744991, 0.012147011123593288, 0.7386270030377622, 0.30498656079320796, 0.9799758056497367
0.8686333237625706, 0.35325279356307626, 0.3585556912328792, 0.4078178653281035, 0.8064806234187204, 0.031970402205271364, 0.8230745095921153, 0.2595845708223975, 0.049151420663372414, 0.08884739180290957, 0.8410228408837983, 0.02727692001227644, 0.672852088033453, 0.1896585131996643, 0.13343953480190718, 0.324166174307421, 0.3500945353085153, 0.785062911701772, 0.7408744664304163
0.7610084733999927, 0.6524779672441486, 0.03616896270400527, 0.16333357185308184, 0.22284742909406874, 0.08606659946737805, 0.66196097466311, 0.4425630077806534, 0.7907536524975625, 0.49471370077974375, 0.18729116542989166, 0.9495049624877975, 0.7263264629250431, 0.2631970271367404, 0.11953568318482954, 0.8680868669361826, 0.045785413196648084, 0.9655648936249481, 0.6386202394530824
0.9387658194629913, 0.5416520166232466, 0.37787654686023586, 0.4399800049891365, 0.03371464636057864, 0.32884412946170904, 0.41828972515886687, 0.7385616438038101, 0.1214574954268478, 0.3969311624125672, 0.362687700950722, 0.62425902328832, 0.39109914473397844, 0.4602338907834488, 0.438256945560607, 0.6747709015768625, 0.18634075786956517, 0.5362625950301616, 0.7029031144088758
0.4788410305769224, 0.9408179772703775, 0.19678383952390333, 0.07343977791508982, 0.40194027535997334, 0.942846937002071, 0.012740382636466596, 0.7226953171890372, 0.047760395560406343, 0.02369184095727317, 0.24255438378946048, 0.6862095856651192, 0.9980198974011781, 0.6384288633516881, 0.4666023852845065, 0.4740890403138731, 0.7377565645041132, 0.09877133920116055, 0.07107292513663932
0.3847235765025926, 0.7405101204959637, 0.47807959755453167, 0.4829820964788355, 0.5222146170547239, 0.802789726567005, 0.6933708700081525, 0.38901754441527425, 0.39363471834611896, 0.5708371449762025, 0.7394014351820509, 0.22035939667289006, 0.3285910152210304, 0.15107539028893224, 0.04361510812927227, 0.40980754477055004, 0.8048974325109598, 0.9843454548973024, 0.31946015468636957
0.6195297293265275, 0.48243297683524267, 0.9122807094904561, 0.2664059184969353, 0.18123572177545388, 0.45970067393278113, 0.745778665645435, 0.5886660872987308, 0.676970051411206, 0.7528674998328208, 0.5435456076704706, 0.6943665213532939, 0.8903498347118355, 0.4076534338157266, 0.7302157905941081, 0.040500653933932096, 0.416785758430644, 0.7382331856528557, 0.941771398311508
0.9399578116374434, 0.2890739749188478, 0.3689306520025071, 0.26493716412629886, 0.6382881781406857, 0.10246242368917313, 0.37976612988162495, 0.29051656219920796, 0.6160171531644557, 0.7027802651671008, 0.9389921223514115, 0.9118328376135059, 0.5782193706941307, 0.8450355465040579, 0.008021517826750202, 0.5790966372111093, 0.5564556314113809, 0.21373121263408412, 0.001441316449807939
0.4403392596119512, 0.6335093799125441, 0.9181773936907535, 0.5911490871452546, 0.6249853479599871, 0.7137909687683647, 0.9486271384394035, 0.888239293033687, 0.3876125896628373, 0.8103922033788745, 0.9814191056093161, 0.8304803877162624, 0.7408547371846309, 0.972948248084659, 0.022855191817503284, 0.9062202627635229, 0.39246889478583336, 0.7088643282507392, 0.33936246089644384
0.05769902573347119, 0.9811524648722348, 0.708998124988917, 0.9795168832576209, 0.40502754666102525, 0.5939602920885941, 0.3411751778799278, 0.6466818120370337, 0.2846037056685191, 0.2007094908932915, 0.6168579769745225, 0.16999196856372634, 0.7262800729469139, 0.2565877986595325, 0.8551790254994257, 0.282042035863744, 0.08052769177469676, 0.3650754153956335, 0.06472288735728804
0.13519335145279443, 0.7715420669921746, 0.2917101753249661, 0.037478904090306187, 0.23497011984249738, 0.5991197927867795, 0.6847094741158175, 0.41527046954867386, 0.4926811457950898, 0.9138206363216734, 0.48200049048462956, 0.31290845567857395, 0.42190307086950585, 0.9387733951184838, 0.10736117546246438, 0.028429781459500814, 0.9497523286064943, 0.24278732016953053, 0.18105835141665416
0.5550467989747817, 0.17912513170090927, 0.384731173581249, 0.47547361530422994, 0.4304146361646498, 0.23594392031803146, 0.9030075231981284, 0.5023584931774894, 0.7048645276045771, 0.508590998746482, 0.840056300541634, 0.01920213357620648, 0.0018947388595469405, 0.8739206714167328, 0.7348124635887293, 0.1323258519928191, 0.9666114993997164, 0.13130394097698306, 0.15392841149738568
0.45865854906839076, 0.32225273455762715, 0.5870411111244653, 0.23240116356763385, 0.3750870727868356, 0.25624379534052666, 0.7598168380159445, 0.1255424749640548, 0.32170076515598234, 0.29986214085612284, 0.9386032769054917, 0.40291298926775054, 0.8804977745316914, 0.2973235536532727, 0.5290332061044135, 0.6695199294717102, 0.04770510233039582, 0.11962214963208984, 0.7564555377060078
0.7720764213582233, 0.06989409017004844, 0.41564297120469973, 0.03131327110675297, 0.06235673389211582, 0.03159603144275802, 0.07452494196413628, 0.6697754710622148, 0.8007926337479699, 0.7375050512728277, 0.8079177484404517, 0.8524996297473265, 0.9339512503566622, 0.645141567506541, 0.9291737055808753, 0.8303467130566645, 0.9550974892880684, 0.5832931567623387, 0.07438631473790991
0.019303416537864493, 0.6903818269764161, 0.012833670800062924, 0.7049918970893932, 0.817184365872495, 0.16999935354721452, 0.6806333681091037, 0.09583707189118007, 0.5674530074594653, 0.009573350420782445, 0.4612170992322404, 0.7347276814351685, 0.7700652316174504, 0.2795360679799267, 0.7074562374680998, 0.08755810419703769, 0.7095860426301581, 0.9556278784823514, 0.6645854860899012
0.9874333279686598, 0.6140985724662862, 0.648724908628727, 0.7394395939625181, 0.7966347044622516, 0.3992905131452321, 0.024665453522841996, 0.25778282247071427, 0.46188876620085073, 0.026651699255737404, 0.11591154214606025, 0.12049277416413884, 0.07463428046086362, 0.22727156693387895, 0.3771789526807131, 0.3001892861306841, 0.9756052752156037, 0.1651056972594842, 0.5569383825261314
0.5319345884543957, 0.5567028073384193, 0.17562627778249862, 0.9623388219539105, 0.2173091282635271, 0.25299967813110646, 0.058529847212695496, 0.5835348758281499, 0.9417458387579551, 0.4288517523185583, 0.11935490561128914, 0.19847374296730014, 0.14579319311723338, 0.9176084212018827, 0.07011233988648291, 0.17295785637525207, 0.5806848581446652, 0.7645632531339788, 0.9791206108039698
0.2270712034706196, 0.9421490917649687, 0.5151801429130501, 0.07444212832398944, 0.18861430448751038, 0.9975469439668424, 0.6984045448072985, 0.8283607921609011, 0.29302123791452406, 0.9742107180750236, 0.9931548963117177, 0.6320689639161614, 0.6437433873410102, 0.7969981797728908, 0.484970247602863, 0.7828765911235834, 0.178632917484436, 0.2709598616202459, 0.17701253519001525
0.983072959910188, 0.6374670093392307, 0.22346492658829498, 0.6822359129542662, 0.9397859478871616, 0.4021859902738272, 0.19825557350029888, 0.3614388791308839, 0.7973660230620014, 0.055793719677773246, 0.6641294958594136, 0.32652272023125495, 0.7931970445645984, 0.17978073586134535, 0.002650009298588274, 0.31657978214693927, 0.6842969080003172, 0.07307981586592704, 0.918375313108092
0.09188598864053299, 0.12635917441689937, 0.9384441517962676, 0.7765915869045164, 0.7695670543886866, 0.11654628576242021, 0.03690491393248496, 0.9510945572178721, 0.3266826646997911, 0.16806066746252757, 0.3168829889604333, 0.989053166064757, 0.8747007044400019, 0.721965988238207, 0.2153958159425442, 0.3479060268861235, 0.40184079368065884, 0.743063664406539, 0.14879511089963493
0.3970097394268396, 0.48569753246147596, 0.2341219605156355, 0.89268276391156, 0.7011528918561857, 0.8138495918872267, 0.12552332166636337, 0.7164944485236239, 0.550194378478045, 0.4413009968460867, 0.1848172493105512, 0.025432750966215223, 0.4094389872124663, 0.14479180687252746, 0.8505610813015113, 0.5644636034764926, 0.7355242513794433, 0.09271449088664907, 0.6585263457725999
0.14253568741519484, 0.3033968577490034, 0.6698787927463595, 0.8318092353693765, 0.7485983045156466, 0.19141586820922418, 0.7694486376011132, 0.8868209561873288, 0.7366500440273006, 0.08724810311355113, 0.9860062610884917, 0.2710040921927831, 0.16882051629805794, 0.3982857599556021, 0.062246995120974535, 0.07640598804863341, 0.9039595399496381, 0.3919175301218564, 0.18891220542341713
0.5313493053105426, 0.23908703140911491, 0.17085250850222422, 0.2861729555874595, 0.6955946072000679, 0.6510037835595297, 0.2286238887130243, 0.491242971391189, 0.7667977701139925, 0.18994580239545966, 0.2468014616150046, 0.3342706994584864, 0.5028763679362322, 0.14350205144756245, 0.8296943925318884, 0.7900816262344537, 0.31525849290275587, 0.3184836378187271, 0.2800975968791688
0.5336736995324342, 0.0054623675330575105, 0.3878878605275101, 0.7857965856617403, 0.1996911640038812, 0.9066803937299431, 0.11518826006651828, 0.8316636261375299, 0.827238535264579, 0.06610717359974394, 0.23484155966265985, 0.19133328126427418, 0.7235739599669534, 0.2357416033457712, 0.7986568353514434, 0.7273893726314765, 0.9155108466948191, 0.9159029802735701, 0.48456525950695517
0.9893891466963449, 0.5377567836905571, 0.5581344562757329, 0.03193672514966739, 0.7604478401267682, 0.8106852754435971, 0.9797416368655599, 0.6975565018958465, 0.7833342963927113, 0.5960393897926604, 0.13911939585759603, 0.045780069401442525, 0.23453158770047355, 0.046200938135387615, 0.6991038890544555, 0.6097994929277394, 0.10324204629711398, 0.9667862367340786, 0.016373702301235693
0.5603381017170103, 0.9709423586829856, 0.45144877674613204, 0.38286048777837933, 0.9246278524898719, 0.9224542765704693, 0.5017835724623689, 0.546035779479788, 0.8140796257908117, 0.45537610612016866, 0.3399116544616797, 0.7294007344555885, 0.9476422803197688, 0.4650385609137071, 0.9382162765098984, 0.5445741379419877, 0.13268255311519883, 0.7873839956012335, 0.5520831322020864
0.16024299422239174, 0.3610368874182812, 0.18710746691885094, 0.5911787353405652, 0.6983477262842406, 0.4450992377576729, 0.7298423179882391, 0.5553333761917686, 0.7902783611181098, 0.4783684999829485, 0.0928999313380976, 0.9575960925388726, 0.44090841803755687, 0.4843517226618469, 0.3843621991287398, 0.3271158180767918, 0.3400007784818837, 0.5317578524219528, 0.044317251351959075
0.4513752939863068, 0.2677628572508537, 0.5980652894538535, 0.6946428172821114, 0.5740968247482362, 0.41832289608598894, 0.3646114625734742, 0.3650321139006444, 0.8759809384412715, 0.7430255580629652, 0.13001601991510536, 0.12265517035020024, 0.48455571667702957, 0.20061765071713522, 0.21307117660101949, 0.1714504507354342, 0.10410610672675713, 0.8025473545156724, 0.9233357099256825
0.03437407256671521, 0.4410796008596136, 0.8620810459881316, 0.4086018377846763, 0.2691155182036712, 0.8973080312713785, 0.7045908118146104, 0.5045572502345275, 0.2535399131521986, 0.26551600158727906, 0.41145752831820437, 0.1993497003686009, 0.19658697732260566, 0.07526501339501024, 0.05145068277390119, 0.6992344425671121, 0.3087367223389431, 0.10090184372516164, 0.28470640370446276
0.4877963596028002, 0.017865906894463768, 0.9562750836434155, 0.8384177730025337, 0.786376689058592, 0.8366769419168708, 0.863980854237537, 0.7795359631587617, 0.1626867837818462, 0.719235827841903, 0.9025302868064167, 0.579476195439375, 0.44329190545684694, 0.42354289276641255, 0.4324922935365272, 0.294393233889624, 0.26882847811066035, 0.22688826241520044, 0.4479370794862453
0.08101190673767922, 0.4089065302984872, 0.6679577838582681, 0.6894405947919948, 0.2532870830236639, 0.7242108647860517, 0.5265547546683923, 0.8467193726701093, 0.7875683212692149, 0.3552626034295797, 0.31479541910209397, 0.36084399098260245, 0.94930372192347, 0.48791735523906077, 0.5132468002028452, 0.6800665523120133, 0.5185805843326738, 0.9417889471656714, 0.48162088251237944
0.251751017264082, 0.06946623157014753, 0.3537194714367191, 0.29856285404700467, 0.9641159383298917, 0.0394208656129047, 0.3083539073185291, 0.7559710147414757, 0.14170212245332725, 0.09604670715351382, 0.4903192778473271, 0.049662611823732994, 0.4335950505866506, 0.788918068802018, 0.5940995696611366, 0.30456000537125516, 0.7616786953193957, 0.23576811021461452, 0.4068741393531514
0.5759045153056219, 0.7045573217621098, 0.744535138322592, 0.22308356766574722, 0.8976451568235326, 0.8175047411698719, 0.4682559611979209, 0.03480835250896297, 0.6465614315420372, 0.7094562846803483, 0.6515649558670501, 0.16282692232480978, 0.005792603359284998, 0.039807676028957295, 0.7328055964474974, 0.5150114694269026, 0.3982203268262474, 0.3631167332472972, 0.8965488001908944
0.9278233319323012, 0.8771374033673139, 0.12661383693614914, 0.4457395337497756, 0.07049544002063923, 0.6903156607527215, 0.8343836464513321, 0.5974371327485108, 0.7570033030466875, 0.372216119527243, 0.5769806687390259, 0.18004990303011592, 0.8689011052811507, 0.7417857596303596, 0.29990275532525634, 0.7501490774508077, 0.9889932813038051, 0.5493947002664008, 0.5812630033711341
0.5624962955605827, 0.8390174733017591, 0.29460076912788624, 0.1469282883652786, 0.850878256234911, 0.09393922884059447, 0.25188506836421964, 0.8981533183462981, 0.41423157083453155, 0.7446153440756375, 0.05075507398306589, 0.45893169059933336, 0.42730636286971757, 0.6984745888907232, 0.599898415358569, 0.33574825302358946, 0.34165683041007167, 0.15941517875155486, 0.2941801963584413
0.31525062518784963, 0.09644800729937275, 0.09008538835486324, 0.009877106845715855, 0.09455477951618241, 0.08827763306758785, 0.9717015833447514, 0.5920565954580577, 0.3242078284300476, 0.9474917504181521, 0.5607632172482645, 0.051595839026408075, 0.9685034679119989, 0.8546879290663679, 0.765587575393195, 0.13073636502769392, 0.9242575033687679, 0.9704958491842473, 0.7357740300782093
0.6787768122921457, 0.38648712757000314, 0.9071653196153072, 0.23203664740006558, 0.8181255763878961, 0.5281046197927943, 0.9520927728840599, 0.6803449984105924, 0.48340914703051463, 0.08454882568604893, 0.8313095467377722, 0.06228995169723661, 0.3677333193567156, 0.5155689606338751, 0.7814921170675472, 0.8300842382854451, 0.16880019480531006, 0.4939576839315003, 0.0004897247275467143
0.1364084212848261, 0.5331165924174995, 0.3229950566637517, 0.2645979803203873, 0.27424734533064066, 0.1297104856209378, 0.04572653400518434, 0.5533913413652564, 0.6630769919620795, 0.306780673382574, 0.5207687178051144, 0.8278329062863957, 0.4078923798011346, 0.3775881081819069, 0.21865432295485587, 0.46553027954720916, 0.49614779658267716, 0.7329979480343787, 0.6747695391350723
0.7260960999568613, 0.8753824442156087, 0.4104454749493984, 0.7092556699826568, 0.5717885264061404, 0.8360934619813507, 0.003589439390639604, 0.2633838033188307, 0.5472185485225466, 0.8874639671212171, 0.13012184599903487, 0.06992518916043555, 0.3728615235024768, 0.8076390641065914, 0.4777351556667514, 0.8114056245266651, 0.6406325765657804, 0.34074369659343207, 0.9483369679459684
0.0774469895533112, 0.17455063979136953, 0.7239774022914534, 0.33772044576309634, 0.35903214252169946, 0.15256910852599148, 0.13441852554926637, 0.10661570712857205, 0.19957350901087423, 0.473645460938245, 0.5220319185023704, 0.7611234617606497, 0.25347134599352306, 0.748543430811035, 0.7526736633387008, 0.03035712438246363, 0.816444475395563, 0.7371559057811349, 0.24682317820909083
0.22857982245866604, 0.8928145197080561, 0.6734283207199506, 0.2445605622231375, 0.6784082381397578, 0.2828635592760539, 0.030604937229230522, 0.4061180031964863, 0.7585635507327262, 0.2821893596205851, 0.097650813925233, 0.3590456967095601, 0.28155339393000633, 0.09415113084409443, 0.4067110518236844, 0.42326057212430035, 0.4607061788700815, 0.6864434654398763, 0.6376722643430318
0.8571503634579757, 0.47316100752259027, 0.9879955190320262, 0.26680216448963523, 0.7953089486943035, 0.012157570547653429, 0.1764641745191401, 0.3408137264380302, 0.5046834331240725, 0.8217682926427425, 0.05485188577602673, 0.897101615888357, 0.544317070018966, 0.5062628810969211, 0.9158084215786695, 0.7136574207384554, 0.3333662540539264, 0.21992396878002352, 0.665404087843198
0.6092199993943023, 0.3446173578040568, 0.29301495267507116, 0.7352332778718337, 0.2626480938454525, 0.3773012377600743, 0.5837678763253231, 0.8405863550472146, 0.4388219243483873, 0.7979948368625678, 0.9442965997192709, 0.6992897352360494, 0.6408707789249063, 0.7075428257148398, 0.5608251077550133, 0.9097821830932331, 0.8207620113915154, 0.9472203716853077, 0.5339355037475982
0.4392909347142594, 0.7369273440254738, 0.14664125072740208, 0.5502323622948784, 0.674457944564423, 0.917541495565495, 0.2451545458440969, 0.7070437128418323, 0.5798431958928512, 0.5447615835612946, 0.4566453972279385, 0.323978911093203, 0.8157729733561115, 0.772730004240662, 0.9185594226896454, 0.16702775723855756, 0.17882933815794966, 0.970468902524877, 0.1608228591778953
0.2985854228276088, 0.9737265539309248, 0.701493960568422, 0.9405052930278731, 0.7188549643530383, 0.17699435961521248, 0.9397946069389506, 0.33811948035493666, 0.3967288732907386, 0.40187083338628127, 0.33564725149220276, 0.12092277790751815, 0.4088811694836977, 0.5877176884458382, 0.8054650370379175, 0.9668579954564973, 0.5530854389237195, 0.07422725142078779, 0.5989363097954947
0.8762493379124965, 0.1445520508242063, 0.04154543554714596, 0.9815542845862381, 0.7192870733565345, 0.5959297193542271, 0.6931294802758042, 0.8816328631252848, 0.9998852254190344, 0.7752009290038565, 0.41726569594506524, 0.608153567463415, 0.7443069317283187, 0.13563942376244909, 0.8505101279395667, 0.305220491775237, 0.10305288726474027, 0.6535879578993787, 0.5403345943274958
0.02892035985443786, 0.5573037198903243, 0.23166350081500353, 0.30426973506308974, 0.14925434385490055, 0.521498934886411, 0.28785619464397416, 0.21862166069105582, 0.011978105683411844, 0.44033011918949927, 0.6136006149000168, 0.8299633867901196, 0.9021979827481703, 0.9048815186663869, 0.7797445572419861, 0.6211993613646513, 0.5365246251590765, 0.10512825662936798, 0.6742047360081411
0.6953784141831459, 0.34528354668034256, 0.9240082951299796, 0.8083720868406904, 0.08728285510775124, 0.7295302561565816, 0.2416023495311429, 0.12239207322682166, 0.5646012554917041, 0.9417468764379545, 0.5291023169549077, 0.2879125505892698, 0.9266411996128722, 0.30948610797972975, 0.11313547114340716, 0.22965623381218492, 0.1115744336834168, 0.11537055700700793, 0.3366565348195528
0.41952652419147973, 0.8157898958522353, 0.8343123532168135, 0.7502818112078908, 0.7735645257190354, 0.5671453682152695, 0.7534035625808972, 0.3682788326135068, 0.04532130285227243, 0.17408019570722, 0.8910581639157605, 0.7262989184987824, 0.1310918378968855, 0.6447619276707491, 0.7037361530464773, 0.9291068352676483, 0.733359465595268, 0.9613474154566308, 0.1379756117308839
0.7218588526410595, 0.16545792558227868, 0.9602490324835832, 0.2580715543513924, 0.9162765963456341, 0.8879870704191525, 0.9511381000966705, 0.1104254416154482, 0.6662624068859528, 0.15394823865849705, 0.7711700617708604, 0.7317152336200733, 0.8808992583238862, 0.4204897824913666, 0.6381488271113355, 0.9581207483683961, 0.4043254201270552, 0.8956735217249715, 0.09384803122456664
0.908032468357428, 0.5528459369083981, 0.7289305185982942, 0.31134448278914184, 0.11861983307086943, 0.8803283134663917, 0.0952879808386029, 0.396432925569124, 0.7681931844008659, 0.4306250675791333, 0.7187301467362646, 0.5890363263103041, 0.989674883547156, 0.006636841045767339, 0.2165539724921689, 0.6114807259011363, 0.9281009285453443, 0.729637245475302, 0.6418108411480546
2.89329493168e-08,0.00648786553366,0.707203179815
4.83095619342e-07,0.00561012808982,0.681874411753
2.72105365066e-07,0.0131262653164,1.27008804834
1.9803082401e-07,0.026128356814,1.13189379949
6.96046259904e-07,0.0417780747262,1.17849975627
9.85759635749e-07,0.0898061277645,1.64706867904
8.2558647625e-06,0.158233908463,2.04342529622
0.000208381946518,0.362095206726,1.95618946208
9.12164079918e-05,0.709651492943,2.19940491463
0.00416684077008,1.19084532909,2.3149265142
