$x1,$x2,$x3,$x4,$x5,$x6,$x7,$x8,$x9,$x10,$x11,$x12,>>f1,>>f2,>>f3
0.36907498700569075, 0.6050450851570786, 0.2464919162624436, 0.3155341022878504, 0.27421063353203323, 0.5930771510438813, 0.44358564591803107, 0.7805840400814621, 0.4125938387495608, 0.2771847199385664, 0.6656185404696016, 0.4780289105290735
0.5993024024142178, 0.6022760404863452, 0.3734149625240822, 0.7813565267693439, 0.5617215443602104, 0.675831089848775, 0.5712661178770587, 0.3663673221187832, 0.20848355739800606, 0.5437122081611581, 0.5108940964966288, 0.9829573863836103
0.6097812616764953, 0.19300140161519252, 0.5967433127003737, 0.5303892765994979, 0.1970631841491321, 0.4866330307180233, 0.3685468726308256, 0.7551459235033267, 0.6030264547670802, 0.4905975120937068, 0.4444432581135068, 0.5072917767759373
0.558859715649682, 0.39517647708329384, 0.4403909480809426, 0.6370191245068666, 0.3767620651233943, 0.35383342775655136, 0.825637635012797, 0.10985506765217423, 0.4488041428412827, 0.336022858057682, 0.3501755367742805, 0.34811112821884094
0.5255106777925532, 0.5695238029590857, 0.6017493574355842, 0.7239177115345591, 0.35227686531206487, 0.6493230348938672, 0.3191660140876167, 0.4977353981948043, 0.5989456729857844, 0.11753338478207248, 0.7968134759939729, 0.4076772484600677
0.48664949906453636, 0.18213833590996142, 0.33097601425025036, 0.37541964986781573, 0.41198820361512567, 0.4820959230454331, 0.49974469420813045, 0.6498037741095275, 0.5645151214756169, 0.4317269301984885, 0.39492735066301515, 0.5478856031749678
0.231236129102948, 0.26510654845769, 0.5328351508736262, 0.5218181525557875, 0.5996310927682972, 0.44128624517997744, 0.6880033966455339, 0.45070014052032886, 0.6503444109429442, 0.34104613627841984, 0.5648047817901606, 0.6676003950479701
0.30281450816111666, 0.5518153187122727, 0.683676964884348, 0.5032797797852966, 0.1990423819303716, 0.5136274664719226, 0.6144602261417842, 0.538944852984618, 0.41094074299358163, 0.20526592631705953, 0.5144015891713376, 0.35384072187824867
0.6242217011540849, 0.6912556576278903, 0.20015417980066696, 0.368130552366563, 0.49026851595663506, 0.5913769763913773, 0.5883780428627347, 0.691823435470648, 0.5275494149647334, 0.9128936963034656, 0.4661422751077271, 0.5209126151381632
0.5227553393297879, 0.5466320049076567, 0.3244678016238996, 0.6430815764633411, 0.5706721638745177, 0.4640429475548606, 0.5133531083631226, 0.27544496159470666, 0.1104098431729218, 0.6364732897532818, 0.5977085051883009, 0.6159187507050818
0.20070196400855123, 0.28914042442793264, 0.40410241723334694, 0.6673104258697204, 0.5251738623865679, 0.5056726544817907, 0.3549282605486188, 0.5083892518323359, 0.8913786238903257, 0.6713157084458193, 0.15737886348694308, 0.49871960202326543
0.2615499089370829, 0.3677169876265062, 0.5729760001449762, 0.6196892656857331, 0.750404637965938, 0.617655855198531, 0.8122708960135131, 0.4533370926359922, 0.2396649770215325, 0.6469299650559293, 0.4636269393658612, 0.6337178317293404
0.29828486135199994, 0.5598703435568155, 0.7668529127991877, 0.6073681531767461, 0.7441023180696285, 0.7609590136363276, 0.6331568184604821, 0.4164332285953136, 0.7657626741250275, 0.5996606078097357, 0.5122228044542722, 0.5411909174881251
0.27993520843646735, 0.5565292005458209, 0.46065540726034576, 0.5940286074356945, 0.5987956044926688, 0.34101597340306533, 0.36761142380853284, 0.5570042077760119, 0.3988000683652596, 0.7492598154212482, 0.5604876956321714, 0.5978539607490978
0.719306387969791, 0.7644277181509493, 0.4980881008797861, 0.739483871009415, 0.4100501252997914, 0.7167986692641075, 0.4636745224657354, 0.5477007336079954, 0.29487454894257403, 0.36009030951531035, 0.6332497516913856, 0.336252304382882
0.6732660982258618, 0.4199830043042603, 0.401007742915522, 0.5972323805209833, 0.5203633082656496, 0.6237310087654537, 0.6317073333396981, 0.31041351026299696, 0.6051522511580454, 0.43218857859847803, 0.46935753589978196, 0.446634070050131
0.5193192271912819, 0.4535372104883626, 0.39750364688422124, 0.5969152870717782, 0.5641745129672638, 0.5545772541033349, 0.45210675122728927, 0.6286256639903568, 0.7515830339071558, 0.40914351347744715, 0.45989731704639053, 0.6246330706182198
0.8279796730662465, 0.5197111936365993, 0.78591039157744, 0.6120066103078429, 0.5596567797907189, 0.36061063915126956, 0.35363734459561963, 0.1788390539907816, 0.44799825525868303, 0.34239533533610955, 0.4846523826659011, 0.4356260338015446
0.6913331935638858, 0.39575945700033965, 0.5928449881075437, 0.5665275736774333, 0.43223032794336574, 0.5044088305607912, 0.21902834531379767, 0.7580029478693834, 0.44607953723572585, 0.21039802865613672, 0.46798867504016994, 0.4529330466714695
0.5754367965974384, 0.3630993526356904, 0.49493427588166683, 0.25262841188215823, 0.7497056104252913, 0.7032210984973875, 0.18650081865231094, 0.44938957115430894, 0.7101982949823513, 0.3325764496501359, 0.916077106900679, 0.35926443795585056
0.4580217556140897, 0.6171941876908166, 0.3855114059331054, 0.3976082314934649, 0.4467363042566544, 0.24237590789080138, 0.49349064967645123, 0.8342910507104151, 0.6759470349202751, 0.3852458665577935, 0.29303021175394595, 0.42498537180526486
0.44273007900543404, 0.42024912374160694, 0.4024347359660725, 0.6081935822922957, 0.5152156230800468, 0.4443184447078232, 0.49506531476205573, 0.45284614870214995, 0.39466808615087623, 0.7151322647767185, 0.26882203359797097, 0.4981621655370378
0.357233765906682, 0.6581405197929315, 0.742872770543483, 0.2877470660752973, 0.22216088931476896, 0.34800189227533873, 0.719345882590224, 0.8082259755368093, 0.5710428322432972, 0.6385623801752143, 0.6283904434216352, 0.24583389431419378
0.5469896878392242, 0.4516135185863848, 0.0030736000813347264, 0.451090959717452, 0.35522556854186516, 0.3350749898165609, 0.2851277309593938, 0.6347288167173526, 0.4948809003345122, 0.6293724096861879, 0.3816860762917875, 0.5967086711362461
0.5045767037533434, 0.5157452376352338, 0.4795148886446704, 0.36940363896119577, 0.33127897571050524, 0.7431045679930884, 0.6473022165685294, 0.42807603447593007, 0.7304820509047922, 0.6848790320483193, 0.7177838397954773, 0.5416542942696698
0.30211873886269586, 0.4746811694322196, 0.4422385243348376, 0.5177097418304666, 0.18309092141688255, 0.4184706674628179, 0.5202783737440021, 0.1997388916006258, 0.375163856635305, 0.21984749057988562, 0.4075128820845611, 0.6380123045586157
0.33588283450945383, 0.695844111524035, 0.669411754064468, 0.5075802123363731, 0.5762517885527233, 0.4395803699467645, 0.4736048461260111, 0.34390580810028426, 0.54180668189245, 0.5184342885318972, 0.5318764669826727, 0.47622391856782265
0.4727688520997873, 0.7299812121174338, 0.36962714500155186, 0.48621379726000097, 0.5291050742986441, 0.261822261617825, 0.30440265214174367, 0.6408350511744467, 0.6394594731069483, 0.43003583793609457, 0.42319465131914535, 0.4171400410660596
0.36324589340716207, 0.4892168725136376, 0.502666181634552, 0.6904601365167258, 0.4587291925405472, 0.6347328948689893, 0.873332899249402, 0.5531049292564629, 0.3799725353390375, 0.09530098554212996, 0.17794420829385166, 0.6274177382128421
0.6800847047748845, 0.8339754683300925, 0.47461271201138394, 0.610458544580594, 0.9013453412626591, 0.44654968540070844, 0.39505327142229, 0.4192874401384993, 0.4539462785529867, 0.4590484912707625, 0.710752434034622, 0.34459117928093924
0.3419363310657411, 0.35704302151579526, 0.6438936546174947, 0.4562264590028311, 0.564574304455498, 0.24192483072626014, 0.5282420765055924, 0.5287639391262494, 0.5646198581842342, 0.34548411063603235, 0.5298786464856527, 0.5028142968987974
0.4973104569169338, 0.5318650230253278, 0.5523432589267001, 0.4308702186080996, 0.7386491237519427, 0.22829962404736293, 0.6839735584900926, 0.7376699423710255, 0.26540960775552425, 0.4649809863070005, 0.14326164216371623, 0.6611757483690907
0.7079256314861484, 0.34389641375040325, 0.649253297722845, 0.549924973853778, 0.6485895393109133, 0.374541604155566, 0.3159919431992031, 0.12354884371451463, 0.38557408451891395, 0.619120117459222, 0.4506525466375153, 0.5935418897727034
0.6178075833596551, 0.4912260051628108, 0.5048082971692408, 0.6805092727036721, 0.6766251015894638, 0.49575978971481605, 0.6023102002335903, 0.46342724806476177, 0.3542603715725032, 0.18829722028240936, 0.41126608188950126, 0.6911331555139537
0.6292542403545555, 0.7021623378986247, 0.40665209106072125, 0.5089252690699975, 0.6573970202373226, 0.6728580547730202, 0.119000533506748, 0.8434835587201738, 0.43070301206397116, 0.390579118468113, 0.5456949564330652, 0.5024546235365759
0.41646578553005387, 0.52089907217306, 0.4830842812932156, 0.5014915528191001, 0.7987765863538835, 0.3717567979876677, 0.7493517302841554, 0.44374146120345337, 0.7424932398749693, 0.35002644081453826, 0.645755986969926, 0.7196426360848494
0.6117207467754272, 0.4355348174138979, 0.49196711109726565, 0.32752217875879075, 0.7200110145027947, 0.5680964574055043, 0.7669399767474325, 0.5606479905556983, 0.5970063004147095, 0.37380204514843973, 0.7514479693750883, 0.44922753926324316
0.2889189060409981, 0.5060701905605639, 0.6706466146146983, 0.09038493121695951, 0.496314954828284, 0.4713885524510591, 0.365828241899379, 0.4521291631634538, 0.751724755230926, 0.2728577197635662, 0.27620745357243426, 0.22681890304000457
0.4008318145326424, 0.5456611069408502, 0.22799509389156664, 0.45811115762074606, 0.327854664544661, 0.6569074228754919, 0.40694953975804554, 0.6716287421294365, 0.6240270250896189, 0.4462996016249655, 0.6269650870624781, 0.4181424185642544
0.6003098074080243, 0.3811982924778129, 0.6546926940550668, 0.3153295130545854, 0.4813150301614698, 0.2203661118921127, 0.567083137080608, 0.4956851457149596, 0.6206759859865609, 0.3237053760684491, 0.17030592193303168, 0.1460031943605386
0.13760313141296104, 0.34631430257130863, 0.7158980485758648, 0.36635234555500784, 0.593735097669605, 0.6310108133993286, 0.2907261212119584, 0.4187532143381484, 0.3915831901592458, 0.7395014209888467, 0.45980962307570167, 0.15756336093206125
0.33321431484583985, 0.3233903817941164, 0.6675210808629694, 0.32464635658749563, 0.4164579464766875, 0.40256597779675146, 0.5820942787662998, 0.4514446256222671, 0.5619016796861784, 0.46517331021623465, 0.45995275771710936, 0.7614252327191837
0.5519519722035383, 0.44008136730384106, 0.35404721931266314, 0.5035426784385402, 0.1138903139971792, 0.12952529242734684, 0.5208535225665609, 0.521891589265778, 0.4943280289860244, 0.1328069931314263, 0.49733678122413455, 0.30437102983893033
0.3280119501613452, 0.318311459983905, 0.675732091148604, 0.43524658734015464, 0.49616559608036737, 0.5044352149294771, 0.5960593586451984, 0.54912570564068, 0.4674177700071144, 0.35278787333075984, 0.3198806175896485, 0.5110504131648999
0.4485071340236414, 0.4198287057466533, 0.47349878172686377, 0.5173727141996541, 0.27573967279163064, 0.3256522488435254, 0.5629140679469611, 0.473817533064713, 0.37971611522868537, 0.6168582808105625, 0.6187416041434517, 0.707516822270291
0.5203822281788796, 0.39578371688699954, 0.42601443636083813, 0.4259211968164563, 0.5141106935814976, 0.48945479053428564, 0.6181051358486709, 0.5819524631468014, 0.6564301874755971, 0.6600599975331829, 0.574046424326391, 0.6395730123947336
0.5608278019768431, 0.7144637209523224, 0.6422669385764133, 0.9779588220871418, 0.5414020052466872, 0.5731698086544021, 0.6493565699322437, 0.5310026601298461, 0.5594074235493606, 0.4196675666929542, 0.5424983280371399, 0.44440524509053825
0.2552038983154941, 0.16065344043264274, 0.2197925204648341, 0.3027981364485958, 0.49195184045835777, 0.515808324338106, 0.38900990449987755, 0.5876862558164346, 0.5259010552914174, 0.32847319548697845, 0.47293039105272316, 0.40505931276702434
0.7362347560088653, 0.762302196371432, 0.3491821700093688, 0.6580048003788671, 0.41142363523080683, 0.4095570511861313, 0.3933581413314387, 0.44140115831947335, 0.29322518557052246, 0.30299772588593016, 0.4778649618226632, 0.5773439961313697
0.47697877653513454, 0.510202214219336, 0.5292353757579078, 0.5565741442642147, 0.4790853183670041, 0.7764145448114759, 0.4451014522821338, 0.5144211641883965, 0.6209698725947683, 0.2418047420580839, 0.6401204929623718, 0.5454878913092172
0.4219698290556301, 0.2754220161905015, 0.8294828827941845, 0.3222199860640459, 0.296106519608366, 0.7905464049443304, 0.5129475660284439, 0.5179269803454031, 0.50899836818073, 0.44328785241772084, 0.5904919215571556, 0.7415169948271783
0.5845951052134455, 0.23715411784276297, 0.3530045761491457, 0.22830231426542635, 0.9209583011385397, 0.5363240795726374, 0.5569757640175234, 0.4659946077108642, 0.5574315263217015, 0.5768484060874493, 0.5229100343969513, 0.3988474613501408
0.10788069995195676, 0.40839864578357576, 0.5402785057685837, 0.5990981753261392, 0.3877781698356113, 0.6322910789702563, 0.7955012897531144, 0.6931175624280456, 0.22584615581020984, 0.470069054515605, 0.6489578859168073, 0.6874349323904567
0.22683752098151244, 0.6278244965829018, 0.8811818470051386, 0.6228525171787915, 0.2055446674099658, 0.814794470907134, 0.41865659009284417, 0.6922518288208606, 0.785096434098413, 0.6803935033210305, 0.3634043658457252, 0.7379814631909044
0.5286506088947077, 0.559910726125539, 0.6300867429055143, 0.37384688121224674, 0.32607905953176386, 0.40202242301135516, 0.7216656895641469, 0.5472702069669139, 0.7797505243288441, 0.8071654847503843, 0.6814457230857741, 0.5275175271241815
0.5687102680719895, 0.4124729809559108, 0.12360923615508157, 0.605446128435058, 0.2594935878968293, 0.6011594068537607, 0.6357058056442151, 0.20738075900283204, 0.47033986018437035, 0.5838974711686178, 0.5638422386126412, 0.7684361415138395
0.48486707547787994, 0.42452361842620984, 0.7484866143190824, 0.6813804486248451, 0.5926167439749025, 0.5315550755604951, 0.5534376189034294, 0.4118388576200452, 0.7071881792070398, 0.50230350447029, 0.5640398631991297, 0.31994454078459966
0.3270700936259092, 0.7349867814213668, 0.29841771933172345, 0.7909336446401842, 0.46194130354217194, 0.5431804886619716, 0.5611395187870872, 0.781786491311661, 0.4252614675637131, 0.4261390844538482, 0.6134982334351293, 0.7175740881014478
0.6067015942504054, 0.5565169259965427, 0.8227260729133306, 0.07666387667192276, 0.6108254489090917, 0.5651665165097914, 0.5549684966691132, 0.7625092048115788, 0.3165662265282713, 0.348851059144199, 0.378868938682989, 0.7578203004523372
0.40465663262871665, 0.3620427135562149, 0.4608732858105222, 0.3306131146688089, 0.6432802699613297, 0.3673110235134843, 0.2991537022601708, 0.3389887967234901, 0.4371272661257277, 0.40453423774959135, 0.34566084338359276, 0.6225456239982258
0.5242746861748484, 0.7244899915399097, 0.6862022095324837, 0.5104610176066674, 0.5813136324626658, 0.28660960048202255, 0.41635464100415676, 0.2219960502532234, 0.4612592018598566, 0.5210318739048334, 0.6818398455143748, 0.6427659142815008
0.6802810496972811, 0.7061584897537487, 0.47514732899814377, 0.3848869780978082, 0.7827298294014932, 0.7010073907373383, 0.47985551654537334, 0.6592913749680595, 0.25246448702787094, 0.7814191567134607, 0.37538511725892065, 0.475883932486981
0.32214530745772807, 0.4819306332787471, 0.07899275852659343, 0.9440505066546283, 0.45319334596361643, 0.3122249261454736, 0.5320371680232693, 0.7524814459902857, 0.599748561092011, 0.17745933613813653, 0.7091867696165048, 0.49015926838332413
0.8689388676570006, 0.6553356891377184, 0.5015112125355339, 0.9229263926244244, 0.36757035564955776, 0.6232590254771855, 0.66170313335302, 0.7069687754242906, 0.7029731136723579, 0.42500446028943195, 0.6310555599105977, 0.5677112324217802
0.42558989837976785, 0.6289969653625814, 0.6276377980736352, 0.5750074706853077, 0.5381290591804408, 0.44175601543709847, 0.5590667980928581, 0.7359100569260318, 0.3502003996802365, 0.4998663645654414, 0.6541630112372805, 0.5245539334881999
0.3608716656645701, 0.7065233927300199, 0.8455574299946269, 0.6195571812695911, 0.34372219064421505, 0.5676280017363532, 0.6855318289363067, 0.5789159149791697, 0.39848491346701614, 0.2676410214134537, 0.2819655468237625, 0.387020545417031
0.3254256306879917, 0.6652141231025918, 0.7847341122822569, 0.3237368074418484, 0.4343536517281137, 0.3419042103938875, 0.5214321748228374, 0.41851013266374204, 0.5613316896235154, 0.7390139617161822, 0.3263949160680153, 0.3949683305325976
0.4162634257697163, 0.19723228496037004, 0.33203516923942633, 0.5326798169573932, 0.6007506681248785, 0.6091967351774101, 0.41378146714345587, 0.4870354076280591, 0.2619516550490243, 0.5771762495032966, 0.27035973390480733, 0.6160756965122538
0.7752153803976984, 0.5813385806732129, 0.47696845731480686, 0.4753919300820564, 0.523164177984069, 0.026229124497776923, 0.6250815091213185, 0.6633881038389742, 0.8535834965644092, 0.6047056842193437, 0.531941019577741, 0.4523663909263681
0.18523263373898385, 0.641851423160773, 0.4956663681441214, 0.6299890892323365, 0.5868343595363874, 0.620994124905101, 0.42992075006495456, 0.6042998967926675, 0.5629663562968727, 0.48528073329994287, 0.3911503674297165, 0.3565958133805077
0.46869890712757306, 0.36561417063728663, 0.2519545594949014, 0.45181683722433125, 0.6121228943340584, 0.6149635962169886, 0.5056558818083405, 0.5043922903370079, 0.5516954262196829, 0.6268742583263496, 0.5673562390961574, 0.5399069709942177
0.6466355803150327, 0.4563231777225039, 0.46779752150567794, 0.12801881933397286, 0.5526111596585017, 0.5101801122362645, 0.4902547099352973, 0.6053590448209692, 0.7186834913446011, 0.5419265755303034, 0.29021507580097755, 0.5276338891528222
0.4061515465593515, 0.5431512429414715, 0.48162701595516366, 0.21826111143376614, 0.6285460476888792, 0.30142883978813184, 0.547540654984066, 0.2445532567481838, 0.3693498472947959, 0.3385185820672579, 0.2852892518105526, 0.5516096018913954
0.6169647730441181, 0.46322824993623385, 0.22717912834052478, 0.3864067185511585, 0.3831888038183617, 0.6508462552181364, 0.6358602570358931, 0.4287751212767222, 0.7240919594305706, 0.5999724920785485, 0.34295539138964415, 0.5731935938438013
0.7037632703118717, 0.40872673293807604, 0.42651971139077394, 0.5854527089018658, 0.22956724431793185, 0.6933646001481193, 0.7755068675282701, 0.3098179220120345, 0.2452511631519313, 0.4609060792389101, 0.4346833123155775, 0.4727234922886065
0.6722458061666191, 0.754083800911513, 0.4615089873814752, 0.39256477421390146, 0.33732519122285975, 0.6230388303603246, 0.5066515082132863, 0.42122280130673134, 0.4296625004284922, 0.4012774715853916, 0.6731468188330219, 0.5982250367111333
0.2526171412849102, 0.8667902512059442, 0.6473906241174532, 0.26173784585050497, 0.40697668952519206, 0.3814238957529754, 0.6438006994834659, 0.5460721967348519, 0.16592008440345152, 0.5283752517942506, 0.41963456279567934, 0.0922965193382545
0.5595595280644593, 0.7848604730421194, 0.4819485166009482, 0.2194007690530408, 0.24290369488546826, 0.28705495546300736, 0.6464374478530867, 0.617960155876929, 0.27629790932433146, 0.9280355661852864, 0.5844567231851564, 0.06954253456620396
0.5310721146497763, 0.5762299845626923, 0.6363807117523483, 0.31695930727260035, 0.6445652430516828, 0.5982616290941308, 0.35049047875498224, 0.6602133950088787, 0.4102250869555528, 0.5030083664898458, 0.5039273798810076, 0.6545001989464676
0.19871449067998093, 0.7963560547028876, 0.5914043028173811, 0.7868393395459554, 0.5410594394862194, 0.7190943544142464, 0.3461877633662713, 0.5167458606667704, 0.47152377653571337, 0.7691291181193012, 0.3651992801314363, 0.20925331446837303
0.48860130003382457, 0.2904113988346676, 0.527529589625899, 0.4810403742161548, 0.4826444114769651, 0.7078877166035623, 0.7579798132960939, 0.6827265067864676, 0.5421330888223572, 0.3887420312618225, 0.4888433110623538, 0.7860678089944955
0.6287899087470876, 0.7956807581422164, 0.7514230892483086, 0.6136614162357635, 0.49291606829741275, 0.48509664772780725, 0.19033489274517296, 0.7114198736063999, 0.44677287408894284, 0.44352640299779195, 0.8711439041987367, 0.35299275572302047
0.3994879054186791, 0.44459115772608515, 0.2894204679067074, 0.5952173431981707, 0.3728489852769621, 0.5349058350332612, 0.5346492853329423, 0.30856111066374897, 0.261397808185324, 0.5029471733448307, 0.36774558579860034, 0.4498447551572785
0.5827192831660697, 0.11802785954794415, 0.6048105700963488, 0.4682358854100572, 0.8094788585872634, 0.24359653541252413, 0.3956656697148563, 0.46013934164820347, 0.5215365628715736, 0.44052739159848636, 0.6893809502457776, 0.5041541338951732
0.7038844860270007, 0.7311590542359201, 0.6713981130560018, 0.4899457767426082, 0.3807752957544347, 0.6675096226680282, 0.4946354757383263, 0.5929775214693511, 0.40039831381459634, 0.36636730447203947, 0.951887836320452, 0.6090079677903314
0.4253048654336408, 0.5954454856337471, 0.6047965687031809, 0.2861447539364106, 0.7796299441936232, 0.6801696355941742, 0.9898787451686388, 0.5132619022964403, 0.42958510061603955, 0.2757774532520094, 0.4485293117565745, 0.5197645880549262
0.42079650732138874, 0.6958669168241551, 0.7559500708994574, 0.4014484109639658, 0.5356906635332364, 0.4178565259511294, 0.21078512114962933, 0.4246206386816937, 0.49023726577370835, 0.4290188239201417, 0.5396428264779497, 0.7406894797974248
0.479005139332352, 0.5088101437982855, 0.5287535916348793, 0.392656096533038, 0.329226750360345, 0.624492949374353, 0.5055809224157293, 0.5999718433137601, 0.8375905796132603, 0.682956816795751, 0.4779593994267307, 0.5225681288378998
0.12693178771089386, 0.392692740441296, 0.5396280061230925, 0.554598735521197, 0.5131049592086633, 0.5009614750982864, 0.6740074947990828, 0.44774263025330063, 0.4414461456482254, 0.693746958428827, 0.46681346718995675, 0.5791613276928232
0.770708630050216, 0.43545402766054997, 0.48328509828083227, 0.5194012394056984, 0.5811196406693885, 0.2785754029252, 0.39531731862055786, 0.2619696690100338, 0.5561483729148938, 0.5249510945102466, 0.3988973243524309, 0.3677043797537369
0.6285429366840813, 0.30489924325136786, 0.7199033842920359, 0.7880390844452767, 0.5228301467710899, 0.558083950264487, 0.5715019240511081, 0.4288929200654338, 0.5204124375155498, 0.8514276238839766, 0.359831688488598, 0.47021717243881134
0.8724833052479708, 0.4174429034861028, 0.45508236278168746, 0.5937851329598604, 0.27368805795796475, 0.47207223513760593, 0.7429511107113907, 0.6587977259078666, 0.5750002034500465, 0.27022725239795137, 0.471911355587538, 0.4563405111458276
0.13787091172902283, 0.6349143460539517, 0.8165617307008871, 0.4198653065327121, 0.3841907777236751, 0.4904231394557253, 0.7042298576040016, 0.36093933978662435, 0.5119153127794969, 0.5195898489480132, 0.8244156282441163, 0.5507202027451086
0.4921823990451541, 0.5329587624646714, 0.25192978285717244, 0.3482994583631898, 0.357819151765328, 0.37184462599339474, 0.6948807068091369, 0.47797737834619913, 0.5729881444587699, 0.6048284343230412, 0.6040290413014273, 0.29833934250925775
0.7271224025685916, 0.7104490214055861, 0.795950803178251, 0.8103880961625989, 0.570168571904728, 0.36933678160961053, 0.37232350475476533, 0.45037576817345126, 0.8138030801486653, 0.8085324638503455, 0.7030173279549397, 0.7782529333233366
0.6358623356745425, 0.4521858371059869, 0.6160993840341418, 0.4786327828795008, 0.42670370482595377, 0.3973883879632269, 0.3370234549035876, 0.16984314759616648, 0.7182417959995391, 0.41019771107404307, 0.43184532843476026, 0.5101334502195404
0.6394563293929739, 0.2532317015035355, 0.4933738614940728, 0.8143093803707699, 0.8307903174567046, 0.8203764463950279, 0.5928437151171203, 0.5402986664477203, 0.7847387778001611, 0.5530039509701447, 0.28268447375452316, 0.4424428572982387
0.4852849501237612, 0.3856975217968631, 0.33302416733185786, 0.6066242351709699, 0.5471901648456957, 0.47578882702187003, 0.22368347825217771, 0.34961194976758414, 0.30978140106275887, 0.2788104714073891, 0.6324287383476183, 0.4264148928676792
0.27133190499628623, 0.6163564610543303, 0.6744634086164429, 0.36675647289899793, 0.6781034157533797, 0.5606489739266836, 0.811656501520836, 0.5105602560933631, 0.20363589515360497, 0.7396894123239592, 0.5345932070448483, 0.6320385182424919
0.49171405040056826, 0.45970073690918467, 0.3104953368222698, 0.5541241203376561, 0.45630502009871476, 0.5789315611653332, 0.4622443865029638, 0.44255619516673883, 0.29912569746198747, 0.661667192615998, 0.42143644984283357, 0.3968939392127635
0.3163972044653838, 0.48208698723222326, 0.4847786426885846, 0.6134646927992724, 0.3988451577453185, 0.5840036909362336, 0.41906413747131066, 0.19368941445752907, 0.35849088481240066, 0.5286431279118309, 0.4126959858761074, 0.4306399525930348
0.632524631214336, 0.6176872233160465, 0.6361708965657213, 0.4261334844935598, 0.6351979306907221, 0.5616923298648899, 0.5405520604535095, 0.4347898664509009, 0.6696846132842107, 0.6451406933716946, 0.44721733130281843, 0.5238834746659703
0.5229510457278781, 0.774142717297992, 0.6141101038652139, 0.53946674623662, 0.4925943789214004, 0.6761133378222757, 0.3660660838809185, 0.274313087577049, 0.3344130147113765, 0.47435480460859575, 0.11453952960006858, 0.5078529715963181
0.27012062921918356, 0.3542394539339703, 0.7913849739372297, 0.549605784912394, 0.11231227228449614, 0.8599888899879111, 0.3279512049901008, 0.6380538241490322, 0.3903539574735966, 0.3939078690107205, 0.5385452178991303, 0.6616190679471277
0.21493999387294244, 0.2955672086638836, 0.3248245219393553, 0.8472269878989159, 0.3582639517162013, 0.5490299975955183, 0.23766054779654722, 0.6036728368997161, 0.6051548984187713, 0.30738613685563937, 0.5553998362026473, 0.5218063668550067
0.5109936120416799, 0.16442933964974005, 0.3760304302152349, 0.48426662348505967, 0.32396357496161043, 0.4963709293790826, 0.6367223586744643, 0.4713175895399447, 0.4076702149823027, 0.45556657403062983, 0.6035017684414685, 0.3249383085786795
0.3664289790571323, 0.75931088818796, 0.06415925564534519, 0.8378790431590545, 0.6222910234086441, 0.4985108027675279, 0.6225102762072535, 0.5115775357788895, 0.6169451484727534, 0.660906668082182, 0.36885884139581737, 0.4546200998817499
0.2415480603421376, 0.5179084953500254, 0.6998166459887963, 0.7493106219251248, 0.601791903822131, 0.77652194290383, 0.43775085368590017, 0.5590052369074138, 0.41433756443908465, 0.5013832887350325, 0.6704480580358291, 0.3874644701910787
0.12825890043050325, 0.5961640256135173, 0.39229862921676195, 0.6017011298716287, 0.42493184176465276, 0.4788638427447114, 0.48487923639244757, 0.6640132416438866, 0.7656508605256032, 0.6603983680848381, 0.47374607140213515, 0.5416536834432011
0.4106185007544515, 0.6391758201438077, 0.4424049353689456, 0.8761697177202673, 0.36463673598200463, 0.4680621987059259, 0.38929266946988633, 0.7033074356918085, 0.16510520524579952, 0.569188632102386, 0.37852169761955107, 0.7170687536519267
0.44408582175953254, 0.5333232012819059, 0.37543930124663893, 0.5275590548439346, 0.3923933793190051, 0.5871786435883245, 0.45555820386833334, 0.3882436906035432, 0.6149080175241015, 0.5736345265572711, 0.32104444058473014, 0.5595072203478564
0.6381342615909424, 0.26672729145420687, 0.21070508282418388, 0.6156170511381622, 0.5634339407656404, 0.14501494360296902, 0.5829577220870036, 0.5197743737603344, 0.37495846877691147, 0.4753178278668669, 0.6416952156300522, 0.6683479274282698
0.3413444234835762, 0.3149001036304104, 0.8356713557978717, 0.3097932073320898, 0.7473788615599132, 0.5320477485021776, 0.5172237533892288, 0.6363715694702328, 0.49259218851414893, 0.38508722952319346, 0.1995766880992792, 0.3083841879762735
0.4126661017187988, 0.46090437947383023, 0.1882942089686232, 0.48086250351414284, 0.43445734830041116, 0.5503093306603066, 0.5581682627432806, 0.5188373533267541, 0.6253541568536506, 0.18555032241642377, 0.4986484536309946, 0.44751980011514764
0.575661355033449, 0.22653195762466954, 0.4054550325551253, 0.717605554661473, 0.2774443997175262, 0.3749713833489936, 0.38561755523092656, 0.7407334034823745, 0.7832826007267952, 0.7033513191656322, 0.4757304513621009, 0.6540386098573827
0.7758210009270802, 0.15584240967638102, 0.15957432318402254, 0.3203650943679003, 0.6833777569949526, 0.5756496506630047, 0.457045294217871, 0.2812272640880745, 0.36390116932744015, 0.6144963899738247, 0.31851674527362217, 0.4932254003487595
0.21283352909567604, 0.49116498732470504, 0.1705346882449325, 0.5721140921888798, 0.0887974163456075, 0.47617040152993023, 0.38030032398620806, 0.4973465673524999, 0.6548521252223174, 0.46549664079038877, 0.7403042380166547, 0.5493897965557264
0.31327942754961635, 0.6333943920755921, 0.7050396552866985, 0.6505538234873449, 0.4610209292856185, 0.3162790050705493, 0.7190526410342124, 0.5036756802456088, 0.3981592177967587, 0.7287496574687864, 0.6553678600969811, 0.637034943800171
0.5578472681214461, 0.3078723403888838, 0.7219699950834217, 0.5776994592187584, 0.5142965785318743, 0.5347394582100639, 0.4794657786277835, 0.24176066278856972, 0.4189840155482854, 0.42204059312345943, 0.4115449512717593, 0.7383927131063561
0.5830024457210926, 0.6741652731590725, 0.19235975504928032, 0.5191143891236666, 0.2178102497422033, 0.6126439100821365, 0.48281093629120825, 0.5097698088351583, 0.4222101208443404, 0.30768816163456303, 0.6816336290767818, 0.7027494308980933
0.4468925364743233, 0.6560090851396867, 0.4246823845248927, 0.32004787012469105, 0.7752625631246506, 0.42319458706297747, 0.5922634918583843, 0.7943768820964752, 0.6067516080938666, 0.2688721968870515, 0.5643636298203578, 0.4701262751693731
0.32666473401800245, 0.6378360454527021, 0.6528185095041537, 0.4454654675973796, 0.7091807715297032, 0.5039556138875194, 0.5751749907238388, 0.44701104987452783, 0.5036791786029721, 0.10996009914954785, 0.5073778774125741, 0.7667355532522885
0.40158704002919726, 0.47739280212478374, 0.6444765053053756, 0.4554221810531366, 0.4697833301828331, 0.5697877883800873, 0.5429513663941077, 0.4966547774445678, 0.16946941602483895, 0.48667264075633826, 0.2928283211982514, 0.31396768636834343
0.41301078742728475, 0.37915631064311295, 0.44658672633806423, 0.8856995868906752, 0.4945055104860383, 0.557083039331654, 0.24312366879258507, 0.539173776365681, 0.5501939911877344, 0.16778370009817323, 0.24711091947936697, 0.6499050604300542
0.48636018530496705, 0.14387254053517362, 0.44467499831145485, 0.5611680014591233, 0.4293069982335747, 0.43317031224899116, 0.3017740386013173, 0.4825299397433256, 0.4758690570838747, 0.5953077767014164, 0.6571022071230022, 0.3390162049707563
0.6700525348014502, 0.3765859034351028, 0.3136031214400806, 0.5170338241490311, 0.7048055075057279, 0.5331478060831867, 0.6958007516741661, 0.5763229680276599, 0.41362484290180773, 0.5775713053795818, 0.36462164606726877, 0.4315321846731984
0.693877247349721, 0.16752655076399053, 0.6516437846306289, 0.3439319277689006, 0.5783814727404252, 0.5149584910483473, 0.3829469652286225, 0.4914380223154816, 0.659677455070065, 0.5655546122637747, 0.41950598943743467, 0.4574085990750295
0.3566362116460807, 0.7174489616528059, 0.5377003373041199, 0.4282902033743912, 0.6381610930483675, 0.32735498111123296, 0.3435819179708216, 0.4664586175340188, 0.5955789509112701, 0.5877121122199717, 0.5216154283232336, 0.2897042983084521
0.3745615490097453, 0.6788673178408949, 0.5170825753306554, 0.7462330840867961, 0.5796605615872308, 0.3450928574447558, 0.5583085561660706, 0.6108008187651587, 0.31325136856318847, 0.41822185028343006, 0.5510813908883186, 0.38478366163894645
0.2953927362376044, 0.6087375865824954, 0.47909563662696936, 0.4603210297599489, 0.8346286289068338, 0.2652988707117174, 0.321578635504572, 0.3644730341206227, 0.5606396676016056, 0.543799038623694, 0.29335371327991266, 0.4117878589242716
0.4207443626232223, 0.4854735741950038, 0.2131429934642326, 0.5367787831565054, 0.2947739719818656, 0.7179155629902946, 0.41956284704082447, 0.3847624450641125, 0.49837892306224085, 0.40090667470361424, 0.2414464736600564, 0.6277999951000737
0.330199277035601, 0.3253047886782317, 0.26630010656823677, 0.24075615321173194, 0.5372318620760365, 0.28233926276187143, 0.4163929795213776, 0.6763101986737104, 0.4419532088360036, 0.9417002630079365, 0.6112598816163857, 0.6235043605068827
0.6748493878654518, 0.3912343565923979, 0.32672153424292205, 0.4982859881011637, 0.6957578135938693, 0.4659194971428821, 0.7001505344737572, 0.3447254744253194, 0.4298386422882947, 0.6017127150185567, 0.5893786503090799, 0.45017918903162707
0.627902611526835, 0.6154072787437013, 0.32486226521188966, 0.4188046373798587, 0.5417066446543927, 0.2901541113738584, 0.47207674585197107, 0.7152572099743606, 0.5981906357951257, 0.22707931853332208, 0.5062970368821971, 0.5541590916495309
0.220341610619944, 0.47865076465720796, 0.6432635487947571, 0.41687373238826025, 0.5051608988728123, 0.39998224567589, 0.5059409599788736, 0.4774122891763859, 0.5224011686252107, 0.5928787043282017, 0.17129005023334987, 0.5233968971423465
0.4945918549539487, 0.6122031602700579, 0.8022710980159303, 0.7419893759922943, 0.9629095508332195, 0.5383607832425358, 0.3781936936905767, 0.47754384748231804, 0.3568371123251315, 0.3425686311488187, 0.9308921694533463, 0.592586529930256
0.6853707764992827, 0.5561092416384688, 0.5357067229367235, 0.7612034444693845, 0.3900555619538176, 0.46688548584674394, 0.0712694983766275, 0.4548510811245986, 0.5796974133947741, 0.4709767914557168, 0.34062803624190247, 0.31399099053222324
0.4274893661311946, 0.46312987371298037, 0.5445582504460995, 0.7710234108469192, 0.15109766376999162, 0.46829008812754225, 0.40370864414111735, 0.6576031317237978, 0.4832892299087759, 0.26258812849880414, 0.6927018737114446, 0.7350717028939036
0.23832153661048344, 0.4966278449029324, 0.664646464904368, 0.3589552743007467, 0.5272572038803731, 0.5212980042493569, 0.41834339677087184, 0.48220095131716423, 0.38233441496778964, 0.30904157870824944, 0.5036056257295953, 0.485256235034991
0.44217724127011077, 0.25292170763966837, 0.252891113838717, 0.3472624566332814, 0.26810876163594666, 0.6789452105770235, 0.5062291397255977, 0.5554556310665764, 0.3953755805207987, 0.4158308589098913, 0.2810221781105152, 0.8246389883257279
0.2274754359310719, 0.5631284549467184, 0.6519424815099034, 0.5037132186711735, 0.4242009234828807, 0.4565699140002111, 0.6218693791466394, 0.5737216332850765, 0.6968764625984795, 0.44771623791228776, 0.568593974406883, 0.7644905901004573
0.6709971906263974, 0.60723213430504, 0.4471969801647836, 0.5619846953674571, 0.45017766563254075, 0.5852880875027395, 0.21699227941663285, 0.6791725354952775, 0.7931519388642634, 0.24115330782667488, 0.36933250736370055, 0.34563756771653453
0.30980346385453783, 0.4287077970559155, 0.5566392377473731, 0.656559643549254, 0.6576449492446105, 0.7706003747365893, 0.4673121470069466, 0.4915346390576327, 0.572514567790279, 0.4435805176006102, 0.41911581595511316, 0.3807197088014328
0.6274234731536124, 0.6647056984899962, 0.7932930677614378, 0.5572649527791635, 0.32991064883016213, 0.39783273421876025, 0.4737731358295136, 0.6567838060832657, 0.48294823343291987, 0.5489945120665263, 0.45479326691391864, 0.38687202115982144
0.6998063972615717, 0.48013133170073374, 0.5718389095705034, 0.49733748741102485, 0.5043393456181591, 0.46972794302912535, 0.3190667360650712, 0.40770360328726335, 0.7054827694160759, 0.5600825961031042, 0.54907319983274, 0.6407693040886417
0.9480673650440431, 0.33048606848398965, 0.678973980088152, 0.2840466154288722, 0.5267285740822888, 0.3021769638753078, 0.6968597621216772, 0.21636197062191997, 0.46054655273064576, 0.5470947489319691, 0.41070219537466557, 0.5737654995901904
0.38432606391023627, 0.28137180834913, 0.34300815456957784, 0.6225645806257605, 0.514602894471847, 0.2133601245984621, 0.21854367814689224, 0.32084626799435706, 0.6874135820244368, 0.6571921381768241, 0.2909574780615645, 0.3152540792332714
0.49953124900925905, 0.396069641290812, 0.4806190159222178, 0.6720170956404701, 0.3564368173358183, 0.25474774190487076, 0.563958406103207, 0.5691373592932574, 0.5921653615826706, 0.6034870327961122, 0.5305716066501382, 0.5859692451674571
0.5834465985126058, 0.3961537847237616, 0.7315194129936284, 0.4522980506266933, 0.42753262625492916, 0.607367992311153, 0.3961769093251737, 0.7456973536865669, 0.5222275180700157, 0.46275061597195305, 0.4455039072895499, 0.36695152529527264
0.47738275559011395, 0.38425458396551404, 0.2778202882299558, 0.6396609062400546, 0.6084717891194174, 0.37643057463268426, 0.3613181035241927, 0.3695898030319521, 0.5713630745866758, 0.5227684367651915, 0.4359590970386106, 0.5606111267459595
0.6327238180635661, 0.25240951161616365, 0.32467856446534293, 0.9475368880910314, 0.3734924244514445, 0.46345193605495677, 0.44929319378067545, 0.48664325705422445, 0.6179171479355279, 0.47252175989297834, 0.553239678153839, 0.35553000554992453
0.6377033037727826, 0.569686117228123, 0.5769644585668027, 0.5693976239738803, 0.5399900174362516, 0.6543185230889561, 0.5608605619421858, 0.3905992705235457, 0.5795988464724426, 0.5020399170835723, 0.22411824860186103, 0.30189474247709797
0.7198477674143982, 0.8322262166566783, 0.8364980165388622, 0.522457038608238, 0.5476196017290778, 0.5777769714084374, 0.4164161415050437, 0.19554640050932626, 0.5954497461046561, 0.2963216537627148, 0.23890601587777127, 0.7563948584827056
0.5910379022701844, 0.5770206963884582, 0.45987124784462674, 0.36722851099812454, 0.3159175582194762, 0.5512306877492221, 0.726777918858912, 0.7601103024338705, 0.3518710513207883, 0.37571842701814734, 0.5160590649517696, 0.4534138439880576
0.42379244819681083, 0.022777020585031504, 0.6784095523788853, 0.41002028196690987, 0.85558806463909, 0.7979736087776539, 0.5945343897477383, 0.2990137573544586, 0.4747218069113805, 0.15729127230335127, 0.3077467316400088, 0.4788219434148064
0.5943631755521787, 0.6539529617630043, 0.5341342949842871, 0.4293954247583216, 0.25050745417099846, 0.45489257486318685, 0.48994313910039805, 0.874217803836409, 0.36917045406606674, 0.3016209813129438, 0.7162788581839248, 0.5647954542142393
0.6144918862217003, 0.7259716085828589, 0.3271981047826892, 0.5071492677471234, 0.5776802184696932, 0.14685777579836168, 0.4057797138377697, 0.5130615176521257, 0.6405945838815472, 0.5174197747510924, 0.3669748154762751, 0.43091264933461165
0.8913726501948553, 0.45268976049168186, 0.5032718822439907, 0.659977171624825, 0.5349781434309778, 0.725380177507017, 0.21415016615916826, 0.41447024326133464, 0.6544704414380706, 0.9811063526574967, 0.5724870206220836, 0.5324597250241626
0.2978818083975116, 0.49076054896230137, 0.37317027289627425, 0.603387077438848, 0.6704823220102931, 0.7033008708621875, 0.4655858565480422, 0.3557127406258346, 0.4142526445270653, 0.441428886228346, 0.6276055164104659, 0.8704193657573566
0.38523393731829064, 0.3790856507666509, 0.4626869633177334, 0.44952168647745694, 0.3436822931083687, 0.5507811059255611, 0.049794189557055724, 0.5419147541051301, 0.6513387860903899, 0.4055160690808355, 0.6030128263471936, 0.6525657889225926
0.27588119542599066, 0.5455789094799189, 0.5853414605947033, 0.40422495774915707, 0.4610518052949862, 0.5275592380360322, 0.5215675857546166, 0.4606377896875535, 0.7088730322917979, 0.39504131829882355, 0.4495304293986425, 0.3863535913383785
0.4189499140704608, 0.37871939486908734, 0.6139486229406286, 0.32155320869460946, 0.6352332578362057, 0.3811540534414912, 0.5547105387813596, 0.5362353765886377, 0.5344330594102483, 0.31511726277694085, 0.5331036229669955, 0.5420968934593291
0.36930060188945674, 0.710268849328342, 0.25866203100099605, 0.3369362600072682, 0.4513965058015099, 0.07094573600114884, 0.46220098457528946, 0.6079280618538496, 0.451832017272013, 0.11017233547861816, 0.4148849313965433, 0.6647283074107442
0.3775916168652654, 0.7689032718271116, 0.6205831007138584, 0.4731365717062105, 0.6569499278875173, 0.6365944190689773, 0.45459355157346415, 0.7184831800595965, 0.5662738455568014, 0.5433996299387286, 0.4332161678379535, 0.3816769783840266
0.6858810627713248, 0.4866977951620341, 0.783824864243878, 0.7142993052417825, 0.4689619705793855, 0.07275369079725447, 0.5274195084563538, 0.5714047949308949, 0.3501829962848366, 0.7300216760959102, 0.8315089173970969, 0.518244548879428
0.5182291424870733, 0.2740053696962558, 0.4619433291485574, 0.5225404986715422, 0.4411682010377507, 0.6769681606194987, 0.7198590564399665, 0.3475527821298351, 0.4010422430353192, 0.5731022324049484, 0.5122329834837096, 0.6575815868662485
0.5231651395343844, 0.5198127014663648, 0.3660902114686223, 0.5240313399865629, 0.42914877444241856, 0.3024242620722264, 0.5455053429313685, 0.6881003718002657, 0.3899911762072349, 0.27228122095246504, 0.7475753393030118, 0.5561004627421098
0.4905287333520614, 0.44722492126159874, 0.6053742215311722, 0.881865684793731, 0.29687718061702306, 0.47071220715550427, 0.3217325914025665, 0.35410601333643044, 0.3737693667022431, 0.4256634470209187, 0.6702894020237937, 0.44906896040862126
0.6752044184600507, 0.6297387933901246, 0.24413062588903134, 0.6165145204784253, 0.5594485552603118, 0.5842645465921829, 0.43519772082463104, 0.6535612006705633, 0.5951774251598916, 0.7566546006534467, 0.3776309709380917, 0.4037549040929845
0.3705383915589105, 0.6352462952863263, 0.7082412857290548, 0.32120450837502756, 0.36116943247527233, 0.5071222909647295, 0.40639996405438755, 0.5035838859400338, 0.5788229966108447, 0.39902115101640384, 0.33811395046169057, 0.7306754909590765
0.5627873777536124, 0.5535565708370302, 0.5896983713946601, 0.7029411562792428, 0.5893049810075992, 0.5860119149251923, 0.2600926842258703, 0.7473928817643466, 0.6454772637839555, 0.44216304949830443, 0.5545851843822234, 0.24162599925363443
0.4150723882823092, 0.6759657837174202, 0.47422571562434057, 0.6808654271556348, 0.5738930695866149, 0.5457725242715007, 0.33743481695107447, 0.24942681582235993, 0.5296647988337418, 0.391632391873854, 0.42478378507657727, 0.45615081908403976
0.8249288270529052, 0.4755646532110444, 0.37181914828104357, 0.2642562832827043, 0.35840121018762094, 0.4406433686113002, 0.6515306998909498, 0.2974562490825292, 0.6184229298554349, 0.5365966531956514, 0.5056496917986236, 0.48268709458234893
0.5645198584382863, 0.3269546576271084, 0.5076335828077503, 0.2809292819832886, 0.8600149588545783, 0.4614082673943366, 0.6270691379125596, 0.33618348869103687, 0.30688167044569264, 0.5514993114482889, 0.7077294578064879, 0.590374123549422
0.38459473404744293, 0.4502041054047127, 0.3065444648272833, 0.7290141934413791, 0.44321879886945176, 0.434664840839353, 0.5700476241082048, 0.46915954765754897, 0.5554344426410249, 0.5895717690172865, 0.3632939758871129, 0.33093248962750166
0.623434072670242, 0.41021771820336383, 0.5682171999029264, 0.2633142285312153, 0.6272477775484993, 0.20860260160294875, 0.6512540567626841, 0.6968622027159818, 0.33614867527166303, 0.3423632614383001, 0.46722517108343997, 0.43081861928596143
0.6904784923675109, 0.3914797339041883, 0.7896761118225215, 0.6206759459269414, 0.3114179300866662, 0.5135364805647502, 0.24077814905610784, 0.38293857006314236, 0.859890236109428, 0.5079615619363316, 0.20108065683830612, 0.30779325080260417
0.2806160917946459, 0.515943477478682, 0.4396599135693124, 0.4931335726167577, 0.5841102281458673, 0.47114860376466355, 0.5425367286795191, 0.3500047245908056, 0.5748959470617997, 0.46528172906425036, 0.4330310051895607, 0.5998187256980362
0.1859346955686988, 0.2373063581191136, 0.44840592960875436, 0.5829994970238502, 0.41240730055219194, 0.580944286863789, 0.569156460592031, 0.500289795507282, 0.17361468038455735, 0.5376632524350746, 0.5325312956020427, 0.624926574473603
0.35559060886971355, 0.3916885880035157, 0.1826383527340822, 0.3700468417282187, 0.524095113776947, 0.4658876940034754, 0.5633961822102622, 0.15597477559889666, 0.5551424823782507, 0.46850667571391225, 0.3909547608448072, 0.16616177195431797
0.49318686807742423, 0.5719814514774342, 0.42386837646752906, 0.32120400173487473, 0.45374336015986927, 0.5479330009752978, 0.35829787943330715, 0.3034803686284045, 0.5221517600339085, 0.47559900604659855, 0.6414757875873123, 0.32297368322857967
0.48719083086347903, 0.6647912956962548, 0.3061906213641251, 0.5542872461124041, 0.4848642852543208, 0.8514980618900444, 0.15105635576398468, 0.5806388672363018, 0.6491821209641614, 0.5452597592205328, 0.4486137874288281, 0.7834520664962306
0.6776146775399781, 0.4582554011421388, 0.4794455260599262, 0.6474511048402655, 0.33556511980195236, 0.8303222958373663, 0.2721352412766469, 0.6165226972935671, 0.47052967907418963, 0.49111275773824264, 0.3981170703653567, 0.22864621212390668
0.7040186827392232, 0.4192877060622917, 0.3554139790670846, 0.28254599245220025, 0.247994674422939, 0.693519062139651, 0.4370490102674216, 0.5098820538781227, 0.7019396349482299, 0.7662499654592768, 0.532750462043418, 0.31879709298396125
0.5161706178603254, 0.3394183225309383, 0.3378221102086227, 0.3027437887098481, 0.5148388268444668, 0.38416364439862777, 0.3089536662190757, 0.9452884102606064, 0.26199290568944567, 0.5308806597286264, 0.538967133834712, 0.5776635289491574
0.3093921846344614, 0.3418059778730673, 0.4566285852781809, 0.4395989519128049, 0.5327875840338905, 0.14403197694486852, 0.5612426962769178, 0.600375601897657, 0.39728786334838523, 0.38810500136957077, 0.7672020682927067, 0.4619794055450037
0.2416999117656713, 0.5285432098831304, 0.44708006934424893, 0.31987408228058856, 0.3439988143502349, 0.7489259676975564, 0.44950254290964436, 0.3656804526490156, 0.6637958052676365, 0.34856036834358806, 0.28147373197996683, 0.6167859648922595
0.5793776365291835, 0.2722349703650812, 0.6038606168407774, 0.572704298396713, 0.7673110617190833, 0.6301796099078152, 0.4340865685312243, 0.2635913937281315, 0.5143411231429931, 0.510521194490176, 0.6299742729184112, 0.6507269974066805
0.4891047156891574, 0.5477974442817171, 0.6170614366438851, 0.6032923025868312, 0.24264241597755976, 0.7834560250399355, 0.3551632689499157, 0.6034103358283429, 0.5011975795300698, 0.4970696949394765, 0.8406325912239891, 0.6229265385385407
0.33396424660439006, 0.8667681286557428, 0.39788071160329364, 0.7009703983335475, 0.3817673129807949, 0.38189758496673, 0.2989528045831523, 0.5059810939337838, 0.470015232079379, 0.5013397063611568, 0.45233072629070276, 0.34710168101808697
0.5563670327840269, 0.43470252493271333, 0.33523844563566463, 0.29558463527185064, 0.7483714750648599, 0.5702398064969749, 0.4438424016534197, 0.4898348000159729, 0.6351103278581645, 0.6857860391217783, 0.704433404399708, 0.5009080963753703
0.6439983080160646, 0.6969919333797018, 0.6531998683133181, 0.19593376354242398, 0.6050330165490911, 0.4604898613139888, 0.14392671405550517, 0.24791574646986736, 0.688568909721353, 0.715100861377152, 0.35544989446685504, 0.6497063274631982
0.5280332365420691, 0.36594782122221653, 0.47088988211903904, 0.6678326473215834, 0.6947924629938512, 0.6527659535280008, 0.36868672242065637, 0.5634934079064329, 0.26239965291204714, 0.4749273199494812, 0.3933313464841415, 0.2542910074566042
0.6555281850924228, 0.37263963682761053, 0.5681681964407086, 0.6082486245417019, 0.20070171713030227, 0.6031343163380941, 0.6863423651745097, 0.35273960137065596, 0.532167713258503, 0.2856529283017968, 0.6387527956827022, 0.4688635011156605
0.6589639395125019, 0.6169585141157357, 0.3549504154182519, 0.6015071128785787, 0.6264895599690918, 0.27083061570703354, 0.5445261316297711, 0.7144689588459889, 0.45539561113050253, 0.22958391237335785, 0.6462411225578055, 0.6179118090682658
0.37246802807346, 0.6644020622672555, 0.5163582944246791, 0.5026478349602341, 0.5467228519916256, 0.23102084371644127, 0.6375506451739777, 0.3758421683062752, 0.3328799146717404, 0.5761489991127211, 0.2758316984570653, 0.48970307405451735
0.5407250027035164, 0.5025943982327137, 0.6199536762859503, 0.3415281754682479, 0.5345553392698102, 0.34861117204203795, 0.6382023495126335, 0.4989484034225425, 0.6449978181797272, 0.5861434023680447, 0.518288381492486, 0.380965857769491
0.736469654231064, 0.43408590143521253, 0.7142253891989137, 0.7044023421621832, 0.2250780955448516, 0.2417877733364166, 0.48916218388070587, 0.4242279881644393, 0.5808070083082583, 0.39009190421029066, 0.5447504696184096, 0.45237654989479176
0.7689092562345358, 0.44322876400703626, 0.34924098406740056, 0.3710196284727518, 0.4655391545755099, 0.14125810264717675, 0.5322479731032601, 0.28038328644377003, 0.5508912433136992, 0.4086402180439913, 0.4636327383565948, 0.6666310054019338
0.6056540610739152, 0.6864404340818752, 0.4537285401014763, 0.04871448839672132, 0.7856343314238181, 0.7831940801001984, 0.35605187143312045, 0.5408143788418642, 0.793095012385151, 0.45939745107459923, 0.67202157563178, 0.42485606165412987
0.27313420487913975, 0.5230271474388155, 0.3318774762791594, 0.5144132543159677, 0.5225054530228609, 0.3184577498625586, 0.24745304460373663, 0.37396172617171713, 0.6495811800618796, 0.4721328673603544, 0.8659494609405081, 0.55461516602837
0.04571021142353293, 0.49463510042884745, 0.5982058708377128, 0.4984335802768694, 0.6111780738226049, 0.6048807409008723, 0.5036907127268712, 0.8189040223853019, 0.3660596662110226, 0.527219887989784, 0.5956888698216154, 0.5421783102418907
0.5574564943095778, 0.48438609290437096, 0.6113451478522467, 0.6584713928667857, 0.438192990360535, 0.5414544113857465, 0.5632458641885728, 0.5283037660307015, 0.5335350948849404, 0.6971539623217095, 0.5225367494370574, 0.5462535706133785
0.41635751517409103, 0.6537566329746194, 0.4877533468987028, 0.573118771597235, 0.35938517041244816, 0.11926714697040286, 0.4379174461252777, 0.6271227960878621, 0.6564314930509781, 0.06780178048299412, 0.6812128189462157, 0.32240297953048913
0.5466348180037606, 0.6448467381738955, 0.45466383288441636, 0.37936052362187517, 0.4577752104305858, 0.13101333500178008, 0.8895400537831166, 0.47281548167397824, 0.5606509270344935, 0.8449533193951666, 0.6375538945168516, 0.42037393964524
0.395726568087995, 0.267194840000384, 0.4937093032120059, 0.6079315944994665, 0.34077485690075787, 0.7852360881798899, 0.4924750831739694, 0.2612590550093644, 0.19806914253289237, 0.5984619411740686, 0.6838519844230608, 0.3007050301004265
0.357564784086598, 0.5894304147348131, 0.6511691146119264, 0.643316658107758, 0.4429949137476947, 0.45347273968343904, 0.5337915988792953, 0.5714810899121995, 0.6982600813843073, 0.3774491918935733, 0.6818014949438664, 0.4928842414858888
0.1943957494908075, 0.7155219123739707, 0.1979005903786507, 0.8749922213538751, 0.5842421447807729, 0.44412616360002866, 0.39235706021918565, 0.8624949788096432, 0.6354177083485617, 0.5856369444225681, 0.4983276724366821, 0.5004756079954231
0.29948360756427933, 0.2935683896921647, 0.21564565794121793, 0.6149487837640578, 0.6548464933560952, 0.5248537223686861, 0.8110385321268788, 0.7352214212769612, 0.2876593054129137, 0.5422680528255657, 0.494615808348902, 0.8085473726993806
0.46572322861135473, 0.10606552778859418, 0.6367788197349269, 0.7338442088326471, 0.5981259982008146, 0.2857430899850555, 0.2966316254816184, 0.4447166491921801, 0.5678681952758293, 0.2634328031796065, 0.5346159150634766, 0.31698092571955844
0.5304370161087557, 0.5042387395238622, 0.5997230673283228, 0.5553112362605321, 0.23000315887998934, 0.3208877241418654, 0.5240466824497154, 0.4170671249410991, 0.31086857238261323, 0.7085209886348245, 0.6922981808843979, 0.3154713791827552
0.45932840620654664, 0.5944018366068043, 0.5650557877116175, 0.30404221858977415, 0.21859511190102104, 0.425250061635606, 0.5235088663855011, 0.37631751109443656, 0.3598878328232101, 0.621036948888233, 0.7571755739004621, 0.8583120748258498
0.5735856596992293, 0.5162429017302914, 0.25685846251512545, 0.730247757755041, 0.6693187887121027, 0.6491404015072588, 0.1446169152929077, 0.6929272782328673, 0.3109320251194683, 0.6287229811614192, 0.3491276720024804, 0.4926439489886862
0.5966632078459977, 0.4459772955284558, 0.47425565941088266, 0.47619007785041606, 0.6389171534092718, 0.3536004257121962, 0.41202330249680363, 0.7860490764203144, 0.6084487712674604, 0.3917485113423831, 0.5119476472638592, 0.553378926400135
0.5893615967350853, 0.4942291769692455, 0.6514687915026858, 0.5717031759725301, 0.42422329470435527, 0.7985772549482426, 0.6328658878155218, 0.38997600819918454, 0.44555581292835844, 0.6862615883180665, 0.5565373913655423, 0.7303205435597884
0.4141051210736326, 0.4355836120690164, 0.6020645228474537, 0.7081282679007734, 0.4281119805376216, 0.4974475679333853, 0.32528115289201065, 0.43933865741794503, 0.6805270166096686, 0.7292075168738915, 0.543957054229585, 0.5858250428510636
0.5510752529476792, 0.4429686852781685, 0.5017432609916721, 0.4598588305007174, 0.3359223734711075, 0.09078528923652701, 0.33760285449591676, 0.20298023505563556, 0.22190695524030613, 0.4201312367690005, 0.550367675144942, 0.8074516379910117
0.5582159900991779, 0.34381396069250925, 0.7285445786210692, 0.27551164240449394, 0.4292785826074765, 0.5416652640036452, 0.2597242679231522, 0.3122911456143582, 0.4439423687583757, 0.7670523891066235, 0.5763297315410756, 0.7023167094248817
0.6164896921304153, 0.062152667582907606, 0.3726127280392754, 0.46270422775440084, 0.7623317574919357, 0.5063451433656588, 0.5651403750871978, 0.6016918915402765, 0.6068664125532898, 0.7027928814395568, 0.36367045904323997, 0.44677786340996717
0.33757211457757696, 0.40171143935033665, 0.6464914036245891, 0.22921816651238158, 0.27609891088078176, 0.5218114599939659, 0.151762947481334, 0.6579227640458717, 0.5106428947683881, 0.4831392111665684, 0.6132275960761686, 0.4288003523221575
0.4307738411511377, 0.6000555771353304, 0.44883528820410595, 0.7802671329715445, 0.35761967831498936, 0.6551492775830875, 0.3964953885614955, 0.43391402990430017, 0.6900296323346522, 0.6704137231006221, 0.4240731650261884, 0.844472652888437
0.6411041181026617, 0.8007592798741993, 0.850684373041735, 0.2683896780680347, 0.3731107544321079, 0.5385933531448146, 0.687494654554033, 0.5946649570732946, 0.48334727649005316, 0.44418350115392674, 0.12231776172912967, 0.38278642297459015
0.6067538687837728, 0.5872435612613527, 0.6475821102718651, 0.36886487979580374, 0.5792427208373468, 0.35254603888877356, 0.5110872533883932, 0.47688750872992114, 0.7930366018293595, 0.7781006520431825, 0.6987833399543453, 0.47146435486563676
0.7517306287641405, 0.1955007040044146, 0.6171566832646511, 0.23776599502371804, 0.3091974361947425, 0.42486232273823404, 0.39061901745861344, 0.4896364826606808, 0.6348787759735957, 0.5513289830857765, 0.7045061396270093, 0.7726262059661814
0.4426139798715929, 0.4503310840480471, 0.7128334794864717, 0.4087027758068642, 0.5864732849014591, 0.718675166955285, 0.355840649464512, 0.45202267709347893, 0.713688622598139, 0.5801052091184851, 0.3548931430915033, 0.5783786251238562
0.6052853992747935, 0.6916014364065498, 0.6089170581318388, 0.4388251499044706, 0.6295315734313411, 0.5661844789974241, 0.5061075632425571, 0.4362008616200294, 0.5965074423038585, 0.13319352249632121, 0.45836970684127276, 0.3612081782774357
0.7168167078197367, 0.15443067525166898, 0.39528936421919947, 0.3900779757580376, 0.6360211090427725, 0.6792125369858423, 0.6006218206830486, 0.44320868145859765, 0.3542965792619964, 0.597633261217943, 0.582426481938306, 0.6059046594887725
0.6415550540708348, 0.6246385343376997, 0.476838563733419, 0.6596707319077485, 0.5971515966092653, 0.25181668940500596, 0.46431224731994764, 0.3658783500712992, 0.5486153353638354, 0.27269018980487636, 0.2413697102088111, 0.6676897120260527
0.16039251263732457, 0.3506000423224478, 0.46166260218259697, 0.7601417271909903, 0.3118873970973248, 0.7758110207459908, 0.5194202711237685, 0.6410878840967219, 0.6655571666701151, 0.31403067648756916, 0.3955041848377878, 0.4681593218153155
0.5588767179350012, 0.48867059010921193, 0.33971181343462775, 0.4646230577885724, 0.5662566721887007, 0.4683352272026554, 0.455188395757451, 0.6431530273563947, 0.314286692296568, 0.4770794423032469, 0.2925225799201493, 0.5541247480849715
0.3876173477679447, 0.4468957965511402, 0.6064747788703855, 0.3764964768951982, 0.46565442539610136, 0.5847947742021424, 0.7071984906749462, 0.3699325933001974, 0.6334460094706852, 0.6897150774601429, 0.6738606450895823, 0.4969282032973691
0.7582128755440981, 0.5633111157849374, 0.6804453111450217, 0.5126195915408882, 0.6133243364831604, 0.6299667567162565, 0.6487382035408916, 0.5145487128509049, 0.6407047862525953, 0.28509853974603316, 0.5015642692448264, 0.5061790384506483
0.49809893085071005, 0.5389206228846418, 0.736701755530213, 0.3702384559696176, 0.1987834661044217, 0.3714777651895086, 0.37231808391029536, 0.2118955376529717, 0.6563465278156506, 0.43542181845729083, 0.6717232634393292, 0.31443291310435756
0.6899614910339649, 0.586230280713803, 0.4706462302957375, 0.5457810260866635, 0.4172089195905091, 0.5209336444198536, 0.5829311854567989, 0.7597318219915022, 0.4934367269551435, 0.414480583585842, 0.40469986238066624, 0.5361857836247813
0.4517679401665256, 0.7146356872930723, 0.44367963777224, 0.7575374758882418, 0.5706030417996107, 0.6028323773872262, 0.14130875423574024, 0.5546924394350152, 0.44772102488000454, 0.27010547063065443, 0.7282661512081193, 0.5337588266827392
0.4612949525761206, 0.5007122990559513, 0.33609098101918267, 0.6680599449435157, 0.4443091302289179, 0.2997966046012756, 0.6778940313518536, 0.5507970034188946, 0.4856637305825592, 0.5950575023241392, 0.5067133780067459, 0.18004304635958207
0.7766464769355826, 0.6256907572203168, 0.21770084947711998, 0.6644279418767434, 0.46888432124394214, 0.5325392822282815, 0.5606165037415008, 0.5805459792635657, 0.4295997073912121, 0.4070077512641448, 0.4195625964417659, 0.7368709365772182
0.5456733379983921, 0.34848400182320605, 0.4312248675620266, 0.4237435248411268, 0.5085962805462946, 0.6019228296651201, 0.58917760424741, 0.6789105491796635, 0.30724353857051057, 0.530617750249516, 0.6907775772379586, 0.24501062797793444
0.35452932748626914, 0.6823947536090864, 0.5603904409541816, 0.25273465375567544, 0.29190021996895366, 0.5876374340044723, 0.6875380701182445, 0.3856833387492678, 0.5810564833697192, 0.5206682897044519, 0.2925341734520969, 0.813718336413001
0.2719895639793539, 0.4237245385709328, 0.34591566762482806, 0.6166933774455851, 0.745498063099344, 0.5814109189822355, 0.3451880302108664, 0.7154764110880185, 0.41725376441778006, 0.42874340702863317, 0.3373065830915065, 0.4186207742639619
0.27298229473098923, 0.19384864434948823, 0.43866422006110284, 0.6335937844059643, 0.3542001213040033, 0.39836685595305477, 0.4193849663190763, 0.6115517475590608, 0.6291057072779638, 0.4653761122447942, 0.3375513143913791, 0.7231426190101661
0.499250953834069, 0.5094696671078645, 0.8164308139257191, 0.4261844096082913, 0.5137152011169178, 0.5298124660148498, 0.6716179801002098, 0.2964767303569006, 0.5594732559646813, 0.5569646912913808, 0.7083510161415226, 0.28557757183451793
0.9529491436297799, 0.5953493119947759, 0.32107989713457474, 0.4475498633362193, 0.67229925524191, 0.19055030796462802, 0.2699303373208822, 0.7205249894900616, 0.1371936772643204, 0.32629741142452706, 0.5600002625853023, 0.521648987153714
0.5388293794673996, 0.6975706734520362, 0.5033291818208077, 0.5043547489400565, 0.5566973496921223, 0.478808968066756, 0.19624648414403745, 0.6928626326104438, 0.3350485494596293, 0.4401006937390637, 0.6970094807244941, 0.1484733968161518
0.6725990785891967, 0.4830439277345344, 0.4461078523298015, 0.4987273062007467, 0.3265694782333406, 0.3974434291729, 0.38414739766285066, 0.5142821459701511, 0.47060461890235733, 0.39770710525411634, 0.5791387279868824, 0.5405171141228032
0.36569010232842714, 0.17726083137510096, 0.3760730870266561, 0.5799779387711107, 0.5789842511334108, 0.5453479275943861, 0.2596384694733769, 0.46222184403843136, 0.4734207352353284, 0.4040642101775002, 0.6898953795408385, 0.35071270295603973
0.48364881032945106, 0.3763584948462565, 0.5218706075036251, 0.42372087165883676, 0.7047119501246787, 0.6508426049765144, 0.42239522793166695, 0.5854496939518608, 0.6156948567248597, 0.4998844942998085, 0.46560203357850094, 0.6650620045875318
0.3269339309141291, 0.5997465617061369, 0.5557356069014316, 0.5980373186693272, 0.6114444294172463, 0.40016619901121425, 0.6734706310829806, 0.17450831531882038, 0.6377347867602648, 0.4744654828220891, 0.584843536197157, 0.6880185847662433
0.7695030653275803, 0.4954693409610248, 0.5904556666627832, 0.433906797961985, 0.7180037870451554, 0.38098711480126435, 0.6266240204767619, 0.5079982139065822, 0.17426279295968577, 0.7842661582302746, 0.5647393650569225, 0.3652564576824213
0.4981839345795281, 0.3807697804358296, 0.6094561845009578, 0.4853661002360864, 0.43616112391027106, 0.3645018860295175, 0.947298428960256, 0.4506517165570819, 0.32242953241293415, 0.2787105708192011, 0.4664019220026049, 0.5798218782299727
0.00360380763101,0.621602528485,1.29730878164
0.0550895998902,0.573068127745,1.33638539467
1.02395638189,1.26585829688,1.74147412645
