$x1,$x2,$x3,$x4,$x5,$x6,$x7,$x8,$x9,$x10,$x11,$x12,>>f1,>>f2,>>f3,>>f4,>>f5,>>f6,>>f7,>>f8
0.832302658829027, 0.7067497181586855, 0.35820046922217985, 0.6726025063693628, 0.14279991182676988, 0.15696172999140268, 0.11416335206650152, 0.09577696617381648, 0.40591927621007784, 0.30474237122664694, 0.23560650983742681, 0.4062730212808632
0.19282906049316684, 0.35104493157612515, 0.2548234933510235, 0.8651265635657658, 0.2814929233540764, 0.24648559450577168, 0.5226273028198325, 0.30254614675632496, 0.25305664791668137, 0.8175508281396581, 0.45186730307285616, 0.7573606832019022
0.1288808647108758, 0.04836477204312972, 0.6928293739571989, 0.6265251249773389, 0.956219194159054, 0.5047619434406465, 0.7800352203579545, 0.18575530047288746, 0.04307590734309519, 0.6383511168015044, 0.8636242824793027, 0.9197950418210342
0.4045481243854112, 0.3307529975664787, 0.6342270024825504, 0.7052350925287075, 0.6427090814714621, 0.44699842380182464, 0.45595785278161505, 0.6474707819635317, 0.3766411142820235, 0.5859114911246305, 0.7050431036536514, 0.001767798691420408
0.13791937780794272, 0.993907693692218, 0.4151340235176235, 0.9331102154619159, 0.00449224197545961, 0.2090083202422176, 0.8015614442689543, 0.4990628570896424, 0.9888397953510406, 0.8871840082188889, 0.6554463172531303, 0.58503011955788
0.9137303569620021, 0.3304874322953044, 0.1677668332455564, 0.7310968028910813, 0.4486422165076186, 0.13930590183851876, 0.14124823811535048, 0.16939376160493713, 0.6838291509405484, 0.9344897436842828, 0.41341832256787625, 0.13553100830315445
0.5257235075443089, 0.8426239687961494, 0.26288883115849593, 0.5571234332320207, 0.5331598720226512, 0.05586656328634454, 0.019006344193824076, 0.7367086800956959, 0.60141496658237, 0.435057553903789, 0.2692488797695963, 0.6859716488936977
0.7968087985894609, 0.9388315421742244, 0.7738109650317253, 0.6566380195812992, 0.5889266231266983, 0.9230572776976297, 0.2653471568215221, 0.24031747968501305, 0.19793397517104006, 0.46360710538225025, 0.916307547224225, 0.2977234115100649
0.796656396151776, 0.06977984188061648, 0.8281128047354916, 0.6383611988385102, 0.9320641825392803, 0.6632652919356491, 0.7848214912062683, 0.1762823269632232, 0.5343100134048399, 0.5067766665410818, 0.21056189097034628, 0.7305031769538038
0.7802327327738321, 0.17102409463664048, 0.32992847402936754, 0.4910779455373312, 0.6511899336850806, 0.46208954426884497, 0.8603877018025241, 0.47776672800674236, 0.3761703189283191, 0.2540488679643056, 0.6922109641560608, 0.41299653185188656
0.4079575567089766, 0.10990033046278402, 0.04343657598696371, 0.9174041443217521, 0.9143683193451158, 0.5205515079118914, 0.8274539782825296, 0.03870119195569888, 0.023627765926094613, 0.838616330357222, 0.5885554249778706, 0.19754906914816261
0.37364241925415986, 0.5909202931242691, 0.14829926400571047, 0.3815052823207514, 0.6670733207686385, 0.10012635158323935, 0.1536881124146764, 0.6892718106481197, 0.17924400346904001, 0.6609572703088572, 0.12373061453807566, 0.5045274863576523
0.6679088055510893, 0.06310736123718674, 0.7531027735497583, 0.6014153784715973, 0.32127445827249923, 0.7632252940848261, 0.07163081941762006, 0.7356911605678239, 0.45244834585928717, 0.3240628299481565, 0.2734816582973757, 0.933664643256647
0.04497416853602654, 0.20785426984240496, 0.1742249663462161, 0.16554750369119453, 0.5885372187629909, 0.04818127834413666, 0.5052937016210659, 0.7308980399390673, 0.5043309684393084, 0.5306025718493429, 0.33867805350744995, 0.4321384080933667
0.90923071068012, 0.6414940884482897, 0.26268881987758796, 0.4649489640016927, 0.9318650338145221, 0.030638284884992317, 0.7555289879999534, 0.3911070977838119, 0.5712756245182758, 0.47642859558111483, 0.33414132366484406, 0.19392221970026224
0.12485368046071532, 0.45917078621421514, 0.9558234506507934, 0.5551382379580649, 0.07349035845097218, 0.28958239189266166, 0.48694378035017116, 0.495348604154924, 0.7051976785329422, 0.5301304237890957, 0.6967260724506293, 0.720493019142099
0.49610761359712874, 0.6610824417341262, 0.5567746033961423, 0.656533891435355, 0.8093130069508113, 0.8614960799400652, 0.1569774221694491, 0.8994663062087268, 0.0987017645963435, 0.6546174135819544, 0.3263847974429446, 0.9262727061192274
0.38070298073305653, 0.35200958610904975, 0.8528385477462475, 0.5275673107816016, 0.12757436892282226, 0.7893397402013251, 0.5483537236034323, 0.12296198604614328, 0.7936144967335751, 0.14262259138734634, 0.8414058736839013, 0.07534024563315334
0.303956742908438, 0.12208310292195179, 0.2824899878638779, 0.5780170348279396, 0.0778584393974725, 0.8370269231712366, 0.4958465591406541, 0.432247312569107, 0.9146346158813209, 0.8261736844665035, 0.9359003528981382, 0.2692207050083425
0.7242252793471313, 0.32576021540065103, 0.21648502654000001, 0.14483481776277474, 0.3106259162867081, 0.7185353909344312, 0.3621285471893593, 0.9481656891760001, 0.5104083853875802, 0.2135337982162071, 0.29767499162846156, 0.847649059945967
0.02853402542661332, 0.3285410366073719, 0.2915338353209952, 0.05650464765381269, 0.41018170786808594, 0.1975841531523218, 0.5336940687874603, 0.35011519017999326, 0.24674028337996556, 0.02343961416897078, 0.7670836065562667, 0.85625493482913
0.4896291174643177, 0.5895687136641543, 0.8372066891229776, 0.6697049262708359, 0.8652999411633266, 0.8184134936917672, 0.7473859508307563, 0.6335154061209001, 0.2180546598907006, 0.7926574997530207, 0.21760664426844067, 0.6946878696735229
0.6250344878070783, 0.6757234966171134, 0.7580187509804786, 0.9723821770113033, 0.2906047432711586, 0.0023919322125024456, 0.5538024340759063, 0.26776032612393197, 0.577907805636379, 0.9027515631055483, 0.4071412937029195, 0.5681181354897988
0.9325005538784252, 0.7481965601935394, 0.6506912815924967, 0.9491055326597577, 0.60181136623592, 0.3813861027818296, 0.32257422831923777, 0.45384232724893625, 0.0987772507632253, 0.7533043254534496, 0.44647776361069047, 0.09732536667731406
0.7956450775332446, 0.414498351515856, 0.4765639977941465, 0.5465312613661664, 0.026296991743980813, 0.393945814465292, 0.816767793747533, 0.6855825004225584, 0.47297821760688796, 0.908260592181519, 0.28431737615344976, 0.7613839942324429
0.798432581456052, 0.7003111192345238, 0.8819397032182987, 0.14630454102275625, 0.8304501579612362, 0.7170540998771502, 0.3016081132279934, 0.8918280750968914, 0.22979368125489652, 0.10103797696333905, 0.9984204695594501, 0.4047009450378466
0.857284239948874, 0.2997986449727392, 0.05564860165109642, 0.3849103039551589, 0.3545522230101209, 0.727363816951565, 0.8575572456036095, 0.6426863426482459, 0.2703651971963591, 0.29673545482104946, 0.5053389202053992, 0.44649011186102394
0.6671291647262017, 0.6239884438257731, 0.9228870103987998, 0.7746058134695372, 0.2301656902725473, 0.48203642120885115, 0.3707259127060639, 0.10478899195655633, 0.7258787792934104, 0.22033886905100586, 0.3293529747054268, 0.9627963273893717
0.6281275613111595, 0.894128162744802, 0.5407954560736868, 0.5772135686101648, 0.02046991702030798, 0.4866289242800066, 0.9907540319198379, 0.4607027278079491, 0.3959058394116628, 0.7199150120435179, 0.1839475908503564, 0.9205658279060195
0.8123547155765052, 0.09610210367837546, 0.4443481749402839, 0.15913568014524337, 0.848748789282933, 0.043075038074423144, 0.547744822566659, 0.4936686772751535, 0.3044575310616683, 0.2854921683210534, 0.7047202651944877, 0.8548715300890938
0.8522932493289311, 0.5479248605461257, 0.3565414250682333, 0.8926676528965196, 0.43420324744299366, 0.46685260051263633, 0.13886796543469204, 0.6132567369207613, 0.6406744504677795, 0.15831827886252914, 0.7255729415972578, 0.10209282787603569
0.1312224519445261, 0.9314520230399168, 0.36465581187792706, 0.516618497035258, 0.2629435183641189, 0.9131699371984826, 0.5408254312582315, 0.7994338417690698, 0.12101052142568691, 0.28544112101905084, 0.27709619770478455, 0.5552465712887185
0.979666563783925, 0.8261770409292541, 0.7703873117896872, 0.36124838917022184, 0.255362391776492, 0.7321013429560272, 0.6220222225539397, 0.428645612431922, 0.9700681948004143, 0.6606847102115468, 0.9744324309881243, 0.7534659884085682
0.3705385534914458, 0.7213946511770396, 0.5095341319506099, 0.7992169459658591, 0.23130986003593523, 0.15464676078802375, 0.019869596169583947, 0.8043084331889708, 0.7288551773406816, 0.7590567269399593, 0.6261999710872809, 0.2731972340373815
0.08850983276287083, 0.5598433201107547, 0.4724776296082678, 0.07126519207673632, 0.9336323964961796, 0.48737950439605215, 0.6883547849017466, 0.06479283670834068, 0.5793668174622526, 0.5735966237033915, 0.43232540119376117, 0.25870977088443947
0.7503180265503074, 0.7830635644193104, 0.17999943149170883, 0.7081758338357447, 0.1293336076548508, 0.47510228747802696, 0.28351850514317145, 0.6120347347625101, 0.07071697312188352, 0.1595748341017521, 0.5708483528780197, 0.5001950775214195
0.21736854228186886, 0.06113354702471896, 0.8688798806924982, 0.7217271621651615, 0.4053550142799234, 0.2336162310770934, 0.20068699219091468, 0.020461931675750278, 0.09813551594714853, 0.9313121151422957, 0.5548424340808329, 0.6721108164330514
0.1689836783403702, 0.3405169355238232, 0.008307740299097532, 0.4375298602911144, 0.9915465729822734, 0.6036884342089094, 0.7534367430563793, 0.0626760372085734, 0.32732115297820574, 0.3363788614412845, 0.31402900898820185, 0.14753723642196737
0.16735721074351317, 0.8450746836625994, 0.8835566489596934, 0.7523278796029823, 0.4838442185120123, 0.06065264777405077, 0.2560004431945958, 0.5533402822560747, 0.37854263255780307, 0.5407214763689044, 0.16995004316637963, 0.8762555074013247
0.16583209173815494, 0.6422887331427916, 0.16800336572688346, 0.6733486979218398, 0.9720187399270906, 0.22101520672332187, 0.5662651172750811, 0.05482298689035703, 0.23628321312866274, 0.8092098353161536, 0.8843718349618258, 0.7894002709692219
0.69778422895383, 0.08177128828791991, 0.8685118320149695, 0.29569802168533443, 0.6956012562097658, 0.5364450689075131, 0.12443964216424508, 0.3067072845033687, 0.49346743875243326, 0.46060909659983496, 0.8274160401146098, 0.7266733025887023
0.8867550173658405, 0.9169241183658843, 0.7581434812310389, 0.2612897834412037, 0.4278102408679, 0.2501017550641512, 0.5286352088356007, 0.9542122751214265, 0.06768769177935863, 0.3969476233577772, 0.269202928350334, 0.7307774009904331
0.8135992610169926, 0.036810760093078376, 0.9521859852002437, 0.018435964368432423, 0.8221152236600956, 0.9276720862803258, 0.3325126269417432, 0.4294740479977417, 0.9028867047312681, 0.09433899770911525, 0.8023259218054833, 0.9624864609013659
0.46881827132660103, 0.05129775972485384, 0.09635497752545752, 0.5757958118631272, 0.7592614377360648, 0.4036992931159611, 0.29370417482231903, 0.8535222235655093, 0.5700513701821693, 0.3976718225929107, 0.9396565320560201, 0.501455722986761
0.3321244254130533, 0.5569587664961592, 0.1561096670080082, 0.5296447860285869, 0.44406154226449734, 0.4777556459537665, 0.8030920602688764, 0.4369613066405613, 0.01646705339089627, 0.8946531161404991, 0.1212164230690227, 0.0032766195929031516
0.08784959042286578, 0.5322077619613558, 0.26836767172723497, 0.691539081005292, 0.1158935189224759, 0.942234385686224, 0.6180611541583564, 0.24788959847234648, 0.6484796215608718, 0.5943476822778213, 0.8523837803819516, 0.07848219507493803
0.07766711061427334, 0.5110131469510053, 0.23903106989810508, 0.3273825861729456, 0.023087186812262406, 0.09910167733830566, 0.5229690708138828, 0.7538740026071161, 0.8381516661881973, 0.13032619068847628, 0.014494265582133181, 0.623490862377264
0.3837965604051826, 0.25954825089218325, 0.5109236402827044, 0.06020820553035966, 0.24200656426896006, 0.7915851152222018, 0.6113739476232027, 0.6195719133012996, 0.6653695565299139, 0.17186481829020894, 0.5533952232406499, 0.9508662939008575
0.24751390547585128, 0.29303870479316285, 0.14846957908365155, 0.1286958875177424, 0.27328991913342204, 0.5977094012898488, 0.04368790527048161, 0.8999544043894732, 0.2589178524443956, 0.3074684330955164, 0.6680738572790306, 0.35073305733705495
0.1953214172854313, 0.10704777497964413, 0.903882005586413, 0.4869478061376308, 0.14971724469009828, 0.020109402290734435, 0.33286748314357195, 0.9729039538273322, 0.3439985672665923, 0.5465230746622769, 0.2632466177182735, 0.15242339036778585
0.8974081527953607, 0.6778175380443984, 0.34498614979832276, 0.25201743623500517, 0.1081917940399818, 0.9066683515339732, 0.2521744954641997, 0.2951882986802088, 0.5104924111151342, 0.019948826104753348, 0.9480674762598055, 0.3356928777667787
0.9086527530104554, 0.680532109166898, 0.09912561731584135, 0.8516844915524607, 0.7706187445259617, 0.5342604230565506, 0.4895061915721467, 0.3124088516259792, 0.3152643884342915, 0.13312892261829878, 0.7767200125905559, 0.8863961231718614
0.10828571396921027, 0.7388158246849762, 0.37875601791455926, 0.6883932138245298, 0.08157841825770118, 0.06119223160266296, 0.6147692761763335, 0.2876355496360775, 0.2926677393813726, 0.9423412777709963, 0.8292973082799194, 0.2231755905330307
0.7942874565407111, 0.5278542626534265, 0.7719441052824394, 0.6911808972140449, 0.8901655794830142, 0.6527731927804595, 0.2020745524482418, 0.5292644537134914, 0.14982236259685644, 0.8179990727800494, 0.913322279107687, 0.551183507914115
0.13580051402136195, 0.05176498522235007, 0.4337515202694321, 0.40442850970415845, 0.5038247499545578, 0.012362321930155962, 0.8830220443260571, 0.8982795510961189, 0.737982515887772, 0.5099918763689829, 0.1739516636806674, 0.9398172857568362
0.7482651770367224, 0.45874021216935956, 0.020151797735944887, 0.3107437110337209, 0.2002758014868662, 0.326966808059454, 0.3549518294614842, 0.5935079415890743, 0.6162375753020876, 0.662858023233524, 0.2690041316067455, 0.6156775051428078
0.2891459789177284, 0.40837708633264913, 0.4672194687270135, 0.04966501076035734, 0.3761270944859805, 0.4202194753808892, 0.45533736626797683, 0.10467763068737046, 0.38740012140370594, 0.09396712719500022, 0.3119683016963608, 0.9151082707669187
0.16990457807772208, 0.9438703252937477, 0.6889995734559968, 0.7572185784272809, 0.6416651439046269, 0.16310949389086582, 0.5293675173667132, 0.11198303652980646, 0.0002353259707458255, 0.3577604409413152, 0.64907115043719, 0.3901383571793716
0.47974997458258295, 0.7193184536157786, 0.5837805161767631, 0.5849949601898223, 0.02111013359467684, 0.6617963928689297, 0.6255676091115031, 0.19834928350571823, 0.767747052719642, 0.5476454867383043, 0.5882502384967185, 0.44940805961552754
0.8802658765824865, 0.5904621126509202, 0.7669621254506667, 0.049043974455822203, 0.6197949709119465, 0.01284357220093113, 0.5200492647553983, 0.18316303082522212, 0.10941336302525784, 0.30954220591890125, 0.3010187205126673, 0.6570451080101805
0.23428671804832302, 0.6676063210426161, 0.3644224179387501, 0.20037261225654412, 0.17208143600708914, 0.08422910910295478, 0.842704771803277, 0.1996193151649942, 0.445234055558814, 0.4781094414566548, 0.2546519142486533, 0.3530074429366252
0.05356878572857782, 0.46555062583003515, 0.5639964392704192, 0.7099947026112483, 0.19040267753102214, 0.6298559388533974, 0.3537093053117202, 0.936682054760794, 0.26757081207812317, 0.10882104191909225, 0.5037516221688002, 0.2327623347141906
0.38558732147487773, 0.21661849708652414, 0.4992261642490812, 0.857715448740581, 0.10713469413458354, 0.6623767871023075, 0.36926401007409726, 0.16092357010954184, 0.8868338678369786, 0.344105823134105, 0.5360878615422139, 0.09278950551210041
0.5025023525483603, 0.11264257468053251, 0.7760208577437331, 0.3953639297267798, 0.40634663113181757, 0.9976689054697626, 0.3003796066096974, 0.7219342062143873, 0.5076241771422043, 0.3339410844115015, 0.027291597180349347, 0.9376285826547995
0.13055602697839375, 0.4350683675904913, 0.5826794578241702, 0.07991366611967765, 0.4258194638952253, 0.3689177990074718, 0.9097639587089339, 0.7664254839085235, 0.9422999280416077, 0.4193460270468583, 0.6565889877057978, 0.595582910173536
0.058022855583674815, 0.4107732484713308, 0.901232975120728, 0.40846016538606134, 0.6987478461878195, 0.7744434888835608, 0.24936774633043968, 0.6516713223119671, 0.20788437321240805, 0.267487447916127, 0.2814534845695662, 0.6213081179512542
0.7331774575852581, 0.7362071825755958, 0.2957097888998005, 0.7827290689201909, 0.21528783822684794, 0.43672047741232434, 0.8964065147529091, 0.5752014298324782, 0.12984579190919132, 0.5469337365579567, 0.04747312443944496, 0.08413010794580889
0.027096592249040263, 0.0494605968457974, 0.21232360052586852, 0.9427893923996861, 0.0291522139556305, 0.47307157004040945, 0.9588198736116765, 0.5266645362476309, 0.7604687372243681, 0.08657030205855254, 0.8001346373724425, 0.28720756977121875
0.30503959183796403, 0.755487794921614, 0.21311089658272042, 0.34823252951726646, 0.7919710077319531, 0.07881521878599118, 0.3610782174128142, 0.3123544311054699, 0.05693103702004876, 0.01769680836461618, 0.09966606838129455, 0.6344561171275247
0.5146290834818436, 0.044779123103478535, 0.9948759024881095, 0.3742644592183969, 0.5050609234547369, 0.13434079487378647, 0.6553511531350491, 0.3567710817280384, 0.258901631986297, 0.534885985068149, 0.3403967473449917, 0.4487994514322905
0.5035284901812416, 0.4746646514147894, 0.1861099915854052, 0.1544881556762917, 0.5939141092743428, 0.7495270580258735, 0.1453353029068306, 0.04632082071185584, 0.3293518455348815, 0.8032163009338832, 0.34287277112396763, 0.07860013773993135
0.594926794068331, 0.08938658782789444, 0.9359495874613448, 0.20413230352278333, 0.38137265536818, 0.5234046592337784, 0.33606042053025165, 0.06426292043405546, 0.6117257700699407, 0.7119792353711529, 0.6899111330622254, 0.2637794111730438
0.2377137296057421, 0.9938476597425047, 0.28387089703758006, 0.8988346783276139, 0.7559566259303082, 0.07267319034231234, 0.9790403984568199, 0.6078556205743696, 0.38695202398626816, 0.7787364681733009, 0.47066256692597863, 0.09014203674563925
0.1045970270100639, 0.7402534235113241, 0.6015661054364831, 0.21272426192590355, 0.8164578967736393, 0.7998699124879969, 0.9134628720853973, 0.8044966431186312, 0.5782468614989948, 0.2021995372221016, 0.9720919587718884, 0.7569179504401526
0.1322468887465893, 0.161080703746725, 0.06198024235523303, 0.07131198526410909, 0.53272804250642, 0.2956677299203472, 0.4785290935904237, 0.8742384478120937, 0.2620211456074275, 0.09092633812999062, 0.877584433513666, 0.5393072516573865
0.20622055570729358, 1.2557878483199225e-05, 0.4766225314563145, 0.1164934225246087, 0.2616075326520789, 0.8867079849057984, 0.6250816065970124, 0.5142187232838208, 0.15791822109533293, 0.8142208066730824, 0.762158954157007, 0.8054237235350145
0.309684564417924, 0.6957668605692159, 0.36432551017491643, 0.19492353765243653, 0.8174298624353534, 0.9053542752932235, 0.013331058834341047, 0.7326252705681059, 0.8972965344860431, 0.4276916422766228, 0.2426695845608644, 0.9479332778898915
0.6969395635163007, 0.6570974813347145, 0.6865978439383984, 0.5821436705069705, 0.3903452144181687, 0.12943289802602864, 0.721195724364841, 0.3042236415544808, 0.38693555242939004, 0.006990972424684272, 0.5401879745209, 0.32405155029185395
0.00741286126272922, 0.12543088504897892, 0.3451949030528636, 0.3876560172675203, 0.04401820074652585, 0.9299512308163862, 0.7541044637116349, 0.4952195674644899, 0.20276048918070744, 0.8378413914623848, 0.4980763022525334, 0.07027153576532863
0.003669720611295557, 0.17381833996238227, 0.9487437635119266, 0.7057976425872032, 0.3325370196899864, 0.0938749908624773, 0.6420167928572508, 0.7909391127709677, 0.8141784861420569, 0.8398152495410519, 0.9717060557394981, 0.18225135438643114
0.22572930621868503, 0.5191976321911049, 0.07521500608747755, 0.30428412977039077, 0.9970330796041348, 0.37336588979511764, 0.26389894362958644, 0.38059779187993403, 0.7467624933983452, 0.20566923532295478, 0.6268835454225987, 0.891536498634376
0.7457184121758138, 0.10540770106987263, 0.8721867481242995, 0.41321959343801307, 0.5303597734542753, 0.25088205291780297, 0.009624593070109877, 0.5919410669161681, 0.9449346415891264, 0.050515890293430954, 0.9043857936425609, 0.3223519082931794
0.8350024977026088, 0.5946586529450674, 0.4479085605126548, 0.01320197071835394, 0.9628957651845376, 0.6869497034639008, 0.9029067484324818, 0.87891330350009, 0.10149516419311, 0.13868503159746948, 0.8912590059030079, 0.87117493053014
0.16735199194078354, 0.7986515692760896, 0.4500805210662445, 0.11914508262319345, 0.7390008146051337, 0.4250236377291986, 0.6374677210091919, 0.26301250657257835, 0.3592053423165833, 0.14803515744453166, 0.9546959056096396, 0.22182585860294168
0.4633201768395937, 0.7678635265607933, 0.8198892046797629, 0.28413553789212387, 0.2792505830779196, 0.47111771813516723, 0.4359120055863174, 0.22495630220520302, 0.10203759566220272, 0.9517589837474285, 0.4147066074810387, 0.7958369894074588
0.26657859024212227, 0.2190833716364683, 0.41164521924599384, 0.780891133940034, 0.5088805695211783, 0.754248708952356, 0.5703533727894191, 0.8509745245547929, 0.4032868290831598, 0.2641995781851506, 0.6248736533446086, 0.9640893900386367
0.6961895861460478, 0.9750504039999094, 0.26345170421437303, 0.20482231412225382, 0.5824240116232933, 0.4256250283856512, 0.4826395787556015, 0.09453106197749772, 0.6190800937990046, 0.7780987257883766, 0.003663839636604549, 0.7899264991955295
0.8813795349797917, 0.5519110880024912, 0.2529574180850154, 0.3840848022590263, 0.4018275359898622, 0.8473597421299406, 0.3755782418100023, 0.8031618008850864, 0.6700492308884259, 0.7906014454391235, 0.2531467268129515, 0.9435071017987118
0.341323442476161, 0.9876328824143076, 0.6639081988835307, 0.06029942676061362, 0.505272408534153, 0.608929914577279, 0.36227646681017867, 0.6692749671967325, 0.7898990028432071, 0.7775854051798029, 0.07707015642242154, 0.6350911845304521
0.33395127662316315, 0.8052483188433146, 0.7772374950978919, 0.8423298614290804, 0.18133115334091165, 0.26756912598537586, 0.6648750141310256, 0.534706192275235, 0.7701339412228393, 0.7221588568304641, 0.9198538447456596, 0.936312950231927
0.3219320480417973, 0.47867830525435684, 0.3267659776533366, 0.6479263705855616, 0.9670546150017615, 0.4944886449832965, 0.9650963213674758, 0.8954929787848505, 0.9537650449839354, 0.9935018551716668, 0.4485826637336138, 0.4127104569019535
0.97213814242196, 0.4024086482617003, 0.8249464843567214, 0.6208095378890437, 0.697919574016456, 0.2911055874501798, 0.0034739734903607156, 0.2719397079565756, 0.17729048267929837, 0.5620369723472498, 0.40601047954757263, 0.9076882621239781
0.7985157884997723, 0.3618567508285494, 0.549328918893633, 0.7064684245241728, 0.28675703792416163, 0.6243582087761382, 0.8428680223395921, 0.8121720139448163, 0.7762320176170474, 0.20084544973713137, 0.8328450737269326, 0.6830222755631847
0.4992518973113529, 0.3258102270242319, 0.803525791130293, 0.458641925677866, 0.7530056982853199, 0.573134770187482, 0.6820458089540196, 0.5871628290940699, 0.9127315859849383, 0.7720654910249043, 0.1647147883071809, 0.1480988758762204
0.9212331958541147, 0.19049808644286292, 0.35632361510280086, 0.7624781132188164, 0.8538691276807492, 0.4509135671880188, 0.8682231579928257, 0.9684756578672699, 0.14097266765296834, 0.8992084493705368, 0.7194749863159796, 0.9832018286626285
0.6572368779800053, 0.021730112476331165, 0.9885701526129338, 0.11259226508823894, 0.13746407640911285, 0.6093027720300975, 0.5155845323441777, 0.39089841152817684, 0.2866756335176588, 0.8727627822318597, 0.9310533164319893, 0.6402191731604129
0.8223149851873702, 0.3243886127757223, 0.22458654046816984, 0.6942037827772229, 0.36330045498117647, 0.6192173654319972, 0.9939200505230233, 0.7332095831490908, 0.5629614072523366, 0.6860368323256393, 0.06439481442452766, 0.6855114614386382
0.4854709815412488, 0.49936745676440675, 0.7022270219285967, 0.6443348815207213, 0.8411192338907818, 0.2879450822820552, 0.7736654167578616, 0.5068094961648199, 0.47969634646003956, 0.39683715370647754, 0.6821844608020134, 0.47626527439169974
0.20278165153290706, 0.6636018393639541, 0.20317920865262673, 0.795887858310785, 0.49329484786706435, 0.860079329963027, 0.991150263020778, 0.6584679070839603, 0.09648574714817082, 0.6350944906853947, 0.33473753722932775, 0.7382563626133879
0.2119161954696146, 0.2026545231804724, 0.8163119472882778, 0.128694962183316, 0.04673634333034127, 0.96257879979397, 0.058491958560823565, 0.829223548019597, 0.27572460320088366, 0.20302667610913294, 0.028906023995761698, 0.2255376115207608
0.4266181138874423, 0.17177740277078235, 0.8224101560789266, 0.5950813287957594, 0.8535370480577369, 0.46927778026897027, 0.7093640007030377, 0.5365507225493423, 0.9170875419845872, 0.3818093060192336, 0.09134035483260772, 0.7212872162712811
0.6135690326264593, 0.9641135258996666, 0.8571427328414603, 0.6878690994740241, 0.15663876878643412, 0.3419485751650777, 0.8958158346806981, 0.4080141827150191, 0.4880468221030434, 0.9842839746243983, 0.9595389686019217, 0.8925371851434006
0.6621350196948814, 0.6208462134639069, 0.8033124114293697, 0.18787461693255125, 0.3504105931301933, 0.05631402881997771, 0.6582396700412165, 0.3984535163109857, 0.8145503948204587, 0.564335519966065, 0.8381653542867795, 0.5304995926355385
0.8105148690053003, 0.40495522840035747, 0.164416419164798, 0.6051066991112654, 0.2100441880284224, 0.5047845218465177, 0.10281596815838079, 0.0630716191238363, 0.1728817909996343, 0.7126978371581107, 0.2776753363453597, 0.3802196051474933
0.7054846675349179, 0.9453605414099817, 0.39238550495051916, 0.38581573783939893, 0.9927814860102205, 0.4401726218825984, 0.8509250497550569, 0.15035419187780263, 0.21423490747955443, 0.11325343856194336, 0.8265691339523759, 0.4880301633891304
0.07102614952048525, 0.4855385110526721, 0.038221475960101836, 0.1795462132373723, 0.201581396257975, 0.5874172223667412, 0.2429739790356219, 0.5799924692582075, 0.1851089169017951, 0.7125698086710359, 0.8429645339530849, 0.3581025355162597
0.5871855200876043, 0.17140731630349637, 0.4891627198392937, 0.752893497895782, 0.5188300673461652, 0.9726825399774537, 0.835398512463421, 0.04767569353090961, 0.7562204937507333, 0.11108232406956942, 0.036161695913573544, 0.15566938772485484
0.308644949705694, 0.27838115449362866, 0.2703230561982706, 0.34131968369341437, 0.5136506671136006, 0.505501850369836, 0.997327387997605, 0.2809769827513009, 0.11839179113115261, 0.40632010927750095, 0.8836182161042396, 0.4031425921120073
0.8223927318212759, 0.2759373863727348, 0.3136857462332119, 0.8213749100561971, 0.7254363811510496, 0.17005840202868772, 0.16749004582889093, 0.23781521474998213, 0.08843388356165582, 0.09616797640449593, 0.6887749155562245, 0.8226198178811459
0.5492372878951277, 0.2714675142047914, 0.413676205802996, 0.6853095273614302, 0.4514600336211749, 0.6231563398685995, 0.9171714158853245, 0.9541497854318491, 0.44897136817383454, 0.8790480741817883, 0.18764741351100522, 0.28285748609059047
0.6332509662743815, 0.005096413579857129, 0.8762365202127973, 0.4949711363040765, 0.9030278494624716, 0.9825366526903301, 0.41872137885994787, 0.6158918471811512, 0.4657185209864668, 0.46627683539528897, 0.3895255598205979, 0.7855124721948692
0.08046133069773054, 0.5300549749460486, 0.7771002257272636, 0.8000214939781725, 0.27004088893747813, 0.8739986309145198, 0.9289646459452423, 0.900243416994087, 0.6233327824305968, 0.47317553346634844, 0.022334870713408672, 0.19388486381290182
0.3511397418383143, 0.43597942759954655, 0.37426692203355705, 0.8827860422877734, 0.9617405697803313, 0.4678075570006687, 0.19337781405026533, 0.4916438794040935, 0.6680340869082472, 0.9496721012391227, 0.756893529043699, 0.19352927643136264
0.6046956715264916, 0.6962992201678809, 0.7391783627546852, 0.5740681349790614, 0.05096867859141829, 0.6675132515707607, 0.8654191077597443, 0.0405447695849912, 0.7221742069281242, 0.706000549209728, 0.6784256674514121, 0.3834561602191944
0.4349261995729333, 0.30082321331636586, 0.10834197288926706, 0.3482826815046638, 0.17586601857178408, 0.38815205753240967, 0.5994533598529079, 0.35095800375104724, 0.6996871631248364, 0.20215589276275114, 0.27311775114184, 0.1264836577980858
0.053614618077359566, 0.9701037018737613, 0.808459408841622, 0.465444286750047, 0.639676813430456, 0.6566645268119299, 0.6410588668118575, 0.6026476457811215, 0.23794830398416622, 0.5888320774858038, 0.7791439489384606, 0.16500939420008975
0.48734118993120634, 0.16394572148551223, 0.5711460455718468, 0.8490362271854893, 0.7952451548535421, 0.6065966574103742, 0.6254702541707887, 0.6452521491681401, 0.791857598885987, 0.6639049728811885, 0.0041859180342034286, 0.515859815541098
0.6711589489102289, 0.13455632902620718, 0.46271584810562916, 0.25509742761586895, 0.9195575054744622, 0.28432204402545713, 0.13123353754374711, 0.9041607438701265, 0.7329154408808383, 0.5066935662547516, 0.15053469079319293, 0.14536304431389935
0.2956028069440263, 0.13553318512788737, 0.6095649967798095, 0.28962947941170114, 0.381783542750068, 0.4952764932643575, 0.0974276518929218, 0.30836604913471133, 0.39494552972094576, 0.5951700720903995, 0.10790500325562591, 0.5729675629494593
0.472592494724141, 0.44512414093210695, 0.9180926516177141, 0.03910050758979633, 0.4029472691774182, 0.1576892358340165, 0.8666524106947593, 0.27919576392098555, 0.5465118638242792, 0.027540208024567914, 0.4156673989774584, 0.9827772438513412
0.9849023541068521, 0.007955260146847554, 0.07316477734501481, 0.11217289956045151, 0.7294887300599627, 0.5391931410390592, 0.5230735004127337, 0.08257124950305728, 0.6204105488724521, 0.6489559934132251, 0.3203635149273788, 0.6726039762949794
0.0009196301110530047, 0.3935860732979817, 0.930345015908779, 0.1476096042189411, 0.5695682137225231, 0.3896721018579362, 0.31418791033164695, 0.034125616607133424, 0.9111748896410768, 0.3497503717295437, 0.5425060739086198, 0.6575197430850749
0.44854486373097824, 0.14248719464285198, 0.7333100632149346, 0.035954895774231055, 0.10284396959122943, 0.45159558873020167, 0.815646459922829, 0.4111539428380979, 0.8865949030660617, 0.929892877599167, 0.6351158514123911, 0.46024780873094184
0.7140344965719806, 0.2908846967309493, 0.4331900327309699, 0.9629517028331919, 0.6088444107495484, 0.8350242643707834, 0.06966693190155904, 0.6330707416825124, 0.05813435520426513, 0.7002119102772838, 0.18514340790149686, 0.7890754129490657
0.18587790151023054, 0.92002039705396, 0.4682158475294389, 0.9573961284195236, 0.9965782762531747, 0.36388959496867457, 0.014446474721792057, 0.969083980944955, 0.29772192118672813, 0.22713410523173616, 0.4311733716713597, 0.6159284518288761
0.992064122603065, 0.42518292847199846, 0.9648543371012005, 0.9356506346437035, 0.525148535380414, 0.11269374222669004, 0.7163667924326181, 0.6482714545467981, 0.832042697903435, 0.25645642857572715, 0.15631701428935896, 0.37141673522855057
0.2412839563885395, 0.40772372499469156, 0.31948940784681656, 0.5878206007083986, 0.2981455897835307, 0.7073739463301489, 0.2479096667553332, 0.72823676261939, 0.6311501540364496, 0.9507186382035583, 0.9179713513386832, 0.8303637067565938
0.7554716477129135, 0.973700808539719, 0.7269516389033762, 0.8065927801093529, 0.19495260574732587, 0.21198481524896684, 0.35987952352930275, 0.4307331239818166, 0.03167505495368916, 0.9186498054876662, 0.5116841623499849, 0.4753719940084833
0.3756652109735631, 0.23204652234174494, 0.5666585944344175, 0.1278487070924038, 0.5151895277432567, 0.11822798963777104, 0.4870238369177001, 0.8191014146910175, 0.5424927963177244, 0.6656745026065899, 0.6791437354608776, 0.9038704176965402
0.3593804364894415, 0.39415104515356236, 0.3169430462210666, 0.10027760442507394, 0.13090302329094639, 0.5697777956466102, 0.19363883568516838, 0.32387243984547165, 0.3959761649457768, 0.3111885708545695, 0.9701273969234687, 0.6583495170488307
0.22541557439651383, 0.48314805173069486, 0.586138190656346, 0.22795215144332748, 0.7175499275007456, 0.778004412622843, 0.16539886825338979, 0.4346445481713992, 0.5529407708805313, 0.39080557944784033, 0.3451949320092923, 0.6472358627552904
0.7741760175940713, 0.467842525560499, 0.16924634902950708, 0.9017931498315256, 0.9019905411644821, 0.26496386721319776, 0.014719412398263021, 0.6754194787972737, 0.15623210248090602, 0.8396907491739934, 0.5318681537605622, 0.6387452415218976
0.2819955120566421, 0.9034745261715549, 0.8284618450370255, 0.05061560598453119, 0.5997901959041914, 0.6503290232081244, 0.36795570817429335, 0.7594272425041477, 0.6140487839762138, 0.4921285207585795, 0.029626514190419062, 0.037258325002043846
0.43930351854345073, 0.23967186782982552, 0.7908976598977243, 0.6142975487922684, 0.35902417506932016, 0.15758216215826948, 0.01919509224416671, 0.38241640912758357, 0.7021892442711914, 0.9728892934143828, 0.27123003794284284, 0.5781739044187058
0.4804406212603112, 0.7753662146727714, 0.07047725550723083, 0.7834401978184649, 0.34316921524463917, 0.2140909920097246, 0.11705216194859491, 0.16473167009119505, 0.6037944489711613, 0.4227853718624891, 0.25781410316255127, 0.735209113743167
0.7584705874596089, 0.747038190624272, 0.27106921439600096, 0.5676495908347602, 0.8500586690803182, 0.8554664594795511, 0.516705989607876, 0.5104906035002539, 0.9766902484664962, 0.48330638575092033, 0.34912477591453106, 0.06967841831515886
0.7541890631500876, 0.2717293343057403, 0.8055176320243213, 0.656466446303801, 0.15542300756145533, 0.9004953160500239, 0.4174781440736144, 0.9820532960488304, 0.1243634364757421, 0.30721549289584693, 0.2185283287341242, 0.2664166087034143
0.5549323350470327, 0.6604778079788121, 0.6647009854667277, 0.3982758047858084, 0.039256174485884365, 0.10006177045733633, 0.9684137236399586, 0.8263394892825706, 0.9409476765626713, 0.6868396734907876, 0.7193551710753243, 0.5696785025004402
0.7755615667277537, 0.09351858285363368, 0.6289605656140412, 0.9410032253098016, 0.8852387459037683, 0.619749774627459, 0.49182987762910757, 0.3982818909168151, 0.4482610112409635, 0.24369690569609548, 0.5457380115405683, 0.8863229183552319
0.6481838355065264, 0.9966733796668572, 0.8698646545430657, 0.7099238807190025, 0.6221307013930026, 0.39971805259538506, 0.20965560318768484, 0.6057116769767421, 0.8199657528136913, 0.8050419489328698, 0.4202669763171064, 0.6282203328712224
0.14486559505826713, 0.49585115799169777, 0.43676933442248544, 0.456056841429903, 0.46451781388030955, 0.5527022750696562, 0.6337814207769852, 0.897914579063457, 0.626802675755649, 0.05297433920231953, 0.2188416216190785, 0.871114269923076
0.33973991001775006, 0.6491036683649907, 0.016788147894272742, 0.7823444694890463, 0.5478895612154208, 0.6793854295732286, 0.9064252643629332, 0.5509414222904526, 0.08075785941851288, 0.9045307920144303, 0.9634763813680733, 0.751043988253967
0.6794355717413327, 0.6003169336562341, 0.4244513315371925, 0.10110033072200186, 0.8486835415376748, 0.3271836456255037, 0.6004550973283589, 0.3243613822179129, 0.5691694186393795, 0.11792940837588528, 0.6069071895661964, 0.3266432193712777
0.5961791745455617, 0.8117399355265676, 0.4304014226095504, 0.8201557943545621, 0.3245831170316221, 0.5927403976247628, 0.3089942386618867, 0.6002007676875178, 0.9165834629875054, 0.5888880215637076, 0.8400686091668126, 0.6223886341659243
0.8666093979674472, 0.6135947877960871, 0.15395714828102613, 0.10356088626027249, 0.995081273366493, 0.6643303690193073, 0.5485452060635662, 0.08114199264501742, 0.03470310864362469, 0.323194619600059, 0.014981630364004128, 0.12385002549978963
0.0814365123915114, 0.299094330891455, 0.43210084535444104, 0.7322314064440196, 0.13516848005819693, 0.6632666834816046, 0.19519815341431568, 0.4120763655325791, 0.23131437450787085, 0.2549736879131814, 0.2873873849658204, 0.7408558572861149
0.20869850843279725, 0.11517548150747803, 0.38136007760083557, 0.06457497826451808, 0.0651892115286139, 0.5175067255467916, 0.760810390929166, 0.30676079361883524, 0.3510648834290787, 0.9085552443087392, 0.21630034933834186, 0.22375449703576666
0.31066441364550934, 0.146039186569777, 0.4351272661015433, 0.35942350930108735, 0.9403818915784726, 0.7324250100884452, 0.5063785487613908, 0.9408632465841109, 0.689410035137097, 0.27925910666243803, 0.05636205692731866, 0.8294788611703547
0.5186572462734299, 0.9063374931398275, 0.3330084158927, 0.38445670192004855, 0.331517769047181, 0.40303029688917225, 0.18944099645711632, 0.6982269959855064, 0.41340752562803296, 0.9406395017990692, 0.9053520516381335, 0.2871730699465648
0.7898602321090614, 0.8339345319951855, 0.5716998697329618, 0.8308211961299293, 0.7299407684385639, 0.18208885851407886, 0.9877989014497098, 0.07183054659408583, 0.051278726402372965, 0.6641609841717583, 0.025450350435629487, 0.9034644306170434
0.48294312704371856, 0.3367503797080469, 0.6488326469795316, 0.6167106309955106, 0.6779181789233001, 0.5194209149143354, 0.059042933361295624, 0.03435163472235203, 0.8927820780911296, 0.9870087644562181, 0.23945059857417317, 0.9293437877591936
0.33626161044025127, 0.5711438495738135, 0.20602735257038085, 0.02080943352188236, 0.022651216341590508, 0.8964952935059541, 0.8020504954116189, 0.3897680028701558, 0.841719173660962, 0.0017446979692913311, 0.5584885081800046, 0.4256381489245781
0.6508439858542134, 0.795220157284115, 0.4107394365839794, 0.4830333589154042, 0.9428224441606855, 0.7960238917301908, 0.6543983703488364, 0.9807116758136644, 0.7760700286163283, 0.48769944494009476, 0.37538953277824316, 0.5221198005039123
0.7041648883382386, 0.6150329319449626, 0.5941667081251332, 0.5187849603130373, 0.8330840706111439, 0.22371121503725966, 0.5850641328022969, 0.7989755502648233, 0.5489099028506489, 0.28809857523992033, 0.9196546140552179, 0.907456556002275
0.36503832004926406, 0.8970337599304713, 0.0001096884173928947, 0.6600386307010243, 0.9338821426948417, 0.5416316653395005, 0.41918026665875907, 0.6153799896804539, 0.1508854165349155, 0.9466454457865829, 0.6030751627343032, 0.24329082261026924
0.6310572963413303, 0.6594007960262308, 0.488827489606653, 0.05878853642735715, 0.14954063223288494, 0.821436400366193, 0.7287154001641953, 0.29857074890715496, 0.5507218127547481, 0.1502549441104396, 0.5492342028405306, 0.26508044826398414
4.57506911004e-05,0.292174740084,67.0072196822
1.96422399603e-05,0.298949471272,58.2023514048
0.000201686326315,0.886289286303,116.227567231
3.2877106686e-05,2.27163569048,136.816060174
0.00139119104393,5.99039382757,232.710713721
0.0173045272855,18.3408362554,263.324441234
0.0408162313284,43.9906722229,386.089666752
0.577619597904,120.8252837,490.642517569
