$x1,$x2,$x3,$x4,$x5,$x6,$x7,$x8,$x9,$x10,$x11,$x12,$x13,$x14,>>f1,>>f2,>>f3,>>f4,>>f5
0.6813050209593385, 0.30911728359054036, 0.04461484820085282, 0.4818151915027862, 0.6808948779392909, 0.6478786009457106, 0.21801426546145042, 0.8900058127114768, 0.24432670324710315, 0.9308816627448826, 0.9927308172888476, 0.30006338053269843, 0.7829818805530632, 0.267500733130523
0.5210235227770809, 0.6256280968413722, 0.7746422783577538, 0.34889287241802314, 0.1042591627051972, 0.47181488178725606, 0.4664699244233792, 0.4736851090567188, 0.3121839004533976, 0.0742371678198791, 0.7864876139846741, 0.0016641335601442764, 0.24114366827276434, 0.502079028967261
0.28637360117524047, 0.5251102079263447, 0.6758653323787691, 0.3335663087238493, 0.838712825028762, 0.8137019620312673, 0.6390726625402229, 0.5605533354091632, 0.4291577431012996, 0.8992361193304813, 0.772257704860026, 0.42388523641761966, 0.8535453445067246, 0.7017806264198957
0.32381932032842764, 0.9117278769657381, 0.27364097893175654, 0.6399107956922556, 0.9810367370129739, 0.5533083249109142, 0.5872233713221243, 0.17376193366600268, 0.8279641045892319, 0.882036461277174, 0.4587848425857274, 0.88325509688504, 0.6051409312401218, 0.6939349846251983
0.5316036224239273, 0.5070841500598384, 0.3876055005843466, 0.3541099565804683, 0.8353888365979236, 0.9411725391996452, 0.6367407129050024, 0.9554487046195812, 0.7047953329474386, 0.6271502588709499, 0.5241397401876029, 0.6354338214322828, 0.472400014445318, 0.5345758782044508
0.1338218838322045, 0.39524372654510576, 0.24806359292545244, 0.011708361006757095, 0.7129647853866187, 0.933402941707335, 0.17806403879125887, 0.9235089322913156, 0.5460032416584231, 0.12451716849826822, 0.20195977143443422, 0.4340211756606914, 0.7934158829668801, 0.6101544109231064
0.6666898324479451, 0.03844303633378998, 0.21749220785436651, 0.43480762983243215, 0.448632027100451, 0.24260635555048893, 0.9682478137622929, 0.35684042730662413, 0.3991843943696769, 0.14809868141278115, 0.2965393241746508, 0.8602207725481557, 0.36464555305053803, 0.09449034168573656
0.26628784401598216, 0.7546901326903996, 0.2360607318063419, 0.8635806717088066, 0.35333972608103836, 0.22509952486806428, 0.614765467890916, 0.7017855870697762, 0.7098564492834457, 0.7589159212766016, 0.07479734875080613, 0.1486101287241547, 0.5697669103560521, 0.17079824695768098
0.12521914935526046, 0.06616361315010477, 0.8927418196996876, 0.5461107281101755, 0.6957002703881141, 0.9795014107540722, 0.8749617238026549, 0.16462818786140132, 0.37153879442369475, 0.2350789895378227, 0.9447580886614214, 0.18401321800826853, 0.6418354708264778, 0.8259827376208401
0.3306618394976839, 0.5875420477033491, 0.8154874372337487, 0.9387706861954959, 0.9093507327763064, 0.8048361582376772, 0.47385699653577285, 0.25903685853426295, 0.2639024207683355, 0.35669170189290267, 0.3962747826656797, 0.7496044853423579, 0.4369104324801878, 0.23645369544828976
0.9006744868131468, 0.6897086198844269, 0.6588470554673034, 0.9263679546312306, 0.3227790751324483, 0.36954677427040117, 0.7570894061963092, 0.6221705924393728, 0.05312570539327399, 0.6795088909230715, 0.42766425182660583, 0.8920861086404516, 0.4085765698923868, 0.570645047770948
0.25111907945672296, 0.39739805498442815, 0.3055983364229413, 0.8470578150217384, 0.3324106382223303, 0.05721701302967852, 0.9204687036975614, 0.7287384002466791, 0.7950100933314292, 0.8700828192730142, 0.5658517331857983, 0.6782693414920594, 0.8660170940209917, 0.9963509165888392
0.2900692241081353, 0.593892367243582, 0.31346013444054255, 0.7503413005083334, 0.673685678629859, 0.3784803970436478, 0.4287542968211774, 0.8481196482323027, 0.49486378527390695, 0.8228930883471148, 0.49768276549674684, 0.4677252697914581, 0.78335381794245, 0.18668505246082623
0.7957449218372626, 0.08780875320895043, 0.4995067321453178, 0.2626531961231492, 0.9401151225338965, 0.6464166255506708, 0.7737791567720546, 0.4729479390677771, 0.7408966474219673, 0.652671477181084, 0.41743718139245756, 0.9803381022910961, 0.25294107411119726, 0.7934136488137201
0.933067109436864, 0.8025234133004274, 0.6380925148475309, 0.6047200910074099, 0.4870556642777659, 0.6526378869128565, 0.5957582630740283, 0.4323983216254026, 0.5555740053403703, 0.3113833737274102, 0.036405194608998936, 0.06475004735574241, 0.1534798109661193, 0.8807331407764026
0.12960627879067033, 0.6965073505686917, 0.9504617210690216, 0.46133857433637493, 0.3124928104201421, 0.9991720704118685, 0.9531997421640033, 0.06453283215539407, 0.31053332677207945, 0.9558179980268495, 0.9315349640065074, 0.6069900774392981, 0.26365248116430196, 0.4101589752842374
0.1623930266499236, 0.9937066394363223, 0.5331774882296965, 0.10754408385213632, 0.3078039012540039, 0.195516800899312, 0.5489690413876619, 0.09555264124115803, 0.3181437921204371, 0.7232076380393756, 0.319356047191956, 0.4691872053603403, 0.9179110516619977, 0.30225342137373423
0.8841091971976336, 0.32324200938805303, 0.425853367718375, 0.4284641539620714, 0.80494139175974, 0.49346754222444866, 0.5097032932445545, 0.6648698435972884, 0.4460137742425998, 0.42078790663650256, 0.5110041952109045, 0.9718767891405838, 0.9531022326068143, 0.2021434933617403
0.09482844451820915, 0.5266226092418811, 0.20641395337951074, 0.798542270871898, 0.8490962195118964, 0.16342412082475455, 0.06725601335167763, 0.026156373007960365, 0.116839620643588, 0.6365614615574419, 0.7260843271251488, 0.19472652163208692, 0.3060441966956966, 0.13219819142023925
0.7466700857529657, 0.5329877494199776, 0.20304553324509989, 0.9495937648575249, 0.8079002290867695, 0.17371776573129527, 0.9388082055536191, 0.49514307980413774, 0.890261857728567, 0.3845024252501824, 0.45210187262096835, 0.9804936839280988, 0.7387515569563379, 0.6621765848776774
0.5133934375956866, 0.3390409812551075, 0.7100104924601879, 0.5834367366546556, 0.8052111275576923, 0.6095582166539755, 0.23542920758534147, 0.1859957380109768, 0.2637731713950149, 0.5175321793057518, 0.7493118679338738, 0.33084775873677197, 0.32968100252139065, 0.9163337064622376
0.35210935322975156, 0.3233460770256271, 0.08054199332537249, 0.20008766195045646, 0.15394519178754207, 0.9975074388756847, 0.21519517574726732, 0.28061081687271616, 0.17537063519812746, 0.4445513798448335, 0.1608256896609358, 0.38729653815303344, 0.3157448572230621, 0.016358768071386254
0.6358942678095821, 0.6371778550793682, 0.912465843413884, 0.3463395122830939, 0.26971810687861275, 0.21448276522942855, 0.005033439669296702, 0.45171537336154655, 0.5129443724602949, 0.680238659495631, 0.1117891585475721, 0.5716438939796432, 0.489565173582613, 0.8952783640449341
0.4582420508221129, 0.4945883575095159, 0.5159298501930673, 0.11802547113243012, 0.5535386042738148, 0.7366419361348459, 0.8115953827197854, 0.8921485667900242, 0.2507164445786061, 0.4607707470531909, 0.9037164143984071, 0.6904183969850249, 0.8913715041898093, 0.0798997305308553
0.26894152762097057, 0.19240375395717868, 0.11666993189175812, 0.27477596034679885, 0.4212401817337914, 0.9605619174577144, 0.9719111334580308, 0.5231418666020907, 0.6519174263472722, 0.7701512446319424, 0.18841254800728435, 0.28057058563476056, 0.30672925487462677, 0.34767789824741135
0.5586223168373882, 0.483492634184145, 0.40170865204364425, 0.7096665797823427, 0.5852488866619171, 0.0026521556953583714, 0.39382604939476107, 0.745635369772449, 0.6478796629703741, 0.825008927426686, 0.18692115757571337, 0.9158498300352613, 0.3470744205304417, 0.6104135711114519
0.5897748309118465, 0.39366338110800625, 0.61584161373708, 0.6787205045949072, 0.7324176822086742, 0.6387922377664415, 0.5100349566158543, 0.9300564737559236, 0.4486377663733373, 0.4123873689547296, 0.70441750470965, 0.7191490106751851, 0.09791312277734432, 0.8482049778620967
0.28871426141522116, 0.09178993313467332, 0.79187565551104, 0.5993779433441766, 0.6327231902825886, 0.6033054415159274, 0.5887736421070877, 0.19833279962933126, 0.7340593291068636, 0.9089646954493679, 0.08934699407095503, 0.26547763809554825, 0.20959766110280031, 0.9414839625307
0.18355786235662663, 0.22582392145431784, 0.5890155807307212, 0.8023391842505848, 0.7599150841037959, 0.2349098407298269, 0.5752040181282331, 0.9046783226423127, 0.6908405443524631, 0.1348604202041248, 0.6622606824889774, 0.4699204657629453, 0.01856035292488878, 0.42797146411375275
0.930308880224356, 0.5871206860574271, 0.6660583149447727, 0.6938492403855591, 0.8992361170427311, 0.21922581397652963, 0.7305262714696209, 0.9184871826576098, 0.7741831409878474, 0.7636392685559148, 0.7145052944753062, 0.07308217310626208, 0.6814061222664686, 0.2171239688691331
0.5786236129591745, 0.36005859936276186, 0.222752196108565, 0.11225694792376151, 0.05091270902890743, 0.5310573064748727, 0.5040939719607175, 0.8905502421358995, 0.5182390802433754, 0.028183693691770317, 0.2900410610642006, 0.5115155813910116, 0.48293132710942444, 0.6016542702172034
0.2492952057404626, 0.8245976847174034, 0.8467088579574694, 0.34739000726746994, 0.16246996044680861, 0.46653799757820535, 0.6379217494188869, 0.328395969337812, 0.15270304454150285, 0.5252525953078635, 0.003755487115363332, 0.861341104806781, 0.2871953794822202, 0.8565674112031578
0.14955756350912164, 0.0543440124600143, 0.7563940049186868, 0.8159414671414259, 0.9270117296169947, 0.050631010427305, 0.5662108347955171, 0.43944202725438486, 0.13474658611055923, 0.8380856558627925, 0.5706804011661455, 0.654672190752637, 0.5477750793329913, 0.13991301370807752
0.1816737198556292, 0.4979378428205734, 0.6687660582548891, 0.6524096905981916, 0.5081663156401289, 0.5291542700814504, 0.9135169210214963, 0.7815579983719894, 0.5069283629760003, 0.21843408317415447, 0.10375403160525831, 0.08236855416375155, 0.8118353177920733, 0.09199486752846509
0.07232908189652243, 0.5245282673066844, 0.9410831511617319, 0.9514947731095393, 0.8987851466294867, 0.3268510008653075, 0.945507400800253, 0.6381996079970462, 0.25834966745245835, 0.7376521730631437, 0.42535212838836745, 0.6059297972180253, 0.07362792205741675, 0.15877533579635505
0.45524453040256097, 0.2167493833205837, 0.6628044771302672, 0.31075201796753504, 0.9653501915992992, 0.5727212350622628, 0.14164144913559762, 0.8537392370388126, 0.4112085012029404, 0.7459978385324127, 0.49132258320967026, 0.7616214982642654, 0.08516201047478822, 0.7238101198559117
0.6830325342101882, 0.15063244449932667, 0.2898130750973903, 0.04549551849148614, 0.26189203011613527, 0.9989632877520054, 0.9908391205243613, 0.7834430577411066, 0.29404394743667295, 0.18477723619892605, 0.8978704405627124, 0.22392488236559616, 0.9677772687004565, 0.4123401905441303
0.5468309209157193, 0.32264160783477036, 0.9178524853494248, 0.27352838238150967, 0.05236924065390702, 0.44543565662040285, 0.12280337503062, 0.6948605504403617, 0.31431798425898383, 0.5022708228917259, 0.06374420910790302, 0.3970982220739827, 0.1131474933638067, 0.4256217527620063
0.5070896465506134, 0.6262775034405297, 0.998525052324188, 0.23435770333403727, 0.8323301947310294, 0.8492071982501677, 0.9051823755461625, 0.20444844208166824, 0.01305318432982594, 0.498017110882935, 0.5107747519747682, 0.7625153769127377, 0.9308067704720742, 0.8574921968975824
0.24023567297238957, 0.13050873057903312, 0.7292603965564407, 0.5628142067077371, 0.021681112461562346, 0.8647608178906754, 0.7763234379308158, 0.35980965207076154, 0.024251754439681972, 0.096938569549336, 0.8020587045571899, 0.1272818286277727, 0.8902737270097071, 0.5898555018175721
0.5053794047678913, 0.947220211149551, 0.6459108375852344, 0.9641034118592591, 0.15233790587988028, 0.1879262862656086, 0.40586432425506125, 0.5927015145033548, 0.06582586809733837, 0.3041370416217597, 0.3454276643296694, 0.6093950093079161, 0.584276553938834, 0.9417097363652831
0.8910313842986332, 0.6800747382898924, 0.3025583322601827, 0.5089455861650971, 0.35581634537693996, 0.1697834404710108, 0.6971338959427226, 0.8245304583357264, 0.9949673715997088, 0.28771368730915925, 0.6961981677462907, 0.951488345624862, 0.0015479919382255236, 0.6126877250331981
0.4057925416303946, 0.6893939080309562, 0.3594251927971497, 0.2686225755892231, 0.05232862837848462, 0.15654739413372887, 0.8761363284807892, 0.41442775257392583, 0.17567650412265223, 0.8411092759321354, 0.6958120588323978, 0.021469549964528656, 0.8917936992029988, 0.01616301622995997
0.109352843433147, 0.48283045071810793, 0.049027028378930804, 0.6567286042495302, 0.6643802127320207, 0.1476331599390599, 0.6722121950189408, 0.7421305121317773, 0.1380924226039989, 0.6714559585194947, 0.5505573805341979, 0.8491454049058066, 0.5735594299446215, 0.450067257243707
0.02957768155193019, 0.11117960462218934, 0.10266415353503866, 0.778933121641827, 0.057367370471102186, 0.8058084265636478, 0.7867698317534073, 0.9278228162543171, 0.47384308885882465, 0.07586478743471214, 0.5255311614199253, 0.5639977745158663, 0.8308838342358652, 0.9363382603297572
0.9203433330930082, 0.8949645316593542, 0.046784249393158284, 0.05057069478743059, 0.6466509583115659, 0.40370614696136753, 0.284111952045329, 0.66476421140918, 0.21224172512900386, 0.10028520789075435, 0.36056690101499167, 0.4357582642207204, 0.815005450802894, 0.764910589947934
0.43339662627975584, 0.046868538919346725, 0.784741117866309, 0.9939178788448921, 0.16077902730093774, 0.6875542323993955, 0.7826110839511948, 0.9776548820461386, 0.9646027164951222, 0.8468916562314199, 0.2551616428672647, 0.1916291737813014, 0.19869577178584974, 0.5083407115419485
0.7886075573805127, 0.9570505107954583, 0.9606706874733671, 0.009455414094554526, 0.028328339351491594, 0.9564861195522886, 0.46751749531559395, 0.46068000394168407, 0.3028482214438084, 0.08790894407389316, 0.5389159618745029, 0.618132288287618, 0.006835668017445395, 0.9912827849998833
0.9106123944908804, 0.8662873860981256, 0.5182169728073571, 0.9384639549023369, 0.864739118175845, 0.4710517012691441, 0.697694995919279, 0.47687613767309334, 0.1606121349741617, 0.7972671551455951, 0.12221512377270394, 0.45392756783030286, 0.9666092103647207, 0.07541185377967496
0.8229415928148184, 0.8806519990627395, 0.1450716973701639, 0.3324838035082942, 0.10207321922900581, 0.9762195491655247, 0.7348170223244888, 0.011360313296312596, 0.5855998205337305, 0.43229840096438144, 0.3853922855074339, 0.2892925961570245, 0.025223676412559293, 0.08460879465577054
0.5063626454993222, 0.9129185660243556, 0.0010330027524948493, 0.615335690871855, 0.1725291113834303, 0.3341636149249726, 0.02807631520472531, 0.8765612002287052, 0.4999968107006528, 0.01607561762040377, 0.8547117226822138, 0.47234527059227027, 0.23740578624140662, 0.5211771520727491
0.5330481678211731, 0.053976201409760005, 0.005018360391182419, 0.9233136655125611, 0.41461533570952147, 0.18945198100227245, 0.8022840669577146, 0.503450413417147, 0.31829703367461337, 0.5833049162861991, 0.6311625831891917, 0.3303892145207922, 0.16858295679188107, 0.5503750855448524
0.6570922285365058, 0.5353320966036061, 0.44862951284201, 0.6402679800934723, 0.08634575096859365, 0.8499842845229792, 0.9449836877603421, 0.3609661136715858, 0.5409853272219103, 0.43645405212107435, 0.2847670901691207, 0.8291170195642695, 0.633007732616702, 0.672524418223749
0.20114717825355022, 0.4634623318902855, 0.22979581925371984, 0.0657008151962567, 0.6175893857414348, 0.39241855490760635, 0.4291810078150995, 0.787642293985214, 0.2677393341812381, 0.6848640679169251, 0.04210018007470062, 0.06904945005701768, 0.0023540362009478732, 0.7775239678438672
0.7764717428894249, 0.6784982414013982, 0.8970751991120479, 0.8733770617128037, 0.917440805711084, 0.1818377411125479, 0.6404133308346337, 0.04957606263200709, 0.9295693418370657, 0.8360717688434419, 0.4376553751353819, 0.505690847765542, 0.7013210202944417, 0.7265284987700524
0.620662849572624, 0.331940866038141, 0.5615132405931439, 0.7297920325510725, 0.09398086305651476, 0.6507077908492614, 0.8589499756334196, 0.03648706783932154, 0.09748727230196186, 0.8097463210306494, 0.5269047088544886, 0.37574322662712123, 0.8459620810989098, 0.7277125037807592
0.37616938721028925, 0.26291856563651783, 0.5831861977838507, 0.09644468514874338, 0.3015308828806835, 0.32506969940999075, 0.06341061704566064, 0.7563036158863679, 0.38018278550359086, 0.5010321392393241, 0.7266668692599094, 0.2899717903552369, 0.9892655722805125, 0.2958658748066151
0.8802648067468746, 0.8316420391058229, 0.0868382328064139, 0.018308239804945337, 0.18169390308194988, 0.11747443093860244, 0.8368362992253177, 0.9911739299375445, 0.9125398511318755, 0.7435904206714302, 0.6531290644710396, 0.4235272885807885, 0.7322781955319577, 0.5120014757207475
0.1989225241346868, 0.01839772865803002, 0.9442382608260891, 0.5542411783789504, 0.7646922129745847, 0.8095714672736612, 0.760819991636431, 0.33261046023332963, 0.5756912377247565, 0.1955890604506484, 0.16431194518860837, 0.8658523108361456, 0.32640627188010063, 0.002029328558175836
0.898151903959807, 0.33791564737252644, 0.5728760869035461, 0.11850173057797309, 0.3085747685906435, 0.2861117840698808, 0.55537346299495, 0.37318514623702537, 0.9526320142939515, 0.20779631933037146, 0.32275273687535366, 0.32742294109252024, 0.5951268762338483, 0.07608893680021378
0.7795835884771805, 0.48354261823036004, 0.0980159655314291, 0.9838033317114694, 0.9266897628143138, 0.8122007138733804, 0.3773697678495156, 0.8301223007803658, 0.22652043417615053, 0.346391508080679, 0.3278944659764491, 0.9694653032686397, 0.8057657231598357, 0.6412845595358544
0.1576432626777844, 0.9210764934538603, 0.6563771481990571, 0.9130532329197454, 0.11076251812230486, 0.49725787392761645, 0.06848110008108188, 0.3856039888998901, 0.15738262542431225, 0.6709064276214673, 0.27495025055612654, 0.0538563669792671, 0.2735856865010492, 0.19070392188869667
0.9281215557135857, 0.3560293130828317, 0.9605880856513885, 0.1470888879700335, 0.3196516135653755, 0.8027140118526255, 0.587693704190965, 0.4717098237295224, 0.4246566113404797, 0.3313237962812473, 0.07907357862124953, 0.010686113140447318, 0.3326657683955151, 0.5204704813506654
0.5409007298022191, 0.022937363028555424, 0.530653748681367, 0.4240861192061083, 0.12420831380069486, 0.01177305590650668, 0.030136650292417633, 0.41617077253102, 0.14144534885233329, 0.29070349316427624, 0.039614691269756586, 0.9791865674992204, 0.5882908915065661, 0.3106682783811181
0.7936263328974272, 0.13588332611434994, 0.80594025727322, 0.03383930449027961, 0.12662199655431794, 0.19823857525443878, 0.03741931368739415, 0.8703726336533859, 0.31259999905215663, 0.025101714766113337, 0.8764748068418662, 0.7874311524392217, 0.0980241179224205, 0.6092007414511433
0.09454735263208891, 0.7732319638293506, 0.532966191614983, 0.01785445329150126, 0.7001175309426881, 0.9271831599648787, 0.6620358254631211, 0.7645865435103212, 0.766994348438848, 0.6047995999432565, 0.29948367749149996, 0.023395963324973845, 0.4159773622634022, 0.09210748532638124
0.02878672091117418, 0.8159560361330153, 0.22425456467429483, 0.1657700449663102, 0.43623747959120496, 0.22406042055706343, 0.36040657646230645, 0.19490750237306154, 0.1206813211227854, 0.7602640146353612, 0.49498931648145783, 0.40846729374345003, 0.41592135250946605, 0.9250076535686305
0.6750843513062625, 0.2882379611178527, 0.001914807545251196, 0.8937047446173769, 0.880474904343277, 0.21287091132198743, 0.9612945552817505, 0.9455231504028982, 0.6004231315682041, 0.7622005724005984, 0.8523865993877278, 0.7005763530723479, 0.3805457192772519, 0.08630823999152704
0.433506242154055, 0.2837055951387064, 0.7269962330988361, 0.7349707346993107, 0.004599690461421724, 0.6569921272516293, 0.9140448709590134, 0.05289540517422864, 0.8246700150339807, 0.45383214645767467, 0.7186172563963844, 0.8958631292228493, 0.0731145566281608, 0.13241471466018595
0.8219669576655637, 0.6051530221164046, 0.10554189394068658, 0.6958693859700165, 0.16882983577496335, 0.5094819712156275, 0.21865902100714163, 0.8814996654579235, 0.9557828769841987, 0.4816374488862094, 0.5216081035471432, 0.05309536553213401, 0.3365716816742754, 0.12333962243426932
0.8226837573934463, 0.3225025317202591, 0.6470665964785611, 0.3639139831977827, 0.43076224302008614, 0.8184146130490753, 0.8761516397540932, 0.9374349606253582, 0.7765094420017838, 0.17881224610537738, 0.45254710676048293, 0.9269980014023325, 0.02385059232146758, 0.0884751798687311
0.6073833612652558, 0.3737495851937084, 0.7176261661407102, 0.4309396485044904, 0.7415037301256249, 0.9694892980050415, 0.6528362415508753, 0.9426972402871707, 0.5154642295999339, 0.3515870883549692, 0.8965783397885864, 0.15625279558373528, 0.6980639867978573, 0.31984579207549324
0.30020670062135546, 0.004190034756149985, 0.9621450798060889, 0.3573441582029574, 0.7367790678123819, 0.05079282340242064, 0.4687664130744603, 0.6778169075536813, 0.2603713277255355, 0.8457739047224675, 0.3416505357563482, 0.7487596117519121, 0.06532046881849785, 0.4403499102150725
0.919468048183409, 0.06466474563710056, 0.6080130817461766, 0.9034076483651103, 0.15504001333285478, 0.19084636636292207, 0.9613206169190548, 0.5344691154545788, 0.4620246424180091, 0.333087748549187, 0.5382349248969693, 0.010701543823892878, 0.8569776003390223, 0.6210759706206884
0.3238634906158887, 0.7594664844948007, 0.16262954098728466, 0.46482820705384775, 0.8949657262135389, 0.9769967044772083, 0.1781312220537481, 0.21305853404509512, 0.41947334530215485, 0.9318321959655576, 0.44349346109425936, 0.17717479710235384, 0.7476644310818465, 0.8912718509875327
0.4445729857245472, 0.5019832561973384, 0.6137212615413701, 0.29097680021640193, 0.877951415360418, 0.019923764297354984, 0.4100564617291734, 0.32948258728165625, 0.5359170411360762, 0.14632334535243785, 0.1892495296502642, 0.4851102405149451, 0.05757501617416705, 0.012752865370401545
0.6263879114480104, 0.6109663806100107, 0.04656101950250091, 0.0687046953578947, 0.12073923847103851, 0.24015018648260755, 0.9517104510848295, 0.7838250091963969, 0.19070215578153127, 0.7792319536862642, 0.8364605016685785, 0.1980108495186369, 0.7310772218684518, 0.9874387348127691
0.40803186804582325, 0.6402635253081436, 0.6619379897251995, 0.38498804141503495, 0.5797272406235259, 0.7570934568931597, 0.7704899102438373, 0.6817027243506499, 0.6711858136403088, 0.5121698656918582, 0.8027044476750127, 0.6095332979385967, 0.8652454099970154, 0.6826454218014002
0.5910670009106727, 0.40951887157493705, 0.6034210012482623, 0.5163529863246135, 0.10122159898973049, 0.9779972600432689, 0.5046245917817013, 0.2575949465957057, 0.4714403385318662, 0.5909495610470469, 0.2968665988909507, 0.9069457836194711, 0.5658488084617803, 0.9620242811248443
0.22539295771105317, 0.6594448755259456, 0.5349452831164482, 0.8788189165179405, 0.47625179876040136, 0.5512732734070389, 0.3472982861131464, 0.6816109669879536, 0.1152525628202683, 0.08012235611965646, 0.5862595487462029, 0.2026416033726267, 0.8638007444224242, 0.2575580321584733
0.1556075242114272, 0.7821592169172699, 0.2505229264024472, 0.4271732389079864, 0.07833233202567313, 0.9095047241758137, 0.7840252514570532, 0.8413067459178715, 0.20138072421302677, 0.3868837562589936, 0.43632851701925945, 0.8636512186742519, 0.005630984543703033, 0.5897387407133201
0.19250529057661525, 0.8471320131032939, 0.6621853560391815, 0.2571850083440569, 0.8700449705032416, 0.42112843903770436, 0.2937905542289988, 0.970263308518308, 0.18054437056572148, 0.807722969138038, 0.4676765687352813, 0.7576702601636177, 0.5800156609425946, 0.45403104793185634
0.15651356404209082, 0.27980374205111536, 0.9316648531066797, 0.6118216208601791, 0.7575827968254766, 0.40831357036142923, 0.04471705393551284, 0.28126005486106465, 0.013068520942428052, 0.09104721838799357, 0.23162928360297297, 0.3667922630023015, 0.27113282760789104, 0.547938680679596
0.03436970590555588, 0.965383928167764, 0.8427893874237925, 0.5960964294422614, 0.9709370779386428, 0.4531931165922646, 0.6539529447675151, 0.8028921753591995, 0.6543660539239944, 0.13720999525230682, 0.9034867401755557, 0.8681245741767847, 0.4102980536442472, 0.4960537220644423
0.5386884064848956, 0.2890621816288371, 0.07896391243541812, 0.801557343914398, 0.7957751934950268, 0.7950227116434176, 0.7538328132521938, 0.9649687450214744, 0.33863510092314764, 0.762657269298507, 0.6229509858991231, 0.5807647696793065, 0.08732118823689017, 0.8288069800412972
0.1438669088871931, 0.180768825245203, 0.27252641735360317, 0.942951623036465, 0.05538173792376366, 0.47953832687053244, 0.019350387241273248, 0.21672212576537708, 0.8537133957606323, 0.1016251261527904, 0.9804534555248313, 0.7714932451498081, 0.42811812518549397, 0.4627018274325815
0.07863892614657753, 0.4438219051277088, 0.49639893657610035, 0.8981723831917067, 0.4609063800037878, 0.23324005070884413, 0.3176418402635738, 0.21915740870347833, 0.6071677491103165, 0.739108382923265, 0.37654224714096207, 0.6799700905294921, 0.4434534008256168, 0.8450248849489618
0.8094752377257471, 0.18113380691741487, 0.13237639393593614, 0.8590863012209039, 0.9328568074080202, 0.8946175936851313, 0.37561150215224126, 0.38771680432368505, 0.24477346576640535, 0.9187699172077476, 0.1470095567761438, 0.5704626532233174, 0.5815764437448901, 0.15726986552932287
0.20510340259705073, 0.8440219538974232, 0.2611026190823712, 0.9838393351557478, 0.5921491248323026, 0.31188927359477536, 0.2659428650984156, 0.6398436453320109, 0.68130387429787, 0.5883658998333055, 0.6376058211442208, 0.6895430854332323, 0.8687806416782137, 0.8236448996397663
0.03263452985978388, 0.20851897720102952, 0.6138197268295478, 0.00435561244738647, 0.3828938320933972, 0.11837320360423265, 0.32714403595969443, 0.11952294560026278, 0.7081974587811584, 0.9274835678982031, 0.8155359143088373, 0.7399511764326928, 0.9297809117080309, 0.9932169624965042
0.8489164965852931, 0.18345735105144545, 0.7269455777689053, 0.3103827585851221, 0.5927666414165604, 0.7871617933901819, 0.08542624868151638, 0.9551300548264336, 0.6130617371673147, 0.5117962996821331, 0.9074472620873851, 0.29526382020081465, 0.3056310819913548, 0.13630405847945581
0.7974252254622228, 0.12865889604216607, 0.4770383076527487, 0.45140869503071557, 0.2378680289459303, 0.6689480553182588, 0.8131018788190677, 0.8937110072198806, 0.8636786454664307, 0.2093704388865114, 0.8615026698848791, 0.7304265127160949, 0.28307936268521705, 0.8720144409218814
0.05832887016130628, 0.6505447278404144, 0.898063552523749, 0.5766333985680786, 0.38762015394152427, 0.6399715501953099, 0.15189831617706107, 0.623517138373376, 0.0826370346871862, 0.2192318181943349, 0.17722960183015857, 0.6439372921046622, 0.3674380218816894, 0.23851617815665627
0.66984651374815, 0.6349506212023367, 0.6361418319135288, 0.3446099019691099, 0.30484390687757135, 0.3116968008623342, 0.32830472572798886, 0.6939934278957444, 0.6073490460006145, 0.19793667065408904, 0.669958810732379, 0.018129476929668487, 0.2953467977629666, 0.15037258345826643
0.843894403052068, 0.42937719665731133, 0.9818892824137628, 0.8306492852586567, 0.04821680324955313, 0.992089257942045, 0.3055827114172932, 0.1730543312688485, 0.43614854115532664, 0.9380679673397048, 0.043118396745635335, 0.6616419415350014, 0.011332477113946693, 0.9395158294688287
0.7104811186794535, 0.9696099115156136, 0.04037011014734959, 0.18584170371181064, 0.33831397968778554, 0.5183421382939627, 0.8347347540977302, 0.3793083951183628, 0.8944265885004516, 0.3916013710520465, 0.6492545219259243, 0.7308393145269525, 0.9145641693509431, 0.6588076305280874
0.808356604870513, 0.8412393776072955, 0.4526755447742806, 0.0040063974624447996, 0.9395305428843448, 0.5397169632979333, 0.7449877963060374, 0.2238312263161547, 0.12290351252910081, 0.5130380610753326, 0.3795845816755812, 0.5531150344825675, 0.5400099756166338, 0.8730563991035174
0.7110963104945556, 0.8472622568523439, 0.018607025790859932, 0.17961976775349442, 0.4783071625314359, 0.5530521750753817, 0.14458507829772493, 0.4272675536190903, 0.9720607982424952, 0.14932214070162364, 0.6196979005725863, 0.37514873785036285, 0.16743690167021763, 0.32226962645798607
0.007137201786719505, 0.6376277091098148, 0.922666499557125, 0.9010077752393705, 0.5556154265785028, 0.6109367809685643, 0.40023195587157057, 0.2688857007720603, 0.9896855540601469, 0.5141074124832691, 0.34636415786872565, 0.4920759394390156, 0.9383868025254121, 0.5374637797502071
0.758288054956064, 0.8410889072396286, 0.3598859837889248, 0.9696328384306317, 0.6447276351718584, 0.7185622417758134, 0.478691658128346, 0.5302497539969319, 0.2879589350494933, 0.7651774286955992, 0.5885151147458276, 0.5782288681058735, 0.23347626737811245, 0.436853093216405
0.9044180338988457, 0.9365847792976022, 0.9960209092986299, 0.16180890289388694, 0.46460758581985884, 0.6735419592679347, 0.391039165108074, 0.228725242191544, 0.2817955650271333, 0.37820013371950456, 0.8442008194769667, 0.606189047504605, 0.23201031333208522, 0.16483535463504806
0.26192107178052104, 0.721129485740231, 0.6585625808315355, 0.48868284983808263, 0.031917211833337844, 0.1768828310626419, 0.9369720867618154, 0.8185849015889771, 0.09879836246546658, 0.40014876663641186, 0.5916598902812653, 0.7534670708628457, 0.6836855632228818, 0.9201890909720818
0.2786412247097252, 0.12355313525558609, 0.9411388158328038, 0.44659251337461925, 0.6180745343259182, 0.21142044216144185, 0.6654105313686789, 0.13938584857818215, 0.3519514970440123, 0.7303987405734236, 0.5069956052883017, 0.4352382535036593, 0.9585567480218059, 0.5442918127431737
0.10053668797242454, 0.12051086809067446, 0.7602399985820137, 0.7796904747542261, 0.8233744208384547, 0.8523493912076667, 0.37546267800584543, 0.4935507002685622, 0.42172105421105677, 0.022125331823450334, 0.22307401756015643, 0.4875379915157927, 0.3804672474291919, 0.9015950633783307
0.5414200695693736, 0.3913671608455528, 0.2087340320773199, 0.6924687068908956, 0.3906829053775247, 0.7951427619504657, 0.49846580556597075, 0.2786680055551042, 0.5873490899153231, 0.6080708978098877, 0.6729838160916738, 0.21602616161966537, 0.4219787745242777, 0.9246735520873812
0.7337321048906096, 0.6689030568915728, 0.8702836100667085, 0.6229461670092389, 0.17444380990304675, 0.2999738080283124, 0.7274712059893194, 0.2872710404123734, 0.3126046585548181, 0.9247835757327567, 0.30184819634186577, 0.9324658114937319, 0.7091410835431333, 0.06349901201460662
0.3705965229089698, 0.038355465564298696, 0.6924413213923131, 0.9973657608130597, 0.4644994071788551, 0.9860904333303594, 0.5198960873517172, 0.8408297319003077, 0.06476049170812781, 0.7770432715413949, 0.5881704045070228, 0.2803688557965506, 0.5054572524620506, 0.6258872390784357
0.2670865173503645, 0.3344317109719023, 0.24449050935922922, 0.3254835277789152, 0.55514792604575, 0.8689178060833767, 0.7150050183877855, 0.031103392938148677, 0.20783021293686055, 0.9391420950988274, 0.031489996494435624, 0.3844511138291087, 0.27768170940148706, 0.47325269314729324
0.31961528360586566, 0.3275884893035912, 0.5727799995024365, 0.9936676612737132, 0.3619851260466618, 0.9783348835128497, 0.08397516527307103, 0.35026256934223343, 0.6373577838307103, 0.9979850193880312, 0.4099427858939776, 0.6095521371061935, 0.8096050883629736, 0.6179558898862392
0.8503064971488175, 0.10097229903558136, 0.7338914391838869, 0.10899523248350074, 0.9211620632478362, 0.8982420000860993, 0.5123642760599448, 0.37033922388909757, 0.2364685656728741, 0.18546679987938086, 0.9654517427947397, 0.2369152843849056, 0.15509472997464102, 0.1717573763381529
0.15008944502291366, 0.9497873451201838, 0.4326454594947112, 0.12527321073196174, 0.7015812420875227, 0.4041657270753001, 0.5413349461211153, 0.6260943294645345, 0.34945563579797023, 0.171972266704142, 0.20958300392708507, 0.9877031972061097, 0.7039782987394005, 0.7222801311343099
0.823735475022, 0.22453106971064452, 0.4369513366939357, 0.260072702155812, 0.3338261301341495, 0.7645292531033991, 0.07270173796572732, 0.567928554281502, 0.40687973817817835, 0.7098654683120613, 0.5249227101469575, 0.9000104218825423, 0.9784006068180194, 0.4824066008495542
0.38018891767637586, 0.15685801307537217, 0.49276737029255835, 0.9066999189887307, 0.015692971323813643, 0.852602098364116, 0.7803526045311948, 0.3353265151381071, 0.5953868901081916, 0.5705647084330442, 0.7913506257145665, 0.25739845238004644, 0.42957897855118476, 0.18034460427224897
0.1150228182004106, 0.4251561289419732, 0.9395496248457971, 0.06681448792428568, 0.44287629007526175, 0.4049304471530919, 0.08912606565249026, 0.7322260299664685, 0.40721888406146, 0.5821354973495605, 0.2512119466027689, 0.6660938962412242, 0.30389398084420693, 0.8414361059356581
0.7795669108973394, 0.16470162191933857, 0.6467555996669303, 0.6527914934245889, 0.78685654495965, 0.9071294230473842, 0.2711108031590048, 0.5671058797077984, 0.9666587921958849, 0.1874853881836308, 0.13173130071173178, 0.6516306132873844, 0.6469114074012761, 0.5151578569023995
0.8453426963700857, 0.6621103631692826, 0.1332837207695703, 0.9926628422033552, 0.010301339763454265, 0.06324747199640335, 0.8591849953451973, 0.9862597905585292, 0.944799771991447, 0.0928232445530045, 0.7150020850529263, 0.8245522675446055, 0.8192434644710732, 0.18182920597638152
0.3653695290333132, 0.020855180172707488, 0.32190520982686177, 0.35418715514548016, 0.531522206891058, 0.4495136399074954, 0.5977057018511854, 0.02571206312964902, 0.7092825000376056, 0.41631979774407124, 0.007797423407769344, 0.28150476920782463, 0.7586156556276424, 0.2014762102097979
0.6102102004132982, 0.8988305439802957, 0.9473606192798875, 0.4464205482384216, 0.6962446671396765, 0.20274778712716668, 0.2443573618763868, 0.3398959021468517, 0.9233768176524216, 0.9090273367258608, 0.2412227552781705, 0.3021686260277906, 0.279406552555996, 0.2846562684026511
0.43048836420426195, 0.035025676831334285, 0.09153682245913508, 0.9326184155598795, 0.6326879682010116, 0.4075074022329074, 0.6182517068256391, 0.586506486642814, 0.04707628575943612, 0.029161577243465242, 0.4904007516601038, 0.9923449180490918, 0.7373766166448534, 0.6903300360649782
0.5059614893142985, 0.8013040381632324, 0.3426800211833121, 0.11498932655906546, 0.5343733335543597, 0.41479510816915677, 0.6689379692286483, 0.7014434567455816, 0.09707274021540158, 0.6223123367921725, 0.9010720950467132, 0.5119647329271928, 0.8225037183584769, 0.11783818364357779
0.9308938451611458, 0.21584196501751285, 0.1816419092012157, 0.09620029017763099, 0.4744019589406865, 0.029350457063246793, 0.7210626674274829, 0.11490942226384093, 0.10109830258381636, 0.32200116331413164, 0.6167000802600365, 0.7282328545885857, 0.9493001173606059, 0.18064897422966153
0.41450502102634845, 0.8941316368043248, 0.217498059395561, 0.8520395416699345, 0.37935627374675474, 0.4678649587323519, 0.9356122759023804, 0.7506611501100037, 0.8559226452097224, 0.7394633493007479, 0.0035582879657370947, 0.8833985369828845, 0.7150189886267241, 0.2345293163115686
0.31526468538217356, 0.926810077803038, 0.7077013655432748, 0.19254170414791982, 0.27511196830441564, 0.09552813566643192, 0.530603888812895, 0.5772247995333581, 0.3162589004393792, 0.06428839253351715, 0.0422490087391878, 0.5534577105533587, 0.9568405476168372, 0.08046232968280365
0.8892183209086423, 0.32805335944332825, 0.3328947821211977, 0.20409853758988994, 0.684009932642945, 0.3858776330569289, 0.6863269497357721, 0.28783076004733665, 0.7480723880032998, 0.5293697629539184, 0.4231931091885922, 0.950792030449358, 0.46050973599634415, 0.28324900928755814
0.6071060065808532, 0.16556914361699016, 0.57806417728765, 0.6188422993112973, 0.9223513689836739, 0.5327095114884801, 0.48003676323206157, 0.6960380107153598, 0.12353448692064095, 0.6903154587671074, 0.609347907981752, 0.4039949706951177, 0.5397096449249359, 0.4211688904176405
0.6487333307364218, 0.9630008953684254, 0.5041561145961587, 0.582538036128303, 0.05316681733777817, 0.06877372503989454, 0.7238193081576078, 0.49043212444014317, 0.41573906242241243, 0.8773289824726564, 0.875374220602925, 0.6026162376499133, 0.8226691767649524, 0.26371949288685137
0.6476492775097722, 0.5626203135560921, 0.7666988367072969, 0.0774148004910401, 0.04380884108596739, 0.12027188196987959, 0.028414788098868105, 0.35977431351617684, 0.4879682418009098, 0.5494158705159674, 0.07340798941795768, 0.8498903163591489, 0.18357170747580842, 0.09451005254920197
0.55074899514467, 0.8870563686196986, 0.3148244672288183, 0.4558484117688749, 0.590372891859733, 0.3039886963362405, 0.4312461758215822, 0.5878076377038872, 0.8350971653398632, 0.8561583149393718, 0.6136955527748954, 0.32294141201138593, 0.29382834481722264, 0.6341519794542397
0.3937787944317723, 0.2398449543916228, 0.8487060115618319, 0.9858362917494379, 0.920584803070504, 0.43104346220958745, 0.940298531893796, 0.013793536691479424, 0.08531565591239476, 0.9104708859777236, 0.34320841282207515, 0.23309036900911828, 0.039152048668119055, 0.8505052023338634
0.9170031560161395, 0.6392271632493629, 0.2365246591916279, 0.9261394444901807, 0.2536234588712679, 0.5496015821415221, 0.6007080796085632, 0.30001134025496357, 0.8157504319624641, 0.9693158102863727, 0.2452172766081544, 0.6553623645123203, 0.25144868520192143, 0.047826854212826286
0.5487241558673657, 0.6769482680486281, 0.8090681400326278, 0.6885190996974894, 0.6002952073113329, 0.6543391989434797, 0.8350318719678386, 0.6729738909914116, 0.5038372252455161, 0.8758346405973021, 0.33007137833594913, 0.42667662308786536, 0.0943711682786883, 0.03861383709254074
0.17078862676273354, 0.34668077059620395, 0.3211064927689412, 8.911213188023126e-06, 0.47306901243662713, 0.0010900681679435476, 0.137300772263674, 0.19586039573966962, 0.7849307599644205, 0.4982603581441394, 0.5192036206320048, 0.4969315352363253, 0.14925309681486965, 0.24611433125206705
0.8868725043330056, 0.7201802070903509, 0.13059809952024293, 0.3587997605936676, 0.6749090778632217, 0.4877009977558787, 0.8815513678446452, 0.18659752531378004, 0.6031466870851757, 0.604116233418274, 0.16969625128924126, 0.3506990642886394, 0.5536633132321827, 0.39251182875044843
0.08230775094143306, 0.07522076965306768, 0.5184252812063235, 0.050404465266661425, 0.6451944562209461, 0.6650036589096281, 0.43731838164267733, 0.7581251525420896, 0.23107928928119192, 0.4529372185946492, 0.397153995254528, 0.06613693328283232, 0.9861333622521545, 0.7218413863937371
0.24753166036288043, 0.21079558892396433, 0.6425497983034102, 0.07374257138496787, 0.9643518238552529, 0.47709190903690324, 0.8513800089301088, 0.36587286136106345, 0.5306936000243103, 0.8360363024401514, 0.7304539910441642, 0.8196101254722635, 0.18233785662159785, 0.6307869032280502
0.6579798284073152, 0.3324949291490552, 0.9506632112021388, 0.24530124456487445, 0.4506782661494185, 0.27811573496143105, 0.9885329790459708, 0.7271905893723463, 0.4365677932246086, 0.9240159656880844, 0.662887202639093, 0.6322684692376094, 0.07880624037963435, 0.7075879442567452
0.12254298291155186, 0.27354738501740206, 0.3980090204621167, 0.6147652880552557, 0.8772022913293488, 0.12777185235631816, 0.23491094346111752, 0.5555837795207946, 0.7829271144488666, 0.3250416714649147, 0.5318184406138524, 0.24538075738282739, 0.2508992992593331, 0.29924887546810197
0.9946594554720346, 0.735819266656885, 0.4210919167042242, 0.482539955140707, 0.031428616965024414, 0.9335801348647355, 0.061716091708064136, 0.19066436444758006, 0.38231482786738846, 0.11652633506751575, 0.00791898022360038, 0.7071367834822677, 0.14042366756344993, 0.9948915653798729
0.9239973206407487, 0.9106311840653407, 0.47313613727811477, 0.2555187841522102, 0.591231153467295, 0.25950879445698427, 0.8063884290378117, 0.8660631695551863, 0.4748449582370977, 0.7114362601642701, 0.7774748947981119, 0.36886416457791193, 0.44688932931354275, 0.7415200482362545
0.5107834904130251, 0.7789006777679309, 0.6228538324112924, 0.04586472711119327, 0.28318155486440455, 0.6326332902061235, 0.21997108307158575, 0.4801252221733662, 0.0339154276486926, 0.7312040118278529, 0.9674864853307144, 0.8603863614795421, 0.7441335263304864, 0.33508677500213224
0.14694826078849133, 0.9038023783913498, 0.5060862660201934, 0.5934892113672671, 0.6275985018781318, 0.09941622954609941, 0.536393696746628, 0.09152615727460867, 0.5279949578783254, 0.46744667736611, 0.9921138697861223, 0.7467736929029044, 0.2901318911474936, 0.505353629111444
0.05087566135153421, 0.9697536090459395, 0.42716106139584886, 0.03452342062818137, 0.09704420701893379, 0.7117603999301092, 0.11468369034435533, 0.5978160210661964, 0.01165380707960062, 0.9535509133063497, 0.4334772741466827, 0.5196804600976808, 0.5736245409166524, 0.5309778109567145
0.015327026632880547, 0.8675690729473873, 0.8987697369315851, 0.024525548234764827, 0.5903184865647227, 0.21812291738896772, 0.5561731844082188, 0.8950287390416602, 0.9358352554058409, 0.3299985272213347, 0.550320999181554, 0.5691473378384471, 0.15937642247181028, 0.2950882511968531
0.4848173496013014, 0.8133918572306416, 0.6132707657616576, 0.9369459644125355, 0.6388640799841341, 0.3065758927965172, 0.015452380912226116, 0.553477543617194, 0.9930331044242656, 0.1449847081884349, 0.024975952547940716, 0.4308310842284896, 0.403499034218341, 0.14842948163427316
0.2944311443439461, 0.8332334545965574, 0.7661053679737854, 0.17715206585862686, 0.2087417647316283, 0.006457066828020941, 0.25969867593016815, 0.23823506623574475, 0.7692944059784584, 0.6848676398302089, 0.7023935523871898, 0.5240324650361574, 0.4501594653337213, 0.6702523006230761
0.30560545820346363, 0.7777604857067558, 0.6227619897376586, 0.02135288788519496, 0.27022557662847446, 0.6549853736536043, 0.364862825062665, 0.901510228887141, 0.4535365489276705, 0.5945235831650496, 0.5300011598879852, 0.003304214238986636, 0.9808771159803421, 0.5472432838876925
0.3117688435142151, 0.041024048872606356, 0.02733945077351918, 0.3445680201979302, 0.11041719690722851, 0.8899475180579215, 0.5553968575208684, 0.2503175726130493, 0.6668779488407466, 0.016918186162973914, 0.2012576128324215, 0.2305466593158889, 0.2750426845576338, 0.6131267760790947
0.16372428673354922, 0.37692889823598885, 0.48430402844208165, 0.5178054306401371, 0.489642635143699, 0.22984510424810367, 0.14717835407438218, 0.6053130413796729, 0.8655841427027615, 0.7283380166696527, 0.37394486365412194, 0.6717496617074077, 0.9361100637932575, 0.9775973908110832
0.877397507892699, 0.44387947954763673, 0.5653710363785391, 0.13914303643425563, 0.9155688907540299, 0.2571781152285383, 0.7742557406413855, 0.4584777234402363, 0.842170511495363, 0.7748548707005177, 0.44262285805435886, 0.9640006163287022, 0.5534139090741034, 0.6293273896109436
0.7509109981507093, 0.8500105924799843, 0.7781065753612925, 0.12192142630031744, 0.08924004866736013, 0.6805377501453782, 0.9286748125872495, 0.6602717162238289, 0.3580029108113807, 0.5335472942218541, 0.8417578048906168, 0.7308446138716896, 0.024725067744207685, 0.5353684717553979
0.8990191376273461, 0.12745096800564382, 0.9280890150794371, 0.38050172538846316, 0.8920982318699967, 0.883512554894147, 0.8414764211714021, 0.8918962257613524, 0.818643895583384, 0.4200680885741128, 0.638327187355637, 0.784978112782174, 0.8265908307511346, 0.21047746308174342
0.7729347387808645, 0.2059768925428106, 0.22484791913466762, 0.7445339013868526, 0.7851688456686707, 0.5922061955623191, 0.02299882682694976, 0.452882674708312, 0.5233910910832801, 0.07308491675278894, 0.32059068661560064, 0.37919091686697215, 0.5696695002382443, 0.43707944440370206
0.7645914330032266, 0.08479296434819472, 0.7030224406933092, 0.4275632313960125, 0.3056897131969074, 0.3350523600230537, 0.45524102907823905, 0.23652984838120827, 0.5209374704051177, 0.4637740137374725, 0.29988251600285154, 0.29846582783146003, 0.952718371056526, 0.38524826213793295
0.3912222645389216, 0.12486817960721774, 0.5834745294600902, 0.9467905410281959, 0.4885552060310948, 0.2651051533656814, 0.5367212903565557, 0.88661059595033, 0.3428952218065682, 0.37571670959946013, 0.9414635621864692, 0.3780516509633276, 0.2910750650460514, 0.9340225172812325
0.007930344942619016, 0.28589252482737404, 0.7423833789651773, 0.9020636057883908, 0.8192442596046614, 0.38798900773328604, 0.31164038893677015, 0.13142182761591759, 0.5154689851766941, 0.3563595676265091, 0.626897997734768, 0.12477248047622547, 0.005760510768330729, 0.8969792686864938
0.5390379803913276, 0.40901008094565294, 0.12022780518652576, 0.3526618630140932, 0.9583870482794394, 0.553279323039247, 0.0008516147531695273, 0.42178447782028783, 0.8123509093748885, 0.782816230427608, 0.6569487902124674, 0.38314979726627973, 0.4401325293041082, 0.4369682625351029
0.369652392510898, 0.1904219230549542, 0.8298520359272382, 0.6606461232480894, 0.7494173825775446, 0.3830739383762487, 0.38326547471482897, 0.956963947760099, 0.7054614549587632, 0.2378219506755841, 0.435768880500098, 0.4503678824818681, 0.8887653614593413, 0.6776258474543327
0.3949143235742407, 0.8928793810719913, 0.29313804991372994, 0.9398366871658762, 0.5611633016129673, 0.15310047265322313, 0.6047196122319429, 0.037989534516477796, 0.012851975500462798, 0.3467517516615717, 0.8783202863130025, 0.8665893780293613, 0.9129648329475833, 0.7815367434398828
0.7876141831007127, 0.12085612559379744, 0.16587677794602773, 0.5646369947029428, 0.15166383382643056, 0.6459152914970527, 0.5866000153133695, 0.3467306026257031, 0.4106304086775411, 0.7968022627513877, 0.9195230322161387, 0.6823877835165346, 0.2784955607026689, 0.968837068094772
0.026366184329222775, 0.7807839007232178, 0.561898051414013, 0.2213275408513432, 0.9866626743166838, 0.2407493928690565, 0.46732894818338033, 0.8006298866355925, 0.3836065390241561, 0.2164967795107715, 0.4782197205945945, 0.021047369225516754, 0.800012872040623, 0.6967821388489724
0.7205123536618149, 0.5257577351966336, 0.00817374558280859, 0.7533709405414173, 0.32814057602459945, 0.5048726161697457, 0.5897662944756168, 0.817825664551117, 0.28799625513989846, 0.6162319235508157, 0.927080036681509, 0.5126853001575672, 0.4130991723815306, 0.8432519388149635
0.8710918505609538, 0.17066281975863362, 0.2936956278007362, 0.0031201016186078734, 0.8648860833075397, 0.2801829886251851, 0.7487818042069561, 0.9770105888788738, 0.044975546409482314, 0.4924870425427561, 0.4131595480246555, 0.7362599890519339, 0.32007658425134666, 0.8561845049491364
0.618315075082142, 0.40554424501955455, 0.5976626870564627, 0.22180144091934395, 0.40778335554736533, 0.12071438810224355, 0.19981402885887956, 0.3500612001924921, 0.45633596319282344, 0.8551191133009656, 0.03398284627976955, 0.7722190157202141, 0.8433301978535087, 0.5461541102991173
0.5086740552313995, 0.02057163603419221, 0.08126474586008137, 0.6993645540261386, 0.8012403235838418, 0.3746280835096114, 0.017423404390779273, 0.17377969950215444, 0.8352030900962256, 0.26141782467016317, 0.008320285385903792, 0.10590946553178704, 0.01602748306503965, 0.2635028916445675
0.33865888204694417, 0.5262833720277054, 0.7350906771077506, 0.295404302926245, 0.4276967789822287, 0.2519030842987925, 0.24563372398663685, 0.5800996775369143, 0.820991863978063, 0.38975366031050385, 0.38847275156410976, 0.8504361587782201, 0.9258273250710032, 0.13505311877403148
0.7419777331275996, 0.596865108780513, 0.6811925631994579, 0.16406435260981989, 0.6883016184938026, 0.4916233613209048, 0.8459243802706218, 0.8990567385373798, 0.32811707910573973, 0.14682332235901074, 0.7330630609570193, 0.36911787561524456, 0.04220970474305752, 0.8104765732680528
0.5468057300366932, 0.0028161728262897645, 0.10383751779649764, 0.8961489495109067, 0.5649185578070801, 0.7246246045501675, 0.5922463996988391, 0.018157416785189118, 0.5479424757326855, 0.8003176344069511, 0.7607777092314952, 0.42843222351163235, 0.6996270217915725, 0.2928083366217188
0.07195097877387557, 0.6254498956576782, 0.6271461788015749, 0.44575660526856387, 0.5672118612540608, 0.9240754585269025, 0.3728938559095183, 0.10298280498531343, 0.8358276818629843, 0.7106186519522013, 0.9123808706151484, 0.18157676654610588, 0.4314580885677518, 0.6101881969403263
0.4392886875219042, 0.9902335342263052, 0.017831787320147896, 0.13676684662681327, 0.6533673500831608, 0.7794873119496474, 0.5344449480575972, 0.2660473909568226, 0.852747443584519, 0.2726173384875441, 0.40477581087345194, 0.7864910182354538, 0.8638211218699756, 0.8262876803354402
0.11218096832426416, 0.7770948819049637, 0.33508333038969895, 0.004531496038335803, 0.6080386914134098, 0.3157535917047264, 0.6272920034729745, 0.10374299993575786, 0.16405311076086204, 0.7900396589040073, 0.6774889890314454, 0.6538248659174002, 0.4444181638584408, 0.49523382377218517
0.5527831522012574, 0.6289326274108951, 0.07515796962395838, 0.034870910055647464, 0.27459397500587535, 0.3347930431585916, 0.36162199332584666, 0.34330823751258865, 0.39446403748314707, 0.7534068848383981, 0.2501349228852645, 0.41760856933209645, 0.6987361710776816, 0.8796729134328177
0.5458793024389571, 0.23023292647071514, 0.8708730888768351, 0.5669529936709711, 0.009280824009352706, 0.23757180010026224, 0.7030352662999164, 0.9810447225114818, 0.01868225756444941, 0.00926779052107951, 0.9820806032614748, 0.7563865387077703, 0.5395572042518285, 0.8666924086909927
0.14933299652341347, 0.6407512849357988, 0.3632798630094777, 0.24177973702497924, 0.0019172960012278084, 0.4356617775804147, 0.5073455059784483, 0.009732396321633585, 0.4721242878292279, 0.6792101875815625, 0.2343606672165477, 0.677620227123956, 0.7100666214512883, 0.9019612240987347
0.31093070732258576, 0.3898406403221554, 0.4633552034423606, 0.4941502146250567, 0.9483768431269807, 0.6709153042615476, 0.8058601147817355, 0.9329687507838014, 0.1775213844722302, 0.8080753519330297, 0.09729979293728075, 0.7864057252951749, 0.9263787501448527, 0.20995200310301687
0.6136424763215776, 0.17234387275387253, 0.14348114278915847, 0.099938764814137, 0.397241133468866, 0.40965025276322187, 0.28986623293801406, 0.6557356367037294, 0.09760687466271267, 0.6742879897467974, 0.5617917202873218, 0.32978814871351536, 0.7432940576644611, 0.15556440082827128
0.3492141814539995, 0.8543602430834681, 0.3742750016466594, 0.9340881579426584, 0.11150949592616533, 0.8252179355308533, 0.10312825539358972, 0.7486383498491644, 0.5750228678637277, 0.12349409326089122, 0.23026286444848854, 0.9438704685795926, 0.23240779571979486, 0.961547059515248
0.04318926181399696, 0.6632497981168662, 0.42839616946559156, 0.917397810372095, 0.33028143486241757, 0.10491917376996107, 0.9847183102718267, 0.6556203813819085, 0.9039062122035061, 0.4305673622112748, 0.35858380228907494, 0.3323621779638497, 0.19208823481958803, 0.738312459108096
0.3085105014511771, 0.39295476546903074, 0.999158507796307, 0.8957934115407985, 0.5089595328928155, 0.46775997036572003, 0.7907126362062944, 0.6507142583928949, 0.7369089638255828, 0.6082385669924142, 0.5259174436096826, 0.35591153399940756, 0.41699770800920855, 0.7225989456424053
0.15721048051745234, 0.7760461296503071, 0.36223560705187285, 0.4527493160337659, 0.24135082595653146, 0.15490020423247952, 0.03262852002101857, 0.4348204758182065, 0.5970449054609075, 0.7128169870867437, 0.6954042416292541, 0.798719926483206, 0.22103676125482563, 0.1176151266933646
0.5285952940529125, 0.9419763895072558, 0.14173018671724935, 0.37146486796942957, 0.2327015047998644, 0.3540708921526321, 0.17046590620285207, 0.07018517774780364, 0.05229821162521309, 0.18498859505898746, 0.13018832679771775, 0.5339117173695865, 0.35784793038059715, 0.8801862225939187
0.12691427174341607, 0.308442414416791, 0.9125075543780652, 0.7240577085875661, 0.029967441424031405, 0.4495154182435701, 0.1841323211625039, 0.8359688459917883, 0.08492256810073229, 0.6703163513278267, 0.2962192986525468, 0.6555569667146824, 0.5848724354962545, 0.6407779788955745
0.6470349166772301, 0.8027486028089441, 0.4628625287536745, 0.6722762027786089, 0.07488031023542607, 0.8318612180751351, 0.3783757059063876, 0.2928998312150468, 0.6661241828341273, 0.860643482500672, 0.25470440268903816, 0.28516872211096156, 0.2512192637605972, 0.19572462592394746
0.7563119926949884, 0.3210070984987218, 0.7593968538590797, 0.4615739597294408, 0.002067344128740767, 0.9563643069488297, 0.7592255187092058, 0.4039988021821459, 0.8794163489790422, 0.1276405382360628, 0.08063302427161523, 0.48879135055528267, 0.33636046348706505, 0.572774631842936
0.20397122470290563, 0.029474400694385783, 0.17831520550829738, 0.7056721040112016, 0.4303507095856961, 0.5568763888651475, 0.41334260967684233, 0.36594797220353026, 0.12444755586315492, 0.9926689885336559, 0.9649714611521969, 0.134617213813908, 0.5725604772365255, 0.21679233094704375
0.5523207109082052, 0.9241868873574998, 0.00777005197779157, 0.5959641923592784, 0.17167063858316434, 0.7520563786786253, 0.9207094527368936, 0.26656245187418126, 0.13128207749346177, 0.631985454034591, 0.5963049623550917, 0.7558995143663471, 0.7958758831909852, 0.26560048567643146
0.898982451053399, 0.501271078235394, 0.7054081887471616, 0.2543710938893119, 0.26346859491106045, 0.2855423832372366, 0.5762249862735662, 0.04507903898161214, 0.6895776233781785, 0.8161382107101028, 0.25177791252214654, 0.6096757325668556, 0.9188293887942268, 0.7935794943313633
0.7868784178728879, 0.42359190615530307, 0.7739358346345101, 0.41047675119765614, 0.29273108920677915, 0.21818181095890843, 0.2761623777294139, 0.14650363214895312, 0.23099365928042115, 0.08433119926297228, 0.011357065089848906, 0.2969219460270681, 0.8122672010506437, 0.9552218061636708
0.42472099589400547, 0.9652614832235161, 0.6792309641572563, 0.6925820257980372, 0.2319334403005746, 0.05621783751981124, 0.22948083107803507, 0.3134346128862493, 0.40188405671777006, 0.8520623358276656, 0.494510445891159, 0.5484248680176222, 0.1714650044542435, 0.14827335449800516
0.6850507695488833, 0.02408400815319156, 0.831450330224789, 0.5586385928654889, 0.14793879376849373, 0.6268385821553405, 0.18293428064907113, 0.9097931477845237, 0.6676263929722238, 0.9290463219922457, 0.7210544325667473, 0.5337766130650007, 0.5063320381642893, 0.5782893536257528
0.5319429539115567, 0.8136055435686648, 0.25762219089408356, 0.6855981498130355, 0.5870792237511401, 0.015252529721907715, 0.8504636910067352, 0.590397162450819, 0.6532373565209483, 0.9698493065737487, 0.43818949391080875, 0.9203921554611748, 0.37276783725305584, 0.5291810779260903
0.949476411641354, 0.6208928235411418, 0.21658485935720695, 0.9262568408961179, 0.11761213567701811, 0.18947728975217748, 0.3932424304075651, 0.630308798225327, 0.9614417158384958, 0.6044790545872936, 0.7203936802607463, 0.3015375825276142, 0.4603836512726184, 0.8713608282618057
0.29576240641455154, 0.8126316232906243, 0.8368077772226311, 0.23815763792080302, 0.9234019938486752, 0.7182782100378153, 0.5736470977522328, 0.632986205422774, 0.10959720191150968, 0.15491630248365573, 0.9685246659475746, 0.8208377038582704, 0.20587926144646018, 0.46942678873308996
0.5384651952311685, 0.6446159610195503, 0.8914413370109762, 0.37358993594420264, 0.16927581223980848, 0.638337756076359, 0.9258606461092269, 0.7646253633360968, 0.5586185269070176, 0.6575812322347997, 0.2163232867917334, 0.00921125402735401, 0.786557996017568, 0.7772824947065214
0.020997890830013244, 0.09464625405475546, 0.17249822212937638, 0.5213131331327102, 0.6072805156760205, 0.007569588943910466, 0.389280476122809, 0.8981032322582576, 0.725814787359271, 0.692696651383023, 0.12596584344928763, 0.5261858762387591, 0.7181005943676345, 0.7843968948231582
0.06619467678054936, 0.3934382530909093, 0.7230161914882787, 0.4023461541025919, 0.06519981707860234, 0.2149373300592019, 0.37894189638937004, 0.09546150998706404, 0.6877948482570573, 0.9618171534275152, 0.0937480809815946, 0.3930267637712771, 0.7530452825160451, 0.6417066727466768
0.4650933614524737, 0.37652799487684563, 0.34676253222054, 0.7470247598943952, 0.3379498878152085, 0.2190198723104213, 0.965798775210085, 0.6869000869127777, 0.2150086637567481, 0.5217169642730366, 0.1323477846587897, 0.3526233433608025, 0.38139758316751926, 0.17289062173346714
0.7194891710929389, 0.5400080754277109, 0.12216046149596782, 0.6817415023146709, 0.22616177781821123, 0.7191069953058222, 0.34430256598938336, 0.6673743220854146, 0.9032819383811931, 0.24546070469442272, 0.05732037113425026, 0.2596859315570983, 0.47899367968675466, 0.4239072427789362
0.2885738196800426, 0.04348063732796026, 0.7916775520478442, 0.27837684343560787, 0.8737319318229068, 0.02888437658685372, 0.3286108934331622, 0.35179328026795975, 0.16563402047362896, 0.4351780957307091, 0.9504918891423891, 0.8395139853776437, 0.9315573168857613, 0.06832859671536584
0.36316964798960016, 0.578135150540673, 0.7425285193396902, 0.08506225785580557, 0.11242127246965616, 0.40858855683082607, 0.9598509191319375, 0.7841220432695272, 0.7881900837756359, 0.020596383055117906, 0.34310950717598965, 0.2893212284181411, 0.2102479223399666, 0.9250733059500595
0.7919192569163294, 0.7394366463189583, 0.2429802782984748, 0.9755341095747846, 0.5551661068235737, 0.2393794906101624, 0.367699948672079, 0.3796412492769031, 0.6591120131252729, 0.7145645109754517, 0.5606526728944354, 0.7541942046109712, 0.6068000499238007, 0.2794468523645386
0.23286589868517982, 0.46040320568067583, 0.045010911439518964, 0.5550079648463546, 0.9259084290546038, 0.45565556839582844, 0.8368731315109937, 0.2289570037861276, 0.9894806141353344, 0.5335213297663375, 0.6005289551771907, 0.3020413747204058, 0.2848081463372034, 0.8874244751170105
0.9311829401010298, 0.829884528388404, 0.959681074428542, 0.2152392724593637, 0.7111015916729088, 0.664332245700882, 0.8089514390092681, 0.5163362350578671, 0.15112621151303607, 0.5369605465907962, 0.2899863752447671, 0.15053978216253705, 0.6709990160045813, 0.10709963949523948
0.18445951194780918, 0.42178476217554695, 0.25627274498896546, 0.916160504303879, 0.41725042479244157, 0.31373714040784895, 0.9970220999931694, 0.8617287223464639, 0.11488754644416155, 0.21682252375650157, 0.8626087111456014, 0.3848835758878961, 0.83848840963838, 0.9572020735974407
0.134091861984174, 0.7656020611540651, 0.07184631406145225, 0.1943189873246809, 0.675694822915609, 0.7185381656574404, 0.5333926916002378, 0.30564636601142026, 0.7486637866625212, 0.8510073962850828, 0.3669803946514604, 0.9743537942129473, 0.07776336785444915, 0.0937089192699041
0.7218902406370383, 0.23218801868190486, 0.05445677267681437, 0.13818277795740652, 0.9988512246515155, 0.5715562896467591, 0.8887322246542644, 0.9353787521884463, 0.1482482566097464, 0.8632174310106427, 0.7518274791980992, 0.25580419705297985, 0.10979206835447175, 0.3649904339145569
0.7891436543581271, 0.8166570486735666, 0.9774482847999054, 0.07689017237091134, 0.24537370364996225, 0.5737777404938843, 0.1463546024252147, 0.8228371241276666, 0.3177141560138682, 0.9935738395357235, 0.3660528734049878, 0.8720860160548817, 0.3148951481381197, 0.05681602171310307
0.5967218098436416, 0.7941702958105169, 0.3659896670160877, 0.8278053824583491, 0.46528806222221686, 0.9432647306105814, 0.6520894517354263, 0.3695904741283589, 0.18976852308703807, 0.12899186836357024, 0.6698081929343409, 0.8333220759452085, 0.052624667727416585, 0.6765287969712026
0.116653412055438, 0.8045553617721264, 0.13343007411350027, 0.3631912142839845, 0.1755874833409452, 0.6899002008215925, 0.09087918092634972, 0.11532907527650604, 0.402987576095303, 0.18334699759935835, 0.4500845421548234, 0.874212492094119, 0.4817078595366868, 0.09872708939113573
0.04614185187212938, 0.7925154017701053, 0.343128873706275, 0.290019294567606, 0.005985502777328233, 0.6414141705721903, 0.5429964468704794, 0.8737917283971859, 0.12049158073597266, 0.6594887976742687, 0.4845298955789017, 0.19205491743579706, 0.24004736573321817, 0.6985849596458971
0.24339229549607533, 0.8602480529763445, 0.0409460213132109, 0.3696809884985417, 0.8276538488120405, 0.534521471521915, 0.8239120907868567, 0.4651760688860981, 0.8280254460055669, 0.2300697651956033, 0.09077023001672202, 0.43162115643433285, 0.5825465636632922, 0.16071966107951396
0.1132510235746298, 0.3920214301363921, 0.8306080900895493, 0.5724840648542815, 0.6860736394470396, 0.10377006888777618, 0.8311541690864184, 0.7242552759421916, 0.3021793049969518, 0.9886088183265962, 0.11006544600179968, 0.2577677073387593, 0.01856935664260695, 0.23293063772413902
0.51120264795035, 0.1315695569314641, 0.8244183762805953, 0.41659734216450306, 0.5314329889221586, 0.5535576712782113, 0.9120803215927237, 0.7361991449946119, 0.3087256354693001, 0.034137993514480214, 0.5587450870329138, 0.15402826502243006, 0.8772619389303563, 0.6169793929678435
9.61458797707e-05,0.188039634278,1.68135252932
7.11963295812e-05,0.219746755836,1.93024466801
1.27285880829e-05,0.338748051301,2.03579391797
3.36335754556e-05,0.697344447409,2.10819932153
0.00748537345018,1.20764914467,2.56626670668
