$x1,$x2,$x3,$x4,$x5,$x6,$x7,$x8,$x9,$x10,$x11,$x12,$x13,$x14,$x15,$x16,$x17,$x18,$x19,>>f1,>>f2,>>f3,>>f4,>>f5,>>f6,>>f7,>>f8,>>f9,>>f10,>>f11,>>f12,>>f13,>>f14,>>f15
0.2810289488515232, 0.7552749005743875, 0.20958481408289503, 0.2704040508826811, 0.5079905710186491, 0.40669449028776067, 0.6299285129793291, 0.18920588749910117, 0.3361620900869991, 0.7212661361742588, 0.47706161373821787, 0.046673112210553036, 0.6033612774806121, 0.6756521857680672, 0.35533021066722226, 0.6742919947843307, 0.5219993795464153, 0.15306100253635613, 0.5346515254047228
0.4076987383573183, 0.2779778028762085, 0.47386748369942333, 0.0022206737377443164, 0.319396122620602, 0.4868969524105356, 0.5580338850796227, 0.45789463953110604, 0.4818451757358149, 0.7239828355396416, 0.5448134306457646, 0.49278919360234597, 0.7665789241729395, 0.5822335369872055, 0.6626260093310694, 0.6632184624371604, 0.32706628999681686, 0.5739888089650018, 0.26082457904672884
0.6261159195740658, 0.49680465621012826, 0.8940907535811721, 0.3750621878575381, 0.24734749812693368, 0.2096295817797234, 0.5923602803785599, 0.31490662363399885, 0.5393102630565774, 0.3964902314983403, 0.5634756953148454, 0.5769720558824631, 0.3569166505796652, 0.597910860054321, 0.09526470426577216, 0.5162446766889804, 0.6274591573828253, 0.5048439141358454, 0.6444079718418574
0.39056527325870277, 0.6522023849118876, 0.7841593207383359, 0.3586673946061063, 0.7789797516628998, 0.4044455578561983, 0.6318975038150398, 0.5405319292911582, 0.6459478884871908, 0.5093184843569529, 0.7478988799047509, 0.6070853199531595, 0.7756005354066136, 0.5276838747235867, 0.39023644549756004, 0.5236460456345667, 0.6299849742079597, 0.37073092467580604, 0.5746020910279956
0.553856323228911, 0.4435472292571544, 0.5217622838003259, 0.5437154313469865, 0.537232558660732, 0.24495902457054214, 0.8814463626092863, 0.4944568236091498, 0.68562676011874, 0.29321526442324464, 0.42635029786337386, 0.6770153988446596, 0.36267039225400466, 0.6284575290581977, 0.09000405929904093, 0.5332715236636766, 0.24580755426701645, 0.7469869322447837, 0.8204511392071104
0.5335968947713529, 0.4745518772722318, 0.66633748677586, 0.5622646852968907, 0.5088055397456048, 0.5506100830983404, 0.4555748164872401, 0.5960849286052528, 0.7590826985465494, 0.5355053072453146, 0.5431820185596913, 0.3958678960112394, 0.6893072172220063, 0.7295311854765408, 0.47613843278379836, 0.6342624635079113, 0.3515819124014372, 0.5455995823948404, 0.6457793803971862
0.6598238352018381, 0.4566196321211676, 0.5583813982341868, 0.5677423120268317, 0.37611333176100176, 0.683383388138301, 0.4182277212700633, 0.7804774530507164, 0.37104316464089704, 0.29252075320337245, 0.58114002296868, 0.42791275502342707, 0.4022176814882414, 0.6828242256322397, 0.34461217989389176, 0.22317454829960343, 0.321762157865667, 0.8087076364684797, 0.5321002260080633
0.4767976316223889, 0.6114688891235531, 0.6862606786736816, 0.3648007665121744, 0.6144276283398471, 0.4781989359194693, 0.6917121693725056, 0.6083313679869378, 0.4997142128392408, 0.5901231801938385, 0.47888636544578017, 0.7225094466694513, 0.4489734411228965, 0.33272557911444767, 0.43173647489172484, 0.5738549898031267, 0.12419488448430605, 0.43534221378127597, 0.38686274646424096
0.7132867901799665, 0.3930050178325303, 0.47238571099818927, 0.3133852198430146, 0.5882506306056345, 0.538025315748162, 0.6264563394676543, 0.5076024997120574, 0.3826322096617717, 0.7474110990620434, 0.38507766506080193, 0.40243513681665755, 0.30795315306899795, 0.8340000646957866, 0.4875647843950534, 0.505748053041903, 0.8529742950428265, 0.5657891318797413, 0.2959381719166634
0.4043421243758159, 0.7167107418598595, 0.6277921383434117, 0.5657224032619168, 0.4221663567838544, 0.7773706841501387, 0.6868944382392672, 0.5503272406478853, 0.7162452689020861, 0.3023334761653014, 0.5412962869598453, 0.4437741286651157, 0.5904311611869913, 0.3698637799237031, 0.5197817697511855, 0.5118295932579284, 0.26282765864535396, 0.4589798687913714, 0.5933887672120535
0.3824041330866731, 0.4119776488004463, 0.6136139988713638, 0.50505740656531, 0.4276914493067857, 0.565604577585588, 0.7353698940109532, 0.4594172387955914, 0.3877302968260334, 0.6577606928595296, 0.4117274590110619, 0.4766138054488277, 0.5446220070891143, 0.5268559950459737, 0.6397520341940319, 0.6727402416536813, 0.5166897609350869, 0.25581374554599023, 0.6606798989239382
0.2864139361270731, 0.42972654111343045, 0.6312502072084314, 0.5811215214932923, 0.8920417030511425, 0.5769029589304204, 0.6108902796205459, 0.40068854021456585, 0.31424804635197456, 0.509466523609689, 0.3748846071908806, 0.3767038651805158, 0.5567233182343311, 0.4425515389910157, 0.5770562626185768, 0.37994181785013464, 0.634709268293294, 0.21916082037107543, 0.5189218617420505
0.5244087278929066, 0.341845868922126, 0.29290096489902145, 0.42482979740675064, 0.4265153488004181, 0.6317129822029863, 0.687974684824962, 0.4991487092442038, 0.5302530014595846, 0.5183783966619087, 0.3464604770265903, 0.4471574844286561, 0.19642918924594988, 0.6792304324240053, 0.5664781102111256, 0.17792993381071837, 0.5005962001095524, 0.37827471717747485, 0.5361370960810943
0.6957856753383017, 0.5636466850737425, 0.5240321483714845, 0.7417013563962176, 0.4542203053268014, 0.1752557339577791, 0.2090117578680767, 0.39087345492377257, 0.535709081305163, 0.8677837429281774, 0.5597129286491717, 0.48089519538594094, 0.6810757093008126, 0.7133939906299356, 0.36242306665606616, 0.21911751434057075, 0.32613876676023357, 0.7673963069390699, 0.59669642926653
0.5387535625790003, 0.43870557206924826, 0.47488361539851975, 0.631375900441487, 0.4506861623359427, 0.2858981184218654, 0.21375009589415667, 0.5167060805263983, 0.48856562216177485, 0.5964799109803692, 0.7005985082343192, 0.6026582280697222, 0.3013963343590924, 0.3069909880492546, 0.7860348840807769, 0.5545526161143125, 0.42732578128864007, 0.5300525096554117, 0.5069648676384152
0.45028617195513115, 0.7600828563488186, 0.5102411882765546, 0.9695842645627737, 0.3649591650808859, 0.30967589380187344, 0.4293167224279041, 0.7058798986542897, 0.483703838701386, 0.22609574526765247, 0.47862784399835895, 0.7522752962178765, 0.33435614733580116, 0.7167537285445569, 0.6061998943660017, 0.4299965544126686, 0.659848920974389, 0.6863258456764373, 0.5294936808039711
0.680832939453098, 0.3230365367966725, 0.3786256874848046, 0.5204811388523535, 0.6394638265655517, 0.4818162630821529, 0.4617704118914163, 0.22501605554556897, 0.49834082850185696, 0.37155721994963503, 0.5601223412227722, 0.6430437340424939, 0.2536975901678827, 0.6838753670038834, 0.37973761644573467, 0.44473003083025103, 0.7625545641247444, 0.6859952972428183, 0.5802126495383779
0.648782558718813, 0.5424023232871664, 0.3220223022523608, 0.3859256164876231, 0.5618477787445673, 0.2894219036271134, 0.6892327840353603, 0.5756899663723741, 0.5492688346981978, 0.4206244935216554, 0.4544720639585889, 0.42319220732349894, 0.3078915385033869, 0.4542721995902629, 0.37181889548654135, 0.5487189911097583, 0.4257094578569574, 0.5060625764476888, 0.8059034424909839
0.44278053462989847, 0.19968009973772416, 0.4345584603616507, 0.5165376007839331, 0.46858289413062465, 0.49786957271489934, 0.4101762566991135, 0.5448529731187155, 0.40059350531686344, 0.323870093309628, 0.3146922441844343, 0.6872224905642672, 0.7186957153615977, 0.5623902316083494, 0.5389062261940377, 0.7506009473079929, 0.4432755705907261, 0.6620420610297467, 0.7376866885315758
0.4536557536879946, 0.5573256008958122, 0.5138683780522675, 0.38505797621951104, 0.41551909971963424, 0.302791516632144, 0.2431529834435724, 0.25166137164492575, 0.2282632556251764, 0.5522717510030137, 0.48392437297045116, 0.635426373010049, 0.364451793435303, 0.4796117009913604, 0.39940492932028704, 0.469578524288187, 0.600419343453753, 0.3541649850344073, 0.5471192775663166
0.2110724775346936, 0.6387001656744723, 0.619590405710213, 0.19241704911658863, 0.5340116331297898, 0.4501103089390483, 0.42862674656084443, 0.5366113721848166, 0.6214840629905279, 0.27826140253164383, 0.35022211458255914, 0.5123730871682975, 0.5629320337697676, 0.6933698845168275, 0.4471314835476001, 0.22319771440480052, 0.2024096363094846, 0.4281721426144328, 0.5425775165690908
0.5920785889133264, 0.08871477916947312, 0.435332977361535, 0.3496532407291822, 0.3725375414427789, 0.4665242992336537, 0.7124290578208208, 0.5442978978384028, 0.25095546449742717, 0.621146717910027, 0.82354982891557, 0.40463303478370843, 0.4079246157336088, 0.49213036104575086, 0.2601721030486955, 0.5965122974994327, 0.41840913431875304, 0.3568954429985455, 0.6429452671379554
0.32784478217839763, 0.4978786681828845, 0.40833984482894103, 0.6993552103030373, 0.534203217898706, 0.517297379528426, 0.3109913747365091, 0.5581256204962428, 0.5225565291924451, 0.35729619405963475, 0.44137811415330724, 0.6541109360520083, 0.5106704078721439, 0.25687837092898197, 0.6601689612867938, 0.8245149761030094, 0.19900860804161147, 0.5153810980177163, 0.4894163214717612
0.518445634686883, 0.36742530721628075, 0.6186705007728684, 0.7920897364160957, 0.33724301085021896, 0.5357615353675143, 0.5620927136633407, 0.37046763216358647, 0.3612122438729639, 0.7508693226710156, 0.10283367985286584, 0.3872287824282564, 0.505839661288855, 0.5660422347675853, 0.497300438076518, 0.46164181914870206, 0.3502935070483089, 0.5408651531195536, 0.48536047024139584
0.28531739322669925, 0.34261732566987174, 0.6243646121092394, 0.4486753621040428, 0.2277909899239549, 0.4149698223415362, 0.6794947651912723, 0.32450188083008347, 0.36316499706791405, 0.6586868001367137, 0.7152739142484017, 0.6117575994725275, 0.5284257765585827, 0.3589750167249716, 0.3768897105374235, 0.1295601108661399, 0.7102998153234139, 0.5327281031388177, 0.827363873106276
0.846137627575805, 0.34182469215194133, 0.7885969834843565, 0.538907502027997, 0.6045484399701568, 0.4893916022607631, 0.7041995071210316, 0.4263446132852894, 0.7346997576691163, 0.8384617473688089, 0.47098524635457983, 0.44852767627302076, 0.5265804481474571, 0.713941501922337, 0.5285506514622579, 0.4525491451126533, 0.18351763847651337, 0.4109754956160263, 0.2844924683437066
0.5416296022412499, 0.6799937675009607, 0.6014248741788808, 0.6796666306168198, 0.3735317909832742, 0.27617668167072207, 0.4445024606100502, 0.4080514039884565, 0.5651757176104111, 0.80451514957965, 0.2699096518844915, 0.2647545280750275, 0.5978701925538412, 0.36153161952291274, 0.7382819674243184, 0.41897414621157375, 0.5883067368893495, 0.40768564786730666, 0.5812822614189688
0.4923752564699304, 0.4428951081051521, 0.5058492627844716, 0.5567044088303513, 0.6567409491084883, 0.4024307806379048, 0.4908789741466705, 0.47852271776059446, 0.7155550225278372, 0.8210175937082578, 0.6084172793062637, 0.5779603090660611, 0.5062352229458549, 0.507325414073758, 0.37711997864255786, 0.2696107490615645, 0.7288103051716555, 0.8105183193756589, 0.7331348917031806
0.445690814775603, 0.43203362296690206, 0.7048953455388672, 0.1876318130162551, 0.5385297063760921, 0.56990286028002, 0.5350383925427139, 0.4911206546684224, 0.6425568142945098, 0.4259937165277135, 0.4135585690086428, 0.41654574880335093, 0.577586071151701, 0.7013068278054686, 0.5374820199168093, 0.4677864870778673, 0.5702528319902391, 0.6036556292140407, 0.8430372678002592
0.5037741121090912, 0.31187959563981765, 0.5893407990304137, 0.5488539285575303, 0.1414990637039053, 0.4377217334891325, 0.39966727843655864, 0.7931860324305526, 0.6174096637456781, 0.2845394359672047, 0.630260838481072, 0.4001027269164982, 0.5349869919730954, 0.41229587774441284, 0.5870194649637976, 0.5072181591731856, 0.2463910375655204, 0.6610141301726131, 0.35290737124947796
0.5281421217634852, 0.4744428145346692, 0.4998725928854114, 0.29302667284638395, 0.42407697892121465, 0.31644253628761293, 0.6535455061013193, 0.3763102748556907, 0.5454031253603544, 0.6915518608016072, 0.29227979473243615, 0.49813320022376356, 0.5532235550423212, 0.6066530894428019, 0.4712483362444635, 0.42494752425821125, 0.6323700974700559, 0.7118226487428057, 0.7909120771300224
0.5427150459753803, 0.769885413971641, 0.179563597743787, 0.6784349845299451, 0.5570308449474901, 0.3034773072612933, 0.298133874094815, 0.7097126950931822, 0.6073605158585378, 0.5294654453164264, 0.5182557172770021, 0.2767883728324749, 0.5224265372856786, 0.6051242836387427, 0.4101719209644564, 0.35431663337001684, 0.6924395861725768, 0.7163966921344331, 0.47361404159827797
0.32799392747141004, 0.5064117898494392, 0.48746933314460533, 0.6148409884536643, 0.5165472766253072, 0.5468104466006577, 0.35381360636135495, 0.33681973968044243, 0.5056377957555404, 0.7469665161395413, 0.4923307864476623, 0.6080639889790758, 0.7410829954183189, 0.5127237046400193, 0.5379566872050694, 0.5872597148901842, 0.6180594799181005, 0.56665205217232, 0.3276005462959073
0.6180175364599447, 0.5346649290966097, 0.6291706155225121, 0.42042292343810794, 0.41464290573171536, 0.29539740412670834, 0.12464398873512467, 0.6189829967117502, 0.610680881981851, 0.22842573922266385, 0.5648650832667489, 0.7266637743562542, 0.7460205188789535, 0.8692275544392002, 0.24931188798512727, 0.4596677582363243, 0.2440448668606145, 0.5826522768673413, 0.7193948185490885
0.5525605379921479, 0.5303742045651395, 0.3528462003923975, 0.42061309855885587, 0.5773651642982998, 0.4220508157410241, 0.42723368782001453, 0.8015056217062975, 0.36786319047550137, 0.5505261145053829, 0.37340536116283535, 0.2819196392605571, 0.6926296679215349, 0.5464653444967313, 0.5474870619415162, 0.550675885966705, 0.6379092564006414, 0.6865247695060085, 0.3861450403968638
0.4813633490083531, 0.16965168855746915, 0.6927615597246461, 0.3205389234951437, 0.56656622437393, 0.8963707516363305, 0.5322730591153488, 0.6992294096106734, 0.3933309068757709, 0.4317580295916819, 0.34016165875750803, 0.6421360843762862, 0.6357553124720396, 0.4015565909193206, 0.4258553055914748, 0.6381787816613356, 0.3594522028347434, 0.9506558679212207, 0.49459428671614675
0.5051173710290796, 0.5401230054637531, 0.6915278670715727, 0.5321120892980106, 0.3371574699277583, 0.5358549182572845, 0.2628677839419964, 0.19681758329903076, 0.3272513628643239, 0.29151431270103, 0.6399713380293248, 0.6591393487066801, 0.590421779703975, 0.6181173840278771, 0.39925746555537056, 0.6240635570616808, 0.3359800162934101, 0.4766743820602198, 0.5043249759835662
0.8040614429150662, 0.6691905180496014, 0.30455894147258855, 0.6995132602754139, 0.5006976110157448, 0.43317563833474354, 0.37563069119422055, 0.7926257346533975, 0.6548332598857658, 0.4831696802934369, 0.5002463239589087, 0.5218615964534926, 0.5795776706400392, 0.4759680372978832, 0.6034069201291993, 0.5725026911928494, 0.6711253399982477, 0.51527331932031, 0.7731565180479423
0.4867733439891629, 0.6361437521274793, 0.5642081660784455, 0.5365884503062067, 0.3510335799386948, 0.5215499259089975, 0.5424391873463585, 0.6221780999105251, 0.7900858177851531, 0.6401650043923016, 0.8555645027298454, 0.3773909043601408, 0.5985686917642596, 0.7484976084249586, 0.46556976394836813, 0.2681126048348574, 0.7295656554138017, 0.6021163734614179, 0.7739232417974338
0.47554589861319885, 0.5916287702195595, 0.3075865334058866, 0.6255787336868, 0.7197684827542401, 0.4316720211249538, 0.7153785033983906, 0.7630856761200534, 0.461842531710662, 0.4529991819723142, 0.6378196395463929, 0.6449796562392099, 0.5403974230128799, 0.6002347332735996, 0.5289590049693669, 0.35616951525041407, 0.5068199065065474, 0.37716091245403716, 0.3065649775854109
0.552052237524113, 0.43201209046077277, 0.4057778455041826, 0.08228954719594339, 0.5894367366160291, 0.49179861116134677, 0.43393452818027367, 0.7756983960174295, 0.398554508820383, 0.607837538072246, 0.29761852656142523, 0.3757193536262493, 0.39471217940504166, 0.785997117820986, 0.8384482525677215, 0.447375237113124, 0.7274043088598682, 0.6545092622226407, 0.6908639262277234
0.5627039750015014, 0.32841379962210965, 0.5280817107657124, 0.848859713710146, 0.45368818975096303, 0.4988094427472441, 0.181412262429001, 0.7103409962031396, 0.32911590799673657, 0.37712203808808453, 0.6302783028615739, 0.7484003160733188, 0.3305807068198783, 0.35406838034216737, 0.5681098544090513, 0.4198478851364293, 0.6631053512834204, 0.7368158958825488, 0.6330723264904705
0.3686986772943693, 0.6841074760152372, 0.836786589337951, 0.2583972555192732, 0.5228589509478258, 0.61642275531822, 0.571556987721525, 0.8845267421735805, 0.22224751137963406, 0.31867290870764375, 0.41791130037286695, 0.4783847613382973, 0.39684671705816316, 0.5525391755446682, 0.30481584841804965, 0.608502416076858, 0.4666077512832786, 0.48305500537035034, 0.46796822373915636
0.4895110516567017, 0.25303491515811993, 0.2930300028667925, 0.8779257318182873, 0.25128862769995525, 0.8709547018762995, 0.6197692010131549, 0.5667788272406238, 0.19060404920461432, 0.32584466518017835, 0.17680833851758854, 0.6317695547143043, 0.6544501124772645, 0.1632877624550521, 0.6095046357077926, 0.6407249176138275, 0.6642759539584698, 0.5297092109297152, 0.6138104580126061
0.5501666054182535, 0.2567560955231357, 0.5716407845273428, 0.5360474521912768, 0.7424705079063395, 0.6353749363946068, 0.36046397630298277, 0.6967516704521524, 0.39200561295840874, 0.621127118295633, 0.2915393674986123, 0.6972219310468031, 0.2746757888022933, 0.5491541043376216, 0.35369943829753486, 0.5475041421053087, 0.35642729883060664, 0.6583570149459984, 0.4530513917950123
0.3512927965821677, 0.6430083722803874, 0.46643698905818237, 0.2567810249630374, 0.2733106905771034, 0.5457822565306804, 0.029219878281353306, 0.28107114454947557, 0.5354945751180206, 0.3831866235352728, 0.6455587702519799, 0.6535291969747814, 0.6616644191138675, 0.3629362837860112, 0.6799870082120786, 0.6011672130252738, 0.48822032462024134, 0.7225222396070385, 0.4925285890240221
0.4594229152739676, 0.5136251157678747, 0.3155817995469662, 0.417481026385479, 0.14889636096154896, 0.3183734669824757, 0.6105690078420625, 0.673583986742838, 0.4135812186308573, 0.21906054508383543, 0.504329838388695, 0.426624982228503, 0.0061624371285444735, 0.5324370953938892, 0.6171560627191642, 0.3478591750500165, 0.48592136604112673, 0.30412481071212116, 0.47646502751729636
0.6246236707875854, 0.5214814084302035, 0.790526217124137, 0.5355786075981381, 0.3361407395041846, 0.6045986707278053, 0.7316175502771818, 0.4365518326956774, 0.43564634120081314, 0.38510825195813886, 0.30901765438809853, 0.5501767450752282, 0.6659354896614424, 0.530604405653584, 0.5201763861315567, 0.6227850128434907, 0.4196505555620593, 0.5654398226586267, 0.5304913280034133
0.6177801945767487, 0.650412326736649, 0.5333478446489156, 0.43742940675746467, 0.29054832903395317, 0.5513231459055236, 0.42865376494388846, 0.38518664546450315, 0.8679216316387678, 0.5748299158094394, 0.5199088402538803, 0.6871887181586286, 0.5218735493660495, 0.4126428335957837, 0.5103918564575973, 0.627129761330597, 0.3952563397483101, 0.4351543161977397, 0.5930179365312963
0.41498794539927236, 0.39762278514268423, 0.2960134053224973, 0.5385602248571698, 0.3062613672131116, 0.5330597162722831, 0.29803765128305737, 0.48283522503228254, 0.6870857039994239, 0.28489816381597616, 0.6534550109795194, 0.4893877151077912, 0.3185930131725106, 0.7318285591781248, 0.5340909212049116, 0.3672045338460246, 0.5306331727483719, 0.3974453821275371, 0.5927092948841935
0.24621145244522946, 0.7076925360577926, 0.4487255623720471, 0.5713774917514108, 0.7058949020359658, 0.5070484184828729, 0.6667988631597215, 0.35065042846006733, 0.44066900590382113, 0.7229793440789767, 0.5864671531099885, 0.38073311342500843, 0.3814437268948023, 0.73958688005843, 0.6552676462995257, 0.6389793949606182, 0.7700782394224577, 0.4256103233163089, 0.5283627032297389
0.5051759351161794, 0.8330520094548568, 0.3475515667244143, 0.6173620956015823, 0.7229267421113607, 0.19223794558672536, 0.5617629974662732, 0.5270751105675348, 0.6660558220626797, 0.6592920168038569, 0.7661792407932008, 0.664975156852574, 0.4911984862859404, 0.4773757753162888, 0.5084921500554882, 0.31090650163054157, 0.6249300501331164, 0.7972601809341722, 0.5086386181815575
0.5881534665544582, 0.5710412062679718, 0.6280615538294159, 0.6126804409444826, 0.5999435453729471, 0.5092915692865693, 0.49697710401278433, 0.34815942682813755, 0.6648174679696978, 0.6740073434369145, 0.4129066189879134, 0.23738625327302232, 0.5735205057294451, 0.5644782979615388, 0.3016857821234883, 0.33466524493537053, 0.691041343778769, 0.7266824104685543, 0.7250648615084414
0.5661326112143527, 0.4023478316185528, 0.5618679805284169, 0.5988572936232681, 0.24695419190137657, 0.36062110579270246, 0.6118766931296726, 0.6586738241143638, 0.4751401927356035, 0.3749337988843864, 0.5826238553980265, 0.5389689709831458, 0.3525173932630725, 0.5003356663495104, 0.47340685113929004, 0.49481215635056447, 0.5581384507187297, 0.4212896238185507, 0.4248012530140326
0.7594705158541035, 0.3278976679125418, 0.7155297543872434, 0.6615612224513445, 0.4203621309191411, 0.3813528390539682, 0.4115554927078907, 0.15522431731902597, 0.4776910324383387, 0.42794550791812713, 0.4394739102472713, 0.5336246672481927, 0.387960763501671, 0.4731641880243251, 0.20847049140240548, 0.20868987935271133, 0.41395140673404085, 0.41431049997690006, 0.4975787002131928
0.6939182543829354, 0.722948025934816, 0.6082246559772257, 0.3571235490802459, 0.3380431731788819, 0.563823889052937, 0.31470917886720495, 0.6437317702873865, 0.6424137566816795, 0.6735521861428133, 0.5985462395105389, 0.5274713100874301, 0.4959780918265989, 0.46148686297661495, 0.17965377969755947, 0.41126151643975617, 0.28249766770553, 0.5007523490894616, 0.4716588372261559
0.1143122804637397, 0.5610508926646658, 0.3701839962010762, 0.6009984173243171, 0.4602534362007034, 0.48167822259286575, 0.5816729227153389, 0.5229147967414578, 0.8500060275433292, 0.533430822986316, 0.5377514070181908, 0.33442660016731923, 0.6214312389069573, 0.49548479642827065, 0.6358037886966156, 0.5900680499215434, 0.6462253629341382, 0.4595262112311101, 0.6385683927215495
0.27701430906902724, 0.26455354767384537, 0.46625886558468654, 0.5691518776529603, 0.32055319802218146, 0.47348321829255, 0.5061113529812878, 0.42596748547820334, 0.20080369003494536, 0.6880169009668046, 0.8063135418505236, 0.3109819976453128, 0.738294358680684, 0.4663214097143169, 0.2884260569817248, 0.3291057699975862, 0.394324944729751, 0.18526263081121364, 0.721829676550918
0.5789074444024304, 0.4408017999269114, 0.5239862967166485, 0.5320682332934245, 0.34665373011168354, 0.35663354239874656, 0.4864892992058562, 0.5094913261641218, 0.29738549149801013, 0.42204452583680635, 0.2919524557768415, 0.5261186872614355, 0.5730501535033476, 0.3744966186941806, 0.38903038446590077, 0.3604722759354494, 0.784130388541135, 0.37630716497266087, 0.491806271298353
0.5165357021655229, 0.7692271123201596, 0.6204907367385126, 0.822096269674518, 0.25887496713321656, 0.5285497398792557, 0.5421832505096149, 0.33165170538866756, 0.4815200325437663, 0.7036415868715111, 0.4440782254644251, 0.6870529136650402, 0.49326493590491954, 0.45690102611558864, 0.7409764746226074, 0.47920875592752415, 0.2686729559176634, 0.3426826324072527, 0.234065669912827
0.6130610668088036, 0.34124464464786497, 0.5073087283479685, 0.4660679246866707, 0.37323543296949463, 0.35114841956526094, 0.34726828393814857, 0.41833798909656184, 0.7227306225341583, 0.2651965766964148, 0.5317502646279926, 0.2468058272012365, 0.7345325042134866, 0.7056944001546439, 0.5183955334660982, 0.5756629627036673, 0.4934162109870273, 0.4388309818479978, 0.911849594186148
0.20497424824062105, 0.5283032514565537, 0.48727316220023437, 0.8030836535425361, 0.3459307240905106, 0.7111649306091856, 0.5556499291057292, 0.6387929621578183, 0.3387318200460099, 0.77487565893451, 0.501955596702725, 0.555758865801623, 0.19498059245210447, 0.5625808727802414, 0.5362460204343211, 0.4949476655277585, 0.7078071222286354, 0.31276672363296254, 0.2667034377292461
0.3043840457072169, 0.2628020598584341, 0.3370549684255763, 0.30828638055246627, 0.4354982544419426, 0.36140133226832377, 0.12363558643431216, 0.4708440946380589, 0.5817612180239626, 0.6771022332956748, 0.7655716541515147, 0.5253026563676313, 0.684112869084952, 0.3026308942959593, 0.7550404483810257, 0.6824416776125908, 0.4136376144468725, 0.7096670902897857, 0.48619144693914984
0.5077419021122521, 0.5138299716212397, 0.42634031616357776, 0.5065728279590332, 0.37659568861174963, 0.4075437422274968, 0.47470491133453663, 0.32890484247813895, 0.3769710607894289, 0.6027694609603477, 0.7206259165412912, 0.6649764042405626, 0.46817011632352423, 0.5633914832983615, 0.7991783613813266, 0.581396949741654, 0.23155950909969053, 0.3636250651068901, 0.40614130213664457
0.26909623538158534, 0.4553288594167269, 0.5379745999867918, 0.37955623822088047, 0.6271212210148163, 0.5233598981850077, 0.29305795917797334, 0.16953340977670273, 0.4308754281920849, 0.570039868816549, 0.15113569564081997, 0.6521311108590664, 0.5003005054960317, 0.651814255473124, 0.622976135318357, 0.49023540414629285, 0.5403521604586761, 0.7977801092171877, 0.49306239261870044
0.7617318500749768, 0.5892894419414276, 0.32793777113254535, 0.1484808454242072, 0.49407969626861564, 0.7683300255540763, 0.6412322883688443, 0.4677352069513442, 0.3903517755234118, 0.45339629266373055, 0.22213437902686733, 0.5107546898344586, 0.5485555365228997, 0.4990643827640638, 0.7628629463632586, 0.9023493643812736, 0.587605523448103, 0.3567256679401061, 0.649446132922177
0.5463839602344457, 0.47745585625281267, 0.5838802287374791, 0.5131076041375667, 0.4850931387949996, 0.647001650590939, 0.28158661404139684, 0.5186718862501644, 0.4007397771701613, 0.49338499496976623, 0.7425469449675162, 0.4319825973452841, 0.6910457716748443, 0.39404250962034904, 0.8166670827119855, 0.3866231478185327, 0.6438909764634116, 0.6670779291772324, 0.7882720378291685
0.7528315667577599, 0.4802122172202087, 0.44669195132832057, 0.6749556736206852, 0.42000817023048936, 0.48354784305083987, 0.7970735536443102, 0.4482597734186467, 0.7153109416778283, 0.7802648786408026, 0.557236338255735, 0.4802518476440564, 0.6097691127784115, 0.29540875033505665, 0.6541318933880518, 0.23128473467821198, 0.35432740866839263, 0.8855473621595671, 0.2978804456198891
0.47553052999166656, 0.6329503950135529, 0.6191140019813698, 0.47384900056548446, 0.5473658721758529, 0.5446194055205034, 0.702364845916437, 0.42442764899750896, 0.6266022010614483, 0.17817603116526298, 0.28013725342212703, 0.5007556270979678, 0.6743208280978824, 0.505678066133025, 0.48968247607015564, 0.46844922787886656, 0.5188616186142662, 0.690518320261507, 0.3665172909265999
0.45407127385926815, 0.4836735463267472, 0.8348173428727537, 0.4841560324262857, 0.6787888852756764, 0.12105208709765913, 0.3922173098514399, 0.4166182939896025, 0.6683271193303196, 0.5337347540190354, 0.25433548211078977, 0.46523992813978843, 0.5779394998588847, 0.5010601153290367, 0.3752853543612731, 0.6265705727670153, 0.6562796592741016, 0.6705327538335932, 0.5405072674188691
0.5408018391808187, 0.5148778856274692, 0.3129134752750779, 0.6946142133233221, 0.7037744408828034, 0.5666116146630176, 0.5304996767311526, 0.3808412314824074, 0.5656580326907829, 0.49196260486477733, 0.643026402233045, 0.728939068304387, 0.49967238331558, 0.7484937857374191, 0.47590916797350735, 0.5269728453864222, 0.46204867293213225, 0.6686531595991323, 0.6588705093808782
0.3456637603515297, 0.4196218300600788, 0.5685182093721731, 0.4823212859810578, 0.4760802890263569, 0.4937156300938245, 0.16427712371762276, 0.6605115763635956, 0.339923822290774, 0.3733307643455685, 0.5712940942322139, 0.7223463027228906, 0.5829288080631059, 0.46915495085149117, 0.5612232687287677, 0.27500130174542237, 0.7319485244321087, 0.414122712425945, 0.8352386664795028
0.5325515875310292, 0.31383402878404254, 0.4470075947694522, 0.27431410812309404, 0.2820410087440184, 0.5139942199945954, 0.6775700976430497, 0.8201940608537829, 0.3503667336725972, 0.5650638462877462, 0.39033629442400314, 0.5012004729344496, 0.7752345734915183, 0.5323854159024779, 0.5098712114457911, 0.28768605192618335, 0.655572162924119, 0.57552546936449, 0.3596206369356304
0.6222575584809884, 0.38800944684467487, 0.5691542239524539, 0.7546283866928336, 0.4578917743619241, 0.4865367197352608, 0.4572502671807285, 0.626781235577258, 0.77764402393941, 0.6539148137836307, 0.27742015476511594, 0.4271223030117016, 0.7047445320481843, 0.6207272251439361, 0.36895343377783, 0.6741057196880109, 0.3136546112146298, 0.6599213785084705, 0.7933171452410063
0.5189406132573876, 0.5655503633431461, 0.45157728844983147, 0.5229303725592463, 0.29936620695293603, 0.6411485656817526, 0.26332245964562895, 0.7682875398638149, 0.5187575551971997, 0.5525673325038091, 0.7050349389842467, 0.39113724098251945, 0.4072982942124863, 0.6640403304183591, 0.6405253997590191, 0.46646745816392665, 0.7261199396202691, 0.4087938448923236, 0.5833471808207366
0.6875754734546429, 0.904860243497428, 0.6379431980717656, 0.6125060851794792, 0.651863099495798, 0.5345479512495108, 0.5401128264841655, 0.5461266547588604, 0.22943635283462271, 0.7162940358266356, 0.5067357747869295, 0.3733667731796426, 0.7606600976373137, 0.24324085884301716, 0.5834322292502565, 0.7142184875088049, 0.45501453693010235, 0.5385957551214707, 0.5964256741054015
0.5777098867901687, 0.7139277587449444, 0.37895266723831045, 0.5103737772736798, 0.4155466059641603, 0.6209813838693377, 0.8685160605180973, 0.8468276269212913, 0.2992865138949051, 0.1152345303830617, 0.34512222899533673, 0.3284365666045169, 0.7976847077401699, 0.3613165378975941, 0.5853639868010132, 0.8399800663137701, 0.7313219813714295, 0.3406143658032457, 0.3271156952610544
0.8546156940364857, 0.7593731867231043, 0.2929606417377561, 0.461958691428591, 0.7260610052800289, 0.5581294260416574, 0.484960474392491, 0.44591532516953747, 0.41651773042640616, 0.6217524295855865, 0.7302210209210932, 0.41982836969730486, 0.46631022239147174, 0.3225791464739787, 0.5148361503559222, 0.46203291316630024, 0.45024279959676394, 0.4594259352420055, 0.535301115901705
0.38500312462741393, 0.3732657609685037, 0.5568649846095134, 0.2338874834680899, 0.2551938986267426, 0.5688819952355939, 0.07785519801572244, 0.6127941399021726, 0.5698504231179252, 0.49370247503814835, 0.3815090727233929, 0.6745722385954142, 0.33263057292499765, 0.6145579214433132, 0.3057073817519107, 0.43670857920280176, 0.44761750050428883, 0.3957702165395365, 0.37978420374622146
0.47974043256812654, 0.6535634017516523, 0.5318739760382418, 0.6188058788040965, 0.29388737623557887, 0.3840562657886547, 0.6195874543341948, 0.5228728514542165, 0.625887482993426, 0.27417354644138603, 0.8915313554239928, 0.30076439213092804, 0.4783717844535396, 0.42155645629474636, 0.6882661541109253, 0.5108354504828916, 0.40667771310391043, 0.4748911886599541, 0.5298035880812958
0.8163289106037412, 0.6802570510357298, 0.4185423775819207, 0.6367173929253551, 0.36746937207776803, 0.4029658686829752, 0.5291882020635521, 0.5537999569478623, 0.4704740807496567, 0.6095918612126059, 0.4954445697431125, 0.2905095920753882, 0.649833219566661, 0.571862709612219, 0.5081005905967914, 0.8305925882734486, 0.6527647124632183, 0.5839725710909213, 0.310562885590257
0.5809939651883869, 0.498850168837117, 0.5958944448568233, 0.7227017684513691, 0.5374191619518258, 0.2860929384669618, 0.5006335133631702, 0.688979950570145, 0.38405573624406236, 0.42325125811220493, 0.47373683830556856, 0.4388433484569555, 0.45384871747598127, 0.7357999442585426, 0.5133074672000745, 0.44324032257367957, 0.6945338386156992, 0.28630552242142, 0.7972960789982453
0.325480395560664, 0.5806832937545074, 0.3715124524425037, 0.5040463801518726, 0.42009792967184656, 0.7000860324552403, 0.4776980946727644, 0.5933109967697296, 0.383151295636748, 0.37442363753571906, 0.21749342096854796, 0.6429405131542258, 0.2946399052523752, 0.8023202402747421, 0.5861129201223643, 0.5539257228855078, 0.4252980698036728, 0.16097280743635878, 0.41996989967474213
0.17054561985392397, 0.7453322620276892, 0.594277203825187, 0.7329769743725936, 0.5413684655526412, 0.30470011905720135, 0.23724693294671456, 0.6024631286285511, 0.7104799735533242, 0.661507754912316, 0.6008389711023697, 0.5669180242459216, 0.2483927220393316, 0.4619678682875671, 0.5409636450798567, 0.3764067159576039, 0.4054084479274529, 0.7493787310891784, 0.5741035984378436
0.5613729546368903, 0.47843266509020926, 0.6734050596804145, 0.6340195528785366, 0.6533457854622557, 0.22806194720284906, 0.48902649868530795, 0.5162871188668878, 0.45816122465089987, 0.7266048948805961, 0.32599173405139314, 0.21733960174124173, 0.7886454297932182, 0.34079557035392916, 0.7182599820317676, 0.28062979361683044, 0.6610822574745394, 0.6489117028474092, 0.4957311697984555
0.30632227211562324, 0.4055234878686468, 0.4434051112959034, 0.5167802240311258, 0.627866273081464, 0.4889070297161702, 0.42793495287526184, 0.5141105405634296, 0.6209160954730345, 0.22053567252860223, 0.6536154120281676, 0.6035468798066324, 0.3906763842864862, 0.3318653686064118, 0.5392769738541019, 0.43850435109749775, 0.3497489419111791, 0.2360888380525476, 0.35724844536894923
0.7554260624625215, 0.6369861516638413, 0.2781079447397779, 0.7404100457655441, 0.642156486647601, 0.6540255764089719, 0.5657790697206215, 0.699842838697666, 0.15068325736529653, 0.33851887271278636, 0.5118160138075278, 0.5401638124051632, 0.6359273174561851, 0.3681135625611752, 0.40322101646129815, 0.761243954423517, 0.5682523631750385, 0.5407705029943302, 0.5816632958537448
0.5618649276737487, 0.6188125957654534, 0.3488546441294295, 0.4669049984086709, 0.8394487188421926, 0.7444538778373879, 0.38625867508580697, 0.27972183738698353, 0.5474261716651052, 0.7648716097935503, 0.385592776198388, 0.6356523761310063, 0.28397176794110485, 0.5646245420797127, 0.4603528263374144, 0.6164355127696041, 0.613371255907839, 0.510576596016922, 0.3745262054618401
0.6053100107735429, 0.32929360051234846, 0.5044079594815146, 0.39295460635353774, 0.6479643507916404, 0.47125896963818037, 0.33549277359978563, 0.42868577687455844, 0.5485900516644464, 0.562190803461264, 0.4567140326371289, 0.632573732013842, 0.42415944762809293, 0.5000160327465544, 0.5228317183939762, 0.57585154791494, 0.6955720495795413, 0.5563000732932758, 0.561270125144011
0.6569288814892732, 0.6852935184903293, 0.43356576491102433, 0.44770506855147385, 0.5044153215423269, 0.2260534106777023, 0.5717430661310665, 0.5599495018644098, 0.4249994545426986, 0.33300831129569514, 0.5486515182617064, 0.48642632008725784, 0.6566878066966492, 0.3809548450038125, 0.6282688899510662, 0.6682373459313308, 0.543930437817631, 0.43904028538747153, 0.6023039985089764
0.6325614418842604, 0.5804116712251841, 0.30739921680171967, 0.3974035785844925, 0.3075264651437085, 0.6546083821629366, 0.5299883882635312, 0.19073858008640482, 0.5142232042683387, 0.4565321105255441, 0.8011757416981933, 0.595197858638686, 0.5662803398395111, 0.3330178161679111, 0.5102708523228313, 0.1283533899492324, 0.5166233744949141, 0.5333639688000468, 0.4653628890809183
0.5277209515823872, 0.2271325486179444, 0.47811317774903456, 0.7112836456418501, 0.1880475501096816, 0.4140041312033993, 0.28302259489341997, 0.5720685581819751, 0.44158548546150084, 0.6003304843167045, 0.666272849587339, 0.5713774202863636, 0.5079832478948118, 0.24086620963595418, 0.7291940100770989, 0.23370655097419435, 0.545788459383348, 0.3252874574866877, 0.29786840910227974
0.543606700411666, 0.4816128573846717, 0.5381396745617237, 0.25742626584850453, 0.45302525175231656, 0.3614526186575207, 0.34097873447550314, 0.33805365403628046, 0.4750509013051499, 0.4778465022348658, 0.6100435089873845, 0.5469922612354394, 0.2551353213429478, 0.5828060445682299, 0.3463270325845352, 0.4962218269340702, 0.3973572696398089, 0.5501299362970786, 0.738585850277673
0.5969994789188355, 0.6650146623081856, 0.7864577787117117, 0.7201849264321221, 0.6050327759362849, 0.5953646471525551, 0.41934605101741546, 0.2915842012680119, 0.675668182548139, 0.6541425068907318, 0.6438173742660979, 0.43304602059921093, 0.21949137200140328, 0.7217098587979656, 0.5565265047549276, 0.5796670236287438, 0.4949970081111204, 0.5882124132148221, 0.5783782498805431
0.28114166189708956, 0.5183893965487458, 0.5505605562782685, 0.30615867127016644, 0.5236496868812021, 0.02039170943963131, 0.8962245073440587, 0.7508104703882744, 0.43280628940827903, 0.626269891238557, 0.11169494544438974, 0.4151217706706495, 0.6743607947988277, 0.2284478834216675, 0.44845124228653005, 0.5760129201269433, 0.29488511600751044, 0.24073590173849935, 0.15917297352596482
0.5226178498971223, 0.28993843332343144, 0.5567068178594567, 0.5629399055525628, 0.34904705879623005, 0.4171708837744716, 0.31578949695219893, 0.618130964821619, 0.4411464220180167, 0.7788946733325474, 0.7794298956558422, 0.5452643698960059, 0.7170652000391904, 0.3379736893119509, 0.49802254613416164, 0.45411343924691805, 0.4346977440679689, 0.5228727086192857, 0.5646619561378696
0.3194497015189456, 0.6103654106771409, 0.5371107047709783, 0.5299692781789723, 0.6844765429787637, 0.6517537439455108, 0.7958642082662462, 0.712471709347477, 0.468997269493847, 0.5032126084591502, 0.2749032030330867, 0.35768552532932074, 0.48234264918823905, 0.4698552789397522, 0.2173061487881725, 0.4365120233405943, 0.6867313402384705, 0.4849838919573659, 0.4473956571133836
0.5679675296136116, 0.343999467943955, 0.600594056091801, 0.40499408229192546, 0.6145621097965317, 0.6156655864739047, 0.2543301769162014, 0.8306143088299003, 0.453256934171585, 0.6208272463027468, 0.8950962558151738, 0.3654684526997798, 0.2994884571770403, 0.5544358487721306, 0.4746599911189508, 0.16578063821363748, 0.663956716470549, 0.3373586793282959, 0.5058544632893776
0.5768963814437622, 0.43430412912583816, 0.6006297392421407, 0.2419112847075764, 0.9386298530064806, 0.043636905697063466, 0.4823064932955214, 0.6030357827320032, 0.4992627289120802, 0.4556346055097408, 0.6459282401264964, 0.5935193154731849, 0.6163768387760707, 0.3190902875025483, 0.6466417910271238, 0.6421102992276269, 0.5835963625665681, 0.5319349403970461, 0.5245278962611046
0.4469610884798401, 0.8941102610387044, 0.6091560881438587, 0.5092884287538214, 0.595104739373193, 0.581936360530511, 0.6258468775744561, 0.934650567470514, 0.6930161848186425, 0.46427112276259364, 0.4996228448820615, 0.6857946873664004, 0.18597077000848117, 0.4964571933314335, 0.35915849056645477, 0.5246637743790371, 0.6863949064774522, 0.6209867102750944, 0.8280556784319625
0.7615575447894123, 0.5841521574254764, 0.27341976881181573, 0.616197233547762, 0.3407201925973653, 0.4109679718725099, 0.2745623366752521, 0.38683511007055993, 0.4917036450618776, 0.23962713939584773, 0.5995501960026819, 0.6360594324191722, 0.8599365979147116, 0.41438915671557586, 0.4230187841564314, 0.6153413684711863, 0.312077418566291, 0.6830733562385739, 0.5463317655301223
0.8064545309645949, 0.5430126098849932, 0.37604551049135665, 0.39638301386896246, 0.28562227989885625, 0.2721635323764537, 0.33126272314972804, 0.4436516407563414, 0.6176902083562852, 0.6103151813399145, 0.7872558204098167, 0.15254031987005806, 0.9294743324858956, 0.6388024284731625, 0.7259381555195497, 0.5031721073733105, 0.4685811507031033, 0.12166519569730994, 0.7406147929408463
0.6014749187822208, 0.28297324816466773, 0.7577079664367852, 0.7355069841582172, 0.4753016013820642, 0.23497236263639415, 0.6262263037645909, 0.5323002633046194, 0.29361902538262497, 0.561867872063564, 0.36197123905315015, 0.39078893922524643, 0.7174942608152817, 0.2080335284440652, 0.37120125652130037, 0.7391286077235603, 0.2293591654509728, 0.45713512793237887, 0.4342858868210671
0.27276660380609424, 0.5620344386197751, 0.2574780679589309, 0.5251774552426884, 0.37970845794575514, 0.5700835048303468, 0.551323314527402, 0.41736685898898773, 0.3590281392230462, 0.391517322090968, 0.41679744849240785, 0.43526423460763536, 0.5120916686497832, 0.5122079984951278, 0.7859655973354995, 0.654864414827257, 0.6000848334107806, 0.7427574897041664, 0.5113078641687981
0.29283328043986645, 0.6604945986045989, 0.4279756660847398, 0.7715632008191226, 0.4929772982450251, 0.5330354385732009, 0.8181005634032711, 0.7468590579959618, 0.5782870756549102, 0.2381526071827631, 0.442145438798305, 0.20298751847156749, 0.34052336085443236, 0.6845699880675102, 0.10999988958564566, 0.3334878107708531, 0.3755763957570239, 0.74278421044188, 0.8224315992261897
0.5340153699043888, 0.762476890466665, 0.4083474401774122, 0.7397314759356715, 0.5614369510839702, 0.643743836835756, 0.2748042293625712, 0.45750513432478074, 0.2960017453366741, 0.5769601340225021, 0.5475260947258498, 0.3647069967263312, 0.2948368459153381, 0.5256057180290207, 0.5809154520844753, 0.4429461937746127, 0.33066805950967526, 0.5358147118172296, 0.444731466154592
0.38411485585199323, 0.696187507149507, 0.41549653683638127, 0.5183591466654227, 0.542680963604791, 0.2848722714924947, 0.498328076534745, 0.4634301381099341, 0.659377239415619, 0.20835072420391226, 0.6618932123365512, 0.8584618666350288, 0.5925812368603393, 0.6314355754240609, 0.667371929943344, 0.2887108300747273, 0.42556175071677044, 0.46230554714063665, 0.33087810048671706
0.40958764845765894, 0.5561852934076168, 0.6681534644519211, 0.479088467274424, 0.4114697689963438, 0.6035502631188356, 0.4318701712710411, 0.4267600780132587, 0.6148404972234047, 0.5076622970872013, 0.4517312191612054, 0.31807554087199574, 0.5526526553489237, 0.28332874420632903, 0.6567849845969487, 0.40829091969870307, 0.2604025850355285, 0.6567666320778749, 0.3555782682276702
0.2846563353270206, 0.20550669746856948, 0.30817184933668673, 0.29204308476382174, 0.5346419237685996, 0.29561876570932133, 0.37616595361344346, 0.5845703328712981, 0.7077814136864388, 0.49344342411929304, 0.6158059771257236, 0.4999522632812191, 0.39000254811948015, 0.31019786539201966, 0.20442737913916742, 0.19236822972937734, 0.30981320184586536, 0.39780672744515927, 0.3606224625519018
0.7982446436159649, 0.5755213046232615, 0.5957294239269574, 0.6678695527269382, 0.531595912034204, 0.5132265694023124, 0.4095709831908109, 0.6531357473122732, 0.46057338070177173, 0.45833097817289287, 0.7284107806080298, 0.21676151689632545, 0.45317021818399, 0.24858289297485903, 0.23882997082588397, 0.6332787573166818, 0.3227193543918588, 0.20498644871634242, 0.3707104163988515
0.4170186498021239, 0.5256080802370185, 0.3688552802514389, 0.511576904451456, 0.48986849532140286, 0.7017598247169714, 0.3548579715808069, 0.28916393879816893, 0.4355550137675613, 0.43327568113899606, 0.2931139610867255, 0.44383291792172624, 0.5245753881643063, 0.578664453259142, 0.2615969265318401, 0.8289963942205276, 0.43602930365345083, 0.5775756058609272, 0.5558429312997124
0.6735803519702006, 0.3357345948587136, 0.22918168155082913, 0.6124213899222697, 0.5018300177318872, 0.5076099995022052, 0.3262008979060008, 0.6555051974767816, 0.4239545473677747, 0.49917323406460185, 0.7096315727122835, 0.6389628230603911, 0.5622312109886762, 0.5671311330582056, 0.37472669395128677, 0.527830394189867, 0.16372080360628088, 0.37458096226658716, 0.6041323347652264
0.2745413883070006, 0.5278556512780403, 0.06669123934211146, 0.49280381770146925, 0.3842599179664987, 0.24275931896290465, 0.5924121497669402, 0.25403675537482906, 0.5756696742878977, 0.7086976964245962, 0.6752219161941171, 0.5841427481672418, 0.4235243465075572, 0.44801601607742814, 0.4091424496780188, 0.5233345141970005, 0.6132747981956904, 0.4777943406966847, 0.7765978288081669
0.48765977268132876, 0.2535356475019931, 0.10464148037027687, 0.5962955963559502, 0.5128907009045205, 0.5862712209602571, 0.5428699026518997, 0.6924123360466142, 0.37079995007360267, 0.7472360266455483, 0.23805290197566936, 0.6247376615659516, 0.3181048131365778, 0.4876911707127107, 0.6455541641335121, 0.6425119832254153, 0.44629800916386364, 0.3979524230366148, 0.5576085122799409
0.5107178754714836, 0.716554764110575, 0.18156909621642386, 0.4418812775628756, 0.3224098361765751, 0.48779766100867267, 0.5890985042021175, 0.4690663684632534, 0.3618495550535138, 0.5013309357268793, 0.5845565200833562, 0.3813304498994363, 0.6014074870197217, 0.4165324620819995, 0.9174367346620746, 0.6747531611961595, 0.6684318619180867, 0.4983304096443133, 0.39642516210068035
0.45129378313591606, 0.7697393500425225, 0.5065574509014452, 0.5135418328342917, 0.42691927529753154, 0.24840766842517326, 0.5036457387303135, 0.33032894994224216, 0.6346718510367819, 0.3923547889270861, 0.13205075672610816, 0.5351912228298272, 0.4349398759673214, 0.5234702842296721, 0.4837753008065496, 0.3017848673727918, 0.6977294316696824, 0.6545128239158422, 0.5642927836417533
0.5073818156917184, 0.3466721992197555, 0.39481387199933343, 0.469974257249882, 0.5315640665312077, 0.08186748464442428, 0.6733494451704936, 0.44906340871875, 0.5327566315552787, 0.7390479017984407, 0.6868694247595873, 0.9101038939452835, 0.35112178092702306, 0.16798832990820867, 0.6919508040559612, 0.5468523939940156, 0.49207675979924925, 0.7710133431661922, 0.5834356891257866
0.6401989355505052, 0.6774936474808166, 0.35202953529430236, 0.5459442214787994, 0.49399512490064457, 0.4839607263561355, 0.27906789416128464, 0.32118998577446745, 0.4074907136355143, 0.549186686505807, 0.5360088556365254, 0.3081432678273195, 0.5231600670477493, 0.48828970546115974, 0.476213155334718, 0.833886226579722, 0.36206839002743296, 0.5733668411020925, 0.40175249206142216
0.5063842575004079, 0.46474005901443727, 0.5219624953601512, 0.4324608881190606, 0.9452004249715323, 0.7030934102087694, 0.33567185277139755, 0.5776546787606566, 0.427626079637795, 0.45602974443129474, 0.353460156263017, 0.2016314100923125, 0.4141197031069945, 0.21898868807033095, 0.7187324707034118, 0.4006790951728231, 0.6451330424207016, 0.20916157030500193, 0.5599295159988509
0.30205524745592494, 0.4872968193286363, 0.5980198910538493, 0.6750783044124713, 0.43437363029054266, 0.5971815198115388, 0.06300902509594641, 0.5704847558169367, 0.6191905526732744, 0.3592334770425045, 0.47324381502657265, 0.4561004868569159, 0.4271023632812505, 0.4347795371085731, 0.5384210342209087, 0.5433216550463943, 0.5877958548274929, 0.6343934482892554, 0.4645625156350833
0.40202825361900363, 0.3553537620739314, 0.43137489440542576, 0.2947003626185088, 0.3959490418474122, 0.2756114047982265, 0.781015832385688, 0.5891210805213707, 0.4977665754832573, 0.8948583766377927, 0.6037661836801403, 0.17788354037202675, 0.3908938723576374, 0.5741798116716113, 0.5602772270369676, 0.3922636591335453, 0.5771200341462712, 0.5981864425320402, 0.4801868502321719
0.3981058864491145, 0.6193450707221313, 0.6834487362182513, 0.504169914221751, 0.4972962753133026, 0.5088041011547132, 0.42208128996288347, 0.32444379750037805, 0.4092452730125261, 0.5360768890583554, 0.22942486237932608, 0.7478165024395866, 0.5793372158653113, 0.2840507982215293, 0.29351715044387294, 0.3961460485748356, 0.42209601335963454, 0.6685436682886037, 0.4676563833330265
0.4151160465920772, 0.8233019495414726, 0.36791612653448225, 0.5426602471500739, 0.483300999409492, 0.5699261081145345, 0.4263227183792663, 0.7668612630965919, 0.6192819248968006, 0.5985964021787648, 0.40892163409292887, 0.7048292466464482, 0.42654983653141687, 0.2892414958338746, 0.6770925614692918, 0.4830068983532894, 0.48125933341609567, 0.6544320898409988, 0.542642038466178
0.3241469834833299, 0.4679252293679269, 0.4064381973308382, 0.6716500816766848, 0.4718822034143843, 0.8960770553016799, 0.5111937438157125, 0.4838164556581377, 0.5797804337165804, 0.44790318374198757, 0.47047568475163537, 0.4690368710821451, 0.6158205733312649, 0.4735814290205319, 0.25616216761608657, 0.5388290231830448, 0.3092358071858511, 0.511340659457057, 0.41164325799351087
0.45492404019913124, 0.376833853974313, 0.4737768901284963, 0.6233809992057235, 0.4429437058031156, 0.4290591832055244, 0.5169909278621841, 0.6052828222553647, 0.015409966699574174, 0.42258322919558855, 0.7322990559375248, 0.5826389283162773, 0.5746334536192376, 0.6765627224780347, 0.6481767688695508, 0.47090838526032175, 0.7053278936005101, 0.5531852925196944, 0.5097593104623186
0.5057076658820284, 0.42085441747771607, 0.3116214467059959, 0.5173816489744532, 0.716146447763528, 0.48763558479889235, 0.57446220895221, 0.7608438454818384, 0.4365546955159379, 0.49142061866773773, 0.6015767126245906, 0.9047495136160563, 0.42204213618144204, 0.3771797976741381, 0.7238796845360791, 0.917687855144746, 0.3929737659190321, 0.613696653644843, 0.470543146794817
0.4608129259512497, 0.5272049785029725, 0.479230926499297, 0.45325465179137425, 0.5604124796470027, 0.43095522742042786, 0.31595377918360545, 0.8188132889217091, 0.20051891260201055, 0.6629001243297012, 0.657202617437996, 0.6420909731758038, 0.7168396434320259, 0.40792136271280055, 0.7262729716603608, 0.5887037049449642, 0.36480311201364807, 0.5573748603546479, 0.5916424535918698
0.37818242866143265, 0.27299655744092666, 0.7008280421427957, 0.5948396997899061, 0.6146178308597177, 0.34870879397084864, 0.44159968413562445, 0.9849575524043079, 0.41532185764100293, 0.7669809332610799, 0.4220412915772434, 0.2838463588128489, 0.6279663809648113, 0.5352968241251606, 0.6188623727786835, 0.36269570173977544, 0.6518729243409105, 0.680726281056065, 0.630427003682141
0.5381441943514459, 0.6525254549192984, 0.36259048072869987, 0.9182769334543488, 0.45684750078124947, 0.06170230084440437, 0.5363326505380662, 0.6461932969009543, 0.655405575435246, 0.031682397840289755, 0.6083188853491136, 0.47069353242046796, 0.27604988646671513, 0.6262383709591411, 0.5564638894455088, 0.6305058839945543, 0.476984666035421, 0.3844766491157636, 0.16815176407013144
0.5213686206769863, 0.43236826576385123, 0.5252899967410241, 0.6971363729029211, 0.7716134873300977, 0.26754248921052154, 0.6697500142665999, 0.5066871039297941, 0.41490598232340753, 0.646545151286455, 0.18765368719178044, 0.5137208966158657, 0.457618097295768, 0.5084308166914556, 0.5824998944479811, 0.5914976658343669, 0.36786665532007345, 0.547429115782908, 0.7948738150575977
0.572427313362722, 0.5241311791891162, 0.5705878679904508, 0.2683295231302158, 0.32008168388589237, 0.3606182522129374, 0.6379254044762019, 0.5583119716464695, 0.428415260563475, 0.4139778775806574, 0.6326937433548259, 0.2586387666185084, 0.3635165127290992, 0.2575871352405305, 0.5569527831712793, 0.3346030603408848, 0.7076147201340232, 0.7785917628094454, 0.3717238257406914
0.5317726308388954, 0.42539789693580093, 0.22655616990264987, 0.35091542201670634, 0.27323468060863765, 0.46230469544039243, 0.4792739081685093, 0.08897692240487304, 0.6539922172170285, 0.27625226457504215, 0.30369720065379, 0.5042825530852606, 0.6964201239850676, 0.47840721323194774, 0.3265123331679954, 0.8848431477808352, 0.42061441599947647, 0.660898516391047, 0.6154068719742319
0.6371426418602539, 0.3033242509976774, 0.5392945739583157, 0.3499955478902732, 0.12784516387669542, 0.13615504851015336, 0.5947992789602377, 0.3071928057833738, 0.25210627329567314, 0.6498137545594043, 0.5150261662584874, 0.30876170278685344, 0.3268849047292964, 0.28564150757019185, 0.5430835403225577, 0.22268429456218597, 0.5026678923167928, 0.5659755681769821, 0.4215550507678111
0.48663977096539923, 0.5888117840214887, 0.31302141003935235, 0.6638187128899931, 0.5056254687990446, 0.3033466297169003, 0.30212087428825524, 0.8339064430261666, 0.47482823759068554, 0.5578024626569721, 0.8195160061076253, 0.5582244756946566, 0.5496886005562333, 0.5656114489627974, 0.7322373036056287, 0.7231520972816223, 0.7050921864563404, 0.5507224453082264, 0.2694627420031804
0.5060580258445162, 0.4558906439998444, 0.4415413945442804, 0.559588797150564, 0.63801443641755, 0.5567553648089457, 0.668369106326526, 0.6983996066797081, 0.6722595018636459, 0.289661988886275, 0.7895507135180662, 0.5061324711367895, 0.3321052151536083, 0.27482068060259857, 0.23176222807517816, 0.4105671590854879, 0.238888376039601, 0.4993798185778293, 0.532289432774946
0.40147832467329303, 0.6398048494951263, 0.7817830592196646, 0.5488167072229801, 0.5867925595902674, 0.4361824773139098, 0.7600122914477128, 0.6149793082031894, 0.346673928342513, 0.43454994186323326, 0.4392291709456561, 0.49369204832726354, 0.49680195677321914, 0.5835395969123355, 0.6638624960075943, 0.4504245369315466, 0.30275095894649573, 0.2972385568806359, 0.6860488970930397
0.5504647401594501, 0.8864916741646165, 0.49468412335393863, 0.521591251169641, 0.42771098644134653, 0.7474877516422003, 0.6763570861944344, 0.8246860030032187, 0.19363988835087337, 0.29839434669256915, 0.7187593611961934, 0.35059899958510804, 0.42067903857986266, 0.3588780684727195, 0.3178432430130458, 0.6609442264353276, 0.08157253452538593, 0.5646897686812753, 0.8082910824108729
0.4807313744969106, 0.6360534572897818, 0.48902537569708204, 0.6645517686828661, 0.6247071579188676, 0.5122309908327064, 0.4615395769982903, 0.5399692950797381, 0.5858808012065815, 0.26132352825483535, 0.636476174684105, 0.5320472734192885, 0.6793605869617438, 0.22273197439211045, 0.40858554190145335, 0.498401663142356, 0.6509678390439813, 0.5160853258967095, 0.3004436417359342
0.6149210043912263, 0.22648020055768792, 0.19360307689804623, 0.897362991621344, 0.5750182152194057, 0.5836950306451127, 0.32530132970116377, 0.2832185920394213, 0.6389667782354022, 0.6049406965407763, 0.6802162077072901, 0.39393185771283773, 0.7348198344424366, 0.4111869217789973, 0.7833686052730247, 0.4185690930276146, 0.32512339220151204, 0.48227683181558273, 0.5897644603215573
0.2071368603882029, 0.6261540554966606, 0.6581905949932415, 0.38229520405335876, 0.3746899994309204, 0.518778269246458, 0.4892748326972799, 0.27764824131329857, 0.8132603864322308, 0.37388171434477824, 0.1593033031619976, 0.47329634909293933, 0.4940497815865999, 0.6353331377584754, 0.45356062973545663, 0.4508351132505767, 0.601951772406788, 0.5969505811051874, 0.32868488857933037
0.6905145296582145, 0.420923460236582, 0.7466562506852765, 0.3222187315770356, 0.44196093812544057, 0.510789535623233, 0.5891820076632198, 0.7882710234210313, 0.7558800021089624, 0.2961351536900798, 0.3270751101590468, 0.5464254871042947, 0.6655205402048414, 0.3220848528700502, 0.5289955114843038, 0.3151312370145239, 0.5327968790034355, 0.3771230432934751, 0.4171083018437417
0.3604700895593582, 0.6562207665123058, 0.5269556810147543, 0.35066824255823825, 0.9370755651866919, 0.7077480852488736, 0.6864474834080478, 0.272294089398961, 0.3774920449926825, 0.5695850112055051, 0.531910934791494, 0.2837739243289149, 0.5058592068505711, 0.6587233336048532, 0.5794824102650679, 0.5419297600126312, 0.5464715102284916, 0.5887271079222556, 0.38340220379243184
0.7850191064738302, 0.5589110362855518, 0.36950327091160073, 0.32855911372730173, 0.704090424792879, 0.29209146283798537, 0.1542685991802421, 0.11503723828061019, 0.6079280406403202, 0.4180204143200955, 0.23335333719997603, 0.5552163229850386, 0.8585307285596169, 0.4241394902377531, 0.2194388804019617, 0.339108506190754, 0.5425161361982803, 0.5403928189325522, 0.407720258191248
0.38016095732081545, 0.5981955939168339, 0.4479297580335943, 0.5837522021186548, 0.6463883618129556, 0.5087396545401189, 0.46211712281156825, 0.3512032512341792, 0.3948330515224534, 0.41932246254200456, 0.730478842861201, 0.8154562123695435, 0.4052523828473882, 0.5235018531164316, 0.6153797632622563, 0.18349252312491793, 0.7801748266483501, 0.044178424367106284, 0.4439384886395258
0.39109008762783964, 0.30224799807116387, 0.5859618041129899, 0.47466232480189774, 0.5544029461020263, 0.8597489565354995, 0.5196028312767411, 0.5499465004393747, 0.31535133166862234, 0.5301044789473892, 0.4280878637762678, 0.5054772471456143, 0.20334861983150632, 0.6175380194415547, 0.6481921770825608, 0.7869102343613905, 0.3400740276716461, 0.45831992673433825, 0.8986725424185515
0.5103207740722996, 0.41733011430910516, 0.4582150642806624, 0.48244623606721687, 0.28596626292875776, 0.7532692406216375, 0.6373674576463596, 0.27973516440645946, 0.6216505615785572, 0.6372800086230598, 0.3994298560616104, 0.6729517852654405, 0.6121245805123653, 0.6589822005013197, 0.5303715978077362, 0.5742738021758197, 0.38175951793457163, 0.13735124886679423, 0.6551858695557287
0.6029931197865459, 0.7909715044560679, 0.5642847924820785, 0.5510027631167713, 0.573972994393632, 0.8121463276004499, 0.48741492484331345, 0.3102920980275251, 0.49413927153168935, 0.5286005280042387, 0.4184125911547664, 0.25788268593361896, 0.4730788458742835, 0.5561778299109238, 0.44043137990659326, 0.3072454592643579, 0.18185802893830427, 0.4847151553464863, 0.4528330222161437
0.19971410015295998, 0.37209778328173837, 0.5588898319883091, 0.6977934935523897, 0.5537495192683173, 0.7086621740626661, 0.45748913889155607, 0.5128925904906031, 0.30852526722871354, 0.46684454325797875, 0.49341977310729906, 0.6601913783907001, 0.4533115940360212, 0.5442509012948366, 0.49729922986370534, 0.7484360973294488, 0.4552111274419354, 0.5754481425624822, 0.4683088874783512
0.35134105222221435, 0.7595204428948195, 0.3897039747721359, 0.44057171172959947, 0.46426843998994227, 0.5056125145003234, 0.3656554785850932, 0.14273427931292648, 0.5806053500094809, 0.3739044520291267, 0.7848753642341714, 0.23908816848335745, 0.4177276533295803, 0.37480600410578, 0.6046850379971284, 0.48245331733160235, 0.8083747115000144, 0.4850627630388998, 0.21247976087236303
0.6424800523672357, 0.6894350395014173, 0.586939673538489, 0.5089593315839545, 0.38084208092875205, 0.6233372107970723, 0.4773304129031186, 0.5777998825701129, 0.22508397757419002, 0.5072492811176081, 0.5173398403902258, 0.5578461984835734, 0.7044673292790704, 0.2068356351335654, 0.7454937400790593, 0.7225244875459148, 0.7817535452935674, 0.656144398742534, 0.6005067951761945
0.31613852215254856, 0.4113109395358916, 0.44184838523527614, 0.8155111791462152, 0.6230676295068165, 0.43860266945445314, 0.4817806518171742, 0.6187385216114593, 0.4221722752448068, 0.5917156032325706, 0.5463099891420985, 0.2002609348206279, 0.7882301161482075, 0.4652938229175125, 0.7504933229261039, 0.667287239792378, 0.5625880440389533, 0.209887869808482, 0.2980218710276015
0.4875336544231687, 0.5229293153831225, 0.6245584704953001, 0.1431218701376047, 0.515131566494457, 0.6531216594053147, 0.5650369452802607, 0.09235258745274111, 0.39144270615894, 0.4810181451192471, 0.4090189468894062, 0.4045958547165025, 0.6999840043874805, 0.19461654083350272, 0.6398287251484746, 0.4387806190400844, 0.14931814270886457, 0.33209143552296566, 0.821493847446298
0.7033895629646119, 0.5777580835016101, 0.4869720932757576, 0.5522036151983315, 0.9078144973911002, 0.7545789182085741, 0.6796901250118241, 0.4984541297116458, 0.4498318861589985, 0.7108949234157678, 0.5545191199581807, 0.6935651249756073, 0.5571534054303408, 0.8257146981842398, 0.5075254212446845, 0.8240461393783702, 0.2111174809827992, 0.5435261178565612, 0.4426624752047068
0.6320459460460403, 0.561958342029883, 0.31612936344319825, 0.7404265744175766, 0.46653047007179127, 0.5686643552323102, 0.37947952368725896, 0.3661295096150069, 0.7537447672560088, 0.3305477123417272, 0.5960109518618637, 0.3687483687762338, 0.4676439728416525, 0.3432220698260654, 0.6738132161070525, 0.6800836029307032, 0.7008343110375042, 0.2656637354782655, 0.2979385495840592
0.4619945759806442, 0.5442770409967066, 0.2394882205805855, 0.653177000856478, 0.46436321071479164, 0.17098428108377806, 0.8570298586217662, 0.35645341399304115, 0.6101825780817498, 0.6395231895698145, 0.28024642900959956, 0.3830807131131984, 0.5379395075398973, 0.735465131412865, 0.9034849661963786, 0.47565499177963455, 0.6699391616050093, 0.2655011879136596, 0.619972580021241
0.25986498157384996, 0.860929963115218, 0.3201675695355386, 0.5163269979679861, 0.7228410283535671, 0.6134005434351758, 0.5886748506953645, 0.40112731574604776, 0.5896023466130039, 0.8793766104254009, 0.5290754753411911, 0.35919393952568374, 0.5313380132842597, 0.3271802965928841, 0.4752209881885042, 0.563894497358602, 0.6164401983849745, 0.4735503543874258, 0.5405043691481346
0.9129292378965392, 0.2802691974135706, 0.38940321513832865, 0.8904665148774072, 0.32549596899564226, 0.29847237688260864, 0.4875175516289428, 0.513432522510641, 0.14458354697932124, 0.6314158253435601, 0.850702162204419, 0.5965148052774725, 0.41592272145937503, 0.4523588688267087, 0.6524064184630369, 0.5712068442294878, 0.2871013024517709, 0.325464625550819, 0.46717660469981287
0.4610881797783418, 0.7340265649974234, 0.6046087769651619, 0.6112526831328482, 0.4266439001636024, 0.5677039520268029, 0.6223832051764374, 0.49563631472449693, 0.5589044988710069, 0.6301420060300513, 0.4230221107079394, 0.4696625382646922, 0.10373006934284412, 0.16125446142148236, 0.6053241211508218, 0.5037816420455721, 0.4521485908982472, 0.4218960376239275, 0.29494903881382656
0.6122948772438017, 0.7304429269237822, 0.21843173476791583, 0.3251869557081422, 0.4340937940294881, 0.9217741200768295, 0.3978445947348226, 0.7311962170082991, 0.4955762067787246, 0.47557993826132455, 0.49254513252451704, 0.6567289407600626, 0.5131540142763095, 0.6264751731134331, 0.31459520662782553, 0.5398970519155433, 0.5230426908285151, 0.486540203868587, 0.3277041753850552
0.631657789882071, 0.4917958673489016, 0.6528462182716777, 0.5569433457907628, 0.4070894786960392, 0.6498245388574431, 0.514791314273186, 0.3340681511111552, 0.24706007371759792, 0.5039600086780753, 0.08556069034673275, 0.5303242494279938, 0.6245497024659181, 0.46659091392964264, 0.48324972088140267, 0.45155347232139126, 0.5670257623715046, 0.5798688977120652, 0.653139954976737
0.4012240182882001, 0.7392623429582964, 0.9851728345568275, 0.4339621519698096, 0.6777150152661976, 0.23804015144309398, 0.26942894031346515, 0.7407625182266208, 0.3807266194757897, 0.5751508821704449, 0.38366831097145626, 0.5552861903476058, 0.6644539772405049, 0.31527243426644347, 0.5519836443304238, 0.36316138538668097, 0.42345445072795973, 0.74048836511953, 0.30492230078000465
0.4635405630373091, 0.5389397665752526, 0.7892809713630953, 0.5991808168452432, 0.3774860008233018, 0.38170496592360004, 0.3671039581863448, 0.472747769864931, 0.585313529023166, 0.6656310426891476, 0.34775069732143826, 0.350819012191646, 0.4572855028586247, 0.8071407341322471, 0.5355462881518099, 0.5675104650798083, 0.7344476743422207, 0.3621184117381131, 0.5433991976101374
0.3428181714443889, 0.5934246657154243, 0.6500661965111201, 0.5065827362569448, 0.47840434469193793, 0.5229167760065986, 0.597931932610545, 0.3505947574478495, 0.3796641178902639, 0.4185045165366283, 0.5616392703871947, 0.5518581118951795, 0.42919778036031486, 0.5053444907883025, 0.49105291148809577, 0.5641179812394093, 0.44019155320686043, 0.26424016388532784, 0.48403996078677297
0.4351369654679199, 0.41811122202432793, 0.4960604721668254, 0.7025526404847774, 0.32628158796137063, 0.32318085982556144, 0.41994653062829157, 0.4356925021224802, 0.49832384221121545, 0.5864559732618574, 0.3796463583089672, 0.5110949144187688, 0.6898048698847454, 0.330849960372164, 0.6026816062103281, 0.45918253409652154, 0.5628263943765505, 0.45270623996807674, 0.6690221846412027
0.41943651495118905, 0.5250536235503953, 0.21161941086216834, 0.387582463783774, 0.4627110129181689, 0.6117723134631624, 0.9052436271705298, 0.6363461302869811, 0.6278642093076197, 0.38376509376994916, 0.656253799513733, 0.522790982521405, 0.4827365013653484, 0.5324177948142726, 0.7216968347804656, 0.597386677200656, 0.4931952108356492, 0.5772425824579517, 0.29901057438333045
0.7130702470621386, 0.6470375550172476, 0.5463745530776476, 0.5104284600918382, 0.285274084061877, 0.5196203080916607, 0.65645777254423, 0.18245826439503293, 0.5516822498760631, 0.518306497556867, 0.5940508816931054, 0.6370233508664487, 0.5365781644439893, 0.043518200257940565, 0.3377139284320504, 0.46533213946441043, 0.45046467452229577, 0.42343153867663486, 0.5856296195492565
0.42843133389999244, 0.6349507220204166, 0.7217136383952616, 0.5207092620052746, 0.3521540625669561, 0.40958011066612127, 0.19765404443458312, 0.498750159759269, 0.4196966535892578, 0.6290991085111715, 0.5952108808913579, 0.6533889177394463, 0.4698104207596465, 0.5486784795936654, 0.551622786097052, 0.8698594285668162, 0.4662017278276518, 0.5101191278842526, 0.4366436208088579
0.1311259524653875, 0.35433789392159265, 0.6060373775964104, 0.5259811833165838, 0.28079358081006744, 0.5008235080953524, 0.602124334714909, 0.324046011985899, 0.781668242485096, 0.42739981008119177, 0.446635535418826, 0.5278815653006602, 0.5116023296806494, 0.50138255041015, 0.5555545377608917, 0.7207753938855088, 0.26203880028355275, 0.5679944418115839, 0.3905996208077811
0.4646856924794058, 0.530607548212165, 0.6465179920486561, 0.9274897387351378, 0.4365316535715237, 0.6255099005227648, 0.559463852111494, 0.5764836584707974, 0.4847354068331794, 0.1881048278936639, 0.3618762689395409, 0.597412333638419, 0.35070735286086663, 0.5807443931936358, 0.5105257026514537, 0.6461834720037671, 0.4545219396126449, 0.27009168419784657, 0.3631911347379211
0.6623741729597222, 0.38363030048285535, 0.46138642353243997, 0.7547326662131092, 0.48405792240784745, 0.4537994636501898, 0.5707376401196078, 0.29890713156628196, 0.6543484160775737, 0.547974067726297, 0.682661549735827, 0.61082084290043, 0.193345612226472, 0.8072000569004893, 0.7523135433658821, 0.638170085909116, 0.3606951407748493, 0.3232422727884331, 0.5335718169299728
0.6047011444427574, 0.6119427126171476, 0.5787345060135141, 0.7135191316726526, 0.733418410154187, 0.2726159270525701, 0.6312479208817645, 0.5813986692431299, 0.2807001428194498, 0.5331115553949107, 0.154604656286438, 0.4965640141536527, 0.48256079836695875, 0.5804313492589859, 0.7691200504385275, 0.36432865897825806, 0.6316400337304799, 0.6889105130294726, 0.5730890001393462
0.5555356977564899, 0.4571483964866098, 0.5932172902866455, 0.49765352606057184, 0.4753732739810368, 0.4341113747572641, 0.4945066831892396, 0.2176455461966681, 0.4054055400517076, 0.4499833291791162, 0.2971672191189241, 0.2634986777745896, 0.598240010173107, 0.6519211144181878, 0.2893282369648073, 0.30055310087659365, 0.47275290832545086, 0.6124117507109839, 0.27350000502548855
0.3214211293975023, 0.6015794301022469, 0.5150922480015093, 0.725545002654454, 0.30208160898267844, 0.21605819914842833, 0.384667017226151, 0.5603380400035218, 0.42323948865631733, 0.5245232200227727, 0.3651768777021114, 0.361949120269862, 0.5315542804270145, 0.2328528058501798, 0.6626736455273003, 0.293155269767185, 0.6164585754996, 0.6287860371330692, 0.4112241227300971
0.4697464864490481, 0.08626580411255363, 0.16854382270244872, 0.34424544249265215, 0.5140136501468772, 0.5806205903501368, 0.6629516283297727, 0.9180064376130469, 0.6280196293315636, 0.5410193508101259, 0.4797563032836508, 0.28413730066920007, 0.298749199158836, 0.8115204894136594, 0.6627294335468406, 0.37122625769016715, 0.5728711323325908, 0.5167716320437225, 0.6795731636140558
0.5405148480883899, 0.5577571898857994, 0.7471873086853731, 0.45294170552663743, 0.42447574873266464, 0.5378227438703549, 0.4728403589755578, 0.8163988049896169, 0.5241966839175903, 0.4268585299414176, 0.310682269391904, 0.45147230534451166, 0.2955438424317187, 0.6382041961488266, 0.5107029312122647, 0.43059133528199117, 0.2814391055304686, 0.4523822451862657, 0.8073227733371525
0.6240364282180524, 0.9477982458349625, 0.296356505699619, 0.44460746493212944, 0.5714062198895338, 0.35386674688786046, 0.4663033682801159, 0.5717753839523518, 0.5367316465113801, 0.44604334165298754, 0.3897796439952663, 0.8829105564999767, 0.7601511254041873, 0.4833100676232868, 0.35472747588637743, 0.3782810480017663, 0.9661781896303809, 0.6734099033542571, 0.5862913070219116
0.36196921542951577, 0.6017323883823522, 0.45925110228709304, 0.61718530117964, 0.6262890843060035, 0.6417315243789518, 0.18857263347092373, 0.3041680582246785, 0.6459329003110031, 0.6993674402972558, 0.4629260260063446, 0.7101300394165238, 0.6206550398803071, 0.450103025000835, 0.3133266172757267, 0.5924858349022175, 0.7521706115917961, 0.6310058730453739, 0.4196770169994655
0.3509307676802552, 0.4821227817899459, 0.4974867756409557, 0.6476062974312774, 0.401563427042412, 0.5056072374754559, 0.7013313870023099, 0.4089648932767681, 0.38661488046348924, 0.6483340998063466, 0.49417537761710184, 0.7163082981092566, 0.5259177723085304, 0.6528962845740741, 0.7624433584022566, 0.6250080246812655, 0.6288391698803057, 0.4139237949929831, 0.7746827813204856
0.7074504218371818, 0.5724185961827907, 0.35511428091484964, 0.41292308318009885, 0.429567163682984, 0.4710873499553655, 0.39732487995878935, 0.451854889246166, 0.4612456307560007, 0.6200442822327614, 0.21600729272840913, 0.18071362339239055, 0.2260115938667282, 0.3838217922625401, 0.5804409254142233, 0.5767884397010592, 0.5562356930623726, 0.5379773301647324, 0.5386136893833154
0.2552112737997033, 0.6134670602108452, 0.6156849704241005, 0.3471278988411325, 0.6690198178747848, 0.3006911597801566, 0.7399766822151881, 0.3696530701589823, 0.2872213711438623, 0.5366847913693585, 0.6010208746146913, 0.8070159955826195, 0.7004796005006984, 0.31929287442014265, 0.585436119139837, 0.5046337332035485, 0.6867914411016054, 0.3362679731653736, 0.5569226156683654
0.3076542382001163, 0.5821598448876195, 0.6765290701816291, 0.4389357103379019, 0.4005131995943873, 0.606171103873961, 0.549800932102937, 0.7155485932841148, 0.5995501466102552, 0.4135080904960292, 0.4170827600985333, 0.4801592822803418, 0.5488876882327353, 0.47277516028292765, 0.3290134317678327, 0.49435144973002004, 0.5294762790467756, 0.38265074827481693, 0.21646135682984496
0.5354180009415356, 0.6705844653346009, 0.4112950633049195, 0.30773659198619746, 0.4369560350571027, 0.621010880915303, 0.4925192763859704, 0.3285396295484906, 0.45066413356131463, 0.5033040043317131, 0.5161379874683524, 0.32239186278662557, 0.16087727184490863, 0.7200005717435239, 0.8267282889727712, 0.7252852097872242, 0.7175227622378431, 0.1370231581477498, 0.48818011981089804
0.20700179212509273, 0.45709799201433715, 0.7475172659739888, 0.7293031173234902, 0.6115838071817745, 0.4581497536511423, 0.2803861955617625, 0.5163138641487671, 0.5061679931209465, 0.5394800088181386, 0.5783927392230346, 0.29376658176590487, 0.3498079850545043, 0.3620798845165068, 0.632590801039692, 0.6996130897896154, 0.4616586551775962, 0.7205006062882775, 0.6050499971922446
0.5353168734853023, 0.6242576154018948, 0.6028279075828195, 0.36929055245049786, 0.4360327000333589, 0.5516543138294729, 0.526071966546544, 0.33908466676870447, 0.45545680277032796, 0.5421074528885224, 0.6147136416511055, 0.3556191851432224, 0.637813180127513, 0.3295811798425408, 0.5545424291036662, 0.7334688919323674, 0.750165844575441, 0.6422149869196253, 0.5722933047060303
0.35356017849753485, 0.5589314013620584, 0.4922813790595184, 0.7825012272050393, 0.3951475540556182, 0.3661820257825133, 0.37195537096388487, 0.6718328762165588, 0.5381623992078922, 0.6216330493559816, 0.6982214510298403, 0.6558659966321997, 0.794006062621681, 0.6610164990234061, 0.48388042682668964, 0.21804969724102835, 0.5988140753720106, 0.2662290722369643, 0.6947588936517413
0.3311774654335577, 0.36701029025778, 0.7140815817583267, 0.4092180404786317, 0.4154617508474889, 0.46308380207597954, 0.3705270287886237, 0.4182514108847457, 0.5238622712512399, 0.23689095308754687, 0.7503166745128655, 0.6255798264092178, 0.4725769742226857, 0.5328726027170755, 0.3783021619836601, 0.809807896724382, 0.2864330555882184, 0.26623150897388964, 0.535123203666482
0.33776283756313275, 0.5815859279890153, 0.7966743546913102, 0.32394905778649424, 0.29748846246258487, 0.5245987318997907, 0.5379358290546857, 0.6255450739862, 0.5013050201496846, 0.846465386429782, 0.4900986357883786, 0.6283499491302424, 0.5578687509559226, 0.52399721381508, 0.1085744700019724, 0.5629218227372498, 0.7016587464773776, 0.8116370282019937, 0.48140666620814704
0.6740053826442305, 0.43503770544113657, 0.7614941613111231, 0.6791568548353956, 0.08578710522781285, 0.47981944614748545, 0.5171750562783151, 0.4802265869601002, 0.49151748270775686, 0.48261537552395756, 0.5608493143154817, 0.552719387686631, 0.3225538064470415, 0.30727522288507075, 0.49354525881063555, 0.7856355324976576, 0.605406583699593, 0.5270966037360291, 0.7261997884944473
0.4987574172913242, 0.5068259054065982, 0.5598619602742506, 0.4611992279845773, 0.4324842467717511, 0.425361045768606, 0.5497166930777154, 0.3821733932763339, 0.6610525219641809, 0.5732712625233791, 0.33505729166672016, 0.7726667610671023, 0.6408355912310252, 0.5791509289478531, 0.609498023047657, 0.36783498770581863, 0.462952502154473, 0.38805464972299336, 0.4468932695877863
0.4622228226349961, 0.296956761321571, 0.361346670863573, 0.32954148464612254, 0.3527719355035412, 0.5778942669356174, 0.6327701207170493, 0.4789789589304998, 0.12730758766272088, 0.3955311296950694, 0.5454236946164102, 0.4386870881941129, 0.4103824446166831, 0.7138965447576162, 0.35829008019405484, 0.5538362405811452, 0.38299316664390526, 0.7440280912001058, 0.563969052644097
0.5640396145559956, 0.5058514303783598, 0.8038768813314381, 0.32392935113522847, 0.4973457144567446, 0.4670386814968863, 0.47442040178364636, 0.6040744975452299, 0.4382281060831625, 0.6153418889528491, 0.28908829359915905, 0.48576795742636764, 0.34513582707122303, 0.5727768860708229, 0.455326052550387, 0.4938939620524636, 0.17686566635854206, 0.4886528714133602, 0.32500930411125317
0.34417728359361377, 0.4801281509008908, 0.13831612206641414, 0.6481348240950529, 0.4078168856882879, 0.48478959040254066, 0.29258206999547925, 0.5618488244830022, 0.2128724644035111, 0.359728867712918, 0.8707003667879039, 0.245567620007071, 0.6372617567801862, 0.6559685762807574, 0.5143336584117338, 0.5282455479738088, 0.6290198315044522, 0.4737690905264713, 0.7131124615113462
0.20456805213910545, 0.5682285907265238, 0.5432142735311747, 0.5512277122087776, 0.24433711341066577, 0.40241263622412227, 0.25563943310696724, 0.3714574639314164, 0.8338444972357089, 0.5445055830662169, 0.39527378142863884, 0.30348252496068384, 0.6429636678235758, 0.5644930941956801, 0.6142499436791565, 0.2851452879451906, 0.6652767151861496, 0.6456675434920418, 0.3775227281590088
0.24419911870083655, 0.5780609605821782, 0.4184079798190262, 0.39343770844353376, 0.5235986015742781, 0.48997222472289914, 0.366837196246971, 0.677665772732549, 0.21021577622730947, 0.1698271237664331, 0.5265264365653703, 0.3052846991308899, 0.3895634689574287, 0.5764024348481825, 0.3771617201098548, 0.499856865653617, 0.5003321143168578, 0.4777649024247749, 0.3505175012092233
0.6825262284244061, 0.5422684174876322, 0.43223437172883244, 0.46112191961197324, 0.25224983962696335, 0.6778806600565362, 0.347259617959921, 0.5429025525552756, 0.4064244293811832, 0.2047741855107309, 0.45209250943340235, 0.6409493565252711, 0.19463623938355107, 0.6027365197962221, 0.4692161739744263, 0.6998142777141361, 0.4687903274832951, 0.44751988903847545, 0.15632655405782125
0.2643629859943223, 0.5886197727938003, 0.44220234686334364, 0.38410424392730186, 0.3458818103116516, 0.46532760046187704, 0.316472639424809, 0.1994481793954953, 0.7422827021826668, 0.34106691387372157, 0.5598182361183245, 0.5795773096822355, 0.5849343080428475, 0.47129498315981555, 0.7393428282813121, 0.33672944536880706, 0.7077640978879801, 0.4673047802669625, 0.4846297093252928
0.4335643201581499, 0.5451534319881204, 0.41014284671575224, 0.731009067709764, 0.4266798678912771, 0.6304613982463187, 0.26426042381440173, 0.35817749196131105, 0.5238109467861372, 0.7154175972221537, 0.43647748575841694, 0.3525072901327789, 0.2931281841010773, 0.42818054773048064, 0.6178519457675636, 0.4349053798183796, 0.3797890859800997, 0.6129200562513678, 0.503327402812126
0.368864056257667, 0.4611118680092895, 0.4382579322402545, 0.6296717321534433, 0.6384417242452634, 0.479821168740789, 0.4805925754160526, 0.3291531646074814, 0.561241292763359, 0.5697844510284419, 0.48649122777425097, 0.9653464359383255, 0.3613667515434864, 0.6501948903156005, 0.6355496985256921, 0.40829584680391817, 0.5822506964300829, 0.4847960521215958, 0.35356779293896023
0.5663615395194939, 0.5829681201750432, 0.6893073432220536, 0.4347211403206981, 0.3842222518431637, 0.3063840180272617, 0.20116271594322283, 0.7202043723143331, 0.4653662745965649, 0.2803951418687527, 0.36678346832222697, 0.3949076507285647, 0.28465043568208487, 0.5553629981450796, 0.630382349264766, 0.44418386900235035, 0.6048622777019993, 0.9369564388005114, 0.8462480971829214
0.3172209858050124, 0.4860808728451849, 0.7761096824650946, 0.5974282692360554, 0.7850341873723297, 0.47733769403809934, 0.48868043510616765, 0.5363410904101098, 0.771357997865466, 0.4860173646110198, 0.3588722396011398, 0.37010360972648787, 0.707226349759996, 0.2113086808204775, 0.2934980570388811, 0.7248170125281124, 0.4775907816859156, 0.45695245221571, 0.6498763660177883
0.5072872229374203, 0.409235342022068, 0.6718135109008937, 0.5862871883320064, 0.5253833948143698, 0.4007446397131578, 0.4428206177290868, 0.5031043270280706, 0.5752661791641726, 0.49933114548761276, 0.22088865658442008, 0.5436960010297838, 0.46553528152823775, 0.3646263908993951, 0.6670656978592637, 0.46295037866547917, 0.5829773392820613, 0.5316105793608651, 0.7244763201680781
0.333007082598221, 0.6664167530032569, 0.6358988810215472, 0.6599160255246596, 0.6351253680636646, 0.26407225626102215, 0.5923486855545294, 0.3634736290686505, 0.5408783399243586, 0.41668148779783415, 0.5788909524689547, 0.266315970337716, 0.756507177474662, 0.4468121497486587, 0.529649772340233, 0.5360298197243869, 0.2656703674756781, 0.5875165814854467, 0.3600261604755841
0.7835988962117286, 0.6157670040333652, 0.42361026828742887, 0.4985236349597564, 0.4650441263219318, 0.5505023416390595, 0.41883622206731375, 0.48157822837126363, 0.3476873380165656, 0.7247347364705035, 0.6993745832737776, 0.5867663920335655, 0.7170353361553569, 0.48621919966081767, 0.40161506252485524, 0.7005765083670645, 0.2860232674301942, 0.2922318151394882, 0.25264990136417176
0.5358661149102479, 0.6571063195578833, 0.5088638034138395, 0.576286396760495, 0.5690397486125442, 0.34523777665700306, 0.5429259819798101, 0.32333438815905124, 0.5183012749637587, 0.4265143668604481, 0.28830584736325104, 0.44831717427090995, 0.5093831129083898, 0.4662261719081102, 0.7305495130156675, 0.9107470144090177, 0.3051137162329506, 0.5973190281525793, 0.2754262549305484
0.6919307293299568, 0.6208754404705763, 0.4089872614020733, 0.745185434900496, 0.3978077049359068, 0.4549769125236405, 0.5579455811501683, 0.7588406773349146, 0.23748127335231306, 0.4132558683948242, 0.4480322290937562, 0.4667590567557808, 0.3122656214909581, 0.32441660300607444, 0.4055154494030192, 0.3892009911893841, 0.368878335654087, 0.6757046416179621, 0.6455652116141114
0.6273055699971575, 0.547289911205388, 0.21289899461147477, 0.5911898541047442, 0.6911413607228957, 0.6344909594748539, 0.7626708884056859, 0.4060558339438207, 0.44094081820056386, 0.5101578917953677, 0.5511268150308234, 0.5466029639391117, 0.42332136247853336, 0.572354642134626, 0.3858904656171313, 0.5986689561095141, 0.1606077368085505, 0.517271321913351, 0.45904162046760866
0.5093252758751468, 0.38918133143833755, 0.17579298173135838, 0.15531382433328622, 0.5103597109242889, 0.5894872153202011, 0.40182803234048586, 0.440217499665982, 0.593657263131464, 0.6353618937616134, 0.7007866568796846, 0.37351334179542517, 0.4527883201242342, 0.34912341210370695, 0.6001370229775157, 0.37223461335900854, 0.581271075911153, 0.56112311148473, 0.7091681081125899
0.5676048446770819, 0.6339152938780908, 0.6987796097504868, 0.3764777224716971, 0.32015206465091073, 0.728989000244965, 0.35928037176806593, 0.3754500004581517, 0.4021433250093054, 0.42272686499214934, 0.3754811698492723, 0.4978408974715409, 0.30882310861543466, 0.8830220712671014, 0.4355154824215457, 0.5780681848995611, 0.4607037139183513, 0.8380122608335434, 0.4462987808019865
0.4120927237192516, 0.40974512391418655, 0.39042884760991503, 0.6908031945473802, 0.7689836351930176, 0.17083871495764746, 0.46292082545905694, 0.6644460092521911, 0.23761654235095692, 0.551060975627588, 0.6184094655454171, 0.6379617752251169, 0.2205538203730948, 0.5033742262456576, 0.6323850977905843, 0.22208050802535728, 0.2568307018255297, 0.23590427601059988, 0.8920785933240465
0.426890030755821, 0.3904455419430517, 0.5923869761246856, 0.5147417884554109, 0.478340636202304, 0.8572491279653851, 0.35932714914960495, 0.8670445039081944, 0.644895569016879, 0.43353257879860796, 0.47020105944275514, 0.5333070569999426, 0.5085132458799173, 0.5998584374312321, 0.5139325342149729, 0.8138231250123789, 0.3268607232479384, 0.4317448918928043, 0.7876557145864902
0.41102681715600986, 0.6014451848482263, 0.5125014102528945, 0.5660633324440278, 0.5218737326774442, 0.4051921886502412, 0.7336612086671859, 0.07886187915528059, 0.48489244761131856, 0.4213684935569706, 0.4622121407788939, 0.5742092909359571, 0.4165450804364228, 0.640684630939501, 0.494667116127477, 0.243917650543171, 0.44732760692213247, 0.5732653413080996, 0.8139135968920322
0.6459240388601306, 0.44862739105549176, 0.6504276161003731, 0.5648585560627288, 0.5295807525208883, 0.6130336566430863, 0.630569187130349, 0.3986498053416885, 0.4993023479342894, 0.5675330757233606, 0.26689823397972723, 0.6159481895733276, 0.5452701755949885, 0.3872251437969668, 0.6073419480600668, 0.4048244105481028, 0.3774513002676836, 0.3120278559923716, 0.6808851209043691
3.75606751152e-05,0.00702121988183,0.268945584485
4.17256943819e-25,1.82467062315e-06,0.00639513794478
6.60196073327e-18,5.62171405824e-06,0.198419840745
3.40926535791e-21,2.80134145197e-05,0.220770465217
2.6992021431e-15,0.000123166446368,0.543038323753
1.51211049534e-14,0.00044241169208,1.4282900949
9.07336021979e-13,0.00252616679703,0.998646211427
1.26466448062e-09,0.0076844146795,3.08668881547
8.37203112219e-10,0.047191150174,6.11096694152
1.17361184609e-07,0.168478812425,15.3219776445
3.26001319899e-07,0.762767396057,19.7079963867
0.00155639224691,2.75413772491,61.068789403
0.0134774982175,11.8959372675,95.2179750704
9.3860418926,58.4719234765,209.046517322
49.9628053498,264.709825801,465.633516432
