$x1,$x2,$x3,$x4,$x5,$x6,$x7,$x8,$x9,$x10,$x11,$x12,$x13,$x14,$x15,$x16,$x17,$x18,$x19,>>f1,>>f2,>>f3,>>f4,>>f5,>>f6,>>f7,>>f8,>>f9,>>f10,>>f11,>>f12,>>f13,>>f14,>>f15
0.9805183439373794, 0.8400555420719296, 0.6370862420637747, 0.9950771821442181, 0.18495405929981756, 0.8064460369155314, 0.30819999946535903, 0.00024658849869263477, 0.5919642355431389, 0.3297617531139896, 0.4035046573121829, 0.5883013283662821, 0.5296885695777971, 0.28278212726401786, 0.5088592709672574, 0.0005468087752953377, 0.10027818311347758, 0.34845933975717724, 0.1914239249894567
0.9111020685088134, 0.21457656266077174, 0.5926483843620598, 0.053936793492802226, 0.8753940552990843, 0.673592736378511, 0.18733631215187374, 0.8540448144062366, 0.8952975167855122, 0.12184479216777688, 0.28259285598894435, 0.9656602863872201, 0.9734191080208862, 0.5676468205634959, 0.4638389293005656, 0.8428288557720501, 0.11359534944999183, 0.45625321268063634, 0.9981382510114718
0.5521610829602205, 0.8564002928253114, 0.2047103328546973, 0.9164802198486438, 0.8806969080282403, 0.15278519263364143, 0.24425082302992862, 0.639246617963596, 0.9070803528952089, 0.44347235849550193, 0.33533832258034746, 0.04428379727893694, 0.6659046056361433, 0.7713771094888019, 0.321310835487434, 0.01766666799273997, 0.3930070616435587, 0.22675310079232414, 0.5206473765882967
0.5212976011175053, 0.3524116421276997, 0.5794858722436018, 0.4993834525511156, 0.956196948574888, 0.06921083398156358, 0.06576013392791424, 0.25521311057829443, 0.16484540882511733, 0.08401384234577569, 0.2501806677341456, 0.4568564670021533, 0.6162636882151187, 0.8382278520319054, 0.7622214209577718, 0.8035028724161072, 0.17691530840201897, 0.4811043089223155, 0.519608762165677
0.2164376710026934, 0.8985051710937952, 0.43373986463585523, 0.3997314692474988, 0.5492195176033657, 0.8210655207902265, 0.3012298166736176, 0.18108611555080678, 0.5878077583610954, 0.9804716494616037, 0.8470544418834431, 0.21526056884167544, 0.38992357956690815, 0.9051817000539276, 0.4178277703147829, 0.027721309242257464, 0.9071866951775063, 0.45941023136488046, 0.9924039624560078
0.9813929929689554, 0.7543709880467155, 0.4987925699816428, 0.8218310301242057, 0.18837586105366932, 0.13580416363834447, 0.2814866173315832, 0.5223011127952546, 0.10747011746449875, 0.7647566796385052, 0.06881029179979825, 0.6197338773758612, 0.7453263889659666, 0.21106168525863866, 0.48239833037146085, 0.367923963633882, 0.48642245752673796, 0.9901622865985011, 0.13762458536585342
0.513764879468919, 0.04290882568148924, 0.36908425420772173, 0.7973707501392676, 0.03784779948436334, 0.5829670671994126, 0.41238354571157954, 0.24490902710926865, 0.4101951817441333, 0.960021485488234, 0.34723895058547327, 0.8485520709081924, 0.8868793067952248, 0.9726173107308874, 0.3641977270380251, 0.9531340697829096, 0.7177826115946352, 0.8424361210741212, 0.19713994195727125
0.383477958914731, 0.29342500795255044, 0.6625098667286052, 0.13250066820803297, 0.5201377376651956, 0.40027086060099426, 0.4811974857537483, 0.5091006616613015, 0.9010163116830584, 0.9830106953763946, 0.4257395533197098, 0.42678209260020894, 0.6606358392966236, 0.8811328910019278, 0.5083220714620115, 0.6981693854763434, 0.17039228166396936, 0.06686876037925882, 0.010830932846730534
0.21235957565768127, 0.5634895592379895, 0.30449862446235876, 0.39419931206789105, 0.9086466435289564, 0.9663895983471137, 0.4294336141838845, 0.2957641065412937, 0.8788931879099887, 0.48470192543272517, 0.8017258094885605, 0.793030811830732, 0.9634547486198639, 0.6319775827619926, 0.42175811037307853, 0.8035317166605789, 0.467964212426108, 0.22864524014028265, 0.7334069744756172
0.11112836721376895, 0.6699076326139856, 0.3737383438067635, 0.3896044253147787, 0.9185013950943687, 0.6687177834529876, 0.7744759179940127, 0.13249311204239655, 0.15005864759691223, 0.592373365419358, 0.7692485248026519, 0.9232571020514887, 0.2488622426604542, 0.7983283315514564, 0.22299908215899444, 0.2731840147858484, 0.29441873968217724, 0.6297491687057053, 0.7556620755928217
0.49223195377209383, 0.8156806562289481, 0.8762938785747711, 0.38925379091322143, 0.8309236883691521, 0.36369120880013395, 0.12730138721959683, 0.604173892962396, 0.5944213148246891, 0.10159804585570431, 0.6832934084211146, 0.027939262434943823, 0.3431909310730342, 0.11520120749629592, 0.4054584596579487, 0.9749788853544175, 0.22583605936208906, 0.36550999449270594, 0.053277411737817304
0.6202616628272393, 0.8672441962420033, 0.9284360440659624, 0.9848353669722909, 0.4681479531201105, 0.3768961991661952, 0.7482937061144949, 0.11681060567422341, 0.7871533972935302, 0.07896407171222308, 0.5039983644425663, 0.1781630169177404, 0.5922514428504393, 0.5222473374105397, 0.7702614777034255, 0.6623791357907702, 0.10197462185107309, 0.5490623208945627, 0.7002406202675735
0.29135585996686264, 0.7846405660186587, 0.8459210439969361, 0.7993908341537266, 0.4213682179216235, 0.6292091728207703, 0.32349421446987736, 0.6466396886101642, 0.10286226762814044, 0.7671573341888647, 0.44093784296266014, 0.38328313888610055, 0.22590499147388998, 0.827051856548038, 0.7963564539010225, 0.9106121970056049, 0.5317262931238399, 0.9021693441714509, 0.16199917025346577
0.48597172051384097, 0.936738925905731, 0.20823700481216656, 0.0787352989329273, 0.5671529368753351, 0.7304413492650403, 0.6789846344325767, 0.9129194110841841, 0.24857400605115754, 0.30362369161017966, 0.9234800347385809, 0.12634249577741774, 0.23840806536144044, 0.17510690873098755, 0.5245732452597854, 0.42606750662736004, 0.7834245768748507, 0.5869683692784299, 0.4764001515706513
0.3373623464061768, 0.25373181266870226, 0.8733357805665297, 0.3268379152804597, 0.9993969790790102, 0.9353146272498113, 0.019794757825884912, 0.4890618078717117, 0.9276466610307128, 0.09964437255747804, 0.5188173251356254, 0.7584172883888445, 0.8836369142534515, 0.12093466585524004, 0.9818155343552912, 0.15180916304643932, 0.6186098298789239, 0.8750606224234168, 0.9241128478187365
0.04551686165831459, 0.40849541004845613, 0.8895530350300359, 0.880258795030107, 0.8256973779912329, 0.5990245643969184, 0.6639659037409985, 0.8984613078988087, 0.3234682363312392, 0.6296493423514693, 0.5137461582840743, 0.04556131850863532, 0.36320190901125415, 0.6543680226791893, 0.9263837455497389, 0.5648642241042247, 0.700296244268714, 0.33199425881138533, 0.776415905513298
0.3822354581936609, 0.0790826736099115, 0.5954596127414779, 0.9773924687463045, 0.7484239090191029, 0.776602528263266, 0.8166323743852653, 0.332471608359064, 0.09997092967640764, 0.09881570563745445, 0.7396758477752949, 0.648024045982033, 0.5595330945987408, 0.5320784977642574, 0.7946043671852637, 0.7443182495608113, 0.9162785684717516, 0.8678565151499305, 0.8194009306405733
0.28795870141660207, 0.2998251104848001, 0.5045057363997542, 0.9973186002844171, 0.6608503227093235, 0.664672474188698, 0.8550824976208337, 0.7088063087979648, 0.756326024570868, 0.26169994169320554, 0.2076031129842475, 0.10505598130685656, 0.03366276832227921, 0.9041900330705113, 0.7422637631642318, 0.35618383991061764, 0.9259014801539792, 0.30356629070551844, 0.0495627812733237
0.027653375439053773, 0.3360674696297685, 0.2628463138510201, 0.797862003224298, 0.014152992068912629, 0.9406185145815669, 0.2153330580424363, 0.28926152338691336, 0.6114250545990473, 0.8066100371850583, 0.941295415020251, 0.21033067065965028, 0.9221016065823057, 0.11847842645079099, 0.20517268806519728, 0.7303701809387823, 0.5217242465982502, 0.366093712647802, 0.4838215961354657
0.7472477356752734, 0.7041907629554499, 0.09823913461866396, 0.8346045730060185, 0.16686880311242602, 0.13860271147901326, 0.2352565786865869, 0.22111887425056032, 0.7513093408754562, 0.442716254915438, 0.4807294939857131, 0.8427007568860219, 0.31613416311021847, 0.9260015909445374, 0.6462345051490498, 0.23254928388366003, 0.5515128326204444, 0.8816255449422906, 0.36632877912666306
0.8580471893906179, 0.10863663809945656, 0.34939555756606233, 0.6516903467497288, 0.6169984927121999, 0.8191562913839706, 0.7296448076582439, 0.22110936820065996, 0.08600897794527151, 0.5177728469225202, 0.7321206472781713, 0.04020615326812216, 0.33463235721553963, 0.4433705964150778, 0.9925895034046575, 0.9161334264168084, 0.5964596024226859, 0.5360691513440397, 0.12473418646554735
0.7687008709191222, 0.2938192346067401, 0.17972603741032056, 0.994562858154031, 0.060098125432599625, 0.049571495085865336, 0.11514472300083345, 0.2275228017980997, 0.26337312884195707, 0.440733093613078, 0.4403567481240409, 0.8889805734081015, 0.4909003975835696, 0.7966316394051718, 0.7932493472836016, 0.6129143945504038, 0.8250178336952588, 0.8330695544634011, 0.029995314255459427
0.12866018961301828, 0.9027076917561672, 0.7677504981719784, 0.10152948309593146, 0.5375612487745155, 0.33759734122680307, 0.6034655132883533, 0.7765027657918074, 0.8540525377591373, 0.5198701383943627, 0.45453884557902524, 0.1962775882887262, 0.7437052243465474, 0.08014086883139637, 0.5656566950791243, 0.4421911758463678, 0.7495216154451191, 0.4833216184452789, 0.18828880781216784
0.8479403863077117, 0.3371350610217352, 0.8559559995697438, 0.8155131450627465, 0.7187422861752014, 0.3619994094194878, 0.7729162112983622, 0.6558125221384097, 0.19115895371216662, 0.14821796084014427, 0.2814345910288538, 0.14546027607080647, 0.12565885174356628, 0.7651659662983694, 0.42981738453323615, 0.6723885999508105, 0.9940991774816554, 0.421390428625963, 0.24471427200800866
0.3735023688381288, 0.8608447837494712, 0.9751346478056218, 0.37156976862820257, 0.49758740393041756, 0.9753730832179295, 0.9813123067727741, 0.45451145536282234, 0.007546093675792176, 0.5133900255286086, 0.8968313716528706, 0.043053254801396657, 0.16253546104439298, 0.3398042751753272, 0.08970336785634803, 0.4291496648832194, 0.08299704059895285, 0.597988756219211, 0.8883529553248932
0.4199690882456939, 0.7386376429067641, 0.40492212495912594, 0.7612345971644796, 0.0717567868039567, 0.3876834737509438, 0.3370193374338608, 0.5570707454298892, 0.013552315491296762, 0.7258410687168071, 0.9096921716666466, 0.15893693925709373, 0.1203435903374881, 0.4624148302975144, 0.07114575263706147, 0.48512942732275266, 0.4940878809387914, 0.47250049701707575, 0.020006924264486914
0.6560576935671861, 0.43673465149184976, 0.6236130880117129, 0.6823012792465177, 0.7737054833566324, 0.8082029659696941, 0.23689943513083456, 0.7167140597296018, 0.7731643990848753, 0.477700084070222, 0.8228587151110965, 0.050354031612693806, 0.2637684931255384, 0.7758908484348646, 0.03978506634628742, 0.4597770076700818, 0.843857305490004, 0.3388851737813229, 0.5401456216419307
0.008815090548369708, 0.327592059787595, 0.9318906484873022, 0.8241867678064057, 0.46830662256994093, 0.09527377298847439, 0.6278712358003584, 0.4251723513959744, 0.5652152612338786, 0.45774077798894075, 0.7640870867907342, 0.30690518940822675, 0.9645053342533005, 0.3415852780519292, 0.7097112900136183, 0.05013523270189579, 0.5216556170047016, 0.8118394283081241, 0.1800079330261306
0.48419654755245134, 0.7939546213767913, 0.27771186766860345, 0.45827684602724794, 0.7754394003065264, 0.7291265541553199, 0.23178693085895663, 0.43813171260318196, 0.8281716332765944, 0.8367964102165417, 0.5947552767898003, 0.6777518960625908, 0.7062183288205528, 0.07587479640522665, 0.41474910989455105, 0.23245527816958422, 0.46613698975428774, 0.6475742393960867, 0.7501904095713801
0.6809878113540437, 0.6074255976190814, 0.3859593629706123, 0.19497268769768783, 0.8657201512043318, 0.668941344207921, 0.8780401583030332, 0.21913147622696105, 0.6722753709591857, 0.6028346143176031, 0.7702463154710338, 0.38206215655600473, 0.5297120833199473, 0.6415255783702505, 0.5190415076839272, 0.29404595410653844, 0.16459414909324, 0.445519195740799, 0.5240016369024604
0.765002949624475, 0.5258693768888686, 0.4025654327527425, 0.0778480515255312, 0.45466852180289064, 0.6138190627124597, 0.34294093572483064, 0.7710355485470949, 0.6285362571252882, 0.16499085374720635, 0.35605452785462177, 0.9986182950154388, 0.4750687547264266, 0.5295127495204685, 0.7040916326655563, 0.32355861948054065, 0.5189589527677105, 0.519870504034329, 0.603731435061251
0.8411697893679022, 0.09294154068653593, 0.04126477617617019, 0.5115325180066496, 0.007192458165056759, 0.23392086545826973, 0.6952142119001543, 0.042255563695258735, 0.9601725504656305, 0.14386277514767243, 0.778028113959163, 0.08510580287008573, 0.36931619006817784, 0.8305628805680919, 0.6458884189691314, 0.03870221743558222, 0.6968336979575968, 0.06980993254800838, 0.5493796273119188
0.2723720799602748, 0.1663151476840864, 0.7224407652581236, 0.18658316865648028, 0.06364643558678396, 0.8057003677440358, 0.8816085299371469, 0.5756098201446742, 0.42514598263167214, 0.6408975521040826, 0.9558068129902952, 0.5736655301717757, 0.275904464374105, 0.028640000163850043, 0.37557182567893044, 0.8313147121312593, 0.251522808781375, 0.20126756231169673, 0.5997016982380767
0.8004762039848901, 0.5077167846430966, 0.19093822043213016, 0.6362057561263695, 0.9518728486452849, 0.5569364957820442, 0.6236017220493341, 0.2603957698035232, 0.42922277086942395, 0.7394425358769214, 0.31378878420665046, 0.8092714988536522, 0.6243000660207983, 0.4133707443965696, 0.7220986606146287, 0.519240649392931, 0.8371712979246739, 0.22741537311513205, 0.2904390056407954
0.22593818217783612, 0.03622138949635734, 0.07657298535289414, 0.7987210825848619, 0.2684137535992518, 0.5246299202234452, 0.5403431490330768, 0.4044224185785683, 0.5181812636028265, 0.9209913534627531, 0.7779045469447414, 0.7232746216291093, 0.40856392207693193, 0.6788741262290694, 0.023950374430125043, 0.2276923804045392, 0.6936015063915958, 0.7441086721891959, 0.9417667378846761
0.007155191643580139, 0.866406263417146, 0.6020949674450428, 0.7463382408589083, 0.29621467522632705, 0.08128590982981188, 0.13389658242923563, 0.649008869735356, 0.7158971244928347, 0.7824328641288839, 0.395907696408778, 0.4527339459671562, 0.7761687585253703, 0.4343877315587019, 0.6202422454534122, 0.19443675596138454, 0.031071781879917104, 0.36348743899615954, 0.5524651334806036
0.9975217406650646, 0.9563071709318378, 0.9227326153855797, 0.37414232028092, 0.8206573028195575, 0.545684135258183, 0.5017210133566701, 0.12535017095762868, 0.3445723793793294, 0.1001452682981494, 0.07560583191887349, 0.07427543699696504, 0.8694579405789838, 0.8612218811713777, 0.9035143944002682, 0.05611986544080161, 0.45310843996547434, 0.6173964304264064, 0.6234097119221177
0.8375733261419762, 0.2550231758790382, 0.10390358329610605, 0.7851328147466305, 0.2261276826014379, 0.7137308224404249, 0.11214777183276914, 0.8540019448187708, 0.0538271539186167, 0.4019221138108795, 0.4052426843961393, 0.9413185748095477, 0.3924002538204302, 0.43291369519375256, 0.3444201594295164, 0.2513410561078, 0.8956248522898944, 0.42761784648511036, 0.6680227960640283
0.5885451513522623, 0.872841520211254, 0.5790272110275215, 0.5312116732194291, 0.021354757902911747, 0.8462907653656722, 0.37376823079730803, 0.6702720614752219, 0.1523996569427294, 0.5382814152118646, 0.4058394064777867, 0.8380340141178451, 0.3158146317161207, 0.1159870830314762, 0.13965858461903835, 0.25673878548364026, 0.18203253914255002, 0.30482901701407594, 0.19109639041062965
0.08143743828861283, 0.011406568355020186, 0.42407845325898263, 0.959374642024435, 0.6126220822597656, 0.9043734969962409, 0.10878671760747871, 0.10615147195035923, 0.322091565262444, 0.4424799058311466, 0.05219394993956572, 0.04398759708217337, 0.8360165118251619, 0.9581874554750385, 0.8663669496060001, 0.787781470193814, 0.5595679467975002, 0.6561242356376705, 0.752316078822582
0.7466872065842906, 0.24834832913821625, 0.5864361127150385, 0.9866670848175942, 0.3538840631574782, 0.7553357535752844, 0.881653609127937, 0.9288625439745051, 0.8809853602600125, 0.29666486723747854, 0.2893006230521704, 0.5702740628759413, 0.660660890467667, 0.30815745196488964, 0.6748117712597653, 0.34105017506585733, 0.40451381472854586, 0.3597982236335556, 0.7956069886319389
0.634027491792379, 0.3938050383518059, 0.5395754061928606, 0.44103506020238115, 0.25757228066762483, 0.6207076155637857, 0.2579367233893911, 0.6009211028184916, 0.24772824935851445, 0.419038948041645, 0.7507921559214197, 0.8608957035845496, 0.3562017072554281, 0.2657398492573523, 0.7894787231249419, 0.29260913467961525, 0.43509820169458424, 0.33108328372308193, 0.9876394251718936
0.7494591213749403, 0.04109624997583827, 0.5831218198191254, 0.27966272871012376, 0.27199357964404447, 0.8239514317044999, 0.4547225371141165, 0.9529787357565287, 0.4069600673522922, 0.3535342385214677, 0.9329401838416673, 0.5408472903324424, 0.4926379509562253, 0.014338658357098688, 0.7940906014056512, 0.16637679485742018, 0.9008660449745304, 0.7505846007707517, 0.9998190210108553
0.12991361852870809, 0.595967556562358, 0.7673142135509078, 0.8988646321105469, 0.9922206986573932, 0.6443829807357261, 0.0691964603687425, 0.24156517279569878, 0.7843984966551645, 0.2846428259207061, 0.2128785447283914, 0.888396661577742, 0.8750159539558199, 0.44284101491855377, 0.9619007777269296, 0.07281274838332508, 0.2659211541427484, 0.39866523766668405, 0.16974478026406514
0.20446162726433093, 0.615473809522975, 0.7511270569727516, 0.7860041357079445, 0.29201464035879243, 0.45161591659050637, 0.2807129534024264, 0.8323238176705584, 0.5175509520380058, 0.5360796003357011, 0.9293489264422933, 0.5386229359341053, 0.41456855410491555, 0.03600937684939587, 0.8413267279358977, 0.20186666498276506, 0.9945857807236098, 0.6312647353273722, 0.6138987397187875
0.3786233365971087, 0.9544989565364727, 0.45556497649709715, 0.7207293484366405, 0.8126175294123426, 0.21335422062309906, 0.42255588425923374, 0.458136594595683, 0.18634911673730314, 0.6603527704113287, 0.7945594072277605, 0.19458247004833107, 0.7534412791087154, 0.3200788634487466, 0.2568004900452411, 0.08996252426673457, 0.8289344746388644, 0.33283831964262467, 0.7027225389520251
0.9568722752431039, 0.2077419127425718, 0.8910654059684732, 0.7012173532198482, 0.07512977435240797, 0.12428469628008254, 0.7266365673130141, 0.09440663085609746, 0.4260733419001759, 0.5936202455012363, 0.7518322341986781, 0.4045808943904309, 0.30576935012904505, 0.2860017588897784, 0.2487835379181953, 0.6204420304111378, 0.810998285728293, 0.9460752221614855, 0.9888137740947834
0.3429552163745564, 0.23126525398918973, 0.49852680251022274, 0.11926241036313179, 0.919602581979789, 0.10327310016750701, 0.925582674763978, 0.08957328309877355, 0.06596998125630937, 0.37822441735638845, 0.375481771062503, 0.04734335844148074, 0.4270326290184493, 0.7376536458678412, 0.06814463961360928, 0.6788295077831282, 0.3266808287087727, 0.18634094517364652, 0.02090955604755429
0.47705131211881047, 0.4847404332792702, 0.7061443121023574, 0.6604790098099238, 0.007414561510136308, 0.07980010913410163, 0.5730088746277034, 0.07374269854873683, 0.13865958935962497, 0.2294891583364852, 0.3662714019911004, 0.038395474389335105, 0.5853379671134783, 0.7415855012216936, 0.668307744703704, 0.7253501877594309, 0.2000755111145185, 0.8810429380830777, 0.31781848693273995
0.587668704741961, 0.2968549028389533, 0.4202871974336041, 0.34303969792871436, 0.9555431134862499, 0.6004433171570257, 0.22956742650957107, 0.3428911765553013, 0.45189527855946976, 0.007288673390372646, 0.09024642930289528, 0.7016845392385176, 0.12167267078708477, 0.6007221581641832, 0.6992125154885471, 0.8543413790780797, 0.7469884609512445, 0.921960309470983, 0.23785820097010912
0.8862080043856368, 0.49589055281404326, 0.1578247115990371, 0.4999100734262968, 0.5052253796541611, 0.29939922093489, 0.42940240553871123, 0.4129109032420659, 0.8702742720462822, 0.9506385558900843, 0.23399581918599255, 0.4321292734497615, 0.033743510187124515, 0.07047814716422773, 0.30921022427527245, 0.24217176662290374, 0.005161125495590668, 0.2483559469985389, 0.10210675683381354
0.4217490819689087, 0.9534010898784956, 0.16883734315741405, 0.785020051148929, 0.5007035598874345, 0.5279806779271382, 0.9235873236337956, 0.6054634316062607, 0.4685401376501227, 0.9270601687148801, 0.8081051697956958, 0.11835811793280204, 0.992514420628957, 0.8438597533246934, 0.3765918715467581, 0.33929445789547263, 0.18955750552784378, 0.7823034930015581, 0.078506352703826
0.02662931997011775, 0.022294311116346943, 0.3116681658093171, 0.07607987322781895, 0.9938624382449429, 0.7808750246588144, 0.5595455979315305, 0.20091947523407216, 0.031546302641999646, 0.841993455940781, 0.3434205420425157, 0.3470451991800726, 0.9322010962457, 0.8847846522289017, 0.21438879185291781, 0.2973296780754858, 0.2530370622354995, 0.31978118449646853, 0.040086525202762124
0.6878114345336593, 0.2842244627835483, 0.5100609306888167, 0.8335114567698805, 0.8659648060713118, 0.7480465395770052, 0.5544227180863085, 0.011104292920352421, 0.9346390145374187, 0.025016680281762738, 0.9900341315663375, 0.44575385043972093, 0.7759417544947493, 0.6160907885792908, 0.761482186005912, 0.06878620825019222, 0.2917846875331589, 0.5742123189727173, 0.3605692529757074
0.22238897281488512, 0.6101927725803713, 0.11688452995230003, 0.6425555307038838, 0.6248424319375, 0.7768055076418032, 0.0941431037003817, 0.6456979501374024, 0.2100575052953899, 0.3578993966865598, 0.32817467236573084, 0.04629479554198812, 0.09508831989012223, 0.8939335765955811, 0.4354030378733116, 0.5187077982216112, 0.9382356064437519, 0.908121925670889, 0.19649329354864276
0.2012500052761862, 0.3360392445048058, 0.6532254961984794, 0.5485082933715022, 0.9481927915037066, 0.1263750814322281, 0.5858901813879636, 0.3824576742801161, 0.3457340397329093, 0.8792617014610595, 0.5971268518971685, 0.3034236869923759, 0.6688581300789705, 0.6619508236747148, 0.5558109263281017, 0.6952093071142358, 0.876155948391393, 0.416385684969658, 0.5131712196231674
0.26663768789521536, 0.007908688446512713, 0.22049099573995612, 0.10009763852554554, 0.011858749122211854, 0.6495645217011017, 0.453545616883284, 0.1869455037883282, 0.49178256134292675, 0.0838322055824764, 0.9401414642587161, 0.21751074738974951, 0.697545503732794, 0.1094060419039955, 0.7463126251769759, 0.30544520862846947, 0.8657265270865515, 0.25209447512927796, 0.9660046477240878
0.8699872852405787, 0.6905753794343369, 0.6262010103933374, 0.8138053513091313, 0.24960726643538456, 0.6562823912795093, 0.36385809454704376, 0.03804737801951641, 0.09337208445325018, 0.7452231126465605, 0.5558236562074791, 0.34310302631743517, 0.1768176519482595, 0.46989220674080556, 0.48265242054417623, 0.15951529746257676, 0.6525852486126046, 0.43988432094627106, 0.6183947658940899
0.7149750901875495, 0.47258747614420094, 0.3514850001452007, 0.5046846544002077, 0.11312578474944057, 0.39124469475919976, 0.9375432128302277, 0.6483694297354745, 0.3701432755118187, 0.5924855146425487, 0.49536050558882405, 0.15767549297572003, 0.7471809016358938, 0.5942809975667692, 0.6974735134732739, 0.9713298952656703, 0.7682991618028928, 0.7752937468387814, 0.21608351433761575
0.3921135397935265, 0.4173497106940416, 0.10978309433203992, 0.4479460141132623, 0.47167767207668354, 0.46130741905257244, 0.45970408346040004, 0.6452188771438016, 0.2340545795727983, 0.32214252535677257, 0.9144558094283898, 0.1355349825137827, 0.8307895356863894, 0.4002597244152074, 0.7193241202825785, 0.6873254867045752, 0.8981662054728249, 0.2754406316629384, 0.8472526910955431
0.5012805542883575, 0.13793695591463717, 0.14969671373753424, 0.4201659185095237, 0.9793095928455929, 0.13789138476385843, 0.6127505248636637, 0.20105352274435007, 0.4093621512858726, 0.6109279794978462, 0.7852645948480874, 0.1651519372439626, 0.20529090043045928, 0.6048433460056453, 0.2562688046039132, 0.3529383800359557, 0.9015569049014909, 0.2790881110261543, 0.3480248508541054
0.9489379248104579, 0.35745820462084255, 0.7062128835292517, 0.3276572254996849, 0.4048309336501207, 0.7039079695584124, 0.7101096013446319, 0.3717569964070456, 0.9949324765660071, 0.14726422993132793, 0.6051924577316955, 0.2870437075164394, 0.31856385709332713, 0.23138407766963187, 0.5112396141384361, 0.10455397970602742, 0.5353359413635984, 0.923728629558034, 0.45467779459321367
0.14951101582923731, 0.801135366839193, 0.18375868283300223, 0.4120680649482056, 0.8591819633123748, 0.7546842143404338, 0.18859740500453426, 0.39307944372809933, 0.9917225876985118, 0.6894960149785258, 0.39486967012130436, 0.6952010214160383, 0.39871585263752296, 0.3204669337922902, 0.34949568498213945, 0.6477677318394486, 0.07863401753435229, 0.14112212927359702, 0.5544851500077229
0.28844649633205444, 0.7850729562515636, 0.9659182579684581, 0.6257129258333449, 0.9195459478148874, 0.9254507186965293, 0.48865893288946805, 0.9660087860531583, 0.17972513979890237, 0.10778561177164059, 0.44062684600335866, 0.3715648689135347, 0.08630508678735749, 0.3064363030599633, 0.8693303102777824, 0.052203696600668925, 0.5917058164271702, 0.1740262803091287, 0.7753402878675189
0.06911156973216648, 0.11656169963873131, 0.8840276607796109, 0.22375748494643566, 0.012167344619012366, 0.02273317868701974, 0.5477403293647091, 0.9775142197859854, 0.4071799308275632, 0.5148577393901826, 0.1137904922002817, 0.2533388737327541, 0.06923926633512056, 0.6732266143354303, 0.861717140193928, 0.7608183058495966, 0.7520138305977713, 0.1554436531756217, 0.8159579648730773
0.09579767412322493, 0.794602467038359, 0.6612412440397324, 0.12263420035455008, 0.4098712557959241, 0.05698215362262049, 0.23231235717412013, 0.730665589743722, 0.023526328205808578, 0.8085832709583248, 0.3398704331265183, 0.3882515580251594, 0.5660943816631885, 0.00999866379549974, 0.835832057798536, 0.9572466540168604, 0.9722657212020233, 0.6664449446171383, 0.08994637003460537
0.5775056286706293, 0.5317507035147994, 0.10955015322380146, 0.4081736203585705, 0.4391695624477998, 0.3816774473864616, 0.12054447456724537, 0.03852866735996452, 0.33303492766365994, 0.7286430807281647, 0.3073499402904192, 0.9110129878428497, 0.5548929920708493, 0.5532930677833072, 0.08851915011449796, 0.24105608945872414, 0.6634498596870589, 0.8331878059040879, 0.6894951057044066
0.465412287073132, 0.11379157300047893, 0.751238949587659, 0.6357997274962855, 0.23985961794447996, 0.531532051584519, 0.5565484289805877, 0.16444308383854644, 0.08905553230423524, 0.29760043957566884, 0.7994295661696875, 0.39199643696850617, 0.8954308292474072, 0.37513118445506255, 0.48528578104836073, 0.7105555978208643, 0.20854430762152565, 0.29694615303620997, 0.5353416760728178
0.3346632416512646, 0.1218459730021344, 0.46573123333996935, 0.29202182671452737, 0.9233976142159028, 0.41474744036549516, 0.39535450312588905, 0.11953645260664425, 0.3363454887030731, 0.7800460995500602, 0.3140881277316041, 0.15335584237876088, 0.011970756107217095, 0.8830780862719326, 0.27997926609021206, 0.3466465423531856, 0.742192010423277, 0.8576473370374028, 0.5625244611241594
0.804141009906984, 0.6275459486400391, 0.17443252311017932, 0.573890725202207, 0.3988917130127063, 0.7650406695391561, 0.934867402604168, 0.22996180691064227, 0.3142721647608532, 0.3527386670001993, 0.2948377600439145, 0.0272408921099756, 0.6010676203600396, 0.7291543160142684, 0.994402191499763, 0.5689898724519823, 0.3944139412278673, 0.1808954020802489, 0.2148697038508245
0.21415089852901092, 0.26788274582519433, 0.2472543388004873, 0.5432399789051252, 0.4861475898088454, 0.5367433731324119, 0.11263726237271143, 0.6633427834003367, 0.7872809611246344, 0.29630629911928064, 0.8960404634535465, 0.27139501479664363, 0.791945590888096, 0.007800501913697522, 0.024102989732206148, 0.21732334571329615, 0.7311638830851639, 0.5343332559770915, 0.9153782337628242
0.8315832377183253, 0.2391518177381422, 0.8243064555483858, 0.07497626013845227, 0.16688174101911002, 0.8898838604683029, 0.7014366262259866, 0.14435617144116264, 0.13374217791741938, 0.4145418255438419, 0.5623389789501225, 0.8877547257287396, 0.773600580168996, 0.07256341688242185, 0.8934003205083637, 0.8530146720519981, 0.7356270916805846, 0.9857116037084965, 0.0708728285535074
0.2913845886142332, 0.33453895442355774, 0.5214093548768176, 0.10777762422890802, 0.7254848381564983, 0.12935326808119052, 0.045044848376658564, 0.6652439640438809, 0.34352493096355197, 0.8529462207166904, 0.5072910824452154, 0.1692349519322789, 0.5331300939296919, 0.7469226358435306, 0.9038531830743833, 0.6966556702378661, 0.46004302033259326, 0.8587224964093714, 0.7747886788135401
0.5949103775981436, 0.20957696468048248, 0.5936040888621481, 0.1361070804089448, 0.38094913182998325, 0.8661488977280457, 0.10766278125726603, 0.16634867183491586, 0.4372882041190629, 0.2989089975540661, 0.8599941791353665, 0.29334206435304766, 0.6623195341319138, 0.25071456400128156, 0.394859166786083, 0.9344506500746823, 0.9961545335024954, 0.6059463895052019, 0.7887079576940695
0.5011580219526864, 0.27049179248535304, 0.1943516781408311, 0.5143491486097852, 0.8690795102961426, 0.4688168876811989, 0.8635915027839688, 0.6957586634951988, 0.7474268391379938, 0.6143753789667785, 0.1516270447992164, 0.9456259895952503, 0.8935061519228386, 0.9513374679278522, 0.5278650058558014, 0.18668997142477084, 0.5919028446439218, 0.3990062375523651, 0.6335125672507929
0.17234771527587112, 0.8661231814387641, 0.4196422384493276, 0.8719144332383403, 0.18042776755401202, 0.05207458720146074, 0.025813803161043092, 0.5954357842658524, 0.6326718966602478, 0.2105262744849289, 0.49509489872326784, 0.5999385858955781, 0.13603717846210273, 0.6965629139061745, 0.8241136136329337, 0.6262059830819608, 0.5972645429225288, 0.858128412799104, 0.9044244989232796
0.16332218174506485, 0.8683186897310786, 0.7771259217547789, 0.9639332503948091, 0.9790979663755918, 0.87235863685962, 0.4181156266947045, 0.7146372866066237, 0.5100627598844065, 0.8790809040158423, 0.5778791850005045, 0.3226181455579551, 0.5969896503361262, 0.2567313667080945, 0.38852054904070543, 0.7103399086247741, 0.8696084098323074, 0.055126603501770455, 0.6957152771597818
0.0013029418621489652, 0.5369457713625758, 0.7300514898088918, 0.1918305222931489, 0.1713316070143921, 0.39817249671981714, 0.5026405691948356, 0.8036865761735109, 0.22123297464885472, 0.1974811053254234, 0.4044256086495406, 0.5130103710292356, 0.8437455385360793, 0.46442865195815, 0.2441160046433245, 0.9775008855230205, 0.23931572416516733, 0.15515706044170052, 0.2293121102507959
0.05485711441315311, 0.7240641400088501, 0.3512406798011716, 0.6152846598806182, 0.37000999521223643, 0.9311730399747338, 0.5317224821968993, 0.9011669297940021, 0.5494793918514757, 0.6889560118658719, 0.4567243535353154, 0.4565379648904626, 0.9017381761296114, 0.7700443611503798, 0.9225822288813278, 0.7346035388838907, 0.08251237432707237, 0.5986747676937191, 0.9942869892983156
0.9907403216751423, 0.45345080482908084, 0.9061188437450025, 0.0012651822602181007, 0.14235324492725432, 0.3450630262355935, 0.17806833949859335, 0.632133716837677, 0.9971786987950862, 0.2863511930532353, 0.41493451959887073, 0.9865522539101265, 0.4901570637997952, 0.980968193550599, 0.683121788510935, 0.08657517529015346, 0.9858371068483336, 0.7298415599513238, 0.8906385734178299
0.45632978246644584, 0.36084618634753185, 0.43045540723018916, 0.03145563804547569, 0.5072104939347554, 0.9557658900340201, 0.7586736801595961, 0.819156470589144, 0.7038431061652605, 0.09179196724908012, 0.19701222177649613, 0.7657171312974279, 0.225747395765438, 0.7390070098990001, 0.5080024694584038, 0.01663027108056725, 0.6804461713528652, 0.6396049682393183, 0.6846829591039482
0.8049610753545481, 0.02683546542314752, 0.3719559772822323, 0.3003340417419097, 0.5432966150543691, 0.10567744089908337, 0.07966936609469955, 0.11152999169940758, 0.012664014172616644, 0.7336379747442305, 0.7822224521920875, 0.2655617633312015, 0.9882737015737161, 0.8087561634383066, 0.6834890655231273, 0.732478415927636, 0.1583830153970518, 0.21333803017356767, 0.5568460841031242
0.20314342143610753, 0.7049104214859641, 0.4782689423166583, 0.9101202794564694, 0.14810119120793397, 0.5393464567780986, 0.4405813048799829, 0.8641905059024562, 0.44987527496150315, 0.522069443470037, 0.2324074091237721, 0.49607972999456784, 0.4275334580569182, 0.0483617418517982, 0.8323660227408699, 0.3169952723253434, 0.8021915822580217, 0.10112489609727682, 0.5973117020897936
0.7380938354741682, 0.4194274279953901, 0.8376013607860575, 0.11533582980244383, 0.14163748005524135, 0.1595064385360364, 0.2730333635294929, 0.8321923677160288, 0.7415393222155862, 0.9736035628082115, 0.24350752221371297, 0.07613953385582362, 0.5764258271714073, 0.43047884988512186, 0.19143639690420133, 0.08529032970298245, 0.051421713141192815, 0.7107886652013146, 0.8073939603926263
0.3203353935731803, 0.9398259555431135, 0.24757162494436158, 0.059064852284914426, 0.0806480748398768, 0.1586519177147463, 0.011680116566137877, 0.0493738669092173, 0.6763751203946334, 0.23731117007581892, 0.9166924292797156, 0.12565699670956376, 0.3653536259222041, 0.792894835822759, 0.5460049306988628, 0.32868098729303896, 0.23709490005466438, 0.1803967689159479, 0.17043078248940602
0.6118330819952806, 0.9333172900947541, 0.2069961094228917, 0.36382159119149293, 0.5471761198208479, 0.8215416731731815, 0.7169100357838559, 0.07347312606397716, 0.8966032283061045, 0.2864906535123294, 0.8378845372365928, 0.5982764352513236, 0.09902992291443025, 0.9608895559835053, 0.1590121891116929, 0.36900070347104375, 0.9208318334096186, 0.7877278435308903, 0.7962793834749509
0.055210250020670704, 0.38322435624104967, 0.7469178889439899, 0.9081843599988468, 0.05692354500103802, 0.7875069276974332, 0.7214526725332312, 0.6937352564391719, 0.8977339073359131, 0.4756663994904048, 0.626866632616069, 0.9267919052181911, 0.3258122850421642, 0.14514426057433738, 0.48097225982473535, 0.8624799444021395, 0.39118425993347483, 0.014882365186424162, 0.53124204088391
0.8364917088434808, 0.5435329031155542, 0.1324855916073273, 0.8600272221362569, 0.6996219802265026, 0.9937068578979256, 0.5751057033437283, 0.530188730636305, 0.23755226286368214, 0.9307992407597345, 0.3431442043380424, 0.7413471289589377, 0.7653080946150312, 0.4212201644816205, 0.21334044111421724, 0.3921460815706639, 0.17110618201145156, 0.29019950790056104, 0.7823427283177539
0.525548919023425, 0.11759605719019162, 0.7816796334750549, 0.23219970519664068, 0.19140643235866883, 0.7318437510354616, 0.5647338640578926, 0.23602833374377208, 0.06633499925305386, 0.4791979703751955, 0.8279304656329421, 0.13854410218744917, 0.9743950910362231, 0.8200055764144364, 0.19855363201354126, 0.2180037779950278, 0.015672419711770247, 0.14843919039870557, 0.8600680107360383
0.7116020520578628, 0.8277855934599359, 0.13822091989909002, 0.8478527768567489, 0.7847689068484122, 0.055960934493671455, 0.2553189209841087, 0.6203984761689504, 0.38798546700228964, 0.8460861571296651, 0.05988821678312073, 0.04297204099098073, 0.7158495773624252, 0.16877607449503695, 0.37628966171087785, 0.9647750763116079, 0.4750774947929126, 0.827925925667799, 0.603168659493119
0.6385776340487421, 0.38876980904038516, 0.8372225260358848, 0.37003318456300416, 0.7974059228624316, 0.6527339473414828, 0.07065243599450177, 0.03277933673745259, 0.55946899792289, 0.23605423551962523, 0.5423742591569762, 0.206295839074909, 0.48699054433235456, 0.8829964067442844, 0.7257214408608178, 0.28251625112478995, 0.7366245805526361, 0.4990965457345493, 0.9426412053919618
0.04405424609896558, 0.9473497602565668, 0.8755675425427769, 0.5817003534788199, 0.132903682509523, 0.941594530859336, 0.18864543806880085, 0.2794445292190534, 0.6145963894586691, 0.8332009692988626, 0.7510534762800349, 0.6526081019172475, 0.03067560283900217, 0.5834257011738507, 0.0692042694130135, 0.05726032443354789, 0.6606704682171035, 0.07672723929273317, 0.93060389451487
0.7499803228729156, 0.537757616353448, 0.612240910091223, 0.2602614900430644, 0.41513343010957204, 0.08866441515188217, 0.6170469521214725, 0.02085052605444604, 0.11633795453417661, 0.624734804471776, 0.3746309270679469, 0.5196356288168303, 0.4468111869729774, 0.3398940198743534, 0.6707176922898049, 0.8085613156450389, 0.8770193302049129, 0.2530841832169898, 0.4722385826058759
0.9384964594591992, 0.6327366553839207, 0.7737212796768949, 0.6178967818063499, 0.28085070760422837, 0.30299500871479557, 0.9457785240757803, 0.416492270076115, 0.626069923498784, 0.03851700201054309, 0.128867186423126, 0.14902813480038368, 0.4821819632384686, 0.06801774671049343, 0.3134088131316305, 0.8985026397776142, 0.016987041436457462, 0.960467855550462, 0.3166158408165083
0.754474733074277, 0.6043990405312029, 0.24190026337102222, 0.8729138885587634, 0.37074687135416395, 0.8855564829302184, 0.5752437792814956, 0.3976286885921392, 0.08910942146330636, 0.6517880381828508, 0.1935639256802013, 0.5895530354115807, 0.6583658514851481, 0.3840270881707909, 0.6375750703040213, 0.598636048414708, 0.288583546825981, 0.9304965616806526, 0.375333169175076
0.2725299231455568, 0.1706782507080875, 0.10096924185972656, 0.977703782521805, 0.9560187639312195, 0.5573673187594246, 0.7592739978464969, 0.024769775447104236, 0.012502777064567816, 0.8170617654308961, 0.6596945708461879, 0.7700232591851719, 0.15441658385508894, 0.23787097893638276, 0.7389159726686577, 0.507750403776708, 0.7280405517209879, 0.7142495925228387, 0.14921002305381237
0.9695606726963099, 0.37707607736409854, 0.2817944073619776, 0.9027735827323127, 0.33580622103954505, 0.9563781523004727, 0.22984278001778424, 0.6828156715510684, 0.8017998035148098, 0.8540372777103807, 0.7283476261087063, 0.5377111857639052, 0.6523840153206769, 0.5584876324408148, 0.1790674176615259, 0.034508403701133616, 0.9834466512794579, 0.28854994552859414, 0.3984509114368283
0.88134721547672, 0.3977946070083044, 0.8531680931154031, 0.5756785199314283, 0.525596204412758, 0.6848154379053593, 0.6121266563627693, 0.9552521957227574, 0.3316813628688978, 0.2977694874132908, 0.2714745003131467, 0.7617658943954592, 0.49716229089290176, 0.47034218821733853, 0.3228185415461501, 0.151097498536082, 0.817242781636458, 0.8600867043450577, 0.951058237728818
0.8021281967660997, 0.18543461440516928, 0.4849675968821353, 0.5092210655986777, 0.6091367634595248, 0.8268710363587262, 0.5822922270792679, 0.15251328268266195, 0.7993889112497568, 0.254314358506294, 0.3928774592490133, 0.8630076456335978, 0.1351048811661555, 0.40013699472404407, 0.342054658392555, 0.6276636545377439, 0.5670559607500386, 0.3654294179916212, 0.043493615702038135
0.34035561155753813, 0.407882168952713, 0.08092974026542898, 0.7832410996931588, 0.45827920491649865, 0.8528628662513856, 0.7187842749400215, 0.14918027619396734, 0.15733180276734537, 0.08487232422503654, 0.4032669864990772, 0.2513043794812275, 0.6794174086069663, 0.9633588194506439, 0.05333448178008038, 0.30641233938030976, 0.493238260020877, 0.17874406190554837, 0.2437369112325274
0.6222904741690327, 0.5529812480386517, 0.9542944250974947, 0.9398969607485532, 0.011794855534960513, 0.29467667708497436, 0.9006916019370929, 0.6915787537961772, 0.8694760774601431, 0.17362266413287497, 0.49390965133391074, 0.6440285561511053, 0.172559123481681, 0.5248106715967233, 0.7219386523035591, 0.13142072067509503, 0.641332663630288, 0.45481649221120424, 0.319569490791635
0.045919259453854666, 0.1936116794516033, 0.8539926816991473, 0.012153985750562812, 0.2740952733436358, 0.4702546786739872, 0.6529538456376432, 0.7667113477154869, 0.5020160967586724, 0.6312738524643329, 0.7901179850365877, 0.47896111593068746, 0.12461726640348858, 0.5493635844610132, 0.7806452629749094, 0.5797052884689122, 0.2205871278891811, 0.10488607094618774, 0.8097325441893543
0.07012332786610886, 0.4113117970948399, 0.4287976079430329, 0.5922870684202824, 0.1448463690097519, 0.3003778560594653, 0.4583838008369242, 0.2880119525338759, 0.7733577333730142, 0.40559020668952583, 0.6452970082227077, 0.06972011937576017, 0.15727148076285125, 0.3034746484930395, 0.8462823413263988, 0.48003730987522153, 0.03930489709470808, 0.2510808787789254, 0.15728931561986847
0.97273785084193, 0.6987680065164186, 0.3127065039322302, 0.71613510521906, 0.5059259247596064, 0.9276971271420047, 0.325105631805816, 0.9837950760353037, 0.8006227530427189, 0.7179504177589114, 0.7468176614242736, 0.6256959533843064, 0.5234578308646933, 0.19078519126059523, 0.3223354320411067, 0.1139507443921115, 0.15696952236430128, 0.8278217944001378, 0.6988153486374142
0.8602503974085196, 0.5544067623564981, 0.03180939617034906, 0.20410689078024813, 0.16626483302005612, 0.540729915295612, 0.5717206578897185, 0.903828568142689, 0.859964604687725, 0.4171817413386263, 0.5425588598231326, 0.9065453154913002, 0.18321015923274186, 0.3967887426272203, 0.35779282333099194, 0.32327613818711487, 0.816078942157573, 0.3013789912291637, 0.9675077276802196
0.14767044032530607, 0.835523125658911, 0.1942072691391593, 0.19521865952276152, 0.26033814208965556, 0.8953308922256941, 0.8794551968832593, 0.821100943667018, 0.033039468570714714, 0.6934210444805681, 0.37323177926381235, 0.13563611166992995, 0.8303934811476292, 0.3501480604277418, 0.26879128186201084, 0.33832957979448564, 0.0902209576545796, 0.3268195599716943, 0.5519332693346627
0.622783697765583, 0.32219055076482994, 0.9123720251288243, 0.47503928500358317, 0.9286577442086144, 0.9109176578177989, 0.9619433005491435, 0.7682509794491296, 0.6936026364786668, 0.6834181850767816, 0.25186186884988093, 0.4518402395063428, 0.16068623712070096, 0.022437670672417753, 0.5222397800856807, 0.20695363558033353, 0.9226531888243011, 0.9311124841117645, 0.33023902632370317
0.8248080947728442, 0.5150322552138744, 0.9441851077297744, 0.3504503401850817, 0.6940841723079594, 0.08922584382232823, 0.18114573202356454, 0.06694509299222928, 0.779659819101811, 0.4028813653319264, 0.5497388126644354, 0.881623409537553, 0.4756427744730374, 0.14699853864153212, 0.8539240371315305, 0.377994552211109, 0.9942629514837535, 0.28407377555211466, 0.16259303874800402
0.7607199496590605, 0.41172482582408443, 0.2280920790395461, 0.2866955365811611, 0.38740858779819753, 0.800316949708314, 0.6716803801792037, 0.3865443174330171, 0.9373242542983126, 0.49235431731962753, 0.4210755180287613, 0.41330797082984017, 0.815643347695724, 0.6412343769410771, 0.8225429031192082, 0.6829899714737886, 0.05555702885929681, 0.8109052889713978, 0.8670420063566601
0.2614680435681117, 0.624692719405973, 0.19101611851137046, 0.6587293847930548, 0.3800114230649102, 0.004377598438266794, 0.5315036441289448, 0.7534886711793272, 0.18293472209373984, 0.8727669938660819, 0.20005017362511957, 0.8276994435172768, 0.5446103853456933, 0.40664421302503273, 0.7959316453534026, 0.8987977714673181, 0.996181148207358, 0.016194457221321623, 0.7838116125987159
0.6541651342860648, 0.7676594914732224, 0.4864725828921542, 0.4944314571134587, 0.675945006267651, 0.685354035204279, 0.5828930193778596, 0.40416813935775764, 0.3023693155788475, 0.4350075238300094, 0.32625558542923927, 0.2370739298920681, 0.22580761223195633, 0.21488802320158784, 0.00873152318056103, 0.5768361437162688, 0.8670794374819843, 0.3855599537791309, 0.3262004327289657
0.8511348516346606, 0.41600155154615437, 0.5465292547780881, 0.8247230082001031, 0.42852680626333894, 0.24116141227288745, 0.05355915607491746, 0.0805789066764554, 0.9363111612669568, 0.2669735145768365, 0.12346969137991248, 0.27693717650166305, 0.7143450965243715, 0.19084044193871763, 0.07897506394280429, 0.020061955376120433, 0.7784426068726995, 0.9857553913462173, 0.3962583818955987
0.16513910606357685, 0.12250194792022762, 0.3922468453169231, 0.13362932482330758, 0.3724620762416304, 0.7423203268104192, 0.6193622038046886, 0.9403004863748563, 0.6672021411166812, 0.1990148470418377, 0.3203887368514151, 0.5195168549830642, 0.048636180733011125, 0.38035571744542773, 0.11869274220063686, 0.23988425464619612, 0.8918337536050768, 0.38258807199443945, 0.8383405012720009
0.6225667810764143, 0.6857765217002474, 0.5981736354431406, 0.457268649495571, 0.02698170601454375, 0.13294826204951904, 0.9951730270523894, 0.5300122557177646, 0.31556299702508883, 0.2465464449614453, 0.023469938174472627, 0.1951917988533165, 0.32442528962006745, 0.2210903927151774, 0.9229857353809331, 0.38869195732086415, 0.6974106659641346, 0.6695141525919187, 0.7087414977564725
0.8398373600548245, 0.7756450917976149, 0.3296209179394489, 0.30815424749255405, 0.7729431177039918, 0.28790292937025663, 0.3627869062656116, 0.2615974178441979, 0.8040515080681209, 0.7127584562618235, 0.48093244089976017, 0.5128859847492021, 0.4904509897764512, 0.12750737695125225, 0.6061821316310897, 0.133524213862522, 0.32372822384833155, 0.6571199039964615, 0.997458181166558
0.10900691464230827, 0.42278962870609427, 0.130919732076486, 0.5294553661745919, 0.8062677347674713, 0.06429479967340013, 0.6148821507930509, 0.8453903760308886, 0.03283368268326736, 0.929793009444294, 0.006588956301327165, 0.010960966469791611, 0.5765976528271636, 0.4619347115011928, 0.9504437764094428, 0.016205343773357583, 0.9627353566669102, 0.015869017206983527, 0.7932841129850733
0.30887848426427944, 0.37446137024887527, 0.1280019281351965, 0.8316314003262347, 0.43240870148900823, 0.2288694957295142, 0.4337585773013053, 0.9770823789248134, 0.5485032518087616, 0.7859090720638585, 0.573218697656867, 0.5834669739889502, 0.050445726530953805, 0.05529895262068396, 0.5151419425438887, 0.8631850717534935, 0.04957196398240271, 0.0627800615063916, 0.690924673955579
0.668270647507989, 0.8446641655592056, 0.7575905871355406, 0.9541031337782975, 0.35623135376309734, 0.04648354845415936, 0.8513514269760167, 0.9667925546135866, 0.9804292709190814, 0.2355392068720572, 0.968240282691662, 0.5538960830696068, 0.5793145826126639, 0.935717980329666, 0.7302727649938129, 0.21718091286458918, 0.2694320685831739, 0.9818891418759191, 0.8437311366638782
0.9302448387117416, 0.1886973472100857, 0.8166778388596279, 0.9557313586830967, 0.872196272657669, 0.2002259290579087, 0.565058234996879, 0.8308071566523308, 0.7651810586763349, 0.25208533615197026, 0.16375098408031008, 0.1860812575070594, 0.27994312500508245, 0.9254223690929402, 0.9545355629545247, 0.053962927958580154, 0.8178147709441499, 0.4460887871186574, 0.8593820238000159
0.20253622715095854, 0.586793671469939, 0.0658798814338023, 0.22854634566839405, 0.16352033795500576, 0.7959737897991751, 0.007313244989518353, 0.36066716830379253, 0.6490755058827119, 0.7805691433926494, 0.09131326764676684, 0.4899786196152288, 0.06678509440432268, 0.6131637222829008, 0.11417948238242093, 0.21415646588045156, 0.022535589992192406, 0.6095196129768425, 0.9303959119219624
0.9838328767559453, 0.0900622962073736, 0.208281662836727, 0.8679825853670062, 0.6712199681090939, 0.07500067613340511, 0.19040776852543706, 0.19320673725106585, 0.30567888736957327, 0.7463983216422923, 0.6171032511670486, 0.6404212529866172, 0.37114283501662415, 0.5323296165606822, 0.6987432556776239, 0.6313975797906215, 0.7225955667077868, 0.07721803627116075, 0.01542692181320593
0.09798309956499274, 0.08145068710671066, 0.0032703806477972774, 0.21169549340380867, 0.08819491823761383, 0.34721068970702085, 0.7624319766378318, 0.8182692933939263, 0.34152418831179754, 0.651755748107388, 0.22317501977354381, 0.7265444006497513, 0.8771655279113812, 0.5001596874227435, 0.8373995665254217, 0.9211585967862304, 0.41393161971539594, 0.7505834147429835, 0.29662130221347394
0.9349169280911118, 0.501946362556799, 0.6154911939955992, 0.38607163596801775, 0.5528303983534278, 0.28929957398620365, 0.878273603512038, 0.6611815866125939, 0.9181168558131704, 0.5804311297996769, 0.4461949562387256, 0.9823720951434675, 0.6956964345331609, 0.558241139017118, 0.8455405606472616, 0.5425468988646323, 0.08789966711444863, 0.3781024467721722, 0.5745390675098897
0.6581477692421034, 0.4643757139424842, 0.19585669492133095, 0.8995109187823768, 0.12652359124127532, 0.677405104314896, 0.7529329327445361, 0.7262442953396622, 0.7803819282078505, 0.6240997396320188, 0.08487318616414596, 0.8792329322359496, 0.3908299200763603, 0.2875496230500636, 0.5755094712319122, 0.8485768408999729, 0.16718869428615046, 0.7711387898305769, 0.6531129809342724
0.9622199951172731, 0.6662549684399847, 0.8046514963204289, 0.600843691651939, 0.2256792113975732, 0.2911689816227845, 0.8403067881647371, 0.1595062342676492, 0.9782681611717183, 0.9880603589812682, 0.3953356700248707, 0.13150140410032796, 0.07823678273892931, 0.21528512657758048, 0.7933527488802827, 0.9771844059370939, 0.33584627722314986, 0.14836832860801163, 0.01362542600139438
0.9797836824484197, 0.014585507883760895, 0.569531835451617, 0.7720208205524899, 0.9925051661802884, 0.7570805705105547, 0.27887263529299355, 0.6019957642900459, 0.2689352813124386, 0.10727606960407365, 0.7416333156331306, 0.06187671658261917, 0.9879424549483795, 0.4776029119753771, 0.9042364992962693, 0.10763486130322342, 0.6029066066111114, 0.8516385606023167, 0.8177430491649189
0.33185097829603605, 0.42464235307462306, 0.7709998586350825, 0.5545594063839228, 0.07256444280146468, 0.24349396131797052, 0.11167694204026934, 0.23741171762803726, 0.402361752561028, 0.3893548461012415, 0.9305618330433661, 0.19063799790190228, 0.6687503047068325, 0.8514270688967257, 0.7264007849611072, 0.023328559715207087, 0.9435905359111919, 0.3284616908167294, 0.5485162076732297
0.0030809338951284237, 0.5779950554989788, 0.21105284975620697, 0.6886886424975773, 0.5051500518933706, 0.6929359662098544, 0.48952396712359325, 0.3087139977632716, 0.25752847394831657, 0.11238751563282134, 0.16381139304117032, 0.6502132715922436, 0.967373779122593, 0.6931076604802471, 0.44568250795651265, 0.8072149063136972, 0.2233137673403769, 0.355881266486734, 0.5944501600014612
0.11818029061555635, 0.09418562913480788, 0.19202575047647796, 0.6210855956245698, 0.8423212427208852, 0.7186819417960908, 0.48760690063433376, 0.23201883980631843, 0.8452643459138727, 0.2206536167954536, 0.15996321286178117, 0.46885495700160607, 0.33754277661331955, 0.4402410295063104, 0.9243408760758445, 0.7359474202151725, 0.43581475943851444, 0.7966768336511825, 0.26023306616246866
0.2327168720344388, 0.2692544443536712, 0.25040886571616217, 0.21074202104291506, 0.05877220714850817, 0.19310777310855776, 0.38245268180418746, 0.7342869731276671, 0.10345706624535655, 0.4317658602168204, 0.891829815936487, 0.9552659286344712, 0.550570550606471, 0.3689055791841013, 0.9629996087739469, 0.5336617543767155, 0.9747541978796578, 0.21036720940512998, 0.210854065349953
0.4275723418637474, 0.35625789204602964, 0.48031615929611493, 0.2234570838993004, 0.28899864550833576, 0.5619889155131632, 0.007376954683605108, 0.03598125386376283, 0.3793172852351956, 0.25298033892063854, 0.7383727850504845, 0.16219330915004604, 0.5146080695821534, 0.48442412070570606, 0.03442192128430577, 0.5141263207175547, 0.17809626956629487, 0.39948576627187116, 0.4617800114914671
0.46820729526148563, 0.3285322622387884, 0.9681079118830204, 0.6147887510146005, 0.547094112012125, 0.8058107288020926, 0.41667321919090283, 0.11807869526965376, 0.8272970677332752, 0.5475370721649743, 0.7519261484824309, 0.43963619549141775, 0.4626321649548921, 0.9809270189897733, 0.016883488377519962, 0.7535736290214327, 0.4345130699970159, 0.6215948795641733, 0.6571181701532456
0.5638789979901898, 0.0862536279799, 0.7729126796067992, 0.43213312066641785, 0.6549475778724984, 0.3503195389742165, 0.19796525766132844, 0.8405844954709945, 0.8057882916800264, 0.7813266895916926, 0.6040260626370326, 0.8678747005115262, 0.855432910849652, 0.21380902113470812, 0.6379508701670643, 0.9492852890155475, 0.2060780706483072, 0.5683751292492398, 0.9618378306622387
0.12273416666711401, 0.40621508067080936, 0.40859612129685274, 0.2328067557555331, 0.9481126281209358, 0.29546964136390363, 0.8581565256734172, 0.4553318660070611, 0.8175371716198695, 0.4763006652639197, 0.42111618513490345, 0.6706318028948225, 0.44069693045488467, 0.5417969628117365, 0.9911776904760264, 0.040786315675404916, 0.5242703770848701, 0.7556904421599044, 0.43918488431444525
0.3127934414431319, 0.10180419076578184, 0.7731303682378009, 0.38900751693380375, 0.48263357848019206, 0.5113268624583639, 0.24290198398207252, 0.5787419509805444, 0.03918055380550911, 0.548448899701656, 0.03153246955986033, 0.03577657889777741, 0.33600293222333544, 0.26033590817766494, 0.5022453346190378, 0.6505399035238915, 0.9554416434995548, 0.9306578877996271, 0.5031251833560231
0.6841813752563832, 0.7210948041832371, 0.4432918654868059, 0.7879170143195203, 0.11833156257852973, 0.01497945102988174, 0.6992261754722888, 0.0046295381535663704, 0.7032727515295876, 0.9652893625926005, 0.8343483047349542, 0.7741726346536187, 0.35525738905790294, 0.14673804496872622, 0.7852416521702432, 0.7681519558880474, 0.14589575144318223, 0.4534137327707334, 0.44594574720666036
7.02908723316e-11,0.000233159452898,1.29459645752
3.95810155106e-10,0.000226365086967,3.26917309623
3.03034693228e-09,0.000756640151356,3.7963326578
1.4624992064e-10,0.0017405641085,8.49708085661
4.91820906667e-08,0.00485259849511,5.77925041748
5.00995853786e-07,0.0162594950012,18.1012738594
5.8302178688e-07,0.0455886194927,13.6164220901
7.94217083098e-06,0.108362733864,39.6313575416
1.40530144586e-05,0.337680129742,43.3719279778
2.68654837456e-06,0.808770644471,60.9970794769
3.47303399544e-05,2.18499662303,152.880607629
0.000397160436003,6.15073761415,177.440135652
0.00834223097942,16.4716414387,276.725231661
0.0188523512661,44.034009215,298.898014076
1.41700314352,126.455695144,427.182947895
