$x1,$x2,$x3,$x4,$x5,$x6,$x7,>>f1,>>f2,>>f3
0.562890534458145, 0.4621377129774328, 0.5056046084383381, 0.4515230904323921, 0.45480458911117466, 0.4776725064321986, 0.4828582623025892
0.4982954661237752, 0.4972797423334631, 0.4551005951977285, 0.5349968472191278, 0.6699325623729102, 0.21719236941414766, 0.5061767194818213
0.2575320157966374, 0.49830470951177874, 0.41988821349141664, 0.5197049173452324, 0.48303127694145487, 0.4836097198385805, 0.18991631503818318
0.3663148118332314, 0.36057946581705735, 0.45103526443166764, 0.8709298724032531, 0.8829154055630636, 0.49537473613387, 0.4055944217456482
0.6009029671614411, 0.43932144638655574, 0.27761314197566267, 0.41463962443501107, 0.6634565140288569, 0.42076025251009674, 0.47941283729243056
0.5278356577774175, 0.6237051650649059, 0.15119199255507243, 0.3422074998098681, 0.36662861402349745, 0.32543386448672906, 0.581269578213241
0.6659924124132499, 0.28154018246141255, 0.6015298621532074, 0.6150704497079581, 0.5413728258356542, 0.5788101345785129, 0.7550093571644563
0.5733453556440269, 0.6900102366645176, 0.23015813342282665, 0.4051741866535732, 0.43717176091825616, 0.5497474477551678, 0.5556230339284993
0.8400064732511403, 0.3766348792190419, 0.42215177623491507, 0.33012306737213337, 0.4605635279262483, 0.34161129379766, 0.12047761283427794
0.5844726287565475, 0.5124624014664743, 0.1658433969292143, 0.4397744453495188, 0.5805809897728819, 0.5231339767959251, 0.45745216601464606
0.4268079450941728, 0.5115541589705828, 0.6478667260105377, 0.5579482644635765, 0.41159962242506787, 0.3878611431488358, 0.33401846245104283
0.6022357217044219, 0.5881788458584379, 0.9052321083474625, 0.6622017899745545, 0.5446305417998397, 0.36964352797996775, 0.5479764798687945
0.4860280793591199, 0.4781830983379194, 0.3659561251587896, 0.5684433987897746, 0.7345154739051454, 0.6889261546053248, 0.4962874703868869
0.7715881129656601, 0.4552403617080706, 0.3528644421677878, 0.2585134484397551, 0.5401060627003422, 0.5076264336877953, 0.21260127555848052
0.47259316356280695, 0.2518145315339424, 0.4961050643442604, 0.5545886251851657, 0.349805215852416, 0.5205666868829721, 0.38526197231438575
0.4923885513941733, 0.6223016558841057, 0.39984735446898256, 0.7412909968151584, 0.38346016728657617, 0.306467278867129, 0.7922349152066346
0.34537189458870454, 0.6201839189753114, 0.3299792660197482, 0.3443822957364005, 0.7342405239925629, 0.6278819635909637, 0.5058557970387639
0.6671663941371225, 0.48770830978566815, 0.2966739089153953, 0.4589206413886404, 0.5108249036684995, 0.6629549634262462, 0.3833962371306331
0.5709506870217769, 0.38911112408920323, 0.5735531621819683, 0.7344893872845812, 0.10394908932526581, 0.4152003021314429, 0.6455320361202703
0.35157782912676105, 0.33045615191529576, 0.6137068889547753, 0.6016492381022509, 0.6352228179572802, 0.5059390624292535, 0.17817317114622455
0.7991929816683963, 0.6583529250213203, 0.47076473665766433, 0.5682173958112936, 0.39454744146085713, 0.341939674122156, 0.8478761272880623
0.6376517180332375, 0.3451312524781974, 0.3918926992584633, 0.3286450076466916, 0.7514917736114204, 0.19810437656462038, 0.6537428711211523
0.7645075308498842, 0.7092741640148743, 0.4309515082765367, 0.4222456949094029, 0.5342910863755171, 0.47612999823614993, 0.3738365337326835
0.5443151606048073, 0.8466777134064039, 0.6484327545573277, 0.2528512763307317, 0.8519520237358373, 0.7225231104518249, 0.39529846714796435
0.35189587440749637, 0.5534979808943272, 0.5309429257379922, 0.40399223625603636, 0.48603970821775105, 0.3133434395423497, 0.5893320601772525
0.5213325164230984, 0.6299220369728724, 0.8266913793406984, 0.3483729572688475, 0.1710482619575564, 0.424024467508233, 0.5643289890281539
0.5524439599425394, 0.6943069344247709, 0.9132878303265245, 0.5145580561572354, 0.5421062952098304, 0.43861189503012166, 0.3672351117403444
0.5322632443025768, 0.6806999531702328, 0.9365676235672494, 0.3451331429767447, 0.34825430993718254, 0.45315765847576644, 0.407769946227182
0.3530802445457367, 0.19396811584558776, 0.5167475345438028, 0.5103846741118587, 0.9771530043648449, 0.2904832585276648, 0.9309961841413746
0.43006420739224105, 0.2636315551199391, 0.5371470757102578, 0.6934897474238937, 0.32179410609001585, 0.6029744586561976, 0.39723690081565594
0.5563480066796503, 0.330163256288065, 0.41188415823038305, 0.15593942781909148, 0.27259961615981354, 0.35711068296908743, 0.5086596323258717
0.08628438675163153, 0.13110180656736564, 0.5408392348804798, 0.40364426247409385, 0.5939931652554733, 0.5729558003201305, 0.5173735713544122
0.7027015044130234, 0.6078066706312264, 0.9190818998145912, 0.4229713392232243, 0.25012640023328925, 0.43196891765493695, 0.6896016350207065
0.43181504790942954, 0.5199752615347609, 0.4578707479032863, 0.379803893269625, 0.6366958103275628, 0.4319353815348148, 0.5934861657552399
0.24788003997026237, 0.505953646121558, 0.5397639050104416, 0.6794496435727797, 0.7703399352052274, 0.7571911133985677, 0.43336918521850226
0.40788012533126683, 0.7181266933617592, 0.6887759610145544, 0.09017068768735781, 0.49295240599070445, 0.5079718607811593, 0.45163729258439445
0.4183482857365668, 0.7427133174791257, 0.5435020628281979, 0.4645656169611547, 0.8098144411094554, 0.16454310321394722, 0.2074179853019522
0.5629118139615569, 0.7250668758161349, 0.6654722066945068, 0.36418132988554536, 0.6387195064672151, 0.3155666823689755, 0.3861832487125939
0.26408404527025653, 0.5878565817757082, 0.7690221799199917, 0.4178407498517926, 0.7078715829212046, 0.5624926401635114, 0.21065166364505972
0.4979186773886655, 0.9001828112578415, 0.5050842328672093, 0.7057341467923784, 0.4126616886420835, 0.3869033711133134, 0.3459773647597832
0.1350540687129082, 0.6987028796654473, 0.5755937736729699, 0.7525199880456455, 0.38388789554148245, 0.28929283706831865, 0.1672066265346413
0.3902155589738396, 0.43294737776438186, 0.5339247514007993, 0.6018969815618666, 0.45108739735546416, 0.6848630336197854, 0.6822539007094528
0.4175380698279096, 0.42140412950659917, 0.48257569587223414, 0.31237497839185424, 0.4726092089820683, 0.4532231239549929, 0.3863877469194127
0.6011953690061101, 0.23684534808192803, 0.5207421884646098, 0.41983740283808657, 0.19860541875438775, 0.15059183561492206, 0.44035338360886794
0.6740940691588598, 0.4426773618693997, 0.5492431055522939, 0.44672721258423165, 0.34445239998100824, 0.4439563086023496, 0.39616273872258967
0.4638790967426072, 0.3108094475099825, 0.36156281476534213, 0.4638057279557616, 0.5829657912935494, 0.7362396540444432, 0.6118435286979302
0.694862477530112, 0.6920649349543845, 0.38844495905490184, 0.5015793974574237, 0.4832902909330985, 0.5869176045174679, 0.6860906757361565
0.3063279154851724, 0.44714164455672856, 0.7980985515920533, 0.7460419513575856, 0.49897305699134287, 0.5416733564455292, 0.44789412367632914
0.60392352627499, 0.24447227814479267, 0.3121470794030601, 0.31248098221651666, 0.5640931673467919, 0.6944543849717444, 0.3183475870843358
0.56504207005266, 0.4567348792164153, 0.6140346060616917, 0.4907122195518566, 0.7504171937658991, 0.4315332692955272, 0.08941607228757137
0.4110145604434885, 0.4613002700991405, 0.35261709391043994, 0.44280815249614536, 0.32945341877611617, 0.7204973948581669, 0.3499992768772564
0.44716067851507363, 0.6915941540355584, 0.5576579550503354, 0.6865163700278383, 0.8234635711747885, 0.5498532082927465, 0.5218871375748583
0.45805687682990404, 0.314194172635466, 0.652800758291066, 0.5116560862487637, 0.40261860658198056, 0.4638424552309543, 0.06087160013896792
0.6906902116864803, 0.37300554153647253, 0.7132807334379546, 0.7090690146662346, 0.543904312882115, 0.27981634592389654, 0.41290794337186837
0.5225573895405704, 0.5980755489633603, 0.47513030492051117, 0.18372242509656556, 0.5221467868187957, 0.7779093308818754, 0.36757167030825544
0.3041196502433019, 0.45407882273862904, 0.40517777211222844, 0.46637967470408104, 0.3854301087647236, 0.33710465015163593, 0.503315841336759
0.46321197107733125, 0.49218051261538465, 0.604302210325956, 0.815521664232592, 0.46461465081976666, 0.47401070373404885, 0.6941861539205256
0.7126455130458174, 0.46594948467162467, 0.1960462405002792, 0.20578979963302457, 0.45813632067337273, 0.3423415186584662, 0.35922326161127943
0.1866152107273305, 0.3997712924079705, 0.4430923092127577, 0.6000319384687511, 0.5997846844375508, 0.2373623893667795, 0.27977781001075175
0.5428309671302245, 0.5199014859107113, 0.6039961958416936, 0.35802898703428787, 0.3885506281693384, 0.4428813360292768, 0.07777391236163228
0.2948103653569165, 0.5511600161064825, 0.5106930509258935, 0.48461766310881393, 0.25032931600350217, 0.5738122203569359, 0.6126769571654296
0.46208551029219436, 0.4824282901621858, 0.49845413486499535, 0.5197166870616513, 0.6255310595280149, 0.30371245232279126, 0.46174714901205816
0.7439139401462003, 0.28899490393478333, 0.49064249949424316, 0.21552615645359313, 0.5197089494545168, 0.4236113925194921, 0.2184532435434995
0.7419838117276208, 0.7249010040124565, 0.37442400396009684, 0.5050350296616114, 0.48264077128533595, 0.722915285282161, 0.6805826105872989
0.5719978125189819, 0.6467630072969304, 0.2527025580729327, 0.5731257695428913, 0.2938541882366509, 0.46708256919298674, 0.45612694769084117
0.6840404937702634, 0.47307374958924986, 0.7242005336094457, 0.35676359489184184, 0.46681258111393464, 0.5435102114036977, 0.60258605226552
0.7913792985136384, 0.48159955010559796, 0.5779244600648259, 0.8542066674592557, 0.38080921504499937, 0.5412926013756081, 0.7645451208048071
0.5207212565804062, 0.3532455908874836, 0.4310901520941264, 0.3823294747040718, 0.3880811806568403, 0.458490112184731, 0.5629853127146228
0.7994465947313528, 0.3741296346472708, 0.5484782605689258, 0.5967216308767221, 0.7286945673211096, 0.7970108507845047, 0.46449338801740025
0.4176802566396426, 0.5630869923011006, 0.29296975872900505, 0.8191139778246181, 0.35436776032699446, 0.2958945241818327, 0.2616068231117547
0.5446492713891578, 0.5344596917615553, 0.7246940893347579, 0.6260157716984232, 0.47146140452880353, 0.7117037664254813, 0.5119573171317452
0.47709833116623257, 0.5575591474284887, 0.48109065985548394, 0.3662549168909238, 0.6860022162869315, 0.6142351474410328, 0.47223017530624667
0.3625108107505015, 0.3819826126640762, 0.5280947955273408, 0.6716032874255277, 0.3138871831517244, 0.6035470943597803, 0.40515093936989155
0.5838621214878648, 0.48111521130544194, 0.8754634853357032, 0.3130449087005023, 0.3325287395531522, 0.4855129348931207, 0.24655720914152363
0.32977524457184904, 0.48667892109441957, 0.4877433739391792, 0.31015294701822105, 0.7407110362832374, 0.25979383200957007, 0.6484304168517552
0.45390615995769723, 0.3880523128021031, 0.30793309397231117, 0.5472065059666497, 0.3149688555657559, 0.3603379557310372, 0.07835813750334264
0.4561636626088761, 0.4313346679703992, 0.5492590911144607, 0.5148257982199498, 0.5432272012072247, 0.29099106156384685, 0.45717266628685704
0.6422973451579872, 0.5425125330078334, 0.39652990091468654, 0.4942986022464495, 0.5707362645998222, 0.7729220936205653, 0.8891700832277762
0.6853880570803262, 0.36589262280019075, 0.25703212833789, 0.49404450838982417, 0.40307615517620077, 0.3814458153002996, 0.5845531290900038
0.6649391741969876, 0.6298366754462097, 0.6259670713770271, 0.5628511112150233, 0.28112998095239217, 0.46601532523432365, 0.33981024034241664
0.6603720206805, 0.4621632923670586, 0.5817320780183458, 0.4308627292105188, 0.7865620045079441, 0.2187963140459226, 0.6071824316486623
0.28549387416969285, 0.18306814157454243, 0.5213192077100178, 0.6048701306427194, 0.4881365165010116, 0.40036549936252264, 0.5409875936823255
0.29060671282153605, 0.7942510309101525, 0.7167550531474529, 0.5024023459830527, 0.31131198248194425, 0.3662161179075283, 0.44409837009611985
0.40629243929050757, 0.759412418808487, 0.5160329996104136, 0.14588020666546292, 0.635847614425005, 0.3609956443980368, 0.10539319963120553
0.5194079881608084, 0.30984446169414454, 0.4280407678294931, 0.5627057864707308, 0.435422296095091, 0.5255671165659217, 0.746033002277595
0.4274628691042258, 0.35645115820792767, 0.3905956994304457, 0.45241321805406987, 0.6192008088205363, 0.4935371393264996, 0.4037699648341208
0.6841049004511301, 0.7249693171087783, 0.5641419107172794, 0.23696984358948958, 0.30814859620558444, 0.46002056493805754, 0.2938113904666268
0.3876285154803048, 0.5099881804488002, 0.6528911355648793, 0.43679051109165656, 0.5747177030788122, 0.49530747069072495, 0.5312899175953238
0.21899082190168262, 0.4531125361440034, 0.4985439753599162, 0.41486757410396663, 0.7836363493921186, 0.1515141802175956, 0.5079429867572368
0.2395641283380623, 0.21317988124381165, 0.4171305570234338, 0.5265545690674973, 0.5637893952191162, 0.4409142654710028, 0.745011517968177
0.5403324864065944, 0.48425963734459565, 0.5072559046762016, 0.45577306914860266, 0.5233988621437613, 0.4381407311818911, 0.24303263878677944
0.34865508705896864, 0.3997946359841935, 0.5717707351962156, 0.3889540941573925, 0.5553055327713471, 0.23922866687169275, 0.5066049348959285
0.7085625566989824, 0.2707919799812224, 0.3732685260423165, 0.475967453451625, 0.20972718848497396, 0.45373529884721575, 0.5292654691850248
0.6554780520586956, 0.734552116997486, 0.49938056285877686, 0.7849294801448754, 0.374044407774191, 0.41224734992682177, 0.47637878832939745
0.8690102625871535, 0.5849713199258573, 0.2124801352526246, 0.4690669825949795, 0.4515327675440019, 0.6191342319869015, 0.5357849303190141
0.4810065946542716, 0.5292002242561253, 0.5104180852984014, 0.7153602671970757, 0.7607723777356699, 0.7027143481356193, 0.462928756145032
0.7823031207905031, 0.45080087279989334, 0.47324374948871584, 0.6651341459998685, 0.5306278926883068, 0.5414412422485989, 0.5544544475250575
0.6399899878570645, 0.4854221789240951, 0.6740857697741139, 0.3462609932958517, 0.41623949114228587, 0.6475481100751246, 0.5108295595170445
0.459903323700121, 0.35675640093285854, 0.4553082872905469, 0.3696819051402984, 0.5843362572463519, 0.9405998380758802, 0.26689428012646177
0.15602001739165305, 0.41071488788915544, 0.6664336261581635, 0.46457101462595857, 0.5772799881454374, 0.4810317393338401, 0.642030385681686
0.25648732560141807, 0.6056345384108478, 0.43840104610073655, 0.4222318048912572, 0.46981264452154897, 0.48689123150817903, 0.5490994791322075
0.24604237465373724, 0.9100372411509778, 0.3574910432867218, 0.36836726161545974, 0.8689267715508858, 0.36652347842369876, 0.28357576464307976
0.4992905732070166, 0.27285847627405946, 0.636742743169173, 0.39286742755464804, 0.1419275269010562, 0.07399582927203507, 0.5536598398088087
0.3315365874258156, 0.5053327880752049, 0.5368729234710223, 0.38530762831221177, 0.7753424671888776, 0.3899356562464345, 0.40871101857975956
0.3749181878626271, 0.8896593212811266, 0.5080411987911058, 0.6287157177847842, 0.36369920609165896, 0.7015501229506151, 0.7381954646858893
0.4122789642090574, 0.12061665708618191, 0.6616778327107324, 0.4808118842409744, 0.2745607699321088, 0.5214045442446125, 0.352757894204644
0.4686672821906881, 0.5298957209689782, 0.6011606788421591, 0.5799253354098708, 0.6297369148201402, 0.19623829270464327, 0.33459483520670286
0.6634394436204473, 0.3673044314941198, 0.41579917582263887, 0.4218695410889324, 0.33914982519082004, 0.6439467552050178, 0.8450670739987235
0.4883539263209332, 0.6344553855238815, 0.5751945181323589, 0.5364261002982306, 0.672936023454167, 0.5482377535565882, 0.2909909276339257
0.3852673968725111, 0.43829372133408995, 0.41835185231488137, 0.6411407386071983, 0.3263984275741667, 0.3026632367121317, 0.5185387575415137
0.31392090088938085, 0.41985014959783784, 0.6118897879536573, 0.37548402965094396, 0.40418233974476164, 0.7085164638871438, 0.4030283934791535
0.24938891917254236, 0.44597552770265125, 0.28135147096396695, 0.37990840820819916, 0.7420993307147494, 0.4726208998345999, 0.6580316927379577
0.5387882354157303, 0.1249745503175127, 0.6265516856586533, 0.6120764858241626, 0.38848085495673956, 0.6186976159635758, 0.5832017032144919
0.4596046046939489, 0.5670909161111902, 0.3073685770651938, 0.47858951087463936, 0.4394341700547135, 0.6885917425055224, 0.9274668921889858
0.5241834890520237, 0.6596041026420836, 0.5482008728626924, 0.49391410711552614, 0.39598238321161033, 0.6168245524988667, 0.6107654053908381
0.40962978900258284, 0.5758601237797867, 0.6064842920824932, 0.2209178299538515, 0.4922627710843296, 0.5017982799694924, 0.5088882970864893
0.43887471623640706, 0.5197047601072781, 0.5713788146440342, 0.510018370029292, 0.5054837367745605, 0.5153229272621195, 0.20409000235340213
0.5177335817619727, 0.411549893938346, 0.6824829171931218, 0.3847954630846725, 0.5792976278703694, 0.3619205242396474, 0.3583254088446946
0.5909252785958542, 0.3292383488359148, 0.48498357660055325, 0.40525528750510476, 0.6409196241164729, 0.7612374101480478, 0.26892909710321666
0.48441416287058336, 0.4649228902959646, 0.6384248803036641, 0.5291856487368654, 0.7558309485693855, 0.46520701268280085, 0.7049491337531287
0.4979423762759538, 0.7990847310032642, 0.3987719859023034, 0.8569669184127238, 0.34802680950679465, 0.4828614187982871, 0.5564029990301287
0.5823501667309461, 0.6220842834688318, 0.47894232825914607, 0.5741980348977829, 0.4011914807388608, 0.5416524885448826, 0.6818984820392857
0.5774785393029604, 0.5351006068774921, 0.6037954779705175, 0.8995465317621185, 0.4897651081621783, 0.6665993337887821, 0.40751354365147446
0.29429460952634323, 0.5743096265734515, 0.45332083502526554, 0.6759659694335693, 0.6165397902376315, 0.5941508676694718, 0.44593896302714037
0.2791668027214929, 0.40423660907198306, 0.3538499877073249, 0.5079523335415398, 0.5844691047636943, 0.6010387560837578, 0.4785272914543985
0.2927165668524893, 0.5708460360227292, 0.07018981243044536, 0.42800023308074303, 0.4354754947683339, 0.5970108809918857, 0.35917401189760756
0.6746739633741029, 0.5050405956801576, 0.6274016680455046, 0.3291554130486456, 0.6244423076117172, 0.45737999403616947, 0.4027493469726994
0.5050665425044003, 0.5328038196140283, 0.7469636836338971, 0.6710630428478932, 0.7001984142191873, 0.34654393146955365, 0.7266732077404022
0.4231124611563293, 0.9370155560306783, 0.7971652393929918, 0.8333063898057849, 0.4545689316128469, 0.4410319764155548, 0.5613353836158919
0.7927168865205025, 0.38393916344338763, 0.3323887066072697, 0.43640096466747874, 0.5403943528141016, 0.08639180762598725, 0.4160318069186282
0.5567867229687118, 0.8165479209601536, 0.29054144105089796, 0.5938805712360875, 0.4944673841096167, 0.714830811401755, 0.6197375783723718
0.2482606174395871, 0.4520155214330895, 0.5037485734434503, 0.37055785413557096, 0.5273901776636439, 0.565227114162264, 0.5474718853434104
0.08868868208488373, 0.4900411076712801, 0.37184403119342957, 0.5851799883679175, 0.5784019459331827, 0.2519700148781165, 0.6779236849501195
0.36360047241636595, 0.2777877753794604, 0.5390053567813042, 0.5854248896162642, 0.7020537681593353, 0.35079729408125343, 0.47270153145032795
0.469750210802531, 0.6423697142280436, 0.5000650438995585, 0.4609599651895432, 0.22584970224062922, 0.2462512635085899, 0.5813453834942885
0.583967586002529, 0.8364897497731825, 0.6661015922341215, 0.3994623390474022, 0.7379067546108393, 0.6300186952203304, 0.5506014354826333
0.39570660046993555, 0.4792475551129865, 0.3992555444514463, 0.7812342835482682, 0.6632864808221793, 0.3733160321282927, 0.4554062858346256
0.4190189784400406, 0.300854877997272, 0.48857374483076893, 0.6695988293227655, 0.544539184397722, 0.2511229694938953, 0.5265628723995026
0.3833563476028865, 0.5847196145883022, 0.5775040261521542, 0.4354735456632025, 0.332525057585876, 0.4752077198305087, 0.22306047948030988
0.4827611837808361, 0.5467582590545893, 0.5324062197852393, 0.561135976736586, 0.522011910134971, 0.5056280601101731, 0.27139543446550474
0.271241298036554, 0.7545598476446999, 0.5462482202867674, 0.4765703805322659, 0.5241785020278609, 0.3102613878441176, 0.42207319220330086
0.3840971392616553, 0.7215526095022705, 0.2441866494261784, 0.6574020782575452, 0.6479606349414345, 0.5748901123596456, 0.615928707183002
0.5839230339420066, 0.5848379846108356, 0.3407923554151083, 0.5095248375435423, 0.410093277592615, 0.4419879567042331, 0.41419152145125293
0.4471505925761632, 0.7850529341897695, 0.42043962669926327, 0.5436476931727653, 0.6889453884691081, 0.535255357427183, 0.33150131365290764
0.6855766779722741, 0.8686336577329152, 0.3562745722237062, 0.15622670972579733, 0.4581783038015633, 0.604613166563254, 0.5603494430336715
0.5794095982708652, 0.49547636354705477, 0.49480004151989637, 0.7433131015196689, 0.4946225730810338, 0.7973509595150561, 0.5823141433887796
0.7065811770401808, 0.444591794564508, 0.46935923937694823, 0.47772286755423354, 0.6229641661661335, 0.5347591852600279, 0.3230009661797167
0.5890883834119753, 0.23662148902210778, 0.7080647433173282, 0.6545487411395143, 0.14053498275752385, 0.4053474945805249, 0.4525716895633033
0.29431458937605526, 0.2869397163434157, 0.7368790100061691, 0.5050750736007114, 0.4924783321368551, 0.8446053516335124, 0.8544186681872739
0.4392423906638426, 0.7892302334532619, 0.4799655872415107, 0.45608295554078015, 0.42204080509769504, 0.4861663509634469, 0.5464180200961866
0.5203556229825991, 0.4292920981096227, 0.41921116915335666, 0.4233592066777596, 0.6686033373849799, 0.5962617961657988, 0.8742547266638183
0.6543148095164332, 0.3870974773976619, 0.47438379830317096, 0.5774701511405012, 0.19613884305706997, 0.6999037550142742, 0.8589323384312215
0.6699870523009374, 0.4865166078757875, 0.5498379592230519, 0.31478791267017037, 0.6741743211478712, 0.42079318772771884, 0.33368076139240166
0.6530775453769436, 0.20395516498842303, 0.30971245094182454, 0.5680051635740446, 0.7989154839497739, 0.1813862143747652, 0.5907623394737394
0.5745124150694231, 0.7942730919956795, 0.6864350165286686, 0.24382450515865628, 0.6082104442732214, 0.37307576238252366, 0.4997393182208901
0.5576125090981109, 0.48401159117200326, 0.6211311305638383, 0.6979672171511851, 0.44458271970222435, 0.7038233445490277, 0.2699697148438422
0.49464825791678396, 0.39409355520677636, 0.6312288188780437, 0.9485684962842171, 0.4042137809679933, 0.3134229605975362, 0.3703182987425512
0.560849803118454, 0.5215923776400461, 0.399320502411065, 0.31702076141542135, 0.43879661042215984, 0.34408092900178394, 0.547809844195577
0.8530206002054534, 0.33493705539514895, 0.36046336507449117, 0.4484675733740329, 0.46316277090141067, 0.5872612712327768, 0.7208892690028886
0.5350616715220213, 0.3592673294339156, 0.5088054898088925, 0.5455567528842212, 0.6598033920986639, 0.5108380799584307, 0.4721698845376434
0.30154749755359245, 0.3103169984781062, 0.2830715954124219, 0.5462581243888062, 0.5485664034313459, 0.4305082449243123, 0.8844469387900559
0.5534306154114841, 0.5603852709304107, 0.3677593382177529, 0.19151535586093615, 0.6433144953004937, 0.17173290741444763, 0.2673852122108393
0.5285686791620439, 0.4421512751518595, 0.6433444984054952, 0.5535267911371086, 0.7726811011293039, 0.5812217986743546, 0.43150485929671817
0.3110422110191795, 0.1755576332061905, 0.35630912605246723, 0.4837033069193014, 0.6041445444515673, 0.12955776995470386, 0.36465817015107205
0.5342127738377311, 0.41786773575925573, 0.47098002059374844, 0.6580379049197285, 0.760551305358883, 0.415442611060374, 0.3823994766701836
0.6063286746514246, 0.5920908440325566, 0.8405056217376572, 0.41314157025215686, 0.6447878252509199, 0.16736663596189533, 0.6130229746349307
0.5951758250443913, 0.49365951875690645, 0.6138160509156646, 0.2979043297146878, 0.25444000560900304, 0.38690911835018804, 0.5345846640275738
0.44519403251812256, 0.8399289177739077, 0.47409841869682895, 0.20140414222602587, 0.7371230343557732, 0.38761398637739664, 0.3465882545582346
0.38050630134724844, 0.7404551463013525, 0.6687953812938238, 0.27457712145842594, 0.39550502406136323, 0.6547411557514644, 0.586407089929595
0.3852854931980936, 0.3361283966226038, 0.4813082287647103, 0.2546171029000664, 0.4559151978894282, 0.3113727141710785, 0.24845146255932316
0.2765488653766607, 0.551538267017956, 0.7344569154837483, 0.5602114004728286, 0.37324352861469345, 0.7085295065039561, 0.6425640293589028
0.6735190215789002, 0.7931415539269887, 0.42158828833441575, 0.4595888677387929, 0.4813453569347806, 0.731059006612452, 0.48767029016754176
0.5121290014519629, 0.5569181769009224, 0.4271403444678162, 0.7181810463597829, 0.5126832710156343, 0.5212007036996379, 0.232202717831124
0.7415193027070808, 0.5665694561955895, 0.37337098916924527, 0.6171647669711753, 0.6484816928185255, 0.5848635230756803, 0.4996507690865201
0.80701225785033, 0.3796349608303487, 0.4690610173267513, 0.6764359356753864, 0.7842758073653516, 0.1748889889045896, 0.45994003053348187
0.2844482586359865, 0.430258712087356, 0.15566582097314663, 0.6306023767502443, 0.45681690700357414, 0.512074277682286, 0.5471724790509375
0.4475707262261554, 0.5923664481557068, 0.9769000482365453, 0.4196925511420358, 0.8450192313797207, 0.5165381039775356, 0.3868213025434013
0.5166871131731243, 0.5152701510953035, 0.7345366665976132, 0.43150936568168236, 0.42597631990901885, 0.15473847337517838, 0.5988390258420675
0.4817399833838906, 0.4657392029361567, 0.21479839763794306, 0.8773694456893181, 0.5495871151598827, 0.48162549142860933, 0.7016234400197894
0.4654149835780002, 0.6033168295724929, 0.4586908746854483, 0.5241661728057417, 0.4159899473486332, 0.5890329284788943, 0.6097584721716754
0.577266561897539, 0.42163467272012095, 0.47773986743796953, 0.7709426456842097, 0.7683354970122125, 0.18801890857521186, 0.7798245400066821
0.366712691516788, 0.20049621105416565, 0.4759308822110023, 0.6395179435644138, 0.41061004272484103, 0.5697836656409297, 0.5985295684040889
0.5118237684047579, 0.6247453385694041, 0.7511108344970973, 0.35544661117361637, 0.33726923161021777, 0.8111622738944189, 0.4033515736336103
0.23802579435807902, 0.5676690191407289, 0.5049024150281811, 0.6701933264099418, 0.7099599719998217, 0.5326641628923022, 0.6887856625771451
0.49028904747642904, 0.5363593765982603, 0.6552704531172158, 0.5954207993155827, 0.6247448459386363, 0.4726412755241659, 0.6305033106238005
0.5735391617623817, 0.393832816926104, 0.6012427117134518, 0.6310191761722279, 0.4027185714187351, 0.6094631062890445, 0.27378620417319166
0.3171166283253603, 0.5958528976124687, 0.6547842115131879, 0.6837161520001986, 0.5680524692018436, 0.4226454323973145, 0.5241334998956314
0.5621203226601879, 0.40894316772023076, 0.60878938083903, 0.4820145649588681, 0.5533072113519147, 0.5496590217038655, 0.5417275991549525
0.14976175174871675, 0.34878156867920185, 0.5394688364347099, 0.5458220637963362, 0.43460116411426586, 0.37034658418097677, 0.5494463699503369
0.5878836128992875, 0.403360968690005, 0.6141532430648007, 0.4757474869904854, 0.34952572156759093, 0.4058814331743749, 0.47661854468675824
0.5876566382624198, 0.44572562562630164, 0.7058701882031918, 0.7248641679988931, 0.6060574586434759, 0.4522115574595377, 0.5165363955350268
0.6503911592113732, 0.42440553763552324, 0.4260015903718213, 0.5717033561391531, 0.634481220224439, 0.43593071320255766, 0.30859722230808434
0.6121835078670737, 0.3326171400306408, 0.289646122102333, 0.6156758489574361, 0.43761132887703375, 0.5122025526745496, 0.45407478532174456
0.6919818638459383, 0.4035000347784914, 0.496556118123757, 0.3755067080179162, 0.33538269032530704, 0.3867017807350779, 0.09053716033216952
0.6975084872785323, 0.5620526392080807, 0.3689155955042127, 0.5791046061954672, 0.5504774292998111, 0.503366290524469, 0.4579543503072029
0.4846899139692457, 0.23294496633834583, 0.429731202390746, 0.5698939373337912, 0.5627471362295648, 0.6092313735638586, 0.526373970420327
0.41746308477275773, 0.7648623681478902, 0.2523853095856839, 0.42264595064397736, 0.5983308268790615, 0.6557224415535405, 0.45294759337121737
0.5868106288683883, 0.20396507136546765, 0.49331726043091056, 0.9325470965003066, 0.48747044085030355, 0.49092020213745013, 0.3424058321362117
0.6159093877472224, 0.31935718591118, 0.21278369453907614, 0.39715579277393814, 0.35446766871760316, 0.3606527145941955, 0.374211345517962
0.6079883559457736, 0.6401591604798231, 0.4460012495902819, 0.6094857647544145, 0.4153295049803255, 0.3881802559779566, 0.23215807787514675
0.46509110149848404, 0.6290522435849655, 0.4708362851696109, 0.49170288619348146, 0.690017394439344, 0.5314777165026703, 0.3388600476555153
0.753516274008882, 0.49902861975012514, 0.7283536809700017, 0.6435558730391392, 0.5199119486958349, 0.30230436855989007, 0.3073531375471403
0.6527328776189534, 0.44799921477689475, 0.5194042994813856, 0.40927486870023144, 0.6139091726854675, 0.5463210735095821, 0.14733002437317588
0.8914476950880428, 0.5699327425190478, 0.2717317849286128, 0.26838543666405834, 0.46342645005931393, 0.3261672022410038, 0.48526965955461193
0.4413638398053298, 0.4770251529298725, 0.31798680766320875, 0.637130686324322, 0.4671864338259413, 0.41058222120230903, 0.5776502228875414
0.5055251529330221, 0.9888693928022421, 0.3233205593134616, 0.3649002524163968, 0.5964586286794497, 0.2575305354746159, 0.4494221774674792
0.3526346152830352, 0.30168282876735786, 0.32692701280944714, 0.6572983489922462, 0.8103062801093053, 0.6034397095601909, 0.4986147748637729
0.39995540423842924, 0.5419136358820268, 0.5174684079276787, 0.7898253701255726, 0.5602996582135222, 0.6324240963348748, 0.6765249651841656
0.4939383397099447, 0.6431489448353469, 0.6486747809667426, 0.5837960583390771, 0.7344709834977434, 0.43305999763356146, 0.4343495354224034
0.24807837869624055, 0.5469273042047307, 0.3816891381713955, 0.3641452244116764, 0.5832624331224836, 0.2548770406302999, 0.6765384167581321
0.5589052503805356, 0.6703038541037726, 0.727306175730832, 0.5392048901758868, 0.5094585933233786, 0.7472777776190954, 0.5156152997015757
0.4900785227882858, 0.7568378686132928, 0.4315788121900954, 0.4038569579351584, 0.611049779834639, 0.7895283775962365, 0.48679684398816087
0.201666091366561, 0.5017104469678176, 0.3648383925706957, 0.4917971196978219, 0.5935654040543643, 0.6817172175599461, 0.5472995059599122
0.7443904336906351, 0.4422217794037299, 0.3563927056360921, 0.4989832757063476, 0.11890235211126127, 0.43409944380930265, 0.6126822743562599
0.3063789513855849, 0.0685908621179887, 0.35339548595385195, 0.6937922042308007, 0.2221077187983458, 0.7390801897972779, 0.5042312589171277
0.28620768260140095, 0.29558283666523, 0.8233212770127767, 0.3205028680779981, 0.5661143450359893, 0.5467279807228271, 0.48144839997440764
0.4358536623645118, 0.2091879615974106, 0.3005957459471946, 0.6599349528148313, 0.4631869380963735, 0.08946100817854064, 0.4860391523627159
0.30482443397661624, 0.4758684496210547, 0.4991226792425354, 0.6741356744413939, 0.3747910430783702, 0.39806732074127715, 0.6789584508790671
0.3373781645188594, 0.6717001284865468, 0.5649102418173653, 0.41194146721435165, 0.5149993123579109, 0.4771935870752114, 0.5503641616405763
0.5255740362526082, 0.29688222155931976, 0.7612327131295938, 0.49959392110020445, 0.5435354298576804, 0.3849541696237946, 0.7418542347185211
0.5951457789307635, 0.5128313632419841, 0.5103105829765984, 0.3718755336100046, 0.466762228184825, 0.275245686882185, 0.6721944234924018
0.44742625940961167, 0.5078926883629612, 0.6157660928867651, 0.4549167399728178, 0.38886500675795943, 0.5515785688940785, 0.31204958374111635
0.6229300634761252, 0.4227811040005798, 0.1725707634629745, 0.02975628046318024, 0.31073139372123043, 0.5528976435530242, 0.46111384930235016
0.8378461781875157, 0.673286918638641, 0.5114120613300481, 0.5294112555106582, 0.25758892974270464, 0.5294300624001685, 0.5222867971936989
0.3200132160395044, 0.48645424425788497, 0.5278277785920704, 0.5122743221258937, 0.8024441889250644, 0.46249373826745865, 0.7036243170471903
0.4390286911943161, 0.3182343817612705, 0.6493001809951222, 0.25062644908005655, 0.4592865984664895, 0.7298406604778993, 0.5845190338659177
0.14479075493868587, 0.22391181168306906, 0.4689779118405611, 0.3912662750722467, 0.5104223542885528, 0.49088948418492734, 0.18072451316736765
0.6255704560078175, 0.6296776879153787, 0.4514772213330726, 0.5427512449375271, 0.5079797764900346, 0.22644602568630878, 0.40795213982701395
0.1497150876193471, 0.6417314067247646, 0.6358082801046772, 0.40957703213975694, 0.6627069032555917, 0.6321696133636855, 0.37480871772309454
0.860978810950846, 0.41364069638423584, 0.5801160432679474, 0.4023257585645925, 0.4530621119795044, 0.28247495782405724, 0.7552762832944062
0.6889135549469632, 0.39977750173423054, 0.48655797736105255, 0.6370138337191218, 0.552161822814702, 0.19708761366946415, 0.4852399920671968
0.6005906003355213, 0.32201920498886566, 0.573880675694585, 0.37753467956877085, 0.09384395453914934, 0.5044374230130432, 0.3846163035374185
0.7411090614722312, 0.5411831313716138, 0.5418889177233205, 0.9716688370863744, 0.4138649198193305, 0.6792752744667596, 0.6269498431771128
0.5107180354728335, 0.3569926140254839, 0.5454336485161708, 0.15838320336054917, 0.28072451415949917, 0.4618703035335808, 0.6760744333783095
0.7749829202549934, 0.19056705693520293, 0.7985798280266184, 0.22574275916915354, 0.6600855185451451, 0.29112940345262084, 0.5749366356235714
0.32612193719557153, 0.6411847357094204, 0.4614279501536288, 0.6119942404100952, 0.4516924595682669, 0.7424046997017444, 0.5706833895598488
0.6437027068639696, 0.4324066353868984, 0.6991299693991702, 0.4550451605565382, 0.4501439693317295, 0.3291090807154008, 0.2518207569063273
0.5320267360961378, 0.5636559744995833, 0.9163853968481157, 0.6578528313504051, 0.5511037268801228, 0.4300998923608436, 0.3161535472651685
0.1265158007584697, 0.37413874210145487, 0.4344875572362854, 0.3335132431876975, 0.3078158776871102, 0.3896342696983833, 0.2607385175348351
0.6829075476195869, 0.3884727845911018, 0.6117538886217582, 0.40902101958952547, 0.3342317262445168, 0.3700421202984737, 0.6916238310621117
0.7941570824063555, 0.3034910691263695, 0.4389314211046899, 0.46481509023803724, 0.6218930727754414, 0.6247735318635312, 0.449979799417225
0.49940714288338905, 0.31243019467274274, 0.2919133288871736, 0.29300453152224215, 0.29270465449239835, 0.7317679544133732, 0.6336095595470483
0.4125558675748612, 0.3205553465252565, 0.5363233426600585, 0.7846637136572641, 0.4498930443818546, 0.4380819840763656, 0.3175662616185396
0.6676563782155773, 0.4227393463502129, 0.4900716481207725, 0.49034285319047155, 0.6521311915560681, 0.4997260086808751, 0.6447793102772408
0.16474868000665077, 0.4969063722469759, 0.3704752380435497, 0.09916416179824239, 0.4252217603912019, 0.20461150471554013, 0.32038242817380713
0.46339651357205813, 0.435228001304688, 0.2907175461619928, 0.8136683162750693, 0.367275506415654, 0.41249665636017885, 0.46307076838658756
0.2729022155087156, 0.5316254515836227, 0.5963447977363765, 0.2968449693504125, 0.7559397472808735, 0.5941806978117772, 0.6015647610063529
0.4466016663310265, 0.44394275011280454, 0.3143610156709127, 0.6275690262586439, 0.6794019177874724, 0.42391401960349634, 0.6015857434737215
0.3449214146010209, 0.7976508460886412, 0.5688692637924484, 0.4862838256002789, 0.44323456217507184, 0.7475506772116579, 0.5332844486543402
0.6054267763215994, 0.3785765172368257, 0.2695691351784257, 0.653593180054666, 0.47720474240861027, 0.33045405678795037, 0.3589101285267716
0.5870069914124486, 0.47168448610928054, 0.4654280831491777, 0.5849043883081178, 0.29390192604963905, 0.5293584331613873, 0.7634181659427344
0.33891920180627183, 0.6324257155857237, 0.6539374518854373, 0.39602622307234625, 0.337529056779176, 0.742204382925696, 0.36434682122159995
0.36322270615494123, 0.29327474002642845, 0.5666279622071264, 0.22001930248975332, 0.658841427000221, 0.2904328540091, 0.6727547442488607
0.5780316947662565, 0.35986663618190656, 0.5259515299029667, 0.49502297620220415, 0.5959780023596406, 0.5127432049277071, 0.3843354617555613
0.5838263378678283, 0.5915400995873603, 0.6682730198630903, 0.4673866369902659, 0.6152274735007199, 0.16698291401044796, 0.5417211800973558
0.2905846489478058, 0.40272215962373753, 0.5046433094396106, 0.08985342258487139, 0.4778370480722588, 0.20715038430363208, 0.7483135688695848
0.7095885680191896, 0.25101834769882403, 0.4208080859569008, 0.30240978440036237, 0.2558985673364968, 0.6260635913561938, 0.6310190924797593
0.272556855893276, 0.5159976390239513, 0.010783854346028299, 0.40490579346200506, 0.620768164767375, 0.5613926351296207, 0.7753475360870066
0.527289501620151, 0.2838327441079048, 0.5482429173708414, 0.37209479694640024, 0.5286289796767848, 0.8549410229607715, 0.5640238501917212
0.14656227017200013, 0.3288440158634685, 0.5952781129369078, 0.5890876139043795, 0.36069229131168706, 0.7132175816771257, 0.386610268625555
0.5804632107179276, 0.46783458564338853, 0.5460288724854655, 0.7328368801371163, 0.560676567703994, 0.27830759222079793, 0.6383291060223926
0.766831637300422, 0.4949840917061097, 0.3429487651511272, 0.6220464182703686, 0.5028408299705881, 0.5003298824547892, 0.6880880774024185
0.5219025798704532, 0.5177830093880217, 0.6013111370819274, 0.639535970731988, 0.5457310032985345, 0.3856756069249054, 0.7042299657066574
0.34467563682370894, 0.6359928978776972, 0.3679048158012651, 0.4872840640360975, 0.716573478198623, 0.3240410671778009, 0.49502299078771467
0.5859902198544038, 0.3849244854984559, 0.46134630288337886, 0.5812525920755123, 0.823065952392092, 0.5895013738970238, 0.3571157142015182
0.6002329307247054, 0.38945423971990223, 0.78810664883244, 0.23296616933680303, 0.423760398605464, 0.4970344620577459, 0.28186027686517423
0.6803753493778305, 0.7515483012045103, 0.3492859566846805, 0.6676651340457833, 0.40996580178381326, 0.6424664283890776, 0.5057926071487278
0.8076914904843484, 0.3164918216214265, 0.2775886671772329, 0.7990483862787786, 0.4988505570923992, 0.7826825028138306, 0.4193456916463397
0.5185737525271591, 0.7655204350040954, 0.6540469039969309, 0.7051020988251687, 0.6821711763588716, 0.5123908932681783, 0.30401137657985133
0.47412616513421446, 0.577139288306805, 0.47189700540729884, 0.6230229623528029, 0.47114249442660283, 0.3649864020444479, 0.9927009064277035
0.1747424355792726, 0.6182567436618203, 0.5088616448058214, 0.5874755753794003, 0.5724965170924073, 0.44970899397953484, 0.3717273330006427
0.5526828876798201, 0.4851875891905865, 0.5898169411876648, 0.33450343662333376, 0.5835530943417166, 0.628000134401375, 0.47082915042860185
0.36194375254088224, 0.21765743204106403, 0.5348130428679504, 0.45737072945393425, 0.5466165650495262, 0.3821073839028529, 0.30974267833834906
0.6349095715474439, 0.3319830798257767, 0.4456841086486674, 0.46568186060562755, 0.4986614190261325, 0.4952132641636977, 0.6800272403482586
0.5485472441892136, 0.37625463258932834, 0.6731129753644819, 0.6997627208623867, 0.47231670548387567, 0.5249943173552822, 0.692324527139625
0.827517991894333, 0.3745771764368211, 0.4013597021366579, 0.564821274232306, 0.5303128534000134, 0.44826776199879625, 0.2501891383572428
0.4400848178565125, 0.6685394391385092, 0.5142781238443327, 0.911383629649846, 0.11988019918793275, 0.2442728166778123, 0.13614247138686458
0.5782101180973082, 0.35850652740211836, 0.41822155758047885, 0.49941908997652523, 0.28495401274248233, 0.7787205862085325, 0.7318770181697756
0.6478166790071842, 0.5937232180964092, 0.7015771435907681, 0.27739374955562507, 0.9336880699665119, 0.6900847795946777, 0.534720257399528
0.4316018694001155, 0.48472309297313093, 0.3901406649118041, 0.43306521259358843, 0.48891088860055776, 0.6801195005074593, 0.7292817720126548
0.4216664344745195, 0.7323510373948781, 0.7641817775493563, 0.5323770862996937, 0.865160587376036, 0.5160127282569832, 0.2715702637330273
0.3756684318604011, 0.3674826190299356, 0.323512556812647, 0.39652874719973186, 0.37996691407868965, 0.8087089091563693, 0.46567785016201857
0.4199089012272906, 0.5063791774060562, 0.38552162761838227, 0.4447650996823557, 0.3813405302122056, 0.5857769649375978, 0.6290922446214584
0.8508703895400931, 0.7305955041410355, 0.45818524367303703, 0.5585065802049759, 0.5589602515992923, 0.19057632616510622, 0.8944318707002066
0.5268182208075776, 0.5435047955549128, 0.36016312500310027, 0.2449117221646337, 0.3623168290552402, 0.49499107950827104, 0.5402501565963126
0.3774459500833283, 0.662663888847435, 0.5192967378068328, 0.8237516177983941, 0.5160946693244899, 0.4882196922338667, 0.47709495482750897
0.641262334769714, 0.4490916571150755, 0.27780098608911186, 0.5536538578249465, 0.5069323033177878, 0.32773837889502433, 0.4407275307121217
0.5790855659895593, 0.554660837683667, 0.382941571735185, 0.6020462204729454, 0.4874095399299569, 0.483246960213291, 0.647450839412139
0.35437350325754535, 0.7497508433182611, 0.44336193844356375, 0.18777722750536485, 0.8328146093253659, 0.5901613246276263, 0.670524601543567
0.29068702899956234, 0.46166373817120626, 0.3113748699686984, 0.45915959480108104, 0.40806132530006156, 0.9258421538330541, 0.3034134435701194
0.7837852331549611, 0.46092717492730545, 0.8601019647627532, 0.5170743005081163, 0.3935697149895454, 0.36725918328298135, 0.2968032372620222
0.623345787165478, 0.4839007294822705, 0.5271564547004712, 0.6608857141566389, 0.3984369873421104, 0.7025825480610699, 0.518122238048026
0.6089264883328378, 0.7288052938689135, 0.39428307119501765, 0.09688786015508855, 0.6518218423841244, 0.3695424344752181, 0.29291330014977424
0.37175579707492856, 0.47947334568327804, 0.30043148085338944, 0.4511524976988503, 0.35607621298945125, 0.508620849821547, 0.5498495011871732
0.7020521564185802, 0.49221983925535917, 0.9314972717016009, 0.5428280865801245, 0.3640518671786055, 0.35771500738372397, 0.10517005840216126
0.5518064860162256, 0.3378521265678662, 0.1993054878400537, 0.2728674945002282, 0.3131324962236081, 0.19785378531908537, 0.4572812985351213
0.42279154592426704, 0.5900744533871677, 0.35926730895153297, 0.43354484485785383, 0.1456491088857194, 0.4088755056309131, 0.6372977231684689
0.3510985382656212, 0.717872362887868, 0.6216777617551069, 0.37953283001598437, 0.3909348972119659, 0.5164276067669946, 0.33037335888693437
0.5723263301364251, 0.4890732283734519, 0.15860896360895643, 0.7835929543439821, 0.6007331194773676, 0.5232087817899453, 0.43780924041147334
0.6076909549756131, 0.48205861966809527, 0.5055558344497657, 0.8456863980112799, 0.5451909066135836, 0.4219213284967644, 0.37174453898552295
0.6499606428905794, 0.8935316085694833, 0.5955377122181547, 0.5796086302760484, 0.4573349721995267, 0.5850576411346813, 0.43023971964506563
0.27745084159478217, 0.3872437603210435, 0.3573582895671702, 0.7408932193838864, 0.6780181037764224, 0.5962667166559217, 0.5444244841294533
0.5463944378649649, 0.47466507760307164, 0.5785534013010228, 0.4366597865077564, 0.6140286275872212, 0.3019131568378031, 0.39897073923009796
0.3814074140944538, 0.3551500766072849, 0.7706061415767127, 0.36515794999563245, 0.5666422994162726, 0.31677377897263626, 0.5342720402890047
0.4760053544156894, 0.2750927380941244, 0.37473089255002895, 0.7095579876309104, 0.43628840144763165, 0.4825619096063675, 0.6639409308563585
0.8087144146178374, 0.3289885666187927, 0.652768478797735, 0.29037759843148436, 0.457963767250833, 0.49286871203730226, 0.4922259254240325
0.7031942972943985, 0.286234214253302, 0.3275438856988728, 0.28633920159305587, 0.49038010594869413, 0.7472349906880265, 0.5252898741840638
0.5416671080896472, 0.2241408387444846, 0.1673467077465186, 0.6873297636490906, 0.6253034897209431, 0.6332720339834983, 0.32252071058136433
0.5753715137257087, 0.2733905635462992, 0.9085082695773279, 0.6351972528049731, 0.49588193534482183, 0.32970090638647287, 0.4577432802841404
0.4990442068261534, 0.42211818792264577, 0.5469559939296966, 0.674628103673274, 0.47589774146712455, 0.03705537728218372, 0.27672852582141777
0.7163261763558175, 0.37304022554167826, 0.5177435147059718, 0.6043331008438068, 0.31673998922994145, 0.34151689686396464, 0.7775374061944456
0.4626377048421507, 0.2550503295830945, 0.5439228406242513, 0.5112756959437801, 0.29978004198458563, 0.567396605834335, 0.50450688185717
0.5273243828649983, 0.2666400678182831, 0.4121408248979618, 0.6035092072709518, 0.5479902642583466, 0.32921444930018945, 0.48398321604970956
0.19113864245314938, 0.3306204398821083, 0.6778624857221694, 0.7367260369934661, 0.8327827458406224, 0.48683952779382883, 0.6481111495548415
0.6094218709398702, 0.493259099860047, 0.5547579094014505, 0.3794412233111575, 0.5343691655641805, 0.14823731894127395, 0.6536619806322315
0.49049148764268463, 0.1854450116040106, 0.33013045979379607, 0.5478195094502007, 0.17936811690920923, 0.49962356710190914, 0.6198001864791798
0.2896229135502483, 0.37488160057323416, 0.5227556991973471, 0.2035473015367586, 0.3652189068782466, 0.3572640734831434, 0.20705472773302985
0.38519210510732205, 0.5722370462519214, 0.6688020581004093, 0.34227305364122473, 0.6094212111217114, 0.4938019196527046, 0.5201740889642134
0.5178503594933126, 0.40982380840556765, 0.6731736520487521, 0.3940103220732117, 0.4028643092138472, 0.8679777276484528, 0.6804619038694323
0.29288245398067986, 0.5411190849643333, 0.5383571279252367, 0.29420285109666444, 0.3421533345734181, 0.7617751497051154, 0.2967244996119858
0.46339586314295933, 0.3901065805360038, 0.5540339565731763, 0.7302793128753223, 0.7167237698959761, 0.7045284471459091, 0.8230816015142178
0.47795208456393645, 0.42494496378690144, 0.6049413762126175, 0.3245091988740538, 0.263004128139666, 0.593567292854885, 0.38275714476191847
0.37101967248112633, 0.6372270635390213, 0.826074815065002, 0.4273685241487045, 0.7554896583765436, 0.712433349186782, 0.4448167067369365
0.5169364717160914, 0.48132399235172185, 0.6603360749392516, 0.5904408150749039, 0.7991888640340837, 0.3083139325832056, 0.3916228642870241
0.52919578830815, 0.7275727816057211, 0.9361542851447128, 0.5103580035160789, 0.45742726255390326, 0.36967606039508305, 0.4674166194862097
0.6346933681072506, 0.4675908793763273, 0.24127691375811938, 0.5786648068736977, 0.549263448361168, 0.5764103727251446, 0.34745713933706474
0.6102452991072598, 0.2918294301212833, 0.45800924493922485, 0.47092640094920896, 0.6937713149090146, 0.4878865748053497, 0.5191128917545109
0.32248950713871233, 0.5780558472132465, 0.5591590868625854, 0.22125034440508512, 0.337936270581681, 0.196553014512043, 0.6122356411286626
0.4161932927406796, 0.34844372680525815, 0.4657307725580723, 0.35920220135788844, 0.39898401019874485, 0.5084414175648599, 0.5705474680641094
0.4193366560448085, 0.575274172502729, 0.8518597942653006, 0.2437921643566549, 0.42779294936171774, 0.5575966007228641, 0.37856196099251105
0.6737542677466138, 0.39219059821798824, 0.8420777491651417, 0.744576652074415, 0.5228901677950833, 0.5009547385133708, 0.858154541197601
0.6863355978070489, 0.6667449322343678, 0.29753322098273016, 0.5664764279250518, 0.36938932546256253, 0.41260092458873854, 0.49777435923877755
0.5865854193427322, 0.4711518304580675, 0.1639429197207844, 0.559083673553699, 0.7226897943300019, 0.6124100791935907, 0.6205051254727353
0.590569451290042, 0.21905291701826624, 0.5544873473991766, 0.3858523303306772, 0.2925708616944363, 0.6998978739366282, 0.46674979312097925
0.5382634050107901, 0.6293080665934521, 0.41385129420936584, 0.2840993233505091, 0.35018926553628926, 0.5603585429930888, 0.3854656904955055
0.31688682811747565, 0.5109587713288157, 0.31114134749503064, 0.6242277180752183, 0.4440645032240585, 0.39877414346297535, 0.31301990739144026
0.45362626520602656, 0.15019652141020007, 0.4247005882320537, 0.23113290105490425, 0.46923274144330124, 0.3636192357058544, 0.16918894309877786
0.5092330712898989, 0.6308616898441006, 0.31149041055285437, 0.32850935171829454, 0.3322226028459826, 0.4994965247640758, 0.519711351489041
0.49365541800617163, 0.3086755068137392, 0.7929216933151411, 0.4389613183259327, 0.4347210102434417, 0.5130822596229857, 0.41114317747331863
0.6402955661390678, 0.6158942378268801, 0.7301716142317929, 0.39898417440765155, 0.6650537210281119, 0.5521061401326078, 0.5197738474997063
0.7075119988086805, 0.6684410406171845, 0.6805828771030751, 0.4465848130853447, 0.846431772545865, 0.6406212358018202, 0.4766267995684047
0.7672733697872062, 0.3819020100268651, 0.38937046529003466, 0.5087998129953775, 0.14099501291468264, 0.707873452470404, 0.6152194473270806
0.47945097261725705, 0.47720799132508973, 0.45744709212292556, 0.8294094097651601, 0.6343232759838102, 0.3246242768185517, 0.5649620783316882
0.17042987304739438, 0.4814605987769028, 0.5068960890536977, 0.5843166782469145, 0.48784233726337084, 0.34869035876466425, 0.49688105863388765
0.42741291332907666, 0.21923970158621553, 0.3696229355827926, 0.5871695355743505, 0.23681512324392567, 0.43273573065461507, 0.465660711007461
0.4875468362109477, 0.5883467490665055, 0.4555769954732743, 0.35656363367853205, 0.23561588706633174, 0.25503784923527173, 0.35298969519585616
0.3921181349608708, 0.14588366504671113, 0.7396269880688546, 0.5277338422671635, 0.7417614813697946, 0.5103694469986758, 0.39625758759301766
0.4998720216121119, 0.3729491053418366, 0.3239417713100971, 0.6236527265960227, 0.40299712979993824, 0.31351351158163715, 0.5170844478259542
0.6475287614184335, 0.6695528764437252, 0.3684433478398657, 0.7404501533101349, 0.492016282809711, 0.626033793195794, 0.2473189667812996
0.4415438315461525, 0.37985077978355797, 0.3942388084355942, 0.4825397801498367, 0.7180507746852497, 0.44837968506266507, 0.40495856582348366
0.6380138267852822, 0.7061571463406826, 0.4047475145008377, 0.69721856403772, 0.6483986743065476, 0.7471549624515977, 0.5859709626761644
0.5596956426492119, 0.48419801004145163, 0.43443862149246626, 0.586973862812403, 0.5647077243668184, 0.5413747682954513, 0.5424678898111639
0.5449947942418929, 0.5245939708497301, 0.5606403835167333, 0.23934466395479714, 0.3069425634801669, 0.3482136276917303, 0.29193458882991574
0.482988448710142, 0.6415157505248108, 0.6609109538941946, 0.3198005034605957, 0.19604129278245475, 0.4172269225000908, 0.4967929490347711
0.6590814352788563, 0.38202085560980564, 0.15433802995892854, 0.5565704478828108, 0.5884178077032944, 0.3341637497336507, 0.6135449680745375
0.6230665632092625, 0.6851239127007325, 0.1396374303240253, 0.8660429770986681, 0.6541723646546649, 0.6684858078149674, 0.2920962558178891
0.6894429734242051, 0.5953836202673859, 0.3616825753216029, 0.7660822934336788, 0.48378595491251297, 0.35485270475468406, 0.4544207639118525
0.5612487160533265, 0.6240152838561599, 0.4397269428816006, 0.6518589119166418, 0.32593736097392106, 0.6439181633632265, 0.3961408873059694
0.4941620379093296, 0.2665870340602168, 0.6975365191452146, 0.37693390905195345, 0.42902177200775427, 0.2726380887757195, 0.5900420643361248
0.5806518691618843, 0.21324538109043206, 0.7014336420587626, 0.6053620472277239, 0.35590875327975136, 0.3348729964923341, 0.4527000239508314
0.7515997201811139, 0.7170867725376977, 0.4724282352654242, 0.4917448776564675, 0.12829383194432487, 0.3056175992686877, 0.5666905550526891
0.23774346235318888, 0.7154684017828454, 0.5392787541787412, 0.47590929544847854, 0.5498148524429357, 0.14825488529129494, 0.4452541509382204
0.5033650507779579, 0.2753323976638935, 0.28584730891682575, 0.5928605263472332, 0.5888530805233624, 0.5260875493606367, 0.33104830562084986
0.27243763978698615, 0.5021772769545696, 0.45873982639434485, 0.35183724652854154, 0.49948492698162705, 0.5783563727523875, 0.4311017738224047
0.5501891694670449, 0.8658970814037392, 0.786456379910577, 0.6363691607821316, 0.7950553556585949, 0.44875021091372763, 0.8241333148234422
0.5974412291171199, 0.22710451129089138, 0.6296112024521419, 0.3405403780008829, 0.49344635547703647, 0.5690854996014079, 0.28976871444056246
0.4905658605514662, 0.4212245985088541, 0.5096053889843334, 0.24144228195310458, 0.5978372694042227, 0.6855847072410005, 0.5968472523627896
0.5049588896598411, 0.3513563475461296, 0.7870883564260535, 0.43841489856764404, 0.5227868606943319, 0.6382992381622515, 0.3695942867733305
0.6798491685968153, 0.6000025855853789, 0.592899315713516, 0.47940826581680185, 0.48571086859700413, 0.3027413488259677, 0.4551294949900401
0.40822208785326175, 0.3602319427761458, 0.6590871210803664, 0.5681598792773535, 0.34707839961318876, 0.007250028547857834, 0.2621678650888646
0.7175988948097731, 0.3933663882318948, 0.5944466842518017, 0.5698256741269164, 0.5482711082478737, 0.626044070764366, 0.644813607893747
0.37606397382575973, 0.5964497847502924, 0.8893203226125498, 0.7762892787177422, 0.3868247364773804, 0.43825200440631107, 0.4370645246447603
0.46859251422211945, 0.6538902805257396, 0.5540932513889241, 0.7663791295400343, 0.3362806268984503, 0.32228121258486486, 0.33321634516575305
0.5089047142926123, 0.6288222753390036, 0.7480726936485032, 0.4261067806519198, 0.31057475731501616, 0.3922329676062709, 0.36289492582553307
0.44446551929480094, 0.39067549191923023, 0.09057445029097794, 0.7228251947875564, 0.6638110625855006, 0.48520904279852395, 0.47732442589563867
0.19881244033435436, 0.5322500835043362, 0.4903682351008507, 0.34859071397241725, 0.15832597731629816, 0.40151491271491585, 0.5704951446334855
0.40492097176715436, 0.5360906651251263, 0.38584926190950397, 0.4368722236917627, 0.6554004077846836, 0.1697402302040154, 0.9246767091718877
0.8206547722586064, 0.5545620367730423, 0.7406170587594174, 0.42569961210039187, 0.4977137732413535, 0.3419854944307142, 0.6677390968887537
0.3677581188775382, 0.5245348098232572, 0.32577897752756796, 0.20784201066569824, 0.3458885114938399, 0.6140929316649841, 0.6331257921043949
0.7209647320445394, 0.3199404903489327, 0.6303298867393066, 0.5404895873448947, 0.2429636305883121, 0.4064531754599261, 0.8109918589924618
0.08915456918575448, 0.6813425047723882, 0.4441941465820165, 0.19685496368420902, 0.5439329190477878, 0.41492092550049764, 0.5814179524353171
0.3183496438310438, 0.5338894274138997, 0.7380020931636533, 0.7338850550900875, 0.4701454536779629, 0.3427673130435402, 0.5914820482390805
0.4176247915220106, 0.5029548675848552, 0.4449942228209572, 0.5629204788353613, 0.8163602862931921, 0.5273043657203429, 0.3095628235678377
0.6820975202038797, 0.5350554668798753, 0.31762413917453014, 0.5958538259427022, 0.3792708881168412, 0.7814374332489106, 0.33786446298746936
0.4438878975353815, 0.618663809098301, 0.1004905749385947, 0.25387809936455136, 0.5187103349620388, 0.21761121047083865, 0.5397622567683953
0.17620158211462822, 0.35292642991811507, 0.6741101837250955, 0.24911692184442985, 0.4522142302241109, 0.699219598668285, 0.562468353576086
0.6763351942471441, 0.4680215508922176, 0.2121016233327846, 0.6835113513568797, 0.425830943490642, 0.6156004932789659, 0.6774347434594948
0.6288814481635829, 0.5744641989442024, 0.23528529624267736, 0.24545278924576602, 0.37904966371745374, 0.48609885060819946, 0.6015553045371277
0.32354626248890184, 0.5210810231489001, 0.7369712252147167, 0.2898740325714543, 0.48319782029192154, 0.6732980043679799, 0.3055447680216246
0.6859391677141238, 0.4133759919879395, 0.47474407695424237, 0.5535284910880305, 0.5427187337730748, 0.661438499182196, 0.5741132510659215
0.37049131191083734, 0.8738961689985312, 0.5588386343570697, 0.4669139902007802, 0.49804382523588686, 0.6383705265334187, 0.3455210863647561
0.6143014705553358, 0.4057147951341902, 0.7783190540611693, 0.4129445315216853, 0.435331415580438, 0.41046899984815177, 0.37101542126643205
0.6354120718469525, 0.7299678273358297, 0.5071650421511187, 0.3520280456428603, 0.35856455331720044, 0.6634009198891648, 0.18131295705693085
0.37706097557151375, 0.5658209901607014, 0.4646518428173525, 0.6028182670656795, 0.34368079427112463, 0.6108791161717628, 0.47536968687719877
0.5858819203995962, 0.6290861098981022, 0.538134387254745, 0.4995323528306739, 0.4313859276183798, 0.34732202724258937, 0.6175408058674481
0.4577157101893271, 0.8987863141172193, 0.41000982316464335, 0.20016992696556424, 0.5811079663267005, 0.5743545985170029, 0.5720898280212459
0.5110827990359866, 0.6431713970282043, 0.5145873575048877, 0.39442736570966597, 0.47989728338862897, 0.5663459561268808, 0.601407533467051
0.6996462684272903, 0.4253775775459506, 0.5481926287335386, 0.4592521150750596, 0.7902749059026144, 0.6425334769216686, 0.1695885581180513
0.6752487689809704, 0.6128991416708778, 0.7005793418883814, 0.4625348615181134, 0.3962826040768579, 0.6344635294776997, 0.9989323591453786
0.21947940056454862, 0.049148298343292485, 0.5887098937630003, 0.4150199433192546, 0.7470096557759468, 0.04523626724262181, 0.8893420879207434
0.37882415729,54.542148848,227.613787146
0.290140771455,58.7239444979,236.010420927
49.3746045098,250.172857493,464.215460131
