$x1,$x2,$x3,$x4,$x5,$x6,$x7,$x8,$x9,$x10,$x11,$x12,>>f1,>>f2,>>f3
0.37062113518691414, 0.4530489118127548, 0.3692059927123494, 0.5446491343504705, 0.44549472614233604, 0.8640773134330366, 0.44155823009517536, 0.489817394594196, 0.4789777960178525, 0.44162242246529676, 0.1743969797481395, 0.35743393712913946
0.35612382677792576, 0.3662140329495234, 0.6478979741507349, 0.505422079859701, 0.3104076772052464, 0.4274451672870243, 0.29220501954486283, 0.521281728775152, 0.8462648848808291, 0.534289334418498, 0.595583495957708, 0.15845205277964575
0.5432587811725929, 0.36177358294426265, 0.16817425484337556, 0.3073803158621402, 0.627359998693834, 0.38167631953037706, 0.5271220633828656, 0.6586149494683791, 0.39722575682803296, 0.4431838022288221, 0.45367850562192974, 0.3475258270327619
0.5979276797162434, 0.6861931635024356, 0.754257455466002, 0.27991567282841784, 0.48393993021871073, 0.6612841230045312, 0.6490387251576969, 0.6021285009580577, 0.4095392622044001, 0.5251057588216329, 0.7041099280520972, 0.8791666391563073
0.7211612591180914, 0.35043223667229517, 0.4778163011873375, 0.4469851710565558, 0.724369041870106, 0.6165971911579449, 0.36502249858317637, 0.7306926944267444, 0.49614800141255266, 0.8199333162557664, 0.17165299499150505, 0.42200647808303504
0.4384931092490916, 0.38355976485840954, 0.431436936483535, 0.4208660184367424, 0.47370237334629606, 0.38478117718797955, 0.6575187178697425, 0.5500895899660634, 0.4138665399099035, 0.48441722941252063, 0.6312319991889872, 0.2818461385203205
0.3427828853362639, 0.30224557270572716, 0.3328403146155524, 0.6500024294529162, 0.2523339361866824, 0.7517689025761936, 0.37311196801824276, 0.6126974195941989, 0.7328282639263777, 0.580615488220216, 0.44282789341290785, 0.6188720436065361
0.3892299586002119, 0.7553160079862158, 0.6176441793513828, 0.4869412808443939, 0.8652539555640073, 0.41129976454866646, 0.1412801364994981, 0.6414770369446602, 0.6523139566593046, 0.6361858242117537, 0.6379456620593135, 0.46165770414427026
0.3550381209259125, 0.434981943103479, 0.6163233330156977, 0.396185821746186, 0.43730053062375496, 0.7260850199797185, 0.3349596613199134, 0.5739013109309181, 0.5375004406941767, 0.2556123345259518, 0.493803097630018, 0.5080346521459569
0.4634927988332266, 0.5772912731906412, 0.4956276120232498, 0.41484075153462185, 0.7042218309118542, 0.5712458074717539, 0.4258697244349275, 0.4952329857706879, 0.26776229408942465, 0.33125564784647393, 0.2869499063357046, 0.5771237311014402
0.522898136151928, 0.5588367268720487, 0.5036824777199619, 0.45873598277378796, 0.5196754310057166, 0.35317776532265643, 0.4800720312473584, 0.5538740470658443, 0.48125519636334874, 0.5363680210778041, 0.4754930615847035, 0.22308027490599114
0.22416037011620177, 0.4247617656506413, 0.3345097225225247, 0.543815408063861, 0.2727885616137281, 0.7081504103315579, 0.6032747688276887, 0.6790312045258581, 0.7485173271343326, 0.6180498131366463, 0.6742778502741573, 0.4609310691154121
0.40386191564529805, 0.310689260641801, 0.6362650953041744, 0.39507932900619824, 0.19846662809614413, 0.43366090638616817, 0.4137273358361178, 0.2672737946184681, 0.6662456241049957, 0.4060739978761053, 0.5250949287390498, 0.46706751125825524
0.5612088057579852, 0.5195048466245121, 0.4873768175486962, 0.6807425852030181, 0.5445353111986824, 0.3892782735892971, 0.3150283171419055, 0.33064546686348706, 0.360664122433297, 0.393887577032907, 0.4014567003391599, 0.7221612368937653
0.42390247074968035, 0.7509381372579006, 0.7820268913959129, 0.7561752348400838, 0.4075458702698987, 0.4150156958497446, 0.5458169030688675, 0.22824970558588298, 0.7431823953801994, 0.39295263424159493, 0.6710581075490061, 0.4718767141114783
0.5040892199021381, 0.68817899344414, 0.8373280973785103, 0.4289597574649955, 0.46218998596413763, 0.375541822121362, 0.452023049688231, 0.14817405696014835, 0.7047415636216966, 0.729613007670039, 0.3483341195353907, 0.5486986180469225
0.6766596160304008, 0.599658300495618, 0.3199989503580143, 0.542874669131384, 0.5380772437638149, 0.7089397328197219, 0.453094783615603, 0.7510416861531156, 0.7810675507946592, 0.5201364847469763, 0.29188958379223195, 0.41870332453806225
0.7315004018237663, 0.439061714913599, 0.5310209655966692, 0.7612822942607647, 0.6981795653215528, 0.621471140471193, 0.312504607865092, 0.596329858417974, 0.3070611946746012, 0.636707492344731, 0.6930053584749518, 0.3164339538071159
0.43438363976752303, 0.4320176573951488, 0.6066479707684855, 0.26317696672776125, 0.501075491271089, 0.6478720162856084, 0.5094639246218089, 0.595542420382035, 0.3644720370789554, 0.5234047015418957, 0.2965583616720852, 0.6146413694913713
0.4114762266415224, 0.6128083906867579, 0.5284845340379333, 0.6097324677559162, 0.35189388967379315, 0.4111568630399755, 0.4294486588874047, 0.429860200842303, 0.5465100565276078, 0.2825464244558923, 0.33983625421485486, 0.43246509088288065
0.45661505135298214, 0.39884141905498705, 0.42466092432900704, 0.23519121674284466, 0.4471217238574476, 0.4978005388489731, 0.9582078707623617, 0.32352416666662887, 0.41120248564944695, 0.33974341887670234, 0.28750150295208454, 0.34305800116385887
0.285055744931037, 0.49703947546028426, 0.4459482470331113, 0.6978621398674392, 0.44614179571440454, 0.4519032635363358, 0.7541892075103609, 0.3406602232302742, 0.39839889892811126, 0.9623967307580298, 0.6558007411396247, 0.27917808332469984
0.38763414543913643, 0.5047787119199015, 0.521585295439653, 0.3434286079874448, 0.4258889044200096, 0.647700142761136, 0.734821773044768, 0.45377183430828666, 0.5906326070699601, 0.5404010322243248, 0.34863032498183955, 0.4090696108411464
0.278040087729055, 0.5869167025592524, 0.24158870573428687, 0.45377881576368, 0.5798590712238416, 0.34563992117248477, 0.711313651786222, 0.21384945720444298, 0.31820820831614066, 0.20227212451606347, 0.3753361812631681, 0.354346948833706
0.7418562402676685, 0.40794809233676016, 0.6209308244494239, 0.3838700382249338, 0.24594857281585047, 0.6842271845577657, 0.659609964019412, 0.7689313313241661, 0.44415915940758327, 0.28494394445813487, 0.24309079902617559, 0.4461867645945363
0.4821005184391263, 0.31995437764352724, 0.33222342837462016, 0.1729575298807754, 0.6916329630428055, 0.6282256187036429, 0.38731575282671027, 0.5800950292312061, 0.41822271276456907, 0.4228072485917547, 0.33014852721174803, 0.728601555310632
0.4736700735618209, 0.4808072363898751, 0.5906613077766968, 0.3349202574495716, 0.5806971482891999, 0.7153937005614884, 0.7222687463518187, 0.3539133363595697, 0.5123356076170617, 0.2548809070327475, 0.3469842018560896, 0.559635211823609
0.40832501076301525, 0.7464925451207945, 0.7566108432029299, 0.7097250331850085, 0.2839767768626346, 0.5076781209091137, 0.5464819830178325, 0.2915977041228096, 0.5020205638490081, 0.32317495928567674, 0.060954644630379196, 0.40692542841166157
0.25901441871360537, 0.6373101658821696, 0.24010092650285547, 0.3338998226798613, 0.259003828305488, 0.5049966047827031, 0.24330487924715488, 0.5525992730200195, 0.5685644687887285, 0.5462314347046053, 0.6405174337421458, 0.10125075980982612
0.3173025159521903, 0.32827916252907763, 0.5785959323273977, 0.34175893794210005, 0.5510508790338458, 0.7049460681434496, 0.26062459009199657, 0.4015880940727442, 0.5558375484147092, 0.4349796831333238, 0.6814695445713489, 0.6178677731277019
0.3256257473466526, 0.7637131327090843, 0.46443558316698225, 0.24827389161791114, 0.5348739025337579, 0.16926512419153777, 0.7573115373617251, 0.5120884626291357, 0.597103358561271, 0.44970708432886347, 0.32105732819458244, 0.5389020869028023
0.45454227214946896, 0.3974579791158276, 0.5684309197369383, 0.6782282958790762, 0.35003039465714214, 0.4989393228768657, 0.5313869329072083, 0.5407396745879886, 0.5562678762919456, 0.5861149049719767, 0.5894616168841508, 0.4827101985332833
0.3096837730591908, 0.45208581675125026, 0.45308998850282295, 0.20722858882988615, 0.6815804155828972, 0.5948105545465036, 0.6153413443883768, 0.48591704314346484, 0.18475781811010278, 0.29645903937393275, 0.8637621448727026, 0.30481187737207693
0.4674301962374487, 0.46187715991031986, 0.37595711267597703, 0.5966836834942681, 0.6032897646546856, 0.3414273747319327, 0.530748706700648, 0.38989198307833317, 0.3195157501022948, 0.4312421130247196, 0.4652016865080649, 0.5535279559269514
0.5447948761988487, 0.3285090792383995, 0.5303206041574724, 0.5563400761472839, 0.3597960851182433, 0.39668682986765963, 0.4148695014540664, 0.7143384503484631, 0.4274791254579612, 0.5338303139839029, 0.35116840499226626, 0.6348344572708857
0.4525771997752121, 0.48738483939507915, 0.5039431538206366, 0.5115571375668516, 0.8040287541947354, 0.6280553162504335, 0.3512275166133759, 0.5000631428410326, 0.24656220216802832, 0.7125457174297292, 0.6138597425223934, 0.37977906255873717
0.6174704406438777, 0.5036234721452857, 0.7979757963381316, 0.7021415247870927, 0.19544931493959483, 0.358013706318538, 0.41530992977313014, 0.47462509553341614, 0.515046080263347, 0.3527587056104526, 0.8232654752612587, 0.2754072784017897
0.4282036206502167, 0.5467936990353138, 0.4729261524575598, 0.6268882507193128, 0.25722369132948775, 0.6292489812049125, 0.6137029600695839, 0.5609773250305798, 0.45923475657327884, 0.5921460411535198, 0.34599178270464775, 0.5271409970461458
0.38308939928111546, 0.8823143791369532, 0.3650715758993392, 0.5700275891538249, 0.7975817913573924, 0.5628810384943677, 0.43434754520235525, 0.42247891839717455, 0.34749091014770084, 0.4902941285715341, 0.7497609800385499, 0.44984858223919577
0.6052099970673342, 0.4688778392576365, 0.2675335015095388, 0.5001133761184918, 0.6035731299782316, 0.6853806592151128, 0.30007801951048496, 0.611437573708754, 0.2606167271513856, 0.500790644584621, 0.3784009404147419, 0.3630739221286016
0.4691563308144506, 0.5562636591763799, 0.5338393917584477, 0.26643667204662236, 0.43821234471790654, 0.6150488775933858, 0.603061152056277, 0.4331366650341812, 0.31140497157421315, 0.31695215664423043, 0.33487284948474016, 0.6399157135715948
0.506347152390991, 0.6077219782357999, 0.9279130169791766, 0.5071541906693873, 0.6013121473943422, 0.09624884546409496, 0.44020957296962443, 0.6188319636680953, 0.3404956591690512, 0.33521362844808134, 0.5424727565299934, 0.871566137976947
0.7168674951420291, 0.43814360336017855, 0.668349309304373, 0.36107058511496, 0.20257886861406071, 0.4667641310798807, 0.4809825290723021, 0.5904499532209078, 0.3696294703970045, 0.6016093807822308, 0.36158160927428895, 0.6471879698680775
0.46935757238697506, 0.6458410610215185, 0.6499893065302615, 0.6118040798583715, 0.29222341241950384, 0.3948741474458016, 0.5578987730582753, 0.44002902140474337, 0.5074821369048521, 0.40639193781672, 0.53630848332974, 0.5167005818880112
0.7323055672315714, 0.25564143406403267, 0.5862262770606876, 0.1455680534157388, 0.14187671318638462, 0.4003268824338878, 0.32862405994316357, 0.26619539327464137, 0.4254438107164492, 0.6094462240483801, 0.3652472529007067, 0.3843307930958656
0.5780127065863077, 0.30596560398884187, 0.5734950684279316, 0.6955747157553348, 0.5109874501342118, 0.6608670635294935, 0.5515524481294241, 0.28259450423293164, 0.5838535226913952, 0.46388166162943034, 0.4197363596628745, 0.2906318677236311
0.4893545015013286, 0.6834261578642798, 0.7282036992197756, 0.2728963345173252, 0.46476216978595236, 0.6232748260198919, 0.4054587638567567, 0.2471772484748403, 0.657678519803019, 0.4721437253562296, 0.6828693685854412, 0.3795227656328553
0.611094354864745, 0.5570333364039073, 0.45439686497879406, 0.6644677090842891, 0.24874168583312667, 0.3018290098103773, 0.702058804424329, 0.5560755660740476, 0.49087624756722287, 0.5382198734119273, 0.5242566219411304, 0.33680552594514745
0.25323998476719745, 0.5821647125378384, 0.5601386988258149, 0.5032856622701407, 0.4561426558099254, 0.42208559988059546, 0.30849800864741694, 0.29451036869101127, 0.7324414820371394, 0.46126036502089685, 0.6528748743004795, 0.5307186915964516
0.4552670772486971, 0.38412248914420954, 0.2956229691762596, 0.48601710761636535, 0.8066939700848472, 0.3192036047797785, 0.6748339684952551, 0.7020552957780956, 0.5734927587425701, 0.48854531858810163, 0.7171900237710307, 0.4057795811517655
0.5453616320112527, 0.49166496522459996, 0.7304808262671, 0.3716164182314149, 0.6123026443773342, 0.6856868812810931, 0.45355300797573195, 0.7712159361957932, 0.5813608108225942, 0.34638337438855515, 0.42655568626344126, 0.25976417163412174
0.5026988294038932, 0.36424200449925703, 0.7395942143473085, 0.6255181684315526, 0.4584516804909846, 0.8547246234218029, 0.3614322913183114, 0.3558092717815783, 0.5729849675852725, 0.31179334791415475, 0.5179954634018843, 0.5412472157573925
0.41031302820591786, 0.5915329903974279, 0.24651805661621556, 0.5450077558937825, 0.1369257975749173, 0.6421100851469361, 0.5455320037231454, 0.4465955411110101, 0.7167902670355164, 0.5582753904867752, 0.6243021375795136, 0.5464210611168262
0.41887061817815846, 0.25861840588343427, 0.43189578300550235, 0.40972455577894085, 0.4591992503015594, 0.6777758679899482, 0.20949109578843306, 0.6965025989081751, 0.5846779092789669, 0.6235880999842778, 0.5481032368065862, 0.1697176162757515
0.5839014416406254, 0.5966284859932696, 0.7814135810844234, 0.25854365206330543, 0.39653989387163524, 0.644868217210913, 0.36731847645206633, 0.671589070094299, 0.42097807905024953, 0.7078808578038454, 0.70247166554252, 0.658655351557194
0.43969113435410573, 0.3911337684899226, 0.5659680238128979, 0.49747947086928346, 0.3164375427763819, 0.5603957457435834, 0.5236657520200408, 0.5253639051410315, 0.46616110392518956, 0.5808698260143765, 0.6052850231471655, 0.7221943124946645
0.5238710001429897, 0.7456854449641179, 0.4294835063617829, 0.7786190226462327, 0.1552951083502176, 0.4013431274708156, 0.47190597044966615, 0.6880409264585444, 0.6380068829919524, 0.4733491335848296, 0.4783101765909047, 0.5556041981814218
0.6222151204539972, 0.3647839903333992, 0.53826458567632, 0.6849804863213423, 0.8687215527684835, 0.2294014532485717, 0.17301701446219586, 0.5402152384461761, 0.5861837350840061, 0.6103011122988578, 0.7303463750575583, 0.30426728635644773
0.539721143273694, 0.6899685133156774, 0.8470507872435996, 0.421629186690218, 0.40518363000693214, 0.41754561454375017, 0.354017026550673, 0.304045316448185, 0.32392004562690113, 0.4315732227423791, 0.5357590511810191, 0.15953280948644055
0.7283228513926183, 0.6688429894831727, 0.524902207248662, 0.27581624988557396, 0.495716373739843, 0.47168345420595703, 0.39584348443084905, 0.4318882058105519, 0.7410699018945545, 0.511720660708534, 0.5848124418725792, 0.48666166055361176
0.7682102987856994, 0.4997054405591832, 0.830222254863271, 0.2935113595904502, 0.5824208607315393, 0.5744971514937578, 0.5042905756074249, 0.47661659144973334, 0.60021444684846, 0.5680597640952816, 0.1987187455033536, 0.20558342104769817
0.5129585592607686, 0.4073867130144631, 0.8302761801245298, 0.2764891151044027, 0.5211862546711695, 0.44501894134630704, 0.5337167458499256, 0.407688937509992, 0.536279115479922, 0.514045322107095, 0.46447411951003154, 0.5878732857372729
0.22157054143976485, 0.79738249778246, 0.7265361278057193, 0.43287843468302556, 0.6720659296001251, 0.48613294826390535, 0.432138183852077, 0.4972481403093321, 0.38901910278869795, 0.5207652596061787, 0.5236988322797449, 0.4177077413972893
0.5258967704093025, 0.35330598986145734, 0.43266305296597485, 0.11526541418988501, 0.3999887334656595, 0.4536295877763286, 0.5465047370109454, 0.21304484246636812, 0.37627453401114797, 0.48584828585337264, 0.5822996300291887, 0.5660518974983075
0.28325730606081445, 0.4622204955082218, 0.4151295496144646, 0.4170467913136289, 0.6813098345568493, 0.5297719960581656, 0.600272106765876, 0.40101915671208255, 0.3875175393334024, 0.44353202560243277, 0.39182657972788104, 0.6441225860138017
0.28061178254174357, 0.06872399614759572, 0.3504060638985206, 0.5220394532813541, 0.6148648948176232, 0.41311372746114156, 0.5899484660667156, 0.6936631043422876, 0.37497884318600677, 0.5799035127896538, 0.11165356109635949, 0.6980674169144057
0.4900759733853509, 0.44900140690886037, 0.6367688237425491, 0.5652664313581273, 0.46869335584254945, 0.2936823728496641, 0.15268561736473674, 0.30900404785501767, 0.43223876514493415, 0.19256684530668, 0.19862711708537628, 0.5196034394616279
0.4884840089959041, 0.37739382808599775, 0.6423304643732816, 0.4365956644256398, 0.456457215412282, 0.3715254224481518, 0.5721704781000991, 0.28879938040782144, 0.23585561521431975, 0.5347110413877931, 0.9676064587498912, 0.6413533346843291
0.8685121366812203, 0.3631145578424912, 0.6708620594237019, 0.39793737136941704, 0.5095161481566234, 0.3322352002563035, 0.45241562511513944, 0.6406867196534084, 0.6691818934063051, 0.397377794066082, 0.7163238224001803, 0.598066484896144
0.4477931208602873, 0.5848539322759092, 0.5255564781517676, 0.45937048826678223, 0.5243273969580754, 0.4742534208574796, 0.3674792296295708, 0.3690276786698571, 0.33351844002556563, 0.4724202111689787, 0.4382950331169661, 0.14285419307674324
0.6738508972885691, 0.8854419325105647, 0.5369819573808475, 0.44729858752919543, 0.6328543251755718, 0.7961580871032782, 0.17809744674658867, 0.45695457366469566, 0.2859213875127292, 0.6326279139916208, 0.25770597939671314, 0.39528197220990774
0.5236373226564274, 0.5214043093034264, 0.3574286764761667, 0.43202758174398814, 0.16900399603775362, 0.3943481101756736, 0.42910458190626694, 0.6358138855682407, 0.4309199644416424, 0.4309960592662815, 0.293747635846752, 0.4567815490197119
0.3217801940971677, 0.8333243195253672, 0.5780046637342283, 0.6271090460348985, 0.5851161381519576, 0.37191265784856725, 0.7047085097614836, 0.42014329877898954, 0.508968675564436, 0.43158739468768603, 0.46684964583479216, 0.47901207416000813
0.3370998962103887, 0.7034246674000315, 0.5210416938958028, 0.2506013342977995, 0.3537317410642574, 0.5386024645992497, 0.48053503391467467, 0.42863754361523876, 0.4697189358588912, 0.3906967477413542, 0.7726838683360631, 0.1126724345761203
0.4709638601959789, 0.5140579361862618, 0.45808504990968746, 0.3835947759664527, 0.6419345355702059, 0.7190408376249824, 0.3208548974434773, 0.6378760619404704, 0.47654408303913276, 0.47508390271847695, 0.4430128534973849, 0.6155553656357095
0.4301889136016882, 0.5800897835746862, 0.26900078751898493, 0.5416817620947089, 0.43433919469290605, 0.2896935102362227, 0.42260884835575324, 0.45256561329583656, 0.38784535136212783, 0.6181091943155193, 0.32534166545704873, 0.5541668900371255
0.760502780553236, 0.6815263447123807, 0.4243495954712925, 0.617521277626269, 0.5524846536710573, 0.7149293666241295, 0.6288268612265842, 0.5807807230077273, 0.866637228507836, 0.5526562036501855, 0.8865377729075037, 0.3936629401641707
0.6572518473325074, 0.49335788438448314, 0.8775192747108741, 0.2640975746517876, 0.476204664902895, 0.3443988884454332, 0.9208915708352304, 0.5537605212497693, 0.34829871501551873, 0.43942763362194787, 0.5504856437616193, 0.14685056938317248
0.6155394360883651, 0.9179802067179799, 0.3109375457158114, 0.696856303067143, 0.46685120029241944, 0.7450864581754895, 0.7225780031690732, 0.41439126240640495, 0.5152279980023599, 0.4555087332552227, 0.36051885587191446, 0.43032872073955963
0.5344357074347796, 0.21231258457121693, 0.6661248340329842, 0.5207361364286155, 0.5343562767451118, 0.5044283128325712, 0.43645436143146166, 0.6892171931272173, 0.2937033452668514, 0.7083392164401501, 0.22682206593570942, 0.7368994723506369
0.5723115108532484, 0.5548005360097722, 0.5270427834855363, 0.5097544917514872, 0.5322773020118853, 0.4853064461923935, 0.6163167083711854, 0.5643875541760863, 0.3249903937785234, 0.6914773449829179, 0.37872569951002416, 0.23887295076581921
0.4167820648313625, 0.2534050624646423, 0.49122963212059423, 0.22361364835567804, 0.17379241005752588, 0.48552767873958597, 0.39503024141902776, 0.5008433986961366, 0.3748139722941314, 0.2323924019064194, 0.5494245864769799, 0.48966883375510306
0.5048060021614019, 0.6221348993979124, 0.349651734842218, 0.6466505254139445, 0.6015862753228928, 0.3893777569391742, 0.378083102289692, 0.3813994663195625, 0.7660056575273344, 0.5680005485986199, 0.339021803490412, 0.6766052677580047
0.6354047824555126, 0.5949832116847948, 0.19534533434980378, 0.5769298438269206, 0.4620013778434009, 0.7753612292389992, 0.48986149884432895, 0.39692022432151325, 0.42975770787026696, 0.3859965456591314, 0.5082380421595275, 0.44529351432852304
0.616213284570014, 0.502577886968528, 0.564155346857548, 0.38780235198228424, 0.41446486463739546, 0.5625585946939657, 0.5882616028003357, 0.3691621618036436, 0.384929085701478, 0.5534183048013548, 0.49780754871135713, 0.6175790824972537
0.51877543007424, 0.6342243793372591, 0.5441993851837532, 0.2732371807710525, 0.6661910951074221, 0.45938113166959627, 0.3931010722687823, 0.735656991369979, 0.6577044229601919, 0.42198103732643943, 0.49391061601092723, 0.4967169003074618
0.5580239443521218, 0.2688777236636603, 0.4856079596270636, 0.9330525583118141, 0.8234049349658843, 0.4861920051982665, 0.42060366016037537, 0.3178266092316361, 0.42358466003268347, 0.59229271371039, 0.4102063943996807, 0.379639786871336
0.6746583233231205, 0.38196909754157043, 0.6070964150809892, 0.332154773612245, 0.5116510654378369, 0.6366538175407057, 0.7083269169967399, 0.30769292662821257, 0.3679793314838461, 0.39748301810150755, 0.2995534679124543, 0.33632935727085733
0.49646935603086134, 0.5667246585992881, 0.5535851069424337, 0.555349212859834, 0.42791293927288077, 0.44643958612824597, 0.6497881506242676, 0.5182430602571422, 0.6577069659771742, 0.49274897201005674, 0.5706787540725866, 0.5840486270883217
0.5328424897057107, 0.5881264756959159, 0.5571178161393215, 0.5824989003857343, 0.6404753701698193, 0.5389640278104403, 0.23550015121932344, 0.4695966313211413, 0.6852960890756371, 0.5241285892075286, 0.2240042691293015, 0.6039512765149757
0.7308672981365917, 0.2108055193768179, 0.27727414254083393, 0.45171183268372106, 0.5802403692643516, 0.33789302610197974, 0.541286215439969, 0.4790898217232762, 0.3461743733490954, 0.3111614593011105, 0.46517851174470914, 0.619458116453616
0.48741654072067797, 0.8118060812290375, 0.4294106793698981, 0.42584743790908813, 0.7729912075482236, 0.40786183912329554, 0.412747927552781, 0.4717031403015486, 0.5588375392768496, 0.6550928474011594, 0.36347695526559365, 0.46974832391717375
0.46497218772557714, 0.3494255355810758, 0.49544123279010416, 0.49309464194386926, 0.574934886133826, 0.4306260014818308, 0.39171545230842497, 0.3275286181979967, 0.2969349781696371, 0.47342413992151655, 0.6955252195969028, 0.2683170087659289
0.7626546274222658, 0.4274936698606871, 0.5179915171962117, 0.5579693678367742, 0.3318553093050901, 0.5208365655438078, 0.1433227212329195, 0.3971187635747647, 0.5393910321717117, 0.48968173842840224, 0.5652568465362271, 0.6339884753697453
0.5713526518296681, 0.5454931484262591, 0.40820055125992444, 0.47832806651814674, 0.34318429285168384, 0.353852102584179, 0.6285445855036741, 0.26321874427842856, 0.37637580035241236, 0.25264869870975015, 0.19998414824135113, 0.6865505815542607
0.3704952392178231, 0.5049678604750295, 0.798003549373342, 0.3447723253408138, 0.6308305838539159, 0.7975938658011816, 0.5626145612532344, 0.7585658417744742, 0.3453623171546131, 0.4445706125659232, 0.6496328600015999, 0.6904076821159738
0.5881375406660643, 0.39198584830344496, 0.35128817456181105, 0.4443913530712423, 0.5020452952714016, 0.5369185002473039, 0.4307911260020639, 0.5519715403118114, 0.6877834026638998, 0.8332061230817474, 0.4522869713711916, 0.3002092822121607
0.47711094762878464, 0.407908818693111, 0.6639489964003911, 0.44409255026359346, 0.6563829327825974, 0.7276494971042771, 0.6966811925748386, 0.542695080560721, 0.9108441240669989, 0.6428273169320653, 0.42678109196186215, 0.6597331398255972
0.3417962049403559, 0.4377103319074169, 0.4993624237363248, 0.37169107092231657, 0.2015722401803569, 0.3317458624109646, 0.5754351243078831, 0.7008998392576565, 0.42230089755563505, 0.46357832691162715, 0.46436622223426405, 0.6084529477546624
0.5171675338868181, 0.327461494893898, 0.4998941524496495, 0.36789125694434305, 0.5255115882877596, 0.35308859141515303, 0.10349492825114504, 0.3848144065247002, 0.24271630379148273, 0.38575256297557936, 0.49091821813760056, 0.8522640863899138
0.16188921294656744, 0.6785705144021179, 0.7563124516092121, 0.6467844308926942, 0.3478070212345456, 0.5709143065056413, 0.6624401639298604, 0.4677566465247221, 0.7358570174884932, 0.680546973125288, 0.37353996663694833, 0.6075191844041417
0.5108929486288306, 0.6446948147796032, 0.4909206498475814, 0.5605979409211603, 0.8968910446636205, 0.739239089646972, 0.45175461826953867, 0.6898477295506191, 0.459748873697509, 0.5277103157194561, 0.48823120678393894, 0.8695478337334693
0.6331376656831557, 0.5518607675780035, 0.6719152168883304, 0.5267356156148564, 0.4160877710546999, 0.4851278286419882, 0.38297953702682275, 0.9639552717537627, 0.5193291871155687, 0.5437859189244117, 0.8291129401058491, 0.4617157329960949
0.43667429080241316, 0.5104210231508292, 0.6820734653045829, 0.3565709959370825, 0.4555621576121568, 0.3415376562615071, 0.33537105071186935, 0.29675141497032115, 0.49655233780364183, 0.5596290429796663, 0.6869299298423717, 0.35618365263082474
0.2856408190742293, 0.5501309705749179, 0.40385907261489173, 0.4681600387686733, 0.2015887457873557, 0.13304718961108736, 0.5990152105331038, 0.41990099232102585, 0.5121881206837401, 0.6781634044505185, 0.41489218614587164, 0.5145189234844212
0.49904553212452246, 0.6978441023540567, 0.6155205927255667, 0.7811843014144522, 0.31564486313727225, 0.5285499088069103, 0.44119748047152285, 0.309186335677009, 0.6769744890560722, 0.7001274203203842, 0.6289458248528572, 0.5438293497576634
0.44549616343654885, 0.5676608658620576, 0.5703917258467274, 0.4857960426131987, 0.706644641388401, 0.06622946785232803, 0.4027864481296851, 0.36360895195116866, 0.8136707441517721, 0.4895790309819556, 0.44078255016000556, 0.372633018967232
0.5735909105747884, 0.43691775993831883, 0.5181134140690786, 0.5552223480676817, 0.17738328708621037, 0.741250767126727, 0.36220718233809046, 0.5120085984299021, 0.5947503022347784, 0.7034944638028475, 0.5575189027454284, 0.4559630815149752
0.532185228490103, 0.6527433853250922, 0.4724429430560644, 0.33320243637510594, 0.39912788060040616, 0.5564318044740305, 0.527359734188218, 0.46527054806022494, 0.5297024628466932, 0.3448064368164816, 0.5053128279525972, 0.478137326160332
0.21600212209898761, 0.39140219738598475, 0.3055643152393057, 0.5059351054241145, 0.8554615200797415, 0.27329946440197306, 0.7372301618862241, 0.5328990101349791, 0.6180490993703378, 0.3378347842289001, 0.6310850783102259, 0.5702542635967712
0.3069228587675556, 0.4878125209503522, 0.3873902632362725, 0.5710226082340454, 0.685431412859612, 0.7018599171310997, 0.5090550424669842, 0.5698013716532284, 0.50633671035937, 0.38745054701842413, 0.1803470807969244, 0.3879306020539266
0.6345277262676583, 0.4286732940854381, 0.44942589661200494, 0.48889094392246285, 0.5853379979550807, 0.41975332824503797, 0.39468949664687336, 0.6484143471592939, 0.48280497016636525, 0.4592764311427, 0.31149116158297174, 0.5186569720516518
0.47450333933478595, 0.6351855349492748, 0.34974171869656334, 0.045533938147998776, 0.5928814365060402, 0.2268632264890902, 0.44855158136097134, 0.6124363207280757, 0.7735820101245912, 0.436567502277388, 0.6038048643193671, 0.5334811100879192
0.4849737705390014, 0.6318693079249765, 0.517528950878184, 0.34681575207846166, 0.5976708018824319, 0.5551542012734688, 0.4442668014705993, 0.15405301132804688, 0.4348664226697053, 0.3577794002368956, 0.5263027942120793, 0.5777765524579286
0.6820919871993041, 0.6532730134891682, 0.3791880133296302, 0.07530432940752951, 0.4771249977739858, 0.09396112504798715, 0.5252119620135305, 0.39651943987308186, 0.2644426708893655, 0.31984840711283913, 0.4566962147787936, 0.2764834725213265
0.4326259021293959, 0.5066203288151613, 0.35781321793142307, 0.43289665296524, 0.6421926119775593, 0.593281715763281, 0.19733048245578338, 0.6142533171312011, 0.6110797605103785, 0.5317361509318201, 0.7674503384134959, 0.26469259031355735
0.42214008128249847, 0.45833617942728977, 0.6502609430601245, 0.5773285115790321, 0.6131645358477645, 0.7484101934847015, 0.2408339348070868, 0.7677645031258471, 0.46731816404334897, 0.6336425396752012, 0.7752939511525874, 0.6442692275717835
0.2733371539830661, 0.44374794336293066, 0.5548512377567266, 0.3334327111149293, 0.5886273379611308, 0.6504389577725556, 0.1259797994526186, 0.5473744621241455, 0.25593087854848157, 0.4105362569682617, 0.5552599047727677, 0.5198258926926628
0.5306694417832445, 0.12011336362327774, 0.4952224908292991, 0.4663954148311762, 0.6357246349885034, 0.3406195009606724, 0.20154291351432907, 0.3829951015777151, 0.49734031541871265, 0.4537140735209078, 0.493133003098745, 0.623075387476809
0.3829796437716062, 0.6695753327704075, 0.468082413971947, 0.3949313224137597, 0.6348277165822258, 0.4377760747641949, 0.8452108202929951, 0.5977519288485598, 0.2794254928308987, 0.4711992100761812, 0.38340502518951214, 0.6137535666658585
0.4456414870067794, 0.30681754433192987, 0.7068771591690679, 0.705809381326929, 0.44754160058081094, 0.46443712360360423, 0.7559569821230512, 0.9638702402828622, 0.6170158396391374, 0.16639799294020452, 0.5187479161103702, 0.6687001558180723
0.7125259361947406, 0.3833708492227883, 0.7573708438113077, 0.32086810519301845, 0.6435675050057084, 0.2321927876747889, 0.5523129214030026, 0.47206738901698886, 0.340816204572049, 0.6303071859857639, 0.50888829001411, 0.5247960430758373
0.4929146787212606, 0.3634579824054364, 0.5374833467219096, 0.5770879584423247, 0.49569092995893, 0.6932135272854927, 0.3899731792771277, 0.3237407398015282, 0.5296326779618047, 0.5699019960553444, 0.7408195922979594, 0.12189521903926959
0.4264335720711445, 0.37082962024996613, 0.36728690416920046, 0.5499069165441779, 0.6001282408207396, 0.4179428046146494, 0.4592625334307426, 0.2845561989713745, 0.39514667800993125, 0.5334421227729718, 0.197152285648237, 0.36020545840364404
0.6215896991077395, 0.27110159299567915, 0.7292967402481878, 0.21694791703945665, 0.44457948989508955, 0.6355058734853941, 0.5420433923146838, 0.6453110159650436, 0.5597735840250551, 0.3982202333581703, 0.4111468488024663, 0.5309707510706796
0.3667056097980962, 0.3984036375738922, 0.6642734081729036, 0.6317532602161213, 0.5126831980987231, 0.5284585559363271, 0.38426853633008395, 0.16173035954217896, 0.7036697296994244, 0.33940513655453247, 0.6632860007862484, 0.3934235941249793
0.7462627728921813, 0.3159297539520059, 0.39203220854170207, 0.6797058875164605, 0.5371723597185524, 0.20539037714953268, 0.3447785142946106, 0.25850366043353057, 0.4231145547001682, 0.82938194310449, 0.4997601735544845, 0.6019329273373492
0.42635943098457785, 0.3697369653688477, 0.3825523685672372, 0.8573623146756971, 0.6930947729716956, 0.5112578506388415, 0.4058054151641068, 0.5512358690975852, 0.8308041880051003, 0.16263571228285922, 0.7492676330894654, 0.7030774971582149
0.6319511948609774, 0.3166497809724802, 0.5040296173981661, 0.582631566380787, 0.21451351777425554, 0.15219955792036088, 0.30967917207471474, 0.6400695416416128, 0.18819702383902376, 0.5042839202186852, 0.38390577841712037, 0.6352484582038369
0.6830600494535832, 0.09061749830482835, 0.6384174272395977, 0.7399373976798567, 0.46365409402568325, 0.7533111408826976, 0.43967892116488033, 0.6723991232059067, 0.34240051202401534, 0.5012218370855643, 0.5990875474287224, 0.142247471906922
0.5033240217285447, 0.6931138715944769, 0.7457732041573231, 0.42362558178407456, 0.26256148275858265, 0.6182043663412429, 0.7358137439125999, 0.9245135250647789, 0.6230160205855357, 0.521090012770751, 0.5347514616024589, 0.7265251906756933
0.6849872627735496, 0.8118780425434176, 0.42525462740830317, 0.3691137392545758, 0.4958919178554298, 0.37888047214053383, 0.5297476225161448, 0.3685104409491263, 0.4684026167192645, 0.6665642441285377, 0.6622887809131022, 0.45664477751722315
0.5810237750102973, 0.43465480222936614, 0.48668818012807163, 0.6621833601962902, 0.938545777283115, 0.3338304529764587, 0.22014558711600457, 0.7587863536452537, 0.44779477108539467, 0.355986042204075, 0.388467536651862, 0.36375648325863075
0.3683640981453065, 0.5826436914360023, 0.2607028469697411, 0.3986209895305097, 0.6455907901535954, 0.5913829025418866, 0.14794779059010632, 0.5899269285450299, 0.5957115118282938, 0.4479609383506284, 0.39508897793443454, 0.1036440603697073
0.5747908368420688, 0.3225182345624229, 0.23523128677204613, 0.48893994247251865, 0.49843754279417357, 0.629263461956254, 0.3580523808091953, 0.6258133393668712, 0.62619224634653, 0.3902996738493983, 0.4771945182051696, 0.5060207752436571
0.7703950197182181, 0.43164240893103883, 0.5244635719218336, 0.5571581757484241, 0.7251668423337192, 0.5525798036487971, 0.29257191911519587, 0.6993398098447049, 0.4777795423941748, 0.5058962147993236, 0.5110112970434408, 0.5187405021762193
0.6224789799029432, 0.38681999320594107, 0.5255647578770312, 0.4426521429472908, 0.2820072253242144, 0.2244962656298899, 0.3439275221271615, 0.7265844824969875, 0.6261583372716045, 0.3385218904592383, 0.2314916430169613, 0.2873232009083675
0.401299685232975, 0.5504035358458584, 0.34729378774252795, 0.6344012142076836, 0.56962046151195, 0.5687206314341587, 0.5767371189540619, 0.24282710762548387, 0.7580232591526275, 0.4603419079052333, 0.5661600008219756, 0.6730581666885855
0.5808753045097401, 0.4794560563475267, 0.5308790632598842, 0.39761148503244326, 0.5235676520770823, 0.5429471714276484, 0.5342710571716806, 0.3812008393733238, 0.3257260387169592, 0.3372051355918746, 0.775282517111662, 0.4842076366566978
0.5732424007990625, 0.3602295119111524, 0.37729145862782454, 0.589594506166135, 0.45585825089603926, 0.5209233768688925, 0.6236501564756961, 0.46551668926031514, 0.6045249207307998, 0.35126316271406083, 0.37952148638673716, 0.49003329609094
0.5761500365467418, 0.7000315495197497, 0.32153101255767447, 0.6746477105775155, 0.2945952683533941, 0.2827924986258359, 0.4930566763924353, 0.3308560863822087, 0.2879126281685226, 0.5264413071684364, 0.5329879945911128, 0.4214911047129232
0.2993244738914218, 0.39766401799168793, 0.5154447373265538, 0.6337893854032396, 0.35644200769298084, 0.5623686973429934, 0.5802685564857675, 0.23791316077611924, 0.5285711696153388, 0.3767512953574501, 0.98620311211288, 0.7533089962027123
0.48576086083468595, 0.4937535917530436, 0.5198348521096601, 0.34407465497974954, 0.48451529430372364, 0.5653815432131235, 0.7747912228328878, 0.2627042944437162, 0.5077230496186678, 0.5557136494102833, 0.6683443569849051, 0.6339594226928975
0.304126183735997, 0.73302273121098, 0.4985873470203162, 0.7426847883084176, 0.42253956040744983, 0.4490082954975923, 0.0735017183334361, 0.5935479017079569, 0.7610196053200805, 0.8421480301049568, 0.42314608018003264, 0.3892298444538505
0.6804322692099483, 0.5384159205231341, 0.5772522918505508, 0.3715028540426484, 0.6023083169117383, 0.4688154724653066, 0.5185660338111572, 0.7318019397380455, 0.8076566716838793, 0.9057722517900391, 0.6219755767210513, 0.7970186093886873
0.21588078088878698, 0.5435577879096903, 0.7987433068813887, 0.21137661061438645, 0.4323399750074357, 0.4167837678771899, 0.2954716491887878, 0.5602501410210866, 0.7404780097974214, 0.46572817922078785, 0.6611734520484912, 0.6777176203017055
0.48312591663244886, 0.4859135664405828, 0.43842648688073027, 0.2278378502680713, 0.5459448214652308, 0.6591808473283673, 0.6639304653324629, 0.44058135451100783, 0.5111519110643195, 0.511741960965456, 0.47986357789832973, 0.33318685661540837
0.44731665216509875, 0.663926570274578, 0.47777129294750026, 0.2601485682275695, 0.6850700311747777, 0.4734511697016955, 0.18461511306222306, 0.5792818103290346, 0.5839112243715264, 0.6736873142363805, 0.6301223561819019, 0.6113635817957835
0.46498409037404703, 0.19295973923002807, 0.3488336899018038, 0.5213712654686822, 0.5321683629797287, 0.46198597599717645, 0.07648770324075649, 0.4182544853268582, 0.4112174409314661, 0.3646552401422797, 0.4767125716725969, 0.4915220116700601
0.6070325357034908, 0.48207850651376705, 0.5531112982867468, 0.4779105465394928, 0.3699049660502748, 0.44466715536789514, 0.32634022181437744, 0.3385242254696418, 0.6131803708178906, 0.4909439641117652, 0.7280465914533013, 0.6002111854024056
0.33181758767464553, 0.4958594729404126, 0.38089354811617315, 0.6029579358623178, 0.7820675172876015, 0.5698669718154793, 0.31497154760362456, 0.7008751441319653, 0.5695117653525368, 0.3013376539513498, 0.24659948944004795, 0.6523135540536649
0.6761160333088614, 0.6011646185767, 0.7696720468233397, 0.5093131917154043, 0.559435653315397, 0.6674137013469925, 0.6349858022731814, 0.32391475289930927, 0.54053319316688, 0.5618828262425707, 0.39738216232189805, 0.650651688033866
0.48777250550389417, 0.7702834331227985, 0.5055952492057615, 0.41765273223024846, 0.6096029552050612, 0.47387684579840567, 0.7139836334400345, 0.44490915341209064, 0.34692598485198894, 0.4183126474129507, 0.4963795177047885, 0.5653549355792683
0.749333048207716, 0.7178868861379527, 0.7762378830192468, 0.6384772139012471, 0.2510150765743539, 0.5070153768711143, 0.6520917270942346, 0.5801432146013886, 0.1918936053060047, 0.5862600683371424, 0.24315964332710294, 0.5309841401035198
0.6670320273372503, 0.3040366871476673, 0.35349790005980963, 0.5528184904359855, 0.2869425070016872, 0.4686864627054905, 0.4443992449270493, 0.4848847479773713, 0.42040581367181595, 0.6322439822733118, 0.369387139512195, 0.4928528445203625
0.4554888489640228, 0.4989780079930999, 0.716355503216595, 0.22095214768485238, 0.6507351280632208, 0.3314193335907941, 0.7730463605848507, 0.5286783468006927, 0.3810397410566861, 0.5421539374895697, 0.21276082464636742, 0.5777623454200539
0.4153640229917282, 0.34154402945995854, 0.6354287578931231, 0.6303008082974126, 0.515250573034029, 0.6485141686020138, 0.41593321500575386, 0.28126079737544013, 0.8619602577592702, 0.39724150558034776, 0.6232424748170645, 0.7107060114040777
0.7769656466161137, 0.31163124406025644, 0.6742202669738093, 0.4682438519227694, 0.6539237095085977, 0.4824072675097123, 0.618622349780252, 0.6213228943597368, 0.6216561983915453, 0.5157216689303464, 0.5052591689341718, 0.5158196704882692
0.45965085886247004, 0.5231058169569631, 0.5563502266512617, 0.6054588398222476, 0.4269375856284311, 0.3925490657698856, 0.20856391503376726, 0.41488576790744247, 0.35201910736760633, 0.4666349887366889, 0.48878367616415025, 0.30482613195056324
0.6325522877963609, 0.8829896614625777, 0.24423248827194532, 0.36205373683168496, 0.3438499080376214, 0.7384237004141093, 0.7061606384804546, 0.4296817990738766, 0.5636751667972509, 0.4704893936494396, 0.6644937373933824, 0.2830445483304037
0.20903275274539196, 0.3942846074581775, 0.3187246980315257, 0.6475403953084208, 0.3681150016250842, 0.7125317703640289, 0.4708536591507404, 0.48613312018726745, 0.47821891465232186, 0.3443184237818472, 0.6435307385790827, 0.98611051713339
0.8464507615679049, 0.3643261715163807, 0.6098102006609046, 0.5065974316772289, 0.6172255618129034, 0.6549705772815528, 0.4367344073298742, 0.5416789887102845, 0.2978111526752517, 0.5463851214003113, 0.45563792222282773, 0.7763979625951368
0.336594174487563, 0.5842728540298316, 0.6740378085415343, 0.36770196302813635, 0.6514770078638502, 0.37490470077076415, 0.6068316786567051, 0.5650717026795401, 0.5264861027369433, 0.34824233661387055, 0.539007812876552, 0.8852570038873901
0.6863889372133559, 0.8637410488028371, 0.6167590576003723, 0.8094946781363814, 0.6752814645413214, 0.650635639864605, 0.5097062721858633, 0.3040892726665885, 0.5241206053842882, 0.539831291385072, 0.3380638432850329, 0.362822607448536
0.6089698763129766, 0.30064528323068634, 0.299572382441461, 0.5524390307455139, 0.6187712505166426, 0.30437017732616717, 0.6951433821300899, 0.6177795537311425, 0.46571389203230756, 0.394039433294992, 0.5473890983425427, 0.45632284972858517
0.5009354163286984, 0.24180556652257512, 0.19950367220670007, 0.41586288175009495, 0.23898248666383382, 0.35418984213028293, 0.4634088369801598, 0.8371360961144116, 0.4813509603017967, 0.8496252903130437, 0.1511283762469759, 0.7124324664867823
0.5951636317278546, 0.7471100563388293, 0.5740194697083522, 0.5908045583548915, 0.796355568761139, 0.4879931860171613, 0.14718323954347268, 0.4518798070695047, 0.013723254098074067, 0.37402607927573284, 0.3866476931971732, 0.37504704164813624
0.14200176326208847, 0.47094456780145194, 0.35515728377600164, 0.5156369811769995, 0.3761002000219139, 0.3661414880976923, 0.47839818684576013, 0.5541289709597684, 0.7104058193810123, 0.8466675673433403, 0.5574956593928799, 0.6676750622384864
0.2894065764214123, 0.4659847935477561, 0.6054659147625197, 0.49301053011673684, 0.5740589488471708, 0.5657808745739358, 0.7061504273907199, 0.5344346468070508, 0.5832876382140321, 0.29353908466522516, 0.17844309006669157, 0.7566767819790847
0.7890132329840438, 0.760090611853451, 0.5379813569237464, 0.5824758502559151, 0.2600716039000288, 0.4173484196121138, 0.5182486277043327, 0.6497719378965208, 0.4330204926649829, 0.45794265991521327, 0.5607666076654136, 0.46814865515996756
0.42933346096205416, 0.6303260196957724, 0.8180899795489246, 0.663162152509742, 0.662621904899618, 0.44772036633766443, 0.5662173271560981, 0.38403964948128233, 0.5791759215799357, 0.6003071289276909, 0.40879140302415, 0.7649721851799969
0.729085581581943, 0.6454970598581287, 0.40945856591198737, 0.6405720065456058, 0.4467032268652249, 0.5079852670547579, 0.680924489994923, 0.25194705177797894, 0.30404799616643535, 0.36860405424522014, 0.251156364990147, 0.5203893106063183
0.23021494219327732, 0.6860934116643274, 0.7922860055159247, 0.8727212819509192, 0.2640857508688562, 0.6110611770661171, 0.8713002106604195, 0.6821843278770195, 0.4448733549431959, 0.6508998122413779, 0.3571147125804414, 0.3751404948024983
0.6625391228644276, 0.2239417582558802, 0.7057050537888072, 0.6091631044010322, 0.23865645567942811, 0.5003975018017579, 0.5459018855736063, 0.625453711024936, 0.5979150509007136, 0.29469921443042013, 0.9158483701138462, 0.6486964776885327
0.7083223826669038, 0.4753653673652446, 0.7071467161631516, 0.6581631891134953, 0.896737332565837, 0.4829985700647402, 0.5227252581017392, 0.6994286777623177, 0.572333140466056, 0.24121899032623995, 0.9098357583252318, 0.4497117004811275
0.49340549552341073, 0.3892888973587731, 0.4559583150481515, 0.6392474945167804, 0.35824941442438646, 0.6746838090204961, 0.5049412505638378, 0.46441888409669085, 0.784953930554367, 0.554438319660804, 0.6120962598820251, 0.43441102991849256
0.43089392083597633, 0.5144703128675169, 0.7588680659586048, 0.5141282540667501, 0.43045351423760675, 0.5226195866703527, 0.4375293611203776, 0.5778058490681408, 0.3441623270435862, 0.28835128635410745, 0.46371830419760107, 0.6391105142527247
0.377559650294736, 0.6624842965450608, 0.25486015414627755, 0.5930969115702593, 0.08706526221175725, 0.6020052129707263, 0.562058143192821, 0.2844438839110194, 0.38352391980330713, 0.4895695876898138, 0.6884854225598744, 0.3862301712758223
0.5760385132507149, 0.36892517415902515, 0.5435102707013932, 0.6192553528801695, 0.5529910816225391, 0.4839251118401345, 0.7461518617179943, 0.7638946635028838, 0.5910671348840192, 0.7553425591507816, 0.5438386401771944, 0.3751978885163267
0.9052296785859987, 0.23894216297725707, 0.290992400400701, 0.14962787455252713, 0.7853929979828749, 0.5425688306943574, 0.5643768482825142, 0.5650015684185596, 0.2891867872839521, 0.5372873918034109, 0.3766443550844585, 0.35801993203013355
0.5187580104286558, 0.33630619462574335, 0.519388833055787, 0.5106117525410676, 0.5568037284604864, 0.28077924389377124, 0.5684952713308471, 0.3151308622737775, 0.313114819796426, 0.2964424930165059, 0.742813885167001, 0.3232358832836135
0.4782896602654603, 0.5716271128382824, 0.4459503052411557, 0.6983558993338679, 0.5827722156695644, 0.5644972459498121, 0.6131667874241866, 0.43555434532183085, 0.14991837236309047, 0.6757956477036858, 0.3624891219872314, 0.2824066916075133
0.3031243529020067, 0.610934897566651, 0.47609506805526336, 0.39121617133246134, 0.33693820652860007, 0.7441700207119204, 0.540799344902775, 0.1736040735929073, 0.6203585720789228, 0.48229133986607203, 0.41469865720165616, 0.3158615173659894
0.6425759725875949, 0.29368382700542905, 0.6157051478029053, 0.4699941042699151, 0.6259465606918921, 0.6709025383262178, 0.706009490952041, 0.45344812330841305, 0.700508338631508, 0.41002204341167997, 0.22138061248521268, 0.5351553219492123
0.5867232367707604, 0.35614841241868533, 0.5020247056892515, 0.29484891635375665, 0.3612572513850242, 0.3011177543819108, 0.37435560071145985, 0.32207407866738813, 0.7136318865094348, 0.5941814153479891, 0.5081686566771925, 0.6499704162095687
0.30098422413569603, 0.34350934036844927, 0.3132241637616864, 0.6494544160499285, 0.2284010595230349, 0.5886466584788111, 0.6247094050621451, 0.44717785128694193, 0.34627232467746083, 0.8612359316172353, 0.7278585024162649, 0.47951768328359634
0.5155420359365009, 0.45077886459605815, 0.6985185253537354, 0.6222507857268538, 0.673870762680395, 0.2848651421569714, 0.30216901745742253, 0.4685545948720961, 0.3696218751717244, 0.6554483388818803, 0.8721891771036565, 0.6527687244607846
0.404429713554229, 0.21948568471764934, 0.4471760886769121, 0.28356159171676143, 0.4476628770121871, 0.3887331026547205, 0.4801793334885629, 0.5485895000588744, 0.1863350297031413, 0.4024835534672674, 0.43972912837184175, 0.5499703667187933
0.7046977964841172, 0.5454394328663976, 0.6350412935915608, 0.29034032379886526, 0.7984603084748649, 0.8163280316079706, 0.49020215060292444, 0.23374262055656725, 0.46454232187276995, 0.7371967384442244, 0.7318319810570045, 0.4491518777640509
0.6849484949697627, 0.6532685379118002, 0.5074260730484926, 0.6124977627338659, 0.5964830743139118, 0.1832235028210658, 0.3725678464360375, 0.16179771878140925, 0.5502124978432682, 0.5989787946830405, 0.6337935965364995, 0.5545191209540876
0.3649113967957658, 0.3913688865643781, 0.34156015373196424, 0.42481510094750036, 0.574183331710965, 0.30844907336174265, 0.4293163431269149, 0.6352703708243443, 0.4640196975755007, 0.5691941608119016, 0.5115752542150312, 0.5582159047342529
0.6468880900450635, 0.7041979688763882, 0.3173488657463337, 0.48997070274557536, 0.5948578367420677, 0.4934544577485821, 0.6140698696386098, 0.584333618792101, 0.5477311794505706, 0.3229476490439526, 0.43227761066781556, 0.6602651104421859
0.4111328686073277, 0.5913811577797116, 0.5436491707956449, 0.5727584731911635, 0.5533779195759416, 0.6125016675440736, 0.7409786813983903, 0.1847783879699434, 0.5102574652412786, 0.6028546112758904, 0.2465252425253769, 0.5497343965614746
0.35156251040578423, 0.38198679937647173, 0.3572635255895254, 0.02015835378062708, 0.5593995909672741, 0.5443803964404369, 0.6551937311441052, 0.5582362823603282, 0.47375085165243724, 0.4287922308610392, 0.5329093523589628, 0.6255079585630015
0.29189818902591425, 0.5191922001621552, 0.26595844255468015, 0.5906404047189762, 0.6095267736307872, 0.5906552935462375, 0.3030906758476325, 0.47644508914046635, 0.5565199949233243, 0.3927481812857369, 0.48382206917262655, 0.5611465784371927
0.5577080225921353, 0.23194647913121075, 0.2580857486762963, 0.3348120862988453, 0.5054951104988753, 0.40067910748683744, 0.6155934907085592, 0.39732900112687375, 0.7565997334972969, 0.31426020789088094, 0.6609846753756704, 0.4405831654229734
0.49780903943419375, 0.6184997063953535, 0.5463613050799296, 0.4956616745255823, 0.6604280360135514, 0.8334952571588597, 0.3575480680769393, 0.34636111595084246, 0.08358264576832042, 0.4907650825754031, 0.6440665396590368, 0.4768438206560622
0.4824168940944064, 0.505969259202154, 0.6182433899590494, 0.40809128487645036, 0.7045223410972229, 0.6373487661104971, 0.5166710131196577, 0.20500580213647357, 0.2963498702525683, 0.16522115766769824, 0.6172196191706832, 0.681535973335206
0.8141708266672933, 0.44638186492244086, 0.5139094659703404, 0.6245224376463097, 0.3888231623266182, 0.6111930115182838, 0.5433627165971762, 0.3654741977867767, 0.48240410588235383, 0.5929637985615698, 0.33502222464901854, 0.6273759276750294
0.2168537810831338, 0.8820576025579359, 0.23607564815733695, 0.324213041005, 0.7212168874646361, 0.3179370758822935, 0.2785508129817451, 0.33690366613872386, 0.63493715723608, 0.6113663921011186, 0.5142175630886768, 0.6431437486306938
0.53881754405056, 0.5410368438692056, 0.5597306424106749, 0.3377264169575966, 0.5791453123177158, 0.5624867057520518, 0.426718551510732, 0.7395683628383669, 0.40917060063844524, 0.3368326024462666, 0.6674682854186114, 0.546642886350647
0.6570745913719765, 0.730721016867291, 0.48657072592943235, 0.29048151034348013, 0.42006404659769264, 0.4756198581024138, 0.4113804116627249, 0.6728355317896089, 0.6225112705561624, 0.5050397308251275, 0.4776520981275863, 0.5157791072577771
0.36759553557413116, 0.34868656906871365, 0.6274754052735607, 0.3888283812490613, 0.41523718309593327, 0.3773908871965697, 0.6728192060021647, 0.5310472289807798, 0.23809924449077213, 0.4814255889017438, 0.3352682139024911, 0.7137348399380057
0.4298609356137813, 0.048004549567914834, 0.34716277891172564, 0.5721522301156524, 0.5636249027691985, 0.25991203490399073, 0.21140906002504067, 0.6859106334872062, 0.7222928181166967, 0.43559766958471935, 0.727539543574596, 0.8393846200651542
0.4823169936754778, 0.6084353858561111, 0.3353736214153477, 0.5337992953729435, 0.8432640405966287, 0.6063648804554277, 0.29690488338725984, 0.41020156128085994, 0.6283592919668068, 0.8114637035905767, 0.6470039444115675, 0.4194386529493631
0.28362823307033747, 0.42121307453671186, 0.317307379093518, 0.5733138177138627, 0.628903701631933, 0.37774934093921014, 0.22708941556144102, 0.06712089007105493, 0.7317133126238611, 0.36132740302409017, 0.8177551209921579, 0.2883185348398058
0.5522651701995307, 0.44854821315357185, 0.7381012844394925, 0.3553125833390932, 0.43566991363681873, 0.25729105789120077, 0.6101028319527433, 0.5745918767430731, 0.37040843854909294, 0.3926713611368394, 0.5424302610346191, 0.3626845399959342
0.45577722527274456, 0.4238781184515648, 0.3746711740213965, 0.4013494523368484, 0.32031828758973757, 0.41785830920592415, 0.5805823524251394, 0.5985585770125211, 0.4304086238054296, 0.6552610002423574, 0.520967963025291, 0.3587163466169126
0.4785349486832913, 0.7636266720765883, 0.34461564010063034, 0.5283777028769785, 0.5019231422065914, 0.5962087723942694, 0.27408767791678085, 0.4003684894913111, 0.549281912655233, 0.4364463661223511, 0.3596053060741832, 0.733380984974951
0.6403416203639809, 0.34948584805655775, 0.5198840983473395, 0.3341379866862946, 0.6613476512255158, 0.25460921024767524, 0.652152316975205, 0.3809975330121864, 0.3264740956559697, 0.6445613105986434, 0.4797281512486129, 0.48139588978926917
0.34341132076222025, 0.43202299081063567, 0.8031654333872486, 0.8132939474321239, 0.2934578683662471, 0.25578176610528325, 0.7177266566608891, 0.49571152533352675, 0.527744733462431, 0.2883262027479158, 0.0745811501278405, 0.3810253738579709
0.6934830845289752, 0.28201067752464276, 0.3787600179230633, 0.44554949384874465, 0.5047515251509996, 0.5577072397583311, 0.6253634161200682, 0.4813255845606821, 0.8386301753637808, 0.4982036334604055, 0.6142941757166769, 0.3878336394093524
16.4806162494,479.006402401,1261.94475001
2.48971121029,485.001172694,1298.46019435
281.553363147,1038.33202188,1653.66750636
