$x1,$x2,$x3,$x4,$x5,>>f1,>>f2,>>f3,>>f4,>>f5,>>f6,>>f7,>>f8,>>f9,>>f10,>>f11,>>f12,>>f13,>>f14,>>f15,>>f16,>>f17,>>f18,>>f19,>>f20
0.3699872351902481, 0.37192384180495874, 0.5283687810298754, 0.5829333503434802, 0.8053904327160883
0.3294969270493568, 0.3332530872553654, 0.3548994176049204, 0.8924948633311516, 0.22080398128657575
0.4514641049845874, 0.6494848006214393, 0.6009304326100187, 0.6083499907859365, 0.45660868661659787
0.7195789390681051, 0.6473266339223369, 0.6328968400774422, 0.6822348892349799, 0.5205015735421171
0.569948977178385, 0.567747340079965, 0.7548532745648601, 0.5553611232588904, 0.6099169712682123
0.318481164438126, 0.6313012967678124, 0.8639523111024623, 0.6591504198126186, 0.7258904936155013
0.5448799453854479, 0.44809745295935066, 0.8055912207521114, 0.46526301575703777, 0.41014288929653786
0.4383740186529967, 0.5527486119732797, 0.30702040419618226, 0.36310999585893716, 0.560325525643875
0.6885417345198663, 0.4956012611581331, 0.3399985498323954, 0.5856864688393746, 0.23926277466087148
0.3528536250137959, 0.6165066093991167, 0.4434509992853986, 0.3230138880362599, 0.455160890174829
0.683019198474548, 0.3692712713607305, 0.68280329286256, 0.4220539225757452, 0.6385978891947601
0.6806909227032433, 0.6853086472978843, 0.5066284686748823, 0.3276730644983638, 0.5672829858550779
0.5659421610685963, 0.5604898437044841, 0.519516945139202, 0.4448393497629515, 0.6841821356642181
0.49944939563240237, 0.4511893437307964, 0.31654053154043144, 0.46492247203499615, 0.342059393336292
0.5976091566791624, 0.46707805216133347, 0.5313221970398984, 0.6701892884645956, 0.36540844901694053
0.624706897093691, 0.4244568226682367, 0.3777476594922344, 0.7913618221995942, 0.670348838510727
0.7574664069812365, 0.5077051619480561, 0.44978349586106997, 0.4518660495407719, 0.7382856438524933
0.3053984228076172, 0.40600903706382996, 0.6522250967769749, 0.057313701476448986, 0.5614499107063347
0.3222506006943173, 0.04512148354893658, 0.3722740577674439, 0.43419022720766387, 0.6513348435389685
0.1460878527387714, 0.687190342221965, 0.7069892589608917, 0.6908916302568135, 0.5647628826043234
0.5537256449188774, 0.3558397782313627, 0.9078269773723675, 0.64774966526641, 0.5611886526517449
0.753189114349016, 0.4821937723833973, 0.387027124467906, 0.7400733543706778, 0.5224635762551162
0.48619638760487244, 0.7449655218081446, 0.6454455753316344, 0.7457405356710083, 0.6615570571908848
0.21402945285976044, 0.6710942054872353, 0.823956404531821, 0.48535984169645424, 0.7751678392423946
0.2818655472678754, 0.36864594447746835, 0.6489697601452604, 0.4730402252720093, 0.5665635223536325
0.3709474545677884, 0.6248562541708582, 0.5184727072040297, 0.3530791359498861, 0.6035183398403887
0.5095571085740063, 0.06393775177973943, 0.4332565833533548, 0.8842152531613046, 0.2878103711815936
0.5591848079707123, 0.5740696254414095, 0.48379564666654246, 0.5462591308532645, 0.46549302513889007
0.3329175642125217, 0.5790556924292753, 0.6610018800215226, 0.3647780372646975, 0.4624662111148567
0.4225215455693365, 0.468656534646834, 0.6124252756029538, 0.6058470185984547, 0.7259904704978568
0.39082613329944693, 0.3264127935649383, 0.17105264442277046, 0.2786674563012996, 0.5922016569234553
0.14759498631442525, 0.48130689294440027, 0.537457022276573, 0.3130959843661317, 0.8456707645569188
0.3773364384292076, 0.6355806198818064, 0.4561089928385738, 0.5648220771730241, 0.5063337498367733
0.5662610924340081, 0.4334028422599856, 0.4096213975165178, 0.4815172463714124, 0.7604503831142946
0.5801910147473792, 0.5813917878262913, 0.24571549513747282, 0.6861314078758532, 0.5148397145425885
0.637142286693546, 0.5643416077969944, 0.768308461336036, 0.6437332388059503, 0.3087680754642979
0.5411834515602559, 0.7021204530316503, 0.17939570499418034, 0.36642215473933704, 0.3380473136159086
0.6223880190333445, 0.5497937912771056, 0.5773452878280275, 0.2972696347681638, 0.5513297146943485
0.8084577163708131, 0.643477636678246, 0.5204428077749637, 0.7144358322412403, 0.543858618831855
0.34774746328301037, 0.4306922066877704, 0.4452048516479389, 0.40181061221656234, 0.5869120638218729
0.6039700549817127, 0.5188696274161335, 0.29005356756085926, 0.363077906292269, 0.44995460471135224
0.43104602488377597, 0.3060728504715462, 0.3476698568543999, 0.5518648128761116, 0.49659440890598616
0.09810004917622694, 0.5934375147774003, 0.7994502101318012, 0.3258230926190897, 0.4851025079180605
0.6573153482480766, 0.43808021128642105, 0.5083022008394046, 0.349752879660833, 0.8233334511607235
0.12667971918694904, 0.29254582266239665, 0.576190631575902, 0.492748283833769, 0.11626589436351592
0.5434291010052865, 0.8551608365576968, 0.24728558906198517, 0.515397223880435, 0.7854862763388417
0.7006482565027468, 0.527569433269661, 0.9248445909624271, 0.2906763314661398, 0.7573050874766437
0.43416010767213675, 0.665289744364081, 0.534688464972136, 0.3933564615699823, 0.5113563461140836
0.42146096377273906, 0.4700945711821778, 0.4964873299858346, 0.13442287203923708, 0.48578758005277417
0.5155652687635807, 0.3074745949663888, 0.5174019013333042, 0.34462851531462196, 0.39962294939264553
0.5269712512809425, 0.20398049513954902, 0.37232701128876866, 0.13961790525560874, 0.3937243219540597
0.5665582469255288, 0.2616329625690151, 0.371359184669652, 0.7372366334721681, 0.7688902314251761
0.40079261047862574, 0.6064287136564585, 0.32361589071972896, 0.45397456697735394, 0.45033434781921416
0.7030458559983574, 0.3311651010003261, 0.31020789484008476, 0.32716619254453205, 0.37225712094436414
0.7144222454213387, 0.6554603471446022, 0.8199356147726011, 0.7366239863148935, 0.585104135600593
0.5286160879518346, 0.19574207573115981, 0.5318219442604037, 0.3822761112815668, 0.4193922923168754
0.5120896538400308, 0.4740886166640743, 0.3242548647708405, 0.013301208583649637, 0.0729467235615654
0.29284889475025444, 0.2951856619341829, 0.6577030757447304, 0.5484437127357819, 0.500450927469008
0.5235652222316318, 0.4166925621372897, 0.3779750398680658, 0.5149283839773595, 0.846683934824217
0.7942033629046328, 0.47506481029097924, 0.6115619088185428, 0.5427165086060393, 0.1946625100595918
0.465069457392107, 0.5954163043120585, 0.6074757677750294, 0.27734530499524257, 0.22952839415443255
0.8686579375122951, 0.4232282739426387, 0.619164258530797, 0.5147801633752388, 0.5583667808959648
0.6652091506907027, 0.5070928816206526, 0.6242210362417313, 0.3592620250969982, 0.35839941152250104
0.7856014857211391, 0.31442030390089126, 0.507101757639639, 0.5049734756295637, 0.153105400189415
0.525864157448673, 0.5817616162246766, 0.5004837530285721, 0.8244716610968518, 0.3612080654372287
0.5645591341851574, 0.30727822998548304, 0.7219244998972398, 0.38212929218488184, 0.4024857586888403
0.40094373165598396, 0.4698770380259869, 0.4152228794569954, 0.5199453146936485, 0.7137032740451976
0.5935057578908173, 0.4826614353745574, 0.5824072196206178, 0.6191046538233846, 0.45904092482912734
0.5578965697090302, 0.5624056922114836, 0.4347206173774614, 0.3238634204174463, 0.5206338006638773
0.4822404593393863, 0.9525211496595365, 0.3720281080933824, 0.2826252606718353, 0.6372685001926075
0.6470535537089059, 0.44266804899904383, 0.5123796136780677, 0.5418401863832513, 0.2659609091343717
0.8047850442619273, 0.818868231448914, 0.3434636570194463, 0.7595624307031663, 0.4395221303190808
0.5832906995446026, 0.3141641915015216, 0.6866254629387841, 0.6149428915962135, 0.47222777595830867
0.6458311954308099, 0.5411734973152571, 0.6056831490599278, 0.3515773158510168, 0.31518341259565463
0.5543766047846501, 0.4920108352764289, 0.44330324038498425, 0.6624190863580894, 0.6836104964294555
0.38102799108059937, 0.4768277809439884, 0.5224015310003248, 0.1908503953006213, 0.26714257986386397
0.5967100053237627, 0.3450599711442768, 0.4625199382008956, 0.6696227110820617, 0.36625143633898855
0.46618442821963857, 0.4781279899378299, 0.8036309209267066, 0.4826304456703513, 0.7223119623327787
0.5818557500975108, 0.4447830317083528, 0.8872890272536291, 0.2561246770434433, 0.5622932272454404
0.5290904367936267, 0.35781245409983053, 0.800107813641199, 0.43003577486080036, 0.6826841728294699
0.5337348701308571, 0.557801225210765, 0.5051753574556205, 0.3492352200806359, 0.09577657652640836
0.6567650761433421, 0.38053180769413486, 0.4344775705674021, 0.5711895852515882, 0.6529683146269187
0.37735247945199923, 0.465099750491732, 0.5809094828243154, 0.6227326107695945, 0.6299007345879577
0.41113307892064277, 0.47759635110596077, 0.19477227974926842, 0.4743624852687233, 0.45532412064106675
0.4492847526436688, 0.8418140827961691, 0.3380238658694785, 0.08094655223311936, 0.6274495490943575
0.5952579026993132, 0.2689981369284991, 0.41918119657042585, 0.8548184498986859, 0.3036348558325816
0.4181472893170273, 0.4096778148318779, 0.2384261198744465, 0.522465934399715, 0.34857228322903566
0.7743021219809467, 0.2267328945544736, 0.4214994504835119, 0.46437202758300733, 0.5797414927338763
0.6890626716734465, 0.5880244667503243, 0.37126379694287137, 0.44314742637453275, 0.6137153795102532
0.6616692887999976, 0.7348838161934177, 0.23092072446896722, 0.6898371486576075, 0.5525396561824515
0.4244912205625997, 0.20878670365311713, 0.579920302617605, 0.5766358885317825, 0.4804279091698866
0.4767040736082242, 0.29325916185936995, 0.3504290681365023, 0.6601629857091964, 0.2997162336318372
0.32278699503087016, 0.4786692771770211, 0.64031565760165, 0.4618765602544438, 0.4570700607494819
0.37673359588347816, 0.2635817306895111, 0.47329197195304445, 0.5297929371259702, 0.4324206419340225
0.8475784507831151, 0.2894593349288677, 0.42694024085773247, 0.30724225155523704, 0.5199461823769811
0.5969809155166889, 0.3593048369548119, 0.37675408828138124, 0.3329473625760574, 0.45765738275832557
0.1912882805711078, 0.6940272412681081, 0.45617246648742715, 0.11363934679345394, 0.3671444403564982
0.49801433420360197, 0.6014859468895699, 0.21833597483581701, 0.5699667853850303, 0.8784312124973113
0.7640875689235238, 0.403211249131433, 0.5237734126424552, 0.4160716163043491, 0.5272934700598599
0.6488606575988021, 0.4384959420457268, 0.6753282663341117, 0.23004669740337585, 0.5826874534403124
