$x1,$x2,$x3,$x4,$x5,$x6,$x7,$x8,$x9,$x10,$x11,$x12,$x13,$x14,$x15,$x16,$x17,$x18,$x19,>>f1,>>f2,>>f3,>>f4,>>f5,>>f6,>>f7,>>f8,>>f9,>>f10
0.6149021655023408, 0.6914075398554503, 0.31943902605649754, 0.25255520906041606, 0.5738462058561592, 0.5167930796547583, 0.6976237312772955, 0.2994041852976045, 0.4551858269136929, 0.3258297811910994, 0.7297333157231239, 0.6482851509581186, 0.411457814135638, 0.6846290082402493, 0.20568428420563023, 0.5744080616707974, 0.6072625565223468, 0.4867406477485012, 0.37142969108421864
0.3754160063493459, 0.5634551705621489, 0.5527156426192574, 0.5634418482074559, 0.5159183602728021, 0.5757353368028899, 0.655438391438015, 0.3277966318977298, 0.8901274558428338, 0.25647495453327307, 0.7513046047729024, 0.7794579758649307, 0.6727941400726527, 0.47099546947515264, 0.6157660759993979, 0.2052758746884955, 0.2697495953710607, 0.12276922584842515, 0.4819118301639191
0.42427726966314205, 0.7477043009278601, 0.7120753771693571, 0.7225466194972067, 0.4684241766583128, 0.7454830570025082, 0.3882708888781624, 0.6024303917070088, 0.37707482287289684, 0.4398192156358022, 0.11280812947016816, 0.7241478039739496, 0.25942893177091875, 0.3918540694326804, 0.41406047009211544, 0.8279281287551776, 0.4113713385324668, 0.5539133097130738, 0.6572431140380881
0.6757981775075789, 0.7410103509224198, 0.7100009449761033, 0.7889470665533893, 0.5965815278722777, 0.28316985055981514, 0.5676997933578547, 0.522083221243998, 0.42870925758186407, 0.4623800350170191, 0.46825362791962655, 0.40093148949361024, 0.45400504666346553, 0.5410307346970189, 0.5453510554490926, 0.47170122062787434, 0.27028434914795874, 0.5943382228125164, 0.6310968573180691
0.5104153722113848, 0.4759244151533423, 0.4218081380230493, 0.2722853000781299, 0.4684138909722058, 0.4344286182147593, 0.6325388263528898, 0.5569444784420017, 0.28786643538491546, 0.24881606577651627, 0.2405608693068687, 0.29981809792893005, 0.6253766799832989, 0.48332758321494146, 0.3946738150147191, 0.4645720821242859, 0.4622333562191705, 0.4763764681816355, 0.6514655847608987
0.5879830215948297, 0.5907737605243478, 0.4016010382763746, 0.45618015401752093, 0.7098263412809184, 0.7282232016188602, 0.3965239433139909, 0.3822778758459045, 0.6598888161560558, 0.5533552332753471, 0.601949255688892, 0.8155504795593413, 0.5439236384284135, 0.8021296302574357, 0.3582876984308736, 0.5537752481429137, 0.4643244530848044, 0.22091443737320354, 0.349379138429117
0.3099997882879635, 0.27797955186828965, 0.2132497138074998, 0.5594055169327965, 0.1018884990596991, 0.22115783006154988, 0.4125471134344222, 0.6375883175623429, 0.45783307396283857, 0.49310562693664256, 0.2433200256935929, 0.6945238807267974, 0.6623017249319585, 0.6262435170039831, 0.8286104266719145, 0.4036878280062997, 0.5522662983543241, 0.2273637066622629, 0.4217791238676215
0.6228933666087951, 0.260369748499224, 0.6239967467870632, 0.6469152511836735, 0.8497703223686144, 0.1719360645013427, 0.16416433586289514, 0.7282761398818857, 0.5992325750526944, 0.40458903886590303, 0.5881577227087738, 0.6153078347436095, 0.33230781096612316, 0.4581130920147453, 0.5484232894102279, 0.4671046854930664, 0.49908285107237854, 0.3750203329728798, 0.509213060064595
0.27240050610925165, 0.7029392399002684, 0.4622887185643153, 0.2588979896335029, 0.7967045086731877, 0.32773222595845114, 0.48400588462363403, 0.6742630789554971, 0.772549555033255, 0.9420728493015494, 0.316332271462891, 0.24092559321890827, 0.8091385343262809, 0.3383945349620095, 0.5737111111845121, 0.7376115102918737, 0.3547407007482283, 0.652867440295799, 0.7786910106773002
0.6168839952039163, 0.5637921841822429, 0.5712348628473768, 0.26438308505530694, 0.615095499668334, 0.7181074145265296, 0.6038499040330296, 0.22045028083312534, 0.8277980940851253, 0.7015403749730527, 0.6474239443916932, 0.4738128119824816, 0.712482372343655, 0.6349906059651349, 0.6253203781351063, 0.49318447349448086, 0.5860192980908244, 0.38298371838262185, 0.7371015992532617
0.799796486314865, 0.31371451832654024, 0.557323103402822, 0.4528264418026328, 0.28328789064581855, 0.49966300538587777, 0.3435888727016243, 0.19915839009508018, 0.35851386860437884, 0.759511442153709, 0.38922410205724, 0.49071331296595055, 0.38203898792055174, 0.3678371138801112, 0.7053313085248201, 0.5413893465557555, 0.34208071057859846, 0.31185211022145287, 0.3288292207939875
0.255044143605409, 0.6422561741901531, 0.5615954281699691, 0.596430825753332, 0.36413203773138625, 0.4041732246189572, 0.5166152062892753, 0.3748698130661459, 0.6138737646440457, 0.38268877759746506, 0.32618212301116634, 0.30662892520366225, 0.45155090504214146, 0.4001260269637831, 0.4636219001810648, 0.396181214194433, 0.35956510524223395, 0.4750021294925267, 0.5307631191626131
0.33892339609010513, 0.3848713676571613, 0.14788040359002935, 0.32445014191475396, 0.19544484752950636, 0.4466310150192617, 0.6001874940207341, 0.4327655641280424, 0.6652199613283725, 0.5835437354875822, 0.7454536586593368, 0.512933064340422, 0.36051019535907136, 0.8134375767897724, 0.32413225007024904, 0.21033392355815805, 0.8465519026659594, 0.2960345463294335, 0.48937934917243836
0.358161853775517, 0.33880966446841077, 0.3607205576623716, 0.47398969539369795, 0.44371037334542596, 0.3319060060248083, 0.2782976844002313, 0.33904145954440434, 0.5279438337898039, 0.6072103294576574, 0.5704663884795923, 0.18775761161231275, 0.464032514631399, 0.5244289954045406, 0.5068036512001207, 0.38577485016739754, 0.5045003978410106, 0.24287062730666964, 0.5244986473387576
0.41838575082102236, 0.21847161925905123, 0.34498726844819216, 0.4116211132417516, 0.5488785345537626, 0.30552801644424743, 0.5664574080735764, 0.42223218872042045, 0.3284671771223495, 0.44565953958947324, 0.6227012743295376, 0.4281838933306957, 0.7240470364863327, 0.6188840407709595, 0.6532255535524106, 0.6479158943373299, 0.6694799333476655, 0.23975908024443998, 0.35723171336302156
0.2370260556843834, 0.9094908322707379, 0.5165422811716774, 0.3969495114740371, 0.4308167692570574, 0.42499027358549474, 0.5212534303915441, 0.5077411848802164, 0.30137952518653166, 0.5482345000189648, 0.37765341551193377, 0.284594645131625, 0.3687791904150745, 0.6118631081459619, 0.6178697111162393, 0.7635182608639671, 0.4330968094074349, 0.28065217399832243, 0.7375764630892879
0.6190416309652238, 0.3446905794097917, 0.6225605037047619, 0.5015462110276765, 0.21588864053669032, 0.5763847375862264, 0.25952941562578086, 0.5702172008640048, 0.5779979757133196, 0.3263808143306587, 0.45899587936580266, 0.5705478412851455, 0.1367177974524047, 0.6828922805936197, 0.3617995762732974, 0.516578728890593, 0.403210104775444, 0.7443581557423143, 0.4419292430994207
0.4216991125375711, 0.6823325266172805, 0.4318297728262306, 0.4764720627454469, 0.5859452558525745, 0.3362016297478053, 0.7063869314245013, 0.530334815252162, 0.7206938416131645, 0.20010502370583855, 0.5185116844234278, 0.6902091659988273, 0.5739549710376378, 0.4310372073039128, 0.6680423351986197, 0.4070559424117546, 0.5538110418851987, 0.6273370833815435, 0.3284601444752103
0.45448941171264357, 0.2690726146203376, 0.5718613469696965, 0.4160875482836899, 0.4710110317380122, 0.6250263621541263, 0.5411089307127381, 0.7994543314537907, 0.6106498661297993, 0.5243497692155333, 0.6685408895023511, 0.4764108567774438, 0.8999920515288323, 0.7114406580854382, 0.40722816756435143, 0.8246345801948491, 0.4814447098593699, 0.49487841862431176, 0.27113568418988404
0.7205822598355949, 0.4666865989186523, 0.5352997106095869, 0.3486167961730767, 0.6671980299289451, 0.3025504849316867, 0.6750480036792852, 0.5609938971220244, 0.5926231544172933, 0.6034425143036732, 0.5791812727917102, 0.41999544169240116, 0.363451280165142, 0.33562403721678324, 0.6208009546965311, 0.6607324602246855, 0.4454597256689374, 0.5989395320909, 0.2842931199777587
0.3451029812951745, 0.7516367414369516, 0.45646716186133063, 0.34760116219979165, 0.799249048489515, 0.629904084822289, 0.19267426238871765, 0.3874746250204534, 0.5635950377223845, 0.2941594941296519, 0.49793830821156904, 0.3974220266689883, 0.46851895290896217, 0.29805798341563694, 0.398225574862067, 0.4003363445451952, 0.5308767936798879, 0.5151586628583212, 0.6072289944488036
0.4011435036326883, 0.45873099457708044, 0.3971193926522089, 0.3124621884200795, 0.5288081425576895, 0.4688109261829486, 0.7415377083720935, 0.3433687580593816, 0.5144628984497595, 0.6461374199696839, 0.9039920448732338, 0.4850622163909957, 0.5088066365310077, 0.4994705312091716, 0.31548037183741084, 0.5656863994665297, 0.230874831432761, 0.3632249112162283, 0.6843553878951789
0.40670484036199683, 0.5717532827628962, 0.4062232571532897, 0.5971824835454633, 0.6955452318676301, 0.4542309224242656, 0.5612499090393909, 0.2895696521647467, 0.41809415659320825, 0.47714829176137113, 0.35934412564748813, 0.5479849270473542, 0.28493761048370075, 0.3981407790232323, 0.5217044578485399, 0.5281961140094916, 0.3206768818946406, 0.5078871180373545, 0.8351695392248122
0.7700984056082849, 0.432417935419086, 0.4155417407996923, 0.22031638466399805, 0.6396687754446314, 0.5835645394303186, 0.7621496679168696, 0.4195943827452878, 0.6428333566297606, 0.5901494478124256, 0.519850487331945, 0.516680825745037, 0.46818403860574354, 0.5571567437956075, 0.8065863680136618, 0.5585838753209341, 0.5769337385950977, 0.5791909372936336, 0.5311979658666602
0.45588483937081936, 0.485372328913582, 0.388316829859813, 0.3703327481490424, 0.1940895254590756, 0.2688664497156412, 0.44697961175158485, 0.6703103851303902, 0.446474296520543, 0.2643912434588216, 0.29492173778136144, 0.7229145674520072, 0.8184424801177757, 0.5459460367380796, 0.4277307173619239, 0.5220861321498184, 0.7451941170126677, 0.6293004058113474, 0.38415756816069874
0.6126429787708125, 0.5745856139163025, 0.8231462189232789, 0.6680081472630847, 0.5118394264161698, 0.567289496623997, 0.4845323557892766, 0.5043668575465755, 0.7250605664550924, 0.5707807823492272, 0.5410986600099219, 0.48062695657621646, 0.1590671990021707, 0.45573817527011246, 0.6448123737699523, 0.2556724893467761, 0.48386258115677105, 0.5329802849094081, 0.6524550471043015
0.44900946033453504, 0.5558868749298431, 0.5334094211418093, 0.639980158850375, 0.4497621032752219, 0.7250161080695008, 0.6600741235655561, 0.5637666705863886, 0.4623573671267206, 0.43233533626659715, 0.5582011958331782, 0.6232846042344571, 0.9625190850349956, 0.6603423463908571, 0.6974270002708469, 0.3417503534505712, 0.6483938159912671, 0.4348903282071811, 0.293658214547483
0.29960090653033067, 0.4923128473600319, 0.4566633594518372, 0.48424265118953325, 0.45748371310350106, 0.43957579915425965, 0.7080279849484334, 0.7544728665921185, 0.5210792463811511, 0.520771950562262, 0.12328965476876741, 0.7061976105462451, 0.3816931868266544, 0.6510886384355509, 0.7484408512433697, 0.11160025934717854, 0.24986049025547413, 0.520512940920417, 0.5310039437126662
0.7437984640148778, 0.4477991303723913, 0.6233234778595007, 0.8339875820790471, 0.5760117531880358, 0.5017383018379376, 0.48039330737078256, 0.47008178347481416, 0.5101615061046314, 0.4456545429144839, 0.5497648535519697, 0.6918990020544704, 0.7584118690423125, 0.7350205147366461, 0.5320664823436912, 0.12465920358586446, 0.30507748584350963, 0.7285476850911179, 0.5349157015565199
0.3104979751151935, 0.8793127807652896, 0.34535893759465075, 0.5369304843672537, 0.6774994910008679, 0.7118595680003769, 0.5092416056347255, 0.19175231036779666, 0.2926743889003677, 0.5312171183905493, 0.6273082402653263, 0.7070988054559219, 0.6317367672260417, 0.5309768894295894, 0.5744032731224136, 0.491900922834884, 0.390326169449269, 0.6333865491006653, 0.4725725714409564
0.4566936932042398, 0.3750883966722417, 0.4352485177314141, 0.5888286440718977, 0.6664291104107457, 0.7103998501645981, 0.3392686447720441, 0.16795382206285958, 0.36889553641566053, 0.5006325656842783, 0.7481532503401729, 0.7070604935445789, 0.376315531237097, 0.778941808509842, 0.32611018266862524, 0.6807171257280751, 0.46144699920724824, 0.3633862551327859, 0.6741973896276592
0.5235924540454289, 0.2799148758223082, 0.5686052673106561, 0.7742809185979378, 0.027090285066345587, 0.5403705102834101, 0.41869987230375744, 0.5217958520534018, 0.7119425421824329, 0.3672503494765752, 0.25649042616526796, 0.5575385447583731, 0.5697055966214576, 0.3286170905478385, 0.664036362338377, 0.40825032070550044, 0.4906969365854313, 0.32039849247505653, 0.52895467760582
0.5160151213330915, 0.5433348534058962, 0.5542575275495175, 0.2293391319214262, 0.35743918712337364, 0.4061446077895311, 0.7684276623784781, 0.02544752045781795, 0.5566115839396414, 0.33211261768402345, 0.5822854163074893, 0.5605496463807369, 0.5062458571984424, 0.1041266434827563, 0.44659335428724833, 0.753780138456432, 0.6341536795551397, 0.4410601990638664, 0.4207839317838838
0.6360951255413776, 0.5956198156529171, 0.32761858328505467, 0.5271926155446941, 0.1732660737817434, 0.43619852001231735, 0.6523746522998362, 0.4271036988832049, 0.356986624274499, 0.42634905254641253, 0.6831620957622837, 0.4060670144873927, 0.5607464021210112, 0.6832044608960284, 0.896248836676924, 0.5230681162983012, 0.46811204228821385, 0.07480344334730848, 0.6574556888419709
0.677538451830856, 0.5054894001034629, 0.7407801300206123, 0.5589760493558209, 0.6121490591944514, 0.7940951019536757, 0.677300499917444, 0.3591565712384559, 0.3949629832142657, 0.3405633672341031, 0.3794952047581295, 0.581668847221805, 0.4146737651742697, 0.5534410430949213, 0.8384354697372862, 0.33818366502435243, 0.5516633082662682, 0.27480245888928617, 0.42219584935998095
0.6413124122737568, 0.4527078913020808, 0.5443398593148739, 0.4578146414116485, 0.7174166495271703, 0.3189026366824941, 0.5555839026082334, 0.6308202851240974, 0.3202913567450873, 0.5825670951071926, 0.3334085338423234, 0.43204056303674665, 0.525081043816183, 0.5649439495851705, 0.5726482892045881, 0.6562514453546144, 0.573267722996434, 0.5317502102834228, 0.5214843572377863
0.519888440248965, 0.6375682956550097, 0.5054033491017672, 0.40608444643629454, 0.38361182594166265, 0.5634775989350154, 0.4513500570337265, 0.2879233617897782, 0.42706626307646794, 0.7664170037534253, 0.36053073224041254, 0.4767433142020901, 0.4624382333698517, 0.5270178677150175, 0.8091725597230203, 0.6800847368409084, 0.21288234023373298, 0.3439345183360904, 0.47900843564059237
0.5734033862317405, 0.679132848036652, 0.37212652952647135, 0.3828074344771396, 0.7921392881745113, 0.590469812826518, 0.40451238357570907, 0.6672899688286521, 0.3706136704664499, 0.5558665769400635, 0.5511443009495829, 0.4483163442711058, 0.5066396619850989, 0.6493633503267922, 0.8034050098216752, 0.4573506092368249, 0.7565574695276062, 0.7913556014353296, 0.17068086187827425
0.3644136384411393, 0.8104488199494192, 0.594755606932666, 0.32388750333325, 0.7171158013923523, 0.28781581274938, 0.47599251980083435, 0.7551819542769554, 0.7372832953200485, 0.46593279812062427, 0.5703893703116745, 0.6148880382885155, 0.4918036219157883, 0.7969448187307169, 0.35415626515149423, 0.7154780043473403, 0.25848169579936026, 0.5703179169945255, 0.5348126991287877
0.4576666115505839, 0.5304497000793889, 0.5792496365133426, 0.9613619139904865, 0.24278274667958283, 0.5162566930682942, 0.8210894017705808, 0.4522989206589043, 0.5180599091990464, 0.4107999099563907, 0.6425128527306463, 0.696289066659701, 0.6221425002313413, 0.5337818331847468, 0.4391994016513617, 0.39896440168729136, 0.4881147322451536, 0.5520276436940668, 0.514205919275419
0.3913201616314492, 0.5820216747022814, 0.41289637188256867, 0.5820180227961695, 0.35191766255451773, 0.6183549159083481, 0.2685998861183603, 0.6562183924136379, 0.35129872435696397, 0.4539636939166856, 0.613168164309419, 0.23927663676383004, 0.44075978131516375, 0.4410990552012829, 0.5704179296574495, 0.31855849821501314, 0.5297873304627464, 0.35585504222184694, 0.49502277200817
0.46345571643456407, 0.5688805310076973, 0.7076954007263632, 0.6687015018285549, 0.3091845658249268, 0.4652011898046102, 0.7939512246366918, 0.5804633434024891, 0.7995820423133346, 0.5528040578397401, 0.6075636959424199, 0.6393846296553163, 0.6252135848029378, 0.3893985013266601, 0.4625134787144939, 0.38924703772713476, 0.4503320621800529, 0.49116610928136983, 0.6533116973187377
0.4480885365255525, 0.6357602514571694, 0.1352121393636691, 0.41939965329388473, 0.40990922238927885, 0.6743533949274212, 0.5553981768316752, 0.42377326401662774, 0.5195905811876311, 0.49454732540426943, 0.4648889123568638, 0.475666328162785, 0.3916541634505559, 0.441577021211297, 0.1362201724824994, 0.19874826360419873, 0.4458749950509037, 0.3081518212813791, 0.4882981636891019
0.8070290739398589, 0.9194012225140284, 0.728746267291275, 0.3521258910982544, 0.4004980134729256, 0.5886063755446753, 0.6001725198203951, 0.8254256239222889, 0.49420139254021395, 0.9049228856415793, 0.5032547441902372, 0.3000381469105161, 0.3526722681900758, 0.5156937188501397, 0.38377063250954163, 0.7408051097619208, 0.5348423678463532, 0.6289160113025727, 0.5932744927354614
0.7295201671538116, 0.3239174449899307, 0.6449002909479331, 0.4753877966638392, 0.3463191076735133, 0.45479080156178364, 0.9017909381981263, 0.6074836277636919, 0.254075167993198, 0.3846431981373524, 0.30848381659422575, 0.712120824891286, 0.7695341918096885, 0.45342938125701787, 0.2979832827900074, 0.6096616723868874, 0.5563978050300656, 0.7039438158584881, 0.6221864934836708
0.38751146749633486, 0.36743412043402723, 0.3719190288681039, 0.5929752059441191, 0.5440035759812818, 0.5732519428874179, 0.2938303853582639, 0.6970705593235091, 0.7074492400978889, 0.16628538028754414, 0.3988724497920918, 0.4991524553419066, 0.32145600571624205, 0.5076696568674169, 0.6942984149491827, 0.5244313992188843, 0.5745246824513843, 0.6445546946475222, 0.4396304906348093
0.7536406170690502, 0.4883560706900338, 0.4490093623660859, 0.7790606895831043, 0.32219919998711416, 0.27190125835058376, 0.4557662529717483, 0.420230333266615, 0.5935875170685833, 0.3560198982338057, 0.5421563022065939, 0.3163378973331391, 0.39617830918276453, 0.5568668726785793, 0.4131724282084406, 0.5184388852942658, 0.4023827225355913, 0.450045056663549, 0.3239068892074157
0.25530775302110653, 0.3877676042143721, 0.6163125806905807, 0.4347680272402985, 0.4689623823762258, 0.47795555012087854, 0.6645435461019291, 0.7094466077053908, 0.7232968622147429, 0.5154705116560588, 0.6692425307123127, 0.5629912354644399, 0.6202931444930736, 0.6702454046146494, 0.30377054568106276, 0.5000805503969494, 0.47614843884366537, 0.4487924646714738, 0.6078740568628117
0.587525237862648, 0.35355560302660866, 0.6069465878763523, 0.7586642571708312, 0.4450310575536038, 0.6795592210614645, 0.46807376424629343, 0.04741456999872912, 0.5514063578061968, 0.25912041699266675, 0.45118864202991055, 0.3441332923329622, 0.9411541051106699, 0.7112001662063911, 0.23440361548514332, 0.39863534057979566, 0.4114224503170384, 0.5050213304447453, 0.4408591880672746
0.6335414760881124, 0.524895035229013, 0.684142568801342, 0.5350141820986564, 0.5275853580291239, 0.6250416004988215, 0.8070163124855739, 0.27502401200965615, 0.29968617843135653, 0.7783074271641406, 0.44621806817573767, 0.7570737133686058, 0.578512854739838, 0.6399739447662601, 0.555491811539554, 0.6339948344526408, 0.4266323010519809, 0.5184105389365362, 0.7191238750143764
0.5518385853274307, 0.3651109907784174, 0.5908480537113069, 0.39309916211312235, 0.37423535225440807, 0.6124659004612676, 0.6867613959054848, 0.7871104260312819, 0.43194445693365435, 0.8227179133108853, 0.3116658119417758, 0.5690693544335412, 0.7295787362606798, 0.4579032219027274, 0.40470663979030264, 0.4419755460560338, 0.4200404770642896, 0.519603068652489, 0.1378564954487529
0.8391493222732265, 0.6170588544312086, 0.26606017655503744, 0.2685844176348351, 0.2660371738705801, 0.7586097307256006, 0.12000997905649502, 0.42061935842033726, 0.5437307462836011, 0.792171702830138, 0.4876274161661555, 0.956745263180488, 0.42898180436380295, 0.4916591798977767, 0.5260025421561009, 0.49591644210338326, 0.3122107646923129, 0.4852352578907299, 0.47081535185688517
0.4180517674124026, 0.7158774887583432, 0.6790189981247688, 0.659128781763056, 0.889886243764432, 0.747704125096849, 0.3332669659328361, 0.5937701819458899, 0.36886354214668804, 0.844312212119121, 0.603066718992515, 0.587942445779973, 0.8739488903647925, 0.5407623340634758, 0.24534748958687091, 0.566565915254273, 0.7225263068045866, 0.5521228081619831, 0.45629203420997555
0.5792630194223414, 0.6307921445346423, 0.8188185198170668, 0.20106477249825477, 0.5347668392234, 0.5072280843915565, 0.43115953682588565, 0.42420818128495186, 0.6185780583270187, 0.7984235773750092, 0.4890325011242465, 0.26360661186912215, 0.37487361818294224, 0.5861301894191141, 0.8153415989566776, 0.6388887471240332, 0.4240561382131435, 0.5948187022250209, 0.45695508448510425
0.7194777388531969, 0.3637394452677498, 0.5374710821171168, 0.4517254994138119, 0.3577709022821071, 0.4320039917031812, 0.5744397852946077, 0.6237459094738281, 0.6270661770332158, 0.5463307043432475, 0.4665409866941776, 0.43418020972134996, 0.14901325428469908, 0.6844407183927567, 0.3017401390288368, 0.32512668723570526, 0.7493220699475371, 0.8116720895233847, 0.7315395513712877
0.37129115945680957, 0.41470805397046945, 0.1881958041126669, 0.6517075893498018, 0.6518788883832315, 0.5132383476999123, 0.3011409908078805, 0.6495577416222235, 0.40342373880815574, 0.4913027617400314, 0.2749276374597107, 0.5491352900767533, 0.5837040004778767, 0.29472499909849814, 0.2895521078860065, 0.3598732500914607, 0.4484338168060449, 0.4512232523620091, 0.5822995254674193
0.5625860917878461, 0.16623178052390286, 0.5214056266960617, 0.3385373378474447, 0.6539261656870679, 0.34069234078186506, 0.3244777433715825, 0.7114205895756823, 0.5883985250423058, 0.4371015729539673, 0.7096767927405995, 0.6580653012146687, 0.5212931035428039, 0.8561493975581059, 0.5188989049275746, 0.466353686413782, 0.20966751674559514, 0.5561451794296358, 0.5706707737810308
0.5095743467475339, 0.7242319724035652, 0.33919228713888466, 0.6598140171699, 0.45784181819948017, 0.7599682411931659, 0.4312034966018099, 0.4859367099130437, 0.25334873295069915, 0.40501403659240176, 0.5532285054902804, 0.632598717738719, 0.6614916818379326, 0.6323419471550267, 0.8312155171016855, 0.5063487380286313, 0.33701083208291605, 0.6612886971578997, 0.2684435985891385
0.595750789071061, 0.561021584072275, 0.709282774818514, 0.46535244161878153, 0.2355912790356367, 0.7182442353771228, 0.7082618733357517, 0.10181495490282949, 0.336132749291943, 0.4536218485473579, 0.48128185462573086, 0.31095349829766483, 0.46066449083121763, 0.6865545304125482, 0.32573171188770955, 0.694080528311368, 0.5623702457483539, 0.4333980069148766, 0.5033726467140905
0.3621827522154315, 0.5224303643700018, 0.6171164473919526, 0.40428355023626855, 0.6985077913408355, 0.8382672914441944, 0.46734325436505264, 0.4114761126034875, 0.3142163481327049, 0.6470458024191459, 0.42634800949505636, 0.45113519903731225, 0.5095950803867849, 0.6267016374888322, 0.6257393673901597, 0.6697401398235538, 0.4388311591972162, 0.7079175230070769, 0.4997667761326223
0.5552357750207013, 0.7859395925765822, 0.5411946301175374, 0.43671083270148386, 0.4048369545682317, 0.35574043608111533, 0.26525570959260325, 0.8152716675158033, 0.45395074071292546, 0.6428732496303851, 0.4716912087917757, 0.6084524410273522, 0.4942488499663368, 0.5453125259054384, 0.32328257155538465, 0.5865333921530648, 0.38343659662851864, 0.2663169000823591, 0.5218802562742735
0.4524703891998003, 0.6479548654996286, 0.7057475655427886, 0.3351371537855411, 0.5966692590821044, 0.4685523511148389, 0.29153378128567714, 0.5641574359673079, 0.6644487414567259, 0.43967826939994215, 0.6429575389700015, 0.5091042562968846, 0.595276138587865, 0.41762527766254914, 0.6248438982191803, 0.5371151900654283, 0.4088209064466245, 0.10941197557654325, 0.2740409582000901
0.30023991151090856, 0.49994273917547205, 0.4567077303903678, 0.6040618503639316, 0.512811445651737, 0.3941822655315641, 0.5671325731241248, 0.6791636001614156, 0.7683579191827032, 0.3736627159695081, 0.5170471837438038, 0.176072832242348, 0.3762655198717185, 0.3421109131319524, 0.28421123815684657, 0.6371757289707263, 0.49494246986920004, 0.3089689307263985, 0.7879358185189823
0.3385639500851636, 0.45840373021817954, 0.28350901866221434, 0.47705173663499495, 0.4158056661896128, 0.3733951007204471, 0.5816745465817583, 0.5536535177716271, 0.5946830617848496, 0.6463576199482282, 0.6793632592537509, 0.6034505806617179, 0.9834656428477384, 0.8222396128826794, 0.3619119748670564, 0.5805868452115386, 0.7108813853765463, 0.24894364355565518, 0.39719967453367944
0.4592475992573273, 0.7405272457453365, 0.5665574532596187, 0.5046446646241365, 0.45995015880670614, 0.8081861626484801, 0.5245318008539889, 0.8393488527202003, 0.6937242972441595, 0.6379114798778381, 0.49769600105932027, 0.38776585035101707, 0.5246850049298974, 0.5994851127346615, 0.3725913356667556, 0.5573947629972121, 0.5225457210030676, 0.25717177843937555, 0.41977714554534107
0.40175929854521425, 0.26856476112130495, 0.6701434477459169, 0.38052054482527586, 0.3848067739062119, 0.5577259856752025, 0.417864544114124, 0.5611394821669984, 0.3191751270023868, 0.6359053398802568, 0.4737061598995031, 0.3434867381291743, 0.08090771976015748, 0.483072412407685, 0.805801762808384, 0.6119153023105703, 0.08800197228109652, 0.6973853775979926, 0.4099037798518764
0.4880346707824357, 0.696748958772197, 0.39186139657956837, 0.4993996875394305, 0.4287260397655726, 0.4388595699981148, 0.2775327304541475, 0.34296407825252656, 0.6424781071821257, 0.5254891276542422, 0.5447597789192568, 0.4799156733702365, 0.2990109513435125, 0.3464791918848281, 0.11091016655424313, 0.1967340656091432, 0.6125213635764191, 0.7354278568475702, 0.50529351237034
0.46073087320450273, 0.4485777885386083, 0.38509349368737716, 0.6713041064379816, 0.5232607034002794, 0.4141440773068099, 0.33545297367844135, 0.4302433058029068, 0.2531669122437274, 0.5460287873149867, 0.7652492487189348, 0.41063671806314156, 0.47727534613746636, 0.6447487860213129, 0.35466966231057767, 0.36225496394928725, 0.487796644332648, 0.4343923115484149, 0.6639131671085172
0.6141311311469777, 0.4441829031599135, 0.46055073535034824, 0.5301091799881318, 0.690975469360431, 0.7527351732496271, 0.5049297378977607, 0.7353567369454486, 0.5682259355768894, 0.6840514837163485, 0.49157486822887586, 0.5960624405343062, 0.33544867329806705, 0.3637517563076148, 0.519170057746994, 0.8407718649407684, 0.33744941076747303, 0.6604987254387189, 0.21487733732901387
0.2979139406147029, 0.35994317915401014, 0.7045459459935064, 0.8861231191003094, 0.5149557396491902, 0.5979925218505292, 0.07875499259679869, 0.5244123133474285, 0.9199304258192916, 0.32219381041495604, 0.507168335247419, 0.3775982170454574, 0.6368884402370459, 0.41302406980370054, 0.5387113420468208, 0.2690102138797905, 0.6711970269915923, 0.5001836182777867, 0.4762652688674278
0.23295002419084937, 0.566698013754047, 0.6291962070331658, 0.5056031530959436, 0.6422273926304305, 0.46250116751771553, 0.5710045630475042, 0.4055017478209855, 0.46084622918707047, 0.5166553700832491, 0.2721665750364249, 0.6407243205750095, 0.8175667943293501, 0.43773613569789627, 0.2453507385230671, 0.4971925420491905, 0.5434095427806485, 0.36641489132488775, 0.26045700272689176
0.5379529180366808, 0.7045492584010706, 0.7273752911823403, 0.6119219901237308, 0.883039551144025, 0.2881458639636492, 0.4672282927054624, 0.6408342420435481, 0.5344103091716891, 0.32813046485410174, 0.4402685630290367, 0.5424666621698577, 0.3521880570742445, 0.3431580149742416, 0.7336709892835188, 0.14833248600780424, 0.6284510336014065, 0.35232119980554233, 0.31874771983318456
0.44708092070784394, 0.5287024382751399, 0.2588616802027872, 0.5572581913119034, 0.43481807647809234, 0.3042756815872206, 0.4551618484025871, 0.4506751509153845, 0.7242670609217751, 0.515135767341065, 0.6563199386198837, 0.7335521731059962, 0.50523887083925, 0.4751038872770546, 0.4130321771515306, 0.8557998224463703, 0.7182579589625226, 0.38646124044075164, 0.21622163876005684
0.6381484782374227, 0.3360654226406776, 0.2830418858944471, 0.4527404476554795, 0.14574003059239898, 0.3489854476779103, 0.690051326165345, 0.5174153475126564, 0.29005559362991296, 0.5690526808081646, 0.563961094077537, 0.6923253037558608, 0.6349161481530943, 0.5460197426986572, 0.44361378070497065, 0.6263346292434525, 0.4632099826027277, 0.5069605831495745, 0.6608394190593264
0.39963098568896976, 0.3740251827949619, 0.30727072928294996, 0.2537870935257899, 0.6122264262428172, 0.33084440455458397, 0.3455067081688826, 0.25874440768253404, 0.7388182073291563, 0.19162815140212303, 0.6757767461001718, 0.35775639356012057, 0.2977502957227576, 0.7624215214719192, 0.4102019484405411, 0.2572850673897692, 0.29838496015966587, 0.6787212007714158, 0.6875914086461181
0.5454147602733658, 0.5891303641018941, 0.5589866559505182, 0.4073653443124826, 0.3650586868393818, 0.4289231998835682, 0.5153447198119946, 0.414593423609873, 0.41348308879344986, 0.5274642709817278, 0.6387454675174655, 0.4698402614312632, 0.5299376229127424, 0.41050409080257494, 0.5963532169451484, 0.6174164341837113, 0.41806663835232893, 0.6726842028424928, 0.18801330592779453
0.8532439121351951, 0.7271747854259434, 0.5404218946025067, 0.3242924190591588, 0.31669936247598274, 0.42942247629844615, 0.6041771118081593, 0.46594248665109594, 0.44737452734570327, 0.5161126544556459, 0.6080875448537153, 0.8599608748778429, 0.5890908311660119, 0.7220492561423122, 0.40964491746710174, 0.4012246205880029, 0.3335344227808286, 0.8180315383969483, 0.630731581726283
0.3880956058133137, 0.8139482543358103, 0.09863975271721082, 0.47624349797381615, 0.40378466040038513, 0.7898586500352729, 0.5865211728273407, 0.2635915109643595, 0.6160324770502128, 0.6825034426278539, 0.6971274504705456, 0.2680293792122316, 0.42558887038701676, 0.5415564745854395, 0.29818599095365317, 0.28646348996921445, 0.5453841324159632, 0.5235719924020756, 0.6060745344680493
0.4013267117203291, 0.7379011826428199, 0.7670396599139074, 0.5197958106467173, 0.6336911128947913, 0.15103068861231883, 0.33469437310677447, 0.7799424776970374, 0.8309781935481442, 0.24391130022887275, 0.4748702552559943, 0.7578466211460848, 0.5887429044109826, 0.48965580076839355, 0.377789979890058, 0.4107688244398532, 0.225535531021468, 0.35692979214531456, 0.38622905285422815
0.4588695212976216, 0.7066357105620648, 0.5524885739180894, 0.6697907781327415, 0.5973195065448655, 0.38848539636649343, 0.8038452160122489, 0.5291737441319461, 0.5103762358681044, 0.47647855565267705, 0.1719174562269289, 0.6676020465612393, 0.41860096508540867, 0.6215129914491133, 0.4021403239589567, 0.6710417499263045, 0.7833000804033858, 0.43467661238828054, 0.4470896817361525
0.5018331207786773, 0.6815090287236465, 0.37930747922704044, 0.483328365906208, 0.41570977084792327, 0.35267642601184424, 0.49813776813814453, 0.5755123681669528, 0.6453451104944744, 0.4432349965412147, 0.7644689160548466, 0.6092056543897288, 0.27927179980418937, 0.5096852743306888, 0.6276763735920219, 0.9109347726672048, 0.5232734873318317, 0.7206511522505823, 0.39849017770691303
0.4453602967200374, 0.3882328187906544, 0.5565648370234849, 0.8383832412105694, 0.6597219250459665, 0.4019459332504658, 0.6478513436500857, 0.32707374347159845, 0.5554017708993418, 0.35646462512330707, 0.5984604162886885, 0.24180866775834775, 0.7667546523303281, 0.3558579963087883, 0.8804093918137869, 0.43232984371593697, 0.7096659817456077, 0.340801714418985, 0.3069574901432683
0.6165733554590159, 0.5406483348218808, 0.5675912803604137, 0.641373169566239, 0.1664831255620986, 0.7029233861040658, 0.5294923572419649, 0.05825796517979254, 0.5063615791636448, 0.22496464801347854, 0.43966523497423704, 0.5391595990419787, 0.6820904793599142, 0.603965481893251, 0.45284472893427946, 0.6342346328581742, 0.37845182793788934, 0.47963337662552524, 0.35801670527654866
0.7312931114861595, 0.266690066019382, 0.8826964205564048, 0.5865119751959385, 0.491695384679362, 0.14702929531035402, 0.6509628253505944, 0.41288442461323566, 0.3977219311405908, 0.5758552725483644, 0.5871192682915394, 0.4491390005826466, 0.3284169061464636, 0.4761727864040016, 0.573577493517542, 0.5471205102879524, 0.3704470795502355, 0.6608882484108916, 0.6477132118888007
0.2592771581615927, 0.2230370041087293, 0.11605909569489481, 0.4931832418638011, 0.4001714285299698, 0.3868117420986269, 0.3939659262412092, 0.7046296908793209, 0.3600404842441742, 0.28871668649122567, 0.4579778050094638, 0.733526526157662, 0.6009895187228216, 0.3898244748406566, 0.6800088025437252, 0.6730101545310458, 0.3756784420493594, 0.6209814633504941, 0.6064649614291705
0.6978225269765403, 0.5483874974041308, 0.6748138533427687, 0.20041517522730634, 0.6818558269581716, 0.5728063097799228, 0.5710989564752773, 0.5213735949553685, 0.5599718073687534, 0.7076245018429921, 0.3008528145756051, 0.5569219761996738, 0.49269497780895033, 0.41428400961983464, 0.7580831614567386, 0.4197474418625452, 0.43707631409371617, 0.6606435096570203, 0.24093305507621343
0.7085324382788551, 0.6290044618218663, 0.39692169333126065, 0.5698004249427602, 0.547193489957743, 0.44648532839371063, 0.5446291638381736, 0.8918842318672735, 0.45196883418875833, 0.3250869973300531, 0.4059502322884859, 0.7241189250521064, 0.5046150780201806, 0.5926960618566384, 0.44074333034592805, 0.40416230808388715, 0.21389937845397367, 0.5168826103026483, 0.6911154724973626
0.49636474044770923, 0.5816741593763198, 0.5559781004284117, 0.38468768453672053, 0.690998978704658, 0.7982499645901185, 0.5876671153842803, 0.3801942003176565, 0.5634506039805296, 0.598969058360519, 0.5664024078282943, 0.4388916245359175, 0.5032547086369392, 0.33914236994040947, 0.5562569186145233, 0.2773484791769769, 0.6588155866577132, 0.5895087553740562, 0.3872066725177487
0.523390950754065, 0.5258501102895635, 0.37723261382550644, 0.4113598367789291, 0.1599291467164336, 0.5162376486949983, 0.5846702008641009, 0.5520351196423022, 0.4412193279225693, 0.22058439017795944, 0.5485452058025502, 0.3798316039816665, 0.5870094838180591, 0.6878930485422343, 0.47246802963551665, 0.5611605639467802, 0.6781151424138973, 0.1550525226680159, 0.7267596328172754
0.5631923303067836, 0.7539109685227185, 0.619086611701591, 0.3309296407085107, 0.440653325238219, 0.30006039380670324, 0.4347088428724039, 0.4051556038823384, 0.8720073032227127, 0.4909762008113015, 0.19788659604774983, 0.6746484846389356, 0.6246511819483724, 0.5007663816593138, 0.7611560968527735, 0.2672456752482295, 0.5027158451314971, 0.1394561307991472, 0.12959780882942695
0.312368006668329, 0.5991887140487688, 0.3342095843715901, 0.8034096485947899, 0.43399373819939296, 0.07867524893092592, 0.5625094740868617, 0.4316464731219565, 0.60264174867461, 0.6621949372482498, 0.5787999668788056, 0.5958259895256383, 0.4990456686589227, 0.6155435018056785, 0.552643643844028, 0.5814042703384056, 0.5781462727219786, 0.6206004765266647, 0.4407157021642911
0.6243601962087367, 0.7037170104347612, 0.6258921988655267, 0.7804887686854943, 0.33003830060998507, 0.5787910597261557, 0.3025941666954695, 0.5354771995209477, 0.5280028159742179, 0.4484336574185317, 0.32040277308764975, 0.32504204762682565, 0.6584015950433411, 0.44855806113713853, 0.4988049621767744, 0.3810522138087061, 0.7212125995169615, 0.7326156172200531, 0.35025432850388327
0.49963386370425455, 0.4101964974662725, 0.19775682043520926, 0.07028826135495353, 0.6468205412586654, 0.4738009862986596, 0.7135072967239489, 0.3570400495591541, 0.6096811217116183, 0.8375991532301841, 0.6705606924553011, 0.2700407077975837, 0.19576840514439198, 0.685612418641054, 0.2448606560082951, 0.505081598550741, 0.6192794465446736, 0.7001339892807147, 0.6092684407502317
0.8913572707323273, 0.3576903973272962, 0.2488572431439111, 0.6947923993638019, 0.13979754527763077, 0.3528722580761185, 0.40357937055904813, 0.5897122827880346, 0.6672943093236545, 0.2705564234592008, 0.32625198360191116, 0.5356682880676008, 0.5205546203411682, 0.5562721755707396, 0.5766990300839112, 0.62918432159312, 0.29410689665912637, 0.4286739930173665, 0.8191720832834387
0.37093485509302654, 0.48954188869346665, 0.5670055547195088, 0.618220760561353, 0.5766755701022752, 0.5845364712176822, 0.7828928566709337, 0.2750686058812539, 0.5683430886235742, 0.4834609029831342, 0.5395098134371531, 0.5639810231864277, 0.31239550708624586, 0.20967811670871206, 0.5236067025710649, 0.39468769164259027, 0.6122386801974629, 0.49057917456254196, 0.32062803816079277
0.48379206455635676, 0.30472802615275935, 0.5543893172180326, 0.365327720020941, 0.6178365063325005, 0.5598870143843923, 0.47251410350593753, 0.5425476463395006, 0.6952994092573325, 0.3596035267407745, 0.3230832756053153, 0.49335532994817144, 0.06616414221793548, 0.7888175092297303, 0.7576054825815429, 0.576636862419616, 0.4958516260823201, 0.49993796693485687, 0.8133081499155741
0.3653933676948996, 0.4625800313295433, 0.9198409121563929, 0.2309072341558271, 0.3820538498284586, 0.3768681107837805, 0.17137378432279993, 0.6416175444237593, 0.1958298989576705, 0.5777549957734138, 0.6859508279923281, 0.6075808261202801, 0.21164354134638075, 0.73817252891213, 0.771704247118475, 0.20661974816926543, 0.7616255416168302, 0.6221978256384868, 0.224124467067917
0.5671835427258997, 0.48454545916468006, 0.6505622097261355, 0.6418031908573525, 0.4383084462789964, 0.446292138069818, 0.8580446194399828, 0.28631986120030595, 0.25540146564679134, 0.26333750465564987, 0.3589688731645875, 0.4479627918890961, 0.36925498023993486, 0.5648315259121343, 0.4143522971256965, 0.4698644018140531, 0.37380896851062767, 0.17511783902592626, 0.3175944186623147
0.37974376350871397, 0.43060720463343993, 0.4021462657891587, 0.40285999217159757, 0.12630017210341082, 0.4479964537219845, 0.5044799654577828, 0.41330424227711615, 0.43620640965512325, 0.46096857413132447, 0.08330109772299576, 0.34319533475210806, 0.5286485370297487, 0.4284944598981808, 0.7479292602074653, 0.43415315161104007, 0.5640458544443513, 0.779666482516397, 0.4892115970237481
0.43855109018815586, 0.3578703211387446, 0.640896351412633, 0.6059196510670747, 0.6978518519074066, 0.4652018991575485, 0.4723768333705373, 0.5228000710162917, 0.4526775652528658, 0.4685653132509333, 0.20927906890417547, 0.5599797519408065, 0.2888527779141903, 0.19063030074582066, 0.5584239058992633, 0.5817627905873645, 0.3737362472958205, 0.7936516613927176, 0.3570679935094282
0.6876790630201121, 0.4854274622228601, 0.45712599059693304, 0.44327547671829415, 0.5740101294573535, 0.35075606070072435, 0.4172449973022401, 0.3812083766690703, 0.45868080441761183, 0.2619416102158023, 0.3681889771847765, 0.17715452603837706, 0.7044089431577706, 0.6288767576261978, 0.49356636346202726, 0.45243412303174246, 0.4994902605976982, 0.6659974812294946, 0.3080536233668236
0.17407756377936678, 0.747450553881531, 0.435048505282871, 0.40588694485031973, 0.7262719115637887, 0.6819438024221802, 0.7665309729841577, 0.543606142265125, 0.36670255601459967, 0.6596177701158322, 0.43752475788364853, 0.36108381130215217, 0.544642761582593, 0.5366273151492554, 0.4122045261324979, 0.5208918413925995, 0.5542643211352899, 0.2929284537364055, 0.06275164583121928
0.3462507478262177, 0.5690572911200412, 0.19379243752540143, 0.5266484964828217, 0.4576727460601458, 0.36593352628488035, 0.8868870230003025, 0.4082220218366125, 0.32313909942073915, 0.20187656228690565, 0.7346518935733534, 0.22185995245601037, 0.5229617145560745, 0.6191735768780566, 0.4857829949155584, 0.4239980785807945, 0.5270829081688403, 0.38360167054496735, 0.5918771969420148
0.7117435749093859, 0.7928347582050584, 0.6072501496051261, 0.22501513247395122, 0.5885231163404459, 0.44276362870131625, 0.26630852855400083, 0.4214185679799811, 0.47443861744895915, 0.3889395826063612, 0.2721740671126707, 0.18634739418927904, 0.49414243291932664, 0.6186741428507838, 0.9434515404574566, 0.299915441660773, 0.53500466927252, 0.67497718279248, 0.6677659820171483
0.3751743033383823, 0.6234813741406104, 0.7812106247368469, 0.262727608408927, 0.49753245017540415, 0.8098689869539106, 0.7236410983064656, 0.49212630745309005, 0.5997872044899838, 0.6180654832682982, 0.006313035223532271, 0.7168787565003917, 0.5704240495134617, 0.2106369202689774, 0.458074472839472, 0.39879285276844123, 0.6061424887769101, 0.5738250449201175, 0.6397850704837765
0.3798474598534785, 0.6806191526162859, 0.5466226275667496, 0.6853019966110281, 0.4681638997116591, 0.6946759559718991, 0.38923460585614245, 0.16265563163984453, 0.6094861154941273, 0.7671127087298204, 0.6207901443741757, 0.1553841700051567, 0.2841567147994284, 0.5892434992107067, 0.5654583750111063, 0.6173701168004206, 0.2939245309486363, 0.28463748993737525, 0.2567770223767657
0.40012627894689257, 0.24993713723874023, 0.5105456466700989, 0.6193301684509958, 0.6449260950824147, 0.28195743150735414, 0.6777520066730016, 0.6236291725854739, 0.22960954551465562, 0.42103759420094533, 0.6617129774577155, 0.6810104750890613, 0.5943631671276189, 0.5401494086888385, 0.6191995293294134, 0.4690988513278334, 0.1384070603446762, 0.8487006060339524, 0.13513857734486562
0.6191231667594354, 0.5970947386907475, 0.5692275200552923, 0.33149684552076136, 0.7303603458584558, 0.4694346306450686, 0.6149882112905689, 0.5076282654475487, 0.6093301921825856, 0.6001295933433198, 0.626689606529047, 0.5298372397149531, 0.4552504257006184, 0.5562384476196423, 0.2315966531909429, 0.6220950714076274, 0.45648253497917, 0.8412563591473745, 0.6762414354643196
0.7545211011357114, 0.8836847404580914, 0.2930112177401398, 0.47666827644288856, 0.4715311776819256, 0.4814074489870228, 0.4287599598834215, 0.49265974406230084, 0.29711356332787614, 0.6391756761931604, 0.28685378952216445, 0.1452998767844153, 0.2962633492137229, 0.34324651602401324, 0.36432741236538785, 0.4330887054528711, 0.6664001399789996, 0.7399472068776872, 0.48970415237054693
0.5950355633927538, 0.7939898109626842, 0.35636527307108207, 0.6341583412579288, 0.4891332864520363, 0.49607326144738406, 0.6512063099952548, 0.5483016123448972, 0.2315970474099036, 0.4748497225294959, 0.4174585475796082, 0.43828633561531755, 0.8689514397862014, 0.585858809617481, 0.35716715744107913, 0.5667247519774832, 0.5482977777837076, 0.19785179425847915, 0.3888059535073839
0.25481558300723817, 0.5918240330952069, 0.20018014461508382, 0.30059679534978534, 0.44378766633236516, 0.661187204155368, 0.2806617360714204, 0.637837517448409, 0.6457681082270658, 0.32512506252208656, 0.4712931537930027, 0.39653315689002955, 0.5843040866351916, 0.6786836882123448, 0.6076334277749145, 0.8135121332077625, 0.5047149714577974, 0.4036689482330362, 0.5806810462388914
0.49497942540939616, 0.2579224512405049, 0.7212839435378978, 0.714756572362957, 0.43090924126539887, 0.4728329389815252, 0.510191628430376, 0.45756661971892343, 0.4892354740413066, 0.47743375669749255, 0.5464572975721665, 0.2919472745467572, 0.6856881512339555, 0.4514448336382497, 0.28561081044913605, 0.17440639822502718, 0.5017738010958244, 0.5852378681726015, 0.30496745504812417
0.6253733017356393, 0.4620730788268408, 0.34203777120492485, 0.6503605675751936, 0.6173715982095069, 0.5088826517620116, 0.5327776029543535, 0.4859922813008115, 0.383616024032079, 0.5102454121453521, 0.5853536393758946, 0.6296093085070789, 0.4716706454410603, 0.5710669782403804, 0.2229799947338948, 0.5688810317801114, 0.30758581347825664, 0.6079864486376374, 0.48533958802320143
0.43842007966610913, 0.49446403973351366, 0.5291353749175589, 0.4025707897205107, 0.6284192547314609, 0.2842891236536639, 0.30906940892075957, 0.376375997210274, 0.48386191336118295, 0.39905496008165275, 0.7671221475271315, 0.37897592880327946, 0.6984971968828697, 0.3141211149565814, 0.45483815637967157, 0.5133085505723368, 0.7080473389851782, 0.6023474087391837, 0.44375349114578366
0.47797616009687915, 0.3618769865796897, 0.41849520965944664, 0.46832155233776385, 0.5423037181075623, 0.40328901313205057, 0.8546834236847505, 0.4413399233568589, 0.594304766159759, 0.5264680416202088, 0.39139184999017335, 0.6308310350880563, 0.5636032801041101, 0.2848643101657225, 0.3903748206769437, 0.5881227213230952, 0.5175762836806967, 0.47772371210898523, 0.31825922010636504
0.302039032697581, 0.6961552305005207, 0.4441862115091708, 0.6225846924936096, 0.40279078779229616, 0.6156438009892202, 0.20502486351567817, 0.4288396783468453, 0.5417834476574497, 0.4969270603114038, 0.01667770611695707, 0.3364039713022908, 0.818884643451921, 0.48432037138188455, 0.72432288255819, 0.5881261002446105, 0.47561831294140505, 0.2766023593770114, 0.49809886010556753
0.49452647449647363, 0.5106796913204655, 0.4509650203397971, 0.6636206723135465, 0.36205674935324345, 0.593745252789716, 0.5358652225131624, 0.599951332682172, 0.4174134384509716, 0.3329623353354321, 0.5719995876966599, 0.6359840000106156, 0.39766828755480566, 0.5050111882928507, 0.47967189311540065, 0.4936845877612612, 0.598463913557492, 0.5907634453527494, 0.5917359659430826
0.4345542502996179, 0.384117996198315, 0.37364769567965433, 0.5693685872839951, 0.46703773880427835, 0.4647773838998412, 0.43953331989327515, 0.5154818629427125, 0.5893070162912245, 0.5627509358112688, 0.2446660206565041, 0.6304386422065447, 0.6619059026582484, 0.5569040929656915, 0.45654394501457585, 0.6045872763751932, 0.674661791880997, 0.4731032165032791, 0.27627982378639937
0.39934794363779985, 0.4143015204029289, 0.661815005116479, 0.497443273629179, 0.6784528229523064, 0.4417959328352396, 0.5185546763193133, 0.5462466976842504, 0.6895402507829206, 0.27890460736632317, 0.4359480020012586, 0.5361150686221944, 0.2869260107147304, 0.558743963252158, 0.3699061797546528, 0.48125132476773314, 0.33665970429175823, 0.4048632393246392, 0.5138286412386099
0.43180497042509886, 0.5423120194046461, 0.3960223702428669, 0.4840039166875646, 0.47151343923256156, 0.5480131705145582, 0.4363450069576378, 0.4935590152788016, 0.5150371566257489, 0.584575214463455, 0.15447731349465654, 0.8168693903324905, 0.418625071138867, 0.5121742595130757, 0.49900853472950973, 0.4979192198273226, 0.45669770236537033, 0.6661487350489028, 0.8273755783380403
0.7300706471095268, 0.5324425950432162, 0.4396925769678443, 0.7453728666177988, 0.4251927197914549, 0.5800839766042428, 0.5731830206671521, 0.7533804175668661, 0.178573042653979, 0.3134119677814283, 0.5364702025240365, 0.4607962417049882, 0.5051618304661667, 0.3505459329698978, 0.5713637423521569, 0.4215273205040826, 0.17276283448697238, 0.4245286067380529, 0.6356585434454889
0.41360097109141947, 0.5084713589971116, 0.5111698338488919, 0.8069651512387359, 0.6078044436017132, 0.6898976958627139, 0.7163497423788434, 0.6426478476074796, 0.2799347066452663, 0.46767419886083106, 0.34573606691446296, 0.3200157300139126, 0.5797394231811049, 0.527040298565631, 0.6333157019506106, 0.566969398257923, 0.5403959354051774, 0.5227452328261545, 0.5201226802669274
0.3971202599927156, 0.24251923608351977, 0.8135002914021653, 0.5637427391466466, 0.7419756228603805, 0.7406672232075946, 0.605933839267275, 0.33079992452456114, 0.42310059089557395, 0.2688402453994136, 0.5882871667381745, 0.5617311356903456, 0.6796559471066305, 0.4029907316541923, 0.6536464434925897, 0.44580694258176967, 0.6491255334047983, 0.42701540820556305, 0.4850094262364819
0.5518759619808155, 0.402170893478496, 0.28193798909564255, 0.39776516842534093, 0.44823949615429654, 0.5167455784319656, 0.6623588184199316, 0.4827992790743209, 0.35667204938032165, 0.6157193887445511, 0.36382178886423855, 0.4101300909585597, 0.44823208981519613, 0.48139604343306286, 0.5234731307497122, 0.6927601805326944, 0.3258376291217375, 0.40547416263406066, 0.5268742134499584
0.5082725025452561, 0.2917668320536416, 0.5551529836780188, 0.4318153369487566, 0.7676336023945952, 0.17070291869175414, 0.5587156644191625, 0.6142316237925377, 0.32401514543494425, 0.26549795110550833, 0.3363694250456428, 0.49447166883050725, 0.9054311597175044, 0.6629425711590706, 0.576185935545117, 0.44264555902068065, 0.5755246851099876, 0.6013866674391981, 0.46525908094023155
0.22402336557669333, 0.6851310285802957, 0.48933299317096696, 0.3718882651041316, 0.5608617037092064, 0.2995946180638218, 0.8947100801426914, 0.6015944580821294, 0.14383055574615, 0.3521347749451932, 0.4675015875062395, 0.6273422811996334, 0.3723257365283612, 0.4299070882580796, 0.8601454409627277, 0.4495483844749559, 0.40115294399385015, 0.41563892247864087, 0.40698220007475117
0.5896780911472271, 0.8307572904147424, 0.6178471685886132, 0.5076960029471825, 0.6001562609665856, 0.5502488906439517, 0.20424750973452455, 0.6655618753016335, 0.4111824608446948, 0.887559131560982, 0.635120899863385, 0.36415188551430666, 0.8128234191056599, 0.5142184895970723, 0.3449871223031695, 0.8641193190576013, 0.29658651075674947, 0.5268211899197823, 0.4685084846620329
0.4536922965485357, 0.5838649205433323, 0.7376976983738333, 0.6153428016753935, 0.656078980498339, 0.15634579588084863, 0.2001387653937955, 0.4581204965717674, 0.2095719943807527, 0.5516875811971744, 0.6403223703610988, 0.5697346567459971, 0.4178394012880464, 0.6245246815739495, 0.5634022902819125, 0.12680851358516876, 0.4759173978730239, 0.2247419116272592, 0.4150601411926225
0.30668128940745937, 0.5282189654852469, 0.5719032953158708, 0.14029908336442215, 0.5445606908644279, 0.34351324679396045, 0.38125134898412905, 0.3178132930609749, 0.2554680339135476, 0.7176447280270164, 0.645650827219533, 0.6424170293071112, 0.39233094121373824, 0.37241875626831056, 0.10375478320275022, 0.3503613718550409, 0.51249907177788, 0.47068808539776275, 0.3565844167945394
0.5840470725293323, 0.33882809438549366, 0.46949290243165964, 0.5501073760219574, 0.4298987867407329, 0.44398234362023675, 0.6821040501319711, 0.603855713049402, 0.49372306327716575, 0.18718241990170564, 0.4793489777556481, 0.6293172419770477, 0.36827076616032567, 0.8132156617068383, 0.38990027589075227, 0.599335505369865, 0.5264398175359655, 0.6650747668466513, 0.29999976754014684
0.6423844496519472, 0.3937751802182038, 0.48250684963930335, 0.3804897574313393, 0.6300042257851008, 0.25987289415270565, 0.6430967975672233, 0.16155816840851456, 0.48197989614461784, 0.65142459668565, 0.6003529544233221, 0.3469795091391934, 0.9172452540265896, 0.5522081394200054, 0.4558240428816015, 0.8458238183392862, 0.06237016371433313, 0.40450901298048536, 0.6320733392035354
0.37127228040985794, 0.5804350752401612, 0.3767944994823883, 0.3545339931386824, 0.5965907554903065, 0.35206695319327863, 0.5116723644381866, 0.6921746864425029, 0.6625607165609354, 0.6609743410065609, 0.715340973413969, 0.5728874983466721, 0.767084425712112, 0.21400824706596905, 0.5734517845334854, 0.21096165364922265, 0.2864168821904512, 0.42442871612449784, 0.14745271333476329
0.29623594211077886, 0.34778887164574745, 0.5009785631720542, 0.5861167841595994, 0.5674356174318779, 0.7424551449098787, 0.3881904540108923, 0.4417618256943957, 0.3167958954868633, 0.5001312057083706, 0.37156776221136933, 0.2747161971951947, 0.39777560920598887, 0.3617294211824319, 0.7393936273760514, 0.3745491949981434, 0.5161909796379486, 0.38394276005450617, 0.2907373994825183
0.1964626735873095, 0.4492541333722377, 0.23694132262596096, 0.5978661806527599, 0.4482971460826755, 0.8793636054413675, 0.47396788744738955, 0.40347222369923263, 0.6075610470671149, 0.5518363681237782, 0.5170983160698227, 0.8686547138596996, 0.6758431193229244, 0.1484987702240972, 0.37047100638063907, 0.3840774312045877, 0.3457246060799988, 0.5316211391917111, 0.4864479322165747
0.38376108841791545, 0.4443681664956999, 0.5524607652615096, 0.20817395685772844, 0.3747734115565992, 0.34844238510324177, 0.6864901086060534, 0.6730305020865239, 0.28139974791155975, 0.3466939782538634, 0.24577439862350892, 0.58095965634156, 0.399462850536457, 0.5202126362063654, 0.710864953096847, 0.7194615506774109, 0.5753074898371973, 0.4402988787294057, 0.5154397513950065
0.5091758764613972, 0.6781859824418079, 0.27433151911893117, 0.4449870727076693, 0.5274478186034045, 0.7043980155363836, 0.6372099512893847, 0.8357387524453638, 0.6516785231256519, 0.5406198864373764, 0.8345876623760446, 0.17667872843066412, 0.6439862798525555, 0.6685254275839904, 0.5902995644440486, 0.7289961264041536, 0.3836490026139704, 0.4878932349674687, 0.4493754989864551
0.15939789658463777, 0.47756997333402174, 0.7542681353941574, 0.46392773567948326, 0.5289279276796639, 0.38428864277022734, 0.5715035144133149, 0.6920765178265034, 0.6535044174407392, 0.3908935075863278, 0.3540060397551478, 0.5586556380370226, 0.5665812875902596, 0.31465904437699277, 0.23229627612776482, 0.6343253526452359, 0.22379066532699776, 0.512552895582677, 0.7291231953664727
0.7417627357893853, 0.5161164841479301, 0.4465225690501989, 0.4484036260066299, 0.5659731903824465, 0.09430881500736932, 0.5175796313682293, 0.7063911435080805, 0.34114888654366377, 0.40239453972697475, 0.6592221501582303, 0.6149328645091354, 0.40038066505843284, 0.5206059230375123, 0.7681924156682558, 0.48344432899958095, 0.4432479639453985, 0.5399894366935718, 0.4574513467400236
0.44025715281092215, 0.4703249411788302, 0.36974617065168724, 0.4915282473748495, 0.36251851558376663, 0.5210745350136573, 0.446517594897758, 0.6125815748857331, 0.3420026937052982, 0.5165656409717116, 0.3585817242751308, 0.4768830067426503, 0.5807787396025607, 0.493857690147941, 0.2918151239653082, 0.6410478332447577, 0.37009868952003133, 0.4046221991887582, 0.7626850300300899
0.3930904369549973, 0.49259317664259705, 0.5173241965064508, 0.7014302473999443, 0.5245037508655168, 0.43754659260766365, 0.2720349371241073, 0.2860561833657858, 0.36229062117694305, 0.2746885636933285, 0.2895955468100006, 0.3271418807174909, 0.27015081279726405, 0.5999223349584301, 0.3667525638785983, 0.5149488941281277, 0.6571400575698332, 0.41909517841266997, 0.5575881916093626
0.5007093629687084, 0.4615707676400567, 0.5459941672290153, 0.6732570459029441, 0.3831062172028348, 0.43603840624001866, 0.26027880252139246, 0.5909930981744963, 0.6375164495842971, 0.45471639563868727, 0.38239894957972886, 0.75458469665931, 0.47323723498250503, 0.6343500827723458, 0.6335037401802486, 0.3283999216428346, 0.4064830801167053, 0.4557607032115394, 0.45287966046258854
0.6370175900755146, 0.6314396452021509, 0.40248254374893044, 0.3461418395352285, 0.5040168657524398, 0.4214194830760776, 0.5097367063819467, 0.43395957466027546, 0.42467283762379426, 0.483935899959844, 0.44915217153457204, 0.6561817621332551, 0.5150119110720282, 0.5079185777143645, 0.6321237665155582, 0.458123563390087, 0.5117854870430522, 0.5059977788837028, 0.5908669884965573
0.40960492806142285, 0.21526642156510378, 0.6409494059234493, 0.6034390155456376, 0.5484552382864565, 0.5863400960164995, 0.5505891278110805, 0.796006973839837, 0.3922399971730702, 0.5020900591544772, 0.2815128954018715, 0.6268633659706553, 0.7031236545924453, 0.5560922107665239, 0.6186733470480856, 0.40030373675015224, 0.812177992408456, 0.48331831219938803, 0.4759877187097308
0.3831723063559533, 0.32654978696814063, 0.6761329329656685, 0.24881006840791553, 0.3333389028994109, 0.598956907923515, 0.7150494177707236, 0.5329537321027036, 0.6624065724507195, 0.8090784181536781, 0.47280845836360397, 0.4793736691039065, 0.3374761307424537, 0.4631944394523265, 0.5168310708435395, 0.4761644958561924, 0.5392387943551841, 0.38056096472416917, 0.6136654784359783
0.6152018477317882, 0.28623051199437155, 0.7179475223935021, 0.5054926772940435, 0.5809174652171454, 0.31997835256137164, 0.43994152080549126, 0.3758823708239049, 0.5712474198416809, 0.5766487234952482, 0.42671689351422276, 0.5488550954597738, 0.3430131310131815, 0.4553216294549777, 0.4584397593365089, 0.2376836018336147, 0.47034994725424084, 0.9070471899344843, 0.5653110623598239
0.5367681883306591, 0.2701033429056169, 0.293207772402779, 0.32443795394497277, 0.2120707985206416, 0.45093822689357005, 0.4211532284066032, 0.3557137067967737, 0.5677632017542551, 0.9600005878275628, 0.39526156206637597, 0.5566847734866233, 0.5178682943726844, 0.22488254964790433, 0.8053682214471045, 0.6742872777193585, 0.4464136335970587, 0.4511695801553177, 0.6481265653516317
0.29560536725248326, 0.7446126332076638, 0.17808687642322385, 0.3991787145953307, 0.6537312392033139, 0.5359364575191842, 0.14664108759559624, 0.31832242865714117, 0.3923936696703644, 0.5845442572738342, 0.3486092765063402, 0.6656107827192482, 0.3271456665044992, 0.4236862298424144, 0.3579205328891297, 0.21273949883624282, 0.6785696407430521, 0.25895586171894924, 0.7256226410530515
0.180395819476101, 0.460978224417529, 0.5360946782729273, 0.42407044938280647, 0.3937741574809626, 0.24901684739093044, 0.4169295718969188, 0.5277268351302267, 0.5953967342576004, 0.6013505764944137, 0.45176676603288135, 0.5269535192392898, 0.5599691977021781, 0.3650126036092019, 0.43607564182234704, 0.10211340906714295, 0.5994987206381904, 0.45946787478499324, 0.24579082326021312
0.6386876156695087, 0.4204934701792775, 0.5467011003026173, 0.3363148836295203, 0.19316362542116938, 0.41678103027889735, 0.5930416173932072, 0.5165204864881665, 0.35781349111130467, 0.4527409077923786, 0.29940844682037054, 0.4895427544639508, 0.6847269481331366, 0.4766106778272565, 0.4008135583317334, 0.3570873755908041, 0.369417284688674, 0.4441449322446337, 0.7022517318917747
0.4869181395122465, 0.3661534596188596, 0.3315932610510771, 0.7025239358680687, 0.09570867326385785, 0.6950796501104095, 0.4952867639935997, 0.5028666937364303, 0.3276969954700926, 0.22968381161589163, 0.7193653793931324, 0.2152192152301104, 0.7649363561541491, 0.4254959818569718, 0.5032630112238906, 0.4777032016073061, 0.45988454810581103, 0.46848872009314446, 0.5218151387076992
0.5726399154491114, 0.4921865976548049, 0.5038887859620528, 0.44177757538641554, 0.4626142454741613, 0.4797552884609137, 0.08388959235468962, 0.30590270788773544, 0.2955644156830718, 0.6148562949626006, 0.621710106933972, 0.43970281702777264, 0.3350300903477725, 0.32826151692724126, 0.4592372454600944, 0.5430827773042916, 0.16361090250876498, 0.5221515760187531, 0.4784276112875304
0.43092527908389655, 0.4463694993167595, 0.6449013652750675, 0.4693284230181533, 0.757539393283176, 0.746691012091974, 0.5640679572429028, 0.7795713052083381, 0.4794051025245683, 0.43236189161448235, 0.4068577382172861, 0.2688193902341364, 0.20638779204622903, 0.6232755017024599, 0.450187377784923, 0.7257907787906395, 0.45361593439913717, 0.6625506880042269, 0.724360127879173
0.8177779352477008, 0.4666582158404737, 0.6545409733864096, 0.30648407284700474, 0.4520775005831885, 0.5531816785254432, 0.3286514368507745, 0.48092580066451146, 0.6410239541469435, 0.3583749698389757, 0.585067155133484, 0.635600661387185, 0.4016930282341524, 0.8175159938346457, 0.5308698983211381, 0.48609342807312844, 0.437792691718968, 0.3671683747026261, 0.6606293631326502
0.48547770252376116, 0.348549215034833, 0.5884749190698767, 0.4582639988897983, 0.4139010931033213, 0.8523333443368512, 0.45037136408023914, 0.3346077000441256, 0.38173358457429846, 0.3416324154823815, 0.5916849673083998, 0.3384285061455137, 0.3676000199795811, 0.4666201097005428, 0.5253706605139851, 0.49621731936285624, 0.4753771318979536, 0.7262731464468104, 0.4742826195813199
0.5201559436483927, 0.5888744536619571, 0.5654237195956685, 0.7942905680369433, 0.4204157507377144, 0.5954700364545596, 0.30543409382252945, 0.5441769289628974, 0.7726796340450632, 0.329931631908397, 0.6062304667245283, 0.7070631302223209, 0.0945258149805343, 0.48686509266295086, 0.6473270685338277, 0.4952693188780088, 0.40234811278944616, 0.9652513175412609, 0.6189813851301925
0.48877314744294875, 0.35348231438475836, 0.6728759320839033, 0.4857282578727846, 0.3338082474732024, 0.35358472635935645, 0.4190667761499411, 0.6521753288119969, 0.08218710064278567, 0.5581534656567546, 0.8333281453475991, 0.7076684937450729, 0.4017837072187904, 0.6619816308329971, 0.6759611355678133, 0.44615109985188073, 0.39903490805347874, 0.6307966257553814, 0.3671040954869684
0.48598052067336145, 0.7963283567528121, 0.5674115012625456, 0.7018032636706611, 0.49071496427476063, 0.5761173174083085, 0.08201160983662142, 0.45125282692972446, 0.42026005078427486, 0.6781532874778522, 0.37413878563261865, 0.7455501632788823, 0.3211128114662186, 0.2154255144892141, 0.21803828952488835, 0.39980896456493853, 0.33507685575250273, 0.8954171832261679, 0.5733655349735832
0.6042018555497091, 0.745374902817772, 0.550282933205851, 0.6834298419153959, 0.6851649824497423, 0.47789445040501294, 0.6458105503063593, 0.361791927317898, 0.365745099069562, 0.8788240564917171, 0.8647664622962823, 0.47383833014901106, 0.681788527057989, 0.4405487260314337, 0.3013614629346994, 0.4124728342996375, 0.34522725537879057, 0.643213788588482, 0.6010333372135814
0.23041347529591205, 0.513353659708103, 0.32810826705445323, 0.5059143057116213, 0.29378769047255576, 0.8178291553904261, 0.36898115351388444, 0.3733271787943863, 0.28175054857687604, 0.6927644292765001, 0.515069092778744, 0.6018147128616713, 0.582351844404911, 0.4001203196233709, 0.3343896712484243, 0.6451945515304726, 0.5282231153305604, 0.5911934776963996, 0.5261473118095508
0.35836647646964903, 0.2242679986301116, 0.30787033284757326, 0.3350933225811066, 0.7008044380309406, 0.395372794706798, 0.35575798672654835, 0.11657847362406859, 0.313334361541119, 0.5104011009056769, 0.5646612375373699, 0.44552560283875164, 0.45131238671741447, 0.2888538113593042, 0.5070639237679825, 0.44559740826051186, 0.5300241096650968, 0.6218881995536418, 0.3824227392597686
0.33020644390870707, 0.2833072226987288, 0.5006395260168234, 0.48153816980826974, 0.6673461200158399, 0.5544256906455071, 0.4835380864815477, 0.5286895197198148, 0.798565700053622, 0.5840744124241426, 0.5904635427232207, 0.4348103398392561, 0.42246129838731944, 0.24493864438823731, 0.576321857874843, 0.41874871701756633, 0.2758129477691409, 0.4888589521387259, 0.5363329812901998
0.6891288690931601, 0.5129429198824503, 0.7153883494844587, 0.4717114724116376, 0.5037368958847809, 0.49611929058947307, 0.13862574941258593, 0.2687968396936233, 0.39633678992684507, 0.6133990626000163, 0.4110930478203394, 0.4928446973821792, 0.7277233372150086, 0.36571826183806955, 0.5992477345222513, 0.44354745340857876, 0.6268440085855345, 0.5802077936912158, 0.3031432086777978
0.72743519778909, 0.673474587606153, 0.2704449700860463, 0.3349877305971795, 0.6246756010322047, 0.9603056495868586, 0.42182570321931223, 0.6623301520214027, 0.8731326209229608, 0.6566157713957559, 0.4795258012102144, 0.2651681243235363, 0.6605288225847081, 0.554192422930444, 0.3615110844900745, 0.34882414042808235, 0.29232647938123557, 0.43282330543426906, 0.49949296512008606
0.4996943443214099, 0.4240682738838214, 0.3340032918833493, 0.6434267896229446, 0.5907824269495564, 0.431231180533101, 0.4883626134394559, 0.6948056936427599, 0.5507954842377609, 0.48649094355380373, 0.8170623692709114, 0.416539788136593, 0.48658383796747434, 0.7258920336742064, 0.4018971657501042, 0.5694688397202083, 0.26650744974909113, 0.4890969892769528, 0.5975755457881826
0.9533526512103787, 0.6813933122102154, 0.7106156980435854, 0.21563532956538412, 0.5638116633006205, 0.3421097178838667, 0.449220509102647, 0.48985971332073086, 0.35910535665154814, 0.39390063238415723, 0.5918029196056706, 0.49769384444943965, 0.47987038083887446, 0.5266775220266471, 0.36335449864876757, 0.44553260162170216, 0.45236497777591345, 0.4292219655475806, 0.44484882662892905
0.3677921681450922, 0.8144467303585214, 0.3631906514378482, 0.34079487045935203, 0.47098641447570355, 0.43096982525428845, 0.4444888517366457, 0.46948871379031104, 0.6234029085271626, 0.5199896053364315, 0.4240900429183746, 0.549615630396489, 0.8081115192171703, 0.6463408536090862, 0.5467500301753201, 0.6409754251441407, 0.6306322298265161, 0.40729579118669645, 0.7226507639700723
0.6459501803772485, 0.4952754102189846, 0.6193731959163916, 0.5087291650796005, 0.5878955209831833, 0.7284104925433066, 0.4127806029512253, 0.14757411072856663, 0.6704916145193689, 0.06701580805400076, 0.47594662401857846, 0.4504425636127942, 0.7213389091078279, 0.3269158554809952, 0.6101541473973983, 0.8043503480510499, 0.34376643316447275, 0.20719842247432274, 0.4765733086959361
0.5698456936753751, 0.43138303390263205, 0.6156572553749707, 0.676396524879408, 0.5803959144008027, 0.39633160233236037, 0.4817007341398692, 0.45251942200977674, 0.5278444009274987, 0.5564286856956809, 0.38956210175569833, 0.5707715061709372, 0.7759395686590393, 0.5850482755335147, 0.3605233964709361, 0.6563548383303706, 0.5740004918524434, 0.6847082830482825, 0.42504118376048217
0.42798947051386504, 0.43138392587445307, 0.6698032024271967, 0.4232307740639215, 0.3694741604378913, 0.4537948604077478, 0.25526910987305795, 0.5602801184402565, 0.35710055082365744, 0.47637336560843396, 0.567928546778662, 0.5446678684145668, 0.3704126363095997, 0.3402706332526281, 0.2819602854834208, 0.5087576352597855, 0.22416946162358753, 0.7199619098869298, 0.6003877454520936
0.5913051212901094, 0.360520469935029, 0.6832722566720465, 0.5665621493238305, 0.49629030899896165, 0.30054917617147037, 0.46832777274363707, 0.20489957124673913, 0.45356179147075737, 0.33991327924400305, 0.6890383320137414, 0.3879334797842132, 0.6997487466556911, 0.5705492941063617, 0.3789043404474451, 0.5984901957390235, 0.8050534768066945, 0.7107993166905747, 0.26906717747014924
0.5612194953708598, 0.5282011056683164, 0.19213325164872674, 0.5096568239444422, 0.5911227856045443, 0.2775648827241124, 0.4840266801019565, 0.7787936807979626, 0.34174101492409503, 0.560114091050626, 0.8164901206346816, 0.14739153682890754, 0.19705346364505183, 0.7442891669724103, 0.6812003620817071, 0.4769440990541869, 0.6524739364360823, 0.5101380691126274, 0.5188144000466877
0.40819647667807846, 0.36089479203707037, 0.638179953015368, 0.5462718158593325, 0.6769353416481909, 0.7328785771467587, 0.5035300856402428, 0.5720192547165177, 0.19250385132961612, 0.6964163228648695, 0.43716048225307624, 0.6003900467265967, 0.8599187854046424, 0.5235057847610598, 0.6203843629362572, 0.8169415616175666, 0.49169793741107265, 0.5550457079305161, 0.7493844974766279
0.5096561408227724, 0.5427087276877545, 0.5550856027322383, 0.3222562088513438, 0.48897419086910676, 0.6930649197984471, 0.6009022284066291, 0.45271766633133487, 0.9378229585037298, 0.6511601483032737, 0.3701983741153393, 0.2833052062376379, 0.37758245346130836, 0.5106864499450218, 0.35068259729730966, 0.8248419379870275, 0.4835662700343844, 0.4077262089407928, 0.3447652994847739
0.4773828392644073, 0.5607786865268802, 0.4649727403431249, 0.3582667456799089, 0.7048708417025623, 0.23236248467354026, 0.7824864811581549, 0.5200885701085649, 0.4441404834651366, 0.7173657552146762, 0.35067500848711963, 0.4461572833110934, 0.5996489499550962, 0.6927332540034699, 0.6066384786211632, 0.2719908476403565, 0.2843312012912836, 0.4049022244115457, 0.6898933304161402
0.22669775553432836, 0.6833045394635414, 0.5214342525229283, 0.5026394574098105, 0.5833728545155453, 0.4307081597479898, 0.5760719761281853, 0.4052792720493016, 0.5932495614754185, 0.5760043481595059, 0.4962962774350766, 0.21038058826573125, 0.7698734742355817, 0.37184763553002875, 0.41286306237839565, 0.40139614933983464, 0.6733933986497097, 0.36908408633888296, 0.26736444708502555
0.5899851871242152, 0.5104230524434562, 0.5341302076377976, 0.4249868198101449, 0.6945477311823345, 0.5152729336209529, 0.6475231368717935, 0.8054458012650769, 0.565650116185004, 0.5173520971421138, 0.9132610967451293, 0.4322729777619403, 0.4195075524369158, 0.6259567516807227, 0.5770135926467894, 0.6274663554906105, 0.46186493159167624, 0.4776217382521496, 0.22158482243988165
0.5343277500276735, 0.42799086233322386, 0.512972345881838, 0.5305966941313675, 0.7031452995611959, 0.5949985561968125, 0.5089982794037146, 0.6061564874468506, 0.3793703412302244, 0.6423572465705731, 0.3414185326466764, 0.2641402126712987, 0.4213852652581146, 0.25992095134726084, 0.6914856342957605, 0.7361513263637562, 0.3876048128424653, 0.7261015987993246, 0.4275899935760609
0.6564185780343533, 0.5002895003630264, 0.5432146394678666, 0.5530490892512185, 0.5042439587109584, 0.41947392372064074, 0.448304543758367, 0.3636201396404689, 0.8412735967681175, 0.5809894621379846, 0.48382448423137847, 0.3774038072115994, 0.385029458353473, 0.4525094878130118, 0.6768909883954742, 0.40356728378976137, 0.38816665146383256, 0.7039687523030018, 0.35073336268185873
0.4352011273278051, 0.7389977210322627, 0.2506196743107787, 0.31858162667550866, 0.25323409990487067, 0.6234639559852466, 0.4456827020121038, 0.15121478367437857, 0.46643796474674787, 0.26236885713226954, 0.08369459095275344, 0.5731611289341202, 0.2529891383428785, 0.48362078366521016, 0.7893791861550264, 0.5299789427217279, 0.6150779432395548, 0.6587439221646664, 0.7402641100387684
0.8250919050558809, 0.5852115970154661, 0.838107329766862, 0.5543293470404793, 0.32489905111087636, 0.5248803331972822, 0.5528100624972236, 0.4966896407679439, 0.4860936892579923, 0.6134395759950206, 0.6886484285466613, 0.406685986486136, 0.6118796671471942, 0.6332326060740279, 0.6266159006478117, 0.5396808310851626, 0.2680240613551734, 0.6324043984439265, 0.38254941999633707
0.49652945952072597, 0.7063682735095215, 0.5954532740347594, 0.6957450956109692, 0.5821849327321333, 0.33233432770224686, 0.48616359820813365, 0.6997536071954247, 0.8204719770997475, 0.3315975667944607, 0.3143769318273273, 0.5623933257153144, 0.3959263322695435, 0.5814784022207466, 0.5509940567711114, 0.3105378716531041, 0.23375179568966542, 0.49527516703703134, 0.34679491824135267
0.6478389502201822, 0.39175913993594036, 0.6632135430736095, 0.5726028897116051, 0.652879651124132, 0.7680862759771627, 0.5204389402681255, 0.4287182772566848, 0.4046510095787993, 0.18405190938908117, 0.5310958611285255, 0.5283133007597287, 0.7391461789706357, 0.500830378092609, 0.6799723773113772, 0.4955212073383507, 0.5273206533492386, 0.5086818272722652, 0.6135298801486271
0.5251656122376208, 0.5569620034235345, 0.43591529272086904, 0.5158338115886573, 0.5338021199223256, 0.6299677397663517, 0.5793932451105096, 0.3929374588136583, 0.7345450576691781, 0.5149694531812077, 0.2484790129653796, 0.26579371870463164, 0.5027629036128936, 0.8841001447130978, 0.8874872133781484, 0.5359839574700349, 0.5964038127437025, 0.46393454259311906, 0.4214438568433525
0.6481647373076331, 0.35771381389779866, 0.3876858593187148, 0.7793345264717033, 0.48252987286285803, 0.447124870303106, 0.23652325874811547, 0.17677854221843325, 0.5156570932018757, 0.47050113355646633, 0.43320819060640103, 0.863013809504307, 0.5082269204614904, 0.4389444566518077, 0.35106191446953633, 0.5379663680863294, 0.3108900617991572, 0.5516862430596877, 0.4999477745107335
0.36966481027260717, 0.6946699847236654, 0.07957596057354993, 0.5503255112301063, 0.9107733845393367, 0.6739793707914423, 0.8246137714882923, 0.4384481931127979, 0.3460233763436228, 0.7023926479805671, 0.4607577383976351, 0.5324895502504483, 0.5492196164108346, 0.6194821348704074, 0.6637358104942148, 0.6991013740656107, 0.42214411458306217, 0.4758654223286448, 0.43435279564041973
0.7912395039782477, 0.5748835663583558, 0.6103801006237245, 0.7438612099382031, 0.28114350121516474, 0.5990177815034181, 0.4130292088880559, 0.380549769276513, 0.5056756939403065, 0.4302696057618094, 0.3303309324778021, 0.42450861852487, 0.45220200892736573, 0.45680126446674235, 0.490922644606383, 0.591126911900737, 0.43899758690578994, 0.47591167634513015, 0.6706832151977253
0.4384498033203164, 0.46502628897473924, 0.7716646605474249, 0.4126067320251681, 0.5532754619245688, 0.3331043291410416, 0.7791517868064572, 0.31116597013392655, 0.7963536307042913, 0.9004269828366793, 0.7336200830163813, 0.5522871870953754, 0.4713068272600688, 0.618647883399213, 0.5432536968062235, 0.6012468180194409, 0.49946803733159584, 0.3399365037307434, 0.34632600999094726
0.4074992724574127, 0.5792696679118357, 0.42491686321807465, 0.5753988648726321, 0.4724330837116075, 0.30876551112003, 0.472500631294306, 0.5410783590557516, 0.2577584074868291, 0.5520299774273274, 0.2427506026058488, 0.21012773656080608, 0.5433380737572961, 0.645543070423551, 0.40053663061306854, 0.44159882907613834, 0.5578533513428171, 0.6266299122881854, 0.18077260828820818
0.40437857390036763, 0.5599679152382923, 0.24054618748303946, 0.784698327319578, 0.7157211811438141, 0.4516052387496613, 0.7261528987612335, 0.45215984594165054, 0.5888306138713556, 0.5447473372059772, 0.569006456721567, 0.24045511690441446, 0.4867009810006331, 0.5866736489782558, 0.31073959992407973, 0.5467136078942975, 0.6078336417583218, 0.35735882138432795, 0.6405161662568657
0.1691110451536043, 0.4354619076965429, 0.322202619222768, 0.7677188990498729, 0.3857341827137039, 0.7807368331959361, 0.5148079638174438, 0.4630079780095394, 0.6004208995086822, 0.3875344103321865, 0.5974454570980491, 0.4245440912114513, 0.5281488338633848, 0.5057250378337868, 0.14666738656309336, 0.3422369534748677, 0.5923466142346409, 0.836324583759455, 0.45591540756153387
0.5402639677764159, 0.555714641280922, 0.5378058479704649, 0.6767243250767343, 0.5903333855228822, 0.355074984465641, 0.39473302125045007, 0.41649757156274303, 0.5797392258459793, 0.4400860679601376, 0.49286107199395907, 0.5843077629367586, 0.62871065928181, 0.4408473895078189, 0.33862441286928485, 0.5438579126510553, 0.5947981119664464, 0.40724617621797243, 0.5695513694758532
0.8345232384028902, 0.5081129115466799, 0.6366441437693706, 0.4234619039419441, 0.5209094376278534, 0.38648118693523426, 0.5235793726192582, 0.3584719184860613, 0.40650249108016595, 0.34862917480301947, 0.23145052382898212, 0.6993247432568621, 0.6196637409979979, 0.7339751226135293, 0.6566693074844445, 0.7537722880700204, 0.283178114975606, 0.39494775267254856, 0.4472654845416867
0.3371561972099798, 0.4177565268230047, 0.4700253700655868, 0.5059705241647485, 0.691016873003508, 0.3396574450012202, 0.4511929810856792, 0.5265086660080993, 0.6136656628692184, 0.6237385678640729, 0.39727350479544565, 0.11871345087786345, 0.5037507774743984, 0.253515366470232, 0.3650795473817073, 0.6318070708519228, 0.6309978191588493, 0.46364302983339756, 0.5073842173919348
0.5501839115854501, 0.23165760986709633, 0.8078878326859684, 0.28078828311578174, 0.5750533546391616, 0.5621751910126275, 0.5075979433421149, 0.1577609297342032, 0.48366508324957, 0.5292906525332124, 0.6896485167422877, 0.5586561355340527, 0.592372962365522, 0.8197709001695612, 0.5483344435375573, 0.42754860048125676, 0.4739462137542477, 0.3984556419558357, 0.33028874923609
0.4999213669445088, 0.6677768117623866, 0.4572163610556545, 0.7231575456952095, 0.2749222911651255, 0.6561058866038062, 0.7826469593707676, 0.39599814348454937, 0.4417658840868634, 0.3676078940412512, 0.6390426080174085, 0.8014418892243909, 0.4887877235746097, 0.6717917707983808, 0.7530379778651428, 0.41016236744082313, 0.4164738359821618, 0.473979717668193, 0.5270940421103214
0.4062704321006107, 0.5364866421067447, 0.3755401358826486, 0.188638123000489, 0.3652765418866821, 0.489131636068096, 0.5909992425264173, 0.5888149162158229, 0.6266024054255258, 0.5395442058123092, 0.587033223225078, 0.4646121993110199, 0.6310825143515786, 0.5640454367661778, 0.4108835079117976, 0.5814002307524759, 0.19093794071988135, 0.916654524226163, 0.296765246399558
0.6706461064403698, 0.5153127446094191, 0.4145358490880039, 0.5482503950228194, 0.3070279516702756, 0.4962057358438854, 0.4077516313250017, 0.4571591872622372, 0.27948619035115096, 0.8649730619068292, 0.8013386373683521, 0.705944000529314, 0.5312704112239487, 0.4070976901693616, 0.41919128380882453, 0.2104282196719527, 0.6564344969059993, 0.5143821240926328, 0.772000381857666
0.5200820241550973, 0.7335002187153356, 0.46919820744027735, 0.6790589157396933, 0.3775153029147731, 0.8553324254184153, 0.3556405057162346, 0.5278125826038781, 0.7489729440470405, 0.7058297219402966, 0.527035346665256, 0.42202301525599145, 0.2848302685395155, 0.6170164416110732, 0.7577306472876802, 0.5869321259083714, 0.40357081685265506, 0.7630601833000608, 0.5088267204344898
0.5725461459055562, 0.2935697168374434, 0.6414553883346701, 0.4095182277200236, 0.6751630257753912, 0.5442155063819191, 0.7364580908687266, 0.7187205033763371, 0.3296560579126689, 0.24961428006569508, 0.6124611474885714, 0.5147548936934296, 0.1591136339288617, 0.17086216368841767, 0.388210524326872, 0.6694993019674169, 0.4473334525877326, 0.4123369558421127, 0.7178212986105446
0.3870545959486573, 0.47076060200765824, 0.42505737822686385, 0.2453245109846533, 0.36974983007575585, 0.5399434036512175, 0.21372135499891776, 0.12398116237181894, 0.5567578307793624, 0.5177406788499924, 0.906948260207174, 0.37547518833824856, 0.4927193246344974, 0.19642449460456646, 0.572800657332505, 0.8002400514230288, 0.7232681866428652, 0.36097040988416274, 0.6277180714128514
0.532479718591, 0.2778654146656233, 0.5890063572760119, 0.7859662024116136, 0.3956428134695289, 0.6021912178382719, 0.5873452242600731, 0.27662231209693977, 0.3143098108635769, 0.4820584848808582, 0.5940681093536575, 0.4313181075958058, 0.3532246292538242, 0.7847601072146851, 0.3309399356516623, 0.33605774036565267, 0.48947077910921877, 0.35383122719682497, 0.28240257517272777
0.5524038043692785, 0.7026419086401665, 0.5775152856957191, 0.6517893821990671, 0.7182815497241053, 0.3370817382700042, 0.7204990395959557, 0.4002657793949332, 0.5684725718203035, 0.6001151981822016, 0.4515572822998011, 0.45070903291325115, 0.27742574667930436, 0.5082572693321938, 0.18737712162952147, 0.680510494066963, 0.6399110653729068, 0.763687471482578, 0.20145235442496273
0.33117396468905475, 0.6554166327491738, 0.35506473592956067, 0.5261574202489796, 0.4575992700107747, 0.38821780997442223, 0.4967263853051082, 0.44598836387653895, 0.6666532745618342, 0.5260348184314205, 0.5431960282068707, 0.5104702027223146, 0.6411563437217105, 0.6472566933366943, 0.5184625713704011, 0.7825164053589635, 0.6370693349986769, 0.5983570150455857, 0.39122055207482226
0.46115612800483236, 0.5156957288906384, 0.42501733627229027, 0.6677783887888654, 0.38169881111714465, 0.5811450956710527, 0.438968093313056, 0.6352187972978882, 0.13708242838312457, 0.6479982649174892, 0.6670089590727577, 0.6545780812199513, 0.7701017944289154, 0.5987482007608034, 0.3422971114077803, 0.5934681330565834, 0.6503822155603769, 0.517800081795793, 0.7325118207321941
0.6702628897920864, 0.6923398025863287, 0.3699480549383266, 0.2573563532163725, 0.33980167864939664, 0.5983063195891197, 0.3098904510631642, 0.5547092694810101, 0.6352754938951108, 0.5129671504098786, 0.3787691160807545, 0.3135737350885101, 0.7134530420823346, 0.3003732161082456, 0.5170488289146989, 0.46829550866218295, 0.5923925926060624, 0.7420112165598318, 0.6064269340318296
0.5126458906161586, 0.32295624300797393, 0.6289610390413001, 0.5239271734753447, 0.46631980263746375, 0.39535545584560694, 0.8630389858310705, 0.5309167713186177, 0.35266038648384396, 0.33806619714198904, 0.6170343263410983, 0.6587750674218821, 0.5267666891023909, 0.1619345991816789, 0.44403019329476845, 0.770272269988759, 0.7955317282411933, 0.8042053161687521, 0.4345749171195445
0.4219540433661485, 0.3601541619129614, 0.5265365443931487, 0.5950147506448213, 0.5399871307088133, 0.6397127705030048, 0.2715108782497035, 0.498002209773337, 0.36113173932006054, 0.6191417872678365, 0.3548914956029069, 0.5593170934817169, 0.7470203316265398, 0.274658237543292, 0.3095895258277845, 0.46866679454925064, 0.3084151633458121, 0.6426552592603231, 0.7848519052886046
0.7451499609936774, 0.6535224641961611, 0.4785827891132757, 0.5098595225647911, 0.5236325093903003, 0.31486422429000016, 0.37751283477325953, 0.25496555014945677, 0.34768915562662067, 0.6131527344764499, 0.7443734133176214, 0.5353698779964493, 0.6408937090499444, 0.5161281057714107, 0.47030163635780586, 0.34298371705165825, 0.413367432677276, 0.8147890131369584, 0.9643366474691719
0.4527566106276013, 0.5637155315135399, 0.39321502710688516, 0.5736486127037235, 0.5366015072685928, 0.3088376793434172, 0.45591107535004266, 0.30017748003755423, 0.7306417972891377, 0.4662595511407356, 0.4756081283190252, 0.5522906524790357, 0.4642508457701959, 0.41030160073917143, 0.6275762174776116, 0.6555103188047856, 0.5601434679245026, 0.4262175374955938, 0.6806805186116149
0.31839080884013776, 0.6367821016834417, 0.460549319240147, 0.2896738044549594, 0.5044768682855089, 0.299235346866894, 0.5789092703248713, 0.5205972585304895, 0.6693645117320448, 0.3958161408020515, 0.4132270023987916, 0.3136863708809594, 0.39658785682661474, 0.21299203808271638, 0.6480236129362149, 0.3412851570332113, 0.5284561321017527, 0.37685304690333926, 0.3365134899544255
0.5171486249028819, 0.3091266430314113, 0.5246865864760987, 0.8413840724286927, 0.6163392774015182, 0.6002750390603578, 0.5113838418186124, 0.5756222924175761, 0.39799448527597175, 0.6028017501407301, 0.47295370500542766, 0.4122635724605664, 0.4959431774671835, 0.5548914678020356, 0.3547602452102278, 0.7128650528278477, 0.6331250777498875, 0.4442725260768551, 0.3886486405161612
0.866119586224956, 0.40202855197011506, 0.24969517527936824, 0.4871814531110855, 0.5819042776738106, 0.505574094964311, 0.4091029609510406, 0.5393918979405138, 0.18006371315563963, 0.3148408506772595, 0.3378347458110469, 0.4806526605183453, 0.6582897580937672, 0.4013340856432639, 0.6187489165905333, 0.43051627732750963, 0.4796483504254863, 0.6241507862725729, 0.45017291297319095
0.000373074635697,0.033947237699,0.212934668417
2.33695116633e-11,0.00222424922263,0.158225617413
1.00418973091e-08,0.0058382217543,0.225788448499
5.69704699757e-09,0.0129056504375,0.226033903798
5.92336358205e-14,0.0259961741154,0.389237552075
4.89715325361e-07,0.0575309228795,0.553829309175
2.28242339229e-09,0.116768784297,0.665715080207
0.00412617497553,0.254477335497,1.0658682169
0.0134711329373,0.581801210226,1.28444574354
1.02807352849,1.25919047555,1.77165846312
