$x1,$x2,$x3,$x4,$x5,$x6,$x7,$x8,$x9,$x10,$x11,$x12,>>f1,>>f2,>>f3
0.6189759566235876, 0.2853839584343008, 0.6582055507594538, 0.47670773557312257, 0.5334966822994327, 0.5455322180704172, 0.8555641940161756, 0.5185953505605331, 0.6043596401690938, 0.6696782956517672, 0.5187899678619663, 0.3466182677438577
0.6781407335741184, 0.6696437376533901, 0.24311079118735063, 0.3982791511330368, 0.46675051780725213, 0.45692374626472276, 0.6599426362298932, 0.32406646217782903, 0.4697607461159235, 0.6678022892088489, 0.30394757208064493, 0.48474489357748296
0.2866549186027367, 0.433684141676299, 0.600845823650389, 0.44533414711632224, 0.7267394030053818, 0.23473232365892105, 0.46396973385890233, 0.6799327033539042, 0.4896589156720568, 0.4326582151395768, 0.5440708755959367, 0.34549601838990424
0.8240505864599793, 0.7449758773304853, 0.2824945024044484, 0.022730723058352775, 0.016110975029920815, 0.6806563716231344, 0.42243325478945254, 0.4076987637215209, 0.6527571348145678, 0.6464995916953884, 0.64868462597044, 0.48835942775960195
0.5404259145670683, 0.43568272755032744, 0.39126291704971616, 0.5983903215541085, 0.3840705763597464, 0.5007594700624638, 0.6310810411919088, 0.21364585032247857, 0.6938985398041407, 0.7562290895529433, 0.2691361336181746, 0.3514991843697466
0.5077696230278816, 0.9199322963684848, 0.6952732134609956, 0.7159307683578158, 0.6043944601619646, 0.5702026903089926, 0.2177863189864, 0.27264632412268874, 0.7442772806951776, 0.47565680268595134, 0.46779228915061705, 0.676355508369924
0.6674274399818063, 0.505345598930606, 0.3820217646326884, 0.6693922002158457, 0.37737688955015325, 0.6073021250497144, 0.3365112879553694, 0.4670358093091723, 0.5459064054994743, 0.40723906356925016, 0.3023517799753648, 0.695351166012759
0.7998201377601524, 0.643310473043263, 0.6879129785947121, 0.2938189137070773, 0.473617927937653, 0.23253654029372817, 0.31878864248261585, 0.5601583948924113, 0.7726169348857743, 0.2813477326197097, 0.522918122926962, 0.6015066470735079
0.9665568099238083, 0.28661862209469124, 0.5278889375759016, 0.1852659574673719, 0.5751618690795657, 0.3040364977763417, 0.622595464741391, 0.33021904780219713, 0.2613932541213653, 0.5384232434222711, 0.5852837907065187, 0.08474910392189833
0.5030828299447377, 0.4628253067597931, 0.33787904613040487, 0.5033473270400461, 0.6928313730619153, 0.2636235587110677, 0.6661386396454314, 0.2923379162334842, 0.5294556550362692, 0.3520149691269549, 0.4727464111055103, 0.6755881997855464
0.571440052559782, 0.5287846271059978, 0.24227599400713884, 0.45225978623536633, 0.22049907054158652, 0.6560532999321227, 0.5418702036964506, 0.8196438855603075, 0.8119483068106574, 0.36696726773511323, 0.65347685225292, 0.6202019272549909
0.5384939218955422, 0.19389940973456588, 0.35352616551883626, 0.6433469096505507, 0.37135569514876554, 0.6926380321088697, 0.7039863241507314, 0.4098992711478654, 0.4899194591747518, 0.18258276914168536, 0.6873592570882974, 0.3150677246521659
0.41338571131000934, 0.25784048748963195, 0.7848916131576007, 0.9841721386900533, 0.48410904229448914, 0.3134111874910274, 0.5859529821061628, 0.3840718023891182, 0.7661938372756713, 0.3678611942195685, 0.37719248939623473, 0.3964449220597883
0.1437825035418655, 0.2817614943972976, 0.45731196578275324, 0.43391449105923263, 0.44574978712121344, 0.5224360751027312, 0.4711129347256169, 0.3164374677055387, 0.7143856862695469, 0.6828489441309185, 0.5196247565753291, 0.591025800466466
0.7359246629778626, 0.4740328675596769, 0.7203428318515953, 0.5592541876649822, 0.40011090097766594, 0.5374724321350562, 0.6857711218384501, 0.4488726245978496, 0.6195379697825478, 0.048338639149167695, 0.30327918920042934, 0.6232950717686568
0.249344756578034, 0.6723132138498435, 0.2624031078314235, 0.4959819961230415, 0.2371721689391471, 0.31931615462788787, 0.5573330127987689, 0.6596581297925356, 0.3486025868855075, 0.4725534776363218, 0.4097759399009704, 0.4702529789994176
0.1366735368448022, 0.5933400457211515, 0.48016265933482055, 0.4363551663216039, 0.5767970425277295, 0.3517126478702796, 0.4802891576957297, 0.4877045827631411, 0.2729443926265117, 0.5448229301948719, 0.8554648236942962, 0.5346183567477868
0.4218025882897594, 0.33121369798851863, 0.507869621478647, 0.4097641923649511, 0.747436005773701, 0.25773678278458, 0.3058100990936507, 0.4893492562119275, 0.4289233478910177, 0.35747364654916414, 0.3640464480658384, 0.7028008771050367
0.6508410964862154, 0.38789317310050964, 0.5123511820378029, 0.4987036517076042, 0.5985455961573863, 0.5907706456449408, 0.39506786668912575, 0.4140196316110368, 0.4524956932962258, 0.30265318519358847, 0.6025044725799271, 0.3978041006890861
0.5441673463487784, 0.6624593794567374, 0.446888564082495, 0.30711473946819684, 0.5295958228866322, 0.6019284584028574, 0.5594352893941643, 0.3443085295147009, 0.5537895415426203, 0.43409011963859634, 0.4301326305907831, 0.7767755712941916
0.5287706324232918, 0.7376258705513621, 0.5476114799270153, 0.5652318267481512, 0.5777591189733503, 0.6683098455647914, 0.5696672794168257, 0.6190800130402895, 0.5599461097259312, 0.40001018621769724, 0.17656159894625245, 0.5412035810549568
0.4715975523867794, 0.6122224203186063, 0.4089020802821273, 0.4529396384777672, 0.41414239975917044, 0.5427009013648322, 0.2848262971449923, 0.5831457266728599, 0.33566652422080157, 0.5633272123429124, 0.5640145802299948, 0.5636578263111895
0.4761101920359847, 0.42783313883062324, 0.6772458268369699, 0.5904663538782793, 0.5077415421399329, 0.534308842316206, 0.4236681986824213, 0.8084872456641631, 0.5811604849664226, 0.8337881744814835, 0.6440707070176686, 0.5177915440494849
0.4866944812221284, 0.28401842965243157, 0.45937297260805904, 0.5850048088591492, 0.7504371936547863, 0.2581821869155754, 0.6095097318826219, 0.48439958270971456, 0.6161010758254462, 0.5581770101959445, 0.5450184095896837, 0.4124630104887791
0.8083092128503113, 0.6344989717631542, 0.34434923549741114, 0.9192955450069309, 0.44701905742137493, 0.5716690113002356, 0.8401182633208857, 0.46616304003209774, 0.5991438714574499, 0.5585234124922115, 0.4827343179492709, 0.3759101261554235
0.6845384722711478, 0.7998706032609698, 0.5421715657429967, 0.46086336546811185, 0.31704086379988206, 0.6287501433439113, 0.3333842377265728, 0.6077202912684001, 0.3367221133817815, 0.6247704977576707, 0.5758072726537402, 0.7330571265127739
0.2635456555451917, 0.5287419318786403, 0.618332735461189, 0.369062375180276, 0.568190883502078, 0.5899584915697108, 0.2941634942152208, 0.5453948778311921, 0.595218333549817, 0.4179683791881477, 0.6428571834415775, 0.3853054072622404
0.6970088793788225, 0.5358530269257709, 0.4223515862154782, 0.3185054833156769, 0.43289567913557786, 0.5336350442623718, 0.29263930050733616, 0.19103255778814388, 0.5730830047181982, 0.5612621064919283, 0.3155116267337791, 0.6770599081584155
0.6049751840537743, 0.5493090944601715, 0.4381021829210179, 0.3903163087635815, 0.23620538584936868, 0.15502770300769225, 0.8599486553895042, 0.572385121999619, 0.4501041250389386, 0.44718027756423473, 0.44261769204022416, 0.5386053899266865
0.14050007731204672, 0.4447624322913367, 0.5866162514207143, 0.7670454425615973, 0.4337766768053232, 0.5321590990651461, 0.7268205333332818, 0.39791408848718396, 0.8690720894696135, 0.3133915820726295, 0.6099424068054408, 0.33872952881648427
0.46762934087565633, 0.2779013201750248, 0.496156278469983, 0.31334638082144056, 0.43509836813898195, 0.525330383920153, 0.600653779505675, 0.6084349856231146, 0.560354885269613, 0.3314754073384292, 0.7731217991816333, 0.8782447981915347
0.5237354462735417, 0.241564014341632, 0.5590712047564035, 0.5167203538034338, 0.4308642770486063, 0.6275630991935854, 0.3053167388183087, 0.2382634233789016, 0.4947831435577981, 0.35344782202583075, 0.5031131815706203, 0.3943090278509137
0.5114265679826983, 0.5926075788621085, 0.3024596852609769, 0.293700680765492, 0.3819903067332783, 0.8403535765899706, 0.6933778388609432, 0.4691310817863464, 0.6206500092906593, 0.41178242634655304, 0.25284122934742226, 0.3513428242113663
0.6479650796500502, 0.2571359578538965, 0.21868610057639204, 0.6687785035216305, 0.32032898197951576, 0.6183046700221146, 0.6473944654046336, 0.633634868003803, 0.49241332883832345, 0.2706080155325846, 0.5529210613954848, 0.300492987044894
0.13431702083371455, 0.3491681878902122, 0.204189793909758, 0.6550616701251195, 0.5229791520319312, 0.3819946846393063, 0.17533250899856062, 0.4673494439738488, 0.5784391608690732, 0.3458380406361611, 0.3414662044441086, 0.44198359614131877
0.36597653952973536, 0.4810855813227306, 0.6703915997955296, 0.5284735124208603, 0.6101325074286399, 0.42985846925561266, 0.49911764399447844, 0.4761081264677205, 0.7389431097357676, 0.5282048290194602, 0.3669710359404784, 0.8527678953733921
0.5318120342911149, 0.26447206470833556, 0.44726676773912727, 0.6666537989169788, 0.4596690551543356, 0.32651721176722276, 0.43714680377442666, 0.3704528924660758, 0.43236237735336575, 0.5865611059666312, 0.5677985711327511, 0.5221259329035864
0.6886150132062439, 0.3903957832656858, 0.623545272842359, 0.4601079095121632, 0.5412745086360815, 0.7044923472989371, 0.5603228256767052, 0.26756801877248154, 0.2253263506731905, 0.35977535700717933, 0.47078912084358765, 0.6387255011367065
0.38187841751849105, 0.2848187415201544, 0.46944608945606714, 0.44607530171375703, 0.6982915717330265, 0.3964255733261961, 0.43024348111631755, 0.4254795223199446, 0.35465514937488446, 0.610031593700473, 0.5936827994525461, 0.7279101828006251
0.4604942966516451, 0.5396860118772095, 0.43474258821732165, 0.2302436316771833, 0.5805351602944957, 0.5231445159236807, 0.5208068226220707, 0.4512623016763669, 0.6269930393778435, 0.4550905474150064, 0.4930427214175452, 0.43048971047023254
0.5207927660924617, 0.7503544907420664, 0.26841650282149115, 0.8082829299722791, 0.5213774499571248, 0.4934450444095782, 0.5430086958301661, 0.5348551231775034, 0.24516406077306435, 0.3932055928120406, 0.34566376321278625, 0.3754419406176394
0.3815675399697943, 0.6382927805998347, 0.5546332313718618, 0.3601736130380457, 0.7814094630610949, 0.33482348444931226, 0.5019771134071096, 0.4704094005721961, 0.3405005871572147, 0.6181764034660842, 0.7141184298448418, 0.5613365219670492
0.42157857857167624, 0.5121735127611484, 0.3614992864058164, 0.2472275693401263, 0.7612521405202411, 0.6827600848021247, 0.28804682965462547, 0.3112063924013671, 0.8174872421298154, 0.4624202562170683, 0.6131600272500706, 0.31648118044452045
0.4121620735958115, 0.5015228264010542, 0.36571618921000054, 0.6710548831503933, 0.4885910713099183, 0.31513106720533085, 0.41110372626136704, 0.45051761252783834, 0.7098217006446164, 0.38694208284529286, 0.509095579198592, 0.3206135565444688
0.2297249538395827, 0.37601273831405785, 0.6976696567842281, 0.33504693705218724, 0.7036230853006112, 0.46387769654443906, 0.4210927420189925, 0.2855544032406058, 0.48665930574537786, 0.45855467869050553, 0.2918613532827995, 0.29901870462071184
0.5560837187541987, 0.5638099926763762, 0.5201097122167712, 0.2784556094877504, 0.4980552343783281, 0.5231172439247582, 0.5192776320650436, 0.5432503395314813, 0.32335550316189665, 0.49772853823113167, 0.43173588261845164, 0.5481740497328564
0.7854909961547725, 0.6805488331030141, 0.5243277069694303, 0.763439502854454, 0.6556395855247177, 0.28263723272581187, 0.8213545314626185, 0.3866562817075032, 0.432640173431982, 0.6139556557217402, 0.5693376138314818, 0.4047697072361033
0.6694579273104785, 0.08126089180462065, 0.6883342347976258, 0.3103571723459825, 0.44459777750777, 0.5568812231462764, 0.5605199269483753, 0.39854021155929176, 0.22069755807358787, 0.3751200864161278, 0.6919738602457481, 0.5837473670209461
0.33684375912602105, 0.33270410818703433, 0.3997919964831803, 0.47146198901779446, 0.5688578249245746, 0.7337051693163463, 0.29030186237337335, 0.28213822239399267, 0.4115469545173414, 0.5073649247173201, 0.5072541556580934, 0.29401318174269786
0.6069798254210257, 0.19353998619533458, 0.5818908007797192, 0.5204274906701961, 0.604599799003478, 0.1811679075406501, 0.3960615454138685, 0.4544628914686806, 0.7545140807612271, 0.5256478652404787, 0.3164239309864264, 0.4946790132359595
0.6246272329892044, 0.6068031025407965, 0.717931543348179, 0.28545925515237286, 0.6219751477599804, 0.3977743389233182, 0.5299346755008191, 0.5725052804600248, 0.4718707610462943, 0.6405641881063111, 0.5316230421118736, 0.5242502662587134
0.4057396167163004, 0.47005180294225685, 0.39158200836444357, 0.5470839788224596, 0.4602752384454679, 0.5257083203700981, 0.4051076664108776, 0.4736564179711376, 0.5056441139526132, 0.13381706918227454, 0.4157543408122972, 0.27413602107634016
0.5325661544181765, 0.6464432588532301, 0.4837724458027023, 0.4357105368966341, 0.0939816750689077, 0.629478512472058, 0.5533590095576548, 0.4214976105955339, 0.2126810012970492, 0.5537564882220329, 0.7262360231372599, 0.6934214461475807
0.16827322806796052, 0.5326981839047475, 0.5009756600185409, 0.652410213159433, 0.3213485666815844, 0.6642503990984853, 0.6769610201185301, 0.6378835050996083, 0.026616754359149952, 0.600814782981044, 0.37094365542964286, 0.6858802457315735
0.694953901565061, 0.4592624382330531, 0.3242229177581602, 0.5975676822114606, 0.5278512904278437, 0.6320550281006871, 0.4017553776985449, 0.7304098369111164, 0.25856272795501745, 0.321365942574169, 0.4957237074963087, 0.16360737167294176
0.7320301251163495, 0.6743427442056076, 0.5640673630089634, 0.5888490131053493, 0.4919205429508168, 0.24412161786153463, 0.6779200466160946, 0.8035744942849259, 0.354101146919092, 0.5555332728198543, 0.6008236335606136, 0.7092338074042362
0.3216047723391636, 0.4142651505610411, 0.3327269590149189, 0.12466741940806991, 0.2634479711113139, 0.26026435552390453, 0.5324007262809108, 0.3616364797516335, 0.2796105466241188, 0.0948819945597763, 0.5653279288899578, 0.5222032429147396
0.5850199242476665, 0.6647559231624955, 0.3049225902494962, 0.6033865608831738, 0.4020892845638575, 0.5511647743867731, 0.42287896647317913, 0.5827946134065799, 0.22885684733281852, 0.6100498365842917, 0.24096144918144646, 0.335635747231365
0.6231213122643494, 0.774621584672198, 0.38754869569833905, 0.44610399471423834, 0.573402487576493, 0.3967517637483714, 0.27850189323710306, 0.4938173983409233, 0.25417606470772836, 0.662111186034037, 0.5559626460794745, 0.70676965958352
0.5794649858160694, 0.4633972754948942, 0.5859916843098416, 0.6852875590623715, 0.6774588497586297, 0.40912625393340907, 0.43915848034423155, 0.4698353865162179, 0.5974773582328108, 0.6553002090166845, 0.6301107027702247, 0.49399216831821563
0.24545562525102427, 0.6833916757821306, 0.6372467148645566, 0.6307768306527621, 0.777926755641432, 0.3054759009194078, 0.49606513228951615, 0.5909240299644882, 0.18824053758018056, 0.2708635779975537, 0.524872498906614, 0.2865305251074922
0.4126989930801454, 0.4509563715563165, 0.7044041986515615, 0.43995340720964377, 0.30023171975914037, 0.46726411344022767, 0.7422988249194937, 0.4304569336129166, 0.6145873878013196, 0.3230405860343213, 0.7257658926367825, 0.3463742676370996
0.15508077609415633, 0.8967795444748545, 0.7640904912965809, 0.519209116002091, 0.3755776522168715, 0.4035225530325601, 0.9017202131795665, 0.30860975468444296, 0.08999303071950843, 0.6473741499314996, 0.39145549114856787, 0.6796162901564803
0.6568309501919253, 0.43900991786374083, 0.7073377388998077, 0.20608094559433332, 0.5242786001729584, 0.7076236064175041, 0.5395380589123284, 0.48335511306432527, 0.36003965848029373, 0.6328856620537727, 0.4718570929882441, 0.5268758836506721
0.569480384462304, 0.5319024263486059, 0.3678811884425624, 0.687523288542615, 0.49764646247917577, 0.46798426427828077, 0.24305277401004655, 0.6009007240777924, 0.36015758866725756, 0.29169316191975947, 0.477556714266163, 0.21928803130339347
0.36669512011828914, 0.5841848428312084, 0.38980840136180406, 0.7140276569156028, 0.42623268724357477, 0.536456960056405, 0.11423794925047764, 0.500237502955155, 0.7594416275363318, 0.657658198741791, 0.3950837729209314, 0.4078472102273755
0.3920687650941889, 0.4824023273074079, 0.5307024435449401, 0.6548989850297962, 0.7921731853077137, 0.4029472726031762, 0.35880078325481146, 0.5448561344477564, 0.21490300982237637, 0.47531015565491663, 0.4346439477387927, 0.5491567206724649
0.667398792984826, 0.5424773470928826, 0.4331805707762117, 0.746370621665581, 0.5639520180751258, 0.5937631257996857, 0.4997369183290726, 0.5274689603019294, 0.5309970521095772, 0.8020343613462209, 0.7966804593966487, 0.5291553258999097
0.8434974573368985, 0.2636734939166411, 0.8102360157868599, 0.4268418602851493, 0.477752517321183, 0.29147714092085925, 0.339105708551263, 0.48247316127325035, 0.5127058954197119, 0.6644454277131913, 0.4339860478844271, 0.6498916476554445
0.42904485238559426, 0.46871730552636187, 0.5959812351891243, 0.5452267166571954, 0.4653065270796284, 0.5366941595092227, 0.535997928041688, 0.5134557933307443, 0.6318740774081403, 0.6648494909414163, 0.710210279913429, 0.4699417228788377
0.09282148937581602, 0.2956169544242193, 0.6330442146150574, 0.5964481621537604, 0.5603201495452953, 0.6432975669397567, 0.4218363662403251, 0.4529841625443396, 0.5238086487950183, 0.40744432408577247, 0.2504485048688187, 0.5495528969441978
0.4637616726647218, 0.4200427787064424, 0.5077997668144243, 0.5831140950361116, 0.36854042786666363, 0.6617428858154623, 0.617922870619088, 0.6437898354340397, 0.38197902457928634, 0.16778904777374837, 0.2171870737960434, 0.8266137575863806
0.641926175634013, 0.5468957099883137, 0.4798284322384016, 0.28344785736025185, 0.5497028886598299, 0.5303799918307187, 0.6534566617329548, 0.6428846689633179, 0.5292013442659333, 0.5462844361066765, 0.48173964746337306, 0.4413790564735551
0.6033881652861327, 0.6998697075861344, 0.24312159763815383, 0.4236464303693775, 0.6225557115107818, 0.4412541881333722, 0.3939016797681162, 0.4889064922498236, 0.42060272629406475, 0.5114132269575836, 0.5205847180625133, 0.6590860611609263
0.811431475195853, 0.45002165337164046, 0.533278973841558, 0.5643148714644882, 0.28462557965978735, 0.4395545997602311, 0.3321276468394284, 0.17788414163274996, 0.5448118643183248, 0.21583786552901557, 0.6118589154467599, 0.8271977852937992
0.38093421281413536, 0.7965638829095244, 0.5248543700679702, 0.6997031624752799, 0.7973360595057559, 0.7188497603168621, 0.6095552384051252, 0.6893246791825476, 0.4439969487210389, 0.5886594288250537, 0.44937732147469456, 0.42842133399369897
0.7460343471877436, 0.5851287943465857, 0.7078926400061847, 0.4246707896655012, 0.3612956675576193, 0.6922658426299177, 0.3054538839932364, 0.5190631394199512, 0.3453281925340038, 0.37646970051292944, 0.46409505640888343, 0.5357378987257672
0.3707187904386785, 0.6030814036625208, 0.6856359697103538, 0.35473014940475567, 0.461868095134699, 0.5187748130923362, 0.33959085589194665, 0.176007548978808, 0.42712583207893917, 0.6825209699841721, 0.4598653919356891, 0.5271628711040581
0.4289332706706098, 0.6219579537382998, 0.5049189209254665, 0.43483245299170803, 0.5045477853963477, 0.5081285354162062, 0.5419703567050588, 0.4442295709011219, 0.6204988356043825, 0.5117444509329969, 0.11498312227519486, 0.4235236432501984
0.661106947134895, 0.5016922554345459, 0.5327728506304198, 0.4924809462639893, 0.5189372208615939, 0.32675025305122707, 0.6910091327664775, 0.4684738557936901, 0.2968931661012545, 0.31286389332856207, 0.4160402926386155, 0.4866910675044006
0.5096149167733574, 0.4410955459591072, 0.6438443705050032, 0.368359647888132, 0.7427123726189251, 0.6339859330005365, 0.4508964020559205, 0.10408954844627577, 0.8301293456656194, 0.3068797291856061, 0.7120112139809499, 0.25000126320172206
0.4504131851473463, 0.447356815391284, 0.6488031955515228, 0.5509423521336282, 0.7337260564099641, 0.13616217443264217, 0.6981827260543354, 0.5122155279523055, 0.3348232566845683, 0.6070216628404248, 0.46607771126601616, 0.4046962120045356
0.4458560277280888, 0.3798017102194299, 0.40654380895497777, 0.7333543860700885, 0.4871951014550104, 0.319263554134927, 0.44679002844433124, 0.28408501396289565, 0.3810170490274609, 0.5177040226086079, 0.2934286360643315, 0.20893660809036074
0.3292434647356032, 0.5285931222991432, 0.20264571697810935, 0.4463020792564281, 0.42142508996533823, 0.5577169350344962, 0.5935265514347232, 0.6188210757991925, 0.5726357180578974, 0.5988515827733211, 0.4819508526301097, 0.3826047161425907
0.4786459219774247, 0.3825788912095869, 0.4891734184898345, 0.5336683008638725, 0.32207641813592314, 0.6313853389758795, 0.4695671495378783, 0.4006403998439281, 0.4520239517417697, 0.5525979397003994, 0.47062744441530197, 0.4243170060988324
0.540104275091819, 0.647528649543217, 0.3750526653634109, 0.4289002479082086, 0.4351984156852946, 0.5989105472209016, 0.43527939741622984, 0.46867885541160187, 0.3974352791822692, 0.46352619644305243, 0.49647126745507075, 0.3950638393829045
0.7555057905017009, 0.3259360889830168, 0.7726526035548851, 0.5523788138306853, 0.21483386082456324, 0.3554415428595, 0.250616908562188, 0.45213479597078554, 0.23850865016676326, 0.3156561514925749, 0.4309025119277326, 0.3865250181479494
0.23507208590929818, 0.9138492362108294, 0.35049572859761524, 0.549731966859138, 0.35422503551982365, 0.3120619814908645, 0.3209749669679753, 0.5514883225591661, 0.8003833869431484, 0.4932810867311728, 0.4193012777432907, 0.29458472573894756
0.45526071611343644, 0.5268856407005034, 0.5206395104407925, 0.48749168039126956, 0.5018946584732987, 0.7885276550456453, 0.610018001844105, 0.5777571041350509, 0.3342360476896954, 0.7409053005262931, 0.5100356918905822, 0.39138133270661174
0.37164712481206713, 0.7438833951889912, 0.7264284706405375, 0.5956042576845254, 0.5313696231748148, 0.4335536747569216, 0.5437372725088601, 0.7204177839141019, 0.31042281618896805, 0.40926083156201154, 0.5541060906639531, 0.48559159730735313
0.3099513029314025, 0.5719291317378481, 0.8763230282912183, 0.4848125824229223, 0.4285624087616497, 0.5600964584447075, 0.33843124654270396, 0.6555026977361749, 0.569716910633468, 0.3067557188458917, 0.40512085575730633, 0.39498427271762887
0.6769175899014318, 0.29330144933612856, 0.7560117722783434, 0.4985589579917795, 0.3140300608100441, 0.6149890310539117, 0.4477752512140105, 0.5846169319935539, 0.5875990347141917, 0.7473861065710261, 0.6404439955908747, 0.6821925351253595
0.30598220231618767, 0.480304018171572, 0.6925535756416266, 0.5849152399942714, 0.2971145573053895, 0.7207816116943648, 0.7443170799382981, 0.685465259088639, 0.4850720883992575, 0.6134444585882209, 0.654383535536059, 0.5424955312624723
0.5544461037766769, 0.7146190449415855, 0.3977404761575659, 0.3295258303433886, 0.4586703973175363, 0.5195526736057602, 0.3513461412088229, 0.5068483235745669, 0.2748731772774565, 0.4014357017554337, 0.3356819419380278, 0.2968291119812415
0.3613270648524265, 0.41017295872700166, 0.7057505125716361, 0.637722493859312, 0.6114226934412855, 0.6563734379090225, 0.3251905366255505, 0.5219015323118235, 0.35734491356725273, 0.47327824792881673, 0.35937376671329163, 0.40687624317023613
0.4952299652830303, 0.4291468893102919, 0.615828715779638, 0.5137880655457059, 0.5378933167813167, 0.3449536986474881, 0.36772901004556424, 0.12466276964097234, 0.22601744309515004, 0.5259662660802579, 0.6882992601092268, 0.7149318286830018
0.5274181915823969, 0.6308425642586986, 0.7527467915250345, 0.4459880704130293, 0.6266110729607952, 0.6069969159531454, 0.4682302973623134, 0.3384723741385505, 0.5256410763013774, 0.35769746088488097, 0.5123769378899441, 0.7324310239353863
0.6707465754284223, 0.18499482698950953, 0.7224009176761343, 0.5683164355211555, 0.6724436788510577, 0.6616979870219453, 0.519693671337559, 0.5669675092473109, 0.7680221847383396, 0.3601291649771299, 0.5500326993683432, 0.633670411715471
0.38714765985467525, 0.6111313679283964, 0.5553910311260388, 0.46454082990298884, 0.6633182530451908, 0.46876196680841975, 0.3864867263166991, 0.45319579666675447, 0.44388419846082666, 0.6550102618225049, 0.9607527399775385, 0.5828351237255253
0.4371912953370399, 0.5653226016991633, 0.5835120214282729, 0.47030285514884296, 0.6299115337842183, 0.29506559141997996, 0.3485476718835318, 0.40309661426182264, 0.5728488012035925, 0.6980447503128355, 0.6198810074771991, 0.6383050268715083
0.6247321035411388, 0.3635114516939799, 0.21806056873207547, 0.0841652258821659, 0.38521851117634365, 0.45182074741790534, 0.2592112230635151, 0.29325568946453356, 0.6515103254111966, 0.30719583481397, 0.5273265310890692, 0.4723313821436552
0.4650379503828612, 0.364966170153453, 0.5679758482224861, 0.3872150247041166, 0.3055842737788022, 0.6471803670659687, 0.36826941401871316, 0.5417664398007207, 0.19801557400472047, 0.6315175478906272, 0.4962382143087699, 0.6623852981550815
0.3835248607600212, 0.6825699669858527, 0.6449125251053868, 0.5801216473784014, 0.7723962438973909, 0.22147613530029153, 0.5686157776041993, 0.4566656249673646, 0.7158050622726313, 0.7991248644020564, 0.471676713872706, 0.40276279963823397
0.5543088046500105, 0.6338528564292312, 0.32102023829525317, 0.4833580891616209, 0.4780653077901679, 0.5593636625934358, 0.26761017921607233, 0.4644048090848414, 0.5610515676334219, 0.4394015993710347, 0.31290414088961765, 0.3419469352209091
0.47891483440650245, 0.6577460274445, 0.4608769540854333, 0.3952212431508386, 0.297448810759549, 0.5725756187695433, 0.38967935708218415, 0.3500910585404728, 0.27346339922522245, 0.4906305034469046, 0.7753501615086478, 0.5713577100047298
0.5801119667717788, 0.6543583104418098, 0.5165956425138992, 0.5892689617173185, 0.4809572571523096, 0.25579636994387867, 0.23829830253178041, 0.24855351555889993, 0.2463949426823226, 0.3796057889606496, 0.572238766879508, 0.29554272631819256
0.4022736109481476, 0.534115941441169, 0.38705172007910926, 0.602374367724771, 0.503493111609678, 0.4659082094745868, 0.5962521829223305, 0.4770782104777453, 0.7277502140947874, 0.38240517725375367, 0.8948606750457841, 0.6402554977808863
0.44081101639926584, 0.643773188246186, 0.44929089265076094, 0.413435959689678, 0.5501917915954172, 0.18693701536545698, 0.5813519364578339, 0.32389634129625766, 0.2697342570472028, 0.6814972826747028, 0.43597829180169384, 0.542685620891933
0.5656577718136658, 0.5523776362292135, 0.37337840541998235, 0.5952742190608427, 0.36995212938458, 0.38184134586091467, 0.5667760755765344, 0.7751979266513029, 0.36119071738861536, 0.30020091377916275, 0.40730682280151237, 0.7826437533277828
0.6232933257158078, 0.8308091852268755, 0.45159530394913444, 0.7627194112045104, 0.5126364050978496, 0.31221568667820077, 0.537137382143073, 0.488465839495463, 0.3558175565904105, 0.5523442966163825, 0.17684862195253825, 0.379189559117486
0.7783703303497151, 0.3498681275857712, 0.4086964419108076, 0.3541419849336289, 0.3780329572015152, 0.4301598362896991, 0.14368418151335172, 0.46012617058414773, 0.36602067473770117, 0.30922461901213383, 0.6589730592221011, 0.6411055148759156
0.3569672930198583, 0.3307867221501821, 0.5197919534413233, 0.675897335323531, 0.7218408584644257, 0.48861734798609274, 0.3985180841721776, 0.2984864876187724, 0.4373768056859936, 0.5123565017768767, 0.37357113430515204, 0.47862819059487377
0.3150329548881671, 0.1681271955705389, 0.2916937111259702, 0.4002245259497233, 0.1388105779733836, 0.3274848617123828, 0.4341528120021758, 0.4948361425266409, 0.45849302649134405, 0.6118626697105597, 0.5899364338771476, 0.26481172286927457
0.4475367690778373, 0.4217337957838039, 0.38179315564030336, 0.49271517570372997, 0.6720483443628613, 0.24468227562978578, 0.22369295498830782, 0.4161029540860324, 0.7022761186301905, 0.4567204646878166, 0.3530705045633108, 0.5095488761391611
0.5850736090885259, 0.5212973712757143, 0.5355538671145281, 0.617737979415504, 0.5951790707107877, 0.5561878464569506, 0.5791124779608047, 0.7332506033590533, 0.604945693228534, 0.571765568418963, 0.3902179685118022, 0.4510681865348921
0.36076792321165263, 0.3218648843874503, 0.23977584507837368, 0.7670016956068472, 0.6641931222504812, 0.5637732850413704, 0.37581884037685787, 0.34522265527430196, 0.6601663799714225, 0.47694662299123314, 0.47734583377550543, 0.5015614842021306
0.3330421895975004, 0.25060817272043767, 0.6365814306294695, 0.4280335950605935, 0.5925547748084625, 0.5813112250535245, 0.22423521836598626, 0.597538514692547, 0.29928050449461086, 0.7538389808328929, 0.4186620448067947, 0.3787861375917279
0.577546998686327, 0.3083426421834256, 0.4729028359493179, 0.6873766499882471, 0.3065356866000871, 0.5512036124738404, 0.20949041815456554, 0.21071073955555564, 0.217586101985775, 0.6603600413681787, 0.6965142460729207, 0.459019344796527
0.6073091978342418, 0.8338907913444935, 0.4538928881306361, 0.5668932734366446, 0.438817387712864, 0.4352797249712582, 0.5753447062652922, 0.42348338843661343, 0.48445608199002366, 0.3513940248903298, 0.50428008180056, 0.5622382385029117
0.5525469136687561, 0.43284186323662954, 0.5757497091707793, 0.3264621348866808, 0.0025660152008974424, 0.5740043604920579, 0.6858891784505105, 0.5320349136299937, 0.34802909726745823, 0.69928060838596, 0.5027387909406953, 0.6160155711219658
0.6022651311704965, 0.520864734946206, 0.5653310558924421, 0.5107906368083739, 0.2653468681229014, 0.8252349290151276, 0.5690129932315323, 0.36836918130672347, 0.3902012742373363, 0.6852505571340004, 0.25409958484922757, 0.3710994011035647
0.37249204194347313, 0.3554555678763121, 0.6325309754280207, 0.6807151490589072, 0.7024728989862463, 0.276899790792706, 0.6579416422051676, 0.3251430001784222, 0.2628236380422668, 0.25824808833484775, 0.24937530397724156, 0.37608695388477825
0.44467214013561535, 0.5114446400959195, 0.6870077755757193, 0.28529791086163864, 0.8430643248407159, 0.7137112788428442, 0.4659679451938794, 0.25486433808272013, 0.8288298569245488, 0.38662251680926674, 0.6131400540152495, 0.6981983692798659
0.6789413781165318, 0.18055324234746234, 0.5539689770585158, 0.656789435177536, 0.5498459211859074, 0.7060622628992939, 0.9936310912375699, 0.44572120023372097, 0.3940726006074623, 0.2733273699216193, 0.49086702388783676, 0.6879198448998591
0.4895567839930838, 0.6724054467236347, 0.6019931178254885, 0.21643772601467964, 0.5657463938018666, 0.6040001526608966, 0.5852400825393659, 0.36429312037805134, 0.26097436822403774, 0.36393711843433413, 0.41366821654652947, 0.7186588691630257
0.5792489493697758, 0.595694846021654, 0.37612244298674635, 0.3863591673758835, 0.5737769732210266, 0.42211090376791377, 0.2667914856381627, 0.5448061784539167, 0.5937363444977545, 0.5613870635319639, 0.43122676505870405, 0.29753470977834306
0.5370905819734478, 0.5650805820229973, 0.6316195755953974, 0.5646504447705205, 0.3402207337462059, 0.5965099636465494, 0.6980345463978641, 0.7341603602183344, 0.5236985028821085, 0.4223944244745331, 0.6309846666692385, 0.49131529162692034
0.6921446219432956, 0.35948310297311364, 0.7322774782560492, 0.605206436006883, 0.7200402409358578, 0.6560362365717249, 0.22527233155499865, 0.41096270996011314, 0.6176815526397085, 0.8133900756104314, 0.33115773226102474, 0.31972164921397506
0.5807824239034456, 0.6467716885722123, 0.5577672359622772, 0.3734332241745631, 0.3913078570386883, 0.6433451627917657, 0.33476521594549713, 0.2942651640384767, 0.47914194614308986, 0.3360619202489498, 0.37667158040515203, 0.6454396455986218
0.6966733246202385, 0.6555633948895763, 0.48938499179500033, 0.5934017291033318, 0.527593533689017, 0.5962740088581252, 0.3788832914482365, 0.6058995301602481, 0.32339029514482354, 0.4040802543509224, 0.3555495795333056, 0.2538343608636273
0.6060965549069367, 0.4892485758223788, 0.342863839934631, 0.6347706011153509, 0.7109185790953594, 0.3297694778663544, 0.6284905149727973, 0.5535708029529366, 0.6856632017177613, 0.760681342508195, 0.3180371090928496, 0.5441199284845183
0.4848280839308563, 0.19792137811601318, 0.3946841985395089, 0.8396053720034113, 0.4879120040231366, 0.3347033552476101, 0.5991350722783927, 0.29087436206083556, 0.48863511901990364, 0.5373257055393184, 0.5394948359376389, 0.5273698170425044
0.8138554613157234, 0.4849692797866781, 0.5890528068220466, 0.4316651353494324, 0.669023821887984, 0.47901680962058657, 0.6393080384514489, 0.2373614331048638, 0.5539659176591104, 0.7878178746674425, 0.5488997103846003, 0.21456125082666289
0.39746897556355903, 0.7644499074408324, 0.49446898206122414, 0.5342011882583539, 0.5623171025115251, 0.550735361997674, 0.5031436069093375, 0.02745559667227304, 0.23152413475744316, 0.18069993615393298, 0.6035616983163664, 0.6587608606036222
0.6598922216475718, 0.2943216154368329, 0.7402253751524164, 0.8818955339015702, 0.32734444780664673, 0.8388735064253294, 0.6143789052843509, 0.6546748992192943, 0.7159924002181934, 0.6560569993659972, 0.3929955037509104, 0.3510896869904915
0.3611144936250761, 0.5272005423667591, 0.5114254968311248, 0.6124208708239969, 0.564092240638427, 0.5792186625171682, 0.5095412212024141, 0.8517415320405581, 0.5348652307151187, 0.43408181387092554, 0.6001338862668916, 0.21165108281774692
0.5064472965756539, 0.0018990358676695962, 0.513887484505055, 0.27147353680052266, 0.531960062660705, 0.9852325343001564, 0.4715652224641058, 0.652605638944751, 0.6723144644030926, 0.657920919964374, 0.8159087419354651, 0.7724732009874683
0.7201564218846874, 0.46038251286752147, 0.23286422778093874, 0.5018319452095402, 0.5468301901340563, 0.6195514850418224, 0.48142059369639156, 0.25661412859326577, 0.5622954145306807, 0.7615193841786846, 0.8839041305932612, 0.3453354983397847
0.4422403196020312, 0.44461543307495566, 0.6978390371428891, 0.31524434812515545, 0.2723578992147825, 0.45697338757979733, 0.5578569469529587, 0.647510387701859, 0.29142725006012327, 0.6615942813672752, 0.5222916452431398, 0.8098831647238657
0.4203417324199591, 0.27302447477552966, 0.5642871222983898, 0.39152180306064166, 0.47012137057595166, 0.4034140567890374, 0.45335498951509784, 0.6683269327062176, 0.39273145528865555, 0.6261132880648183, 0.15750004982202281, 0.3160394095624534
0.05889527279325346, 0.4535927739309983, 0.49687855299609796, 0.7225368653105265, 0.2956380444408566, 0.590422349388461, 0.2572482671011006, 0.3534426636713295, 0.684679016552654, 0.4889827388140834, 0.35399181310384337, 0.5488822536412755
0.29735519495132867, 0.4878960849480083, 0.3089932887445911, 0.4842739531818777, 0.36858079302622515, 0.5892211709310702, 0.08329076756542841, 0.2384922608732708, 0.7276688051359603, 0.5549779852551753, 0.5289048084078922, 0.5401456833280787
0.8415650426484536, 0.24153491657908832, 0.6478125750330072, 0.5108698485187427, 0.660242232704307, 0.5726278613455076, 0.4683850187835923, 0.5104890440246368, 0.33925389410492013, 0.5129340923600159, 0.5106532786075388, 0.4673324043237461
0.3916115768928715, 0.1951807287586031, 0.6123931840866363, 0.7281281626860892, 0.45682575485865523, 0.5864514220580617, 0.5486493256339289, 0.6508522556749605, 0.4793206092838761, 0.4316583577861595, 0.6949496916432323, 0.49226376864672317
0.3549791270895492, 0.7277193124188048, 0.5308915075574291, 0.37204152318605754, 0.51778134052162, 0.5604619862924696, 0.7061213150827961, 0.4919096999698605, 0.36473053756018403, 0.5030811637859265, 0.570969657082813, 0.5268019748156557
0.28776681477659277, 0.8602904798569376, 0.4650040808542689, 0.44197395158331443, 0.4505739389977647, 0.06794641878908764, 0.5750765245312479, 0.2042970800138204, 0.4107932116859515, 0.218137781537163, 0.5286825564015623, 0.7021976514008778
0.5029660358360781, 0.4221154698629448, 0.39872661621264494, 0.7054108356485437, 0.4493675862757728, 0.41488987421178747, 0.481709978697541, 0.807366539129388, 0.343856610990877, 0.46196119217512704, 0.36612708714047165, 0.497144217348304
0.9380810915651985, 0.13219319599669727, 0.3720096402309255, 0.4948217728729894, 0.28961154436134207, 0.4251883776368106, 0.3783002602364922, 0.5476301196863131, 0.26298476748508864, 0.6718156106763117, 0.8125981641660645, 0.7571282853903896
0.5449844447463434, 0.7018633110364533, 0.4577848277192355, 0.38835207794570226, 0.7804591999320372, 0.4754033384409131, 0.30295488350081046, 0.5296813805674502, 0.5478742026705863, 0.3220215944820216, 0.6826329078629807, 0.6405468949602463
0.4481755734132944, 0.42157118146711264, 0.5526044541957681, 0.28759776792088043, 0.4085811679896612, 0.43479912989716685, 0.6847537829383471, 0.4229115360071779, 0.5639127910746139, 0.3599092276501925, 0.6754801052670077, 0.3477172654585904
0.5332113670859747, 0.6217799601770334, 0.7796927978636676, 0.6033438478288492, 0.24766476254715247, 0.47859829838564194, 0.8143324419187867, 0.5886118033360968, 0.31292157469099474, 0.34477218519982605, 0.5621969797725955, 0.3185615148581786
0.5967943040235691, 0.46106243781727285, 0.2831416992073617, 0.5018337354921076, 0.7136587748998926, 0.4855251131303666, 0.5608301189261408, 0.44321918630904633, 0.6604468797246076, 0.5700211128450415, 0.35858213458697996, 0.5276302994719049
0.3089897304960559, 0.5791456158957957, 0.35577966404763056, 0.609730481922534, 0.45874713476480655, 0.4703397386995424, 0.38556283731309027, 0.609686953940185, 0.7735095143698918, 0.5035098115293056, 0.5443480496832094, 0.6025726092210741
0.7324939526812255, 0.5337254224185191, 0.529017191466916, 0.294330128991838, 0.3822957969639512, 0.5026378608730072, 0.4066245712441723, 0.5079969283048156, 0.33711227677940586, 0.7759405928857809, 0.6599860512648721, 0.2101350315001872
0.4996250848632428, 0.5932583937570602, 0.7203006880529043, 0.5432079741969943, 0.45274369621816535, 0.42178047934661006, 0.39930747156713997, 0.6546137899709499, 0.14924561853907825, 0.5375419900361946, 0.23933400476235084, 0.624131145246984
0.4204573448951652, 0.28497562744492677, 0.7086048848970912, 0.5283940416444863, 0.6380831457151862, 0.5967701324430905, 0.5402319972908184, 0.7481998711668479, 0.8692652264742443, 0.37879235370881975, 0.43796355478663634, 0.6386794326446126
0.5246765208653301, 0.5282381103412958, 0.7719513398649329, 0.6163816399676465, 0.6258025838601282, 0.7909234790919484, 0.6646083909684533, 0.43459087347454556, 0.2675689277175569, 0.7418832995205513, 0.5545269601857556, 0.8768524294063421
0.6719156618455164, 0.4942333063430283, 0.2801035540287007, 0.15767701447513555, 0.7604396111190505, 0.8428692909890328, 0.5657743816027164, 0.44412066272364564, 0.32556837743801753, 0.4004016023701542, 0.7175802366971188, 0.41005194327788597
0.2583562776071679, 0.4208376277909968, 0.5072770057577749, 0.5874551590421626, 0.3876938815211133, 0.47044667239565124, 0.4348369314311297, 0.549920226675163, 0.33955195626926593, 0.43731576069859834, 0.5606695295320604, 0.19715270668631724
0.49421064016399957, 0.7998230618380954, 0.6534455415816195, 0.6105989232544091, 0.3869080801537983, 0.39198200715503534, 0.549620776572324, 0.31034262304728666, 0.5109939911854051, 0.5019658731593768, 0.4383191868828623, 0.5874802705709835
0.35086385359928673, 0.42865912871030154, 0.5346916489121278, 0.27653235542907517, 0.5343775630212112, 0.6937741078569573, 0.5520734852475302, 0.8050773890749574, 0.44293646901717815, 0.4030976664156478, 0.7154938095297431, 0.8011844929088285
0.5994105909525219, 0.500591453355987, 0.5737545869706278, 0.5399612283773684, 0.6192821879695819, 0.7459154726053371, 0.8297922656539782, 0.09161372869973844, 0.6190095992508674, 0.3063493321863571, 0.4197388990323987, 0.6190368072541788
0.2642859178856175, 0.22559330984782244, 0.202699629527835, 0.4490756653054025, 0.4068955052497587, 0.5406483837522196, 0.39155952765958146, 0.5374889028072667, 0.4618187095432488, 0.2567751185975, 0.36462560442602354, 0.714308597245969
0.6432867389400823, 0.3984279454088271, 0.4398475070263897, 0.5410553853861237, 0.46544916210786774, 0.4916187972633229, 0.6818257268825616, 0.4200644991467971, 0.6278713373979552, 0.540993094419034, 0.9219475406774615, 0.4163844044852023
0.5615657269827287, 0.8244691187298382, 0.3774209701459693, 0.6286446941507643, 0.37802980012143356, 0.42593383605602186, 0.5082528382115925, 0.3539956294217116, 0.5305098139740931, 0.7044074235178595, 0.5114595799754369, 0.4759471298259609
0.47377995638584597, 0.6504542025850502, 0.3640970069939451, 0.32746122582142745, 0.7946327520462605, 0.5089378371698764, 0.350582812957959, 0.28350762222626613, 0.4873670386817165, 0.31803702375464493, 0.4762046530354384, 0.7643584691837081
0.5070430143151453, 0.5978846730954963, 0.5271229663030125, 0.5110318428719473, 0.5778162135040519, 0.46614203158424755, 0.5531637560965166, 0.49640260568073763, 0.4224777757804773, 0.43194993467858656, 0.35440720303695217, 0.5093099068090727
0.7011754528803831, 0.50969035147673, 0.4646616987938641, 0.3722472694858271, 0.6246337116640773, 0.5298865078592655, 0.40627735071269117, 0.4409556806183059, 0.31800929125925465, 0.43972060579021327, 0.7693618417244354, 0.23015178867053449
0.44003548525587344, 0.31445500654189923, 0.43584987136817754, 0.7955320085533726, 0.5209206931460257, 0.8304450218744364, 0.49432194410503894, 0.589174192995475, 0.12478229762672322, 0.8083802716641405, 0.3881860636601492, 0.6483016208898071
0.79554651871211, 0.839529764392963, 0.5280201830742303, 0.5222561338082854, 0.5923829321172782, 0.41640901067454544, 0.4806440682705193, 0.5392778845981935, 0.7030888765221139, 0.6316397930945915, 0.7153806067054046, 0.31688878946052623
0.7175055004305647, 0.5055732176750778, 0.4811614487904056, 0.38377821292937675, 0.3662355621505421, 0.7450666632433501, 0.6421168171912532, 0.39107318725936635, 0.4342785132918332, 0.3202724837230238, 0.5484484074775033, 0.7581711013479963
0.6415420724635092, 0.20003419577401127, 0.4208883028742995, 0.6783137019749111, 0.29103833448216343, 0.5308573867201271, 0.45988287236132747, 0.8323364034357958, 0.16272104158234207, 0.17002052035999282, 0.4893372942330408, 0.33263323507586157
0.5966938855279145, 0.539722371994201, 0.5413710419940851, 0.3310724013596515, 0.37767166750392367, 0.5943933732976239, 0.5022002980183752, 0.507409338026721, 0.4369369277471393, 0.15965211885773195, 0.49238803065663395, 0.7659541238131807
0.2822848948127683, 0.5049332650663059, 0.7960785437862483, 0.5584411255970411, 0.36412287797309284, 0.4455402595486774, 0.4677614219711645, 0.825386959950965, 0.5835775730164455, 0.4513768600086825, 0.42584956107624206, 0.3064709635649423
0.7116767168876061, 0.28434232857276553, 0.5466455765164264, 0.6350235199269123, 0.17779413636284175, 0.28983454826846133, 0.2725981715181598, 0.4138550890821079, 0.49917923137621517, 0.2497697861728505, 0.6785915552648922, 0.6760324991616027
0.2129213608434115, 0.629923771666588, 0.38754050442117227, 0.12484570245891258, 0.6594380034266613, 0.659044258241893, 0.5378308773597994, 0.9296384440025819, 0.6388448079363038, 0.6681050230151051, 0.30966436913229733, 0.592016259105457
0.09962051518796589, 0.30631629316899966, 0.16909538022566634, 0.6390263658781483, 0.43359808858240534, 0.30270820320933634, 0.45894212083240093, 0.36455570537350446, 0.4878116457472097, 0.5380442964474872, 0.5503006707816969, 0.543503248999288
0.43817785536428305, 0.5779604440645182, 0.7252755730014452, 0.5196465493445243, 0.7156536491090151, 0.2470438154114742, 0.4180995880565099, 0.6659372040867411, 0.40662992983450197, 0.7122220484981622, 0.37156211201616435, 0.45021802181066095
0.6789420516556466, 0.6937158674186575, 0.22050804230242693, 0.4387198857044396, 0.604607417727794, 0.34361780941588704, 0.6778663610462957, 0.4687884588268062, 0.5814077145335144, 0.8143558889563587, 0.5306643851202174, 0.2730731465367984
0.48591090106218493, 0.5990325852525634, 0.3449726418560321, 0.2970919038614479, 0.287943890033327, 0.3596639723152498, 0.39031124954398067, 0.3514427795738845, 0.4444881742814438, 0.6981761408010405, 0.8350310506620346, 0.7030201437703186
0.5528003065677256, 0.5143583858364554, 0.4263220053745165, 0.4442976078028877, 0.6014145816984087, 0.503113609614145, 0.515848691295202, 0.39670745766381144, 0.569749001279586, 0.43797414925818967, 0.468370930143007, 0.23901529997969162
0.6184072970114922, 0.10448935758810135, 0.5907154240308152, 0.44933772090829893, 0.4441902416847645, 0.5224664525508477, 0.45948334388615625, 0.6363362051981185, 0.43480517084230697, 0.5308316228039895, 0.34434379810261007, 0.5194872628943891
0.18597587984853292, 0.577224219549873, 0.5370915510831724, 0.5008939723543148, 0.5903609461552735, 0.5514066509458677, 0.2933413022084044, 0.4438831060907507, 0.4776944940115557, 0.2794009344234786, 0.12356876634804043, 0.5653597055834279
0.4183653756162767, 0.25763377730494363, 0.6949371840992399, 0.38204004691346927, 0.3341497158899874, 0.3853140407414042, 0.4078595439251318, 0.7900116395551552, 0.4558578174870291, 0.41788939654069246, 0.38095324500831595, 0.7184744535936048
0.20422543098059331, 0.5993231410887251, 0.3818703795835128, 0.683456511652794, 0.8246045553226974, 0.48600120533649205, 0.44550075818193324, 0.6231289261532065, 0.8040242768047312, 0.7724250576714505, 0.4824736962752572, 0.47142930675673267
0.25345564383819014, 0.17571999441403996, 0.42108841663472, 0.5541879101128879, 0.5885179554753536, 0.5605088241189032, 0.4370462825267578, 0.0919081017248119, 0.5701093446364103, 0.3712351304472572, 0.35887440522908454, 0.7184998488987202
0.23635170234098524, 0.5606151007897913, 0.5859636806111592, 0.4446781658191882, 0.6706812814003777, 0.5589800759537126, 0.5505188042674213, 0.4969404411311764, 0.4338660911128186, 0.7444967034847182, 0.8554666145742373, 0.5451687996371846
0.6285089308973255, 0.8345493561332518, 0.5092035851155767, 0.3684994226332101, 0.42658292862428443, 0.6942767380269208, 0.4732887086558446, 0.7140459196554793, 0.5656591914078865, 0.40534671123274224, 0.4188775746570801, 0.6641289197901978
0.5358611035179581, 0.5517440654067232, 0.5548879941764766, 0.2528082997391615, 0.5222974543130074, 0.5404511311939812, 0.6460892069693959, 0.7709323733911959, 0.6790922881000214, 0.4265868810633539, 0.485283286689799, 0.4187807248897677
0.4573588731447927, 0.47217397073689127, 0.5570032933565201, 0.573753412677662, 0.37613592255255635, 0.7796279316359226, 0.5362534680214305, 0.45299029547161357, 0.5516897187958992, 0.5494779949388597, 0.4864000341418581, 0.46492547705466986
0.542790685110066, 0.6190644064268801, 0.6414178246297366, 0.14398557068113893, 0.4364651202132272, 0.5523441994162673, 0.532492300237682, 0.7274851081895131, 0.481914788503365, 0.7963564967098758, 0.33958250806544005, 0.661919895669141
0.41601075382479347, 0.3414319324537208, 0.28936501811743304, 0.3759002151753454, 0.18279262413832265, 0.38789411764930265, 0.35842706687011805, 0.40390829156372066, 0.6817777632163653, 0.5898852324872464, 0.6024134064233364, 0.6895639705936332
0.4462508018778059, 0.6681438808593833, 0.3088527217167574, 0.4180014000868199, 0.43690095266834345, 0.3809304905329445, 0.5142455346616184, 0.5598132132559783, 0.567588869925489, 0.3492097086425244, 0.41805366618438955, 0.4255596992856191
0.5283084028227628, 0.23000189880774258, 0.4949227491918035, 0.6165389897126634, 0.46229208227427143, 0.5320245474823514, 0.3419310387985707, 0.3557475436423326, 0.7490761224903024, 0.45712048604551125, 0.5646324189683699, 0.37211725154798375
0.30066351820141896, 0.6955609456573906, 0.8096319898571038, 0.7141824291639626, 0.5247157648649159, 0.5479827900933071, 0.46399677543566603, 0.8509825130335703, 0.3149814121866571, 0.5124334854390009, 0.4418187310333498, 0.44334317975135845
0.4501529599379901, 0.4339477165698557, 0.582205240139311, 0.6366721438643501, 0.5658597997729253, 0.27684265153079063, 0.4687789954157722, 0.3476395358225336, 0.291298443059778, 0.5233946722039113, 0.4175177334052127, 0.3750561903499915
0.7482364108673267, 0.49766443259578197, 0.32892716757383317, 0.3114320868219576, 0.6487989840922175, 0.3790935313232453, 0.28259227169067536, 0.5208144014937953, 0.48146224681661337, 0.4507972459259062, 0.7310736833976563, 0.8529475808505128
0.7358956897380313, 0.4454003996206261, 0.6562685952058507, 0.2702234528663241, 0.5214998628512328, 0.5715265970328407, 0.4103786120696098, 0.24563600699424415, 0.36642970420667026, 0.2642282342475757, 0.47787908058439404, 0.22195990771938495
0.40545833305252127, 0.35505202087061893, 0.5960968320478762, 0.34893970355682846, 0.24511821146763957, 0.47834650617945473, 0.48800859130152674, 0.6041441764154797, 0.6464078974927303, 0.41603168116832234, 0.5132938807211709, 0.11508943711405556
0.5883179106169778, 0.7042270188855808, 0.48617985690198695, 0.5350909309814917, 0.3957092225032961, 0.31589232858752536, 0.25966812178035775, 0.1951715246193919, 0.3933946155862476, 0.3888645253116192, 0.3984615212590039, 0.48131225549261886
0.7017261243579673, 0.5342267594916645, 0.39177370242608067, 0.28421443453209483, 0.4954411497675504, 0.7468850073077835, 0.41683849071444246, 0.14101746588222286, 0.6398782387825093, 0.29481328071544555, 0.5801322937102189, 0.2930655679644508
0.572554202130456, 0.4358276704853736, 0.6455103806925993, 0.3254640468509377, 0.37472412132283783, 0.39738772200240713, 0.5520427043961594, 0.23461949398847592, 0.4231279219608932, 0.8528550698969772, 0.3713076502855147, 0.30916209658670457
0.47420638963030276, 0.6882849217683663, 0.5533796037829715, 0.41140301001708945, 0.4331014316018348, 0.4518296379640736, 0.5332897931438658, 0.48724994930811594, 0.37365124766397917, 0.6721299244647613, 0.39683712453861114, 0.6585238605217163
0.35542957715686607, 0.4398530744011074, 0.5121109173403102, 0.4757361458029493, 0.28416469617440027, 0.823556279089833, 0.1580990436254155, 0.1776620364564152, 0.2983556816237216, 0.4784091131550955, 0.5040777967241937, 0.691831722707926
0.4248217763710381, 0.6404110635579815, 0.0776647207162881, 0.49036399790588936, 0.7055836645013531, 0.35577179203794596, 0.5101122701550201, 0.6000314037390952, 0.6600670042939711, 0.5733419378476614, 0.6445721971538488, 0.47836393223425544
0.7616327543077569, 0.7103141849911472, 0.08231948247355891, 0.7386711640174817, 0.36962279874235415, 0.46372317972498106, 0.39087330748715554, 0.5091861636760194, 0.41935199723232697, 0.23353497539775664, 0.30294427457320405, 0.5420236575245311
0.703743082919659, 0.21703851756784454, 0.38384768329320335, 0.5720931503543122, 0.33299818772088086, 0.5618129156547684, 0.36360642342093613, 0.7352823452011013, 0.5468127358094186, 0.3971979619589008, 0.41456954106076355, 0.6368820165484415
0.4885035865319226, 0.45799452655495243, 0.09406222351660531, 0.6016279290254097, 0.6858612113429893, 0.7511253102136852, 0.6963598047608461, 0.23984419049054323, 0.28336476198482186, 0.4573929220293823, 0.29605209599629534, 0.5073984469983749
0.6134636931752548, 0.6986085611465653, 0.4072229791386752, 0.6315623524751858, 0.5154356509670976, 0.5803737103076139, 0.6803439866694331, 0.2403509011442106, 0.2582642529769502, 0.5469391710166875, 0.3614199984077035, 0.5435233042303127
0.09597918558925089, 0.756326206397927, 0.6451975498750154, 0.8681750663285905, 0.5617738507849371, 0.5524275675604539, 0.18407725136711067, 0.4077005377728196, 0.5257253526100303, 0.4899514838224158, 0.5129594445550971, 0.3661434300100128
0.6488084987551288, 0.7863213894496224, 0.6531661154881077, 0.1424523205982937, 0.5203087142686871, 0.5438804852631712, 0.6825739423200091, 0.4305125232250281, 0.8131249465897611, 0.2513680618805507, 0.3110540620246943, 0.4727898792041794
0.8064078205876669, 0.6121684372738058, 0.34324121061343754, 0.40777316601531133, 0.5360254601786184, 0.5223805877023603, 0.4421210384423493, 0.8328388927518092, 0.6945292156749836, 0.4081279783798666, 0.2684279442722964, 0.5470279781987178
0.0424845944708,0.586259547711,1.36498818581
0.0400080134819,0.59350332211,1.39418442195
1.05124354749,1.25377926828,1.68278898777
