$x1,$x2,$x3,$x4,$x5,$x6,$x7,$x8,$x9,$x10,$x11,$x12,$x13,$x14,>>f1,>>f2,>>f3,>>f4,>>f5
0.46944688496097275, 0.3819380926443568, 0.36788262003482103, 0.5138855151667463, 0.6217219581191556, 0.44532052918114445, 0.6283817794380009, 0.4336730774691204, 0.6368369109545655, 0.5305990897273637, 0.41562232115536285, 0.7487076483354436, 0.4080403601340687, 0.4034294826853406
0.464754364446341, 0.6619769780619096, 0.3478852136575745, 0.4483153723984245, 0.439598558749712, 0.44239099120462405, 0.43237919355533194, 0.5083017003992834, 0.5615509252041638, 0.3226152683149136, 0.4915934073086793, 0.7319207746540961, 0.7482040501213826, 0.33808655987941394
0.5217703294824921, 0.36825799657449465, 0.42948824143200387, 0.5119495578749231, 0.5449141511933286, 0.369776757101285, 0.6198040091068793, 0.36780869313159986, 0.5622453717062168, 0.5304214787247996, 0.15028285680620002, 0.21513339824610878, 0.2798795482891907, 0.7932690054712543
0.5229359593028944, 0.436739533830765, 0.4315531231273635, 0.9240855805623011, 0.42497212783711913, 0.21937144668106712, 0.45759311534139546, 0.4351883901691984, 0.45516298027801655, 0.5921974153304648, 0.8201670135282606, 0.4706191259208772, 0.5844902094335961, 0.8042443040043334
0.4865637276977308, 0.3831533540064645, 0.2755584824978671, 0.6372576417594416, 0.5402792599487644, 0.611016644639598, 0.33783513741610893, 0.4357717628797151, 0.31596040906222067, 0.6330279030242161, 0.7134970371452121, 0.5029078554937014, 0.45585303622162565, 0.5049856003840412
0.4489570246062646, 0.4203518616066242, 0.5102817933034922, 0.2959651440978807, 0.28363211214603135, 0.6791264426066097, 0.636913725300181, 0.4388969829642383, 0.4148069138869075, 0.4163452300088432, 0.4029333970110008, 0.4383007132170246, 0.5968891874298808, 0.2572773114530551
0.3794037110595109, 0.660368631960503, 0.4149691102298213, 0.7629901441122853, 0.48083389280512173, 0.2890593685901196, 0.44493026545592834, 0.27811008305549534, 0.640384164647966, 0.8289274866223411, 0.23659571594680062, 0.47518203865568753, 0.5986864711103782, 0.5874985109080986
0.4020226401767694, 0.22243429896213862, 0.572824547045222, 0.541212825942756, 0.5793022817261284, 0.2620472835534392, 0.27442241148792124, 0.6134598909132383, 0.6960091612295803, 0.3155637432824696, 0.5535219727395922, 0.6199904244454177, 0.469927477803739, 0.7129788758502071
0.5427300063513179, 0.8083242634290326, 0.29389432184487363, 0.6484094853463981, 0.3977681930744099, 0.6502770704205741, 0.585223505317146, 0.46648615356541184, 0.6187756922559877, 0.6478700204699493, 0.3164523639444722, 0.4767337514193073, 0.63349863822868, 0.7542711772981314
0.5357689374381088, 0.6180116427782063, 0.662121846761681, 0.3329345163340078, 0.5633528080519892, 0.3595798957565597, 0.43321170157932576, 0.5927030871692358, 0.4173927430037472, 0.37191528810908264, 0.7324327229184626, 0.2115207975374349, 0.6089790228074243, 0.2944837113230428
0.7132810878658516, 0.3621866207598194, 0.4348722692039627, 0.8931826638445935, 0.5599546004466731, 0.538235741619469, 0.36893477266496083, 0.38697458120181827, 0.31412988605164727, 0.1804404319874363, 0.6070995300494137, 0.46964258896276123, 0.535883852554531, 0.7823336813185653
0.6466962194499558, 0.3322534193590125, 0.5573200458455309, 0.437429707635305, 0.34005040994911573, 0.45809389328814754, 0.5548847765390812, 0.7192110279094637, 0.6710705023914472, 0.575321463967778, 0.14728952402757284, 0.5218502520550095, 0.36786078376275266, 0.8791700448279673
0.4954929064402199, 0.48566098264389407, 0.4929428032336339, 0.11166312684904084, 0.8253775495950084, 0.5495903986610745, 0.5470664746949073, 0.5147828621814006, 0.6865590888284322, 0.4074016282054982, 0.42638154816395946, 0.5369742277971368, 0.29637732009458656, 0.2781989600641085
0.29982277687614, 0.45197155147783574, 0.5732729359190889, 0.5414545042074256, 0.4109822917138321, 0.43404558987316316, 0.6811399127783311, 0.6576127152055002, 0.39491128914791085, 0.5849376354507263, 0.3682432337304713, 0.2481021751644648, 0.5006454961869373, 0.7667090656317954
0.5656084600207141, 0.49514652766667805, 0.3882818030805138, 0.6473721025461832, 0.5101245186030653, 0.34971638058414317, 0.7516632271523498, 0.9846989203151728, 0.5399125512898395, 0.688351080789575, 0.4801850349881915, 0.7576013053921157, 0.6995681371327824, 0.5368874385891871
0.154580906867058, 0.21102736749675421, 0.6320308240216108, 0.7007005151490118, 0.30561553412679476, 0.4853464992660002, 0.40097009259325894, 0.5186094429613513, 0.3193979856866553, 0.5282249725126716, 0.4033603978329737, 0.3969701138341257, 0.644660682826864, 0.6975541963476353
0.5318477319397592, 0.5561452843964957, 0.2048921820238575, 0.5078146865362896, 0.7120129936837725, 0.4474998230645853, 0.8399791405797931, 0.520281834213513, 0.21433991275870962, 0.6633478088866885, 0.30600574842435735, 0.31251322114298674, 0.9362967174136914, 0.5316295375841821
0.4415365593242867, 0.2421856496421042, 0.35823060072358504, 0.6574380152675507, 0.2504183946185534, 0.4127984630086582, 0.7747636448001265, 0.5718042637609224, 0.5694172445382841, 0.6933360020567749, 0.5821970111820249, 0.345765781305152, 0.5579732973102491, 0.5384822413423211
0.43851931378725184, 0.35856321976705213, 0.7161124528200397, 0.5483847998421516, 0.48569205535379967, 0.47039571328880997, 0.5869587148903863, 0.029531336135761865, 0.5217299454977294, 0.2236510778774473, 0.3823272376960183, 0.5338585184131941, 0.43639276476037603, 0.4922186238420062
0.7831000115417928, 0.47683679716835314, 0.3276054182717127, 0.6936353975009701, 0.3545728141160323, 0.4238786280950878, 0.2932962342869294, 0.7048350466496678, 0.45067518637055665, 0.5289889012468639, 0.39368168299971995, 0.5462284026449875, 0.9783854137237541, 0.3189527426535534
0.7186992273370221, 0.6748652145153557, 0.5261909026557003, 0.7545085248638629, 0.6717512369702862, 0.39082808549032333, 0.26337634367361196, 0.5996222174644611, 0.6390078591358069, 0.5984003988406964, 0.5989027816439397, 0.647098906474902, 0.7098189963155608, 0.3734857268669732
0.5361738706278734, 0.49692500764769126, 0.28164429114648715, 0.3325740561018793, 0.3243010691567338, 0.6237480098074017, 0.42488879065349416, 0.5672337708630277, 0.4231044311210135, 0.3178314028922272, 0.5180214190964759, 0.6668871176128303, 0.5986609025361963, 0.3543657942450136
0.366609611145133, 0.753483754445091, 0.5270767073420848, 0.6777335056519809, 0.5989672386849055, 0.1459431562315236, 0.4393855648074571, 0.4002413821253783, 0.3105519999859089, 0.6914062165575777, 0.4099270523280973, 0.7100748019235628, 0.5443839955918126, 0.7307260232387541
0.4580883445890389, 0.39512241063102144, 0.5387022397347621, 0.30301472209766844, 0.32105791235061437, 0.5553383416556064, 0.5940615721198556, 0.4627453883575747, 0.5304907639857637, 0.7938614577581289, 0.5306531449907961, 0.5587083792817378, 0.6435069459559781, 0.6938863446808814
0.5457656134785005, 0.5989506702366619, 0.7539614777196169, 0.38687556751107255, 0.3957895579706322, 0.26188515001291246, 0.377683635495797, 0.5685267613011953, 0.4235321547685517, 0.5103698802577781, 0.686684741251487, 0.5082727196221442, 0.5756840954683309, 0.5270123240301127
0.5728440653282773, 0.6638758727533078, 0.4133141756340189, 0.3544869223981768, 0.8201158249806174, 0.34689643244320945, 0.6843762464819962, 0.7560982653038806, 0.5785214294434091, 0.4118945659434743, 0.4845646690410014, 0.5033149305470933, 0.6191072640093785, 0.4428241177254798
0.7861135585699593, 0.5311532135994033, 0.5481211039883431, 0.8576938021477808, 0.820697366671392, 0.21690876942919285, 0.4004554650774404, 0.686237814163259, 0.26503966921512845, 0.2027545232008885, 0.29098457985923415, 0.08256635519051003, 0.6005112117086326, 0.5053985742121776
0.43983268941720777, 0.46076800690490355, 0.5768622539301966, 0.6442055658777284, 0.15601443589591701, 0.31754238298173854, 0.6636863424134721, 0.8286530483188048, 0.4051892782610867, 0.3631658155475106, 0.7574290850251726, 0.8300983970618688, 0.5803869089843008, 0.5619550586785097
0.40337011063611206, 0.4731722069018948, 0.48942857800665696, 0.47121259630833057, 0.38693754885756604, 0.4984521019371822, 0.2603970727651782, 0.45412525156997086, 0.5638329046611413, 0.5471529274754423, 0.7054194541002791, 0.31610327852853004, 0.40071183374951513, 0.6427349928578312
0.3850268983253603, 0.5014214389607901, 0.40354228969353484, 0.29067410846998515, 0.5766912136563875, 0.5667436177278236, 0.45345427944770245, 0.36343504455559555, 0.6982436025939939, 0.2994869067910479, 0.46576169839024706, 0.1735111795849767, 0.5579617144154467, 0.3710595126804213
0.6684697288973104, 0.5264969094550699, 0.7513841633550056, 0.5421141264268164, 0.37468769321561524, 0.6617300857452801, 0.570709318427393, 0.21494789378864954, 0.6955177078224337, 0.3320806860696969, 0.48411411075803373, 0.27880115680793255, 0.5579141201027938, 0.5628555233181143
0.7054768889744933, 0.48795318073725574, 0.5581142067939754, 0.7360831804318564, 0.08333705488082604, 0.9492676081012521, 0.4246564260540178, 0.7041323401170558, 0.5172665432193617, 0.2849654411809458, 0.6370546832895276, 0.36347173905292623, 0.41354148610720837, 0.18899919408433458
0.4797599561245052, 0.5987339057139583, 0.6096817069184425, 0.5674959453103444, 0.6207619437154693, 0.6110513308421364, 0.3212993053326788, 0.4399888285294644, 0.2474433724665212, 0.3989507309360768, 0.4587243574304329, 0.1907437491143198, 0.6523019631587513, 0.29101226299542204
0.7920548840521107, 0.5466910200778539, 0.6547894544555981, 0.8686460947331, 0.6541262091057171, 0.6467463775092765, 0.28079386543423424, 0.17167986518051137, 0.17439761651027458, 0.5064754411420337, 0.5018016132434611, 0.35355667218190096, 0.42830586649248203, 0.20750184262304894
0.5762623879973068, 0.5873759558217923, 0.3781960559687618, 0.6286487050018349, 0.44895821557860427, 0.5641511758889138, 0.26842248443541916, 0.554932559754477, 0.5513195459902134, 0.36314389311962714, 0.5584163905036001, 0.32193460753893555, 0.4672688548925908, 0.6521482336766009
0.19730539891751742, 0.35654238287311224, 0.6325629069146771, 0.8922061502783781, 0.5852492939356124, 0.4201008953918345, 0.16713264775340092, 0.9188898348709519, 0.5146887165761692, 0.5520614222320667, 0.4853899916101222, 0.7163027520969502, 0.26907701192786715, 0.32153662568371255
0.33339522444615705, 0.4473456963906287, 0.21404436199318888, 0.3478740021943468, 0.5655869586273261, 0.6507912113946406, 0.3577561405493417, 0.3464126525644882, 0.341318223366215, 0.407518943283319, 0.5518917694025258, 0.5490762238303175, 0.49898354180210763, 0.5879228069367752
0.5197095045408034, 0.1854506861229735, 0.5241667210957804, 0.3653903041343728, 0.4358182939582865, 0.3727096250060503, 0.5736251903046876, 0.7691463049763505, 0.4383955219163039, 0.4463918992302219, 0.5286822740141632, 0.4843285960774381, 0.11782735678074435, 0.623671520440565
0.3492013457558642, 0.39309075601381394, 0.7590234668179786, 0.23292161513695814, 0.3264075714901058, 0.24834106585845894, 0.2801563088408165, 0.6574826888392549, 0.49398615303056964, 0.5321734594003036, 0.5606398614288535, 0.5667910783355694, 0.737871245868627, 0.3961663391524467
0.642570501495269, 0.4857201905345147, 0.28783574194622996, 0.5086153730301103, 0.5960139539437124, 0.7346401023475684, 0.439701507726088, 0.6449795680577808, 0.5828870343786169, 0.6069009967011894, 0.3156876159152938, 0.37630647037773, 0.4686221115246647, 0.5444315987383671
0.2979260365725122, 0.6583052141853799, 0.5357443889902138, 0.6313729017563627, 0.3805783947265063, 0.36071009938703497, 0.21862815856002876, 0.776362165254227, 0.6399406190105911, 0.5671142700085362, 0.47822236884101343, 0.6300176785662137, 0.5160933693626433, 0.2973908508657204
0.7041068545735147, 0.34604811422115545, 0.35854920885691843, 0.17422728949317423, 0.3689188115445377, 0.37750659604297576, 0.2153529072429773, 0.5718041982704107, 0.27847925467042234, 0.3699426591148619, 0.2995987214852458, 0.4067194844861296, 0.2844048326039894, 0.48058664546445645
0.3217769567342348, 0.5833951566064257, 0.3385176296150555, 0.9574117099385056, 0.6843885056396, 0.31841051235375994, 0.7207521784115974, 0.6181449906936511, 0.809789324447436, 0.2592275772514029, 0.7193273807835002, 0.3771762293840133, 0.49996667130246214, 0.9642771258194813
0.4441640613366176, 0.47288519230810233, 0.4151439649840453, 0.26154716954411517, 0.7641835292810981, 0.19807607432565244, 0.6742165270066267, 0.7285579448827619, 0.45005648527410663, 0.5524041426720838, 0.7176533802769245, 0.5888144563825104, 0.4332876493440974, 0.6205550192107416
0.5654436179093121, 0.5174089137787993, 0.5426364482338806, 0.6064900102850999, 0.3504517064864062, 0.6074022489836469, 0.18761797084321685, 0.5815024926556401, 0.5803896451764423, 0.5926082256465989, 0.43483083128629274, 0.4942876110782039, 0.3874440791542536, 0.2597622037974603
0.4184954075870634, 0.36876747016827827, 0.6773450628159459, 0.5835041527455903, 0.2166108182753489, 0.42717692734375634, 0.2019563115009625, 0.42792345312362334, 0.7076368398377941, 0.40719362604007636, 0.7065606798128268, 0.326690132180239, 0.6887989496083318, 0.7238077230574581
0.19425529756565307, 0.2073997914129147, 0.6187785979004918, 0.49431055671869983, 0.7795759058350064, 0.34932528946612873, 0.224687867084999, 0.41723066261509645, 0.6853580768053968, 0.42189347729163296, 0.4624939240123396, 0.3726332469283002, 0.5958869757309342, 0.5505018707443781
0.6122382141112575, 0.6249544492684637, 0.20679943018942526, 0.36601256648038405, 0.2598846136606962, 0.33488169923117594, 0.17459851857251868, 0.6448932788024091, 0.48216283876660854, 0.25094073457351956, 0.5977157344197596, 0.5385991069198118, 0.2880876963638978, 0.5179217489893719
0.5387327802954616, 0.5247743172754296, 0.569802419123683, 0.4923985720412976, 0.5607423786545969, 0.4410438234943521, 0.42763514192218655, 0.6666027531082142, 0.47191890865813846, 0.44046644526760076, 0.34986130413850725, 0.957653906951339, 0.39923723566846075, 0.5784611092835381
0.49694617374970684, 0.7385931326081024, 0.5381846716271944, 0.7107327567153342, 0.2927813255388304, 0.45098501605865454, 0.5667189598984548, 0.5843903310095243, 0.3857403383105902, 0.4291910676165278, 0.6145026315802188, 0.4038004523265823, 0.5025701704934891, 0.1927285638442633
0.4961788179072046, 0.7089865294487474, 0.1754033152122184, 0.5530251569146567, 0.5609786007019394, 0.48890121912931067, 0.38519765135001616, 0.4507964562659703, 0.6427240690649846, 0.7575213861631982, 0.3904196636258233, 0.90555861611665, 0.5681584210520274, 0.5986043296882665
0.47079072945185085, 0.6299955114078726, 0.43798823860485453, 0.6605736876605519, 0.37873073784382366, 0.47255638473971706, 0.4022055585807607, 0.3467922633900833, 0.13644808394638452, 0.6325785772058204, 0.5917015584254688, 0.2710300988738582, 0.3827171277509359, 0.5190357772946566
0.2693356157626104, 0.4739302311663315, 0.36773829932789387, 0.6363547924879778, 0.938735010224211, 0.6197301139413416, 0.46852891926261464, 0.6035561358790699, 0.4109209753665485, 0.8305348150631551, 0.7166152687953785, 0.8017551788584659, 0.40250980253159574, 0.6036205483034298
0.3844983663516816, 0.4171160599288982, 0.41017111477349366, 0.6073635282851522, 0.7022542295296432, 0.6905991099768477, 0.49778383798549886, 0.4888811286266255, 0.422277251072722, 0.6504321852868493, 0.6818803825630207, 0.42695396529161667, 0.5994712944699875, 0.3779558521694755
0.6018951573801122, 0.39844636569865477, 0.612754838569777, 0.8082558856257626, 0.18351535110339612, 0.6744320305749434, 0.7541645937372908, 0.4870549958396432, 0.4525103692597384, 0.6312790142298951, 0.5251501807072068, 0.43365146239289837, 0.2539139270576935, 0.26468420807421855
0.8823250874591402, 0.6037650527281486, 0.582615780807705, 0.38493728498770563, 0.5463514269326224, 0.14858122629516263, 0.3590853713341442, 0.6289015422953718, 0.3870626239624419, 0.5202219202254836, 0.4373440378275872, 0.22632074122378548, 0.45863868693925647, 0.41990632187529553
0.34187070633678596, 0.4441127964605755, 0.47462747589908866, 0.3092978987742412, 0.5462780018938269, 0.36408391796290657, 0.50797957767219, 0.7116692934302653, 0.36379408376665673, 0.5346179503013008, 0.5517569028321929, 0.48617892563652776, 0.4071953655700515, 0.7196845628012292
0.5909392579029993, 0.30338263936600307, 0.5970429537686286, 0.6270812681300089, 0.4515709664397917, 0.7293740594657065, 0.622438180493029, 0.17792449331538612, 0.6020679674985792, 0.5565356687000793, 0.5273530391874655, 0.5404199293306846, 0.354553224676491, 0.620052379258411
0.5988393795274447, 0.3362303174605994, 0.6170439827822427, 0.43054172295295423, 0.3830424441692255, 0.275619904237831, 0.1634550409557235, 0.6989609821602614, 0.6734960225013467, 0.3917799897928818, 0.4535727130888979, 0.7611629955871351, 0.5314850675693548, 0.5325098227754851
0.4861027780254121, 0.39364879505473793, 0.4624949070068132, 0.5354898624803083, 0.3863265765447332, 0.8301426953928702, 0.5336114718095257, 0.28737823446212357, 0.20705599701493993, 0.2361677684337502, 0.29494114383496994, 0.5183356231202029, 0.4035330405401176, 0.3492928570997166
0.609746669188003, 0.6865073005653816, 0.7689149915526508, 0.5336863053716672, 0.34524328663865533, 0.47047487968862634, 0.9076253222058263, 0.554117373203652, 0.40156034942205776, 0.2940180452843685, 0.5682830380638635, 0.6051869733762498, 0.5247785704108326, 0.27300529243283356
0.562557481132309, 0.4404607263702343, 0.4969510644429358, 0.8066448095909626, 0.5687827001316239, 0.5122095337530523, 0.4850883677622003, 0.33362805996190226, 0.7519855576052586, 0.5265520925224388, 0.9449678921081412, 0.7788187018434285, 0.8887183020572191, 0.7297373251034497
0.5653904570173021, 0.44574573127930706, 0.5647048493388579, 0.5327795703448037, 0.34171131862788834, 0.4011242685676379, 0.806200238360718, 0.39446364561742364, 0.7134958880734547, 0.5128778360562296, 0.12149373276355141, 0.8881011465226842, 0.5305962143958913, 0.3550095504144106
0.5288833456579178, 0.4103815205861484, 0.3150165933167817, 0.47453623370090464, 0.4588405843697958, 0.6684962856792722, 0.6747338020964178, 0.8174092372757147, 0.6541403773837662, 0.30717148204814804, 0.7697584902567746, 0.4567903008546775, 0.16330992828065594, 0.1854640771817136
0.6265233454544883, 0.3349819452671379, 0.42834570973911856, 0.22661508361895116, 0.6361791127469688, 0.7233657161371367, 0.39496568777305535, 0.5705924999949252, 0.4709352236314054, 0.7129218558742145, 0.6671859937061975, 0.5039283236713991, 0.36310939709461554, 0.13623127592442302
0.3568011577912536, 0.4015833846048833, 0.5879624236948366, 0.16277051356940014, 0.3650579595511422, 0.8762703826731079, 0.165296508678568, 0.6634943887413107, 0.40221981302557125, 0.2759729299566254, 0.6556824530362112, 0.17588905523164777, 0.4092928964247088, 0.39580031266719384
0.3939153362835389, 0.4477384463265228, 0.6419475093973491, 0.297468266465812, 0.46384535733563587, 0.6326071520208402, 0.3265122330775458, 0.4335234845106132, 0.549667070296802, 0.587053190949028, 0.6223570786789816, 0.18781154168145153, 0.6348521687918217, 0.475339247819195
0.5024321837703501, 0.5066948432134869, 0.5541898734814512, 0.42325989807780906, 0.2414278290620545, 0.27343276692021623, 0.777113455170464, 0.374391858625564, 0.7278225220092289, 0.4414719703552067, 0.8774041958453113, 0.4952437813983014, 0.3198878321459949, 0.5244525793003167
0.2767598370970821, 0.4669341327619324, 0.28026244995018157, 0.5300138390686443, 0.6132535901711663, 0.5675553061745393, 0.6987425250429968, 0.5559883908247325, 0.7185512864981811, 0.2918396286772631, 0.7932596248729316, 0.6824972379326084, 0.5228304759540107, 0.3920657186903013
0.6017732339377209, 0.4395553355258235, 0.4797765514943774, 0.32713027656539206, 0.3718239749694322, 0.6561439269809883, 0.6042929042737629, 0.4521068710685126, 0.48070729413769714, 0.4962473319664018, 0.3120991449719993, 0.47494948013916866, 0.4256491363272522, 0.3206688708604308
0.3603228288825668, 0.5934689458510491, 0.4114534726123235, 0.699021493416791, 0.21048223076297945, 0.45695161118108346, 0.5425192195936483, 0.16324440366275916, 0.5971003276509724, 0.5748798762175935, 0.36815843088216216, 0.5245637867853847, 0.48239117740378396, 0.22401134347652463
0.6093185935971172, 0.6608412862129251, 0.4189709140623999, 0.6359879569927569, 0.6833343565151515, 0.27322737504997896, 0.3888673448828201, 0.2077470538107764, 0.46649421645727046, 0.6220673433409794, 0.4051506781457462, 0.5898077193718826, 0.5225289020742874, 0.5722804428384821
0.5790519904181168, 0.4033504353969576, 0.7735489985157108, 0.4677151384328405, 0.49009929017959464, 0.40890748352973416, 0.37374170803949297, 0.5412008316126692, 0.6440894011317047, 0.8932467107124975, 0.7170758139769231, 0.6329157764886383, 0.5611159838680816, 0.635774947193587
0.7140966040541853, 0.47557417905306304, 0.5462667325921086, 0.592407618679357, 0.3594420478000856, 0.7739299567811533, 0.4664160539714345, 0.5677387696636421, 0.5013987782221695, 0.5803280129050304, 0.44433487589362863, 0.5419044745402812, 0.6333348282034428, 0.5842686255394273
0.6508857676510079, 0.5615723286174222, 0.47528332017140856, 0.6208875135037754, 0.4363392697581142, 0.38589520594091575, 0.4825423399692158, 0.4252533989755898, 0.3711588627338959, 0.6267160063221648, 0.4534623110468239, 0.5646223029198854, 0.2573509552606407, 0.44622957026692645
0.589792889450448, 0.40481476618210843, 0.6373296311726998, 0.20913302803133083, 0.5582539491905688, 0.48848732710864196, 0.7608058925040151, 0.8492853139261958, 0.6920193218104387, 0.31070120173020754, 0.5177610774448475, 0.3854024224093504, 0.534031730558547, 0.5464657065450141
0.5850943672867417, 0.6194369361627793, 0.08751135179779634, 0.5521460066302475, 0.6529901981776234, 0.505740795495141, 0.637385760910933, 0.4107423240331457, 0.5868262343960935, 0.4143884607504853, 0.24488889236244227, 0.3601208812301913, 0.5429133105802384, 0.5752856345467184
0.35256865503986007, 0.6316039512967917, 0.571367205955723, 0.6954113988253221, 0.5598994329681668, 0.49197686759934667, 0.5704665264766289, 0.4621846819031093, 0.24724635428812686, 0.1224993706371752, 0.4788245702450675, 0.3308781909643211, 0.3054377505367172, 0.5852640097869568
0.3714388235220919, 0.4261797420648567, 0.31533534665541507, 0.3066393079266302, 0.4290527529769393, 0.23668137696909736, 0.3649853749420052, 0.4852430209762899, 0.4439016637074597, 0.6777178979916514, 0.5373485408644935, 0.44727457673879967, 0.478342112036146, 0.7024561755579604
0.3302451292782569, 0.6294169556265532, 0.33632807351868144, 0.2877562931710726, 0.3791623718156134, 0.37821164861840784, 0.5842335027675378, 0.7870695774916948, 0.4118378721037127, 0.3641534514148781, 0.4887526794726007, 0.7918439951334323, 0.46014477091112727, 0.3055572776430158
0.27054973828857304, 0.7573706439490586, 0.5173592624212792, 0.5334994324669333, 0.578506419966232, 0.45464022653518044, 0.5121311068303759, 0.35793178525950725, 0.6777626264410241, 0.6864897011349902, 0.22465861662937925, 0.7615340044633623, 0.8162405351502346, 0.5246799645308311
0.5028958944128397, 0.30237293703057266, 0.4498258847449975, 0.516324819382454, 0.8271220457604799, 0.38233028152136284, 0.3270394612373522, 0.5588395395623511, 0.22630731194063358, 0.3656226599667992, 0.6454365687159389, 0.6978011449066837, 0.49220830074712324, 0.40259796784227825
0.46215057541302396, 0.6497142274267576, 0.5465228438603805, 0.2636063682674929, 0.614860052502151, 0.0518488099709013, 0.5270897574244975, 0.5810361229692352, 0.6001019689675988, 0.5600026040092309, 0.8260584085108447, 0.16298168768530286, 0.32620740697051304, 0.6697820470549396
0.06257210902499033, 0.3508716563715094, 0.553336497837841, 0.6383304280930927, 0.6829944987801101, 0.27122102060676256, 0.5905696339200792, 0.2482738391147601, 0.2820772045501888, 0.43070198855537, 0.9328127475707703, 0.6704549023972526, 0.7048627229226541, 0.2695449121837781
0.6553977172937958, 0.5293779066668461, 0.5152473382631261, 0.5406849268628313, 0.2648911990001126, 0.560914018951376, 0.672467864500045, 0.5539431638410176, 0.8065093348779065, 0.27073110760853836, 0.5168864313492969, 0.2738940886191519, 0.5020644432285651, 0.5140617221509807
0.46941274937037714, 0.6015770580334276, 0.46737734230912426, 0.6907826704062937, 0.4856391617253394, 0.733177144683538, 0.601202084891127, 0.5097452397814279, 0.6427482348657986, 0.33630661992338773, 0.49099688478099723, 0.3244606344533754, 0.6100458056563066, 0.2804755142465396
0.4355189759382308, 0.8752765398917806, 0.25454675074434446, 0.04827460968223568, 0.6955675188485074, 0.3141344638967323, 0.38538086893049295, 0.4279293713816592, 0.5837246116297954, 0.7669343641532643, 0.37111041656333804, 0.5426249134462886, 0.448175588722212, 0.3602155190886694
0.37712491098688267, 0.4924432446071751, 0.6837679791476863, 0.6077119183829011, 0.47805589348313304, 0.4540155771942226, 0.3022163308595972, 0.6840568488212841, 0.32625187820480306, 0.5752058414243792, 0.7537543069147994, 0.3759291128947429, 0.38885152659624617, 0.31219140269722484
0.2281235968534639, 0.6989705780524551, 0.45682176848565015, 0.7151156437547199, 0.3837713854724839, 0.37862921224585, 0.46520244387435616, 0.36677276927196567, 0.4344595515474754, 0.6966405964948248, 0.5290804454655771, 0.5833248319435876, 0.6827959757527962, 0.679451576717633
0.446725394827451, 0.3123175399506047, 0.4987691086748424, 0.581447129595139, 0.30687874291457196, 0.5621078002773203, 0.7417127661550406, 0.8477795975721034, 0.2063815180625722, 0.44143607186781325, 0.48479700278838467, 0.6314774193401814, 0.4637179085782822, 0.5470462179641469
0.03173428919291793, 0.3130858268618766, 0.567849121271594, 0.5846120133230597, 0.6394478742862076, 0.37758469442097753, 0.43161952701757, 0.5919766427132311, 0.4845362926312565, 0.35746453905412245, 0.5696712417688681, 0.5180915242343896, 0.513132823424758, 0.4327070584089934
0.41495499831547533, 0.48613180178512905, 0.7747604981811308, 0.6233544058628637, 0.5625324132494384, 0.23532715134708476, 0.3378330723609491, 0.6613035590404515, 0.5388928663915019, 0.6319254578770895, 0.2520518664897259, 0.4208356718775703, 0.472380217881494, 0.38403491320847233
0.3032688668340907, 0.4882281165450216, 0.7260192798211003, 0.23045788008104084, 0.3493714466291683, 0.22520872916972257, 0.39837904441561467, 0.6175868703117295, 0.47604024152375657, 0.4344537675929282, 0.5803917696124107, 0.4836197990926351, 0.3296770973941193, 0.2624122333705632
0.5978852772897353, 0.7471317764329476, 0.45515119075377847, 0.3488162776584404, 0.49232029670518457, 0.5488709174729158, 0.34452261431874037, 0.47071341417119084, 0.24858295733724445, 0.30142797930157067, 0.3687924999968353, 0.5293176308622323, 0.3623089749340818, 0.5173309150700153
0.5068188316278194, 0.5152640025667112, 0.48767811451674237, 0.5250011255709295, 0.3173604634664445, 0.37124315816405395, 0.5761948387728815, 0.582885964012296, 0.337096511715769, 0.7128713427864762, 0.44960495794596633, 0.39859087004032595, 0.46179260317161075, 0.42594053971189816
0.3055209306671244, 0.3798336029671946, 0.5316765725952712, 0.425054782107117, 0.3307908141208177, 0.366338192598382, 0.6808799031598226, 0.5403763376619108, 0.4966908963230863, 0.433736575673508, 0.5913456169146951, 0.6004000855237319, 0.6057468360066302, 0.5036844972818197
0.5850385283522606, 0.2966177147927317, 0.11697618881893945, 0.5447258347394159, 0.490118635098997, 0.4499865672771211, 0.55424299325135, 0.6075031071210282, 0.537283105191463, 0.6329082452334698, 0.598876797344308, 0.5871366698716027, 0.5224376880911108, 0.3104890601810264
0.4370238577057062, 0.422880204972483, 0.4770980950967509, 0.6658963347194056, 0.4790012306360266, 0.4995011113403328, 0.7959192701654085, 0.3479481960347174, 0.3407535205512729, 0.5722222153333323, 0.6553263076456003, 0.5508794914039716, 0.5835232286238045, 0.7029206125998806
0.4650355522453794, 0.3736826621287371, 0.6117289539872157, 0.5249002216004142, 0.5195073268285337, 0.7597855237564901, 0.5867670468159671, 0.7423664640856888, 0.5166517425890814, 0.4940695601013597, 0.7678578031169807, 0.5209133918350005, 0.529525946802863, 0.44872986895952005
0.45312862361242606, 0.5296886518403087, 0.42251362594959585, 0.887883486934163, 0.6235344773494933, 0.6899165406579746, 0.6972283232241452, 0.391407741229266, 0.24635756667493952, 0.5651074985235995, 0.6071845496530655, 0.5434058331969194, 0.7227666159634629, 0.35961854581716174
0.25438871642712496, 0.4166311862850793, 0.5958673221954346, 0.8660412980494353, 0.5305661130398605, 0.49712610612925173, 0.5043280070234948, 0.45843312132400976, 0.6048116050532657, 0.451143710639217, 0.6149426519430304, 0.21607736390775367, 0.3872898117195165, 0.5700003181699755
0.4342117213745889, 0.5982533340289857, 0.7734103065205642, 0.3460787872320268, 0.7130757997528716, 0.3529456742998134, 0.37789332884219945, 0.6948408096364057, 0.3686513511477196, 0.4674116852780803, 0.3223756025989954, 0.6212469501552658, 0.7403179283374133, 0.5446362627101122
0.6091226532475984, 0.4753669205283344, 0.5544755539938372, 0.7674785456572586, 0.3859667419264496, 0.3494885426288187, 0.6769551519307362, 0.27985149872484394, 0.5175689392219919, 0.6235440449320266, 0.27549196850090807, 0.33880336706531944, 0.6995014937079491, 0.3578684381370416
0.640727209470267, 0.7246530893378635, 0.6785610995472848, 0.8453631454694266, 0.13109199222238388, 0.9336588523068916, 0.4577916359423044, 0.5731398378778401, 0.4978051134449789, 0.5315462178397347, 0.3651955943813634, 0.6610159215981904, 0.30165771387560375, 0.41794973289936366
0.7632827613740512, 0.36745816126111985, 0.3802767675894728, 0.6293873727469887, 0.17112268820633497, 0.7235607633929011, 0.394091500844601, 0.5640024132991659, 0.6826275560849194, 0.6869169989202225, 0.4475509998483269, 0.3011675490053619, 0.7163681281581478, 0.4611869963928164
0.6859689776067066, 0.579794825554754, 0.6987013024285256, 0.3598238992975506, 0.36475164117454306, 0.4303041662391888, 0.3807570065980405, 0.36200525106287806, 0.41056753495225284, 0.54884178484468, 0.1732403961943746, 0.3024395146843863, 0.33624321069928453, 0.7490016604379804
0.5279654758653697, 0.39575500212183645, 0.3501625028021045, 0.34072540388992584, 0.6169298416416897, 0.2548303894948027, 0.6492743598955348, 0.3469106835937033, 0.546321405152556, 0.5600002760289833, 0.6354460327332185, 0.6122634876206915, 0.7352058084959113, 0.406092232112198
0.4446404465319651, 0.6047400761362136, 0.5851980399482826, 0.5765409492337903, 0.6385959753493082, 0.5929528964565364, 0.4687740311445399, 0.28193915511402057, 0.6556978663337707, 0.6122259800198805, 0.7414169189547086, 0.5318764407604084, 0.741648463003077, 0.4528432118430333
0.5329301373764563, 0.3538045143470775, 0.17100500597290214, 0.1847349698715166, 0.7541248907874527, 0.34012291898022595, 0.5036673956512183, 0.5879615226405925, 0.7229912284546072, 0.8561956649170811, 0.2457016511904817, 0.38725245676734943, 0.5408778584940928, 0.6345856800559146
0.5282987199279556, 0.6690169260238745, 0.40829701402543517, 0.33414611233322766, 0.6851969036747703, 0.15805452870862158, 0.5878383446694226, 0.5410950610474188, 0.3446380394281887, 0.646673728788248, 0.4257393992541979, 0.48131183770636926, 0.5454966422116141, 0.42096855147246526
0.1727777141034822, 0.31200925709124133, 0.8293997902863139, 0.3797643836836855, 0.4757946161088135, 0.6357153940882362, 0.33132060047066825, 0.597926136155027, 0.4940837599586519, 0.368400071180225, 0.18712993850085996, 0.476382119140839, 0.4885156461785738, 0.6876209119030999
0.44643414149832966, 0.5828987207150158, 0.7015888880957202, 0.5434997354888045, 0.5060987958198366, 0.3029303996104905, 0.5508356099671164, 0.23437831110086793, 0.34365573756913725, 0.5541377067008332, 0.3014461891686264, 0.5492449035898704, 0.5204774783555295, 0.5416382025079804
0.5633144180851007, 0.4686537601542506, 0.6075231782176199, 0.4527793650561718, 0.3182904676280929, 0.42944796510328387, 0.4155371737805388, 0.49654534004278755, 0.32541639975216147, 0.516672001181911, 0.4134765722278203, 0.5701695157339848, 0.3792591969825208, 0.5197082154726559
0.23807392578123066, 0.3005556678595134, 0.2449662390169804, 0.6679218944041334, 0.5894111672799778, 0.4536674860664884, 0.38605923614801374, 0.5596988358229016, 0.5170988362811544, 0.44204043969650886, 0.541365757024597, 0.2429438561703351, 0.535225876664025, 0.5478417685130768
0.5424850210428902, 0.3456702021080648, 0.648500033456203, 0.4568165503904103, 0.6731602363829465, 0.48072356828787804, 0.6546393988354949, 0.747088769613409, 0.657837126918949, 0.5612910255797827, 0.3929657012072665, 0.3385963111791285, 0.621882982006509, 0.4808930710906095
0.4229095968220724, 0.5266318001698533, 0.4008652002201685, 0.6998924596675957, 0.6150685478984959, 0.10170072457409784, 0.050347022955266496, 0.1914133649013423, 0.5216122711798499, 0.4138560909899702, 0.2660385177893204, 0.3490138959401107, 0.35305159671352726, 0.4921088719843405
0.6053994689246563, 0.6380051726593423, 0.35996904861272705, 0.3653966540856751, 0.5358602163511577, 0.595504061330997, 0.33289995982059406, 0.6795775816301446, 0.5659917301662692, 0.6871997829560765, 0.7067808757517249, 0.7031946706041282, 0.4335931508430783, 0.5695542210990903
0.5085568189437961, 0.46186087366168294, 0.41646385149891996, 0.5500981375317966, 0.4943457682166785, 0.6367721169041469, 0.4950664468460165, 0.3954779738276127, 0.5343192797435307, 0.5209280704103612, 0.34584581390315106, 0.6133797221674109, 0.539397688858237, 0.8926814219254255
0.494999765218908, 0.47233457783839067, 0.2872608719656344, 0.3180141213880915, 0.46837559677031676, 0.4149480409728962, 0.49814659642300135, 0.6332936218367656, 0.4371277587624054, 0.6274005540442071, 0.5309537964156448, 0.7661256245284508, 0.37114049711998287, 0.6717796664675433
0.22374319608558152, 0.6182740222914433, 0.580944112117319, 0.2961144209561797, 0.47926188716452955, 0.14587972976696706, 0.404653974512845, 0.5451936011101588, 0.3304567837486697, 0.3530293635779503, 0.548329301493248, 0.5006299145241759, 0.4818523085654647, 0.44426423986261143
0.6696505124504575, 0.6422367271375424, 0.6265761697059595, 0.21588515470670144, 0.4261138737337058, 0.6261914191405678, 0.488479083912388, 0.5522724485168652, 0.4775202267663424, 0.32732964480420035, 0.41889842897188845, 0.5146878183007849, 0.3784113291152777, 0.5368045391917955
0.49863828942482835, 0.6201688833078891, 0.7728581393138392, 0.17469671823285782, 0.3569916753133114, 0.254743559857435, 0.6801674756952032, 0.4066493691675513, 0.79776436481996, 0.6641586981181711, 0.14093133976245087, 0.7413408209624323, 0.43640783281433126, 0.6997309915651964
0.4015861295181067, 0.43063142696240175, 0.752026623817597, 0.43413134942892007, 0.4067294306253245, 0.3823622461949686, 0.532881861156969, 0.5840751108110545, 0.49258736131639363, 0.8341938107148649, 0.34302589032928293, 0.33721765966682027, 0.6018425432253216, 0.4584044232801695
0.6276642688002101, 0.7202691120139186, 0.5018172514213716, 0.5933515059494398, 0.6628227640098631, 0.31772781553521934, 0.6998096377036429, 0.2500330377134455, 0.49156343360511734, 0.7737867525236006, 0.5740730729019894, 0.38423510494108803, 0.24470694651298452, 0.7159039818328312
0.6195322650200046, 0.6595506315174067, 0.5687863074361155, 0.6752541735930422, 0.29226329489716885, 0.6242270266778351, 0.4911311610802043, 0.587302879782364, 0.44048024801497426, 0.5640448245119478, 0.6615286372870107, 0.5681517277296659, 0.8853271739820908, 0.532153272154972
0.5569363792883133, 0.07958356025959817, 0.7241541023386735, 0.09969465181218684, 0.7094736594343022, 0.36247756187395425, 0.43287921387960165, 0.5662477418104117, 0.4235008123579493, 0.5544343900635058, 0.49402901763712054, 0.4826550271971439, 0.5771251956590934, 0.5479534189138927
0.5179980314797068, 0.42690762200638854, 0.6490104034003572, 0.7139603196218621, 0.667916965635091, 0.48226956974384844, 0.45458930434803463, 0.6864744978083823, 0.7067196307989692, 0.7864817038894056, 0.4056094626221889, 0.35947462465460467, 0.44228540630489155, 0.48225709949642326
0.4734821744205604, 0.3084845581103951, 0.32847179247261155, 0.7740908809950078, 0.6460116970403158, 0.5399361081424281, 0.2908923812883998, 0.4691177581192253, 0.24541108413666035, 0.5901353060225162, 0.45671785824415884, 0.2176236225349144, 0.8177498903011765, 0.33244818148504496
0.8236465755194338, 0.38827453193580064, 0.669034160446951, 0.46678001700641203, 0.31354544922679844, 0.3950898606536596, 0.7467997513212505, 0.5149550583259304, 0.6421450167149825, 0.45323489089975477, 0.40482107652607435, 0.9520304612332239, 0.40861115819068045, 0.5456140511620524
0.547586771139281, 0.21894771691322118, 0.5774929441105598, 0.7430350834704946, 0.4611161454044616, 0.17826950301947742, 0.4977258168365027, 0.34064356938175544, 0.3986383246995347, 0.4970926405159492, 0.6428337388155316, 0.37049583036777073, 0.6109878901053398, 0.36115957334553705
0.5810989119026715, 0.8042730926752453, 0.8034788287549065, 0.3015053736266628, 0.5737707118325117, 0.30900062658655364, 0.6137329585554593, 0.4907537521772728, 0.6794170006337448, 0.5615533745324811, 0.47951194781711953, 0.8301898149995408, 0.4866959420410122, 0.4933459196229414
0.4968055115036063, 0.20466869866138993, 0.3379118842448633, 0.5040923242184888, 0.6922763105472116, 0.4652619279518381, 0.6361193539327307, 0.6338324761767493, 0.6946865436227998, 0.39773782925967394, 0.6611469802589968, 0.7513355474923985, 0.5923475513743179, 0.6563266517537814
0.18345368781567273, 0.38510598735296886, 0.6614504679967925, 0.4010751533486066, 0.49577339653223906, 0.4951574836073414, 0.6503617198785321, 0.47273572691380483, 0.35976441673146287, 0.29502157366125015, 0.6133251815813048, 0.14548314699960552, 0.6734950412363327, 0.530090263674898
0.6443705372870108, 0.829590880323215, 0.732909270923242, 0.48208925542901615, 0.031497256382013394, 0.6835905475343962, 0.3550574717314866, 0.5401260659569757, 0.4212490153086722, 0.6726867213382488, 0.3792867541840024, 0.6988095867553925, 0.6959527116629818, 0.5922126218175089
0.4385228051198333, 0.4993154918898464, 0.47238198614494264, 0.5345827630273536, 0.5935572981832773, 0.6535276632624414, 0.43614912634788894, 0.5980373749301776, 0.47698373632882035, 0.6859298118566755, 0.408416092158397, 0.2716824500917753, 0.5705061663045267, 0.38264795456778006
0.5043491971573913, 0.6310375235054532, 0.5389391461118738, 0.43924539716107175, 0.17511805144792825, 0.6217414534286206, 0.43265076659326895, 0.48377828970466547, 0.5617933476869033, 0.6328873175877525, 0.8530401753162127, 0.843751282079541, 0.19626723177627003, 0.7545765174018544
0.6441261642712445, 0.2701234501415523, 0.7545290551978067, 0.22420153178468488, 0.6576306427700156, 0.5077629107833362, 0.4847502905821714, 0.3032045510305141, 0.6560436520522557, 0.5119848628698832, 0.18217037763748134, 0.12221153162200599, 0.6913420369814861, 0.3173275907938999
0.863902093402219, 0.248363589081251, 0.42750604787668883, 0.6106502447456612, 0.47760286082569986, 0.36530128620822233, 0.5845904394508736, 0.5195224554768408, 0.2399645035446813, 0.5611143808868931, 0.2728270948668544, 0.4073857183445917, 0.46067862931329706, 0.6280430803741012
0.7416236143815174, 0.6882371362581463, 0.5066289012332486, 0.2648063427029018, 0.7219850215479008, 0.6063756263894869, 0.4904526852206167, 0.7107240729981975, 0.8050055324828703, 0.621844358473041, 0.5356125868122312, 0.7949900333139357, 0.7853118192234161, 0.40604871188527564
0.6124471352024108, 0.4614457394350207, 0.3543579699182976, 0.6122662274624007, 0.394708825046758, 0.6592137356871128, 0.508406622945028, 0.5145163405716464, 0.1895535314875869, 0.36436225467950656, 0.5102965100973541, 0.39005255163737984, 0.3489927368922136, 0.35110170703630017
0.5244777904836208, 0.17967002246819153, 0.39729381020868204, 0.4696816126739661, 0.3787931183431216, 0.41092233650416854, 0.6244425582829269, 0.6571610944578948, 0.3993055084464905, 0.5873237729478042, 0.500269399951288, 0.30041709497633373, 0.26258631004728, 0.6076201799347652
0.7314250921898315, 0.36081517924139256, 0.2849006183082451, 0.5299801520943418, 0.7729365264770636, 0.6178745240167888, 0.6672774291803663, 0.30739946764847387, 0.7512656120973142, 0.6656642485436964, 0.3263642132817429, 0.6246933038834843, 0.41047119120877135, 0.42686991866899393
0.46670902844157985, 0.4719760078651254, 0.48223819329218387, 0.4048091231683668, 0.7523634419738529, 0.43115594931829254, 0.5140235366789595, 0.30651605324143855, 0.627316813716549, 0.3309851466328817, 0.7296835349987834, 0.4073547778496992, 0.6746917253904064, 0.2856607753759015
0.562975318614503, 0.3068015610790611, 0.32593227616808884, 0.26628517141112873, 0.7847082118895663, 0.398059827862961, 0.48520629298288326, 0.6923797525779901, 0.7794615229135442, 0.6138616202705518, 0.4735772518495715, 0.36187098794222433, 0.4449971754082407, 0.6261255196478088
0.3763368660700585, 0.44463579325834374, 0.35163774589156127, 0.14624674258080173, 0.25028399373690635, 0.42703936580090807, 0.6381033495489221, 0.2998597779198879, 0.27413858076190634, 0.49907431733609026, 0.5108507855158188, 0.48963701143197247, 0.5205547737542753, 0.6778646055437623
0.19125495570879214, 0.4245738381271974, 0.6911768891313204, 0.4467981216370857, 0.2741238822631812, 0.5395108253357573, 0.2931559946599789, 0.3944611455314557, 0.6423573138294918, 0.552076914190986, 0.479064620966876, 0.41689352420827375, 0.5178268673362616, 0.4376423676955467
0.4247801833741228, 0.3847227094063861, 0.6406924257159864, 0.5162078933550847, 0.6119668829234892, 0.6841847119203566, 0.36695430470760604, 0.4511869617884841, 0.7533354956924121, 0.7174392310041322, 0.46844852401293396, 0.47215495702978455, 0.22496298948376203, 0.39413973119128076
0.3876083762568433, 0.5752288102360716, 0.343407199506206, 0.3900996502253452, 0.5565029591712202, 0.6463046532859232, 0.4492423631994759, 0.4284077328328646, 0.47400155551945683, 0.44199982908135527, 0.1340962471273488, 0.38649050227923476, 0.7007414816700228, 0.5632671466849902
0.6594900284818777, 0.5760524590204033, 0.5966596029113966, 0.352836675060763, 0.5392385469929168, 0.7386830281567912, 0.4463135664650779, 0.39961124877289717, 0.6808296961284851, 0.23017679204330627, 0.6724557897238578, 0.5812831899404529, 0.5759297505367631, 0.8388146286630596
0.38803524952336566, 0.6919726161137811, 0.47233517014031395, 0.34303502166114674, 0.37195994551472367, 0.6832015831381963, 0.4128385063790381, 0.6524332153554413, 0.313783481121916, 0.09512617431651038, 0.5438483894932635, 0.3669876031868688, 0.44109568587883424, 0.48064703657450264
0.41528357382941994, 0.635688827256812, 0.332291814495697, 0.4173454657116369, 0.2838535518411359, 0.35714846442198966, 0.4460217321839004, 0.5511168527486137, 0.3265981088506844, 0.46904616004586874, 0.7607720706967821, 0.5039910409240884, 0.5531423074453747, 0.5063683362981183
0.4032901641630245, 0.4054471208551298, 0.5761005050120861, 0.3820557376447777, 0.486045199272462, 0.6837296667781774, 0.48328246456794016, 0.264338027366364, 0.4909176675270623, 0.7291502278376715, 0.3744228911214633, 0.2690985406529707, 0.4846851137711861, 0.22890736019687902
0.5763146454894545, 0.5905752347294628, 0.424189430953964, 0.5646292525004866, 0.7026057571684032, 0.6377759442126393, 0.47498660557546235, 0.3374840945084408, 0.6264281848886202, 0.275305356514831, 0.8420421795115136, 0.46957720548075704, 0.7172858938580123, 0.5046083755103928
0.4371951766843491, 0.7203976181249536, 0.6508726870518475, 0.39364333576382426, 0.6157749925850351, 0.351424376536234, 0.45279750626386783, 0.5545131126304289, 0.5411361952480931, 0.6783177692182738, 0.6313461001821402, 0.38619929584010443, 0.4701880638295677, 0.7496778111128031
0.44529592150983016, 0.6574877855205477, 0.41378447969000154, 0.25222425588776853, 0.4339385546711471, 0.2693480929684103, 0.2889379806781753, 0.35609125191651786, 0.35710163467243594, 0.7009590427375527, 0.27078835258266093, 0.42995835880352623, 0.7537678829177745, 0.8381444758895321
0.6935602817910028, 0.3941432364647965, 0.5379836453300083, 0.7814184142606493, 0.4571889000907446, 0.7064606514680021, 0.21466325025640942, 0.4733237303816092, 0.7416590206115711, 0.4769344648030755, 0.3881062626866713, 0.5110271850085358, 0.4567373805512759, 0.71764641931448
0.19829292930326992, 0.5943852923054248, 0.5933089606771171, 0.6047273680513896, 0.42256320460158203, 0.38191736027124806, 0.4944546239768507, 0.31695602989763727, 0.5134648946007029, 0.5160117733050232, 0.35473476043428354, 0.2823396638130241, 0.7823697078740816, 0.3375857867026414
0.3745952230077763, 0.3839379169969106, 0.48238100064828915, 0.26869026271339885, 0.8396005882546494, 0.3915264809943698, 0.6274646529959083, 0.5503280803879548, 0.5227600369884398, 0.41998081001211707, 0.9443256324653654, 0.4979602900109005, 0.43886287812477337, 0.41435883438663323
0.30779364706327583, 0.2548404927698847, 0.5213438606354818, 0.31116118227973655, 0.9146838741050218, 0.5306747995605964, 0.4265980351213544, 0.5029020208673574, 0.42305885447298053, 0.4724274908703196, 0.5522214005869593, 0.3484003611313672, 0.6233454640492369, 0.6413574807101214
0.7760768280787468, 0.4337369194047339, 0.17460367193798343, 0.7247734858024595, 0.5981013300586264, 0.5795150790839385, 0.4324510204741907, 0.6099826321085065, 0.7010137151369082, 0.6978081636261008, 0.28718433959441103, 0.6366974373904049, 0.4764154834344613, 0.6385006436024865
0.2500445545983834, 0.8318260073435226, 0.37861580963397723, 0.4937449724419648, 0.2450327297292545, 0.4702478927284587, 0.21229513150302587, 0.6488115174863546, 0.5314510907668419, 0.4826772907600816, 0.4867612103908178, 0.42119463732885826, 0.40964729150508555, 0.5747514212778383
0.3479459284938508, 0.42023833240785535, 0.3940326794936735, 0.745482175435465, 0.4605438619581767, 0.2627421787970926, 0.8156331588018458, 0.3503316642098848, 0.5924349542570341, 0.6450020615284047, 0.5542705766901734, 0.6148989073663764, 0.7624858391055256, 0.44601456907497616
0.41123528115555347, 0.3908385439697081, 0.42600142787505174, 0.6103674461775143, 0.278175487567317, 0.4882414520853381, 0.5863634123843685, 0.6236492772649338, 0.5411151333383579, 0.4704348940745949, 0.2072579452187675, 0.7429037253089756, 0.42560936916257086, 0.6340169438556589
0.40422208909582624, 0.38509468653344325, 0.864553845373527, 0.2554971256866711, 0.6852875947129928, 0.34140635434940914, 0.3479509820003368, 0.5421515735572072, 0.505776347329136, 0.5330120644984502, 0.3741064335052439, 0.4183248278722915, 0.5227119754848608, 0.2737248992650124
0.98042436701679, 0.4498707212167917, 0.5217877013414206, 0.6055745375512644, 0.4930864952214511, 0.4573430169457503, 0.6328081221283373, 0.28676320275407974, 0.7284703706790341, 0.41757387981847965, 0.716252126230516, 0.6103294808597812, 0.5589111937088977, 0.4667220075528823
0.3819195659982344, 0.5646270328577434, 0.31305261696166925, 0.6729094019936643, 0.3093415160189159, 0.6003219334681407, 0.5400332403544723, 0.32621048687601606, 0.4790111866460466, 0.7605983907637359, 0.3039683279755204, 0.455948430677851, 0.5444936402577627, 0.5573950305436771
0.35606066478406095, 0.6066929005807616, 0.6290995878804045, 0.5837500029837792, 0.8553861045802995, 0.4581160482088237, 0.49987402161430017, 0.77094742886707, 0.317613434816691, 0.2108503305928588, 0.2772927927173436, 0.2566218418584753, 0.270274704379283, 0.6845416907095931
0.6002547071168712, 0.1609359055559491, 0.6555628121791466, 0.6936631298175855, 0.502929962496498, 0.6155996159418226, 0.33402325746996675, 0.5135215299808177, 0.523891876973328, 0.48529446135303284, 0.5996627067779776, 0.5608943681870382, 0.3203747794020409, 0.3493816803083877
0.8443344911437746, 0.39401747287840583, 0.42754249559386703, 0.6369217499766556, 0.5599490044400458, 0.5577161294947115, 0.44759566954576174, 0.6116815840784348, 0.2204172382247811, 0.008346599542648991, 0.39344475658232636, 0.49050792357785844, 0.37329057054086623, 0.5652247531866471
0.7283884212731696, 0.4322199038848165, 0.35307310828360516, 0.4608903520972386, 0.26619754980257093, 0.3676931061666773, 0.3461473642665116, 0.5555310310032273, 0.40916496636767263, 0.4545001060179388, 0.3015054348416114, 0.226588597012017, 0.4754844718355512, 0.6685908083304416
0.3805372795157601, 0.45234329964874637, 0.2636908359262219, 0.34066670032158997, 0.6087398871801891, 0.2618530536830861, 0.7580118651885444, 0.5970222363990179, 0.41182119359471825, 0.5270524447615461, 0.5173887879276424, 0.5441869631890262, 0.21867780598573172, 0.6785529301043858
0.47305158535410136, 0.2454236381708894, 0.5903395566167579, 0.12178102716635753, 0.4777106692323085, 0.6101111379888438, 0.26098054318518676, 0.4683396493804216, 0.7199991921758475, 0.42842989027098577, 0.7559707649824887, 0.5752714792699154, 0.6646626317476603, 0.1702401736937909
0.6870581585840388, 0.5009843462775071, 0.44225034438386507, 0.37517424705104524, 0.6703858195565353, 0.707209373670868, 0.46563513923097427, 0.7409979822981463, 0.684600422289486, 0.3386848466418688, 0.4859810455526212, 0.4120768210593029, 0.5934420086030584, 0.38003757398008015
0.47529774943137315, 0.500270773145978, 0.3263821287101585, 0.48478114198089467, 0.5273995021264847, 0.5577812976286449, 0.5781027151394954, 0.5676319406755026, 0.5806991326447731, 0.46436742199107794, 0.3621725874341716, 0.7666193303853082, 0.49570124983082303, 0.5693009752886874
0.32900451758879135, 0.3259013674461498, 0.6272181559024311, 0.5921440591987472, 0.6182170312893775, 0.5036981072617828, 0.2024437021567086, 0.43592271992357834, 0.3932912002275274, 0.27576439088524307, 0.6197711023893995, 0.40533409917268526, 0.3218395624640893, 0.6135484214782728
0.5632554515053811, 0.20145492058472814, 0.326038334243056, 0.5718685826327861, 0.5149790832850136, 0.5802803475825985, 0.47821315075139786, 0.24900206226405547, 0.45106083592425966, 0.3437817409568783, 0.4126951539776985, 0.8131695653050391, 0.679364437829047, 0.4665847194459857
0.38095000108807625, 0.6086457419439977, 0.08939167405695381, 0.42677088028271154, 0.722204260504955, 0.5813226786233738, 0.597445963784137, 0.6903693078111457, 0.7117187411941346, 0.4340708900391018, 0.45853669634983196, 0.47342829504829426, 0.6673748275956148, 0.6449290330936055
0.5331842061003269, 0.22418545864642986, 0.650441181109222, 0.37136641346251076, 0.45792111258857277, 0.8662680482482326, 0.32638797452536794, 0.4765812831343295, 0.889395091495073, 0.4568615623467807, 0.5017372593979442, 0.7124639424743977, 0.5069780308040998, 0.5520472959504754
0.7392406034948669, 0.26083761413645234, 0.5725149215970323, 0.6765719150037758, 0.6305044038553285, 0.8353118786921543, 0.6823312939494464, 0.3819560724899923, 0.5973305720722022, 0.5061866962518896, 0.4035303669415187, 0.5999548278982172, 0.6712921666041425, 0.5014667014427676
0.4728451043060034, 0.5264008772712239, 0.5425146680339906, 0.25930091746315026, 0.5323834170546771, 0.5557815787421378, 0.4118601109608804, 0.8106802237488356, 0.3379963594819597, 0.8615893219799771, 0.42086408430667843, 0.39915805688774747, 0.2562721206868183, 0.7276905770354349
0.6275949983667432, 0.3891121180764898, 0.19181328801662045, 0.6058495403890011, 0.392855424686976, 0.5098849170076054, 0.2897976711197422, 0.6825208638698561, 0.6053713538815781, 0.5608083203328074, 0.49956685311757953, 0.5783323949529683, 0.2891288663909434, 0.4129476564680983
0.2657323587459639, 0.9510712067258689, 0.46592409030369003, 0.2624430061607861, 0.44658493856034936, 0.6159343878773484, 0.423912926156786, 0.3636953660619022, 0.6141121573083804, 0.5099466362859558, 0.6504244526277352, 0.7478506653793238, 0.35887309693811575, 0.4054245532493558
0.3741602261054603, 0.426643817243238, 0.20167642757408577, 0.4279635725746959, 0.20441247741677487, 0.5173409644609692, 0.44572920158033413, 0.3453169255245622, 0.4641370783897587, 0.5304104656804394, 0.46750867318055933, 0.634133422803171, 0.3621327596233843, 0.5186970716130277
0.45838193466995136, 0.40828310229887144, 0.508360858085218, 0.6662508660092539, 0.27022922778137437, 0.5193552666965974, 0.4993134407747759, 0.299001052553976, 0.6021979322646296, 0.3970320594964415, 0.8513378899593378, 0.42637010990120394, 0.5541402531858693, 0.5836832407305657
0.40724540941491805, 0.2108725890520749, 0.3738927899521076, 0.45957771165381983, 0.24028794441702583, 0.5020844498868724, 0.6622258605220774, 0.6991449382826274, 0.19705713053448426, 0.5896623901871697, 0.5593999104056959, 0.4216260471533623, 0.3613248459711824, 0.36971345719546195
0.5103667111313607, 0.6076414427950331, 0.41513937863965056, 0.46829598145983303, 0.22485526738159256, 0.6771495894628073, 0.6801877477419137, 0.5158842864885422, 0.4988583218406142, 0.5967285214758787, 0.4159002427146191, 0.6114966977140383, 0.4867804520551301, 0.7376035959442393
0.5647565923777984, 0.6947121331615741, 0.31909720030466093, 0.5395285789953298, 0.5952709902846918, 0.5553099328444955, 0.44911455029386826, 0.4303984841704688, 0.4029377583366438, 0.619399465499666, 0.40084987383403026, 0.6434165523824723, 0.4718280315480961, 0.3875869607927703
0.31885037853457543, 0.8170320534706418, 0.31202230872620496, 0.5185680941079203, 0.6332123535923446, 0.41340229438285814, 0.22408325278220415, 0.4219755481031268, 0.6358122856722662, 0.43268111567194245, 0.43799566878915003, 0.7136883900649945, 0.7290460622574975, 0.48067886520576064
0.9691756141442376, 0.3293249160091916, 0.6351118251407288, 0.5333688898010793, 0.36644387733313377, 0.33618830590788806, 0.6089241379226533, 0.6609087480504933, 0.6456889357124534, 0.1996760427019078, 0.455720618495015, 0.7232648781452515, 0.5998161522074963, 0.14604632338505263
0.33605934200887166, 0.6090177221426558, 0.6858189851903703, 0.6033250420089415, 0.2502908524299854, 0.046274676183309715, 0.4518435745391587, 0.4406405039776521, 0.46076053586961585, 0.4274430264021687, 0.34303963495118167, 0.9288795207778013, 0.6351721217759493, 0.5166062976177096
0.7205748551894289, 0.40188763898381963, 0.48310030492170014, 0.3606757050585228, 0.6475476639840998, 0.5663442248075177, 0.6817498492586491, 0.4759059641842285, 0.6428668633596413, 0.5407969345186462, 0.41678785745646363, 0.5551967340044376, 0.2613727409463459, 0.6888824592426197
0.5135579586132184, 0.48755822115618963, 0.6069418084500199, 0.645859046330985, 0.4569148996885114, 0.31991774746083634, 0.5379882854645467, 0.4059083145233102, 0.5621526421909355, 0.48360493364260954, 0.5400356197761109, 0.7149964879784232, 0.5129326712670347, 0.7241485436540517
0.30545898487563905, 0.49922863525413275, 0.4274342696606217, 0.40440895513370045, 0.5916435647054552, 0.4039970615918649, 0.5570117101712962, 0.5984003829055528, 0.9667853052757861, 0.4465917482290538, 0.05039060177742444, 0.5943921519329659, 0.6324738334958053, 0.5712909698551826
0.516485912136564, 0.6687458922549365, 0.49075739765691, 0.6111258777806305, 0.6102602315031181, 0.386324846905984, 0.48209473088658095, 0.4225971667480089, 0.674628150951097, 0.5703554278988395, 0.5042137634986275, 0.522744201798747, 0.2939885252118599, 0.6266226791797961
0.4474833971301987, 0.42537425697521053, 0.6109009386549895, 0.3916754594977833, 0.6241082424834111, 0.6335255989793225, 0.6514335887531031, 0.6806323067142124, 0.5779827944235899, 0.4027445343535961, 0.7795314004744747, 0.3541210609389954, 0.7003282811198839, 0.49190369121528293
0.4933298598533855, 0.4013132609478973, 0.42728289751832194, 0.5046248532343073, 0.6710877099328726, 0.4519861240151183, 0.20775377261204125, 0.46807572660732527, 0.5671965555286367, 0.5490759464705053, 0.42316877395730507, 0.47711793703083927, 0.26901269543980083, 0.33002643775504736
0.2937342005078047, 0.2614428920162032, 0.48202895082527597, 0.6095393114806716, 0.42991259736065246, 0.4863579152539681, 0.6927636327332696, 0.48974839699304445, 0.5486294972691088, 0.5428998107211077, 0.41078856797549224, 0.4576809258142988, 0.309963034957174, 0.4575537674470208
0.5630515003836354, 0.4225076185371914, 0.49794844384522374, 0.9381163175106157, 0.8394842331880044, 0.37693515208752776, 0.42073339567154955, 0.3650194549857707, 0.6731280730790901, 0.5228561363147916, 0.6848256716577807, 0.4848599069600541, 0.8024115288263027, 0.6084084155548677
0.9018269099154288, 0.36700297199918896, 0.5191741127042394, 0.7579319984058985, 0.5066879618900411, 0.37070426937392, 0.5015088188066668, 0.335817424074231, 0.4745351441315699, 0.30922600719689114, 0.5037986118181527, 0.42930702270778776, 0.7050311028399908, 0.2966054642589552
0.4816904986015791, 0.6652815401626249, 0.48289461802404265, 0.5832671205212085, 0.7277652706831161, 0.9144219317765748, 0.41312761087716915, 0.20962757939539844, 0.7875816299294743, 0.5374907275635938, 0.3132156985425346, 0.7117461295710305, 0.609039835154489, 0.3745958001356607
0.5182582512840146, 0.3354120936225129, 0.7749101164396572, 0.4360044564082575, 0.40895446155224424, 0.5591052342565672, 0.37851442588709727, 0.6319583349693173, 0.34972395826294334, 0.5100375130411423, 0.5526700149392602, 0.4929560958136342, 0.519796126988774, 0.26882302252343915
0.2977739417013445, 0.36216689243212924, 0.5510671296288909, 0.6606061497013398, 0.4682127791856268, 0.620553606541144, 0.6801644515745415, 0.4072832290954002, 0.30996375520519603, 0.3143989167540405, 0.42503482661133873, 0.46331639871925984, 0.7207989991274821, 0.3419186435613981
0.43487110216176184, 0.7631078663504245, 0.554694703645666, 0.3001951146791122, 0.47821266767367654, 0.5174133722274403, 0.8878403112695912, 0.37861963381033986, 0.5743883116265783, 0.6597084794435972, 0.2368334403008262, 0.3719203311574053, 0.4743159242864077, 0.5066659728481671
0.7847020906544478, 0.07313848175385707, 0.1983583836182018, 0.34735551590398994, 0.7206585190637449, 0.6817962702828013, 0.2916818082318904, 0.38528422678879, 0.5600624287771139, 0.4912933269813815, 0.3652770189434632, 0.339776433518598, 0.3641603201980026, 0.46593995929302245
0.4429336211991901, 0.42800135014469454, 0.17290752029015888, 0.5158954076556601, 0.3137241428613343, 0.6879323196764366, 0.49235653325593, 0.6934273485039286, 0.5106495621589607, 0.3132244985871522, 0.22059388386095158, 0.3202287884525756, 0.29315326822367355, 0.44174930121445455
0.41377387746539396, 0.6264372580296256, 0.6854305580985393, 0.3176115349161025, 0.23912289463815878, 0.43806352343113447, 0.4143851432655666, 0.5162349107575176, 0.48185936326642653, 0.6843145295687518, 0.434502603151364, 0.36188525726058285, 0.5557164498439943, 0.5757286525110417
0.4219329436434891, 0.6634341464997431, 0.46544342105623276, 0.27128651736091103, 0.42720639791605014, 0.766256646271146, 0.8786430721856631, 0.4416985789212817, 0.7770911893675123, 0.5864396190632871, 0.49042996799463967, 0.2990611029916517, 0.596472117968249, 0.5785857329616791
0.7344349420003614, 0.6440857200304095, 0.3969412879714951, 0.5612083451442136, 0.3500916568155752, 0.6044635661544397, 0.39717829797341087, 0.43890514800597896, 0.5331038331789957, 0.7200984891476108, 0.5788018231032003, 0.6723785275417858, 0.32908197073905987, 0.7743781771934084
0.6676281437877902, 0.2128019885942869, 0.8223200922211564, 0.8396667749054547, 0.5752621074039057, 0.4162051062671484, 0.7877073788944945, 0.5096363943069554, 0.46024583707764244, 0.6635166834699116, 0.5545427398277613, 0.7525728958989876, 0.6909451334139495, 0.7573793660954051
0.6479281100203842, 0.8105559041018214, 0.3136648109805519, 0.5202571255181495, 0.283434963693268, 0.3490174183922148, 0.47851576660217315, 0.29744135153182344, 0.261265958111479, 0.6378193778534325, 0.5112946975375051, 0.6753103199366792, 0.14684087273233704, 0.6329945390194207
0.37566583010316196, 0.38246424286243497, 0.4107659562716866, 0.6596159226754877, 0.3137668154825739, 0.6159299959391681, 0.6438985941592117, 0.07914950288629063, 0.6493025274623895, 0.3397772805176666, 0.5721115986513969, 0.7821675146245678, 0.735216079194536, 0.46264486407765093
0.6749606420007941, 0.4758251092179206, 0.614569288435296, 0.2842657667928937, 0.4850743744288412, 0.322097535797788, 0.7728815232923001, 0.4177467436010327, 0.50781990852165, 0.4734185669262414, 0.4104440757405763, 0.3285008059588778, 0.5396148503441582, 0.7548001769855659
0.6470142959755427, 0.4408639077487041, 0.6895670387554251, 0.13256073493741222, 0.9661813444460527, 0.22466160265445295, 0.5346556355066385, 0.516745700007991, 0.4967172059488099, 0.6584263522575585, 0.6868034740860681, 0.3799256751910257, 0.3645195863492341, 0.5881681194385966
0.4896197655840698, 0.7070032584106895, 0.49085345543883013, 0.6622290151044868, 0.43468421041956085, 0.5363291339952454, 0.40105781657159634, 0.1479323669072381, 0.47273008674819145, 0.48366111715949917, 0.5695356531375739, 0.29541178036358223, 0.6762001282695109, 0.43203190003777825
0.43251992080642077, 0.5507541467050706, 0.36926586853059495, 0.5282479254037807, 0.4485988647526128, 0.5392686489495121, 0.5606386494565184, 0.4835438634688121, 0.6021865432958684, 0.6782109000693786, 0.7393076615701097, 0.5630791701685155, 0.5163336426730223, 0.40697870372773937
0.5878279177461658, 0.6325167519905232, 0.38601273109878514, 0.226225498090316, 0.21774017791546108, 0.8490678509620597, 0.6441602037475145, 0.270755564866305, 0.582737456534171, 0.5859092291060292, 0.4408817389219212, 0.48617016318463485, 0.19657848074887496, 0.704253862567958
0.706819673667682, 0.655009850531758, 0.31598336583905745, 0.42250341514685585, 0.573915285609589, 0.5177043389660222, 0.7625382940635287, 0.6314303187273589, 0.39547587366110226, 0.4104188166889083, 0.606211674426483, 0.6582187737076242, 0.45764746045514915, 0.30068984367034807
0.22469996193252978, 0.9210357815465523, 0.3511849837402271, 0.7627796685925907, 0.5283230245103452, 0.3081302565238193, 0.8472331576813222, 0.5959040837121252, 0.8302098959375044, 0.6700224186067185, 0.46303357022181574, 0.49605567327797223, 0.6166831156591067, 0.9166521279643066
0.5031213058638528, 0.2997725583694549, 0.40646162226284355, 0.46010873968904725, 0.5460043395512344, 0.6011199050739473, 0.4201228663175874, 0.6091557944903111, 0.46812188444989755, 0.17041881001867, 0.2945033253314856, 0.09268843388701764, 0.6793689838025796, 0.6388313181355818
0.7169318601635634, 0.41306761577495665, 0.4121322478189616, 0.6442065652354249, 0.8251441152838613, 0.5226651140052494, 0.37186862151220723, 0.5201832955654749, 0.5312470979662175, 0.26516848176276187, 0.5222388179644678, 0.5175342794786358, 0.7106540872874376, 0.21850730716279393
0.45838131293515677, 0.3974578832213842, 0.7350131447658914, 0.4722174974124765, 0.5648585494169907, 0.42724929750735796, 0.32997865971240414, 0.4769823909499992, 0.315369406645736, 0.461651202893162, 0.6021756812585333, 0.3771991938809338, 0.4468584924768087, 0.5249138558654929
0.5682401831546119, 0.6702538236944455, 0.42382746994629955, 0.5383546302620696, 0.549870679636409, 0.5978267173518876, 0.23327983387379475, 0.6683661738906084, 0.4207485628618389, 0.4483430980445169, 0.7009574456176941, 0.44627747571628185, 0.213366326937247, 0.45749244220582697
0.47978873717937554, 0.45811949841714983, 0.5442926307146126, 0.5227830315254933, 0.5731013193102181, 0.3310333404254998, 0.35460645124003165, 0.38559941096636235, 0.4780200131544711, 0.2322240422836877, 0.3579560553518695, 0.7754897488615765, 0.5740330166620718, 0.47839464477588883
0.7442719539425862, 0.9914502410745487, 0.5852107288082589, 0.24657484381695716, 0.5160610423927389, 0.5549394617909598, 0.40682291342740257, 0.5688167121428334, 0.361887620254819, 0.38881672079427687, 0.18414452619704064, 0.6735883165590872, 0.635990850186715, 0.3798838404095739
0.17818622648489346, 0.5513667434538742, 0.3741130554814268, 0.3143455851296188, 0.6118209000010079, 0.3314398279227315, 0.4662392233151317, 0.5225527847439277, 0.42240672910840327, 0.6445518808650965, 0.4920831191474235, 0.4716969730018099, 0.060082664513745054, 0.478045463180547
0.5856145586689322, 0.40183990036168016, 0.4193811543745405, 0.39120590547400386, 0.595492691418481, 0.4741518662011911, 0.3226746603845384, 0.6022808213229585, 0.5360347758978592, 0.5085184753947071, 0.6262707648233166, 0.4070644846778045, 0.7071382110734346, 0.5894199619112186
0.2510528401440176, 0.6312271925457522, 0.7201346269144112, 0.8307793672925292, 0.3249524834685731, 0.5037851983846354, 0.6317334956856377, 0.2755176266160819, 0.33137185202707936, 0.5676490575145972, 0.18389654936008726, 0.4108359487466572, 0.3895353903045889, 0.17827180669511433
0.42764277412315066, 0.6816753504247178, 0.43677571928954306, 0.3021289348917256, 0.6321164828573423, 0.3425826917608726, 0.4063857292849253, 0.42357499447934355, 0.4471436392151209, 0.429504023197296, 0.6700411505351692, 0.5816863526065124, 0.21201481613743062, 0.7658151479831106
0.636684849009424, 0.5460806097656811, 0.6121463535844863, 0.5600907800785674, 0.6768109337252596, 0.738356212033935, 0.4089070558025944, 0.32587213673092996, 0.6857432499657123, 0.5649680401370263, 0.34508848173280504, 0.6007504874235587, 0.6711136994693503, 0.2982747501524232
0.5877273564829628, 0.25365553362947774, 0.3192660066326721, 0.5397698580575526, 0.6629113362137742, 0.7454616888755494, 0.41201401070610977, 0.6825258890346572, 0.45906631616088933, 0.13064487018039428, 0.5734085071521442, 0.42298321017490403, 0.5427429945061059, 0.48984755638027516
0.8337698474321589, 0.7224167372482623, 0.28108507267838356, 0.6739621187043777, 0.8573695410166152, 0.3586909181039702, 0.5318189923236393, 0.36220434206198915, 0.7603811657860172, 0.3732077767787287, 0.3419897286374857, 0.4294407071285072, 0.5424113054819253, 0.5102592639156817
0.3032303465685247, 0.6111800590008775, 0.5353245246617035, 0.44265310038337663, 0.30598516892829886, 0.3730458627439929, 0.33349700377358416, 0.34816220298658596, 0.6147889623002063, 0.5585756305071903, 0.5373123268736006, 0.7713362925067817, 0.6298758440264792, 0.3557559444190381
0.3781901147819463, 0.6632459494128096, 0.24903384386659166, 0.47977807940952966, 0.559737541106359, 0.588078209741425, 0.7591767330021271, 0.3268339948448313, 0.6370653693303565, 0.5582680464264007, 0.7144982716149362, 0.17946863542790426, 0.16063995304422507, 0.3114867018791532
0.18587177635919339, 0.1892812626873539, 0.38831125869806893, 0.5215916568343156, 0.03722230453470726, 0.5564087187418413, 0.5142168931550306, 0.518133758555445, 0.5539474362409599, 0.5383036462124952, 0.4566143336599357, 0.7377265929089846, 0.524812710569401, 0.4500433823933566
0.6244361402692915, 0.26270392219940086, 0.522236651272042, 0.5803432373755253, 0.46735549144345934, 0.5219519474306529, 0.5920543471277224, 0.5023907366922068, 0.38855155784941114, 0.5562726317723568, 0.4009701771156349, 0.6082969985035218, 0.25269959456960844, 0.2575456001909644
0.47262900697860033, 0.4206750204635602, 0.4159304200975762, 0.43069093913754186, 0.5427380505482059, 0.6262330673329457, 0.6312194457374369, 0.43558775289849944, 0.7816974332262978, 0.7748834367939469, 0.3271613880227515, 0.6606311012242181, 0.27265105835324616, 0.681984933435978
0.35964964006490513, 0.45486011322853864, 0.6432946042200167, 0.6442367815852945, 0.4454908694241985, 0.5251730537199478, 0.3509551140157189, 0.6995162795574683, 0.6354693979554138, 0.7370697839493499, 0.28522485146617754, 0.7984273619325172, 0.5227606355836198, 0.5254272388805025
0.18660562921861817, 0.3617857779360267, 0.4111284121870992, 0.5462070530823236, 0.5257413219336708, 0.4221614840549028, 0.665924403180969, 0.5467472827026012, 0.3469934811596605, 0.36884665374627, 0.49406972670299293, 0.43772079623786275, 0.3849152556814045, 0.5035355956858095
0.5287856835880044, 0.6873215243554498, 0.29874565328152924, 0.7256938178490536, 0.20906719058608936, 0.7687839638321852, 0.3122426129725059, 0.5135523238381848, 0.4361517163404893, 0.5299906594502636, 0.41284228439267934, 0.4906134549431881, 0.5541274850185527, 0.23014790877474584
0.4582005224223674, 0.23936645062699635, 0.33498828895934174, 0.4808675870220698, 0.8588327517335554, 0.5659634364892274, 0.4886265453708955, 0.7546593369874752, 0.5719384149411352, 0.5001907602025553, 0.15858411104440506, 0.37612082145675463, 0.3050296018339689, 0.40580803299158585
0.4407103671230664, 0.6231330017179515, 0.41776969917374573, 0.3927689592532538, 0.5311984942057587, 0.45514136171770725, 0.26222807996248276, 0.4231841442306097, 0.10205297928804397, 0.554125578618708, 0.6055482418388518, 0.6413798510621633, 0.51132995672978, 0.3589143338792775
0.8632306697781111, 0.6793590814122801, 0.31357481717206653, 0.4505300678119107, 0.5354710277614927, 0.5552417464460726, 0.3390833686605066, 0.1568326583286236, 0.6067524660360788, 0.5266415818094058, 0.4117106184259542, 0.46375413389851683, 0.47283538478908954, 0.6611709102858635
0.2375812533790903, 0.2832485138807067, 0.3774750632236885, 0.2810576610834779, 0.4515503856109219, 0.6483903663804939, 0.48821872032153185, 0.40501920606858977, 0.4077062456839273, 0.634729379786644, 0.51194743294735, 0.2909142471998113, 0.6885076136243974, 0.4874182186104598
0.6407667121120755, 0.7443068044567072, 0.5302447341343314, 0.457339194938299, 0.5450013428287869, 0.4979281574539829, 0.6021315773672702, 0.41652799327616963, 0.39693998455289137, 0.4622558158715275, 0.4235775857603824, 0.6963111272489505, 0.6859979628287636, 0.25361022804363625
0.7970789331323689, 0.2744546486132029, 0.512541116959277, 0.4373976926245724, 0.4148675089881841, 0.5101843026194239, 0.17784838000563385, 0.48460633080062077, 0.646859873199261, 0.5179528066472964, 0.21235083429379664, 0.36077850916515697, 0.545849222747212, 0.5048664116422238
0.3508563005813878, 0.6100190517117616, 0.22796780263493277, 0.7142982216915831, 0.6452481485587186, 0.3482888558681191, 0.6485119365107869, 0.5126400836251825, 0.6141132307563633, 0.6542642054332273, 0.2967680271210468, 0.32821371582881603, 0.794063029111667, 0.40333029980064494
0.6635418395730647, 0.5169866628595763, 0.3615467802767519, 0.6374995195881915, 0.5962621689353066, 0.2773806815225535, 0.35695623323850467, 0.45654169596380356, 0.6889189918007008, 0.308141945076858, 0.4555037978281333, 0.06426033712569712, 0.21191106609324767, 0.3166093380843217
0.1530320337942498, 0.5062362873739147, 0.49221362784893774, 0.39442972911266444, 0.32228198720270124, 0.523045785005077, 0.4158988544745452, 0.3032649159391836, 0.7668492707097272, 0.6124031323719354, 0.6187943010967096, 0.30238137115392777, 0.330932648488502, 0.5398173245401016
0.7410285908436534, 0.4721941673110335, 0.41975047631621226, 0.7137301385190902, 0.3538313285659401, 0.5455563312161654, 0.2768541317962439, 0.6100150144412759, 0.3766663145246767, 0.6183473961333531, 0.2098794741484324, 0.4842078584892467, 0.36432985739900653, 0.23654381230344435
0.4688330925682511, 0.5249618713010807, 0.4428223713160853, 0.44084250140423714, 0.30925280850587733, 0.4769760558193189, 0.5347093755843403, 0.8475623404406547, 0.6829508179535138, 0.21339998803857807, 0.819381236760931, 0.40470711362778766, 0.4216367748237847, 0.4205742409372415
0.5207442132643207, 0.41730642171265503, 0.772396311924887, 0.5550912048733478, 0.48965779144110566, 0.7007155791534452, 0.8706143263946955, 0.6753508865280833, 0.37801317825428393, 0.6043337177318784, 0.3115843706477559, 0.4605120356108436, 0.5373104306113824, 0.25800853782232747
0.6855325807618929, 0.4233018528654443, 0.5264742726510848, 0.45476321088500304, 0.6269943679670273, 0.25249381663172943, 0.5777951144726418, 0.49189093684882945, 0.3475802979950579, 0.5800490295327408, 0.9466059832341205, 0.3776367878625121, 0.7365015422000577, 0.6200318350572147
0.4280237221168235, 0.2913651111826938, 0.7143639245385764, 0.5784486819136985, 0.5215559698522221, 0.640345223560761, 0.5172213336284457, 0.3960844919703913, 0.32531482082181284, 0.4311790315178077, 0.5302554604231839, 0.6668240925807045, 0.6125750011903631, 0.37153811122658464
0.37168640066635816, 0.6800371183598858, 0.48696376085300386, 0.6739982657433847, 0.71275144028951, 0.572341563532275, 0.9400517469030203, 0.26302596032727343, 0.36506700278657356, 0.6431924767965399, 0.4560642601909572, 0.18849574650526174, 0.49612940083907886, 0.4405870542122987
0.8118577368503812, 0.5938986300883151, 0.5168450088288921, 0.6643987608343376, 0.4298427631211244, 0.7644541912180534, 0.29343897920793327, 0.5359070617587954, 0.4801023131931047, 0.5173775275175285, 0.5209755608304982, 0.7736457052957506, 0.5892336554588594, 0.32406492957674315
0.3967380459246357, 0.29842650019049854, 0.3312854629794607, 0.5362426987732564, 0.6616569781518058, 0.4579962748280158, 0.45130187845753356, 0.48404394823080976, 0.579262975317475, 0.4188423862220645, 0.36303124327495995, 0.14963343737078855, 0.7637627941424587, 0.3512682546030874
0.670086239252583, 0.49414390240563755, 0.5777490652667646, 0.6370742434855678, 0.5111724242087957, 0.4431056365569166, 0.2909638688685553, 0.4664892808842539, 0.5371740948079696, 0.2961976325059067, 0.5619903650266559, 0.3328093711733384, 0.3736751021162881, 0.6694288495278091
0.6235206076282525, 0.5983116650270432, 0.6678140081876169, 0.5212805874065984, 0.3882207807181464, 0.4277181621610008, 0.5170070258923339, 0.5331180463698546, 0.44636408910422704, 0.559840684316373, 0.5899843186332168, 0.7177958645531022, 0.4868279074700064, 0.5602841610734256
0.49592406960836394, 0.4434574372663675, 0.6245291034777706, 0.5088202389093174, 0.7059118589101241, 0.24208821339715336, 0.8524948904131571, 0.8052229973634063, 0.5901121334132448, 0.39537601255206245, 0.694713068826565, 0.4920355060639247, 0.6079249072819108, 0.6708183638906207
0.6337278975579567, 0.6329701968709487, 0.6239301221499676, 0.6816308400317941, 0.6967493895096962, 0.27701107879742826, 0.38014467426063253, 0.3050673748078451, 0.49965201978091733, 0.3947480510638652, 0.39983275389112816, 0.7053458731386708, 0.5784459470073009, 0.8245417437808061
0.4839987798503857, 0.7061890719946392, 0.35545710213173165, 0.5311271421647836, 0.6168752472659657, 0.7216549876317013, 0.5038540802211174, 0.33468937194433485, 0.6182566522547094, 0.4782658049893674, 0.295715529188404, 0.5409969491506974, 0.5128704264138151, 0.1561452549663035
0.5314198101149747, 0.6175557045513355, 0.40393281502255496, 0.4426776555371058, 0.4265566646090647, 0.48095877987725993, 0.4939646431778475, 0.6863273940562138, 0.6702999963083569, 0.5096200792136403, 0.560015702327806, 0.43840136591636436, 0.5296164363163306, 0.5302064889244681
0.4460460685932595, 0.5164884386775609, 0.5395414843723139, 0.31367427225345823, 0.5611180620719034, 0.6766221091422839, 0.6647853312687327, 0.7029445026581679, 0.2125523478928522, 0.5222547911912985, 0.6225887611777547, 0.7428640437029044, 0.3125718511969995, 0.5900445768820023
0.40806481099240854, 0.6280740617718897, 0.6646276018961095, 0.5804915365806698, 0.8117325770010035, 0.26514644219920674, 0.5286404483847635, 0.5871190086078933, 0.4882002958408514, 0.6387035210939473, 0.7341926721965988, 0.716563865938654, 0.2579942057514402, 0.520056444943263
0.5732462952298865, 0.8015632194437117, 0.6796525117129535, 0.2336999787844064, 0.2808504977550699, 0.24242025334585898, 0.6580509675021853, 0.5584307282466191, 0.5445444405598794, 0.5741018289967497, 0.6273837357255269, 0.24182156257855025, 0.2890020931264503, 0.4525833630766324
0.17819074048950656, 0.7282279194824357, 0.3532367962546467, 0.18880978482844923, 0.5212871981163671, 0.5799588222085519, 0.5560517225248311, 0.350335516980006, 0.5870166648947893, 0.7361228841906321, 0.43538089910207667, 0.6368005485929026, 0.8106273825873632, 0.5318954868092198
0.6573292445419268, 0.4021630379416474, 0.37564969497838036, 0.377652098500253, 0.5826556415777537, 0.5096336253790593, 0.5667509360739366, 0.7501548810591501, 0.4675771817160177, 0.5240242478257294, 0.3626076429773163, 0.5014826331342306, 0.4661438862151144, 0.4829896111869095
0.6508978758063665, 0.6850512163430089, 0.3775173889994227, 0.27558279407543623, 0.36800333406316077, 0.35487204860748783, 0.4571479958497406, 0.59735915118254, 0.6661467615856, 0.33985467929432134, 0.4617307702481914, 0.39103338144279226, 0.29747178368968424, 0.45614210452286813
0.3846060277049891, 0.2593970780218546, 0.5232563262951633, 0.47454460586998143, 0.7143353089943425, 0.6573933249017114, 0.6368446832383505, 0.6810586871115574, 0.22119604211233895, 0.6016326093994938, 0.1858495168129088, 0.672466846380746, 0.10871434595339624, 0.5570544483921096
0.6170624254963873, 0.4332967950606156, 0.3321028611042828, 0.7111413525159616, 0.3761747496849306, 0.5229274367748704, 0.581928786893969, 0.5199552819182227, 0.6268354712800506, 0.6113414659270855, 0.5895627377025566, 0.611022974481828, 0.28388513030929086, 0.805875105931839
0.7685264208548215, 0.5043258537675406, 0.6748309132640296, 0.4877874612718265, 0.242127031939239, 0.3489198270560173, 0.5219853898527439, 0.6406324640930067, 0.4740558714045492, 0.6398526100386575, 0.7001691180399612, 0.5667740695915832, 0.37214845456235435, 0.47242775642430046
0.6683907461768812, 0.1937379411521361, 0.3019047566343386, 0.42384274764674307, 0.43216480397074275, 0.43635855468781914, 0.4836557896529374, 0.48979739271945827, 0.7242675312863076, 0.45503992583450675, 0.38467517231967485, 0.805327849365219, 0.34553238155808685, 0.3123098627045287
0.4188110094392987, 0.8065412075643594, 0.6012401644410613, 0.7449412783602153, 0.6202151907858363, 0.28255018915281394, 0.37657927049844553, 0.367269099946806, 0.5414190540004133, 0.5918868488891417, 0.6072314267189883, 0.51291062207591, 0.480270843514881, 0.5553173413185175
0.5856494346781146, 0.5908653183495597, 0.25974042173472167, 0.21446969942635463, 0.5306146565157823, 0.579494473315982, 0.5151328958167039, 0.38860634668820826, 0.38632163813368586, 0.597325388184822, 0.35014794286326123, 0.5930493200697075, 0.1449903432368011, 0.45748919028256946
0.7585886208340854, 0.40309043644453035, 0.7536341419104411, 0.6162149747110096, 0.7482945467395874, 0.5158740932305003, 0.5936305431930256, 0.688251910967597, 0.1198218138476434, 0.4270984487652187, 0.6997507613078513, 0.4781509238429484, 0.39207328309640327, 0.4237973472876387
0.6474967048002032, 0.5457394913229621, 0.43223339308590514, 0.6417632357302432, 0.36246730802888183, 0.25299157122806915, 0.2566993914568419, 0.03223956855477733, 0.5537060818398877, 0.21528946483381406, 0.3407614350388391, 0.7508077824843675, 0.5177380403627811, 0.4537449180777876
0.6585298072768515, 0.6626433021088017, 0.4590377994710523, 0.38033414318390135, 0.618441500385105, 0.4644492679202774, 0.3509774102329775, 0.5414620135000082, 0.3076986474740949, 0.4293010105452265, 0.4993660225499246, 0.508098524754531, 0.6932887439673199, 0.8692382609053648
0.41507581756111994, 0.41383834548970666, 0.2876569506704958, 0.5942264608673823, 0.38330770590527213, 0.46222304804435504, 0.5052154616475381, 0.31349278725281193, 0.1402056746489727, 0.033398199644037285, 0.4566539779537332, 0.17332996540442125, 0.46704077530830373, 0.5650370658386611
0.4942946138989456, 0.5355127763639236, 0.6455957656819022, 0.39595507422543064, 0.16522406417384627, 0.6807052942253367, 0.45135755573881975, 0.4207061095070443, 0.6308310736468924, 0.1581822312293285, 0.1859679602800387, 0.49163148811506147, 0.7712533907990881, 0.5166821230272035
0.5454615893714316, 0.496272548940402, 0.7248570418875985, 0.7664880496233154, 0.4721637476899502, 0.402739176307768, 0.6030076637038534, 0.440796629093685, 0.46815715619386267, 0.6033358732473303, 0.4586481676485501, 0.5314492710388374, 0.38942296533626086, 0.5659530246177684
0.5914769738763138, 0.3138822426239164, 0.5367889701858508, 0.3134577048514255, 0.8640407855471661, 0.45239002461080347, 0.3680640294539425, 0.5570950376595716, 0.49999895620649176, 0.4149527009293708, 0.47493369163659804, 0.48292522570271224, 0.6743435525713553, 0.6256874406065129
0.3779359692988023, 0.7670213850677425, 0.544927824719991, 0.22774240780700405, 0.2615192323923626, 0.47740807744117586, 0.5780988925994038, 0.7070677770311845, 0.5548935377418931, 0.5467424595683441, 0.6685860851902306, 0.3559529273273294, 0.6526503296184216, 0.3585483406158003
0.49020784703793074, 0.574214574394165, 0.5923789419706265, 0.5242289846446082, 0.684660124603157, 0.27713428166084064, 0.6106909404887106, 0.5460969431364092, 0.5059253404233232, 0.5219620437605332, 0.8511286770196177, 0.31588116684280526, 0.33659185178797313, 0.5646272187400356
0.4655815001053334, 0.4607368679894579, 0.34568474061023785, 0.4578472606121485, 0.20558355982481114, 0.7315450060962763, 0.507513487582041, 0.3440955410430292, 0.6079395582502162, 0.27897254215545414, 0.6186550216075979, 0.31977258295643474, 0.3390231122428743, 0.8032931018687857
0.513781308056877, 0.5386454659458633, 0.44729699188345895, 0.4446988983576942, 0.4166980026047712, 0.7780172722921084, 0.5463506628404522, 0.5304765894743821, 0.24906964780609164, 0.5776691091057574, 0.5354204465370597, 0.3400219805559918, 0.23849576361781422, 0.5919307894844172
0.39844940143272634, 0.6229094991730078, 0.22585499758745525, 0.5638905890677646, 0.4381959648781079, 0.6402543592047083, 0.7788842674393801, 0.6933648079667459, 0.5331497229464975, 0.25776942501975486, 0.3195525432112857, 0.7452777058545685, 0.4791868786194723, 0.534812188370153
0.45630459763809056, 0.6016371380126181, 0.3640066168330566, 0.3608940575108247, 0.5504402994067413, 0.5824618096608484, 0.1685078117667524, 0.6279917031732731, 0.6137757294021433, 0.7075748073071979, 0.32972391482493746, 0.5878227773334956, 0.4254411916860107, 0.43539464314895127
0.2930910982389756, 0.43449650399502215, 0.7109284905411534, 0.3222341179849024, 0.6051888408722507, 0.9236678777663332, 0.6029699712733193, 0.3160536143066802, 0.1741410721246266, 0.1851207166083989, 0.6270564958520941, 0.20751426223457214, 0.5059454192103108, 0.39659158272941447
0.45018932525082866, 0.7923295117885321, 0.3198979017138686, 0.5285961044592407, 0.5676755780795772, 0.7615182190490566, 0.6365322418579964, 0.1626238775783201, 0.5061823389274529, 0.7964699983289418, 0.7644045272428066, 0.590155701083561, 0.4576350762935426, 0.3388298695375531
0.2815573899975732, 0.5517455181572053, 0.27930769367722885, 0.18858892306602254, 0.5237216950679149, 0.41982275500689564, 0.430371600800712, 0.8047221193652188, 0.5277007329821893, 0.5549764437349629, 0.5951575530268067, 0.12117498156332085, 0.45432385508554307, 0.5515716506296111
0.4908804918290739, 0.49921787511623417, 0.5286740844109106, 0.6396534698313479, 0.30529612952461693, 0.5497023058506755, 0.34908615538355203, 0.19995371245349303, 0.6500873799065792, 0.47357056701671746, 0.6861847752020975, 0.4329650765612905, 0.48868229750703357, 0.298961905552845
0.6567214852121812, 0.564982641444078, 0.3558098992922773, 0.5338149250555826, 0.29176483630012356, 0.3089770137025637, 0.6570392728768355, 0.6094447134324037, 0.33839793916992333, 0.4797373045852126, 0.12199093536800415, 0.5463743614682984, 0.6812679876428787, 0.4898782048519425
0.49886859105459147, 0.6488849523811699, 0.4410353599165585, 0.625989859662115, 0.5898994929320537, 0.5136462347109648, 0.44968493483764294, 0.4632785272922166, 0.3136209363801668, 0.510952909226261, 0.34105987221831746, 0.39577725844355494, 0.31185561908740395, 0.5047407173387657
0.3084690902195619, 0.7218691187256749, 0.7380046262646934, 0.4130888711191701, 0.25574543735746036, 0.6180406670299834, 0.6859313560087754, 0.42918416470971094, 0.7209319718168271, 0.30341915245881906, 0.5415255752201087, 0.4909653223702885, 0.7117721182388175, 0.6558226322311983
0.5653883116212352, 0.24231827731523842, 0.3541640516854785, 0.5608886768067073, 0.3303956117247786, 0.5441733552809621, 0.30465898042406564, 0.3416631436052159, 0.39106792708433, 0.43248374468873046, 0.5625424128776436, 0.6246033048820155, 0.58703484983224, 0.4772069754261908
0.43197428857525566, 0.4212241233505462, 0.5451854108667626, 0.6372904269427438, 0.7422612115961306, 0.5202821494127934, 0.45739460831897133, 0.6264804648328226, 0.310492443889714, 0.4683034730580831, 0.6235450334135226, 0.4144609375792665, 0.543688959960948, 0.5172203267804291
0.601769634516822, 0.13764139914002493, 0.4156749490309235, 0.8395978466679154, 0.3891847854642894, 0.5187959722545097, 0.3635516402976279, 0.3146792340243165, 0.43145104944905255, 0.523303818990185, 0.9589622151899505, 0.10458148672295398, 0.5877350037821463, 0.4902546282062916
0.7251494459423744, 0.5170426021066898, 0.6105439910120755, 0.6568926089563203, 0.4708817792539407, 0.3957008122055672, 0.7921791548598205, 0.46693650530325337, 0.5780078162302368, 0.5464167771182876, 0.42117399951244705, 0.6459970340296812, 0.26848282229465376, 0.39214152484989095
0.8804737628246504, 0.4926097903714067, 0.5473551743204892, 0.47893963087201613, 0.32948939199031513, 0.3352025928451583, 0.3975945588869383, 0.27126065710724834, 0.3760195392666441, 0.4952700848886789, 0.7518633721126862, 0.5669675264037874, 0.33225001726433745, 0.5782851019268448
0.38751880108199077, 0.47806167770510677, 0.8256174796529907, 0.4564465708625648, 0.41262832227348656, 0.5992927543911473, 0.37525893988322284, 0.0944576985722782, 0.6588670371608806, 0.17364890337883854, 0.822768904332934, 0.7605031454165978, 0.32776550224108725, 0.36636807833924634
0.33623128776032424, 0.5577669174508715, 0.4781522135447558, 0.27029154572716485, 0.4508938706472654, 0.16508494701836168, 0.7694174785516412, 0.48709453922306334, 0.5018612285371971, 0.5903812737521287, 0.476459290551064, 0.5289279224774475, 0.4308749469387191, 0.505630828824617
0.25413589325711405, 0.7814754500758614, 0.5611686132460247, 0.3403346338996944, 0.3973904955263017, 0.3207138674268233, 0.34856535171551956, 0.5266312672638205, 0.5595786553383313, 0.9575346722901987, 0.4309861068063532, 0.5257486234522603, 0.6911252392864464, 0.5207860702592281
0.3376040613267584, 0.5372675081513124, 0.654308770818605, 0.7957498898565969, 0.5481280409682856, 0.30003586596043136, 0.6504658446052193, 0.4535600149212191, 0.46137376637635463, 0.2775759646918654, 0.44707778564792255, 0.7181156948189487, 0.4118146665024084, 0.6072788941176495
0.5421747882339861, 0.31277706072053724, 0.556883801822567, 0.6510661983195014, 0.44437288924736446, 0.5163057157421262, 0.44818328221064224, 0.30648339203955105, 0.43560461976154224, 0.2524949512802264, 0.6820794471414366, 0.5144386935685192, 0.5553371736544946, 0.5856307270098282
0.4911560105275946, 0.6348371147753273, 0.5295750286455653, 0.26776232968459346, 0.26674579534683135, 0.4265213793666395, 0.5509143980461316, 0.5056547301228155, 0.4213832018016853, 0.6798679896571664, 0.5756143326097314, 0.5770594190288343, 0.3534871744868343, 0.35000841647419445
0.4532553617794618, 0.4361141920591075, 0.7805865919700892, 0.43110656986924095, 0.4590722496733076, 0.86035853905853, 0.6885630862599462, 0.2848804566415978, 0.6391381676773533, 0.3160328443977482, 0.46345406699305725, 0.4590147893940742, 0.5378119835971, 0.46467178351240557
0.4896360720630365, 0.5232057957529451, 0.5922879675397773, 0.48816029978848624, 0.6093633543832229, 0.5733613919503595, 0.4687211271023843, 0.20140212010654684, 0.7379695436836295, 0.5086218174276181, 0.38428610331966456, 0.5926798468668144, 0.6221754424448775, 0.6676790576706231
0.631362871702468, 0.49652869649304365, 0.3250970533993949, 0.38268654242002176, 0.3920141877938916, 0.5959644156475566, 0.6653377493750058, 0.5111166163294228, 0.5123464822084917, 0.08862387037188402, 0.24234641166012583, 0.3091060796894982, 0.5277456893841526, 0.35171476623779185
0.7675223052450626, 0.5852583372241601, 0.5674472222862399, 0.6071557739396297, 0.4027463872718943, 0.5674783191369325, 0.4498669462952027, 0.6562178635953624, 0.4822065096427326, 0.5845626059117902, 0.6392114881676092, 0.41215576625317385, 0.7100997865171623, 0.6982232862620469
0.5392199969531792, 0.7576198668748485, 0.8698587709163852, 0.4699911734107138, 0.45709445435839874, 0.5196848678465555, 0.6118685340196515, 0.6516880197076835, 0.8059445134841765, 0.7097799271873313, 0.7367951182901475, 0.47236203290487844, 0.49296593937232686, 0.5032392623418456
0.730070449896367, 0.7159129385771946, 0.5581344506957521, 0.30579530982810377, 0.46161767729145875, 0.6769324832920659, 0.10455800476810684, 0.7506847659999571, 0.8569805877382675, 0.5875783492982066, 0.6204419128132395, 0.39259918062056126, 0.5591612210513687, 0.2856145288558909
0.7336159060267303, 0.6047194427574781, 0.22468334320665972, 0.29909603389820716, 0.5981582830060483, 0.542780751027998, 0.6305936279980233, 0.3976860854788827, 0.43374450308445317, 0.22242272723390366, 0.3734544841478852, 0.6372025485976548, 0.37167921097509543, 0.16506210305562474
0.5757012983689349, 0.27400451222466277, 0.25592270461029004, 0.5485716566834384, 0.3622182364952951, 0.4399089683273229, 0.6782416784448928, 0.4429069698890537, 0.6851235160306197, 0.385909068864011, 0.32700894393022717, 0.5084145726732475, 0.3921010578976022, 0.501438010834233
0.33217670133148114, 0.3976325375483717, 0.5172456016883434, 0.7729219357528947, 0.513026666363519, 0.5481425596194989, 0.42254794212893937, 0.5869861870582754, 0.554804635139007, 0.5668013945782605, 0.96832629213148, 0.4080154255981392, 0.6341250826283112, 0.6495782740253442
0.41806773369904326, 0.48463249704651806, 0.8300194407348341, 0.5830320424190525, 0.46696500549027764, 0.4017029357208349, 0.5612038908286678, 0.5446196534110626, 0.2733625161977473, 0.6490691933817284, 0.5330632929191711, 0.3103038054955314, 0.21308164547567926, 0.34955988886372935
0.5905528903944101, 0.6160301167878215, 0.5585248038590489, 0.4474251458729574, 0.5246971795562041, 0.6461155336573272, 0.8213486151602576, 0.6270187796440132, 0.3909928529756429, 0.19795610949475279, 0.4463799437308942, 0.3037766496659048, 0.35465184409869044, 0.4205658017667192
0.5793475330792777, 0.19295382358753732, 0.4785387314300096, 0.5691754529854344, 0.7399208605023466, 0.38181744546062296, 0.4048126903592956, 0.4225432519538232, 0.6212757886225464, 0.5251701751373454, 0.814268529341785, 0.42016484661414627, 0.23634582963689077, 0.6375643946750374
0.5995306068437578, 0.42975655026276405, 0.6235682818405973, 0.670410886926395, 0.4595582670782255, 0.6036728251617975, 0.5423561726054638, 0.290828553811631, 0.5096295140626382, 0.6003825766816917, 0.7200316341360817, 0.34609723401003956, 0.5590089544313585, 0.682336241657246
0.5716857485994697, 0.6613959827530127, 0.3749524552712979, 0.4027891589567928, 0.6348076193599136, 0.5215636422064107, 0.5287500477664444, 0.5394676061522319, 0.30150539122513664, 0.5283286878981954, 0.43220286985757317, 0.20772233502829862, 0.5253678968672626, 0.4325208362886025
0.7107000806686791, 0.7075185370937045, 0.6399853878570767, 0.7258525490520613, 0.4457661237762029, 0.7506990590345102, 0.3469225766487758, 0.4277971988217225, 0.6905972049562658, 0.775978975903235, 0.603645195552393, 0.5639818737584642, 0.25532829290412484, 0.5220841944323662
0.3126127891857562, 0.23279125195348538, 0.5995638160132244, 0.4569093660356289, 0.4257470793913172, 0.4393717905683101, 0.44237830996032307, 0.8950217100589208, 0.44211076541770616, 0.4191294691778746, 0.6883682177519097, 0.48996767072626923, 0.5835112562390429, 0.5832450121158753
0.4700173037820907, 0.5513928424404498, 0.5493771726765213, 0.47877232928657404, 0.5545281277909531, 0.680770393159176, 0.17129743824486998, 0.4820253664183027, 0.6715690433692707, 0.6946609737512746, 0.4580820438756887, 0.2585946394725679, 0.47750766468741546, 0.6124147559354007
0.635130998828592, 0.5655849099678762, 0.4130751282538369, 0.10562757656530664, 0.2529357375222623, 0.6360217371339146, 0.5341397733146527, 0.21256910537143908, 0.5972054634117112, 0.4422327781953701, 0.5194986379354851, 0.6767032085383051, 0.46536744579548756, 0.6229737967713679
0.3842642017063334, 0.5994397379065135, 0.5072560453232595, 0.5596658772512512, 0.6710064483731445, 0.6064649225713736, 0.6177741326399813, 0.29615613183333517, 0.4299770978619198, 0.7631549495071257, 0.5343823628278587, 0.3925365027872304, 0.5167509728567391, 0.5645603319518306
0.7748409607590399, 0.3009072810088206, 0.4241002546264591, 0.5157412636736344, 0.25844160956516105, 0.5080165773500478, 0.6020760427660271, 0.7715634506855895, 0.44782783826139516, 0.5865651618085388, 0.47590500059812824, 0.11421727281730581, 0.2268677843318045, 0.5215714516773478
0.7298896690539307, 0.8213370413568704, 0.40606167980222213, 0.30459248497961394, 0.5413583214204889, 0.2757694464183684, 0.6573066066273932, 0.7553729208951372, 0.48633925771439357, 0.566319227088387, 0.5671132089046474, 0.48883899129346775, 0.4210570873631842, 0.49665859904082127
0.5242731299606834, 0.43644555368436333, 0.23207641972736004, 0.6506588051185264, 0.8259012036822719, 0.7249670686145198, 0.1795689192451807, 0.6007267069121246, 0.31116224786311464, 0.6224722085219188, 0.4439398730752125, 0.6841148310118927, 0.33958249664731455, 0.3425114748688296
0.5817512264340049, 0.5249094806271648, 0.4667320473376356, 0.3422862062343034, 0.5113475914964671, 0.22825489315832936, 0.6366206072162968, 0.2976709172019021, 0.37309492134585776, 0.15997215893486127, 0.4430759152676004, 0.6840853878117049, 0.44943513838452703, 0.8212166998446622
0.2326777526939776, 0.35093324551871474, 0.4260472079057989, 0.6409522530075846, 0.4545706232900334, 0.39850911496614927, 0.5069914456669711, 0.9282936484163675, 0.544798061201538, 0.06701667723806104, 0.27389736517338564, 0.007498533543751185, 0.3774922633277942, 0.590498384638521
0.566606043424442, 0.36139516502950264, 0.5099104331969675, 0.4873539082555913, 0.6191252212830687, 0.8379380569056561, 0.48432951553377995, 0.5679981676087795, 0.15491415050938484, 0.6901755434905783, 0.5252538454516102, 0.7084547593908168, 0.543260013585959, 0.5764210367084229
0.5972286177473705, 0.3328090281682824, 0.5249747428804474, 0.728041608064745, 0.4837033249744031, 0.5794136976138401, 0.744915001412652, 0.4994925175859119, 0.9121645531394644, 0.4663139432207948, 0.08022377972036726, 0.4857431412963426, 0.8831730571658825, 0.381332581378272
0.4985407925482918, 0.4924601464288032, 0.5487914601681299, 0.3606800856346992, 0.40552254257198567, 0.4619164592562575, 0.602279908235809, 0.43094278319615487, 0.41475359324571853, 0.5659353348030475, 0.643990875275001, 0.5830194853936426, 0.5667763589191736, 0.746912375972828
0.7925820834087018, 0.7032657823931399, 0.5028012537017205, 0.23026815851608656, 0.5053155944578064, 0.313901684879629, 0.27765310879741506, 0.4193968935745004, 0.48176211668603636, 0.47635818723999046, 0.3820623250554802, 0.5622457384209076, 0.26334393666877876, 0.6032172708209536
0.23425659083037914, 0.4321456729732156, 0.3456571327789227, 0.5163985410868519, 0.38816378227515547, 0.743514691278847, 0.3607996472507438, 0.5172582557184916, 0.4028696322929989, 0.5013570372316942, 0.5945391922397848, 0.3930599039640803, 0.43892822488508, 0.8718265702737662
0.5260404729959804, 0.5452783333988481, 0.26207501663224286, 0.4857033240739949, 0.6433249011995107, 0.3629400324998682, 0.6632329719023742, 0.8329359595170294, 0.6268690828870955, 0.47045102660970967, 0.4183833311301233, 0.567458119766369, 0.5324178869463757, 0.4418373018592394
0.4186551161198732, 0.4479640202860964, 0.5657822283069577, 0.5619194551748392, 0.7537377547230778, 0.5665807319311262, 0.30057656748388073, 0.6695033640690264, 0.6055635311670327, 0.357323580818394, 0.7024440212263681, 0.5275682969460946, 0.6584906447553264, 0.25788453984090387
0.42258711307189445, 0.6895421804309548, 0.40608134893756753, 0.09612356626710084, 0.527387805122039, 0.6585473745539723, 0.5852945285507751, 0.47126272993106266, 0.25194010451522264, 0.43140456539141325, 0.4536410406419311, 0.38832428629227833, 0.39327231008115304, 0.4059386142797453
0.6276516864209709, 0.6524720315958977, 0.2708406256140636, 0.3616749160358773, 0.4817581390834765, 0.33276395496120786, 0.2867928843158927, 0.7988400289186179, 0.7696576841400669, 0.9391296828282605, 0.34984850622726044, 0.9838520875437143, 0.4960336662632964, 0.7534976099317612
0.40459620546364533, 0.4666486266094801, 0.25262350199566674, 0.5838373987791242, 0.6530879313745381, 0.7277275984288184, 0.5129266408494366, 0.34907084860356946, 0.5407227620086145, 0.7958971585797355, 0.4064298292037288, 0.587945269602076, 0.6282237317597836, 0.7925313289709783
0.6624749656122394, 0.5838873880656846, 0.3385523911847143, 0.3500705173065991, 0.4593629138608223, 0.7186140850618175, 0.6303773110595203, 0.2616620072522398, 0.5765778445374206, 0.25183361054681797, 0.48110383652024974, 0.4074206905786559, 0.5548109239804011, 0.7087256375262515
0.6419460822897891, 0.5478709303150822, 0.503987015275268, 0.3668627135912827, 0.5519294813839902, 0.3941182545596243, 0.5037859892490467, 0.23196868985454688, 0.6583068389819714, 0.34904923409906363, 0.6085216076729447, 0.6192810900081172, 0.4900303143252087, 0.5115828158754525
0.5118580462343724, 0.527160134976106, 0.8804504523007823, 0.6376261415110813, 0.6436920945395728, 0.70449769982731, 0.661242900231364, 0.4349461203027404, 0.48265376106629526, 0.3164762629289225, 0.2581226476459758, 0.887164040688328, 0.4172494096344103, 0.8931628298933701
0.2010075859610948, 0.5836389604007806, 0.2583179439028943, 0.2721781991443387, 0.6588347230467226, 0.5960473883237978, 0.4770380995603634, 0.5107437057026215, 0.4553754741322611, 0.4190695235582851, 0.38378306456743083, 0.4354325236798319, 0.6387200231006103, 0.40171519689669477
0.3136401666646604, 0.31879787803822196, 0.5523251155327576, 0.3358740844013792, 0.612886740908678, 0.4003077550032518, 0.9683250562746794, 0.4539358900174316, 0.8435436775398684, 0.0918086158472406, 0.19605539661587096, 0.22341078000910708, 0.6095259180295585, 0.4176175033618284
0.16222032563502603, 0.6194064442077113, 0.529916827381025, 0.41309504617395243, 0.46016389586964135, 0.41704749625299814, 0.6750364711547124, 0.4814765806516659, 0.58793417104102, 0.5940742996329432, 0.4652704189030111, 0.3130261153365729, 0.5145541904640476, 0.6770047671576497
0.42556551375349994, 0.5927512391635825, 0.44365229758147046, 0.48030640649414974, 0.5696103172725736, 0.18465156638514407, 0.5913182380461619, 0.8289163663128171, 0.5111136828957487, 0.7392946485131013, 0.6095664518857109, 0.3624784432236001, 0.71916005691039, 0.13087322724278483
0.5495774594792984, 0.605135624481187, 0.29840762601193926, 0.2996419100556931, 0.6737152114037501, 0.41372199625331485, 0.6605570428075274, 0.5268192107531887, 0.413291518469313, 0.1457943773606033, 0.530150982745861, 0.7051830828650709, 0.6637388073837713, 0.3148368562542544
0.4756135039563735, 0.22935203956, 0.4380881605477778, 0.39804929371946374, 0.5259341597595003, 0.6575262578590289, 0.4090760587410487, 0.6179030192498393, 0.3582421046779738, 0.6396334737067523, 0.40316295738993646, 0.5249960716624954, 0.5048679438689111, 0.748783084999793
0.6563910869515245, 0.3306304303970533, 0.39754456768703317, 0.35377491417866247, 0.7786787920191358, 0.33983458957625473, 0.6500572943401599, 0.6602676497418685, 0.15039532324352223, 0.4333040748474114, 0.6443917627682267, 0.4166079475531569, 0.6353536460331111, 0.4240763306456363
0.3084141337565191, 0.37668692887141053, 0.745322612703269, 0.45652862522762305, 0.38863843502807005, 0.6306981474398812, 0.3948518546414544, 0.5807456728469016, 0.5302097475288067, 0.5791803313543776, 0.5089121082991466, 0.32224989849966856, 0.42257013397900856, 0.4352119518996572
0.000484003977437,0.261925495484,0.99730269513
8.93364499947e-06,0.117299212172,0.676893015656
0.00084470074284,0.2729745409,0.90594084375
0.00105272180515,0.600983621302,1.32644106098
1.03190235949,1.25164270891,1.79397554564
