$x1,$x2,$x3,$x4,$x5,$x6,$x7,$x8,$x9,$x10,$x11,$x12,$x13,$x14,$x15,$x16,$x17,$x18,$x19,>>f1,>>f2,>>f3,>>f4,>>f5,>>f6,>>f7,>>f8,>>f9,>>f10
0.5437157745436844, 0.45533647252265375, 0.569765596356073, 0.6452483117065884, 0.37981620864545984, 0.5376641357743545, 0.43860994122949126, 0.5684754059265946, 0.5691865085092933, 0.46434142686633023, 0.4993197853531259, 0.3707891115924585, 0.44781355153553914, 0.47449869879645257, 0.13937268208719278, 0.7844692392351167, 0.5974956858292836, 0.7289310839682357, 0.4237144498082242
0.5101388523422706, 0.5412340495929167, 0.3422957664839626, 0.5237440010195019, 0.503156223958782, 0.8299175161319116, 0.7009166435319621, 0.33074257352472186, 0.4322826608423599, 0.5645468702588511, 0.5650407596791351, 0.34597531530606, 0.7212930446448726, 0.547768661864458, 0.6670299642188604, 0.3693418735114216, 0.7172308955711664, 0.5379304176812542, 0.6729784651861611
0.5160357685482901, 0.5514669686978814, 0.44757997364617264, 0.6029703263391474, 0.28028577507594704, 0.4523301415383717, 0.7112272440882137, 0.3067647200066771, 0.40673453722960773, 0.5696073960910306, 0.5927988958446586, 0.2945039203293158, 0.33173586112747333, 0.3066752184472621, 0.34704549748481583, 0.2225614437693293, 0.6169267535956953, 0.7183312417010135, 0.5374559212297508
0.4065512958968463, 0.4030639660149804, 0.5669496859260774, 0.7585135141563447, 0.4653894945588391, 0.45791016818895114, 0.623632913743384, 0.44933208910743044, 0.810894959045928, 0.2608292249169716, 0.6197744849180918, 0.3593518201191237, 0.5049283695501596, 0.25448469140311447, 0.44084797284469934, 0.5218920576155377, 0.72737459301958, 0.45749630728613744, 0.1880745816306485
0.5242748994049529, 0.5181183618686772, 0.3117793708448999, 0.20204150080988192, 0.47700449451972965, 0.5170852162386974, 0.3014598883416569, 0.3126068356371032, 0.5780513358304188, 0.5409325571877021, 0.42227615631635684, 0.7101704240760319, 0.1446925384938741, 0.4624556735774535, 0.4304854385046214, 0.6690458111381171, 0.5867844249259296, 0.24696799118724144, 0.5905975751841478
0.5160743545448324, 0.5691408903307722, 0.6270864935628035, 0.5953753420013478, 0.42991361058999655, 0.3496312618570286, 0.5665010524648143, 0.44420201685945737, 0.6379451246649459, 0.9115308228222558, 0.5175461071775715, 0.5111653252602497, 0.7573598841880251, 0.6046051141952086, 0.5215842676033176, 0.3898641048555746, 0.5380169914233638, 0.20026325381087234, 0.5980256683232168
0.3232653600321168, 0.46877619794253766, 0.3816521922917123, 0.49148719619230996, 0.2514939671523114, 0.5725394143479028, 0.522925696362085, 0.5182757598737473, 0.5575679437968655, 0.26702786981471327, 0.3026412305535484, 0.7788747013002152, 0.27681503263338103, 0.9491809638027011, 0.31803909019644694, 0.616623351458876, 0.05312419534881746, 0.6716919426704263, 0.15776819361707362
0.2955345605874209, 0.470270151627167, 0.5408929872648989, 0.38475598317706483, 0.5138939555794851, 0.5187328936849755, 0.8317365827075163, 0.30393646922313333, 0.17341530080381595, 0.6571167293069127, 0.5622681958502572, 0.43661479729640645, 0.37617457225179696, 0.49598012383703927, 0.8037898311486983, 0.6827396093447324, 0.744882803231872, 0.20139412563840353, 0.540746999281617
0.30306024222236333, 0.49664115187499536, 0.6614576175455457, 0.6931917008852793, 0.24612691089828254, 0.5482559251376107, 0.33424413577138634, 0.48915490410845813, 0.40817706274612486, 0.34984404661891894, 0.653540601383102, 0.6548733870257879, 0.3945463736487905, 0.286855159838255, 0.6082826065481873, 0.7137368296060698, 0.5141416187916924, 0.46064326311549847, 0.3845390984513425
0.743856596959882, 0.6679696452662489, 0.3128693506068436, 0.18115400679680782, 0.5276314926801904, 0.7121263385917581, 0.3923545393082665, 0.6127574193249685, 0.3655131769505874, 0.2667790465135209, 0.4801559253494764, 0.48241091629837735, 0.4413207248527183, 0.4878254643966871, 0.3638665812416104, 0.5781650033574737, 0.3828167281764836, 0.41046285870403365, 0.4877955331015459
0.4734903855540391, 0.6725985580778935, 0.2259902445164364, 0.7099645890339867, 0.635847634100765, 0.532420066080601, 0.6035200662719764, 0.4051990098606955, 0.5129425924790638, 0.47616958802166526, 0.5148770857697483, 0.40161066740110984, 0.5726384319358523, 0.8366447333935796, 0.23019824479580808, 0.3643219601808296, 0.4059179702718505, 0.41956320465807107, 0.20401577732029497
0.784761057621191, 0.5530795418725538, 0.5238130808298358, 0.6284428439771215, 0.21368395541205126, 0.6338661488635208, 0.6279627924104435, 0.7616019326547439, 0.5109844725656155, 0.38246298895553094, 0.27583487282889857, 0.08788022974330945, 0.287036699512739, 0.396404697347676, 0.5040226074377314, 0.6246248019119645, 0.3985841638813233, 0.6570245037140706, 0.6192889181075466
0.8013194780451164, 0.5921641347828798, 0.3090482803629847, 0.3831609972147649, 0.4836107784345988, 0.4555874877849023, 0.4349059749357269, 0.5874132168888697, 0.5609363286605199, 0.6219149605620495, 0.6617800134755316, 0.40414174970029193, 0.5709815854566924, 0.558536728589816, 0.5481476286081924, 0.5543099912017944, 0.31006196810119313, 0.3584265582297403, 0.36138502645310433
0.48471863635364276, 0.681269766551504, 0.09021258026894807, 0.6640028211632305, 0.37461667272401816, 0.5766599634638915, 0.3298565646534732, 0.2139363874788729, 0.6655113766076338, 0.5884700878290685, 0.4946868081075981, 0.3998705169331277, 0.3082877921782318, 0.29699707576240186, 0.3976961209783115, 0.47458767301454813, 0.23516193770434607, 0.7039557189221279, 0.38015584141243935
0.8300147887426479, 0.5179228569612315, 0.28357200695883045, 0.6146547895966376, 0.4550417424221366, 0.5390174739000805, 0.5641604547402788, 0.36026008269961163, 0.548621767606845, 0.7219477365143637, 0.7462340269837926, 0.330429954021534, 0.3752841022727662, 0.37998090494316555, 0.30732787815904494, 0.3287839381838102, 0.3110010284993941, 0.6708551994067101, 0.6542987388239618
0.24051136367933595, 0.4806262796377573, 0.6350942993813222, 0.24452253922887557, 0.585617485865693, 0.8118456533098237, 0.5155001282183317, 0.4946261672173422, 0.3399560720765048, 0.5152770436526334, 0.34876222552255004, 0.6220950605566328, 0.3539978960534076, 0.48834261339432294, 0.45562246920678806, 0.5506201240210703, 0.5564115599028199, 0.4659271394362249, 0.4889393662003381
0.4625172485100322, 0.7077591018321157, 0.5080161882825043, 0.50271069830322, 0.4061505584041636, 0.9473781813818625, 0.7718941557159313, 0.9651853208240748, 0.2589124808084222, 0.49698752501465737, 0.7052731293957725, 0.35393577280088906, 0.7432036214669848, 0.5737332952431675, 0.23602164712174822, 0.8063040037257092, 0.4280703656528361, 0.5649954728637622, 0.7909259817256205
0.4797298871986351, 0.4958652039039673, 0.4357988394847302, 0.4225874277605342, 0.5520124520554835, 0.4189841054948267, 0.36887219158297446, 0.5308154454407645, 0.47049697126713674, 0.5096568767605987, 0.16409956659358127, 0.33574780340451205, 0.6053665627981979, 0.37401002541081907, 0.26642833938037863, 0.6962309804894882, 0.46675995742009313, 0.5231773861407926, 0.6332502710723085
0.6974051300567934, 0.7160991777549683, 0.3870347946785061, 0.6209283177601925, 0.5138981843644648, 0.8260944064308093, 0.758295836682235, 0.5363710059620352, 0.5206270164134534, 0.45090404690286245, 0.4130298943652226, 0.5773136991179906, 0.5521039783987299, 0.49382683665373, 0.3303307385889294, 0.5913957872029565, 0.5871751819582346, 0.6004709169847129, 0.5800037555955544
0.6282699357820276, 0.4289430267046627, 0.5111397693670171, 0.9334891912129013, 0.5064993791063251, 0.414455471432922, 0.609998109471193, 0.25608426481372715, 0.30052289529256143, 0.5772607303672312, 0.31095067017418776, 0.3953096764766642, 0.5661042916133717, 0.1911065564827404, 0.5323710541800538, 0.5529496342421423, 0.1677528386867137, 0.5577500244633649, 0.5487986013116397
0.44964804045833123, 0.694439376198557, 0.5284442647357954, 0.7902843014660939, 0.5426727741852068, 0.5952384156597247, 0.32746223508948535, 0.8385511806732732, 0.48301272037407594, 0.6509826002888592, 0.41683326471490556, 0.4271135551540056, 0.7807686083936601, 0.5012353302797651, 0.46302930101047757, 0.535612698414447, 0.36620551168239834, 0.5665551038518586, 0.7866348610977555
0.6528598492296502, 0.3314235852868369, 0.47914478043080766, 0.547138582960076, 0.43006541548743665, 0.3415599988352367, 0.42641360801344635, 0.18549364698699866, 0.2648420003351014, 0.5761136496343565, 0.3688455616497751, 0.5993185886399846, 0.8493134195339027, 0.3980856214749097, 0.6872429206608269, 0.36465996801102396, 0.5344304127357606, 0.4279013096489679, 0.45936108061473535
0.2028305879901317, 0.2439141895296454, 0.5994863496190146, 0.5207622187688764, 0.555085138038911, 0.8425930545479687, 0.3958197960056096, 0.6155802043944725, 0.5125115131965192, 0.3972968886091014, 0.37609187748022865, 0.7834352467334703, 0.4559466476726701, 0.604722166857735, 0.8499723668554768, 0.8339279792160665, 0.3498465037008024, 0.4773472137654273, 0.49928507449871523
0.6955373500029827, 0.539634136323162, 0.5861590106263359, 0.3781710222103919, 0.6558605490130243, 0.5215832287408056, 0.7118610818462499, 0.48522119195046304, 0.5036627143261604, 0.43097530381577975, 0.3999147329769157, 0.4569631255809655, 0.5981929193814408, 0.4599830599121966, 0.29908019038470623, 0.5734880903033827, 0.2700581986275453, 0.46636895390317995, 0.6688850898368593
0.344428977678644, 0.3115956835994941, 0.3142082328594262, 0.3475696614736494, 0.27630766515555044, 0.6547993435408199, 0.493755701906218, 0.39826942668053195, 0.5828984597515984, 0.4193262610890171, 0.4683779374112419, 0.5449394278717952, 0.5355911729662006, 0.453019374519892, 0.39804802264781775, 0.5438677346660695, 0.33545492392183085, 0.4004013547741915, 0.755542580803222
0.5699689009816629, 0.41754775439649827, 0.7945094584703711, 0.288049865439573, 0.692450611073607, 0.5010498671045411, 0.510262496982978, 0.4870403151332467, 0.5086885565238087, 0.5296632831864516, 0.3391351571537937, 0.7500832391842234, 0.28776608949295723, 0.7562370344454787, 0.5944870071211786, 0.43499316019459633, 0.2997669452793923, 0.4597726366930367, 0.5680920305431503
0.6236389771665336, 0.5483643390120687, 0.4434220191032123, 0.19971540006665944, 0.5808043193980642, 0.3167460744790633, 0.5225283469482629, 0.4978819859730878, 0.3421238251923304, 0.5334647163102554, 0.247146913998399, 0.7229319090856523, 0.6183205224361988, 0.8177311037511305, 0.5251807086922924, 0.3944636899825704, 0.5326225672120929, 0.3191659988314896, 0.6532243751164445
0.45187451590557615, 0.8036152691318083, 0.7082915694968674, 0.6656159122183742, 0.6165270329550869, 0.5083266137636737, 0.36866982749226906, 0.47312774006077246, 0.2939032740126727, 0.12416686179214331, 0.5891415131278955, 0.5246105790716649, 0.5024270623214034, 0.944795899398047, 0.7530972552178821, 0.6424779828775973, 0.5552988447919427, 0.32103759481437977, 0.40230094073368994
0.40375689408798565, 0.5644618422877795, 0.1822890289698964, 0.4487536244406876, 0.6525982814581892, 0.6224683509607852, 0.20332739891762142, 0.46253771542239824, 0.6002668557426081, 0.41904013210437896, 0.35764350356197805, 0.7032152541418721, 0.4603578732126585, 0.7772518464981526, 0.46225890140201, 0.2424655454405933, 0.35335842188388966, 0.7174243375348994, 0.3407918507181498
0.5024483212852868, 0.21433830198185455, 0.5288042699023129, 0.28825140191833176, 0.4985899992173466, 0.6833879453629306, 0.4648240788044876, 0.18521284849336095, 0.4824153227736608, 0.5340057106224207, 0.7690525636032219, 0.66132194111984, 0.2991588093062544, 0.208953178706917, 0.6810723012851084, 0.17958717116253403, 0.49773379603971857, 0.4933762655408714, 0.16276819783516672
0.31913637605926404, 0.22003821446757604, 0.4424108929078591, 0.6011768107750328, 0.40137848546627763, 0.561509818225199, 0.6897601752229954, 0.5432575302538586, 0.36447122860168946, 0.6279268129012742, 0.4991808355162482, 0.3955702556542656, 0.7917910856804748, 0.42314562805279826, 0.6753818515465311, 0.4507478848046945, 0.3788976192310188, 0.34741244744449995, 0.6907997356498174
0.36340252554827984, 0.2907878610097749, 0.6835503871258382, 0.7685416859137394, 0.41333982344155257, 0.2657405725483699, 0.6328701067693485, 0.5242219352867029, 0.4265164102093536, 0.43354321821738406, 0.605891736451316, 0.6075825103101888, 0.3318440386157682, 0.5752982689361111, 0.25747985751856295, 0.8443132015844776, 0.5617408198496613, 0.35785086974200214, 0.5976490342866976
0.40233374500503316, 0.5646365143370855, 0.39563207925217697, 0.37236653614161774, 0.7447591156080052, 0.7483132968324826, 0.529266473009975, 0.2540118365909989, 0.5318265412957178, 0.6812106456682527, 0.2453995241767316, 0.34940555323689937, 0.2521642982780294, 0.5408827475062464, 0.5701440534968822, 0.8210938474516055, 0.37624518779998894, 0.07377126813313706, 0.3411626811977787
0.6870695427363176, 0.39963741694612875, 0.688296953396703, 0.4218026453244319, 0.5968509478649959, 0.2668899521109336, 0.29933961953917565, 0.40399548952161246, 0.46562919880254605, 0.3237071518895792, 0.4022633042252618, 0.47502558108867593, 0.19572580172948545, 0.5915092936560548, 0.5677323005849513, 0.44492530127914265, 0.36809365528815585, 0.8063106375408491, 0.4771061621661343
0.5364509837425846, 0.49099777900604735, 0.6449612244379961, 0.44654777904866993, 0.26295884421903015, 0.7065777205283824, 0.4869495558873283, 0.46819193183511393, 0.3974304975736679, 0.505925643075821, 0.6025165461819146, 0.27988577592719044, 0.5571088051800992, 0.6343201702530228, 0.4198719166220414, 0.5729174267654094, 0.5032920134900402, 0.7435969702617727, 0.7339256027267815
0.38676682153834524, 0.2630414015975575, 0.5786383045254099, 0.7593864816159792, 0.7315493208278984, 0.6821843443584459, 0.534476884074383, 0.5318685959269869, 0.3357041371380371, 0.43200527164522895, 0.8104912591965594, 0.6343123694876953, 0.5316859216270711, 0.6158466267707237, 0.6320479848129795, 0.43614692446516, 0.5452947389086267, 0.3723009089030559, 0.406783214567648
0.3996112119715041, 0.48371165478901584, 0.5628989757909122, 0.3735871171850192, 0.6083741672595069, 0.6527154395546981, 0.3642498495535253, 0.5678606512659141, 0.40539448833306424, 0.3163659114770785, 0.5388574801602648, 0.5551689759842404, 0.6905551505542539, 0.8163910184820622, 0.6247118235615988, 0.6368780357133662, 0.6047094260480057, 0.5201087813529909, 0.5522538187215111
0.31926580734147947, 0.5605240544973679, 0.6022298979521117, 0.3431435955881126, 0.9245022893317829, 0.6200847397445826, 0.31247190594772795, 0.3815674145533058, 0.5469147204654612, 0.8499309551093357, 0.5597208231335957, 0.45502644884738286, 0.4017615002282334, 0.37602495538436553, 0.607822957775726, 0.3535294457154039, 0.38968518426186216, 0.6762623952315466, 0.5282728139861561
0.15441106006424937, 0.511796612378423, 0.5126461484917914, 0.4074109015264634, 0.4554232983863087, 0.33682595344957283, 0.34331016527010455, 0.322090490507557, 0.5795130282465766, 0.7120254515140727, 0.5636886513107275, 0.4918266485073954, 0.43445694201235574, 0.7192940578655371, 0.5116335071909724, 0.5949933695483063, 0.5288420290547586, 0.5656073647130644, 0.7936039697555388
0.27770968624323855, 0.6007070429011934, 0.12684501132768833, 0.33970647914652685, 0.44771766933175483, 0.39374717819020566, 0.40734122940454487, 0.5761845493508709, 0.5119316548840303, 0.514135246607455, 0.6789394194195122, 0.631889454722168, 0.4211394217225253, 0.3316770669731563, 0.36923304010565045, 0.6136187240486132, 0.25236654459957486, 0.39329403654059536, 0.7645603850496477
0.4458697184359067, 0.5564308120376167, 0.33658289851355694, 0.6106305500604186, 0.5312998469501924, 0.304493237846864, 0.35375267678434097, 0.33912979059785153, 0.37756961716255755, 0.23383887383090607, 0.5980682872027003, 0.3560432116008604, 0.6896873037651398, 0.3630947364114571, 0.42219848961234047, 0.38347341676772184, 0.6166789396610477, 0.3754005287000973, 0.22844505786827568
0.39485904513107695, 0.7962791025213699, 0.5464230392624149, 0.3913847429568568, 0.2820585729769292, 0.7541784004475809, 0.6303194614469868, 0.38367354927831254, 0.5806448443722914, 0.8216565766698077, 0.49659583719124706, 0.4887622191952373, 0.19890267038055148, 0.6032316483807745, 0.5307372312328728, 0.661491035599409, 0.5738588977266147, 0.5074141522033006, 0.6141176464491708
0.6502345045899998, 0.5187517890808679, 0.19942188338701594, 0.4890180235327816, 0.17048500816456247, 0.5336273275485919, 0.4883031576475805, 0.7229951582782108, 0.6878290427786729, 0.5156141817466529, 0.4965772103453385, 0.42467239587148964, 0.3598766083631426, 0.6007677228756154, 0.37097467548875585, 0.2877847692217819, 0.3762533053667826, 0.28578735468397576, 0.6406281827123856
0.4013130059635385, 0.07735881989215809, 0.5996980485974269, 0.21796959591176956, 0.5616099737325373, 0.2145279688802793, 0.3051487752539009, 0.4624082058626685, 0.6410304851148879, 0.42309015331071165, 0.6567812129877357, 0.6551753733444173, 0.5926276923763064, 0.7335978625234555, 0.48208224342072226, 0.641967848245571, 0.496102989660979, 0.4536597399331874, 0.6551638256113452
0.4833559354700466, 0.5664863780022718, 0.4413230854321606, 0.42189167329359845, 0.24831504228874746, 0.3102203028100762, 0.2658313477944737, 0.7588083977623081, 0.8085376653385158, 0.6588740948742942, 0.4867199512071265, 0.8920414527342806, 0.45779985487795694, 0.3685431339025798, 0.2944841479779354, 0.2556227007508636, 0.2955847352639037, 0.648766820214436, 0.24885238619513317
0.3592715204711332, 0.5912200268785275, 0.2152524302804587, 0.5217074097795077, 0.33229774962321545, 0.5631038121004742, 0.6380330407075674, 0.307031423466979, 0.39583436203538813, 0.3892454841012364, 0.2971668074838749, 0.24920856493189825, 0.5805993998922614, 0.3062567354979439, 0.8285831839719536, 0.7909056900592449, 0.48828668388245705, 0.5464093369270882, 0.443526152245307
0.3913572353284762, 0.689448071359479, 0.46290874615526334, 0.4736332295359008, 0.40572515241700113, 0.37835628683325995, 0.501732898510468, 0.66487034096584, 0.26961573271230516, 0.3261691788109923, 0.6385227207895847, 0.4371655573682513, 0.5943115772393734, 0.5451775322441018, 0.24410214752270276, 0.32818288692506153, 0.40071971537506557, 0.5128685657209854, 0.6760901889651476
0.2799506145849104, 0.5263517403415141, 0.4007301259366401, 0.5311723713220314, 0.6780900880383295, 0.681465267127181, 0.7062963194409684, 0.6656362201168904, 0.4387537067316633, 0.4435752471874882, 0.42310069654764204, 0.38288496904210995, 0.5523275698361565, 0.4816451341747359, 0.35002888865226645, 0.6464740582935427, 0.3324706569031165, 0.3124698453325915, 0.33546823606822357
0.3489732652129701, 0.4305714317973929, 0.547476683999754, 0.43991926246499635, 0.5626434703304398, 0.4573611460951435, 0.47801966214506475, 0.03315626913017522, 0.6808295913046548, 0.4555721352414538, 0.4989004313908583, 0.3245477679391359, 0.4777754651951844, 0.3398908178919109, 0.5546857268596284, 0.5314301203976212, 0.4538861175698421, 0.4896047711430254, 0.3513390207730983
0.2947906887945106, 0.630368435742521, 0.48320621002395225, 0.3088926446033171, 0.7586723826483294, 0.42499935600122807, 0.713121608035293, 0.4375961575156966, 0.8233391541239141, 0.4534131422226719, 0.49573200289856695, 0.4726682127143736, 0.4963623235709519, 0.4535518270148948, 0.4915487291362193, 0.5409642150642683, 0.22753292373248651, 0.6079569164835812, 0.5127569725833797
0.4586978192645589, 0.5699874264316298, 0.16248375470293464, 0.3280563298272674, 0.38004052280041556, 0.5123558822394821, 0.5190941894504185, 0.387766315370271, 0.5524470597408029, 0.6204377961933584, 0.7158862627845041, 0.5405197849943489, 0.3538088460840761, 0.3368753819714554, 0.6027281573757044, 0.46554003621695605, 0.3902655929453137, 0.5511968136142453, 0.5191655715214616
0.48868683716579936, 0.5597911653112995, 0.6011215657044462, 0.5585696061418473, 0.591086541700407, 0.27752722481068376, 0.8158026308783468, 0.3916675088634032, 0.4036339483069295, 0.643474393927301, 0.5480893446068795, 0.323753423130029, 0.759774246092446, 0.5914345630880331, 0.3865760169997441, 0.3201237387306148, 0.6088256260651028, 0.5300971821775595, 0.8528172054188575
0.48969958592788776, 0.6060270434597057, 0.4116343426977847, 0.18024510421878726, 0.5198631370958079, 0.6406608475573711, 0.36393988428519386, 0.41306303015706913, 0.1711222122749647, 0.31322790618932345, 0.2879035783194957, 0.7604244163195012, 0.40792820955832676, 0.7033252840144661, 0.5160239876046203, 0.4009231894273364, 0.2063553816221036, 0.5151907879825908, 0.5818486767537138
0.7615019380235627, 0.3234920869278092, 0.4452558905053997, 0.5827660985420056, 0.3517354311754776, 0.2226532499953181, 0.28515003108446657, 0.6405580813991244, 0.36240159839496305, 0.35193792112074657, 0.12171389645824732, 0.25177262029843595, 0.5182985135086088, 0.6303541575348407, 0.7040472585376997, 0.27549193590060295, 0.4781833158669552, 0.5719069738169369, 0.5783025867168371
0.4991637206133948, 0.22724945609961572, 0.45966759531698675, 0.27066737722072154, 0.7098837638695568, 0.5510749159852769, 0.30239681048689004, 0.3092493910731394, 0.5256136599655923, 0.284131412632625, 0.2488401252895076, 0.47048011440105536, 0.5370979385447406, 0.3815636428414255, 0.6288963790594797, 0.5869983605941529, 0.6211595041481164, 0.3025444084634529, 0.7793594688097761
0.5161150063668299, 0.46431318825882606, 0.5046492954814473, 0.505354573161411, 0.40346795610042346, 0.31249377253957616, 0.6293285678933259, 0.45590126532793396, 0.5332907335541621, 0.4899515271929181, 0.7087183516786328, 0.17228536367751002, 0.403272265099582, 0.6735561190888288, 0.6034718826807642, 0.6153386890552189, 0.4259843266823114, 0.580058807658698, 0.7103887675314944
0.6192326538775018, 0.5534552489295285, 0.7416111822373301, 0.501319286134688, 0.8240168617133705, 0.44831743963710796, 0.6492460218187468, 0.37140644194163286, 0.37279463931464885, 0.7078579157578564, 0.3612611730342092, 0.5555684804114955, 0.33793234255600807, 0.392931669761506, 0.5935927554374685, 0.6710098266036539, 0.4017379904673241, 0.5971145418880168, 0.2231144959735048
0.2914649174296001, 0.7928990201599101, 0.18756052323589573, 0.267294053567338, 0.45407374341305734, 0.5435845916026164, 0.32996626374547827, 0.6159019993678378, 0.055138032523094516, 0.5482305823017575, 0.7734534238133206, 0.4634404611188633, 0.37184668004657945, 0.3319975215850889, 0.6667748009373377, 0.7329083298499848, 0.7097274595828739, 0.13998825178820784, 0.6007102240677099
0.7408550152732682, 0.21484028508343384, 0.7312315307415578, 0.23194585166107218, 0.44932042935276123, 0.3889548120496599, 0.8630351578402097, 0.42118706483319407, 0.3630882882433537, 0.8147751085156376, 0.3986108025388373, 0.39100888804887113, 0.7418443076237049, 0.15306903052535503, 0.5433335514536078, 0.40336456435035606, 0.6005902844651503, 0.30714920477080293, 0.48184553770424726
0.6922303780993773, 0.5605721674712546, 0.5724674513140857, 0.5326357284316051, 0.30058656276646584, 0.6439379052506093, 0.5264431847619947, 0.3811488698380018, 0.3983778613709963, 0.5129216898427987, 0.441082950564533, 0.2983791038108148, 0.3272217481638573, 0.6959097376806689, 0.5305156917966032, 0.5121514012248981, 0.3684595850264367, 0.7846016286257971, 0.31895445681770856
0.610970518413282, 0.7435039929128842, 0.3501766497184068, 0.47436374709196427, 0.37017729163970525, 0.24291972362113096, 0.3571219507703433, 0.4505853377245887, 0.45316716990519856, 0.3341294035691432, 0.6506894856164585, 0.47224593751044724, 0.764397361666307, 0.5334725220872081, 0.3527107083462322, 0.6760184867242439, 0.39282606737480974, 0.33637830932668783, 0.47522130144985186
0.6047379458192736, 0.41523914830932174, 0.4702958223019984, 0.28953445780038334, 0.5448152826637639, 0.793315905804814, 0.5722852291113326, 0.4790120158818742, 0.4477829312506948, 0.6502336531682251, 0.7043231534170927, 0.6124838015357785, 0.5631500386978519, 0.9184419727885722, 0.4592200891650815, 0.4189321387767949, 0.5065269768979526, 0.7283698752009495, 0.46580909150080224
0.5387019736959638, 0.5053587515642515, 0.44803553528007073, 0.5781428449094822, 0.22991107878102945, 0.6525135630663554, 0.46155991350837383, 0.44451062401373975, 0.4678983192836305, 0.4497929551682236, 0.2222365021101826, 0.5916755524195437, 0.43114218563345086, 0.34038315896837096, 0.46484533723734933, 0.623556311198993, 0.48427117681185744, 0.3462026849677641, 0.29936164254871306
0.45896441567283774, 0.7578765789689527, 0.4604690668270062, 0.6928216007285395, 0.6328870826485482, 0.5252196816389978, 0.38575810941876987, 0.4148842212529734, 0.40417036292004294, 0.6699129442248137, 0.6138276815305361, 0.42363932968359463, 0.37339025750292626, 0.687687274455942, 0.061402566375578393, 0.444588530243377, 0.41916465756519916, 0.5364957489272661, 0.5923253325985923
0.3931012469056792, 0.469878719490258, 0.48098435591395455, 0.2862121702114102, 0.5400441761171848, 0.46519597161530946, 0.21205298349327806, 0.45112789052649804, 0.6701192180404452, 0.5511539145849838, 0.5371984003401106, 0.5667917498668538, 0.7632791391640517, 0.2546758370766478, 0.5899234748269254, 0.5177581344669792, 0.48163750817907214, 0.5995555368228852, 0.4235086143732958
0.28920440950808646, 0.6897046539825984, 0.628526290178723, 0.6906494248888655, 0.4227493973325358, 0.43182009553080847, 0.381640931890842, 0.4663829207061023, 0.49019360056657857, 0.4818507713583116, 0.6622233095218597, 0.5902556280161888, 0.41703544123476616, 0.3826008156249692, 0.7228545951520597, 0.3276800020864813, 0.4868599971651392, 0.5514179600603425, 0.5887955828051064
0.5054311389061914, 0.6118661982519394, 0.3919715550570745, 0.3185359215402562, 0.7781427726441201, 0.752859498049989, 0.43071542261912416, 0.5647666389138899, 0.5058798459863844, 0.48599359351093546, 0.6511490107222617, 0.5140206206649086, 0.5775182027741242, 0.5206255036790672, 0.3398732367246201, 0.5449096182861791, 0.3474945191642361, 0.6742921404184387, 0.4191054141583247
0.4874507042525761, 0.524138702551532, 0.5429263905716406, 0.5399713100653407, 0.4595149275264139, 0.5323917830091509, 0.5650172901857927, 0.503715431071366, 0.2657123285025389, 0.2242143242210506, 0.694285061271125, 0.732361624755538, 0.679822034571428, 0.498990780396263, 0.3467617725765918, 0.6582792482464624, 0.3195266993308477, 0.39904997456246777, 0.5544725783635684
0.19040424946929102, 0.4668985926374834, 0.43083512475597874, 0.2756059128979106, 0.5328956776236884, 0.371702171469169, 0.2409604346649934, 0.35005178143194293, 0.488136247608581, 0.354296387965892, 0.33733446592335925, 0.19850479576221458, 0.5232229751727905, 0.5331283145439554, 0.3577015299853814, 0.4208483025519992, 0.4616148008335943, 0.6107643733392027, 0.551777632211313
0.3919650078846468, 0.584040031904101, 0.46031564723751905, 0.16265188255330626, 0.32642279463217694, 0.48750813369508067, 0.3444726229562064, 0.46677020559450116, 0.5077286492649962, 0.3482817300864255, 0.2759061464463518, 0.43050279344527886, 0.2027385398915425, 0.23619961844885762, 0.5996314666949016, 0.36881931498500703, 0.5159750885481087, 0.6428320229879805, 0.43729583212711765
0.48050729278957344, 0.4797443410395916, 0.43019690455032744, 0.057884138122199946, 0.2654095651327443, 0.23203960906842708, 0.7839418907105022, 0.1460934635280015, 0.5668897298288, 0.7865060876548795, 0.4329680019987706, 0.43074094162511817, 0.6196446740709656, 0.4796358850625738, 0.3357845455502343, 0.5879825663648166, 0.5296239688797296, 0.5590283154357074, 0.5512343150664122
0.16645777196773182, 0.562660283809859, 0.2503687503147909, 0.46403613909647784, 0.2253001421940326, 0.29351840413106406, 0.6440616933315577, 0.2310424274760483, 0.4490338411161782, 0.20713946754872226, 0.658459060860722, 0.5583570453742934, 0.41341341813090693, 0.38629018730420367, 0.4941904792537808, 0.46390841090869417, 0.5691042687786466, 0.42854202375722844, 0.5015449840525088
0.3449103056474836, 0.4674220078471113, 0.44860955748419734, 0.4187219052528728, 0.4657254549730852, 0.3059947527683702, 0.6300113288153182, 0.28875219538361924, 0.08653759707312764, 0.41657739953434963, 0.48614571066996715, 0.5882744381763854, 0.5562847257346909, 0.400547269076109, 0.5976246026592802, 0.46538166273836845, 0.6542827562275506, 0.8384052575944332, 0.17089863109070869
0.34147149667494964, 0.5869029024036848, 0.7423023639040703, 0.6228549362499815, 0.45706522375034675, 0.6735038271206886, 0.37382986670289065, 0.4643950708068607, 0.2195676522405428, 0.3336928858507876, 0.367832525214528, 0.6110319076288164, 0.6572648647822587, 0.46156477178769684, 0.6981991371622077, 0.4672435647606375, 0.5542767752044682, 0.4471946889897805, 0.621415754178084
0.48586244675937246, 0.33082759426742786, 0.38773175034881036, 0.4737392561247554, 0.36126955995834426, 0.4148896329369699, 0.5579382481437971, 0.5138666377156478, 0.5172248156400048, 0.45833825211239265, 0.6479549356456638, 0.2769285131606887, 0.5500746883858771, 0.46700854348629467, 0.39820597765529553, 0.5382671876967805, 0.48094868906548793, 0.8743337010522081, 0.4859025383547386
0.5994070243661475, 0.6135447028383386, 0.5978307896650986, 0.22110930691479547, 0.41868947480242547, 0.5941845915027277, 0.5691956231075833, 0.47652762217577904, 0.6103034042354629, 0.5413182564780259, 0.10880772614611928, 0.5477455484607823, 0.40327470318937975, 0.37214508197726326, 0.4866135393077504, 0.4386063585766165, 0.4839955276334738, 0.7266015017446201, 0.6522482892390957
0.540582608015846, 0.600364429898617, 0.6363216679587149, 0.500810050826408, 0.24794142797152313, 0.37091317344835345, 0.5180244444413638, 0.9257804840228452, 0.7282314327008852, 0.26513305979995494, 0.21792892053431895, 0.4508276290232492, 0.44444831472115676, 0.4428128185771624, 0.45409281095503273, 0.7063450541539085, 0.5731786660571955, 0.2511305847025256, 0.6297165515215334
0.49270274347831694, 0.19935928852919865, 0.45343347815527346, 0.32166388904252824, 0.3604123467900342, 0.38901703835460677, 0.5378110713019989, 0.3696071177671233, 0.5083945191726589, 0.7933093018890928, 0.5245126526370847, 0.44708718279363485, 0.589192789007198, 0.6950810828519519, 0.47764255545308915, 0.42924721649618236, 0.4227670049974192, 0.6485371938710001, 0.45949782690786983
0.8066907900601363, 0.64294942828055, 0.40910110310129993, 0.6220215996085958, 0.45712823728014246, 0.310960749178845, 0.4661454450974693, 0.3481082789927597, 0.39594314324522656, 0.6017307623979741, 0.4876542757437276, 0.32860908725436067, 0.5837603362912375, 0.4570561051330436, 0.3747710286023441, 0.10100525263451349, 0.17796660830512562, 0.48237226315156495, 0.4582245657428179
0.18898985310951832, 0.5488616792954502, 0.16190408515313076, 0.5862665381015463, 0.4073057724652636, 0.7180366886439216, 0.38560311153173493, 0.5093227210742264, 0.6906253985532284, 0.677546246836095, 0.8776539532334715, 0.4778829107188838, 0.5796631054492252, 0.6671101815827178, 0.30340306113638704, 0.4315029575136435, 0.4185528899874924, 0.6090399830293955, 0.48414039891403376
0.5191874479310615, 0.42099302988146065, 0.6359608145773246, 0.2586893458295606, 0.644358001229453, 0.49755398446160154, 0.8059377899926573, 0.5452790861187636, 0.5577645314738985, 0.19196561668143342, 0.45729970089944344, 0.24930171265155554, 0.9109332342848364, 0.6085337839620951, 0.590963601144021, 0.5777550504105256, 0.34802883969833387, 0.6653904660524665, 0.7314119516484441
0.6530662219883479, 0.29854455339473557, 0.5556633399324159, 0.2492219388541433, 0.2111204639999944, 0.6311156582014114, 0.6560275643044113, 0.5973332645184253, 0.4796763778068218, 0.6696200697340997, 0.4509506205918258, 0.5460446246045716, 0.4216836743462744, 0.46251643915097307, 0.7613279785377521, 0.7267527601751935, 0.8240829915512919, 0.7317739099283003, 0.5747059045668063
0.4665352796851338, 0.5203183320198552, 0.2640832243348421, 0.4915134339757038, 0.48045601974130625, 0.48716526931689275, 0.23551036373821405, 0.5054958050151427, 0.5398054967992474, 0.45658685171105684, 0.6387475438844161, 0.4887286205345354, 0.4928653769586217, 0.794078145821198, 0.46636842353437524, 0.41349950845261996, 0.6878682832162304, 0.37064039513954755, 0.35197073287695024
0.20727200622202085, 0.326198626302114, 0.7448624452195745, 0.2871128324914137, 0.36956178924352484, 0.4663029196851457, 0.5332613120145215, 0.5166243393646544, 0.5005253122139873, 0.4143338310991114, 0.4415295236342604, 0.4599828573000622, 0.9788097404710481, 0.41369626078533983, 0.4435005287616948, 0.6300326649172499, 0.2516601327761447, 0.3533148476638639, 0.7858823692800043
0.7663366847716919, 0.8240802546321551, 0.5146494024434779, 0.7702766609317303, 0.19542437931460088, 0.28725729320924454, 0.6257638173427396, 0.8256923545500825, 0.4787119857669893, 0.48403808078585187, 0.7660100178612008, 0.5165350749552431, 0.6307397111887423, 0.5462841374871651, 0.4887365181015648, 0.17550992623029493, 0.40724759605582217, 0.579507307091707, 0.7304220284038645
0.4275893512691498, 0.534580239627399, 0.15716688795649358, 0.675841287834224, 0.49794762133867615, 0.5753060711745189, 0.43701397105145523, 0.33271396176089413, 0.4254332847714553, 0.4386561967780696, 0.44085261602543047, 0.5015685265258216, 0.538798958384815, 0.6424510367289987, 0.5450520968727296, 0.513678246546412, 0.6382462085246716, 0.6771501402913056, 0.35517965236576543
0.4103992006187981, 0.2787925512513299, 0.30453419022860895, 0.25455086623168843, 0.5722811925382519, 0.5211114151982361, 0.4155461183281845, 0.5823736654755095, 0.6532974326535963, 0.6588829106558388, 0.8402312031790773, 0.4808142584588034, 0.1615818352183691, 0.6190313053920167, 0.553900744930951, 0.5110668993672584, 0.8598113815222344, 0.5481508447447299, 0.6574265028949919
0.422114925169642, 0.4719579991647169, 0.4823144850161552, 0.2260051199950449, 0.16590862100859066, 0.5652667938970148, 0.42482847280266695, 0.6775801099056413, 0.593043272025988, 0.642365832521986, 0.8343799661238506, 0.591438523524637, 0.4241037803263907, 0.40280762357070654, 0.7717086866925738, 0.6265049897693051, 0.6620948833215039, 0.7822775149748912, 0.581117205526543
0.47241360806641414, 0.4925747001438161, 0.40697504412264673, 0.6956327301135616, 0.3047822916900522, 0.6314595811013292, 0.5070326544654103, 0.5115533579166739, 0.3530713453163546, 0.24818135721384527, 0.6423801200661872, 0.4219093424564866, 0.35726348653940265, 0.48852991585431305, 0.38796250428024065, 0.7709048910365854, 0.4876975321716475, 0.46414348513290726, 0.40375697176925796
0.5823243578019389, 0.4177815561654494, 0.5564193022089818, 0.5243814073545536, 0.6944685328419281, 0.42253997101963786, 0.5676402050878128, 0.4698808297770421, 0.3386722423945735, 0.23618641114734945, 0.45482648363301625, 0.860530458373908, 0.211966268341638, 0.5785761530482432, 0.844661672505124, 0.6581164913501281, 0.5351984272919555, 0.7326960358307688, 0.48672603904014566
0.4049614272760731, 0.684480727690723, 0.7953646394403607, 0.7316050997744965, 0.17788606595878143, 0.42738465142961135, 0.28483980001046916, 0.4527780837585973, 0.40451646464575924, 0.4889661873483394, 0.5333199097342596, 0.6710892592701118, 0.36914918054087176, 0.5579925686757937, 0.5214168944828956, 0.5951581430533679, 0.4574830836148262, 0.7270252053486999, 0.6064244530062594
0.35100182527641977, 0.6029484826737617, 0.6041643804640708, 0.6808292753327083, 0.4824773738572015, 0.5098478939158876, 0.5229723545386851, 0.34097784630923184, 0.5913059115950843, 0.47769898212179746, 0.3971513129095054, 0.4320854070398857, 0.41306589881998135, 0.4891718439729354, 0.5312055151535443, 0.8933852453816673, 0.6348119612057876, 0.348807524563038, 0.7048778222031291
0.5445114957044116, 0.4343500747987714, 0.9675721591601368, 0.4077541471541741, 0.5872934455991559, 0.7510996808853416, 0.6896355434295115, 0.3836608503438407, 0.422345036024492, 0.47885675540840006, 0.36063303576661926, 0.5127348339852035, 0.5699060084514218, 0.41526592700272213, 0.3923989709000736, 0.7289022680510712, 0.6554932237529153, 0.8099786387136905, 0.5291680518209931
0.35736861583754176, 0.28239364013568835, 0.1481610565798276, 0.15347196373986177, 0.18686295556548754, 0.700034521459759, 0.3217805601353943, 0.6305848265904657, 0.7430377782011763, 0.6636321580980769, 0.5320877898083807, 0.021962747923801373, 0.5947101280501058, 0.34867311162737885, 0.3474226260006966, 0.45538273233444054, 0.4904159275324473, 0.39789213310273874, 0.3188891755928134
0.4947202549444142, 0.3400081825165503, 0.11874332759008943, 0.4664589492541007, 0.5037270884248509, 0.26582396448130763, 0.6864735395437567, 0.6350762489840234, 0.4860006587141898, 0.4175029315197025, 0.40076990278584523, 0.38545416231398827, 0.6077476799903676, 0.3487520522505329, 0.45372633563143716, 0.5109382053635171, 0.2482021042823674, 0.37843867682185645, 0.2917420091288975
0.40903377392142726, 0.6065286052883854, 0.7696592916508287, 0.5394976413180155, 0.3793393092925647, 0.6275623269781967, 0.5260861466779945, 0.33799191559315556, 0.5783021769386585, 0.561085493023097, 0.3993321234816524, 0.29630005363457745, 0.5211135611060487, 0.6641815842130749, 0.5627959856420572, 0.4640980929808146, 0.5415146970920952, 0.3474137304869602, 0.5852974817977336
0.49107630333636687, 0.23000472371219804, 0.5960955152837424, 0.24629492519509205, 0.8733973117778889, 0.3133295060268963, 0.4803888197145134, 0.29894810125888527, 0.4283781675049836, 0.7545419881012566, 0.27210195182932695, 0.4959202529199239, 0.466189662698506, 0.565647109707503, 0.3816427830127034, 0.38607033615859954, 0.568511550137959, 0.4412626071417497, 0.5550975132270377
0.5815331661625318, 0.4916103800960851, 0.19787214567905687, 0.08792146231901232, 0.6290654985025311, 0.050497799422427325, 0.4754236644455578, 0.4087652374660861, 0.5569688930094945, 0.596246187883325, 0.3380983595728826, 0.5118527815991688, 0.5962392820568247, 0.40079230044004344, 0.7146832544344288, 0.36645052450096466, 0.6854293792525716, 0.3090100915028583, 0.29433928362707157
0.5818503510748803, 0.5087898604152392, 0.5814293490790602, 0.5494941867324894, 0.5585824444903829, 0.576734871459578, 0.3844451246659212, 0.644848448097149, 0.47842216903633356, 0.5682666860506022, 0.2546794857495823, 0.59740702659813, 0.356793646650684, 0.7438538674720698, 0.5385465462512842, 0.3859895064364749, 0.5654467475785283, 0.435058320749687, 0.5003757907083617
0.6164854886971806, 0.38276769138520217, 0.5060155461965906, 0.4672797594360828, 0.3357925431785045, 0.3743926610477441, 0.4111591933732796, 0.7138195084770568, 0.6871392904535883, 0.7679700783754265, 0.5590915195569255, 0.7151112469535228, 0.6750486278205059, 0.8589558266014818, 0.5920593443092984, 0.4356441172582386, 0.562842233637713, 0.4710550382571442, 0.32555458115863
0.39949908624613273, 0.5312819736268716, 0.7031722549532982, 0.6107496553982872, 0.3259866057701934, 0.6294092788852643, 0.45461156013341936, 0.46524233428988565, 0.26607342388335076, 0.3740507153686575, 0.40625230452076594, 0.5038962168194979, 0.3246371047042523, 0.3336597815899834, 0.3120183002163462, 0.5709661195208471, 0.4860961116180518, 0.3510621512827614, 0.7336353144743761
0.3406840404015855, 0.35636670546911997, 0.5316658354299189, 0.4213762340724361, 0.405606074772911, 0.7822744548820149, 0.5769871394942602, 0.2770828621164607, 0.559813074650579, 0.8474101265585265, 0.5910307437513616, 0.4571655985977973, 0.6018220664389027, 0.4347777547316234, 0.21920841422897197, 0.742257524169778, 0.22102246393213731, 0.5537780229694742, 0.6548233868221799
0.5435119927970902, 0.38428439440318063, 0.31844545664681, 0.3924607713446294, 0.7315470294872481, 0.7505400120182404, 0.47907991572961417, 0.7954251007696498, 0.2612900928818854, 0.7160698167738706, 0.6167650907034291, 0.31033245978660673, 0.6596703051026492, 0.4896304620125532, 0.7341527528046459, 0.788012518502178, 0.5076040386704868, 0.6785245318315758, 0.8108573815891954
0.38688877852116776, 0.374582559143664, 0.35367555712513415, 0.3993412791423156, 0.5098159159048717, 0.5587938361999006, 0.46359606741700726, 0.7954816201247458, 0.6461599611589043, 0.3419117702768081, 0.498330223771043, 0.48778085918901776, 0.43776916423722045, 0.17148314471385723, 0.6456004358206842, 0.4671852967960533, 0.4424132289336703, 0.7470817088194872, 0.7845435872620365
0.3966808402572692, 0.5863059820762053, 0.4932503112595919, 0.40126791463365075, 0.16296210358213936, 0.48871258294688286, 0.5970176809897374, 0.40670366724721774, 0.5508129096343702, 0.4407866511522491, 0.5219493755252299, 0.5043619897961839, 0.7287727827263886, 0.3673549036516757, 0.6344613928143035, 0.36744146905485864, 0.46265582056845195, 0.40596856153979954, 0.48098721303144387
0.30847689910547504, 0.7265622470147569, 0.4535326707441513, 0.3907495302889389, 0.8897059040392563, 0.7441187248511101, 0.2211447715733627, 0.5930282031665477, 0.7049942281668679, 0.3517060330716931, 0.5398832044443257, 0.6882377583063213, 0.3081080471104699, 0.5066827111023122, 0.4680768757971911, 0.20628058964283696, 0.3334999489600805, 0.5355961189531805, 0.28386360485351214
0.6966194789188161, 0.45002197976614017, 0.41856661790768174, 0.4516258246784749, 0.4466298125941343, 0.041296076630263356, 0.6247058536554971, 0.573401629144056, 0.46529936786905207, 0.3101641744188057, 0.19367602344749701, 0.41334626934163043, 0.3115424922157588, 0.39741469806779234, 0.569373580454789, 0.3834352524634035, 0.5355129230354015, 0.8522662339436244, 0.3638669532752703
0.42503024252726485, 0.37797098286907627, 0.15381348029239134, 0.44194257915194357, 0.3537383159439487, 0.6967496565299596, 0.5094818921919, 0.5455083732367288, 0.4833370838563622, 0.5741606706587556, 0.641711235355906, 0.8270862509662846, 0.886956625429707, 0.6710679967760472, 0.612580554321592, 0.8296970708505667, 0.41308728370952386, 0.7296234615967097, 0.7690324545306159
0.11310972156777421, 0.39605233640555515, 0.7127001640193016, 0.7112901622227128, 0.48942759002209685, 0.4842084589452685, 0.5945674310871845, 0.34724071258238653, 0.4500522616936893, 0.361590302811567, 0.4792916948732451, 0.661393041434531, 0.5640737557074382, 0.40245530087639714, 0.5144571384238021, 0.9571213101631468, 0.7508756185196878, 0.5632217987885711, 0.44596481054823717
0.5628471227124305, 0.6253107079300402, 0.4581029452945247, 0.34085805144978015, 0.8413014285071788, 0.5850300473789224, 0.6123969547290631, 0.5372530379603708, 0.46583993479107005, 0.5720988060570589, 0.3604503482784822, 0.6418338880537384, 0.6432701920936204, 0.5616422296988555, 0.5075162060356898, 0.450884126912733, 0.5615564174906417, 0.6564146722126809, 0.6379672549142551
0.4941374910445699, 0.5946605063044569, 0.46212239662112825, 0.5732607815046582, 0.1731796556841087, 0.2872150253742716, 0.2256365412905128, 0.5488873841828616, 0.6459550228161952, 0.4323263476829393, 0.5057327107189519, 0.5331037103395392, 0.49642912406961526, 0.3552413291664063, 0.09787646290249563, 0.5058398332650227, 0.48398358910945877, 0.9222067747859175, 0.7584596061212318
0.6846528035781425, 0.38188458506000517, 0.478159842324756, 0.3432356126226271, 0.5558269201435231, 0.5777343460579841, 0.30498862232173485, 0.48575609107976536, 0.4631626545578947, 0.41238522097831487, 0.40390589421706113, 0.39620418803845237, 0.45928379177738154, 0.40822393291287573, 0.39054105285400464, 0.2690972454094656, 0.11363572606131295, 0.3314575763043407, 0.43031218187490716
0.44050972708158354, 0.7126420570950629, 0.6865113615725726, 0.5060330692206485, 0.6456173580074485, 0.1821792374031031, 0.1905591998912758, 0.1275209897945453, 0.8901287966351578, 0.429694636193145, 0.4355530125403987, 0.5538575414491086, 0.456584231570075, 0.4742668061995984, 0.5168734680596918, 0.5456629320361505, 0.7025039740662313, 0.40528853195680437, 0.46161319565212117
0.6372155303218402, 0.36388855902422557, 0.7439439448679999, 0.4702434948796261, 0.6420832866590692, 0.3558147799622097, 0.5558433059873616, 0.35690556318634903, 0.3310922514124003, 0.4942352019934324, 0.3669229736613364, 0.5519277598367179, 0.5272067736096702, 0.5519087117607949, 0.367717484385266, 0.7207083715025343, 0.4510449737006151, 0.6786031814671858, 0.5032328929151386
0.27968985584736755, 0.39056052606946984, 0.5336369803009969, 0.2135953952148929, 0.7508295972185377, 0.3727450044141476, 0.46938816138238076, 0.23972987102798443, 0.7731018741985938, 0.5212951440847474, 0.6373172975855756, 0.3672684089483867, 0.6037917312616625, 0.45708538553576744, 0.7852364117306987, 0.6865597606346594, 0.36216465358204986, 0.8207167139061378, 0.6248761963604792
0.5204026827863532, 0.4222052178785214, 0.40574122108396105, 0.10661394629880977, 0.5066768241390122, 0.4165672505771496, 0.5093857321143728, 0.4560646843386151, 0.4619548892386996, 0.35562036506158534, 0.4808937422588994, 0.5543385089995995, 0.3629202434008473, 0.5093210134553182, 0.366963950979727, 0.29916848218442627, 0.6166881924573053, 0.6724569312148719, 0.36600149851618435
0.24768646579605552, 0.35442365260164116, 0.5194366739570374, 0.5046558435567193, 0.2635145018714262, 0.7850186847664606, 0.5968901410383767, 0.5663768307772203, 0.5691170801410521, 0.6048860522090216, 0.8928011779817081, 0.36983769676534733, 0.28064126613588464, 0.6741824827671526, 0.5538074890679516, 0.4872534783953409, 0.6736286686089122, 0.5774424029288566, 0.2590378622555857
0.5423223801572273, 0.46387786203671255, 0.35188980658225866, 0.5411784782165462, 0.6761476141639491, 0.4754133052691947, 0.5227007722667486, 0.44664338375884743, 0.5210856555827882, 0.17092219112017798, 0.5268694199048246, 0.3930231321932442, 0.7738716676921653, 0.17959233645010209, 0.3711147624809739, 0.7494109290674484, 0.42415278061141753, 0.6554224916811809, 0.19212433004541996
0.4610715192314847, 0.30593007764824764, 0.4691678971328313, 0.49899718716811536, 0.6043020414250349, 0.5842505146770225, 0.14842460544018132, 0.5338514131499988, 0.4598608873471236, 0.2793648331016307, 0.19657468340963802, 0.3450574296607283, 0.6539396136778302, 0.48113068363028383, 0.35509437150593176, 0.3693556751757645, 0.3468909766686173, 0.540193322710608, 0.41559117077378527
0.4234314883781794, 0.5447515390982228, 0.5886255118362727, 0.6596964239576643, 0.20333118390006422, 0.6703928158069704, 0.18424339570010578, 0.5961719227466397, 0.5517800327105584, 0.337660223153959, 0.3496874128964638, 0.4593362815179381, 0.525972939505807, 0.5503703511434579, 0.3396400472253328, 0.5950091786872844, 0.34576158195022433, 0.5695093174109884, 0.2787291760119429
0.31386464530951685, 0.7704316016922124, 0.7618751260754445, 0.656653720151614, 0.6207666289985876, 0.5238164037497828, 0.12682190899227386, 0.3942572178460958, 0.7613222652527982, 0.5094512480237733, 0.4906732589011699, 0.16611699647515576, 0.3004018055603987, 0.5432518430808393, 0.4141996217523508, 0.5988654879467099, 0.9362248845473263, 0.4543246374708698, 0.42569920025225194
0.17871456901977217, 0.4366522171567731, 0.7360589820547607, 0.6349047006825578, 0.4807189458000668, 0.5473155469724853, 0.432202999272364, 0.5641052611845105, 0.6002509442337168, 0.6158597162777277, 0.8497264788096359, 0.43179433125872424, 0.4138178417725895, 0.38105469347697013, 0.5729322343468078, 0.5421587938930398, 0.5745666708201329, 0.6983849526208937, 0.6646689705509229
0.5743116844741434, 0.38172927078531027, 0.5512675912721906, 0.43850844998211197, 0.5574939206872496, 0.4155414370101433, 0.19111095697584196, 0.37550177211321023, 0.713093563146285, 0.6153289712169604, 0.22197516040591192, 0.5636414702972662, 0.6511623843942476, 0.18655286793905834, 0.35792458116360554, 0.48248077503921616, 0.35561640439639564, 0.5869676149722801, 0.3654533884989037
0.509598885959012, 0.5668684164436035, 0.3393402406075053, 0.06175474820317517, 0.4653122502517776, 0.5223774809315214, 0.6814937830368857, 0.5248398170838844, 0.3889355288520471, 0.38118066617186286, 0.4027013079535594, 0.29267510686822484, 0.5929140185147737, 0.27674613421445615, 0.3731521691110778, 0.4785213646446415, 0.5331249593875632, 0.8461496036621006, 0.6584224670419517
0.723134529825002, 0.3859723643439774, 0.5022270460641374, 0.89163568459034, 0.5687931864066229, 0.5555645740596906, 0.4366438573778493, 0.5222413281571394, 0.5738580929136722, 0.5182118580919503, 0.5361821809363583, 0.7307769266099347, 0.6174275236954416, 0.5245879759337215, 0.807708804334512, 0.6864322969543166, 0.6072603584792884, 0.3974960209286233, 0.4775806035335821
0.37205999887873475, 0.6597848056643867, 0.4448608440531246, 0.5640195355420349, 0.5021814470375581, 0.2757369526598552, 0.42660681331112427, 0.7360543663279595, 0.14211817178182667, 0.6878359075748628, 0.7380624185458596, 0.3156579017786263, 0.5358451141125169, 0.6328923086372941, 0.47556911334291097, 0.5779787468577811, 0.3672125709277074, 0.43180727548471903, 0.3251574776095149
0.5396806735713713, 0.14010038482033943, 0.4089043577161524, 0.3295947321531603, 0.3130690266039695, 0.5687929890064647, 0.3165141100367727, 0.4734245370939846, 0.36699097021763916, 0.45015554106613187, 0.48427939290962824, 0.329782090272399, 0.46687951167913005, 0.6624089077032862, 0.49823935289867594, 0.1610537817070103, 0.5512045829963155, 0.7714600679629009, 0.6816623441467412
0.5139995781195279, 0.32134615735009897, 0.5048135849059463, 0.35024977498740284, 0.5741335242076792, 0.8654745777734721, 0.5185437144612592, 0.31035509686021234, 0.46934167589665, 0.6435411366412669, 0.4991072831261092, 0.3455238314592319, 0.5033707074647018, 0.4582228321402182, 0.46686500216875265, 0.47376934415609956, 0.2730342293463853, 0.5297736950115286, 0.5271101405234048
0.24269191697807269, 0.2978688841930994, 0.5427361276278565, 0.4996422838691749, 0.4783726585437591, 0.5639165796035044, 0.7044730307489182, 0.532966860239875, 0.6892776067899947, 0.31414143325299587, 0.32266785466530795, 0.36583849389000456, 0.38914026670527035, 0.3465928028607671, 0.7901426006232303, 0.5068909417508095, 0.19865187201311313, 0.3099114775907478, 0.5447148257377088
0.489491802440815, 0.32642957760823466, 0.5401841443698912, 0.3675731670508089, 0.4539247240616019, 0.4801425841732091, 0.6988580119500208, 0.4279514122368448, 0.5096554815616466, 0.5383149720938968, 0.21667730580819122, 0.3721415015572736, 0.5707686758470306, 0.2784563758362364, 0.731529580520951, 0.591772012979051, 0.41399269895953106, 0.6540222177383974, 0.323396120685109
0.434186140842692, 0.26604268728463065, 0.5737511639693413, 0.5021247615509852, 0.4622666860202218, 0.5108335828083169, 0.31611864008985485, 0.25213289950516254, 0.35142544164761, 0.42659771803882574, 0.40020229814501757, 0.7522406274613643, 0.7152590612584837, 0.5510699684463385, 0.2802237021851391, 0.39671522571091283, 0.7020258668496747, 0.5546597586993662, 0.4870500039187161
0.6614715421367027, 0.4194422267750261, 0.5065684228121798, 0.5045402511582497, 0.2884984065901656, 0.4162657884309882, 0.30321368701456386, 0.1698577420397559, 0.4854248593538461, 0.8949892365463559, 0.276052133490195, 0.4673527869304928, 0.4867387916634964, 0.30382719689084814, 0.2969122557978435, 0.4850829049633691, 0.6039413310810426, 0.466117207830188, 0.567237110852107
0.42630443893608216, 0.4935134752408756, 0.39352962489052135, 0.4367979201572646, 0.3213804592778055, 0.6578371450476448, 0.7535195147858449, 0.6430386679030398, 0.6273524631676075, 0.21054275141845868, 0.5577020084696612, 0.7464158534249182, 0.19510953777345552, 0.6578105351974023, 0.2648749517927111, 0.30607112448702223, 0.7008472812362803, 0.35506888534591896, 0.3230990541332689
0.6082841462572401, 0.3616210390407641, 0.4244989166391883, 0.5401501226075055, 0.8577455736566622, 0.6316486801792998, 0.5298415382750296, 0.4153497468687146, 0.4917770045899137, 0.41853144465611425, 0.48735512960252636, 0.6479973276475735, 0.4926893276165132, 0.3051590176213266, 0.40295123713932407, 0.5604804613702711, 0.3937675635002966, 0.32244534776248457, 0.9721069930027489
0.29287380287395665, 0.538531856504984, 0.21443479215461086, 0.26493877972966784, 0.45518223048798345, 0.6163322724867839, 0.9754566859594482, 0.4947627717528274, 0.6274871664285222, 0.38195966817377963, 0.37272672104048554, 0.7465624420747974, 0.556528621141936, 0.7792636480030286, 0.43044240021628755, 0.3000182931921842, 0.404311939125073, 0.43803633615385884, 0.5793920299299347
0.5874366240383277, 0.5592763818826527, 0.40484044178997103, 0.35075728502603354, 0.6488454245288944, 0.5445275458028077, 0.6489973732638958, 0.752705280802823, 0.3729927533550651, 0.5897885118546408, 0.5489055210069698, 0.4228289600899512, 0.4708758662803248, 0.7292838546681149, 0.2151116258820756, 0.694351303830337, 0.40985228178553257, 0.2218702445476089, 0.5188515717341347
0.259707100895142, 0.3612502774417926, 0.17385262416548863, 0.36029019823063546, 0.5769684112855713, 0.3914865161485919, 0.5622047181622147, 0.5346914115024869, 0.16425230022539217, 0.44484573314737086, 0.22749173754817043, 0.6586959512198043, 0.3148488775222982, 0.7643090068347328, 0.5892977948725548, 0.900275928861767, 0.35193013153260444, 0.42394785674742175, 0.4624710583700815
0.4555334623229165, 0.6866025081833358, 0.5565952176025942, 0.31423993967713565, 0.599859583112364, 0.49594731450535506, 0.6425505739214845, 0.4170106904034992, 0.6547647500741508, 0.6736861383605313, 0.3279386502301249, 0.435300300281064, 0.2186794215869, 0.41831245474392387, 0.5656019341810316, 0.43003271967462753, 0.4076997424144979, 0.5780062286366764, 0.3597914108789105
0.4610302200603603, 0.5798383906874864, 0.6804986948840154, 0.7424257349316493, 0.747548093773685, 0.5657410277929174, 0.7340070875706537, 0.11141161929037952, 0.6051554380331385, 0.616404580973874, 0.5055194540094234, 0.4738251783642628, 0.5557444391394079, 0.6197110601341067, 0.4204014104050301, 0.5666072434203493, 0.39461939701326376, 0.5449933492792872, 0.4648285009458459
0.40972816533043754, 0.6023837409798616, 0.5275433058116826, 0.4488150996965511, 0.5961923101042198, 0.6892479981612676, 0.7458988756277857, 0.5947141839344443, 0.268132951295193, 0.43652653756110865, 0.5230744487741703, 0.6179865857098196, 0.729825114004836, 0.4066264820159583, 0.56402247928133, 0.321210769358087, 0.35422207382734017, 0.6048987884477341, 0.24776242176883878
0.3869831997596038, 0.4984456537171673, 0.3453568334497259, 0.5958487962305755, 0.2670269535361317, 0.5534445162927231, 0.5522654710076175, 0.7211828035572262, 0.4465962178858414, 0.6262949323463993, 0.31885585608051065, 0.5392629721323767, 0.3512024048954777, 0.49757605352385914, 0.30925946485217887, 0.29759437688665036, 0.715465966050868, 0.5326953522045519, 0.41789614532098673
0.42647679063841426, 0.47635139830932055, 0.5117056083360921, 0.2203961753208854, 0.48944152242632993, 0.8900333688701498, 0.779564644769103, 0.7420823068743999, 0.6544953863897458, 0.7923980345910036, 0.4835749162725421, 0.44305582497256313, 0.31999622244675735, 0.6421597887092706, 0.48967590340001926, 0.7989996675015317, 0.31579610296348914, 0.7042284715043481, 0.517353317657228
0.4281046226748277, 0.5518010945315953, 0.5962247872590154, 0.553778966393748, 0.5053499583985076, 0.2829063544494664, 0.628211625715047, 0.4470017796258661, 0.42952187308213247, 0.6805717320011758, 0.6859509172402927, 0.34228346722551417, 0.40562541642665106, 0.3405027342441664, 0.0722819753705849, 0.3887741856077661, 0.8548209459596511, 0.521146715239914, 0.4308124276792006
0.4861367760483156, 0.5982086324871404, 0.43523058995593594, 0.7570869970271115, 0.33718016356202396, 0.44522119420152995, 0.5576473335301667, 0.668770048159075, 0.6380449851559977, 0.4535839557787738, 0.683917728947397, 0.48300151381116846, 0.3610116616292056, 0.36174116590830807, 0.26722286537929674, 0.6539174077032766, 0.23683442503636254, 0.8714219750209862, 0.5169838503835794
0.5388283389285929, 0.46719689811881154, 0.6971575003555195, 0.4613683323049441, 0.4392720889797002, 0.35125587309913436, 0.7168228053558461, 0.7130506645020986, 0.5611929058855862, 0.559395293473054, 0.374037879929007, 0.4845981324615249, 0.5129725907848817, 0.31720682707335834, 0.47826631093408545, 0.08678231081074494, 0.579044223379207, 0.4718607978241967, 0.3411594914337822
0.5048067025492317, 0.4719601322778944, 0.4862233253081363, 0.6635651245283924, 0.6004904553355209, 0.3395225794848904, 0.268458231506712, 0.32071073483217644, 0.6914153779149874, 0.6726832003410685, 0.734793242778195, 0.15415001193956995, 0.5220094577341134, 0.5638748838251646, 0.5107164821955689, 0.7788632995993523, 0.5618973327015236, 0.3450534447068311, 0.5107053565186765
0.5103844233030329, 0.6510402904821364, 0.40994850679133404, 0.6396188502529521, 0.46716348123290274, 0.3594477492762489, 0.2790198337289215, 0.3359748614132674, 0.47553732509472396, 0.6518155459601296, 0.7216561596234096, 0.8129520947851604, 0.49097568158803395, 0.603476205434907, 0.5029173855312206, 0.194093183271569, 0.555416970524788, 0.3998940440631938, 0.3972180015960846
0.5789671942552559, 0.5378148255146634, 0.6034771886845355, 0.650280012909216, 0.6705126269439211, 0.49266680020305564, 0.29828103454336025, 0.6378311991414846, 0.5798567514525037, 0.6706100101366954, 0.6104978763289912, 0.5136107857794844, 0.6148771825680962, 0.6971549650847068, 0.5645100560815652, 0.3968181571378612, 0.5083567373973135, 0.7428447403442024, 0.7033343018038817
0.617126514957575, 0.6788633559811572, 0.3152315688323174, 0.231130197678919, 0.5625241358868938, 0.6016604846460514, 0.3401099537157908, 0.6178531881219668, 0.2739372850793089, 0.43371349899489475, 0.5625580622680957, 0.6513855180531758, 0.35432781858078427, 0.4094439424764591, 0.3988658561281968, 0.38999514174702005, 0.5253280207590488, 0.27347477182896357, 0.9063028193059753
0.2398459528102258, 0.3987779268452454, 0.2556530967506029, 0.5472148751049726, 0.5949570684370934, 0.5932038943638811, 0.7902034620737041, 0.54172989711444, 0.2961146519606659, 0.21801051322315917, 0.35906994548822513, 0.583807624143255, 0.4892463987493101, 0.4370032045189153, 0.7486084811157211, 0.4624831906606884, 0.6953895696611107, 0.6263349600713237, 0.5333341461838527
0.37823085810479995, 0.5125938224270798, 0.45525324127598105, 0.5971743504245903, 0.5141363204028717, 0.30927191469810184, 0.21587861508317124, 0.416782380953248, 0.5431531996858646, 0.6471533472460651, 0.7048161398034458, 0.3104405254079665, 0.520560775612538, 0.4969480934440618, 0.4997723957092634, 0.5255985794637588, 0.7842168316124266, 0.20983312537374305, 0.5741526174080017
0.42725738266629154, 0.6901279849755985, 0.6099987298783638, 0.37657068273555283, 0.391215293091552, 0.3261132987142593, 0.5326449911749036, 0.6159848716535716, 0.5344593214562138, 0.4650878222232637, 0.35288519769883053, 0.4010649291336893, 0.5394646077940257, 0.3420398233715026, 0.7639520185788369, 0.1610705759901498, 0.410785709128471, 0.6533536971550169, 0.4077088183517155
0.42815702492994184, 0.540636630491379, 0.680071084210576, 0.4906717445324541, 0.641135826847435, 0.6732135144865811, 0.34134260795770927, 0.8145095378830143, 0.20500222197769769, 0.7070589428010903, 0.6527349803944096, 0.6774135485925744, 0.4491446666975187, 0.4319757434445567, 0.24944418514145733, 0.8174038075711627, 0.3582767107450763, 0.292147364043121, 0.3323248767833566
0.6665720714023278, 0.3338452823094886, 0.4564031707334676, 0.42405713393088035, 0.19879059964725587, 0.675020379583498, 0.471399172076368, 0.6114720571141978, 0.3294381904311879, 0.10045485636765894, 0.7173479080447283, 0.7156399739688104, 0.619958192139223, 0.5842158694151134, 0.17470152578882225, 0.6288136047552962, 0.6139570746148679, 0.6799933797994927, 0.27021742381415254
0.44610250961715864, 0.3163282818146632, 0.730851213386153, 0.2871985624968019, 0.42633319700667954, 0.2834691783013345, 0.4039670479958414, 0.17703461761444927, 0.39706205610405765, 0.41116839104816283, 0.45577230604475577, 0.47077482421744943, 0.765714345318985, 0.7299829798210903, 0.6627863622256573, 0.33403358445240905, 0.5347638279841906, 0.4231028353593518, 0.5631114117290167
0.6041373202422777, 0.6915741790689461, 0.21398238464311753, 0.65493920667885, 0.4630165664297136, 0.4216154441293343, 0.4025421290989442, 0.5124595015978936, 0.37216741565041583, 0.43566071385910277, 0.5381043711891715, 0.5087027047507262, 0.5712176624333823, 0.5501925015038371, 0.5522561033980673, 0.6297445390197267, 0.408658746479013, 0.4646831431046442, 0.32373077586349447
0.23696050895698495, 0.5099023356660792, 0.3518855832721626, 0.5700637471694829, 0.5070629896307347, 0.14449882606511077, 0.45554376437454386, 0.2985794791132772, 0.4345466416094494, 0.6933713382918683, 0.4495771317874065, 0.5580845549699796, 0.5048757147525941, 0.409042805573655, 0.5387237134628846, 0.6088160767609845, 0.8355391370491732, 0.5400366703861178, 0.36828926632664893
0.45535035624682857, 0.5537301860370101, 0.32407908577824784, 0.5164988092243965, 0.7475598731609631, 0.37335973812611445, 0.3874526652880501, 0.7992197262680061, 0.3319441990645676, 0.4459888145688668, 0.5851165104259997, 0.5138397585268123, 0.4240890568634615, 0.4533108020213805, 0.5151452688152223, 0.5923113304049101, 0.12218746304455158, 0.4663748759389347, 0.5942653961361759
0.5983759312638172, 0.3147266108749567, 0.33428257211060286, 0.5540546896567841, 0.6848614640463863, 0.5810165325320056, 0.6360918416708021, 0.6280921734388476, 0.4683339136556751, 0.6274552280858108, 0.3297547979186697, 0.23539796757442533, 0.5984576121701254, 0.46372770133823743, 0.21452810706062342, 0.5440960509144599, 0.5414301319091606, 0.4185675087930587, 0.5380604697677539
0.49020329633110243, 0.7909434314796369, 0.7213859187092453, 0.4956284530171665, 0.5188768034550113, 0.4650054680972449, 0.37033240631719183, 0.4278214423659892, 0.588279634709172, 0.4429033390594795, 0.6078272396754325, 0.29963959410723606, 0.7005696036041762, 0.1490136585191124, 0.6146020329067745, 0.5196330518472594, 0.5623051101830038, 0.6355761545680417, 0.6164671424498194
0.6126220230977779, 0.42201718145415756, 0.5868980254658142, 0.48032200556881977, 0.7931967386384664, 0.5447904525867087, 0.6889027823174462, 0.48119945187245555, 0.5179194392201281, 0.5297886046369422, 0.4544503963074066, 0.4509444880399957, 0.4668891710097164, 0.7108568111150928, 0.43269056163608266, 0.5009345485442281, 0.6785266390312888, 0.456173538743309, 0.5258909084014056
0.41958587309054496, 0.41629670559460097, 0.6650296945080221, 0.6122151335364503, 0.5662116116636282, 0.5250388686286132, 0.6649418032054217, 0.20712905167626894, 0.45342214592782526, 0.6032398313107211, 0.4246409572462426, 0.32366090258296554, 0.8906997646993959, 0.40950246316009326, 0.2457936103106113, 0.6495790556970104, 0.3938271958665143, 0.5007320055632238, 0.6689279666083824
0.6914299480315811, 0.42343881868436267, 0.6694444819188257, 0.7089213567162431, 0.4554850701314431, 0.5735130231956986, 0.5824035899925047, 0.5429473163772334, 0.565635926646755, 0.4247863113653896, 0.5249167942622316, 0.4791514473469347, 0.5577429908093238, 0.64330578792957, 0.5308289141262104, 0.4149461769464477, 0.3763399006861182, 0.33920696899640546, 0.42960475971261336
0.5475814575556497, 0.5228286096633437, 0.18435965123528758, 0.5568235038275977, 0.6319895785104906, 0.6717401667906112, 0.6894889533239317, 0.49203362592753686, 0.4791117082640153, 0.5787866094856096, 0.36574336207577374, 0.4684552503357, 0.7269876008901219, 0.40951332016433123, 0.37948282991870075, 0.4149281931434273, 0.6826920254564419, 0.2650806010558529, 0.3356660645051694
0.5128728055256352, 0.48942233392217166, 0.6223575734992284, 0.5641617499216918, 0.3084941236034914, 0.5266443459554919, 0.7033189040124971, 0.2754229507306557, 0.21423776584261217, 0.6958123259213064, 0.7411872242031133, 0.5404187044113326, 0.3410633349393197, 0.5507223456712224, 0.36668116471210777, 0.7547852307536298, 0.21556737286639077, 0.5208618161199627, 0.3267541465953441
0.40739251544243615, 0.157049883811112, 0.6739428564849241, 0.6413502111267562, 0.5780395896121666, 0.6137832854482135, 0.8439389961505019, 0.3989541505981792, 0.29174495188708116, 0.46938770583426526, 0.5716114758713666, 0.5408936550864339, 0.7584200458347843, 0.31994441243658067, 0.6644945310257941, 0.44129145575692796, 0.48290267798297937, 0.6529847992476443, 0.5592114309154383
0.5877505460362571, 0.48507521046767516, 0.4220375581232937, 0.3226369590049516, 0.4910069546727464, 0.23314208692154592, 0.21366044178078197, 0.42191220926275963, 0.3155957987944821, 0.7520990643368535, 0.352350632215311, 0.5827825283925125, 0.6772855245118075, 0.5625149286463141, 0.5100988933540777, 0.38165834492692885, 0.6678926484095604, 0.27996505218445555, 0.4206953826959868
0.5199645405576665, 0.5997094153995749, 0.4750119720704651, 0.3235733763651518, 0.46574844185027753, 0.2890321471775136, 0.6755176439630498, 0.24546532227514056, 0.33929698384802365, 0.417279836768833, 0.4042042652359735, 0.6472307155496309, 0.12482378989918419, 0.8493619003988498, 0.5606915170471816, 0.2916842919071996, 0.2930829678900331, 0.10882991079567156, 0.7618417499955022
0.5335954259916791, 0.4648022381901409, 0.5129670724843313, 0.48899813743540044, 0.9353241915666367, 0.47638104554185257, 0.510537459837089, 0.4937023298005576, 0.47066336864144526, 0.47252292451824013, 0.24287301845264941, 0.40495856222509785, 0.3733405781031839, 0.05198646605318058, 0.37904057803027597, 0.8143318744778327, 0.4352785974138186, 0.4794091636193221, 0.46708271090097425
0.517141220377592, 0.4793127823355325, 0.7138600468903995, 0.6585815155579576, 0.37179344935079567, 0.46296687077343646, 0.6538127107493188, 0.6057742321384353, 0.6486494823712492, 0.6681436390341158, 0.5206326839083505, 0.4062546708528927, 0.2728296522665469, 0.5716136895187657, 0.44145036290845574, 0.5798755684507834, 0.9090259703779059, 0.6370649034918413, 0.6024916197135243
0.5490455203704026, 0.7693227857523969, 0.577219241721743, 0.37396305493624504, 0.7191697138188415, 0.5960051345016624, 0.6198480483265703, 0.612403594540103, 0.6559138338843071, 0.5719318032924576, 0.17955938126884174, 0.513462959490689, 0.5946212166000377, 0.6632711568683667, 0.37980774089472324, 0.4949804887119165, 0.6027469986074172, 0.6921095154946117, 0.4372387964175844
0.5274529954845666, 0.4660371121477851, 0.5873626872384767, 0.6276370795087903, 0.6386152639448438, 0.2774194625478107, 0.5789975009931165, 0.32472817444830926, 0.2967430083038199, 0.4328830807508661, 0.5781388177156556, 0.33555150846554394, 0.387706819139902, 0.37918853903741306, 0.44958848022013576, 0.43436942296686815, 0.8229782390626528, 0.2414301807245655, 0.259607819830946
0.43964824414567144, 0.36935016754918754, 0.35968685640712245, 0.22650031782861818, 0.3901227467646774, 0.4101209285106516, 0.58483239758483, 0.5779352825937536, 0.4635257145450331, 0.5134427971960908, 0.4085555267845112, 0.7057071470631155, 0.4958432002473749, 0.4749317611148841, 0.3542184094762355, 0.4565398569283377, 0.6224034583657683, 0.5376946281341946, 0.27275190163993135
0.6409766702979454, 0.35345041113359266, 0.33843174441014534, 0.2764786944602894, 0.4047279316543293, 0.6954920429061107, 0.6837304622570252, 0.8338553982561774, 0.5703846654310746, 0.639950276620131, 0.43818545012097665, 0.22962917910015368, 0.4688780715490328, 0.5148549814117148, 0.820763955566215, 0.5075898618975709, 0.5561828078841908, 0.3455889305825671, 0.6461921509659916
0.5210284952404537, 0.38694707138104395, 0.6526729355619832, 0.5370146039085354, 0.2882392268074941, 0.6705169979197286, 0.5597616414906534, 0.26818847578599525, 0.5366578867539953, 0.25839022834317016, 0.33906200678691223, 0.41470743649204356, 0.6008851777920997, 0.5425554722581261, 0.75998490762976, 0.7842282724612084, 0.2645746818154584, 0.38245367079759157, 0.7071405012776036
0.5087735942073962, 0.2792884047575079, 0.46276803721704396, 0.7229741248639562, 0.4218587313381499, 0.6529055575589768, 0.32993996186407387, 0.7379111623053092, 0.7403662968999359, 0.5528607064270525, 0.5065065986968451, 0.39151736395780884, 0.525357622566543, 0.5225400702745856, 0.715603604728025, 0.5749007924240703, 0.34063011307757435, 0.3589625450584131, 0.5946129774894
0.6680760911593487, 0.562314159854422, 0.6935220839022241, 0.444569118333977, 0.6311377373045144, 0.8019605425842814, 0.2747413078352152, 0.03209990472971158, 0.5038243043559523, 0.30937657605915725, 0.3476257876354297, 0.8631285141781113, 0.43234222026788316, 0.5288506936627145, 0.6718906964352023, 0.46887527718034927, 0.7744664791163861, 0.6582352113021942, 0.5631207920974317
0.539628372360206, 0.6407575044046656, 0.37564588984356867, 0.49101342704722606, 0.4185634299624825, 0.36071275878240905, 0.7917704928891908, 0.5043727131958091, 0.6222002280124372, 0.8201690895245355, 0.49441409253813345, 0.5103784962744339, 0.7977733784285194, 0.7091022258037669, 0.47008171465115345, 0.4553595966865563, 0.34027971889483943, 0.46346364949804797, 0.3218567449980469
0.5513170279910136, 0.25840541796815286, 0.629431409516553, 0.3037372224686619, 0.7620544013494821, 0.5407121520699063, 0.02920783183692638, 0.4285551550855313, 0.43090909383229203, 0.3835736551714489, 0.6257163886898495, 0.7414099889257979, 0.33720687414096234, 0.5080922975722563, 0.6084715019211361, 0.12272487814413985, 0.5163347816076929, 0.5587753423707826, 0.3923885629085604
0.4078965382428309, 0.6518970588873553, 0.43313402117058053, 0.5492299861165055, 0.5567935280436791, 0.40863379742275757, 0.4230948190626416, 0.34778966729518945, 0.42734040320578004, 0.19113599884990157, 0.28352598095513526, 0.6084992519996528, 0.39088303090299364, 0.7366097796269189, 0.4098250651216214, 0.45796709178417944, 0.5460595098079064, 0.38011536932032575, 0.23486544404517562
0.5589626429833007, 0.5810443250074075, 0.5522879395760902, 0.728454411534121, 0.48104006707574687, 0.6199007241823142, 0.35359110514497016, 0.5296238261101278, 0.47605755609543393, 0.41890411743245204, 0.559495743087368, 0.5402892842687181, 0.45943928738786366, 0.29135483578475346, 0.40478606821269036, 0.47511170680895687, 0.33993154351522953, 0.5080604385211782, 0.3586934040904544
0.4226666004641255, 0.5826728995184297, 0.4641369911797172, 0.5666144750562003, 0.6253499738728896, 0.5565420302249126, 0.476936243542477, 0.17870615077573754, 0.44021598231106757, 0.35888192396900076, 0.592182334140142, 0.5412622566455998, 0.3563946602568907, 0.36769253512584177, 0.6970386909111806, 0.48802788575618294, 0.30078389640360187, 0.6429285428646663, 0.49855636999048875
0.3222356516764564, 0.5372567165721129, 0.5653831449045403, 0.39333538482069375, 0.570032964132895, 0.6254575374515314, 0.5517858617315828, 0.3563490633909525, 0.6695099811420689, 0.43795734113537915, 0.6388307212454878, 0.645256751490309, 0.3162906208375616, 0.5863592238021129, 0.2954590216986716, 0.5859424065618496, 0.4424340414391912, 0.48279995435422435, 0.535445108681681
0.28253393845017294, 0.334595365907276, 0.21116375169414547, 0.7051689084612007, 0.6324612550978468, 0.38909286187209846, 0.7727050701258769, 0.7624501125730783, 0.38867305891816795, 0.3913505195642085, 0.6552770097991193, 0.23316309905227606, 0.38564431708255753, 0.7708814968954883, 0.7058895690795945, 0.4124000904100388, 0.4834673425744975, 0.45760358899497716, 0.7566913561398023
0.3291344414622261, 0.5408662434616851, 0.6066782051755526, 0.5492722286387105, 0.5593137283842806, 0.4376495035355764, 0.5835662071392793, 0.37995874896836823, 0.5007682569849425, 0.43420648486216673, 0.48627410836968527, 0.6614421095539214, 0.41905329928088, 0.3935092043099805, 0.5748142384849215, 0.41390046462753316, 0.5885285496271241, 0.2921861652769655, 0.5188954334554708
0.6127072925019899, 0.5546460396104467, 0.49634987617115145, 0.6742186393595215, 0.577560464886235, 0.32678382122074506, 0.4331589691546221, 0.3679745817700981, 0.457119428097014, 0.5712140755972114, 0.5784911796289225, 0.7411405389757764, 0.6766367179990757, 0.598746458528557, 0.4100086407395286, 0.5186477659699767, 0.1655544656486727, 0.3466533325818362, 0.6528815562417092
0.5495346365334116, 0.2095749513686106, 0.47948488113236143, 0.5092354479172528, 0.40695476769615135, 0.5322392359728627, 0.5659267146130982, 0.5283509005491149, 0.6640719617342961, 0.28757423864645415, 0.3127531710361525, 0.7181955919537919, 0.5785026744195668, 0.6377631115145528, 0.2894132014883146, 0.2706512181298946, 0.26797365873938805, 0.5391291726145014, 0.6274152368716802
0.4195957692972797, 0.6013683179661109, 0.5177434579188338, 0.3573717097297603, 0.4666469680598607, 0.45385580931410274, 0.6329518898453501, 0.6574150630184268, 0.48727745988055066, 0.43707665744117236, 0.5417961894592316, 0.2985040781134065, 0.5773112436765252, 0.5832774485491996, 0.2635440363136149, 0.37236654993973617, 0.32634950448125466, 0.48561504002005085, 0.5431621114664205
0.7315750732216207, 0.5879849255918264, 0.7025370797026559, 0.5638678100978222, 0.9210524863408606, 0.7164951194067588, 0.5339837014446147, 0.48947618352137917, 0.41596962311597013, 0.5140800171681676, 0.6292050358124107, 0.33441749039745083, 0.3592107194509808, 0.6344940100272987, 0.440054965764345, 0.4906637265061677, 0.3705847125517012, 0.8146574076553466, 0.41473456495660355
0.6309406256997454, 0.4823481760542443, 0.5934379731059328, 0.39591425141242476, 0.4311746341911079, 0.3334079668447203, 0.24923013141884848, 0.37575197212685096, 0.7963776369467455, 0.8354724903481336, 0.7992038122117183, 0.42942964321804883, 0.7620926250352986, 0.37270726334367626, 0.21612185359538594, 0.5780624834031226, 0.7632645066992576, 0.40150416628449137, 0.6259113584216073
0.6571697378351135, 0.36752930263655276, 0.5164002776827779, 0.20735870374462284, 0.4936150772388185, 0.5322227103853252, 0.18717680244774182, 0.6364689387953905, 0.5461704775470311, 0.40681850758590193, 0.7069439630759027, 0.411308372273345, 0.2244362732871698, 0.3920263766420171, 0.5845213978829226, 0.6115114911114327, 0.7341453378985978, 0.5376562304820666, 0.7779528009601575
0.5682536310030564, 0.529389841442871, 0.4372243336900109, 0.6046374302556907, 0.520137290640372, 0.19087603533248476, 0.5728133938046112, 0.2951316022850947, 0.3575934994566421, 0.3496005507937378, 0.4875488742427737, 0.6336794449935057, 0.3456561772628335, 0.34437121564738243, 0.36033654407728455, 0.5473555203468176, 0.7422668549894947, 0.43048736178528246, 0.6726872719328453
0.4725706474502399, 0.581318515596305, 0.46132713618022414, 0.5551156425568886, 0.5121438663528683, 0.6940187277523551, 0.2387420489050826, 0.20873523944629124, 0.7612400854360801, 0.3029507047956295, 0.37922885146008156, 0.4061389346644205, 0.42550955733621776, 0.4014227454861454, 0.3244426649930336, 0.4200445646091845, 0.48202427079406773, 0.3544770042673654, 0.5922109314246635
0.5194264637106812, 0.43898919298487776, 0.682761506287511, 0.5607907520264984, 0.30037891956246954, 0.5779901275812352, 0.3256005140230325, 0.5432276190097411, 0.3487391607323662, 0.2504075046141931, 0.42341999203108616, 0.8176573030835944, 0.17977689272102315, 0.5360229665065063, 0.5704356428072341, 0.483281768859022, 0.4631730407930048, 0.5140836992521265, 0.30718678483888745
0.35937645514302896, 0.8796884916201925, 0.40144182472844914, 0.37596135144594245, 0.2935960805720632, 0.43327001321676917, 0.5266619107258336, 0.5254123142919491, 0.48898381606610036, 0.31555552384001406, 0.29552595555952965, 0.5293467325840442, 0.44906742086153834, 0.8770495054938441, 0.4951073317278103, 0.2849725204275925, 0.4319806728119103, 0.38889727415372816, 0.603443012912369
0.31397959532777353, 0.5423215467575364, 0.2926577874716095, 0.32310169240481534, 0.37591195891619367, 0.46292036339739184, 0.5073825451791037, 0.6079503553755891, 0.5334027561585198, 0.594231335816221, 0.5517829778861951, 0.6572798982983901, 0.6247928848696488, 0.528786541311479, 0.42879192751403705, 0.3776370590113462, 0.43787958420655637, 0.5489571430620235, 0.4377754740101965
0.5287720933952339, 0.5295658352758045, 0.6827036164428889, 0.23880338650649624, 0.7071190191607518, 0.2114694219452543, 0.5988575087987462, 0.5720952010735617, 0.44960064126218763, 0.5706526363763603, 0.34561213835228244, 0.5837592415104608, 0.2695597659153622, 0.560854306044058, 0.8094971000526374, 0.5855896515879255, 0.5788274719277401, 0.7120819260274408, 0.5100796633556035
0.5809511248451453, 0.19746606126542976, 0.8556428286628961, 0.4461436588103753, 0.7437308923651957, 0.5662911378117909, 0.627119551151451, 0.11667827365757999, 0.6014091832408179, 0.49048006514532067, 0.20415127609303507, 0.45842691944130154, 0.661330160148619, 0.5266416679187343, 0.7280846674395272, 0.9123251268398517, 0.3768290403223902, 0.46738126244307965, 0.13270059627930347
0.6435056370495436, 0.48582882745093114, 0.4816501233572107, 0.3613560810684709, 0.6884361251216334, 0.325468544763261, 0.47119961348574324, 0.1885467550719681, 0.5494920198602162, 0.27366007265833137, 0.33529747768595775, 0.7553897773926918, 0.43257529929325433, 0.3178521485574878, 0.4855617373181815, 0.4535756826030886, 0.41844352298786996, 0.43281631623259414, 0.5079639009096445
0.6998549830911118, 0.4783445854541369, 0.4738011831740976, 0.5145616161031931, 0.7023298388191369, 0.7658861716412031, 0.5199830542246611, 0.5165882961452465, 0.10276223108057281, 0.40782455783095006, 0.4216597647881337, 0.15587652516105988, 0.38783989202836255, 0.20002816480634084, 0.7046167435841133, 0.5871272156958058, 0.7861611218282508, 0.33975123787099876, 0.15646839828003867
0.43494460785929484, 0.9104295308637764, 0.5483407016285919, 0.5053102857782374, 0.46402865111035585, 0.248476204103518, 0.7916248914645726, 0.47893330014133473, 0.5790956360838451, 0.3650609799253492, 0.851139916261396, 0.6533788244044758, 0.7024740227057316, 0.4685434841582918, 0.4142832767525488, 0.40692496702085246, 0.48065763584660803, 0.2995912007813099, 0.5815380552761654
0.4984450732557566, 0.4980736779555365, 0.5634804579707214, 0.4729131214952868, 0.3356725316510115, 0.555086014680988, 0.5248633394740876, 0.7509629540508753, 0.8386946206805654, 0.6824791306334186, 0.5439523683669258, 0.38491881293297936, 0.6684371662338455, 0.4364077111178485, 0.40313147838170965, 0.18349695103903707, 0.6717178595355608, 0.6344958257119531, 0.5066599113460077
0.3226950454738059, 0.709167162450284, 0.6117483783632923, 0.57480322164433, 0.46243963809613453, 0.736301781777664, 0.7329762143234235, 0.5992207459399596, 0.6251205764684209, 0.21699484327105778, 0.5654188927892292, 0.3568925711836007, 0.4892764297956617, 0.4111916450040676, 0.5387389560851799, 0.32902226382306726, 0.6390507520676514, 0.6100854065660699, 0.547699751343848
0.5582885678966062, 0.4264364122577944, 0.6861104251024156, 0.30687453243237617, 0.19118888137053847, 0.4287905606706654, 0.13445469101227914, 0.6380011723176202, 0.40856694368918967, 0.31372769808837486, 0.4577339451230831, 0.23528771713544633, 0.4193437162348309, 0.5907147198079151, 0.6768493750943729, 0.18589395212509846, 0.504265610211255, 0.4981697949556693, 0.4271834147845493
0.5572372333091355, 0.5751497330319404, 0.2532039218263372, 0.7206165599317277, 0.5802961713867583, 0.5875494204520991, 0.5320092731743369, 0.7189006625888583, 0.7108226340587405, 0.5924964152429721, 0.6639799064348416, 0.43621469640990584, 0.32064931490338666, 0.1994802240648605, 0.8105884074443208, 0.7511096877663648, 0.6056051926462903, 0.32448541777705964, 0.6369445148341623
0.7953347199075855, 0.15834706572087565, 0.737246919979136, 0.25237916150394984, 0.43024080911258233, 0.639524249107252, 0.5441941891346784, 0.6616058054013623, 0.09470478940969612, 0.24081995835698716, 0.5600224335716956, 0.4604886602724446, 0.8417177790297702, 0.5342484525491091, 0.6759570927453764, 0.39557177865123844, 0.7358133074079792, 0.542927437382355, 0.4417289285689474
0.6464589601958513, 0.6066317740791677, 0.34188289552148543, 0.48189924524438926, 0.46650498797070034, 0.5511549675867206, 0.3888433575220117, 0.404020778175982, 0.19103890233126047, 0.183868260591589, 0.6669686213577488, 0.3930833151987524, 0.4315770309670717, 0.3480313771144964, 0.6515251745047327, 0.44937208162024883, 0.4660489889471517, 0.18996826665937405, 0.37866241266282585
0.3545389519131938, 0.5108377367863345, 0.6108786367976169, 0.46867537645690616, 0.5076057836800666, 0.6766998135062499, 0.302852236120127, 0.6992044111952144, 0.595358810957755, 0.3991630077248194, 0.513027069830245, 0.6452302780686043, 0.7971934299036882, 0.24423194558860395, 0.5201917087122964, 0.46136486417743405, 0.6279556145598375, 0.5117691132769503, 0.3050944402639923
0.5112752769788235, 0.6148469232514753, 0.40131953787751046, 0.5856544763372984, 0.509524232545217, 0.32900441778957284, 0.07225278282057723, 0.32216721713405855, 0.3101683984158349, 0.44561404522205966, 0.5532378572790078, 0.49135095605263046, 0.5807098762227235, 0.5929800940349748, 0.512901422542331, 0.466076502519007, 0.6276299650556654, 0.45701570063314423, 0.4616976707149448
0.5699624601197661, 0.49613960464397355, 0.26610336633900283, 0.47546967596028006, 0.6526845228014377, 0.5197878527161285, 0.6693950151921093, 0.4056698372509986, 0.6960815919989947, 0.7986109039933598, 0.7304652207331401, 0.5528986220681329, 0.9339744412049882, 0.5377361244352012, 0.5454151417235678, 0.8999233145932102, 0.39389144157021533, 0.41145532820864494, 0.5678195494229042
0.7366758989684461, 0.5452491451668074, 0.582903780014766, 0.5302641718943455, 0.4203083452829164, 0.521099797642729, 0.7622350514113669, 0.598184670779974, 0.47060651346909804, 0.1637989245688548, 0.5895536018070813, 0.3453961468034004, 0.341411186460443, 0.38935145672934834, 0.7012393182346072, 0.4556128596692445, 0.5333820329417646, 0.5836988369903269, 0.5184265223446021
0.3867942600638158, 0.6486386938062743, 0.8430301012674369, 0.47139805411558333, 0.7587575447624397, 0.5473504615418293, 0.6043951660066956, 0.3718639539497631, 0.4392434550389512, 0.5451716444557925, 0.5027341924673938, 0.5404508170836758, 0.47035654193867715, 0.2372008558017864, 0.4967418688794648, 0.44785117519968426, 0.46814320981239566, 0.8173636953053751, 0.4948138714214956
0.000527132658512,0.0320671144451,0.217172231565
1.97987102181e-11,0.00204952418866,0.0978398170572
1.8560568602e-14,0.00452905528809,0.161404272952
3.40812697116e-07,0.0109986333981,0.297795519987
2.01692039611e-07,0.0224492930213,0.340940944726
1.20091890936e-11,0.0601165347823,0.573197098175
3.45619362886e-05,0.126287941279,0.641867493268
0.00804151082878,0.286822488227,1.23345514988
0.0154225083811,0.578121319474,1.17428693053
1.05002880664,1.26073502176,1.80591480546
