$x1,$x2,$x3,$x4,$x5,$x6,$x7,$x8,$x9,$x10,$x11,$x12,>>f1,>>f2,>>f3,>>f4,>>f5,>>f6,>>f7,>>f8
0.2043958033753066, 0.6842136105706166, 0.7141097048605001, 0.5836894579062818, 0.4308902382935049, 0.685801984170787, 0.2758728940789832, 0.6577829541676298, 0.5829130329848318, 0.33349240576201183, 0.4680908706802702, 0.3786379794558703
0.567577030012928, 0.42897325884135046, 0.18093119791447676, 0.4351654381328377, 0.5586766800170224, 0.39010010424503827, 0.49760718897972195, 0.8605841402550403, 0.6943171745724358, 0.34237184242069196, 0.36670268941978107, 0.5697845674036035
0.45228279247505593, 0.46097913345215374, 0.4102869099898069, 0.6673985985514514, 0.6433627300467208, 0.5600703321372874, 0.32771336667206424, 0.40882614761018843, 0.35495670735229606, 0.663499495180651, 0.590720322938547, 0.5054440946681558
0.7009772646079342, 0.6539300618817601, 0.5087838621527265, 0.37410412061025233, 0.6235072072453475, 0.44451066618241936, 0.4470385894525322, 0.37261901522256735, 0.5004541916153977, 0.6615452652216559, 0.502618068412369, 0.45631278833516686
0.3563134465228029, 0.6542006132148983, 0.6031805860097823, 0.6027473967259197, 0.3116299966433877, 0.4233273523490914, 0.5401102280555129, 0.5681331333382906, 0.4873346629493666, 0.23942014128019157, 0.7244623721618748, 0.7083113748964494
0.4178072397762612, 0.5948353115175202, 0.5991808942257871, 0.3345685980778158, 0.4960396746380295, 0.7136554592513148, 0.6172175663026385, 0.5725264250420181, 0.5087977415072756, 0.33520888597458043, 0.6593055273364439, 0.7055061121239048
0.42725834132368024, 0.5968997312423481, 0.6182414109697744, 0.28983180126624686, 0.6971776297113687, 0.4935340843756208, 0.584673993887678, 0.24290226515477342, 0.2935870956642877, 0.5178345390187405, 0.4283973637420755, 0.3438695117932092
0.34800548903067974, 0.4849347601482389, 0.6135413461376903, 0.4628347670453271, 0.3487291336096742, 0.42467422692327933, 0.7015753327415861, 0.5571111356269685, 0.599094313645567, 0.4528735937764564, 0.47902925533717733, 0.40246489018544374
0.37944915136516333, 0.31369399968736933, 0.5866784644959512, 0.2944342025493536, 0.3379697257154285, 0.2907283533868541, 0.7170725200452246, 0.3485666045978242, 0.16850602539033277, 0.1482010298990073, 0.05528432872942751, 0.5747168257946087
0.6100603643796093, 0.42983212993994185, 0.8384804997926312, 0.4603805100228046, 0.625159485788509, 0.6246591168672793, 0.2661963105608083, 0.4393912926700241, 0.4087142527094852, 0.3103141012335173, 0.5769163860606518, 0.6125010933808402
0.43618009845896993, 0.5546082188054567, 0.31434377944869585, 0.39743047737789694, 0.712200782975818, 0.6436367148128255, 0.6491153644831958, 0.6421165485657898, 0.6261944655249542, 0.34853992616174856, 0.37162896983898974, 0.7193602094169915
0.4802602221440178, 0.5668165101105402, 0.3132028940649386, 0.7527617875585664, 0.4604693322910501, 0.5272863586922232, 0.6873809503769543, 0.7603138206015378, 0.38359928352395767, 0.6849771065628585, 0.403315888749581, 0.228504779084661
0.48801900133025616, 0.32891815824568915, 0.6754937520500446, 0.3251044273154936, 0.2768984047330212, 0.6355480873490523, 0.5188407087672195, 0.4601644237860262, 0.5447091122186674, 0.43635110608363925, 0.5934028528839501, 0.30564570047769846
0.5246394342758693, 0.4232868019801478, 0.6376729434159707, 0.5350722400345841, 0.31710590675918215, 0.4972749038389203, 0.8725119619409731, 0.6274764801809138, 0.4003586300143861, 0.39343294035581744, 0.701188790708614, 0.3210167791369146
0.6437830593346097, 0.675162730893537, 0.6833229314946205, 0.7583948776606981, 0.6547186540548307, 0.6174353909341022, 0.7144934290736191, 0.41677054549334414, 0.43983977337537294, 0.43499797732350487, 0.645344211953197, 0.4773479020890675
0.23501106877129685, 0.43012848823675687, 0.5795561414369477, 0.5443913495494536, 0.3873821226752059, 0.37394042018026097, 0.3958037701898055, 0.3063594123423335, 0.14936040142095086, 0.4131708569825379, 0.388186412744496, 0.4927113928854144
0.35504293157437855, 0.6031540684431825, 0.6251091547200809, 0.957564741606612, 0.5023580684520632, 0.19463129949222763, 0.4345739578981943, 0.6526883487717805, 0.5885330079118858, 0.46088650623531036, 0.466859235819863, 0.5370150531406969
0.4166292455124281, 0.24029837118749342, 0.8237223045878246, 0.7068901026041622, 0.25808224122446366, 0.13323306083876885, 0.5503296637488384, 0.589094876103843, 0.5068045945886079, 0.46485559932924014, 0.3507030928783071, 0.6579169494633038
0.5033541744880999, 0.4208688675287744, 0.6544351773271782, 0.3999477150371112, 0.5430239412633744, 0.7104698449491273, 0.5205267088280126, 0.49295603610818833, 0.5759604724547512, 0.6818309519740849, 0.40325500558664684, 0.5767248962309311
0.6170231819844129, 0.22989233229824957, 0.6338297663252702, 0.6151364263114402, 0.8919990766433568, 0.5055285462533606, 0.3424647182010872, 0.475196025463652, 0.2554319983181975, 0.4408996380083564, 0.36536435176642973, 0.39299594807883975
0.6250050457782871, 0.44945145059572594, 0.4199329968218604, 0.48985732566401713, 0.45273914794862175, 0.18722418584318246, 0.5171297375107589, 0.18319149333109191, 0.3976379567105251, 0.6909927307757421, 0.559611387894638, 0.3419361610223857
0.5910051357596394, 0.4284359874895665, 0.6765597663706581, 0.5491421942539956, 0.3087047249155284, 0.22464362731347431, 0.325694299386872, 0.536765584808351, 0.2662009004950115, 0.4824122342225663, 0.5260526911459205, 0.249338613938428
0.38348321058830304, 0.6224965256566053, 0.8479885210487651, 0.5313159959589426, 0.7801692025631755, 0.4026629236120879, 0.4565782355985513, 0.5613518284468355, 0.34668715917783555, 0.5773951758938491, 0.404436797833067, 0.48747160537073553
0.5661021645522464, 0.49392096850340056, 0.7571534099937626, 0.34839337054245534, 0.505488156896011, 0.6744372386853956, 0.5322497280296137, 0.3993235645159173, 0.4123627397446254, 0.27870546445193, 0.5261247135811328, 0.5521939686525962
0.3764312048882349, 0.5771181029445283, 0.5785848630394869, 0.3770568788921541, 0.2902618543297037, 0.5792014931442766, 0.8576036487616534, 0.40548351367598134, 0.3278500057368191, 0.6190116052544415, 0.5485687644499488, 0.6617705431591772
0.4761862401329575, 0.3461266542211331, 0.44514320267163693, 0.4945028952753262, 0.7984889127001764, 0.5864719995748913, 0.48813886505489973, 0.36996652367602634, 0.3169895017193899, 0.5900506820604318, 0.5733489782932853, 0.44548268336275687
0.33893826926608833, 0.7359466103956065, 0.679142708598391, 0.5194089242297895, 0.45566890717793274, 0.4607828941094694, 0.6602456745606766, 0.8220861768724013, 0.1049325950113757, 0.4327418217123937, 0.48269655896430397, 0.4158477531260526
0.8346356937013164, 0.5571254769230991, 0.2939018205727361, 0.3226844152499222, 0.558721709212216, 0.5217163668557365, 0.6569101413158838, 0.9954675142928645, 0.4568162260031811, 0.3859087246311702, 0.7234247865264032, 0.4871074963178511
0.5952613155248185, 0.5620756617060685, 0.3682310244478836, 0.26011124433118293, 0.8806380288970231, 0.7244980692552232, 0.45916318141998097, 0.503944275148666, 0.6095243630702063, 0.45087890976956574, 0.5424073282783556, 0.6004362664516892
0.5646741069194318, 0.5215887478922799, 0.4413947376082824, 0.501350055114578, 0.5912758592690308, 0.3885192536601504, 0.1798003202494936, 0.49591818114154274, 0.5226116454392071, 0.4490146110753425, 0.6446051993675033, 0.6364768813369075
0.9506951836825646, 0.29403238673419585, 0.2944730601698402, 0.5018735909555725, 0.6546581923572731, 0.5789778327597616, 0.43744181263388887, 0.36927412942350873, 0.24085003345996514, 0.4223448191696153, 0.7542392622517489, 0.5080758235362728
0.8020902909464551, 0.3078857430858517, 0.8441659949115206, 0.6519207142934614, 0.553686280849425, 0.4320857647608437, 0.6464562052430811, 0.5856887630032898, 0.47816216725414074, 0.3041427140820105, 0.44464142560031783, 0.34270966348926585
0.6286156665548499, 0.624979529174341, 0.6231197804295093, 0.4639379299055194, 0.26243577629720494, 0.5489999502732897, 0.7612776401517014, 0.6518979375543726, 0.4504327574843083, 0.3366880872961226, 0.400921058166511, 0.5620792728616066
0.5961763845668984, 0.6191981545315973, 0.34740174724848605, 0.23943456691936765, 0.5572484931258704, 0.871292600601796, 0.7190901980601749, 0.2715273596015917, 0.04548988565938922, 0.9206042085122866, 0.46293308274929323, 0.3310720367497333
0.5438664458823539, 0.4153435557663973, 0.6303952170287961, 0.5745050923109987, 0.36825423152755843, 0.39688218821613735, 0.7570211601344099, 0.7290498768377504, 0.4663160842860002, 0.6933411872584712, 0.3396760750955934, 0.7220858478022747
0.3563973228065465, 0.5965313840869306, 0.3513032727027343, 0.2688227058878775, 0.6063369250639401, 0.7380788150961022, 0.6193610765301737, 0.520541733397662, 0.6392657821593429, 0.7392487023581124, 0.6841091866438969, 0.8178256815916607
0.5656381196982676, 0.38475710284502584, 0.45349108895028983, 0.5520231083357708, 0.441107619773964, 0.18999135779861998, 0.5857349692099966, 0.3814310083832866, 0.4547782235520258, 0.37254580861559206, 0.44416918881391865, 0.21342612871905708
0.3963080431829145, 0.7140270232358032, 0.26524250334693256, 0.33212493641650975, 0.47474922864322405, 0.30344486583639596, 0.3454119824891769, 0.5459376766578791, 0.4659824494413569, 0.7017642582563163, 0.27738889652382925, 0.3492732115315318
0.33493629453429125, 0.6427286913239278, 0.6115993909010912, 0.5135886209959765, 0.5676537578520204, 0.3991379836445628, 0.08197002438710088, 0.7620753528213239, 0.6029586174852232, 0.6528709930648934, 0.47685514750186603, 0.31650847882940086
0.550871856307339, 0.6064237710324516, 0.2129348087573386, 0.36176616656618865, 0.9109663482826535, 0.49153995918166227, 0.42332777807989797, 0.64685312714443, 0.33204687810315353, 0.36930472017531346, 0.32296743692054125, 0.3985129901937358
0.6497529416808585, 0.45585212007473636, 0.4857290993935846, 0.6310436757892575, 0.7675312433702376, 0.47807200404121497, 0.27898348419857877, 0.6316223463176733, 0.46273945821363116, 0.3203874373607668, 0.7060339317180063, 0.566440416480483
0.5913978894857201, 0.5323112411628868, 0.4827586735466744, 0.4720579724392296, 0.6239870850037177, 0.2811464161738648, 0.6639586242042771, 0.5167288473732876, 0.5869146447178514, 0.5094147766866611, 0.5286263587455344, 0.34679177967912106
0.26130287682471337, 0.35095653491522383, 0.6127728885113036, 0.3955686177743238, 0.3593186542811282, 0.44978909673314527, 0.42689092395963324, 0.5735876405539243, 0.44095429785620194, 0.4400073639060397, 0.4364929154049019, 0.4278054407314299
0.4038898599629203, 0.49802993741908785, 0.6631682247712705, 0.6229681250414473, 0.4125495583247122, 0.4931897154684072, 0.47337202442611226, 0.4857028346426064, 0.4058549242952264, 0.3334986127199372, 0.4667769045865676, 0.28814015070634735
0.5750134165655978, 0.7204261172495714, 0.5251027684621192, 0.7612657071516677, 0.4566434158012843, 0.5016404165216953, 0.28867529579685225, 0.4554069637262901, 0.41361388189940407, 0.6623068555122642, 0.4558425852341564, 0.41855598527069976
0.3998311416490045, 0.254788103764908, 0.7854169971907112, 0.1479347370463966, 0.21456565424570329, 0.5599244931130546, 0.6669751237466292, 0.4772158164866884, 0.44259230014554796, 0.3804455687041298, 0.5867249879259007, 0.4370757530278673
0.38413956364667634, 0.5735466452653545, 0.3801706488066594, 0.5196146832757608, 0.5676192958101927, 0.3705674333831077, 0.6948238563285564, 0.5572266683788385, 0.6714802750598635, 0.23968213643919334, 0.6800882417727147, 0.5616661884489509
0.2411504601602551, 0.232150654705438, 0.4002272425257123, 0.40219252968001123, 0.29385538012086865, 0.20850509298242342, 0.5390417906563801, 0.4498622772675982, 0.21859784830169493, 0.4885523181599373, 0.21585854436757623, 0.5786152535588933
0.512959115838469, 0.7007740869642545, 0.6547388246947126, 0.4876808976566339, 0.04592790666938784, 0.3345202440617895, 0.25764579780957764, 0.6193366640121145, 0.4740506031800237, 0.5351588646270993, 0.4980111483168324, 0.5142183248449144
0.1774923030005316, 0.6064907237714312, 0.2941869132877276, 0.34144337808206493, 0.7062804931980867, 0.3670031403567288, 0.35589000681602173, 0.5539177054344029, 0.5054572231652559, 0.24482749318804375, 0.291544903443679, 0.5268774552719206
0.19469048785818266, 0.5580284172169914, 0.411711851016866, 0.3330592812858637, 0.3418694177260614, 0.8525327057036027, 0.5752033486503706, 0.42729226282601784, 0.4752388089506349, 0.5464380730518371, 0.6021763800786872, 0.5657349931911728
0.3840166786491136, 0.35762321012778275, 0.5329481061926047, 0.2933573396447854, 0.8034337705151005, 0.46868505534756355, 0.5958518366542334, 0.550244441438909, 0.4117610010334209, 0.3989540001352753, 0.40364034505620494, 0.6408576853707574
0.6362556285716064, 0.5787587007880011, 0.3771899118419372, 0.5549565323541763, 0.2551003537001011, 0.42346312980024187, 0.07884979515283347, 0.5998795864797526, 0.4037969675541202, 0.44050946483359354, 0.34488719468604134, 0.53321284256652
0.6448390274511587, 0.5086662123777328, 0.7555947515092505, 0.5907979752470746, 0.3339607468846289, 0.6914107635216963, 0.7019584433937821, 0.5022376897219395, 0.4775328901446186, 0.31014872588617426, 0.5219340766904286, 0.5561757149839764
0.3386400243547762, 0.6193114909468382, 0.7389178556854767, 0.5900458370784697, 0.5748871883847809, 0.6219961363741584, 0.362713120609901, 0.452370144119659, 0.3634803987476358, 0.3963039238235752, 0.6196947898886213, 0.8070513736129575
0.45528347027486915, 0.7909202743529868, 0.713732028850496, 0.43246630630836114, 0.29816728806387915, 0.7040928941080584, 0.7063916104979358, 0.6684954296903023, 0.9380477266953667, 0.5951073331708916, 0.397270030700987, 0.39767302445517855
0.5756678266328921, 0.5107283616475263, 0.6401470819539306, 0.5120524138943454, 0.5447251281859244, 0.788968067903769, 0.3701792334777865, 0.4340755533329489, 0.5194495603295419, 0.5813673287023112, 0.5335270765364636, 0.4618606946345478
0.4609541836563205, 0.11562440387523121, 0.344212016260323, 0.8537574764653336, 0.33761268935663635, 0.5169835069013718, 0.48538125924882125, 0.6224938935500332, 0.06408286824758058, 0.16094238399254585, 0.3884011857132052, 0.30681978983778235
0.3017664811821913, 0.6281971472591805, 0.6660286706283337, 0.2564760180371752, 0.5862248990625978, 0.8205951301227301, 0.41473525993060817, 0.47194997634161767, 0.38103900137985547, 0.538413321321979, 0.3891331187988375, 0.18318366665409053
0.3316719284345498, 0.3347974238069572, 0.7137444841207079, 0.12157138488518104, 0.45013710509203103, 0.5717613101096338, 0.4246883042774844, 0.4228742521646151, 0.8285189164732947, 0.3245505311935139, 0.4302926099001352, 0.5839038045811182
0.44938558501820236, 0.5242967973596447, 0.7197806022752145, 0.5944330847243561, 0.5822822570845605, 0.6083562667802619, 0.36272425920909235, 0.15943740445365817, 0.4329661390113998, 0.52640496554701, 0.5218364067554789, 0.554359804899689
0.6255351352512319, 0.3860766278225122, 0.42981967295146695, 0.754931973949484, 0.7632551655343423, 0.43569218388897535, 0.6812388064226043, 0.44072683842219995, 0.2563031556917577, 0.30219558813382874, 0.6556167284131543, 0.3487754396291399
0.5342902442703686, 0.3473358977462091, 0.32367139191306443, 0.4783733689816464, 0.25199193857165525, 0.7273308458380494, 0.4849976674198974, 0.30571066296265004, 0.6622818398975383, 0.3515356817027554, 0.3050386911255567, 0.2996557069072716
0.671212457273743, 0.24296182515477277, 0.2543306322852804, 0.34117197097003754, 0.30719502159223055, 0.4061281895967114, 0.3786909411431786, 0.4907811309645805, 0.3849263635326572, 0.7271109499055608, 0.5739928333505575, 0.3578768822932271
0.38016813212670747, 0.6704551070299757, 0.7384449214664102, 0.3797679384995404, 0.39356814685189395, 0.6113703224774476, 0.9162405468034986, 0.3016910244959062, 0.5612809528254141, 0.4668146836218737, 0.22134738827932182, 0.45993932988006436
0.3412504361307098, 0.25297339654504436, 0.5874332286574757, 0.5899838607728127, 0.570329216182357, 0.8888298588605538, 0.6350945773620215, 0.5744728942441177, 0.3788297720699564, 0.4630648318981663, 0.39625719528507497, 0.9058856661484797
0.4633944645178219, 0.29929116564860286, 0.625017107590432, 0.49294559595019743, 0.33186744838442706, 0.60377384387892, 0.44313451605535314, 0.3858391178508097, 0.5127077147640964, 0.7724494256525909, 0.36865488623474907, 0.5798801044135926
0.3475407550857274, 0.8553622548360514, 0.49711251589608557, 0.5859126194965649, 0.6978330951362195, 0.5435850673759279, 0.6234397833013678, 0.6054392349109046, 0.2766430624833117, 0.27360805373560254, 0.4497993096804594, 0.34950934981049275
0.11173058054741059, 0.5638778111500118, 0.6554905968615146, 0.5872840131023719, 0.4695654870185336, 0.6359140727737106, 0.6239028922791953, 0.4597970395109846, 0.5283199653429652, 0.7419946623076628, 0.693839319707799, 0.45700475038142485
0.7369682932846404, 0.7181385445564119, 0.6196908200074993, 0.539376275546722, 0.5704702835165031, 0.6494030684961811, 0.6158512839304326, 0.724566359292093, 0.7270735638188068, 0.342173227264294, 0.6446145758202614, 0.3746207860147315
0.6512263705445329, 0.4451388687681022, 0.4284601177905877, 0.5389693234757558, 0.3126265948676261, 0.24517096377858644, 0.39099673730691725, 0.21139183193529204, 0.5872998803300914, 0.5466294212501249, 0.5210276917735595, 0.5803495345448222
0.3514384148426118, 0.36736716633214095, 0.43305211618769685, 0.43565266554909576, 0.5491554030807962, 0.3492362294663063, 0.358896515883799, 0.7421640749274137, 0.4648449542239467, 0.37164135022319544, 0.1653540229566346, 0.6319484721765011
0.502285457601781, 0.4502917630247383, 0.6153527101299524, 0.6099295884482521, 0.4007392883032138, 0.5541144565328694, 0.5356144469389134, 0.42489169288639184, 0.3660057317068341, 0.7884921139973218, 0.5277874278360288, 0.5907658582533355
0.5067751417308411, 0.1079710428774332, 0.6016815828682708, 0.5376264172343707, 0.35056605389457507, 0.26250160289363655, 0.7255322126318307, 0.4239615660333467, 0.42582625440496463, 0.34499614551710367, 0.30892045763679044, 0.3374170422682935
0.4609814361055189, 0.5953000487076043, 0.6071934088858495, 0.6417272333001949, 0.5828844858977704, 0.5379911679821735, 0.6348062216769594, 0.2987323813250593, 0.9588147004799057, 0.19327418004998242, 0.4079570346131714, 0.1802482910532487
0.5304442284326887, 0.4598069046426313, 0.6738632304992352, 0.5573652275042031, 0.47175266423574536, 0.6139408354440624, 0.2687478278022376, 0.36489369497965846, 0.3566362384270812, 0.39570858461046504, 0.7400472617406529, 0.45511383566753616
0.42679178731396517, 0.41719487925867826, 0.40198532429409906, 0.6955129334440087, 0.2462446905308021, 0.45149123192343255, 0.27316624783982524, 0.38534878462419675, 0.520093792270367, 0.24011370862044934, 0.5462130155332916, 0.6296962845746206
0.8333421262294765, 0.8690920784198062, 0.4714685540353368, 0.28255530929063155, 0.32311969468990775, 0.47448303113536267, 0.6508654036371354, 0.6452865949105485, 0.7384585360455721, 0.4471776154668742, 0.5384144911991953, 0.03734776493748704
0.2945775284805394, 0.23224025176956864, 0.6102373550257464, 0.450664377108269, 0.5223154888099122, 0.731240259147332, 0.4622286771145404, 0.444511682179271, 0.3911469405036002, 0.4821133155599006, 0.41254952170431963, 0.3287347269667926
0.5448153430986562, 0.4906975169620676, 0.4553349241833161, 0.22949452863783704, 0.5752684335434356, 0.6257287751934699, 0.6009021037858885, 0.38136185771001857, 0.28683447823354125, 0.3693832052454722, 0.8040655601334903, 0.3727103943547181
0.7120977026526234, 0.43965353756699277, 0.38552974554082803, 0.5828189612254241, 0.2315710006294594, 0.4265170241777786, 0.4696095261174636, 0.6424525714126914, 0.5705200810964284, 0.4039529086441085, 0.2421144263952434, 0.5705385682500463
0.3932750186859818, 0.7220118927608143, 0.9814216121028029, 0.3167284933219955, 0.726821394874239, 0.6182243545023447, 0.7767607379850795, 0.4410018836268742, 0.6198681277589543, 0.7153058269448018, 0.6744080279948207, 0.5737352313157922
0.23075551276500628, 0.44290952286465957, 0.46704136472658414, 0.5328258382705164, 0.652051437360899, 0.5109479626115704, 0.59439166302104, 0.5682114611851672, 0.583268969689776, 0.6879591646509751, 0.4047970668508644, 0.6282742022702819
0.7151309854307084, 0.34844369434764844, 0.17125941165107367, 0.6577524153644543, 0.8378136870452321, 0.5718229813533864, 0.4733542725084447, 0.5307829872712864, 0.25929509508044485, 0.7073612311881963, 0.7286631409441865, 0.3082844645870272
0.1720687549970451, 0.6514329500402716, 0.5423443938687753, 0.6642099381568923, 0.39510836399867505, 0.45426396924964335, 0.5398850783771094, 0.5950768685714611, 0.44235771790585393, 0.48732186808935263, 0.4276922196789788, 0.3548860759390288
0.48512420182503746, 0.5478462761621679, 0.8124892129370302, 0.6019920322388314, 0.5593833686593119, 0.8170551034047981, 0.4251865124793334, 0.7355985397586248, 0.31405436514336216, 0.47994940787779794, 0.5978987576022381, 0.640469433613764
0.39251901484995566, 0.3364132367647207, 0.809461480888187, 0.6326429288231445, 0.4664311188262014, 0.4952013573288677, 0.4901027924976158, 0.39993705842390836, 0.6308907359781042, 0.572187959675943, 0.27934400934179104, 0.9157166851929203
0.6502505328327566, 0.48831783493109154, 0.7015579324490561, 0.3272806684806068, 0.37506384286223216, 0.2154450677819234, 0.6675288527775303, 0.21793347432908167, 0.4565841011600925, 0.6608228208546124, 0.6531201264726083, 0.4607202467693533
0.4015904409806056, 0.6252431252232462, 0.21142566421703535, 0.3946539979725581, 0.573408969209051, 0.46500627059452554, 0.493274954834848, 0.47428831318889947, 0.4839027032337956, 0.46159342114693647, 0.8819755075244928, 0.6165683345751098
0.4980623396957085, 0.7457473818343847, 0.2449095197933992, 0.5754733943513001, 0.3445128493066006, 0.5951015716301116, 0.8741064663359743, 0.46793511734600857, 0.33611995301122155, 0.7659829890120593, 0.35602972081295164, 0.6497699419189431
0.5536013857703511, 0.5339969706662133, 0.5740281210376416, 0.438042646501534, 0.4315539446146014, 0.3864965902625474, 0.23395436693249028, 0.48174624721159864, 0.531132924341313, 0.44578894100565, 0.6093084535909096, 0.6710201593903962
0.4933993815335417, 0.4803732738390843, 0.44667221022623355, 0.5158576953773636, 0.2966977768739729, 0.18114070461793463, 0.7017295328004965, 0.5793178423753403, 0.3270850316510899, 0.47598262745417386, 0.39198785020550186, 0.5967689564001915
0.5403074461325693, 0.5739680239316677, 0.5571879303412981, 0.6292362994677321, 0.4281515726231011, 0.5478162632497253, 0.747708783901245, 0.8293450110317593, 0.44850797367995565, 0.7010636810708879, 0.6709831213836422, 0.5780330055239535
0.41433855830722355, 0.5030946081042306, 0.36620298062432105, 0.5523468977089526, 0.40122081568533513, 0.6394250206717008, 0.6967877204343406, 0.7573941707191396, 0.5942459738991426, 0.6923756181094982, 0.5497829929983611, 0.7701534824880041
0.7636425059295657, 0.355590651453364, 0.32555468171587926, 0.5706268737438037, 0.4973263342928442, 0.29844759765129614, 0.26052686415527637, 0.6076360257225749, 0.44828887090438274, 0.5013268394109427, 0.4655038604894923, 0.6701521193098537
0.85441282818037, 0.8874670220646679, 0.6706272585217199, 0.0919426840372814, 0.5762635706738191, 0.44659329753209986, 0.6878798757956313, 0.6169331964314214, 0.2212356865448563, 0.20630007347963308, 0.6248646379572723, 0.5892094485946534
0.3532197334120084, 0.6798338387572199, 0.8792218183442184, 0.38970897726906406, 0.34978708440115375, 0.6886937286874342, 0.5112018629582198, 0.4841071681392701, 0.3999387183233146, 0.7697872478837692, 0.7648751429543701, 0.9622867116083835
0.4111505536054973, 0.33878986282033763, 0.5363369818671972, 0.43038064171543944, 0.3936909042363669, 0.6183607446882886, 0.20129976449612985, 0.3538163424684012, 0.3281019948384256, 0.5470573611332955, 0.6932876518023637, 0.6259522712558734
0.35203470135162, 0.5369150244691108, 0.5212360310626658, 0.4579886241785328, 0.35725048568410966, 0.7405650873511158, 0.5444858792493477, 0.6337749713692579, 0.5587855687613121, 0.3951697874137656, 0.48256347598155364, 0.4173232096330207
0.5210976434277388, 0.5834013085032517, 0.6337941041671584, 0.13093848931904722, 0.5525515129339178, 0.5855095287865448, 0.8527654425375788, 0.5787001311984676, 0.5167622030562081, 0.2657259246404089, 0.38465261293251485, 0.4954102897992271
0.7128599842356379, 0.14022389072877972, 0.27787600523573885, 0.5896073306847809, 0.34477299755042423, 0.5477185819865888, 0.5866606704071096, 0.6152564722844711, 0.25850503708531997, 0.3820369173822546, 0.7517419819181079, 0.6380004689865311
0.2554688233557979, 0.6098981594019455, 0.9010938361556604, 0.5947809379505746, 0.41213552246993346, 0.4030741201483354, 0.5784794140597078, 0.34851161212802995, 0.5303163320805447, 0.5846007229306158, 0.5894955546771207, 0.3513728581885269
0.5937642200175699, 0.4722047980677476, 0.30385976648197754, 0.27313430710761444, 0.582217446333475, 0.24523790470066764, 0.6884218196376466, 0.3769580509882209, 0.6990712856313546, 0.6097537094676625, 0.49165574993285877, 0.26411482926475915
0.3945477950393669, 0.4049578612970157, 0.9314841202056047, 0.5607228954300512, 0.6874141378316865, 0.6995671054633938, 0.6960508006885215, 0.5656291131315809, 0.29299330384106304, 0.4362098028879765, 0.5147764725233112, 0.7215069248911732
0.6517344234485056, 0.4991402506639083, 0.3374735564279631, 0.42263279344163307, 0.20766881372578272, 0.7742675815681679, 0.6839644286021963, 0.6527074987274983, 0.6159692332798327, 0.4129925140519492, 0.4376699325479552, 0.5903901703728126
0.15802018832387787, 0.5345845516408049, 0.3984954211957106, 0.5017470396620799, 0.061387785399344974, 0.3508826254733208, 0.4152013196083645, 0.37251209568452964, 0.7301005781077223, 0.2763961204533656, 0.4995291534469283, 0.7894636061773728
0.45227063912642285, 0.36866820270545025, 0.8243785487135042, 0.09605284270809239, 0.09578556490900642, 0.7568480138983872, 0.45661824966960324, 0.6479271389033765, 0.6703492554633459, 0.5842873416757395, 0.4753550782837761, 0.5199570461710787
0.7775491603183224, 0.433377037588301, 0.5313565128813178, 0.6863473845916074, 0.5035579943578194, 0.5150294553374807, 0.33494309103232994, 0.3980489273505329, 0.4877955908525862, 0.4896214633711947, 0.6668900107706905, 0.5732914350097256
0.8676937983652351, 0.589879059213409, 0.09083999594241371, 0.4765573442041499, 0.4481209187808395, 0.5171837156477881, 0.33647571043593055, 0.4234010923421899, 0.7207234123609254, 0.7538341740010988, 0.6749098666572101, 0.8404331808732047
0.49883457133993675, 0.5326509161455183, 0.5345561860497761, 0.21027944617410027, 0.28272463954028615, 0.37981476782061885, 0.08714875506973485, 0.29439332800505075, 0.3850617206305955, 0.26027890735592196, 0.8128981691598578, 0.668848467346639
0.1611786973858939, 0.3519421908753686, 0.5446711682546956, 0.26020950255525543, 0.3608820011955605, 0.33244778771546835, 0.4554231547124872, 0.24067432268191713, 0.4527513749618759, 0.3811291513445759, 0.4414028574396505, 0.2552336867118386
0.30590121489290023, 0.6130148029480483, 0.654007645239806, 0.7233672872015583, 0.49384460154513526, 0.5270684738887966, 0.5355884337191951, 0.6542118698006775, 0.5591291964043497, 0.48980272776220074, 0.5860779682270636, 0.7147693842695697
0.5554742643614803, 0.955715171637257, 0.7690929031493905, 0.6454536503694401, 0.3928968445083152, 0.6719741164264055, 0.08417448988098375, 0.6800127119455399, 0.5920330666854742, 0.5059242031299747, 0.33151897284593934, 0.43306251223475667
0.8926052971585272, 0.7693522368346057, 0.4187699381029073, 0.37618953484121753, 0.5410901684625636, 0.31210674836834273, 0.5289991077436946, 0.27195128791092166, 0.8885886456941644, 0.5976207626105515, 0.6390467526703907, 0.5219452955401845
0.7595484197398537, 0.4319899365978702, 0.6473778041736096, 0.5136202054543968, 0.4079196139317842, 0.47900804615200643, 0.42276791832792077, 0.7027625988851369, 0.17448895942031006, 0.5226713253623606, 0.39306423708104327, 0.34051665002948284
0.22619780724071603, 0.6025188411278577, 0.5099293364126785, 0.7456505363262699, 0.6171569734131515, 0.25682521845107786, 0.30698357516732616, 0.45817609805790227, 0.8460946600561057, 0.7209615976826841, 0.554295232087188, 0.6019887268482309
0.6979372738927376, 0.4362409283721749, 0.4966575469641367, 0.7176846701879598, 0.29033502078559054, 0.6047070943784483, 0.732700682535834, 0.6757840415770532, 0.7681837097200209, 0.8463455550478691, 0.7499851972865494, 0.6012308303914041
0.369116558462997, 0.5496575552873643, 0.7669012743856393, 0.2629563083731954, 0.6276363046766573, 0.3989232858607542, 0.6389105817641992, 0.30763065225426856, 0.36574625429670343, 0.3498350611872747, 0.5852137225279638, 0.3104988886804556
0.4597418262969252, 0.46205182885320245, 0.1823311650288051, 0.700559214717988, 0.22426928749457886, 0.6726354338065945, 0.5243439228605994, 0.7152496243251133, 0.6116341684585939, 0.6522223366734872, 0.61930479195161, 0.4757611997386944
0.5218252637197044, 0.2942054595544886, 0.6057737847083873, 0.4716927163900665, 0.28047264034250274, 0.9038509850090318, 0.7006892598859682, 0.7021794134843822, 0.31049370085346484, 0.7715436408285797, 0.3099728298176614, 0.4219739395490806
0.6005779348834885, 0.3350760855518933, 0.4792080955322609, 0.5399642996017198, 0.3225921160504754, 0.3522124986432499, 0.705775063487715, 0.14320390888994716, 0.7796453927325437, 0.580380030703659, 0.7731257070483655, 0.1811293511972285
0.42042849802195514, 0.5073630097599807, 0.48971484302024854, 0.42073736056403355, 0.4735222023992514, 0.48653432441614497, 0.4258009426766044, 0.5401858027431455, 0.5162428691819059, 0.7361848425747751, 0.2677092162161813, 0.32571318679877503
0.5101092086010954, 0.5915711129811887, 0.409413185366278, 0.86020966964429, 0.4161705598545369, 0.6311607040784963, 0.21667358740134468, 0.45090069271864075, 0.43821595056032675, 0.3585890484005292, 0.7493783290238729, 0.8815855452919239
0.7392187855092337, 0.6218182883458085, 0.7085503086257594, 0.303418211857717, 0.19803880677942975, 0.46350841632904993, 0.4852994015351838, 0.39966256840394754, 0.2761588833482811, 0.5332404405031931, 0.3305845789341937, 0.6832114305887169
0.28626157584664713, 0.8028478173833777, 0.4168078069850498, 0.42924946459514113, 0.15262291865100053, 0.5127579141386194, 0.46568191118053126, 0.4796178763296564, 0.635915184250026, 0.6615288152544022, 0.6482116863263261, 0.611929707163709
0.5726501780648076, 0.42616496054341346, 0.7060199593417402, 0.3037597610876349, 0.35843974123599137, 0.5347016708907012, 0.33423070942919564, 0.3379149637093838, 0.42246014720838804, 0.6266894857694989, 0.9870007959525962, 0.7381609916752258
0.6042900898790161, 0.5512722079872168, 0.8205919651912907, 0.7102496648852087, 0.2518089563398098, 0.6156937123662436, 0.3202802016191445, 0.6896840986859489, 0.5842736675426128, 0.28743441595448893, 0.382361358591406, 0.6370759266337191
0.5830890148313633, 0.534516133033639, 0.3436367079179792, 0.9166817665437406, 0.5119470907605894, 0.6468881825304209, 0.43032802144993804, 0.2365364027969289, 0.6072104022665896, 0.44535158872077957, 0.4153745930652501, 0.379772351032649
0.4460019380944323, 0.4021192565108843, 0.6339136485685993, 0.4218530007348676, 0.3850113678920293, 0.5560816615754467, 0.39367722921649334, 0.2809128064519945, 0.13318755058317444, 0.6210278111955321, 0.5403473603612742, 0.40660707541035634
0.6002678983181986, 0.6444347943457285, 0.29917176673003565, 0.4258135024198085, 0.2964650885520752, 0.6557558573035622, 0.40131664836217384, 0.5498063567248492, 0.4106905313680383, 0.6442963644459354, 0.49585837960780105, 0.538370708949663
0.447370604578786, 0.3812063720468092, 0.649201284787152, 0.4540164057241897, 0.6914677088179104, 0.47865099774238695, 0.5191383277674162, 0.4945749600740919, 0.49547336490887395, 0.7319829920077494, 0.4105598754113873, 0.2704536746073314
0.43085324623331483, 0.7800490306154384, 0.3257817095886696, 0.7762071584013464, 0.3630948453264866, 0.5513826286039847, 0.4646611455152638, 0.43790005137938715, 0.7448171878100597, 0.6418825237970937, 0.22833203618241915, 0.4362962153682566
0.50122683447259, 0.4540985903478381, 0.6471673512648239, 0.44882556402748763, 0.4564621068714824, 0.7098280171890372, 0.08211269254407683, 0.14186957301157577, 0.448092502863386, 0.4631865345740002, 0.40554715447513195, 0.2692909670461082
0.6011271210957891, 0.4765740533094951, 0.4703216107014687, 0.6017643937662858, 0.5424970557530686, 0.13904029352635672, 0.5361574512849899, 0.7857608575342123, 0.23777848692568254, 0.428236311239102, 0.2320084376335223, 0.7296906632608644
0.6108921599948001, 0.624240365185075, 0.5533447231802632, 0.7541190953919239, 0.4854213343134284, 0.3843552192956422, 0.39548211529528315, 0.5186549304478775, 0.48367774909100325, 0.45957828335345086, 0.5285644240132461, 0.6841553774642972
0.8317945253622134, 0.8178690052335217, 0.52756339496359, 0.47955557457019576, 0.6752455538122837, 0.5069936397853281, 0.20520013641047713, 0.6011437819944592, 0.5586912817856661, 0.46123990654405533, 0.3880108432852619, 0.18541940995591372
0.6237096597402905, 0.8523041548439914, 0.5254190460514458, 0.2108518198276791, 0.7781280264278637, 0.3290623801851008, 0.43508902618276213, 0.388702076736033, 0.7302204112117195, 0.4800735026898027, 0.23864528596179801, 0.6777906330082819
0.5232190351360959, 0.43439797073749686, 0.44180430142308724, 0.36192660064987775, 0.7555957927246367, 0.7218560035097443, 0.542826841245786, 0.6210478234715301, 0.24324274747451702, 0.4463135491902979, 0.66708716769958, 0.7319832557449216
0.41992609428658423, 0.6643648811270159, 0.20498262885528062, 0.6646607255857295, 0.473407372073156, 0.6438414115754008, 0.36751877038312963, 0.6305304656597994, 0.404488912308442, 0.5376360454886671, 0.6894842514626983, 0.5027926338083835
0.45910325359553383, 0.47998536697680994, 0.4091096806593194, 0.5414571692597531, 0.501214746810924, 0.818680137881477, 0.39434576019560796, 0.3398759496810254, 0.5263662028052506, 0.44672392032868685, 0.37806712764999373, 0.622291101149267
0.5055229978764103, 0.5227970461079139, 0.09741379100790581, 0.5430631059717492, 0.6512928216775057, 0.5978683112565797, 0.7484345846544654, 0.7508710124036309, 0.46421683130616087, 0.31786943202525214, 0.6893879085616583, 0.3422081867387241
0.6533863939919102, 0.6865806317669085, 0.6437413862237007, 0.5948143287338656, 0.2694753629449349, 0.7493048000473364, 0.6751067950183887, 0.5005526796361476, 0.40188992765637016, 0.33204951238379826, 0.7283249044960305, 0.5866608282255757
0.20440672416857075, 0.5078905551305946, 0.6225080517419828, 0.6835919345285377, 0.4835472371935422, 0.6176793732468406, 0.2914086603525865, 0.43625052397327924, 0.5529726917609349, 0.4882221912921695, 0.38662214975303966, 0.39454631156049713
0.3035900932438317, 0.6771617857816407, 0.29400445173235945, 0.4182065031752304, 0.13881544695732118, 0.6702585389933164, 0.4866431362297063, 0.7227939420047218, 0.5803401886076268, 0.8273424216618198, 0.36130761342112644, 0.4096851013480935
0.44586223706266015, 0.46767264195942143, 0.5868046302431528, 0.7038094362970495, 0.5692020407675232, 0.7141150893975732, 0.7097157217111993, 0.8276731347855593, 0.4508472596874336, 0.5175169182570153, 0.5629205947815146, 0.661129545857575
0.6146219763319656, 0.44119530248932626, 0.2879238244267277, 0.679122441055216, 0.3369658961201737, 0.46020571812629896, 0.5221303224856348, 0.40458816023126376, 0.42178186051504946, 0.3785499626710942, 0.6870315505356743, 0.6289540216955993
0.4097509266010834, 0.5244271367162464, 0.49247800609746245, 0.46580290751559306, 0.35786314687219983, 0.24164061468988451, 0.46007044196721275, 0.46491272284952534, 0.6343944672370698, 0.6315856989870261, 0.2369461703377384, 0.38269440729025805
0.4875802677485479, 0.522055822743624, 0.6482905925656498, 0.5592163070215658, 0.38917876851012145, 0.5025266513053218, 0.5174567483682776, 0.6390716403380423, 0.3236274630127491, 0.720556705395572, 0.3258135833659547, 0.46705409869584935
0.7580281942914247, 0.6327886485298679, 0.6079079806213011, 0.3688578907769256, 0.5545579004166746, 0.45371427515804086, 0.5146745350656585, 0.25173122448458746, 0.47552773898932243, 0.5492020907995482, 0.2524799928965905, 0.5174018014778569
0.13541780462330533, 0.39911686168577487, 0.5315184856509232, 0.1971851298160342, 0.41923221796562, 0.44382033259255915, 0.5393898157195123, 0.24415109199422674, 0.6159174773180421, 0.9320913361263872, 0.35138486791687623, 0.44003574890874503
0.6919050123830803, 0.6202741275072237, 0.44058122010781925, 0.5984300497720743, 0.5409708085331406, 0.8139739500129719, 0.2591735682339654, 0.7039916039764563, 0.5655210011279216, 0.5695025489027324, 0.255654875678927, 0.6542836508110391
0.4005614041205568, 0.6710598982517111, 0.6808417847484179, 0.6244994290083089, 0.7159317961522784, 0.615029758865971, 0.554498612050817, 0.6276772686945582, 0.5696101190807369, 0.8391140112709716, 0.6343159926335278, 0.7539786947047722
0.6486805323003694, 0.3960853651387459, 0.4837324993761216, 0.6466458117799205, 0.24403014642905252, 0.49274352682738315, 0.3188871004776301, 0.48694127559269884, 0.5262982134541089, 0.6075054448574664, 0.5488421587907388, 0.5133448429027438
0.3894083177268584, 0.4123129782339506, 0.511309226641017, 0.23619545738304776, 0.6146116344190143, 0.3619244447165245, 0.5881726792926384, 0.42355566074804035, 0.3444367931242429, 0.4706167693929369, 0.6290743592770095, 0.6778441574352467
0.649806313221286, 0.34247890946312276, 0.24393060323568733, 0.6976207626951267, 0.5821781869461364, 0.5119077307610558, 0.5096002839018694, 0.4996770625857851, 0.42847443533252677, 0.6730259229985713, 0.6291095752141171, 0.4644861720251753
0.4161869791631722, 0.5579502458189436, 0.5634082595093264, 0.5189958185227379, 0.5240968752727393, 0.8666300290506397, 0.4138203512077563, 0.5814553440382143, 0.44889807508146307, 0.44132378314689436, 0.4498002475478, 0.5358617447773566
0.1978533332917325, 0.5870051439306796, 0.6743229271982092, 0.6788837182273035, 0.6959679350401495, 0.40123092567153995, 0.5846300677958645, 0.6431472076506126, 0.759282977860181, 0.5378189783284296, 0.2931646912554011, 0.4029069070604185
0.28061838996373123, 0.6472878666590047, 0.5511249273677408, 0.5412164472809896, 0.6357213322891833, 0.5089231660112916, 0.38383123721997975, 0.8344282077051642, 0.6313754380255806, 0.4605906661488796, 0.4058386733844912, 0.5202552763798935
0.5147193807951879, 0.1544811850734355, 0.22913159442218878, 0.14496626357524345, 0.6540069672260251, 0.5649251387753466, 0.10136074392218081, 0.5288678736709392, 0.25808587610175104, 0.4451874649803671, 0.7451676782932924, 0.4990638801118544
0.5789765293251564, 0.615413553697093, 0.45168839983637515, 0.30182187772285374, 0.5711061711314809, 0.30115192889751363, 0.4677995348777432, 0.6098408579844582, 0.25457926916293183, 0.6600905664957079, 0.5306936380607596, 0.3685439974894257
0.806590983111682, 0.6910170268723543, 0.3531084312584379, 0.7224227738799099, 0.32442675426616185, 0.4590899913352262, 0.5889212574703647, 0.8097391947130713, 0.5457161258749205, 0.4839184872036357, 0.24767469133004816, 0.7399140535713777
0.4564891120386161, 0.4003205530063637, 0.6759802062096798, 0.508416272871721, 0.9603650327079621, 0.6095468114996325, 0.45170825620394106, 0.15913697839824226, 0.4843753931716339, 0.62745240575933, 0.39903682850491595, 0.5412287252752577
0.5251897069174225, 0.7092253328382552, 0.5550891205043754, 0.35458004389291187, 0.2363237153506399, 0.35537511114704484, 0.538665284166729, 0.2709085973624126, 0.40171000450706085, 0.37978944521878216, 0.28459107143972573, 0.5991912019111105
0.6984831106620255, 0.3289942049276255, 0.3132108286430443, 0.6968507057651345, 0.351468097193314, 0.8572654672829789, 0.41409548939410423, 0.5384231537365514, 0.4655302191483126, 0.5693835719277325, 0.4739056485128058, 0.4691204797249027
0.6651785595474201, 0.5522471645693054, 0.6055286118690795, 0.34876050943866965, 0.6987296116508647, 0.6690226279987782, 0.6964021615969098, 0.6347848471796171, 0.6568335907453804, 0.3914589637196812, 0.5231302380756941, 0.31760071738805185
0.5085982182196114, 0.5157754181485064, 0.4729806615177091, 0.3469138639793551, 0.33959530405043015, 0.791840576563824, 0.6569136967942569, 0.42783750236576723, 0.25789219518225714, 0.6042715187420522, 0.3977189730735683, 0.3252626435315478
0.22396695676667605, 0.61703554068141, 0.29250008486628126, 0.3896736413259965, 0.4767813218186955, 0.3363423762781803, 0.49287537977445184, 0.5163546300592957, 0.5999952205023119, 0.46691224506955503, 0.4244846936682013, 0.6704546580406029
0.6750773449713359, 0.8015053000973661, 0.4894233238255672, 0.5300159415004144, 0.3835441809465419, 0.40496551647793094, 0.8087248836088655, 0.5814657248602034, 0.43800168492660096, 0.47159289607837773, 0.3531429900199875, 0.5617540025422258
0.4179693586339432, 0.58912845699436, 0.2801150692658943, 0.1415067172140298, 0.424280686987269, 0.6324130315586196, 0.3566458919223365, 0.462141585195993, 0.4571370282696865, 0.8279202994763589, 0.6653169880197896, 0.37423910661875004
0.5860619891834142, 0.4807161825624024, 0.5701722731107808, 0.38877718915773596, 0.44329456282419444, 0.4909250174034937, 0.45355428428503464, 0.5725344559256227, 0.33520157590425576, 0.38123186330368153, 0.3859228717995611, 0.7411304848799978
0.4379042826734395, 0.42504024367862625, 0.45235406258909816, 0.5578014260088079, 0.5233220866145314, 0.46376430344871855, 0.6947753231030213, 0.3438337665850879, 0.4618434029342895, 0.7771241325982664, 0.5792000666515584, 0.5051910461655639
0.22779252437958675, 0.49814610924236197, 0.5340012134100852, 0.6030655880305259, 0.4394632843213837, 0.5269345256269279, 0.554666656976605, 0.5008208099644726, 0.39556404246116195, 0.4960305363597812, 0.646297972596199, 0.27889570059827484
0.774738215687176, 0.4915608847588236, 0.8359091735206612, 0.9592724160562422, 0.24947086008731245, 0.05681515105245594, 0.6937484713230955, 0.8233095522335991, 0.5530655921238742, 0.46768966060614886, 0.36078642417002776, 0.39970405761141437
0.5121066479308993, 0.8807546544656955, 0.5775037175090478, 0.6290468758441277, 0.49272960178955333, 0.3794450029195457, 0.30944209078359736, 0.21781653126505368, 0.5578369877300907, 0.14680959172193253, 0.3454770332708211, 0.2896130918848466
0.5129138488072794, 0.39387258428975125, 0.45239870276914296, 0.38250374264150316, 0.6022404800411999, 0.6567095336011745, 0.41571905711988233, 0.38077857017266703, 0.2752869260037098, 0.6351570480470331, 0.3697219007908988, 0.935200374485182
0.3191596098895387, 0.2774855997211204, 0.6207752928565597, 0.2367988542900598, 0.702152756526488, 0.3171168241162102, 0.4706833367375798, 0.7120553080744547, 0.624146575513764, 0.3809263596337369, 0.452063140865611, 0.6325242066844255
0.4954247363608502, 0.12400180787075366, 0.713703251904478, 0.3577180888094009, 0.48444289521777945, 0.47760313738862253, 0.1974536418406303, 0.4301915095872238, 0.4443280390695223, 0.4153794732700804, 0.4266284753884965, 0.5790117196713007
0.3307322531003114, 0.5499167209462882, 0.8530426263467257, 0.6111770851856608, 0.3532871664132293, 0.6514624876457688, 0.6654962561742364, 0.33717784232367437, 0.5652509693941936, 0.5684239530741648, 0.6518829364705805, 0.43556706795461114
0.5427594289785826, 0.42111263507218333, 0.3472853771200859, 0.778817343778546, 0.8745723482632992, 0.5726128235537656, 0.2770387400357961, 0.44095393024905094, 0.30459442497539063, 0.41282765424612494, 0.1986372454977109, 0.5696038039429052
0.6131407209919197, 0.5138549329192966, 0.33972987451389736, 0.526744619145238, 0.6634736093110623, 0.4026453931626577, 0.5794559766431921, 0.4928049208753042, 0.3305068932967201, 0.5019079332093568, 0.7146184625228532, 0.7151936131742667
0.7963223628029473, 0.592371134969201, 0.7565724987943092, 0.3387033545824642, 0.49446754548670896, 0.6786423979674728, 0.23461656194321773, 0.33413788921514204, 0.38714959967588364, 0.30083459974425175, 0.4429566658542227, 0.538044563142689
0.2859034179115748, 0.47378619708152514, 0.5410367160613954, 0.42325535430947164, 0.34234596378350907, 0.31656853281522634, 0.6259321466652094, 0.5348348300365662, 0.3220768551463044, 0.5662372838901082, 0.5001699425502171, 0.5186872319998697
0.4021771388926882, 0.4439118004430582, 0.25581321680969876, 0.7702651422694486, 0.820870946221137, 0.5624839654031526, 0.6948695393083731, 0.6950139561967529, 0.5518026823352787, 0.4518130927624054, 0.44492024422197085, 0.6090670353700411
0.4202916908562446, 0.50663839950407, 0.5558462155625588, 0.10660102616702338, 0.320989891358447, 0.4611674029667843, 0.4174916359264082, 0.5330951339318922, 0.498332896490484, 0.5650233409281915, 0.2597969618615569, 0.3358153923834006
0.6499700733097173, 0.3821962612344021, 0.4499978046200105, 0.5071403521851029, 0.56621454493915, 0.4917656244656419, 0.3650985582424299, 0.19764827912856137, 0.41484031852304215, 0.6353547505479147, 0.3790007714590113, 0.3747759845849782
0.459703456019926, 0.39809786257885205, 0.39693169008679363, 0.4296206452613163, 0.44162824368856063, 0.4191856174125917, 0.43482057131201607, 0.40440600760699963, 0.7850672686223972, 0.6428561454048031, 0.4096306702195465, 0.7158803611188973
0.5686796102776778, 0.44609876519451275, 0.36365572534566193, 0.4879632654698142, 0.6570762245030739, 0.7539536136898348, 0.417507785346972, 0.5941965964865417, 0.4841195708864567, 0.6031345574362461, 0.3716937223795822, 0.6853100925866172
0.4092379554728583, 0.5249248477575309, 0.5779741161492636, 0.3913796977900298, 0.4265336471194793, 0.2807455264778961, 0.3926322647630546, 0.5442754542420314, 0.4429307881104764, 0.525545821097305, 0.7550937313939408, 0.3958977509679419
0.36107053396741234, 0.5008087543694102, 0.42994888944887205, 0.2820066573365249, 0.6691984558227413, 0.8426447534792462, 0.3904800840086947, 0.4208597096860413, 0.5080195795849004, 0.5484672812330151, 0.8657427501347391, 0.25826400391399923
0.3984337068207475, 0.14556338584070683, 0.6205911316330198, 0.5694000098543771, 0.6911896093561335, 0.1339060737094253, 0.28385775617510134, 0.7394507812316169, 0.6722437460454245, 0.2984517120196756, 0.3564217165624882, 0.6765480063498648
0.32820431028295693, 0.10362886376700814, 0.6965202600643625, 0.381346950991967, 0.4270829941895302, 0.5994570280663788, 0.4642066550483931, 0.4562672860073144, 0.46123897138439984, 0.3395444545798494, 0.5023972132487075, 0.6764015337663132
0.6968856975299191, 0.7308195147083838, 0.6500561782366484, 0.49973054106400394, 0.7332066845021262, 0.4951625067026895, 0.24041779489772624, 0.8235212765922564, 0.25761302037801154, 0.31497422939340325, 0.47191999019883024, 0.7398249022409309
0.4137128582736778, 0.6136292404635293, 0.42437903422560663, 0.120163621740624, 0.4665583675646335, 0.6194766294771491, 0.574207053644092, 0.5886793285860009, 0.5434498669495875, 0.45094334527660335, 0.4667359779718538, 0.510835341459172
0.6975853177163054, 0.34233204761067804, 0.8967818589305249, 0.5329404847136786, 0.4607546569180335, 0.333146283279223, 0.3739987409749603, 0.6976755777014708, 0.5065201772949208, 0.3384573541100442, 0.49450006709555694, 0.43112211959980407
0.3373428099691568, 0.6091881184253992, 0.5803144996883213, 0.7111195567111407, 0.505870188081683, 0.12482947395682209, 0.17751954079776838, 0.5406048391917624, 0.4930359730516523, 0.37649254087271367, 0.4877481024656702, 0.5435279545603104
0.5544068452750599, 0.39389309804820744, 0.7523282658891915, 0.27437476583656867, 0.39920771989656756, 0.686270559338935, 0.6278538851530833, 0.6367714191898769, 0.3512431307075329, 0.21927024156427294, 0.3949963992591289, 0.45496870222962316
0.5603520568467693, 0.6862482745000624, 0.4903265079119818, 0.48038265602347396, 0.357786572421374, 0.2478626315501794, 0.7536500353481952, 0.38478809950878545, 0.39459053438529745, 0.6250518065161641, 0.13714067567522015, 0.2578252750504611
0.4936852876656249, 0.3813470576941056, 0.44792991698371887, 0.6333585888842077, 0.2727656199824313, 0.4290506483188806, 0.6470179135232581, 0.5100536784926399, 0.49594713661702783, 0.7036497944824565, 0.6055760629222436, 0.26382059824150184
0.4716264116103693, 0.34691790702348, 0.441934442239133, 0.25189658717209584, 0.7419920655751882, 0.3754712627556819, 0.45689426471422256, 0.2404235647104545, 0.4571984701683192, 0.2984073177250942, 0.4777024757571334, 0.6203573741549655
0.6369964874918708, 0.6033510520050079, 0.4388086206548336, 0.24783420109757182, 0.44959429772838827, 0.6128561163330233, 0.6230653648678666, 0.5200750048516617, 0.47748811257255114, 0.4683248462968374, 0.377625418702513, 0.5946708693400133
0.31855410382853455, 0.5947975263240748, 0.3069358128361889, 0.4941762359203343, 0.37317026296612094, 0.2979384592166096, 0.707106013449468, 0.5507588008545403, 0.4504063862171752, 0.42018223684247746, 0.4636451666664838, 0.3003944574033899
0.625540829811291, 0.45230174183226496, 0.6044962198195608, 0.5944568907815497, 0.6097759892628896, 0.5896247995271919, 0.5161069248359276, 0.5503098640870809, 0.5251431591986677, 0.5081715058100419, 0.6753128756378413, 0.5292301413864607
0.6534976433343509, 0.5145193477617008, 0.14793956813336812, 0.7300044807130478, 0.6296247349076735, 0.3147807321056251, 0.07022240262085877, 0.1456232084093555, 0.6526891965296766, 0.5065848375358033, 0.6346711353893788, 0.1465521124657651
0.3883968079051096, 0.5153429441689616, 0.6131451450710782, 0.5182502578376242, 0.5680740816763824, 0.5426055197290179, 0.7102144622211223, 0.43549070723935535, 0.6446509742903459, 0.5482089979821421, 0.8435776666012353, 0.6288632376263481
0.5511482069620344, 0.2776220629194903, 0.6051755589451883, 0.5183970630736491, 0.36980616256314547, 0.6369467063773263, 0.43518592152579294, 0.4070463086689237, 0.7476676668493925, 0.42024645558241, 0.5356416251695191, 0.39997628314459954
0.2381517762955393, 0.6279175437723705, 0.37815835916022833, 0.19578144210337856, 0.6210947185450912, 0.6303959154648191, 0.7300884630139926, 0.5395442519797633, 0.4364421077702778, 0.7080044707506811, 0.33550849276653927, 0.5967015529036189
0.45612065490021403, 0.4556083059664274, 0.42613325757148757, 0.47903503474077813, 0.5041142015525373, 0.4932782969478838, 0.7536194719172593, 0.4069582954316043, 0.6571225848893033, 0.5220319794106548, 0.6790078949215902, 0.2837512690903426
0.46206613791123985, 0.0817677347172151, 0.3737076466413745, 0.2765137764634672, 0.6263154698695731, 0.5036541712401099, 0.37247624553791026, 0.6241047994046145, 0.6051989409119116, 0.557392226334426, 0.1499253585697774, 0.6863919818107552
0.400423402382709, 0.672096807072935, 0.7117586936941774, 0.6189457312720702, 0.32767158570985033, 0.31650606787939317, 0.42322725872645534, 0.3987964836043214, 0.30038952483412856, 0.6604101229860436, 0.6263982274006898, 0.24952153846836694
0.5777474036499405, 0.3171505431724471, 0.12812255067093692, 0.2937226615118351, 0.6765165957103801, 0.4452969550360457, 0.6069377455912943, 0.5234834965487695, 0.35838472450430986, 0.46070879165686873, 0.6753012219281281, 0.3202544847572488
0.6588875532891184, 0.5193812277516536, 0.4525318794660934, 0.6295653157787497, 0.49422331860862845, 0.28413801209147505, 0.616392231409854, 0.737961218894496, 0.7074525194626331, 0.37900150860000104, 0.7444256332655584, 0.4600703448860373
0.5573314535984615, 0.5707809067685684, 0.5889852776933648, 0.08463363048648165, 0.5911616683049272, 0.35900387127168126, 0.38729161513473725, 0.532462929039104, 0.6117318635438251, 0.5033875275918535, 0.37805084326772515, 0.5704693688183523
0.00705572861757,1.26681202441,14.4118286199
4.65558121979e-10,0.0389079195383,4.45366526476
3.92053211319e-06,0.176721033865,7.93324908325
4.36315066555e-06,0.685659247182,48.0645825704
0.000430092922983,2.50061719109,49.8057488035
0.0674339766412,13.8811942151,95.621544533
1.72320488245,58.2376986007,210.547485317
30.4429717728,256.057344333,487.055365762
