$x1,$x2,$x3,$x4,$x5,$x6,$x7,$x8,$x9,$x10,$x11,$x12,$x13,$x14,>>f1,>>f2,>>f3,>>f4,>>f5
0.4981141682498573, 0.433290776938508, 0.4571110550457085, 0.5081780680308045, 0.55319170419805, 0.8153466475492825, 0.5387597643679266, 0.4454224392022515, 0.773385949542002, 0.43558006426169293, 0.06986065828435695, 0.1851855961754596, 0.49385492056308083, 0.6075180558548852
0.6297415437395844, 0.30830981935213375, 0.5226936786341585, 0.22990765293812115, 0.6732720121476348, 0.3801098714518053, 0.5958550719013163, 0.5648098621920198, 0.6279412053647004, 0.7339969470099513, 0.17102344510551792, 0.7034521644165023, 0.6432324709871078, 0.5769068842926024
0.489424594067326, 0.3380716331756741, 0.3779882943655991, 0.775575149665652, 0.5300958485526863, 0.568979738891868, 0.5010375172826731, 0.5054459945597057, 0.5619505498617322, 0.7980479092775539, 0.670269716901376, 0.26857829321393367, 0.8009453783910132, 0.5913876945060762
0.47267408129573285, 0.21727104701600702, 0.6686987321139966, 0.173554674869154, 0.5868156088947278, 0.7067668144334742, 0.21231230668326917, 0.6053870241875711, 0.6465160672771773, 0.42048326536597586, 0.8655207656023189, 0.5983044846040667, 0.7369646516571099, 0.19184884717786643
0.5470438082645984, 0.3390618305962668, 0.5504755657697793, 0.5321279004319598, 0.7009691365683868, 0.3555126037453352, 0.32100586208226356, 0.4082260899105443, 0.33206369607924735, 0.14811790506246025, 0.6584496866481648, 0.4045080053577794, 0.49402951252056065, 0.3810063506793885
0.32815364555079907, 0.4099818751963912, 0.6593485329522655, 0.5193679738245811, 0.7280739565448043, 0.3894628607819607, 0.5441913502523968, 0.459742645536372, 0.6197329971633453, 0.46019739657870745, 0.4551576151174348, 0.19745198976130574, 0.553889135344487, 0.132811660950042
0.34146649966672954, 0.4240723459084577, 0.7509349736832648, 0.3502865626130024, 0.3962804036773939, 0.4229717942311311, 0.6260672306327841, 0.6210198613514492, 0.5347042592844208, 0.5323668582611575, 0.5038549538723786, 0.44451953106182457, 0.4764503468527604, 0.5430436043322212
0.3406540987002567, 0.17433793150627996, 0.29068936063468753, 0.548201504280477, 0.25073477120556875, 0.5378924550919395, 0.3121422982902478, 0.5480665286787892, 0.44945559717514993, 0.6471677218546832, 0.5406783046415238, 0.34697685572452974, 0.468596102323501, 0.605518390622661
0.8028260485195478, 0.2660123683975571, 0.3342037689960738, 0.3878626493127341, 0.6831011841731198, 0.3877833582493378, 0.5265192970267917, 0.32879989645565877, 0.34557428049265987, 0.6549688338327829, 0.4867137005437494, 0.5829365308049885, 0.47213853002143047, 0.6847969925846635
0.44782207082215897, 0.592912918534415, 0.5684225876128537, 0.42462492237269434, 0.8801323343473523, 0.49737788283645085, 0.6977996588390036, 0.530611696160463, 0.21906732583192112, 0.6871294523200548, 0.6460480174019247, 0.5243582948866777, 0.3861421339519616, 0.5870296380788639
0.823822529542322, 0.21966967282772365, 0.6473635579639692, 0.5215200756394079, 0.4199481611730228, 0.9407610669886699, 0.4729972141999176, 0.6157948748736684, 0.3068266428430859, 0.4670932804528942, 0.4157903791321883, 0.6338093397449308, 0.4185100800224069, 0.570275493909858
0.5202259680043134, 0.6104237570872205, 0.26297121697313885, 0.5917236265728179, 0.5391362807464491, 0.4180456384302771, 0.7473562080890097, 0.4385244690226408, 0.5420913603280102, 0.6469004346211733, 0.8943074773849582, 0.49291372925165733, 0.2679236619894059, 0.5086969966361835
0.5597284304796902, 0.4018960157769129, 0.299367107610593, 0.5796463869248405, 0.3562195949836922, 0.24580597132109094, 0.593380763186135, 0.503802615504156, 0.4700319760838104, 0.4494440452398006, 0.4732978712317723, 0.6226017899608199, 0.3563884834650047, 0.3386578206614088
0.36655409350320617, 0.4149074356083666, 0.6320109822854307, 0.6849882392341651, 0.6736242610992859, 0.5919793325319598, 0.611188898652041, 0.5966444184242834, 0.6877200083821896, 0.5477399712851881, 0.42315686965699206, 0.5267163152774447, 0.5684354428432206, 0.3357080989437169
0.3299971151105464, 0.27896416956945, 0.6675137304506201, 0.6322605432208205, 0.6298047008653085, 0.5677501543482201, 0.507220182575509, 0.4726895764784085, 0.354618667392534, 0.467478305124103, 0.49653980868814823, 0.6958030741109021, 0.3571848619324879, 0.720920165502099
0.6049188926762834, 0.4872451731573774, 0.5494315751873895, 0.6052137611112575, 0.4239211824577447, 0.3827387831230012, 0.11278592772227508, 0.48835616297105844, 0.4114884740948367, 0.6030791185003077, 0.6753142189580892, 0.317674828857633, 0.6155651946532816, 0.6599580665607943
0.3663032361875095, 0.40170529421525936, 0.41924983165011587, 0.45646436402128626, 0.38468424592729034, 0.6575178701192925, 0.5345838433228967, 0.5447487758320695, 0.5379349333694781, 0.15333513607650912, 0.425470141528882, 0.6390848729676324, 0.579991059850706, 0.4234736511629842
0.41193750703348353, 0.23121437213287338, 0.48589795554079857, 0.4655801825095078, 0.7331022712766125, 0.6558031932644908, 0.6763688952819877, 0.43537379626687056, 0.6320564296435683, 0.4610879542136411, 0.6838646843150977, 0.572086170684355, 0.41706815688949944, 0.8407688988358148
0.3076904907277058, 0.37831826591734863, 0.5605366369435266, 0.5522432534737342, 0.6474984133054065, 0.5133926832055185, 0.2969154615503063, 0.5759515862817174, 0.5691287330473735, 0.4495667766860978, 0.5063751829678554, 0.6868035413851884, 0.37649378978284886, 0.25419503040731195
0.31293746321258176, 0.13682554649900502, 0.5535204253715217, 0.5398804133959604, 0.5527603433109401, 0.2712333918265843, 0.5008802449766545, 0.3615926840776922, 0.7522102434223898, 0.5907992367654058, 0.4620987659447807, 0.583117999231918, 0.31661208440021993, 0.6164192598746642
0.547694333251622, 0.3823031545577291, 0.541117054377997, 0.3834700802055967, 0.6554397049575602, 0.30927580532687604, 0.8254552018700628, 0.2653281223808146, 0.5537991104651703, 0.5666793645279282, 0.3811220441908995, 0.6742717622427783, 0.6878827544882329, 0.7416941579021203
0.32755768425070203, 0.6356282067786556, 0.5019524882611446, 0.5992242238083122, 0.7157889212371883, 0.3710584719440038, 0.4523462255325319, 0.01143409179869126, 0.48174313860992213, 0.4833808328576568, 0.33967687461810947, 0.5946533985015714, 0.7403474867301141, 0.6148473514777123
0.3630068736699398, 0.50677172700096, 0.4874265926446375, 0.5045325724946774, 0.28480916660202443, 0.355456948843536, 0.6520713583147641, 0.4300063339421705, 0.5563306025078165, 0.7599419417463624, 0.6725527530311065, 0.48263862577350425, 0.5795395486290549, 0.6018629261587214
0.3850631836587438, 0.31630759204644915, 0.7020830054304787, 0.47149115633663724, 0.5028205907861516, 0.40541924228701065, 0.560101164724047, 0.6916793700807399, 0.201575272202287, 0.6099265332100755, 0.4831765695634962, 0.8147301121790872, 0.5015920673562005, 0.26970400746811546
0.44442406772753784, 0.3187195948722072, 0.5434272632313275, 0.3399359609776488, 0.4513006527483786, 0.35460912015057233, 0.48979361948660943, 0.4839472692469511, 0.4657277061144603, 0.5277913108199271, 0.7279358226694412, 0.7676629862748444, 0.46544934870142896, 0.5788528876845013
0.6162822079471539, 0.7768276259615, 0.4466003180316027, 0.7436763383831027, 0.39156270654984293, 0.6158655356490599, 0.5357407268831691, 0.17849004242309918, 0.31725026811697066, 0.6159937967209352, 0.4704605615313527, 0.45090253232435873, 0.5736895422856455, 0.597382739134199
0.20119628738228695, 0.19083740941400074, 0.46495797857424537, 0.5963709678281426, 0.4112283817675429, 0.42092146751861514, 0.4030662623368667, 0.4199007247819757, 0.6553836474277898, 0.6218606891975265, 0.38197860315899196, 0.6374622746311845, 0.24189669705240147, 0.7477017182360253
0.23939411609226013, 0.5038281314632904, 0.563970436279659, 0.6659505499805777, 0.4371850743202183, 0.46176850479063875, 0.6132001165277017, 0.41560100299086705, 0.6019834873326235, 0.7049742250786415, 0.46556555955278595, 0.6123595424619798, 0.5335748078085402, 0.3056200914272136
0.41424532306966194, 0.6050163733884779, 0.44440330856819665, 0.3082299179141268, 0.7593445973672601, 0.5682625954543764, 0.5342085299657192, 0.6316492064405813, 0.49205409962263197, 0.5830025096926617, 0.5480483881141598, 0.8416290445092279, 0.46920193689011125, 0.624066483333168
0.618571398327584, 0.5140783077137511, 0.5972904335869259, 0.43225890786658816, 0.13114850679276263, 0.6420523139176826, 0.3370743541556298, 0.7333826167618203, 0.4173847213311493, 0.5588268386067358, 0.39094891981923013, 0.39388721173229124, 0.37215566088166824, 0.3833084203676492
0.6370130396801614, 0.7078446964002294, 0.4075995077452673, 0.38992963458808527, 0.5999943078154231, 0.6341362383973469, 0.6518778986490367, 0.5775829224636144, 0.7296696405106493, 0.34652867845111857, 0.29448589060332186, 0.3854134617905262, 0.49969607294829016, 0.6098045261139813
0.4323921964869943, 0.44128552347896094, 0.21630451214151258, 0.4472062775511958, 0.43921560543673815, 0.39518873123822673, 0.6546594587571626, 0.42138437293785097, 0.5013814186905039, 0.7678385438790434, 0.5927190071066692, 0.6812375050616282, 0.5067866614322087, 0.48591135305049954
0.6885324900355723, 0.6503098733695016, 0.3129613588182318, 0.32650721761819695, 0.5095226583075743, 0.45186382703939243, 0.3473769144188636, 0.6362865725901872, 0.5015997427087356, 0.767494396140388, 0.46156008992515085, 0.2869767822177554, 0.4812241588006298, 0.49068523941010855
0.13914857979714634, 0.43682866978039736, 0.5969686929038486, 0.8123232053913714, 0.33055434171187353, 0.4867277847606116, 0.48377364148718605, 0.6233174196531547, 0.34480063053457244, 0.25008619942676863, 0.3488341999950379, 0.40055784683940765, 0.48062978194054945, 0.5044347129525694
0.4524220812094661, 0.4910738573224146, 0.7745826797016543, 0.9303200711770649, 0.4835572344469546, 0.6673326148166004, 0.25874502261636934, 0.7278527997654738, 0.546101459083928, 0.5491162307214452, 0.6437466336990367, 0.5329954658812767, 0.5236446781505361, 0.7163460058163238
0.6289143214088467, 0.5253842995014248, 0.435530598496703, 0.48018587012061487, 0.5522661357468243, 0.4884069318432704, 0.26725884901458363, 0.5761612990118333, 0.24541965165263713, 0.7420066478254532, 0.4792397597358875, 0.5869608120554785, 0.794830808850568, 0.42701065509333064
0.49149528074703935, 0.6975669147467155, 0.7024254787061343, 0.7469394289754028, 0.5133092171338247, 0.4947561304705002, 0.4090555052169818, 0.8078683293632251, 0.4843089163989543, 0.8331368120256295, 0.672783891182923, 0.30521244136890546, 0.7768482000404111, 0.48355017878792567
0.3484806098687159, 0.2412218110084795, 0.40180625427055716, 0.21324414662154278, 0.2437803765986073, 0.39744826411557443, 0.623561994327037, 0.8586859900468389, 0.5298560070722934, 0.5174752153533095, 0.42507614688726564, 0.33202988387476257, 0.6068624058759127, 0.3135927281562295
0.4063215027801015, 0.43014206702759156, 0.3033665053945118, 0.6149830342330896, 0.5276118333686505, 0.6230692529657474, 0.338837673489735, 0.7216662745851283, 0.7205589101453714, 0.45393517259709526, 0.5057291889788679, 0.6259900809459275, 0.7627287887850441, 0.6073248121611826
0.7590166952301078, 0.3575496045363724, 0.5809865152434583, 0.4366977948488031, 0.5394547795850296, 0.6700941903449211, 0.4944537371448168, 0.47411853842204355, 0.42474687207120587, 0.8137010976572399, 0.7170468509458938, 0.5566363265614085, 0.5218862241140252, 0.5427376288758047
0.41363203236741897, 0.5849598339718068, 0.38476547228402264, 0.6547695696986674, 0.45356457617747925, 0.33847024024954253, 0.47021624435964404, 0.4134928986423516, 0.3325023629711363, 0.7037948475670316, 0.35279186366707427, 0.5056685282874103, 0.30335819620254384, 0.3573472642493475
0.1266475344443483, 0.5169923251644308, 0.477974895141366, 0.4927518170125966, 0.6217412636769551, 0.5805715588914293, 0.4020426946508507, 0.7126029465502763, 0.33021905170983873, 0.8503724235973227, 0.6441467643714247, 0.26487955143263464, 0.21327307819106822, 0.6939294739442446
0.6399668110060075, 0.7206682503025317, 0.7849728185179218, 0.48439884167897235, 0.41350134397856236, 0.4037790179404512, 0.49229801440546994, 0.2731879802708336, 0.38647891981369664, 0.30323677004444644, 0.8054817248449486, 0.5021932962642314, 0.4556859238749791, 0.38252248408472295
0.23908065752995566, 0.4877924655792381, 0.3899895120864581, 0.6495913611967263, 0.5712224691879897, 0.725086212651975, 0.44583947742020136, 0.5552607567082257, 0.41504916024548394, 0.3279928977704242, 0.6516201413594398, 0.5120209819675725, 0.6007883555159523, 0.5116588480586036
0.3496921451753478, 0.5609747892024028, 0.3177990032043767, 0.585325546452933, 0.7114212943797757, 0.5857092329010971, 0.14927232201820412, 0.255698707149366, 0.7113333450038435, 0.45526807761523763, 0.7120325900966561, 0.4384312391962808, 0.43695735877979, 0.6827891924392541
0.40074537939170524, 0.9095648890573929, 0.4383443218058175, 0.5267279822648984, 0.47061477207209385, 0.6491770436182591, 0.22226110635427676, 0.5898890551262329, 0.7100763912762218, 0.3964934872563629, 0.4304209207558043, 0.13045335941065872, 0.6307593151036148, 0.4623889143407683
0.3690998121046063, 0.561208859491835, 0.5192130236876047, 0.45830690080955333, 0.5122829386329967, 0.18049019771200758, 0.6152009057517649, 0.3107974635302799, 0.4699739895025845, 0.27688832180778733, 0.30236711641423997, 0.5756291501741859, 0.529893225738241, 0.40806988357742724
0.28161380292639776, 0.5108200083119709, 0.5285962616580046, 0.46858492240596783, 0.41061834648283757, 0.5626612882346019, 0.4907509985782145, 0.4306118164427939, 0.40938975665608635, 0.5247335979036629, 0.6489248117933296, 0.7927544235011234, 0.689131433684773, 0.3611310445572269
0.2403323217502208, 0.5418674545564623, 0.49421997614452196, 0.5934859660692235, 0.5311562072599617, 0.6436439827091165, 0.5634475858866057, 0.6777924425680503, 0.547910711914031, 0.24510712797660072, 0.5850839191076364, 0.2848109395938677, 0.2584424716363487, 0.5590523883629691
0.32806064003484164, 0.16967691351019382, 0.23387534644997465, 0.5295113920010199, 0.319728223330646, 0.20405487787843224, 0.5855350733271529, 0.47935240044292626, 0.5201239281962584, 0.7200280281940272, 0.5323593067559169, 0.6997468370365063, 0.6560435981622905, 0.6085197883284484
0.5872362329025551, 0.6224162935719639, 0.5034867953344564, 0.3825993803547365, 0.6130046345301805, 0.6661972643309128, 0.45540676013264864, 0.41347499429118684, 0.6169192365043767, 0.6663947112981304, 0.6801237452766076, 0.3661355263865935, 0.7633890470783837, 0.5567265902747417
0.29014538601041356, 0.1716378337373699, 0.6831628353773482, 0.3294889673532621, 0.5417851997021913, 0.27296950112111434, 0.629607485469426, 0.6742210350348876, 0.4606116125290592, 0.8290543030896356, 0.69027262951183, 0.42266073451412345, 0.5785660309166837, 0.4141952173671002
0.39257672384415787, 0.7069186524072387, 0.5178990546277527, 0.5217362910889226, 0.5701116561167703, 0.034557579326703614, 0.49064304202078707, 0.6582798973990994, 0.5998334767882498, 0.29382105438772055, 0.10530113128491392, 0.5424123279606087, 0.5232740018052561, 0.528913599911359
0.48445932572698536, 0.8660862369778917, 0.6667356413266542, 0.36117620960361035, 0.5197183354951976, 0.49337205172819326, 0.5546831903013906, 0.7483575228634952, 0.4938098702039973, 0.5556746675364754, 0.41864306428176523, 0.2781192908105237, 0.6084357704781345, 0.9160659453838169
0.3937947054287057, 0.3541902743606669, 0.3148540038012534, 0.533395249603352, 0.37809225826149195, 0.4076307080224595, 0.6353455742420981, 0.5999624524748084, 0.3604570110727132, 0.3986720686373743, 0.5998916354912577, 0.4300773088011932, 0.6950041976800813, 0.28011639535500793
0.250904684539247, 0.8101986514708372, 0.636405378762017, 0.6977517702595175, 0.4987708115835615, 0.9487417361203796, 0.29338231829365913, 0.41475380170005727, 0.549438508533754, 0.22795195725338868, 0.5926754666624154, 0.4092586983527517, 0.7031092412347824, 0.6906171890468196
0.6336554126652403, 0.5728990108922294, 0.5631391820530818, 0.6126722500741163, 0.4496688269474739, 0.5410840160421949, 0.5828133582576198, 0.43598860124760747, 0.6410328818214984, 0.3030813616462894, 0.5520820784255052, 0.7726264183955941, 0.5910453428535095, 0.6924100843863964
0.6160944242942831, 0.5437797828346347, 0.5356052278890111, 0.7488214922942477, 0.5971219140480837, 0.3638115820669323, 0.6651909510412053, 0.6325069925107314, 0.36887921454756434, 0.4535091102888486, 0.36470407691694606, 0.40450312417322043, 0.566875578449055, 0.4110992091597888
0.4261508255811717, 0.4457837653104182, 0.4909344513222442, 0.8391954956793387, 0.3634974503902484, 0.5885512122411308, 0.3919716316379097, 0.4742739336289018, 0.47026738762783077, 0.31573210408874447, 0.4240893638228452, 0.5029869626107647, 0.6110477994194832, 0.7452390238833994
0.3809754576496809, 0.7434135912976075, 0.8323536824108279, 0.3439876743203256, 0.9897904141523919, 0.6057099778375457, 0.5894330729051732, 0.2071368586886181, 0.42230676506663495, 0.15373579649798147, 0.5780810311212446, 0.3981484957962221, 0.4094869757954934, 0.4312073408647892
0.36584226318844937, 0.6052661499160742, 0.45957807120643357, 0.5756982918231421, 0.3215567693365746, 0.5020529323005752, 0.659501139861906, 0.6483892182234996, 0.5900169345964479, 0.2815184752320925, 0.17137266991909417, 0.3151068666900719, 0.20865784845168855, 0.35136401063500133
0.7812917007650058, 0.5436094278816241, 0.6578655338864376, 0.639581982564734, 0.42890746814417946, 0.5756736159381018, 0.5145652236592964, 0.13740850112798053, 0.7686707701363124, 0.5346432995789125, 0.42421486972641176, 0.4901193824437825, 0.6341364234530664, 0.22998914619947408
0.4801293421704412, 0.40067243759822246, 0.451499377298485, 0.5039454367610694, 0.6402504922998069, 0.5913275057751559, 0.2252927857407228, 0.19788182258591774, 0.34386036644554946, 0.3509753992957616, 0.8124717366568937, 0.5965179063158637, 0.44844223178682413, 0.7003488227130417
0.35732866703217636, 0.4195726341863008, 0.04901973563831208, 0.7170179573021996, 0.368511010919636, 0.566181179991549, 0.5877412283421305, 0.4965452920059945, 0.5396339821492053, 0.5475595431687809, 0.43709475129895903, 0.8327606451806895, 0.45869128006910076, 0.6374685632428421
0.46770889930727433, 0.5105927052350263, 0.5929463163898013, 0.658293410933615, 0.18018067593069903, 0.3494022707241461, 0.41071793539384455, 0.21844302110975217, 0.6898813494988668, 0.5731543885350534, 0.34691046301217465, 0.32299824642704833, 0.4179588446246858, 0.5416739710017683
0.4889555768673428, 0.5980216431381363, 0.84812286323128, 0.6384021287294028, 0.4435948577909837, 0.3597963681043819, 0.5599504058911025, 0.5794672011037537, 0.7019021610809034, 0.7589422016364521, 0.5068883056521895, 0.175091122054916, 0.6511095220671941, 0.5183524625813184
0.47325911806313514, 0.4146791089630837, 0.5402724726255439, 0.6505255585948518, 0.5930316310436081, 0.20758978811158735, 0.38090696630351073, 0.3754663374297371, 0.5578542547243956, 0.7471564520889623, 0.6748117497162678, 0.040195353827287006, 0.4589136184606063, 0.32618810500230083
0.7495597761511253, 0.4155628260709866, 0.5176992332031969, 0.5838782243089378, 0.3337222282921597, 0.466419961596597, 0.3031340278219614, 0.7405997655200294, 0.7378451135210055, 0.5177944164911711, 0.7884236981146682, 0.6946338017661999, 0.5629526550955725, 0.6176389577229855
0.28997073247067146, 0.5723929865712956, 0.4275442622166415, 0.6729672595391386, 0.22110672017704425, 0.3661871755180451, 0.4273172563848553, 0.4938618976049751, 0.6866611512369983, 0.3798836896108404, 0.7289165885621122, 0.7146798508841573, 0.3198274739488156, 0.2984185122319144
0.35757048562363486, 0.5550293067406329, 0.5464194069419591, 0.5436177065816128, 0.4469408633223273, 0.15692695928164396, 0.4558121373580929, 0.5946485323428552, 0.38868897801610747, 0.66316627585457, 0.6186606564774699, 0.6439730095675537, 0.22715858653872756, 0.6785084675153195
0.5619069789594041, 0.5131720812803253, 0.5235661609871717, 0.4474965517903586, 0.4855128088430687, 0.7849143820443051, 0.3678414286232349, 0.6722678106152444, 0.4850273253993463, 0.7391810013534066, 0.4663948456210291, 0.37232936589251503, 0.38490052266660074, 0.7825916914542693
0.3144725137877206, 0.554608552221578, 0.5260131360132461, 0.47805179143279264, 0.5505657734350197, 0.5221930347082786, 0.364743146240463, 0.504083285758219, 0.3710102292802904, 0.3846400472015809, 0.604115255020409, 0.48704233992924784, 0.7220017281565546, 0.49925923903785785
0.8365094674436371, 0.5388553869551431, 0.5828403885681515, 0.7210662520301184, 0.7003410971059856, 0.5833265196233974, 0.5298760352166216, 0.4640308970655511, 0.5344051605712475, 0.2979654170478588, 0.6210525986722407, 0.4006929916349111, 0.6557355378353176, 0.3509631770495023
0.6521191621691328, 0.4136222933690399, 0.2610678261978239, 0.415001151088495, 0.8769959157615083, 0.307186751427615, 0.5171732776510912, 0.5208017921281834, 0.3993671615191421, 0.6284747681460774, 0.3959063259410919, 0.5570260180510709, 0.6482418854783261, 0.44015787334557493
0.37011974886343707, 0.33032524338982744, 0.40774983549383526, 0.5000825191009846, 0.22874578412119484, 0.3999014640264025, 0.5109295748018824, 0.34480186079036984, 0.504098283871989, 0.4015714492115958, 0.4967148771057389, 0.6122466606512355, 0.47951095760607043, 0.5887299369044064
0.5354434198382937, 0.744377928238844, 0.5707366539677001, 0.7009822605581213, 0.48290605084308147, 0.3688924587698631, 0.2340258801488705, 0.6514157785288229, 0.7143720603497866, 0.815598770878208, 0.46469482888169245, 0.2642272425272748, 0.30580212025790343, 0.5483609407025412
0.32621221545409296, 0.32793107947720135, 0.7598564475270498, 0.2533166712862411, 0.47926029436685613, 0.21819041660488736, 0.7826871872199871, 0.47384502269174694, 0.2323202752203875, 0.3560923683910031, 0.5113647880445523, 0.5984595089698524, 0.6493162965768, 0.48541495253173766
0.8562458295494606, 0.6240131966823119, 0.561198945165061, 0.6444316029788448, 0.5845582141244574, 0.15827601894537147, 0.9365076348717207, 0.29848395440100045, 0.4096793567899604, 0.4580680367941638, 0.4596492129279818, 0.4970258707886246, 0.5074612525707578, 0.5003083142101667
0.23835624291620827, 0.6457566710283535, 0.6205141550808042, 0.53173416521255, 0.4218734790525931, 0.3804782975828753, 0.5086980563703444, 0.547251926323897, 0.46863187042401283, 0.5798928490629686, 0.5286949430987852, 0.601091366400752, 0.44390527394332413, 0.47481734234843287
0.6677760345199625, 0.15665599477945957, 0.511310509773752, 0.3442973545981517, 0.5679843137199153, 0.6855293295952114, 0.7134491412011001, 0.591032273821083, 0.4665633550812475, 0.26908763259197066, 0.4597272413798543, 0.7116548881806659, 0.3017203287431156, 0.4328531420801084
0.3450246885714894, 0.5894918241707692, 0.3495441193653215, 0.6566559172236802, 0.8221307811616916, 0.6311405930798292, 0.49344714058170586, 0.4972079901474737, 0.6749807395954206, 0.5639585606248982, 0.4008306589405716, 0.4435663919317502, 0.3963090909840198, 0.5071533031420701
0.6556183886775595, 0.4372150194634418, 0.5808719191103278, 0.28424835697966006, 0.4658374422857836, 0.7598459490333637, 0.5604904456576594, 0.6626256721991329, 0.4204206354537139, 0.5151487843647412, 0.4215133930108668, 0.36806373177510654, 0.683212742546534, 0.673069432855731
0.6463165705946565, 0.6274692644650897, 0.5039524452250356, 0.4657900967676046, 0.5909179405357566, 0.5472299393496266, 0.3991134816307907, 0.6245717730813236, 0.5343546142018093, 0.3873290520992493, 0.4960703965402454, 0.5122900559501385, 0.5076687666764018, 0.5123266731774098
0.6061301258976406, 0.6436962463456617, 0.2503456879036833, 0.6885640278165581, 0.34933794668863294, 0.679734892579543, 0.29027708903493, 0.6766796580051011, 0.39484849976697967, 0.6269803382238652, 0.3095499014513591, 0.6466858778027259, 0.6290653723750499, 0.5271593647410777
0.5285576870925699, 0.6306209398874227, 0.4482994708069617, 0.6892490783262679, 0.33248073583675253, 0.6126077987644893, 0.41611664012864896, 0.4293791309583391, 0.5591797458272515, 0.3443572510320738, 0.6943587989616906, 0.29454478800378003, 0.3026693404271819, 0.40563663724031596
0.42753615443047427, 0.5777320425188208, 0.31508948667003056, 0.3547755358549354, 0.35310747183815183, 0.38217043039823034, 0.26147641491091345, 0.5595478765363557, 0.7160782542875029, 0.5036735295029592, 0.751206951205022, 0.5153230229628113, 0.5303271403351844, 0.7621828702722508
0.7090326908018374, 0.46846864926400644, 0.3333312924423165, 0.6884916703601331, 0.25598209135019107, 0.17754737779574703, 0.44816255839909025, 0.2396277274446178, 0.5692932125069425, 0.2598935234551152, 0.641088291884057, 0.5201000879683829, 0.47173211349367, 0.17978134803111678
0.3579542109715945, 0.3176619617069578, 0.5667355841413048, 0.7955513699494398, 0.6362196124473792, 0.5021499969600236, 0.8509747344980023, 0.3583849086454233, 0.4197247951840519, 0.4261116088287049, 0.1908193152382286, 0.42948276255115236, 0.5286481057604522, 0.7921750435800867
0.4688214545186368, 0.8352880184864004, 0.4550412493699631, 0.3278340138017726, 0.49968256068703715, 0.6072459743443098, 0.6260211915648088, 0.44581346943817723, 0.5560597823948891, 0.40372832014734605, 0.4833389120320787, 0.6061814288030634, 0.5342261336478427, 0.7991060954569796
0.7110771087559369, 0.37812520331170035, 0.4696627899570671, 0.4452235341909001, 0.5999252261166563, 0.47513328735170574, 0.4078803455461139, 0.4084104294404364, 0.26349891936110575, 0.46910801815317865, 0.5298866233442961, 0.6957623070053258, 0.422993859686513, 0.6666909219076318
0.39641067554499737, 0.5285584019511044, 0.32664456650615087, 0.36291236911036906, 0.37356930175767056, 0.43000685594603577, 0.08820172403130727, 0.4182589972425388, 0.37817503803942737, 0.5117495035636018, 0.2386792172730004, 0.4924829442388277, 0.3252805968980456, 0.41288477865329276
0.629215017913362, 0.513733381823047, 0.5482839809268057, 0.34043498460948285, 0.3588694164435183, 0.3336992536097213, 0.5749889809819622, 0.6360753650930796, 0.47396745038609583, 0.4769516124986556, 0.5597501235425785, 0.9735333110140494, 0.47054546936191016, 0.5733966909411762
0.8123124063061006, 0.5736263994820601, 0.4953758515826542, 0.41619250152678733, 0.6152839946306504, 0.7636418846922954, 0.4896256914416462, 0.5902383103381448, 0.525013572041705, 0.5061735797950314, 0.7186101579044657, 0.17761215506009442, 0.726650118768943, 0.40104766345464293
0.4693679758556751, 0.3834727035561682, 0.022069389327478983, 0.5371665989431674, 0.28452789988639904, 0.35544845447835394, 0.3689876998001531, 0.4538700511690119, 0.6855941239566774, 0.46369959581504505, 0.5021558067037056, 0.3866561927872761, 0.772232687117991, 0.40091411592821735
0.41810129591556666, 0.4885802871376251, 0.42518813326046245, 0.34395175634294306, 0.4273990975622655, 0.5788307364457754, 0.6095026515178011, 0.6457142999119344, 0.5039798325146662, 0.685618708116004, 0.6147199451955786, 0.5491647201449387, 0.6369679436628359, 0.4554413643895481
0.452770213117488, 0.6539324108661062, 0.5030522845324903, 0.3157286126972783, 0.7501371488463576, 0.5554280527423628, 0.5110078435122114, 0.859466069615255, 0.7448840212398405, 0.6236247698012528, 0.5949193504370023, 0.42369971096740133, 0.45971040306955885, 0.5005794248401453
0.35505053010200505, 0.5051406748497338, 0.31522288337064075, 0.4632132582336611, 0.4163411280091364, 0.4689508354839997, 0.43829228896313965, 0.44753563561904064, 0.34217251740645926, 0.3216217191816597, 0.6752032403101338, 0.396238789904763, 0.7129513377746629, 0.314111991054459
0.5899854595438936, 0.5694426225334738, 0.6054032952544727, 0.6364650735132265, 0.3505087658438798, 0.6463949635818713, 0.32165670970455873, 0.7379307782509749, 0.7736486657606514, 0.3807517899141817, 0.6062483416464675, 0.7292535322532616, 0.42087406239488734, 0.2800130810275159
0.5224852419355869, 0.46717104752322247, 0.625749989134751, 0.5620442559673983, 0.4674764620323546, 0.7304785782560257, 0.9868497491248652, 0.530383143933956, 0.47142850297414013, 0.7107007551182289, 0.5541628535950655, 0.31841165257421067, 0.5970826845715429, 0.5038825913795463
0.24788571446324836, 0.23259939762159942, 0.6854485826643972, 0.883535387035119, 0.3066568586720496, 0.5755364057190311, 0.2713979383621239, 0.42874398031911726, 0.2454505617574398, 0.5011607611254421, 0.6877766251002804, 0.7631716004415585, 0.23966894058565746, 0.47013237157070986
0.3748435194424127, 0.3907949036958573, 0.6261528720654926, 0.4653698126169632, 0.44295904932715047, 0.44611681347653187, 0.7008023384031987, 0.6470537931532739, 0.6739244170815191, 0.48791729108511106, 0.3160642951074928, 0.5314351639675914, 0.5861859002884809, 0.5870211976284687
0.6040970584027265, 0.23206750484924638, 0.35659748600033075, 0.828058910181562, 0.5614706134424781, 0.4341647155961508, 0.3606390548155282, 0.5179549754068354, 0.44714977253457644, 0.5282458484026135, 0.6416226967523876, 0.7287232882352825, 0.464185416494368, 0.40407339481786975
0.31252153983395775, 0.5270282876904915, 0.34487451079306286, 0.2227995832806675, 0.4491991586728565, 0.14872245539037976, 0.2097057828478066, 0.5960086624948255, 0.38981526930919763, 0.24237859976701642, 0.5147130241214299, 0.73908432987749, 0.46796044636783873, 0.7803041948271607
0.43102819017202054, 0.41560715405727316, 0.44940559767616983, 0.48389121367612564, 0.5028018597995422, 0.43913853612313125, 0.887063456998756, 0.5020932569908177, 0.7888887253021551, 0.46689824556982906, 0.5123949661134415, 0.5037213610468096, 0.2868700060044877, 0.6056378940042441
0.7631924063397102, 0.5637030443713243, 0.7665254797771885, 0.4094105833023858, 0.7917654813684859, 0.7915369117929648, 0.4830784561329609, 0.5266321661573513, 0.3516676533571508, 0.5058076595543434, 0.14764846385507502, 0.3687682818865148, 0.2504884991967614, 0.6919424062701374
0.43040523673566844, 0.3080816954833485, 0.4921098390105222, 0.2126943694112713, 0.7673938694315419, 0.705135962513704, 0.45590836020148, 0.649549866934134, 0.3204137592899726, 0.576997875844119, 0.5980190854580573, 0.3889873641886724, 0.5648792351186627, 0.5282542980622861
0.6343056013845394, 0.6773297365210087, 0.5796867534038046, 0.27367401684553067, 0.4657099045059734, 0.15877837593883298, 0.6194229571550022, 0.3003527401343706, 0.23596733645169904, 0.44938183431228595, 0.513879929832111, 0.3971239524709201, 0.24685114793797308, 0.40673923521261945
0.4475601171805971, 0.45304187755796294, 0.4067251245858774, 0.5071315340019966, 0.7691802460502929, 0.22305967963023782, 0.431085512998039, 0.2272505043991137, 0.5315293204096847, 0.5314437675376514, 0.4906350656829164, 0.672174039759277, 0.765510082822521, 0.6094778117216259
0.6068181675591245, 0.7231150105442444, 0.41017205521262795, 0.21203378407567064, 0.9380203150309991, 0.47260400953569026, 0.4378028261527353, 0.47932492098567425, 0.5647015098218472, 0.1694681547027143, 0.357458737760394, 0.26456664096991933, 0.36175946824174965, 0.5272475285506415
0.7974046588378196, 0.49753835400055263, 0.7376438589274714, 0.4315969461043551, 0.6005470412975111, 0.7474472281015353, 0.8322032054684337, 0.6159613459083927, 0.39709250600104495, 0.8610368033230892, 0.5367590060552418, 0.38960605032110784, 0.4736960149516921, 0.6418789404359808
0.5607025672704777, 0.9495849483525303, 0.5889228646533081, 0.6754725583229275, 0.5607634065939797, 0.39519710468420344, 0.653464892202067, 0.15356821372356622, 0.4575906851404568, 0.42456195107332817, 0.17683757614915663, 0.6793158617759045, 0.5288752677690319, 0.4373695146570825
0.46003739178091874, 0.5773908021284345, 0.44382340074905036, 0.5838691248115783, 0.5003001266223588, 0.2936283935566707, 0.6337249549786859, 0.6648509945154111, 0.2512350505784059, 0.5243364308236294, 0.4189521644028178, 0.5133052295008504, 0.5569256779908807, 0.25677948579124116
0.5202773403190616, 0.3636718265703063, 0.37214415663890854, 0.3804818453136144, 0.28627144136944216, 0.5195993200995166, 0.09904981647301908, 0.688698541093359, 0.42924711753079875, 0.5305216079601744, 0.4184395324469732, 0.20157492983204173, 0.4794021297094643, 0.6769387846101866
0.7844586487094911, 0.33606944920068627, 0.4023681056440037, 0.4096955591690611, 0.5298412183590943, 0.7226388939775628, 0.5171108701458774, 0.4846898936806377, 0.27815845149734353, 0.7085861034570605, 0.3200025116115797, 0.4603391571527983, 0.6539098088683645, 0.2903187842393191
0.23600862030148506, 0.6055141098292137, 0.39901011652171203, 0.437446507057807, 0.3313118852950372, 0.6449564946276727, 0.5282013259056126, 0.533969031532746, 0.46180311028001414, 0.42609202278130376, 0.5590180399090802, 0.7892103534056728, 0.4313066819647818, 0.5197666516290865
0.5870545728707242, 0.65715528903429, 0.5846731484116965, 0.718117140731577, 0.17427975135689422, 0.7515495354034927, 0.49626451407949784, 0.4083805122724591, 0.7033898592967616, 0.8670675909765031, 0.6876053816717385, 0.24068966067123004, 0.9379365733500634, 0.491697731800808
0.7245696473020975, 0.6330197864986098, 0.3113152521805773, 0.25230828917273057, 0.45560812329563116, 0.8412833949984617, 0.33611351061627537, 0.30833177287785113, 0.05652219675237935, 0.5295550808830503, 0.4003309434555092, 0.4102630247694189, 0.5511867887691768, 0.9733382719733903
0.5432154369320936, 0.5429523632153918, 0.29418741053586417, 0.3471967118633034, 0.5672080342814736, 0.7122586307920352, 0.5347078400770219, 0.14858737228708557, 0.5257313696733422, 0.23634406576932832, 0.4600323801241895, 0.6405854177146926, 0.629474139586264, 0.7651485672544356
0.2722004353400385, 0.5746047111099797, 0.5870651785145803, 0.4293868732484813, 0.6423863438391095, 0.42504796822990476, 0.4758040238431187, 0.45161455066075956, 0.7457096098866172, 0.6099477693928307, 0.6130438515826142, 0.5073857784115371, 0.47555254740973335, 0.4273384929477069
0.4874333122358154, 0.620739120721424, 0.6714424709314064, 0.7052090512282223, 0.7343007293641892, 0.2753908215406012, 0.2888319837180856, 0.44301913714084473, 0.4616490543707239, 0.7871367675235814, 0.7643097815753988, 0.26699905229930704, 0.4361259332646823, 0.4890696414102131
0.8150438522531839, 0.5219233557567095, 0.3892677735181437, 0.17294450880201834, 0.26797678031771716, 0.14062577140742005, 0.4960163147344022, 0.3171275391122289, 0.5904112484217745, 0.4495205944467868, 0.39160135347811487, 0.5831125481710406, 0.49174942096310625, 0.5313828963030408
0.4735591962371756, 0.5243570187989184, 0.39084657875455514, 0.5559650132620141, 0.5391712555256221, 0.2235629409269092, 0.5484400508741972, 0.5135292343359373, 0.5420378890317249, 0.23655130655016082, 0.6286503268647864, 0.7900706440903622, 0.19328170519208443, 0.8059067996567458
0.15913998557913756, 0.29406345305886317, 0.5779148810363124, 0.5146139851888412, 0.30365990444435015, 0.3140224867796151, 0.32903738481847494, 0.524617583593593, 0.6550907954341082, 0.44525326367703955, 0.92822641868622, 0.26694941276713813, 0.5485277516075635, 0.5211279621555064
0.6126737024732376, 0.5530570988050795, 0.1688508235912255, 0.5092744669454331, 0.5603220010486585, 0.6535858302418439, 0.6082228410590066, 0.5313901253804604, 0.4897830371157049, 0.45994108294278213, 0.5091693444770155, 0.05914533280557793, 0.9373752756901481, 0.20559162934415037
0.6463613448879262, 0.7782364858354238, 0.6359120215172624, 0.655146867150826, 0.11816394106241335, 0.5072157714001695, 0.5403125724997162, 0.516798186408906, 0.40347841927385525, 0.44752865505174116, 0.3665736047953735, 0.6368653228300221, 0.5641054577787223, 0.7029394654402936
0.08394438174779839, 0.7689112136324829, 0.548815303416277, 0.3925949021991061, 0.21201872760870183, 0.691790096014739, 0.7031744197081677, 0.198707168625468, 0.4624605437982405, 0.48374801903686193, 0.33940777511581244, 0.35426514911621537, 0.33234928757859555, 0.7857420788704781
0.4827557388563189, 0.7598311455037292, 0.307985081534331, 0.5515711113443438, 0.7259143360234586, 0.5356616515375677, 0.9408821986358746, 0.6360965002156619, 0.9272934271692918, 0.27493733417192023, 0.34523682671295763, 0.4347257984056559, 0.5741508387766726, 0.8044365595289071
0.4035740817570849, 0.5987324171989417, 0.685729920908842, 0.29450057193599083, 0.4616010841496478, 0.4297149656915016, 0.3329263546048151, 0.5019415160070427, 0.394926370143523, 0.11225594795333105, 0.5672218826651769, 0.2017066614334383, 0.26906182668587614, 0.3880161758718543
0.508790363266412, 0.4176996416862262, 0.4205141771749149, 0.29220221306644745, 0.4035406856160589, 0.4643774458852225, 0.6363172794336559, 0.7500816226991189, 0.7314317485404984, 0.28884163037723354, 0.825562079159634, 0.5268177848004614, 0.5405844392976656, 0.5189889879324967
0.4587345138461096, 0.3824217485114472, 0.673331859813064, 0.43360863631332314, 0.4620965911962573, 0.6220587476335547, 0.32264556714823334, 0.5060107763468967, 0.5177477491675483, 0.20531120546561316, 0.6246869499282601, 0.2677579927996877, 0.4534249241305064, 0.6980303038133873
0.6059720063790542, 0.4154247103876474, 0.2656609527685354, 0.6059508384672911, 0.3005349549030217, 0.28021147989173323, 0.5738931957084755, 0.6523734345964216, 0.7336288332304483, 0.4370212736972181, 0.6864583847993406, 0.38866985578649216, 0.6251833094234603, 0.21182782249103188
0.24885888580997495, 0.4227464020236743, 0.30500891407850356, 0.7242648142759783, 0.5854571572961961, 0.4742595239088154, 0.5041594081703806, 0.7633920558540485, 0.48386536819297005, 0.5104644578445138, 0.4955722138416664, 0.5117074291238314, 0.38361611109361404, 0.3906745643321413
0.24169759207142805, 0.42290438528249297, 0.45991725641966025, 0.4322516100256675, 0.4099810536593077, 0.636186839048769, 0.3791604120630654, 0.6286283537956502, 0.7472132581371169, 0.5946069662679819, 0.642917705225949, 0.4980492244473745, 0.4219102606643209, 0.42624192486243173
0.5082985829558017, 0.5446773552630991, 0.9215803616908661, 0.3536215931938732, 0.796055680841141, 0.6178437347613481, 0.531285448619838, 0.4368194186344475, 0.17507448920441082, 0.5090417957050996, 0.4547664824784331, 0.29819290738514753, 0.5558229775729966, 0.46148054381516174
0.5642598664292018, 0.6890290309682949, 0.5834337641520906, 0.5994310879032126, 0.49621273272512306, 0.37753716031169055, 0.6926915770113831, 0.3537238905470107, 0.5932811971760382, 0.21930907389815163, 0.1144288531916069, 0.4518286001875875, 0.5145539850914221, 0.3663708921931991
0.5974723900973199, 0.5934663008010483, 0.5532229769174934, 0.6029446043586387, 0.192652047704573, 0.5303376951717516, 0.36010387218752127, 0.24473099521525343, 0.5996272116808234, 0.8865194859488356, 0.640014186709855, 0.5451381913647653, 0.5157883573477369, 0.8471725648585933
0.4971624046389421, 0.4559805030920927, 0.747905655622379, 0.5880453625576663, 0.637671200146058, 0.3996472509487956, 0.33738718569168696, 0.6977161249205887, 0.3643218547238036, 0.5129039881614371, 0.523412405964196, 0.4915036269553725, 0.36429962149003625, 0.4525509391578424
0.45009798058997985, 0.3308631913653438, 0.66737951273183, 0.4844559828855702, 0.7414384556308744, 0.35697799090292825, 0.46591602773350976, 0.8139987637967214, 0.6666964463729652, 0.4190274155741427, 0.5469343530998217, 0.6303793623769964, 0.6711710026062185, 0.690750070857687
0.5142255821914854, 0.33640984126942397, 0.6777689059026953, 0.4298904207858052, 0.7269307262600953, 0.10158406213167781, 0.6952605030453066, 0.5363870052451776, 0.27713749094938256, 0.5421379248238978, 0.3071144769089885, 0.5476517733990128, 0.3810621492654852, 0.688404486428134
0.508028247982264, 0.777412515952921, 0.5873886940454827, 0.7453420126365734, 0.33324166729735566, 0.5651394527735653, 0.2585171895887064, 0.51716382549208, 0.19894815960376677, 0.5170746171276471, 0.41436783066030813, 0.3238016925962937, 0.6836465813506045, 0.658286592153728
0.46519081210091057, 0.5026990598119556, 0.5252173330966393, 0.5731393952958128, 0.8193515464815061, 0.5390236257523284, 0.7016804936165111, 0.6180984691180805, 0.40157343948462687, 0.6248961964109511, 0.7990376598007968, 0.5192417089503717, 0.49183369574453195, 0.40374482939744166
0.7142835834079403, 0.47233314924461145, 0.38705242304882803, 0.5986264629755663, 0.5394262383880004, 0.775172112171767, 0.3891409747160559, 0.5821788862394719, 0.5176382687508859, 0.443623788696633, 0.1383582491238945, 0.6209275149242256, 0.700067488806994, 0.6596459824259078
0.3370884539977942, 0.21500342369055703, 0.36103193052611604, 0.31609489352005776, 0.7116569968814604, 0.374046673021025, 0.4630205798609522, 0.40852085121914977, 0.41909223869057544, 0.46399746772941725, 0.1457136600720374, 0.6722255994822015, 0.400406518721101, 0.4365732628902387
0.27085349106401074, 0.7140127409000334, 0.5787714827040072, 0.4169921036390096, 0.6814538574010756, 0.3358299371425738, 0.3265433154595953, 0.7595005588064806, 0.41643638011081496, 0.8306820611472745, 0.5042211652001602, 0.6051115033646777, 0.5254333923079559, 0.5710098065110956
0.4631413271711275, 0.40572982306638794, 0.07600739871903017, 0.16028223996553015, 0.3905916637324642, 0.7355117134416951, 0.8887207717447834, 0.9127292593076395, 0.9084969876049186, 0.6738572017667889, 0.49381290192105076, 0.4704162775480278, 0.5680626933837053, 0.48604496100692485
0.4976840280886875, 0.5157242120431786, 0.4486146947193116, 0.5995339120094464, 0.7365897768239165, 0.5205340711123609, 0.49572695003294104, 0.67870463608195, 0.5621509754940748, 0.5709954350528161, 0.39188270212511755, 0.027576996549019572, 0.5648425456777667, 0.6975701844187352
0.4479530371527406, 0.4930033131749127, 0.4157179593110379, 0.29098702206755794, 0.6282575053133641, 0.5802617779474655, 0.516536716800702, 0.583921524465345, 0.5444365858967213, 0.5212931032960598, 0.2723740062266277, 0.2032155405275885, 0.5424182379238597, 0.19130309170613902
0.6229786539781053, 0.5929436256080524, 0.599254703547117, 0.38891545342509115, 0.573093821297926, 0.5019612452099291, 0.38236868679193653, 0.46367184797798006, 0.31187649588291766, 0.5709130925116126, 0.6974661119931755, 0.6153990996654898, 0.5924951135578829, 0.5248149346250113
0.765231924084709, 0.7846291783057904, 0.621919587287808, 0.5923545475104597, 0.49719225404228906, 0.29911131675258007, 0.4412384947368498, 0.6951259060058386, 0.6056198108005787, 0.6903521775806428, 0.5422919317934742, 0.6521706270301955, 0.4491689713852188, 0.5698219110054064
0.9595373084382237, 0.3557753239851755, 0.7858076771360516, 0.4946914478992301, 0.520373738739467, 0.46371146976997435, 0.8095297799054126, 0.19302021515121914, 0.5655906133227229, 0.7115156605876312, 0.3134032580849531, 0.5952826036440073, 0.6755146793123089, 0.42909364915390663
0.0734778590947755, 0.39791805152041854, 0.41581380775632776, 0.5058896904484212, 0.7112984974571488, 0.5384289327780988, 0.3197642363264036, 0.448127055635732, 0.7253074323830012, 0.4589652689734104, 0.5308856098117698, 0.7445232104198124, 0.4078081793484858, 0.36033771746488996
0.4529642090469292, 0.3639279378928358, 0.3515845810426656, 0.3205757912288825, 0.4030192535941141, 0.4900866849782529, 0.5456712670005988, 0.24891173486704993, 0.5851504207027414, 0.5092087619513073, 0.24395195710736428, 0.18299834332512055, 0.569576017708947, 0.5092686747911547
0.7083513165767816, 0.4877475072580621, 0.7382493133602163, 0.6312598821745405, 0.2984368988584708, 0.4339636041706569, 0.2772507394326098, 0.6299754028377602, 0.291043524621769, 0.71984419528308, 0.5038680911481747, 0.3456858087294739, 0.670209086080551, 0.9490901924008334
0.584289313846461, 0.6141856328173921, 0.3945709344642896, 0.4913451871820617, 0.35403144867899516, 0.46717891425166574, 0.33946581219251953, 0.7173614002141169, 0.6562505752823853, 0.2727322546740824, 0.7538279713719593, 0.6393983537588726, 0.46377731806806244, 0.38989409893149074
0.27765993427879987, 0.48738897381389124, 0.5169908413795908, 0.23282021964411875, 0.6085927823624757, 0.5499629314941717, 0.34644426996269184, 0.4169480897186327, 0.5519745375355126, 0.847355786794655, 0.3693973247363658, 0.6730056726713316, 0.33700035550537166, 0.38894447572069174
0.4314219100816071, 0.47282380220836495, 0.6170478656599532, 0.9339509435753486, 0.5747575927350175, 0.24614258001665562, 0.38655741105444386, 0.261754280597404, 0.78076964604133, 0.48111975829705456, 0.5589297194235356, 0.5350283355340169, 0.5869848020896458, 0.5374549414281915
0.5715791877886746, 0.5371875291668248, 0.5223634194691789, 0.540401744278754, 0.686003397588089, 0.6033176259959984, 0.7214173865733158, 0.4625674619650598, 0.6100608257177577, 0.717755873081731, 0.7409834456398554, 0.5530008281775506, 0.4081689089195236, 0.48311391428366884
0.4701922508490385, 0.4382416734306192, 0.3180361399220343, 0.26733068373818597, 0.5893938847793044, 0.6209454924778388, 0.5588363807142556, 0.5249120296758563, 0.7098288392810741, 0.6090765998648676, 0.5219481799788285, 0.516701656378495, 0.5657189763409551, 0.41729393977443907
0.414486265524717, 0.28744238062867655, 0.4905514702906489, 0.47506130293512794, 0.757555175643308, 0.40511358048061946, 0.48057188169005716, 0.42485845821101725, 0.3721295418172056, 0.4501781721263184, 0.5180908105995756, 0.6926750799688777, 0.7633389418119255, 0.4702037830707383
0.8329726932754329, 0.30196033346749385, 0.5701026407550283, 0.6143620135260668, 0.7156760709940594, 0.7445037404542639, 0.6919331434624724, 0.2843851558113442, 0.45886185856422135, 0.48569608687498145, 0.36600012426185463, 0.6744500251145863, 0.6872713280762069, 0.38129212272062585
0.33364996003116787, 0.6584601543661182, 0.671141369963979, 0.42441279400315834, 0.5267831627190686, 0.3113896494675958, 0.7471521786141087, 0.9133512888700249, 0.6103509490763073, 0.5290855173329672, 0.5029927342367374, 0.5379134480440351, 0.6821226185078405, 0.5485501619761076
0.5093058597256973, 0.5332056946562235, 0.4195782299793452, 0.3935658223311788, 0.3977156716818425, 0.22763763721496888, 0.6747622216225097, 0.3746990806670754, 0.38974624688585674, 0.3888153572410866, 0.38478729900966374, 0.6296756238425227, 0.6435155211992349, 0.5533555055247794
0.6169469802562761, 0.6948245839418646, 0.5584888929983022, 0.5142561281909509, 0.3291720281018659, 0.5729997832599049, 0.29850307603597503, 0.39119775075214624, 0.2367202124967629, 0.387920821959989, 0.7677229138404673, 0.7047342106476125, 0.355411263059114, 0.6024552695232422
0.42699212033802014, 0.4132924585865197, 0.44403401815522636, 0.4195071300965963, 0.44270200219857986, 0.4856965421515074, 0.5887040724739917, 0.510630736373685, 0.6403360912021668, 0.5239759029261155, 0.7286063606096284, 0.46284558720588087, 0.385241313244588, 0.5599028970688842
0.5611527364032455, 0.42370829112264996, 0.5401682192711087, 0.5641967485270907, 0.13096604074196305, 0.21646918025464557, 0.2098550365534444, 0.627044238092743, 0.45664460694689885, 0.2690042621451174, 0.7057775812230249, 0.1387461832745182, 0.5071603072654898, 0.5981592469734976
0.4452695319867986, 0.556682654707662, 0.4964955948860334, 0.5657834347911982, 0.4324626458410613, 0.5302668968576861, 0.8138532361477265, 0.43548017329779143, 0.26088591783576404, 0.5149578537137672, 0.44275271308882985, 0.10611954597433904, 0.4477360687502208, 0.5075167821683121
0.34067169021245586, 0.489792777905988, 0.718743588939413, 0.7902679335381628, 0.5347070014538704, 0.5116744102010563, 0.3388311433403114, 0.3929142142738796, 0.670866718475041, 0.3616684569478053, 0.6398165851807996, 0.5836954659148, 0.4384197707107601, 0.6060713358042079
0.39903464357462365, 0.5872879759879817, 0.46355765625409917, 0.6002154685501108, 0.2533360904641617, 0.5384850282941405, 0.5540636593415508, 0.5012183341157282, 0.59860777704933, 0.4143746929226566, 0.3684034325013076, 0.3765809608644507, 0.3076878380647925, 0.4386774409585349
0.4174660066883731, 0.19612709611469908, 0.31813382754776753, 0.33619197975339876, 0.46989684000315396, 0.23903756309550483, 0.6205310611929477, 0.4849306441033154, 0.5505274231715485, 0.6533823897829165, 0.4120073786190565, 0.14933567196901032, 0.4600235429487952, 0.4443169115681042
0.5410568747619184, 0.4344152653261295, 0.3912060189353871, 0.37649322546473174, 0.08553773546914423, 0.6172412465285038, 0.3042202966108055, 0.28440529707659346, 0.3861463413877184, 0.46336001283015005, 0.6061012652055455, 0.579270000168644, 0.7599223291551154, 0.41787897622322107
0.5520974374431142, 0.35669653160201076, 0.6425548198113725, 0.40271816823306206, 0.28710953661267297, 0.6671719043832738, 0.2307656005325197, 0.40095463334769943, 0.35938126839094253, 0.3329628930297366, 0.4407043748741934, 0.474271614507281, 0.6044483694463965, 0.5330421665519962
0.783990858050379, 0.6023890800018551, 0.1902560674703897, 0.2548491624636766, 0.4756210686441687, 0.5161992245699484, 0.6465208221501253, 0.7157264591092923, 0.49421467880672193, 0.42972231965148505, 0.5763608020931003, 0.6024237966692938, 0.7184370280212494, 0.8086753067000026
0.5089534327951053, 0.4691669273452112, 0.4358701849341193, 0.545917697099377, 0.26453100630851056, 0.4144603639274027, 0.6810065185247718, 0.6036688631937778, 0.3764794208152993, 0.1624427087266681, 0.3562906547802316, 0.2845883661267511, 0.3362751360533581, 0.800761828823934
0.5478931241127036, 0.5016942330114984, 0.34155930444368326, 0.6313080621625373, 0.574528875809316, 0.6921553428395966, 0.44958845110960455, 0.7421308029073705, 0.6304501523114922, 0.701232064718874, 0.2512704849105384, 0.28851644843686697, 0.6214795832199848, 0.6213688479732182
0.7596305342176364, 0.5214982941358468, 0.5334797939855891, 0.5317354743652226, 0.5225631408890963, 0.6025405457013998, 0.7749589795070044, 0.561557557728822, 0.5551525479513678, 0.7002098057532606, 0.2894279062171127, 0.4767246294657726, 0.6602028334406708, 0.8189228838527003
0.5321372611812268, 0.4482850786912008, 0.7444497356952022, 0.6513798769898762, 0.7702884517312008, 0.3034597978924164, 0.520186445813698, 0.45525025095579386, 0.779308304821258, 0.6144605445105666, 0.7002788736332686, 0.6855957991808739, 0.3110619211375343, 0.5626701455379859
0.4194529687012395, 0.34313600759815777, 0.4151050225108716, 0.7457789343409418, 0.35096451189906114, 0.5743483369851322, 0.6457311350579991, 0.4637673536795874, 0.3230277690189183, 0.3133095680614596, 0.5314860243259543, 0.607321238978626, 0.6217857698036591, 0.5499739901126591
0.288020117714792, 0.587924732317277, 0.8060669581209243, 0.34659010916530375, 0.8878443553102711, 0.5656548313005845, 0.315557144764588, 0.19743152661683877, 0.8135551388971138, 0.7688900291861374, 0.41347361532892474, 0.46489162635515713, 0.42003686961480224, 0.32743526605104806
0.4520206034804524, 0.46102753898892007, 0.510767469562356, 0.2069394846412157, 0.914528811954721, 0.42683848466053304, 0.2931981913400587, 0.4699487846334714, 0.3879133198620717, 0.3181546692169321, 0.24676934371880266, 0.4820018383561727, 0.39880891708545685, 0.3023900083252576
0.6227726949597947, 0.4432731429183576, 0.5604623230634346, 0.6459818216477056, 0.4843329122071673, 0.5834510766677103, 0.5791294979701944, 0.7506281053772453, 0.5206562231407105, 0.543048370648038, 0.49915735246973436, 0.8722470135265554, 0.661615248880469, 0.6104892388553895
0.5710368364557372, 0.5161967039093152, 0.5933298863261373, 0.5202634115133531, 0.913691035903162, 0.7475932965047001, 0.6750447308241758, 0.7252968754846529, 0.5874809096551565, 0.11813795926587767, 0.5622319381716493, 0.5513672496034961, 0.4544995711677207, 0.42313137220461977
0.12779153674757415, 0.33558251026997293, 0.6545557738988632, 0.3250784702050756, 0.32353597477279034, 0.6875938295126343, 0.8284260183195037, 0.5852451183998866, 0.7138894465543701, 0.8257709137071465, 0.3954088679087527, 0.8683686926011464, 0.7261759840436552, 0.41743448475113953
0.38391896518795415, 0.19042591571280232, 0.4215564726454064, 0.44002275099869637, 0.639358974736567, 0.5887500639423386, 0.460835382707988, 0.38588325438646187, 0.6716182165026319, 0.4053282004291936, 0.4964756428971196, 0.3426387155774687, 0.5930820315724632, 0.4404989377371875
0.7698225833112016, 0.7629591239173379, 0.3185290680531725, 0.5201663215520286, 0.5129983503339418, 0.5359023907133884, 0.4920552784130854, 0.27261491218282075, 0.500489557310729, 0.25320604972321314, 0.37330878506352283, 0.5806273448593418, 0.42898695655314245, 0.6676838146928179
0.33876443704124337, 0.8850333531149752, 0.4456471402187811, 0.8472438580171568, 0.6140275151500426, 0.49290596044022494, 0.46686992099176816, 0.4012163664192048, 0.13935321904070652, 0.4754764828380524, 0.5700839175470466, 0.5835772578940027, 0.5055746069599328, 0.10360036746147139
0.6685282054088502, 0.30261093313053733, 0.3931892373127853, 0.4582055973200114, 0.34385384653194623, 0.5496331646837203, 0.643661746582034, 0.5690746919981245, 0.5085858110269632, 0.36266845916745305, 0.6018575843415186, 0.7179438655789947, 0.01428404219742746, 0.4176244879291677
0.47080552917361873, 0.2978912045575427, 0.42831881538251443, 0.48358007048906654, 0.19457156513248125, 0.40632324683863447, 0.5452185774353705, 0.7352476696573396, 0.43252582072268353, 0.3704399813531125, 0.4990096045899789, 0.25876586150599373, 0.5747157284568432, 0.557854161067598
0.6167353505779138, 0.6196384220745399, 0.7045960123684016, 0.48513797504466766, 0.6934733271733703, 0.40606801060107645, 0.5709412868876353, 0.5614108195531122, 0.35343550086663955, 0.5010922310293208, 0.4428692571516465, 0.2868005861496645, 0.4902854839495928, 0.18080440793739627
0.8277131299815913, 0.7484808704148955, 0.5618183080834248, 0.3559296954330322, 0.6272235253148299, 0.38471390336367595, 0.39939601861843194, 0.5345768161808695, 0.3001640692270497, 0.5828591502590251, 0.4624935667583565, 0.4502629020412199, 0.6402115647501863, 0.6926917915445012
0.3280943544253725, 0.5222942426326661, 0.18983741497135298, 0.5376486972551983, 0.4116111150162238, 0.5997244733134515, 0.4587405601063621, 0.38761989432438, 0.8889386243521326, 0.40634598322791327, 0.4862777490803218, 0.5935308925070498, 0.4412992721306038, 0.29178119827722065
0.1744673081578011, 0.5485147642723861, 0.15528870768207254, 0.596931240552346, 0.27622325598020603, 0.39798773448992436, 0.3109469117621328, 0.7002394994218408, 0.5967323175481765, 0.3569662025684015, 0.49345998222827014, 0.7335027395293334, 0.3987516366153087, 0.2627773819592768
0.4160292086026447, 0.589847106016622, 0.46284252086287886, 0.5945624478469904, 0.56318574799493, 0.31468594084146573, 0.4295647276061091, 0.444076459991103, 0.7746963428579854, 0.6250524354985125, 0.3851727103929446, 0.15803317417606, 0.4808447010246391, 0.6682108556876764
0.27484059106609426, 0.747093048356951, 0.4753516558968687, 0.4708627960247733, 0.2896391364935229, 0.6167548204189418, 0.5067392947441695, 0.6042429740927382, 0.4740488918750082, 0.31069226651792275, 0.1805887614748941, 0.47264826373600377, 0.5008417636954583, 0.345228173466408
0.4211132400267659, 0.7426444745239849, 0.5158580345927356, 0.05897289542208628, 0.7262199052223692, 0.36053124414827237, 0.0704942290025416, 0.5890885865400876, 0.43328022515791137, 0.5053716297809062, 0.45680327116618025, 0.46737940741033535, 0.6133709789409378, 0.43226956758907475
0.6859011146385501, 0.5504738310325779, 0.5708721102128448, 0.973252813152389, 0.7967939909851982, 0.3141820621085204, 0.4454295626670689, 0.45003807211753205, 0.5263596142206196, 0.5197404273140371, 0.4852900260623124, 0.719552559208457, 0.6071612385329603, 0.5324121645336924
0.5054517171974872, 0.7155329346686135, 0.4281333632425723, 0.23138729657190832, 0.7384861414882832, 0.614620803174364, 0.6996478868995417, 0.41781599377483447, 0.3168234131787466, 0.5448556257607311, 0.4362165012529619, 0.4309706061546823, 0.3620385752830539, 0.6378125897623143
0.4710690319159499, 0.7441534292368397, 0.4836249864556218, 0.3129081672077979, 0.6062676888024439, 0.5561293625178444, 0.4416437921067095, 0.45328059393994635, 0.7525240411943033, 0.423300054659365, 0.3796148963850399, 0.5261130270796454, 0.41161315195849857, 0.5644212266343163
0.4406758292339418, 0.2798816073159299, 0.6233190231567638, 0.511540561694368, 0.3931814596878416, 0.77311138941742, 0.8052523310743751, 0.5003937118712916, 0.23371806431103453, 0.7224616586722306, 0.6860317748818998, 0.6975922640577149, 0.653590216855715, 0.6070622884201121
0.49964412936218666, 0.4683995400401454, 0.32230169973129613, 0.590132614140364, 0.5706945204114622, 0.368290511798703, 0.4659243567495629, 0.40868651591267036, 0.3508117109173973, 0.5794498115009831, 0.43324774820682677, 0.6881154709998094, 0.38965032051282456, 0.2794920961530558
0.5846205174334866, 0.8171496519486456, 0.46028143841062424, 0.7712752287850032, 0.4661636757207829, 0.5128322369118801, 0.5965858732679978, 0.390629397803917, 0.6364916898886945, 0.5273562026798213, 0.3511801717997245, 0.6646693911063684, 0.2093448243987922, 0.3418707437627008
0.5475341219967573, 0.393872061080915, 0.40338459990954456, 0.31562096349867086, 0.7882076293390654, 0.19284752067562527, 0.5601285010086063, 0.2545325212827458, 0.7496475272765901, 0.5043860252256195, 0.43827501256591994, 0.530151904211954, 0.3620736240088039, 0.5434195261636322
0.21276843260369543, 0.5042908581215401, 0.3917076420078889, 0.6690701889670408, 0.695926722318344, 0.26890134715764435, 0.41856260374980614, 0.5675455535204291, 0.5189013020609591, 0.5804808254668696, 0.6298913447716628, 0.5950782777467499, 0.5046853119280198, 0.2645392057242592
0.0837700319064571, 0.5472260275143332, 0.6289956642797891, 0.4526688517519469, 0.8092361618243555, 0.24207816065958532, 0.39962570943181985, 0.3847060848021697, 0.6438392941152695, 0.3248211315718864, 0.5402656649981439, 0.19658409461701742, 0.27388453661465895, 0.2952223696322187
0.5454925915332708, 0.6585936674019122, 0.6696216011529139, 0.521855993424546, 0.4973962172739274, 0.4159557018850667, 0.5220035947746087, 0.4331261264381312, 0.8144667526673706, 0.6331054070874774, 0.5168130305918851, 0.2713693849657135, 0.46808901866924496, 0.44503835446870577
0.46701637764262904, 0.3550174423510746, 0.4373301278536319, 0.20827515638159105, 0.46284273584790886, 0.4018716145685059, 0.38223442804197727, 0.5719232175888558, 0.39911766554126127, 0.28042983779099007, 0.29201911393562296, 0.29638541458587064, 0.45592113303261256, 0.34434969110924973
0.54781996400968, 0.6662056620415272, 0.4667291447746125, 0.5290415083363541, 0.7348404971658825, 0.5236322727930922, 0.42455219615048784, 0.45859604479819915, 0.5201361052117928, 0.43054200583670915, 0.41562665328628634, 0.45741147959502504, 0.31644382357651785, 0.6141291914916523
0.591955444698443, 0.6552386164960414, 0.2939547023347482, 0.5937438141137155, 0.4236404045791485, 0.16832829673490562, 0.5075948813036304, 0.6603118131144874, 0.440037957606351, 0.532069232000524, 0.6451735489585679, 0.680391897573551, 0.566610633716229, 0.5224443399689432
0.6177120654328634, 0.35829246572083123, 0.7083390237297038, 0.160751316669403, 0.42011096099381673, 0.3212689426974142, 0.7011244640167031, 0.5362944969033601, 0.4443712332255885, 0.7309166035913182, 0.42004000729562263, 0.5014992650643065, 0.4332332203933528, 0.4441343115649714
0.35939864875072436, 0.4290031741298157, 0.8124495257171943, 0.28340721949181014, 0.3663219616735111, 0.7217048723392515, 0.5513669043893706, 0.39178457282763257, 0.7616162204426693, 0.7119688441433534, 0.5582618781523502, 0.231026453173086, 0.6389481896977469, 0.3840760238952531
0.5073886318522294, 0.7597740575267884, 0.3813048049904644, 0.3257821215193246, 0.420845323130982, 0.5093013440717268, 0.34957377825281005, 0.9869328475735186, 0.5047054493909161, 0.7975559390882621, 0.5078326053652324, 0.503499407400164, 0.5627919570133774, 0.32321907025266877
0.4694276414702211, 0.7290222569410534, 0.2354828482143705, 0.6664894198847355, 0.5553566777574026, 0.5409303442572488, 0.6682666976830415, 0.5115567675641725, 0.997574659552134, 0.40526754016959915, 0.6663463433685739, 0.3649186844046649, 0.41570442371486943, 0.36976843182044933
0.3201229901768358, 0.7415419373099575, 0.7832834256471594, 0.2432612594858301, 0.648741898482956, 0.8665014207405359, 0.5360514402238381, 0.6906303176276545, 0.8306106587238842, 0.35733723302219444, 0.3347102939657015, 0.53360039916551, 0.2031182654606115, 0.18308336894114696
0.00596795020442,0.255112295046,0.862895418575
3.36889386108e-06,0.110263999735,0.80049116119
0.0018050626362,0.259443617928,1.11335415689
0.0274705751668,0.582625440245,1.40796155609
1.04931735879,1.26375242772,1.765147537
