$x1,$x2,$x3,$x4,$x5,$x6,$x7,$x8,$x9,$x10,$x11,$x12,$x13,$x14,$x15,$x16,$x17,$x18,$x19,$x20,$x21,$x22,$x23,$x24,>>f1,>>f2,>>f3,>>f4,>>f5,>>f6,>>f7,>>f8,>>f9,>>f10,>>f11,>>f12,>>f13,>>f14,>>f15
0.16936397422320093, 0.7119521390195294, 0.3789874002056769, 0.7961980422964622, 0.4432269372480563, 0.4744989009290945, 0.6126415568342277, 0.8157096603499816, 0.7351757823289449, 0.9212009536543981, 0.33124199982523506, 0.593553053344238, 0.3661606849682921, 0.2606268186634747, 0.9848676183508909, 0.5764119646181797, 0.28611169034701955, 0.23986063167240124, 0.9012596456874407, 0.6370670679431971, 0.6181476120189076, 0.6819577654105461, 0.8611892412660902, 0.14410244266995853
0.8010458738416649, 0.6629781884058762, 0.9596336248226384, 0.2540984399287003, 0.6860702785474678, 0.6522303881896181, 0.37356699819868755, 0.19266028737650975, 0.28813557953572444, 0.09905578333250042, 0.0012289337533479827, 0.35845437800056024, 0.9033464438848494, 0.06752054339253832, 0.41710141852355054, 0.4298584358552975, 0.45701280916409937, 0.21729993494968425, 0.14255927694627746, 0.3315823112060141, 0.45517459115925174, 0.0343653187282692, 0.34123894306432845, 0.7369670419966865
0.45873064650380035, 0.18228302374593408, 0.7381137249718314, 0.9562578584445638, 0.9284691655865618, 0.6125758113688637, 0.13638153541551634, 0.7510469461815069, 0.04170863527040858, 0.5646438469933763, 0.6043874063384561, 0.145801820778222, 0.9103739175662646, 0.20162844449515616, 0.30748072215168665, 0.5059030274635703, 0.638700438795868, 0.9761441766828447, 0.05436201093586579, 0.13504502853967482, 0.5759733413262311, 0.722867419164651, 0.32684505425389043, 0.4874984430123128
0.9928556031445973, 0.4558642288150824, 0.15831323781752482, 0.886930902872762, 0.11629519952068934, 0.9465499326074585, 0.5206623537156365, 0.548099847308892, 0.44364554730936867, 0.43615039625239416, 0.7758764704470023, 0.6528103702449797, 0.4365241441980683, 0.8558927158708868, 0.4113235808393465, 0.7084376650661354, 0.6611670894392335, 0.3544440686419531, 0.7785667692924321, 0.6888260757110788, 0.19121695409025052, 0.20757947183547865, 0.41988657466588164, 0.30063790987853267
0.262630905027597, 0.8869977528835856, 0.9016281925388591, 0.7073090727839115, 0.35824437279405963, 0.5224186780255938, 0.6926802607805975, 0.9416897744483443, 0.44223210548905634, 0.7524668917428601, 0.23533338550631455, 0.5628955284220718, 0.23917982673777727, 0.7885068313943042, 0.20788872140620185, 0.6930329549690424, 0.4847543364180277, 0.5561511971665726, 0.571807556662785, 0.22241899444830804, 0.04840091466694518, 0.9129883383747086, 0.6305713337298365, 0.8475167741277955
0.14152199627801954, 0.8343942254201769, 0.36516684483874373, 0.3812178623197703, 0.2787065848869592, 0.5709089055414677, 0.43864010519816155, 0.24559363936056688, 0.6523154942398506, 0.6549177622528534, 0.267735962662046, 0.0026058936610167116, 0.8686492524615881, 0.054130017673573394, 0.6432407991828214, 0.276288229530417, 0.48257032041493797, 0.24025869297324243, 0.8692697179850172, 0.5371064905409799, 0.9082796358565155, 0.9964512137835326, 0.7754845753168548, 0.6204082126691994
0.9788273703296273, 0.18472078816722015, 0.11400249512702398, 0.04029506089938195, 0.14958641386968108, 0.7114872617805121, 0.6811709464608344, 0.6744614407124735, 0.9026959302359606, 0.8913483709416757, 0.8395212815655554, 0.600031857803154, 0.9828903748124042, 0.865270113857345, 0.26566790550648023, 0.1897330362414722, 0.3181336876849886, 0.640995980653227, 0.7394470019503475, 0.9831724359555666, 0.6012746728356597, 0.8953829747354922, 0.642574188410025, 0.9970392383063611
0.6476526967766957, 0.19837516779062958, 0.9928658003025186, 0.35274140605598836, 0.34361989640963375, 0.9934423365539897, 0.25696227005498395, 0.013557503334102106, 0.3501966655638742, 0.14135220145829863, 0.1923772339454045, 0.32681075235750434, 0.7361957860125738, 0.5979242776693263, 0.8798362862226916, 0.4609349283323535, 0.897482888991049, 0.42507296313126886, 0.20359377967440395, 0.5946450320734428, 0.8836900623228282, 0.5968150122870409, 0.7870869220937832, 0.47480050514907723
0.7042635688974049, 0.49770944597074696, 0.38800719054650723, 0.4564598107156629, 0.41175335360941323, 0.1822559215164462, 0.39930867238224843, 0.2345347774937534, 0.1205564274155031, 0.41523788914083326, 0.9554335557512018, 0.9453022153442486, 0.5185791080459226, 0.49173280430477584, 0.20191421077307614, 0.31426931751993614, 0.72819748208412, 0.19249473798037886, 0.9311267686115228, 0.8600925225894817, 0.11150957365573, 0.33707528797205333, 0.20812444826702092, 0.5809698265022685
0.8627765214380666, 0.4620399812595808, 0.3895598290241069, 0.44578642039517635, 0.08980277455976227, 0.07428997305830831, 0.8645759426912116, 0.07357502177052666, 0.31096545278259413, 0.9316064326072551, 0.650147708775894, 0.28133312044739134, 0.8183626179848925, 0.5432066417585676, 0.27815171626398105, 0.05938361568465844, 0.5622155502208939, 0.745578181978078, 0.2876853253899363, 0.9149047140736732, 0.7609147954185739, 0.753489254527335, 0.2873850827051918, 0.750912633594062
0.12418049207965531, 0.312661944481206, 0.5687481002165166, 0.48484592477526034, 0.9859164212098823, 0.736061908346515, 0.4557748331942947, 0.17504499775051985, 0.4645962981551688, 0.2086169776578164, 0.7477041733610194, 0.8310717821780671, 0.08552906859385923, 0.7486758600929616, 0.13423396178009106, 0.4826584574785526, 0.2860574247771539, 0.7413488282341744, 0.8827194116628139, 0.12027083436148689, 0.8375349254655948, 0.6612714275798244, 0.3884010819899475, 0.5114903781975103
0.20819944088005615, 0.17318552657833441, 0.7958205023551813, 0.6711924831643244, 0.37298058968074654, 0.48797713025726264, 0.57704078786735, 0.5349436613412719, 0.03207428104222054, 0.18785622831107407, 0.7784207710883382, 0.23787027616901468, 0.04588812198346137, 0.6991514650772515, 0.5806616896162762, 0.7945101594853998, 0.13869862860359505, 0.5554456712643759, 0.23833409625091662, 0.007405074507730203, 0.7623112286874071, 0.6949919509136994, 0.9542284841015353, 0.810218137946657
0.21019403630564937, 0.8328704049409236, 0.37089766968136306, 0.2159917161581122, 0.9636323868249116, 0.7214568756425097, 0.08373487264208623, 0.408751995547997, 0.5269367695716665, 0.6217934591970226, 0.47307023008777804, 0.008822628699073798, 0.05373355601348784, 0.43259883608260097, 0.7178047815255914, 0.529481930018585, 0.8557828842238515, 0.26853430596662986, 0.9988407670927851, 0.15374367103933073, 0.38376119085056826, 0.23978388136669226, 0.9660575896851753, 0.8729297825004592
0.28284908052238344, 0.10221644045247291, 0.30597611076086784, 0.4075051694653711, 0.6773571384719542, 0.5443614331923886, 0.27414008952750857, 0.540611192529022, 0.432146358159602, 0.5922849469113135, 0.519965289972468, 0.35928370245615204, 0.5132036505676957, 0.867667620984017, 0.13266688592141884, 0.21808058704569488, 0.2556543983741525, 0.17022525504372032, 0.1647094648405688, 0.7639091570356152, 0.6937142412976084, 0.6210150094718955, 0.8534519760621301, 0.4898045791032378
0.12555762891637512, 0.09798632753556924, 0.0658050026112692, 0.3455482741364777, 0.2637924405481187, 0.04204107804112156, 0.831778109617993, 0.9652847010930238, 0.9695285120828991, 0.14462147206141196, 0.3864208031984383, 0.10542957569932054, 0.9509643098099637, 0.18947390043397583, 0.8862587234681154, 0.34452170676864347, 0.4656501748104932, 0.2178106294940162, 0.11092048554013778, 0.39221075854115584, 0.918869803956439, 0.7867388114167101, 0.6363612727736061, 0.4416624156389046
0.3402772339498711, 0.032244641453474165, 0.29152060328407203, 0.9185514722499043, 0.3330376529523049, 0.8696551186809699, 0.8885947086103669, 0.9925791102735243, 0.03248641351580339, 0.12240953988106307, 0.006934798020089006, 0.8979384953811019, 0.8365100750367606, 0.3936551320384267, 0.3907547914111047, 0.24367914300651605, 0.19163773868921186, 0.700033952389397, 0.794698291982911, 0.05981228874125155, 0.9046416710588813, 0.7888650498016033, 0.4291206108988517, 0.8202780866151284
0.8118390889560053, 0.5309083385476268, 0.08702695637671642, 0.5807183629359833, 0.5552844024312467, 0.5736671662855437, 0.06252779119646978, 0.7421128420620723, 0.3951058269370704, 0.6538602545431375, 0.014243943778579737, 0.2691569989608049, 0.935300706275524, 0.6516075525073254, 0.13619278076558228, 0.5773056884774097, 0.7034034472472788, 0.6162211886037426, 0.4519740849000554, 0.7942497593167137, 0.42593655044142553, 0.9286179208994332, 0.3049644588142225, 0.8437454091365686
0.42523970816458134, 0.6941136309133857, 0.9010616451123442, 0.5920741057887472, 0.5659167267966251, 0.6562573040407506, 0.5414188630583677, 0.10375871719584095, 0.283669660385807, 0.4626528875802687, 0.9578900717665255, 0.0582058066764205, 0.40692607891944055, 0.7934840106199703, 0.2534265498839561, 0.27896946304705317, 0.8527177885014082, 0.5395894121868303, 0.06904076581583019, 0.1617029973444053, 0.3845743576757401, 0.6175464429485066, 0.4517155482315477, 0.037646107449572974
0.5499093936747063, 0.5218800743352855, 0.09019283950460943, 0.6599109766029055, 0.40060461729588914, 0.07325723127866546, 0.5931255657312422, 0.38668393954159064, 0.6074650658407291, 0.23675020286292048, 0.36299676036561856, 0.03846504001162665, 0.814906803928426, 0.3269156763473344, 0.7184317406935985, 0.9892970688996533, 0.40193734666505054, 0.2542975016911504, 0.18220100045333332, 0.2362746195182419, 0.7225228702523665, 0.8893429482047075, 0.2692417091229655, 0.9267523668049199
0.6279912382701408, 0.21310873718106915, 0.7774728132792934, 0.15004165883308518, 0.4434998215022764, 0.15515277531738914, 0.8736492907460707, 0.8120296321065875, 0.1285848311149108, 0.46530410917326914, 0.10682431090769318, 0.6396589910491656, 0.004862462661094913, 0.5396606904678659, 0.7171854282560683, 0.03487263743333158, 0.41925289191154524, 0.3594457816184349, 0.36705519924438956, 0.47738628280877515, 0.3984829737379585, 0.7292272333917229, 0.34121408781706686, 0.04056637830121268
0.6539565172775269, 0.5680186568500623, 0.062246667088476926, 0.8841565251723478, 0.3847202292506505, 0.3329299486838364, 0.7244526988701696, 0.6218488795742677, 0.0847322321593087, 0.8664017160446198, 0.9813973865545293, 0.6057009619678506, 0.3986593939350789, 0.1469655640795915, 0.5759955569834997, 0.4164874609818906, 0.6244822084065501, 0.30520811582725116, 0.8802968745236769, 0.9322524808752737, 0.24268584400801818, 0.4939851699932649, 0.15741233945360855, 0.8447343480034791
0.00379538407142499, 0.7502607856509371, 0.6713875480377958, 0.33291646653410645, 0.18143158163696949, 0.015338030335151132, 0.20017352383623555, 0.3968224508619367, 0.5129172700158532, 0.9605457219093158, 0.9192120429774716, 0.8703972829495765, 0.6092343206954883, 0.2669011571788862, 0.38979416119080357, 0.331163032723521, 0.8666423987282603, 0.8324615342683283, 0.984055077195501, 0.5436959999309756, 0.2848161050135408, 0.5182629126642799, 0.06797830679805861, 0.354511123114835
0.9119041469158123, 0.44342236588216843, 0.4516522658762502, 0.17646129358769025, 0.6289802997307404, 0.08218364833692271, 0.5963412033312185, 0.49289925144484126, 0.05118628222568222, 0.3290686779071418, 0.2385417510985065, 0.1377609407478232, 0.4419809849103964, 0.3622357600320123, 0.7215170728943165, 0.8127116806723449, 0.6944219690684994, 0.46272737132109254, 0.17540554246687223, 0.5034043260802455, 0.8957031209162228, 0.26507158950398524, 0.21801626886592818, 0.9784314521074884
0.16095342986682637, 0.9783423899116229, 0.01168185169106839, 0.6134321393253118, 0.7439938384338214, 0.9127835211846923, 0.9998532622355097, 0.9107191697066035, 0.2896261420701318, 0.34334146101227914, 0.6751352869422852, 0.4209396493097135, 0.07746305732661296, 0.11309428235574503, 0.9326034121105021, 0.2706138271217797, 0.7001011209796282, 0.22485277157149275, 0.44230082337090115, 0.5426375791037942, 0.9489121928326949, 0.888914251558503, 0.5005915277365988, 0.05233947097637626
0.4170086081014157, 0.052455323017351785, 0.9959106936955704, 0.7493248688503209, 0.9177043430426394, 0.8997463081937429, 0.415024369890863, 0.35127370668603153, 0.9760521508031579, 0.16159616407520938, 0.2089830438550455, 0.548091288320623, 0.22969257413349087, 0.8184355487078041, 0.7621129865669926, 0.22353008897309612, 0.8137924356470613, 0.6276628327339355, 0.7656481281491987, 0.6665545093463593, 0.20710316833814546, 0.3907353442205931, 0.7607202727382909, 0.01317722438902691
0.6477557708032511, 0.23729001801221983, 0.01618883319997544, 0.504201718337983, 0.3516847802235107, 0.20940704756626372, 0.2402107875929581, 0.8164588375129316, 0.06849991058025173, 0.43833415997650904, 0.15898401748525914, 0.2755954613859959, 0.12558988111059421, 0.07024426405704509, 0.7155647924006842, 0.5145779914533647, 0.8070076095073875, 0.7472220498773712, 0.05945262077303959, 0.7454239703603192, 0.039746133077284806, 0.3922295676941163, 0.5736434837922137, 0.7525497159656359
0.5755844674352837, 0.1939601020140609, 0.7909683994320909, 0.5293270497119079, 0.03979823451168274, 0.27868758619569867, 0.2962855098868262, 0.8498582322578748, 0.12742885378412938, 0.6215404394220687, 0.8383247013863453, 0.6440622499934106, 0.10656147901533908, 0.502928154602858, 0.24438311446682925, 0.3426389287176407, 0.3404983763078543, 0.8142668714501345, 0.3322043820874301, 0.37816149414624245, 0.33451933019290103, 0.6657027950059227, 0.26381128358638817, 0.819208205877078
0.5103947299259266, 0.14332536995663137, 0.22117958235217627, 0.5501576309729891, 0.4581948420556974, 0.3069672928692393, 0.12295166999205309, 0.6474009353100565, 0.13542220941122596, 0.2023409813223227, 0.7138356641396556, 0.18600481179647255, 0.8574783869300221, 0.834161569966904, 0.3276596576728944, 0.281835718587516, 0.02138635467774963, 0.6954687248497975, 0.9383375890989655, 0.5153252313696765, 0.40096603515611684, 0.5852223967417567, 0.654759276439588, 0.3518300010822496
0.9231008056962273, 0.008218485942574016, 0.47684702418474145, 0.23782369709703222, 0.5401594486093858, 0.4906325532281951, 0.7578453583471121, 0.6896414101117033, 0.29474302766355576, 0.6519571906658131, 0.9069616191810628, 0.389623881103929, 0.5732163680920617, 0.3587769721922016, 0.36414809156302985, 0.11917667141947896, 0.17708058477370925, 0.6665992753892523, 0.005116889346519771, 0.7264243332631319, 0.607371984752601, 0.1767471426032966, 0.9497009047895464, 0.2575197956603681
0.5364507029144029, 0.5103704151512438, 0.4005552062662352, 0.6790005136453041, 0.2905192329367473, 0.2845736375382021, 0.3694910139718799, 0.8401140899173956, 0.2820316495154075, 0.19564413358690957, 0.24890717840126708, 0.48304827338343614, 0.5835465105614047, 0.1304746840778409, 0.5914156697135803, 0.6886553469548367, 0.5166011226596199, 0.6750783762242744, 0.932142063989484, 0.4504188699954622, 0.3361372210619348, 0.3077354575002025, 0.22526039121568575, 0.23469785070443627
0.7563572256271992, 0.9965432530705308, 0.8959432104182345, 0.19846899614382807, 0.864871741686746, 0.2196287142443114, 0.44552759538639697, 0.5279813878008283, 0.5919657008169417, 0.45563990862823267, 0.7137175851569901, 0.6650121954760764, 0.4267739184636027, 0.09103986617539117, 0.866994168266292, 0.0349080053063644, 0.5554753421438032, 0.3358450987812256, 0.3418865477176364, 0.31891230477650945, 0.3727572557780201, 0.7514407359479457, 0.6446405547026662, 0.5038557681305529
0.3846785058222052, 0.809334150272222, 0.6472618535955631, 0.09347144260152052, 0.27433097001867524, 0.7779191581352033, 0.3970952871364637, 0.006540811459365359, 0.2373763579985394, 0.6303784122794382, 0.514612313960439, 0.7190779788142967, 0.4377082025933666, 0.3833345298769426, 0.29809073390147667, 0.9991553392092539, 0.8431039615556216, 0.619794544948103, 0.12928427288883104, 0.017468520403375765, 0.2332588836711601, 0.47730691983966944, 0.9374151992476772, 0.33476153215177384
0.2482117659676395, 0.4391156678415451, 0.9274976171107221, 0.6691204795910575, 0.6741255840932862, 0.3011351638887627, 0.0688529260942714, 0.33394845294916076, 0.0438103660034973, 0.6708290616436368, 0.48179088933524505, 0.7247462802612639, 0.06993673131258082, 0.9186911697451378, 0.8469682587771046, 0.13636942664805707, 0.45220688864660097, 0.052891665318346326, 0.2839516357113777, 0.14743328115962295, 0.43333817338958724, 0.6956340527973904, 0.4468135080243635, 0.42576193092381476
0.5003728319635733, 0.6652730386355284, 0.14600245831046044, 0.16907311722625507, 0.6504874325389716, 0.7437753733026852, 0.3236890424392268, 0.995418348488453, 0.08004351010429878, 0.7694274292952097, 0.5939380918763052, 0.8597478430363821, 0.5677412030154176, 0.01942189812793116, 0.3284693514184718, 0.8981280306669555, 0.6674144332436679, 0.15785118774110118, 0.6612752421083614, 0.07013068981767578, 0.8999530329682469, 0.4675460450689052, 0.8927615576155323, 0.7564568295749519
0.6149157310739303, 0.3869162437003223, 0.9248710301486259, 0.878629682579219, 0.955907270906541, 0.6040736485131022, 0.38591631649899527, 0.8155272982446339, 0.3992636405060265, 0.08809610127679113, 0.5812140600478221, 0.9791625835044815, 0.37676783556137583, 0.3840714509740577, 0.4575170047541419, 0.04574225572716528, 0.9231348291198689, 0.9002926547700678, 0.9493477679885504, 0.5123354628112639, 0.6976040275710368, 0.9937575786208699, 0.10933512938520418, 0.5752410295648899
0.5625371962034678, 0.6449827655844956, 0.016235661242197108, 0.24255241095019242, 0.19282035862117775, 0.7381560383553597, 0.8893464862486343, 0.49876920223323606, 0.8491282603092603, 0.36957159487458857, 0.2721395453908908, 0.412813876936418, 0.4929601049986233, 0.4984321492398741, 0.9502799987668871, 0.6914348374130299, 0.057926532438816736, 0.8090325987935447, 0.4460555125730813, 0.725613488826398, 0.12381506266056119, 0.2058109859168752, 0.7154233106876701, 0.9423170070947618
0.8391855009819795, 0.7891503918153165, 0.8670112255558027, 0.8993845040662821, 0.6684325098111, 0.9342773691112164, 0.20978194437619857, 0.14930218509996063, 0.543736437668609, 0.6602737426999151, 0.35561169313652996, 0.28749528397682744, 0.07829136267301029, 0.837868343489963, 0.7102359732707489, 0.31949702277178793, 0.6532606962136244, 0.8225903960971785, 0.8531886809731218, 0.9518476938147418, 0.05294216342057689, 0.011887523854649307, 0.04188246947333796, 0.19702050502049462
0.6488370404970359, 0.3125212118615537, 0.24258718710306215, 0.42485649736389286, 0.36433199084326495, 0.48931103489512484, 0.41600699715286404, 0.2846171759704489, 0.8267043850976662, 0.14919455899384637, 0.2862132006699333, 0.4725035064074269, 0.7396889055586193, 0.6790392265535602, 0.5101337850552995, 0.4049521191101776, 0.18811739666683358, 0.30670245340186686, 0.6092911189144686, 0.11647643854661627, 0.5121395801483983, 0.7765958823983927, 0.5711672356001509, 0.002139018257328651
0.8931095563133076, 0.4502849288469145, 0.23090373691809074, 0.7417243034869948, 0.5636945420093824, 0.3384346151795128, 0.8178577293915156, 0.7289609844372471, 0.21640679468576485, 0.2434525217117035, 0.04089741374321654, 0.9454892642860474, 0.9007542553869772, 0.6633185336123942, 0.21547431849747345, 0.6122574682837794, 0.30592329182378775, 0.4933573779304804, 0.20626655928177884, 0.504299653740452, 0.9001024265754997, 0.6942211292059102, 0.3840834883935428, 0.10427634070496872
0.5605286268370052, 0.49005040601091265, 0.35402820612250185, 0.4711120127929245, 0.5964796296786552, 0.6753519597923551, 0.9043670316193801, 0.7833007146132467, 0.04077059889984258, 0.5776338274964665, 0.235213110685087, 0.8789704192910947, 0.3627319400993114, 0.361155889545133, 0.9074475370732326, 0.2413855255542121, 0.49227763831806626, 0.4428482218334512, 0.20235550717057849, 0.6850710203554472, 0.2844729756218116, 0.8417478232972617, 0.17532663233664525, 0.3563303454914982
0.7666535472357501, 0.8819680344896957, 0.5028603019500666, 0.5016028054945912, 0.8992511403820171, 0.35584970302829577, 0.8682623273944227, 0.9237470944506483, 0.06035161065499128, 0.027257368480564814, 0.15265735261373214, 0.3781717157966802, 0.7423490496605167, 0.3838608964345721, 0.5990930300711352, 0.30364215445010434, 0.4516488415779105, 0.698344625784022, 0.2581182479235542, 0.6111191692418412, 0.7774545198752507, 0.23483602786331093, 0.4176100722850806, 0.34036938392473215
0.15404477267810124, 0.5097621278111396, 0.9115354974234772, 0.23603291988579367, 0.20164663653474402, 0.6053099944884099, 0.6692058522625858, 0.31101793509910114, 0.12953983402368807, 0.38086843897195055, 0.7607702117278009, 0.013572119160630725, 0.8697645858768743, 0.08690592092729743, 0.9701388630795305, 0.26154335366511805, 0.15022995376330706, 0.8365362040916637, 0.8197577093572727, 0.871264710259226, 0.9247153449145213, 0.18375943481981238, 0.8200730052229382, 0.9138315021468367
0.9061045382079062, 0.20136440083190754, 0.510429701483718, 0.3388981674192585, 0.5348248291326646, 0.6520585069998446, 0.6869287588485139, 0.055091184220462774, 0.7643245262302649, 0.28512972480867393, 0.11848758681959548, 0.25901013085843017, 0.6023960244902651, 0.696257949961961, 0.6246275604548476, 0.8586172848774417, 0.35997488155160406, 0.5374798354752277, 0.11323504601814949, 0.7362906096851273, 0.6367769525832925, 0.6006245224920252, 0.8365602004487858, 0.4606357471064232
0.6475621574559981, 0.091338939435602, 0.37548975337821844, 0.7101976749484058, 0.311793823607736, 0.10840979492342506, 0.2674396450449962, 0.025475669653660993, 0.21832669188771803, 0.6405340425537462, 0.5108882476051545, 0.6853031853010843, 0.2685946716614839, 0.4294017169908346, 0.8647188099691667, 0.1173141200819896, 0.7502741714498777, 0.5035469956977241, 0.6745602974718716, 0.9066470136470406, 0.4935688511702082, 0.1823218736993356, 0.7335158802210464, 0.9068270192617873
0.7601330846288025, 0.17438786920508964, 0.6055466322367672, 0.40425454687938644, 0.2408267934215278, 0.16304900241143372, 0.26736321331518353, 0.5638161004547209, 0.8224047364228102, 0.5432182971405458, 0.39113438260758737, 0.9070831324189802, 0.19572845276812056, 0.03819298931906312, 0.5168602552580577, 0.7899560761374896, 0.6270974324808932, 0.17930530607238848, 0.041417571791703356, 0.3030986098912194, 0.4017220703296055, 0.34958600448491384, 0.77936031979471, 0.7620472490196426
0.4306747844225818, 0.9435927414426771, 0.11391815860692878, 0.02565084514749416, 0.16903988037422224, 0.6281826729997116, 0.8866747760987009, 0.8304574922310725, 0.3050470152095295, 0.16587704940541415, 0.9636019510459308, 0.3023268521675304, 0.7344643058419082, 0.09222924158818269, 0.7296910714684358, 0.30087309988998057, 0.3532386529920175, 0.5922114105349562, 0.8118808197537493, 0.07223188569575756, 0.7346551332370572, 0.34312042807574017, 0.1635306007033197, 0.876872961520421
0.1593758326573752, 0.9195835343632576, 0.9809789295063213, 0.9716241656127096, 0.7373836788144508, 0.7534315789116905, 0.2783686116135815, 0.15323391072900971, 0.2502242761135278, 0.30377488747865156, 0.14129539116857437, 0.3685407149983835, 0.729124282743727, 0.9809014223597333, 0.7421178769496924, 0.5434633734638995, 0.44801309046726145, 0.08277020808244384, 0.9397509017664046, 0.6360096241676929, 0.9852496047629103, 0.6364353394370328, 0.7499677876217443, 0.5820798941766425
0.9600110208729609, 0.7551038077960996, 0.19388026774706923, 0.243670156309723, 0.9579082454174777, 0.21333329455209205, 0.7492348390580129, 0.20440851826573259, 0.8447522155093762, 0.6490441546097151, 0.6063160564201268, 0.1363877859090925, 0.4458312170014911, 0.07903490466631247, 0.6011302984376442, 0.3819985439881932, 0.2793116225169261, 0.447379624457796, 0.7952922634573523, 0.7603028733441592, 0.27363656869498265, 0.06404561032985734, 0.21163148199396686, 0.435838297756599
0.9654686183492467, 0.15685414859642166, 0.0996845769022291, 0.7838771672668573, 0.05030102247608881, 0.1349679833770403, 0.6333421798113452, 0.8218489867722382, 0.9688351359217154, 0.9824020484819174, 0.5130452887341425, 0.02764524949989211, 0.707157342486833, 0.1029067590733973, 0.33755053530282864, 0.07503773241998002, 0.909024598202583, 0.17245388902641678, 0.3452622290111941, 0.841006940034193, 0.0696276391964592, 0.23250588495660296, 0.12457740758359093, 0.7951354097688358
0.33832970017575636, 0.49028285400216454, 0.38613212831794197, 0.4479314783133703, 0.7691154156125452, 0.1676995609794918, 0.9828986153245679, 0.11213836220253948, 0.019418875097690025, 0.687499638681274, 0.31530556740150795, 0.23472191302902368, 0.19550558963008424, 0.9015687630072764, 0.06348922659812006, 0.9104302164505329, 0.035798829131622356, 0.18101835202230887, 0.9010491612696958, 0.7694991544876775, 0.8371361201067266, 0.19576950028807683, 0.17661082682092277, 0.352481386444642
0.286393319159421, 0.341179027287852, 0.641031631029973, 0.6805209303888213, 0.5710877668003193, 0.48823639407259556, 0.5226177883299309, 0.16764921799809462, 0.3955073019274251, 0.5588786259143321, 0.22880323075625453, 0.14833312387792985, 0.17986333137591626, 0.3986379730000089, 0.6374376854729271, 0.07810023669320276, 0.12592793167328686, 0.1481143985586476, 0.8056902609396427, 0.24869740101422455, 0.7358421668657913, 0.2619143644033284, 0.6016232943824374, 0.26276068238288885
0.4720671098531225, 0.5031035523774869, 0.5799013690105599, 0.26894220882473197, 0.8439147110961864, 0.874812079555249, 0.04514743534904275, 0.49933789779667004, 0.6721470904010614, 0.22389596856395222, 0.9711193011691137, 0.783001134120485, 0.9635444869673859, 0.7772649365735128, 0.8273831188173684, 0.13323101212215782, 0.6813080490237982, 0.14855771566360598, 0.9371619510835346, 0.8263763837614865, 0.6617617604796963, 0.39504552183934905, 0.0918269833824985, 0.4814414850341553
0.38440838718723647, 0.6542504473532312, 0.8649515301217288, 0.09028008908348828, 0.6767274060506059, 0.3743732279961779, 0.6781889351733337, 0.8377810837728495, 0.35862689348757537, 0.37565138915366925, 0.8730663590602414, 0.47827442128310904, 0.9344276646191773, 0.19908029874632727, 0.9939464533123544, 0.49894020457474664, 0.7280335259223959, 0.9102714815253348, 0.9529938587731468, 0.9483897793109503, 0.5443818081986844, 0.13629425858959188, 0.5767002987754382, 0.5424269839019642
0.5210354607544129, 0.9707780028456472, 0.6118871481129272, 0.8607162121276092, 0.2963799127846667, 0.3752614463421662, 0.8231777758236556, 0.827074866375521, 0.9921643472855404, 0.011851949100166292, 0.6223757244881573, 0.7606387674077448, 0.1423776376506214, 0.3879432986644008, 0.027186094435992625, 0.40518920818543935, 0.8851960618355366, 0.17038139580842593, 0.46466373956897367, 0.8157101285958572, 0.5875325397463435, 0.7703761931397178, 0.8616128635079591, 0.9546875388267886
0.23828711122072466, 0.22160660669565413, 0.1700154273101524, 0.7904453130926059, 0.41549202182869016, 0.2210666109326075, 0.9762485862609844, 0.40080334946131924, 0.799464374213056, 0.8930094554969824, 0.9828736674763218, 0.10951501215843407, 0.09042840228592908, 0.5111866472625023, 0.6464334764078907, 0.08026093103178988, 0.8400273856667798, 0.6321118193525264, 0.5728869104117885, 0.6565325495346687, 0.10171396026316015, 0.6235767768297832, 0.4816319086650541, 0.8333877437449414
0.7985427392159586, 0.458673179633863, 0.26372363959348966, 0.5740500948674496, 0.9770814348212237, 0.8084303818591845, 0.08241139054239488, 0.9550782501112122, 0.2765237906830025, 0.11057920183685488, 0.9634842669000694, 0.5504634254851744, 0.4920317426204631, 0.9432327013758915, 0.7065077122211144, 0.963314750822499, 0.9467329569846411, 0.46379198893423046, 0.5251362115270687, 0.004470524893494865, 0.2911813907999652, 0.18979777229417572, 0.20739224157497227, 0.23451158288720508
0.3172829419409856, 0.14971378049473372, 0.9459535659171863, 0.011222178552885542, 0.15912426960124793, 0.5890778316614685, 0.42879507933214256, 0.44338604031634954, 0.8935089126444983, 0.3857235009590795, 0.3686685755526721, 0.5357454169214656, 0.5215674146140739, 0.843426572473687, 0.6174197681175512, 0.7658703539297552, 0.3764408424005403, 0.21528423027901045, 0.7222283965457007, 0.1749039843201804, 0.769139728249889, 0.5018317814347291, 0.40536439170126437, 0.050791687830402554
0.06960419149652053, 0.7568451303340551, 0.8873968233251548, 0.6204330541498735, 0.6998430447590434, 0.014506464160612409, 0.4369081845204855, 0.18976177051453147, 0.4907231187384462, 0.24991742568015507, 0.7896637405088596, 0.43427633504940744, 0.8627353101027377, 0.3294909211653586, 0.4541308234771506, 0.8589032202852996, 0.31603587625354956, 0.4712859730125277, 0.8366481418713042, 0.8084140224696199, 0.954484111019808, 0.4597028988324804, 0.2886613513654246, 0.7256301792948859
0.10501327090357582, 0.7946358501355586, 0.2918988413396264, 0.16365687848824195, 0.4402039831972697, 0.467068760545013, 0.9701808214847015, 0.7485916402157791, 0.16738615152448022, 0.5803159037183037, 0.28158862680355257, 0.21863621380910947, 0.7086879999199617, 0.067801617736577, 0.25623299488731377, 0.4397120902850612, 0.38277974623503375, 0.6377215021773008, 0.9083121668877076, 0.12943557237294, 0.4946372809604428, 0.2534794907395306, 0.5048520153248884, 0.6455885409895974
0.6104042832110126, 0.5322600205707594, 0.023732555653680598, 0.800746060789508, 0.18466120815352827, 0.7175100119325954, 0.7569659441340163, 0.6576064981550032, 0.1735414462921585, 0.6638515660055283, 0.08554320427325401, 0.7923697643221654, 0.1507096286414884, 0.7737711512548511, 0.699969910967931, 0.1185772827165773, 0.12025729474045099, 0.9980968720189153, 0.42874916052520007, 0.30411125783780835, 0.33521314181211337, 0.9101780939136022, 0.6404114416714647, 0.7087853328627298
0.8387139545103945, 0.6086023133619779, 0.9963476270679372, 0.9507178163415203, 0.8135236165829757, 0.2869928758005382, 0.5628101255468115, 0.5054003204374551, 0.642717417050693, 0.18604294781181474, 0.9766921001688104, 0.8284633950611765, 0.4641633028367017, 0.05200831386035365, 0.18721153334776552, 0.9222979237541601, 0.9780593709978553, 0.4674128112108705, 0.10628566813947682, 0.8138980202346052, 0.12536779664439146, 0.2357554341092225, 0.6992223502281185, 0.5759176373379649
0.7206344239898603, 0.07619585328122458, 0.2595190337124188, 0.809834223478594, 0.9893033095729208, 0.16891402999706118, 0.553293343747657, 0.20066614338352584, 0.7755906049619714, 0.5807944576680948, 0.8269622907987785, 0.4117808137647362, 0.8104765416399468, 0.7613880019798573, 0.46357958842245084, 0.2895010080161532, 0.703237990702618, 0.1966608182713132, 0.08174680092048658, 0.15820543068200854, 0.11876621996739589, 0.31139495796077776, 0.2842370213791582, 0.9095766940523552
0.06682370805546067, 0.9329191368923623, 0.9040627648272196, 0.5375818849491958, 0.8335181051102031, 0.5458334662166223, 0.6448221974769858, 0.10936191235432136, 0.08720838490171101, 0.8399957538706537, 0.5584364127509053, 0.06852835882060071, 0.44214164172652703, 0.01730879608142122, 0.462509007558109, 0.1462594320484294, 0.02435661847749082, 0.13808998716875875, 0.19787327550507927, 0.21002535514680498, 0.161933860564746, 0.36161936376653037, 0.9856568721427423, 0.387872035367804
0.6937787926106912, 0.9358372546683935, 0.9940504065014395, 0.180196948870319, 0.8754533757990239, 0.6203963917042462, 0.9332702968781998, 0.5456981887818163, 0.6591746925842442, 0.061298991725723284, 0.8076250618179677, 0.12713087683198232, 0.9317191822440416, 0.49043922722096167, 0.4965940543367874, 0.34731208898329813, 0.838088317098683, 0.9441546208563831, 0.7078011938296875, 0.6961837463391178, 0.6961773624364672, 0.5463348991807653, 0.12414794320188516, 0.1522063534382162
0.17222498578788858, 0.4502855022556512, 0.04258523375011769, 0.21003958796123223, 0.8753806301434328, 0.4354718691784686, 0.7563403558963882, 0.6261146327516935, 0.44194303045331784, 0.6564527530432964, 0.9459616594853367, 0.5999673811147417, 0.024873330441011032, 0.13803387469969708, 0.371218687918764, 0.6312238414075492, 0.0183653594244082, 0.21151822139033127, 0.3882807987898035, 0.09582584866501842, 0.7662090036466849, 0.45586507121402886, 0.5342562915483285, 0.10874404152937389
0.00880252524114944, 0.217746013348329, 0.9084690320558315, 0.6672125567103446, 0.6529321028066094, 0.587276260481665, 0.7870450847081492, 0.9132429506051544, 0.09543148139320845, 0.9663839316558506, 0.15846564940035202, 0.46322184265792576, 0.49624655064490386, 0.31930739296788413, 0.5632222328532366, 0.2576358899290545, 0.45934414094632814, 0.9998290640020675, 0.1090064117148889, 0.7468192065365197, 0.4966570293566185, 0.08552625585026696, 0.10701255814703725, 0.07715348499603747
0.8652381386677065, 0.185772831037619, 0.6232074898662078, 0.43728909463917365, 0.9214297171490943, 0.9506067556926862, 0.4596169852781876, 0.5825814461843652, 0.6714183816052436, 0.43571481948998503, 0.7076097679996525, 0.05355708055019526, 0.8836469550429689, 0.8770964325302585, 0.45921512703978096, 0.5436347152744552, 0.4729365374287593, 0.3374619895090003, 0.29690775936552793, 0.19225372217700243, 0.687956717852493, 0.6462249179414536, 0.08439128510842608, 0.4772302193978668
0.6564573921528903, 0.4869346385464597, 0.5360856895143592, 0.7827275870441603, 0.31535470991015113, 0.9599572713270683, 0.28499058112477027, 0.8340069110671894, 0.0721531955156407, 0.722331236497244, 0.4992572450880278, 0.8157231132911972, 0.006663604391667355, 0.934678829979196, 0.9307577968456029, 0.04370831146021381, 0.15776881239518836, 0.5941646864670657, 0.6676046492990901, 0.8643402635055184, 0.8087343996349529, 0.0025397442042773832, 0.8986170377349397, 0.053438282398223014
0.1679085653943554, 0.3637744302049113, 0.888470449486012, 0.47266827417892654, 0.6813304880716848, 0.18396270369013856, 0.8100205368269756, 0.7451415695723979, 0.10577951295861499, 0.695578567820402, 0.5129211956992128, 0.3516150602166642, 0.4837093853136788, 0.6769305381013947, 0.30308956908079776, 0.8398299104022734, 0.4271411309405325, 0.8050220208506698, 0.12630743698010338, 0.47254208130174913, 0.1756049660246608, 0.865646285440283, 0.7039565675025564, 0.8017532418191279
0.5343970985609607, 0.6165846195079459, 0.33736701256246127, 0.9942230318598038, 0.18187058411788548, 0.24952558037999417, 0.48964401490942144, 0.24056706009402617, 0.08061736705845224, 0.22511472717424386, 0.5791997397220284, 0.3222229981822503, 0.7735067476462076, 0.8419868807163213, 0.8267390425826258, 0.2961426572417515, 0.2634090960866057, 0.967378983977678, 0.7083235507338111, 0.3027876444007821, 0.2845946416109981, 0.5679794132144846, 0.03302316242170422, 0.1865991444516284
0.10274160750984684, 0.038095469356654754, 0.12738823286323153, 0.294892294266764, 0.7546579215427036, 0.7430159055186193, 0.9097484050570163, 0.20874921247134703, 0.23815823242746714, 0.7673560899043328, 0.7775980996316681, 0.7000077261090746, 0.8370240809806557, 0.30350450947393814, 0.8760319678047308, 0.29333187572703534, 0.004322390542420784, 0.8225620940199798, 0.3787828627677685, 0.7325558092452857, 0.7942263363391658, 0.07939857132482642, 0.40980984390735953, 0.8274044172106516
0.10903374444661995, 0.3203290830869884, 0.7385675339057347, 0.20096318371896305, 0.44440032504531624, 0.7567663214483412, 0.39049672303140337, 0.9777285846683257, 0.34624334235736565, 0.32181358742989186, 0.04430646437400365, 0.3971818214987116, 0.8440635033861352, 0.9400848166357204, 0.7802998417748106, 0.5245063631751308, 0.450349236184286, 0.16229095343074873, 0.4410447460079503, 0.3011945732879271, 0.03842069756828448, 0.3803528929210561, 0.7378091808236525, 0.7298119102258498
0.4074471376355592, 0.19470429020343194, 0.0913178632708368, 0.19400313138872338, 0.604593042408263, 0.28696196408107955, 0.489855481685774, 0.006540117493506581, 0.31144355889032305, 0.7305321640586494, 0.009893566940117893, 0.5588546809743324, 0.954968347008535, 0.774880618031206, 0.14644532289324508, 0.3370396618455491, 0.920895019289565, 0.6600329238627475, 0.047422893134446364, 0.8142273119129148, 0.22037276345103418, 0.2919242840361239, 0.43590765860417535, 0.2525180159822532
0.6119921361555479, 0.9640919514718959, 0.9531457537105275, 0.7495791718099468, 0.85685475248966, 0.8661402058076134, 0.13788538556498042, 0.52428122881739, 0.7146558141994569, 0.9288965045974288, 0.9321178136020661, 0.12630156157431915, 0.5909647155390436, 0.2980379023210399, 0.6440117444840607, 0.8443492339125616, 0.8875416884764666, 0.7171445829918044, 0.9149786778427187, 0.3770017302297686, 0.9443067793138662, 0.9682517024097262, 0.899719084069322, 0.7942595933170095
0.5156400511715505, 0.017999591225535183, 0.9412483617515576, 0.41607184028600674, 0.036733466096195544, 0.7292411973781026, 0.1453422863827747, 0.04364056946580375, 0.7140209839989483, 0.4723529662978987, 0.30690136705885507, 0.04154793049548611, 0.36917429549002645, 0.008871625565021524, 0.805219083590081, 0.10806059211861907, 0.14013884394891074, 0.8578042891547122, 0.6351899037027191, 0.896320581506568, 0.39395397614563565, 0.6643336124503675, 0.6065241621018325, 0.3082460575327065
0.24782497611882137, 0.20646787314229742, 0.8824531905572193, 0.4283745470133943, 0.5281001415818068, 0.005474739222876113, 0.610863688969313, 0.050793050991740696, 0.5810142490154865, 0.03923110610023672, 0.3579659755885942, 0.556122700671312, 0.7036460950077793, 0.851149473523022, 0.2597436637649475, 0.021754534363010003, 0.9645228763569774, 0.022807011849351078, 0.2622268436414744, 0.7753051725646298, 0.21199407435738304, 0.1667451172669061, 0.3293025892701762, 0.9258877295595974
0.7821695843329919, 0.6207698751368481, 0.22048426392872733, 0.335166671783369, 0.17737424455831097, 0.39053169266505694, 0.8593316186358076, 0.005965544535512346, 0.23475478119440163, 0.22932590900633587, 0.43301919059571614, 0.3277593967429532, 0.3223942470983602, 0.16853105700946747, 0.038664996850672595, 0.0403851428811719, 0.6677617244287403, 0.139233093903801, 0.530206632448634, 0.33611516560247945, 0.2843092949088566, 0.1335790833590046, 0.4622355217124535, 0.5307850813834953
0.7301980279810364, 0.010549260935616478, 0.40713799829284925, 0.6447870202038866, 0.8237394325811188, 0.99438199671483, 0.5368891006053347, 0.28992371954615526, 0.4589712513758296, 0.8072743943380475, 0.4356165618124156, 0.4495030172817226, 0.01502982892951965, 0.19572344501658545, 0.4556939632527296, 0.5791877879536582, 0.7611531675713126, 0.4772377857914595, 0.6143004103206139, 0.7548173503794791, 0.43397448958786033, 0.7106008931700731, 0.26086996411445984, 0.7267752365452759
0.09033313449598779, 0.5664553141797956, 0.20975212403861465, 0.46810938839567673, 0.7769095533541033, 0.0236254606790256, 0.7942629793146789, 0.304582546613801, 0.6855676352276038, 0.8654506836077621, 0.10167086821860438, 0.06308727075906584, 0.0943210017962478, 0.3748614115459208, 0.8450244494548013, 0.23824726754547842, 0.618513323560209, 0.05484579068886064, 0.004236612150149921, 0.4144813612216999, 0.5048938976385957, 0.9675079034965476, 0.0834487247634218, 0.4429643860328222
0.6985979390181182, 0.2992928129945278, 0.20324936608890976, 0.29148298138114415, 0.5866812751403659, 0.6055812033910953, 0.004646100370329309, 0.6462952270582686, 0.017609194778354986, 0.35730338463734734, 0.8362367244631869, 0.5133629610611606, 0.6257197890078049, 0.3725656784471859, 0.31826513768597087, 0.3815268207652981, 0.6464022431939038, 0.8287552765050847, 0.9204285991188648, 0.028350948547376964, 0.2689837270222153, 0.6739212625883108, 0.6155418991388711, 0.7888169443708509
0.5872511839142124, 0.45788578051729845, 0.9099212743597084, 0.5994504742327659, 0.002531279232649619, 0.9115376554301227, 0.836548650226744, 0.6997071992292903, 0.8645562833849347, 0.4832410376647236, 0.9407289687245509, 0.935124460097196, 0.41093456938024553, 0.1254850144740297, 0.8299194027472817, 0.5673916751114045, 0.36903775709892406, 0.22805639869773642, 0.22405472621353062, 0.21721057539104416, 0.28641661840592836, 0.9889187463377441, 0.7701821026724691, 0.3238399046877989
0.45434794320457683, 0.685954865505384, 0.6280694802450232, 0.2437250969842073, 0.1990805954569984, 0.05939359482288742, 0.44122017536076885, 0.6638307514700347, 0.3571301078785015, 0.0016678406939679702, 0.16396397730522594, 0.9836488742949406, 0.391740537468963, 0.7481347151791597, 0.31968852769485745, 0.061309640424882406, 0.3977322761328218, 0.05584324023060394, 0.6520403530747526, 0.6442266656846025, 0.43309752170501936, 0.9088427189033881, 0.17149741668174923, 0.5087405671432659
0.9246088081503544, 0.7312481546420199, 0.7140470983044342, 0.28729531125175667, 0.2643531818262512, 0.7830415537672049, 0.5254647329074693, 0.4724355780576216, 0.025642227777231574, 0.45175436840284333, 0.2484387700683255, 0.7975315729995243, 0.44043993756821687, 0.40345752461722595, 0.015084962840049565, 0.8462569571190958, 0.9922924934981665, 0.8859975791971526, 0.657678627996303, 0.47915837308923126, 0.1537486297582933, 0.23313256886221267, 0.46810456288872726, 0.3161426601026609
0.18893206253619976, 0.8085737285616065, 0.3488083555271856, 0.7095265335634975, 0.862869070159841, 0.47657243876930067, 0.14286795002564778, 0.17870190233519234, 0.9755208893303721, 0.08814623147981959, 0.6317130153736836, 0.9552860536986404, 0.11822884215314244, 0.5874073566126461, 0.7664350262608342, 0.19128774093088963, 0.3450355260185639, 0.933112163559046, 0.32798109793187435, 0.7921423209902668, 0.5743362274321983, 0.2991737234187998, 0.5723211072475004, 0.32371826753597455
0.5181892916900581, 0.1888084656572283, 0.7479476776386297, 0.6007580310810546, 0.047005238095690016, 0.21634383763608045, 0.5574718601070344, 0.5822713080771269, 0.6939908838740383, 0.6056935768535716, 0.9058289703988839, 0.34983143784381676, 0.7528629887332579, 0.5966487671198885, 0.25362453287769726, 0.31987894414726226, 0.3386715967946107, 0.5249562658661721, 0.6491059366666295, 0.8931421106304573, 0.8657364886480771, 0.15417986643065928, 0.2665659941749401, 0.864116460054586
0.7783120348505805, 0.47042607366186406, 0.06622366560483295, 0.3357419164231016, 0.2947324730259476, 0.5659867916579834, 0.28166552484906604, 0.8580021140686747, 0.3100364557424159, 0.7041262332973575, 0.6847918870614965, 0.905157898247629, 0.8667291063919208, 0.39773062909380474, 0.4508014553701831, 0.8619287992800455, 0.22261732367985765, 0.17832046591998074, 0.11499995183755196, 0.9897190811384161, 0.0071909154587681545, 0.02243532103619872, 0.387945596132638, 0.5336022666529716
0.6361147512910718, 0.32031722815704167, 0.5344024908879016, 0.23660366975965041, 0.4434140171010801, 0.9200752823367161, 0.05545426538386866, 0.9502047528399431, 0.23518155939382923, 0.9988315554325445, 0.057464115082887623, 0.27656061027730816, 0.32412807111093433, 0.8614052357444385, 0.40713235518104673, 0.26158470281545454, 0.8366552420134519, 0.322403603164397, 0.5390424977082454, 0.8262761936753338, 0.5290072859051504, 0.4153226812865427, 0.22669154823175242, 0.09088033352779812
0.8802972174974479, 0.7736790940778066, 0.29972533684298475, 0.6294535462786222, 0.11942672052775416, 0.9064518761348787, 0.9202315167117731, 0.385446773786022, 0.35438412260943686, 0.2953904029724105, 0.062397979155068506, 0.9522422264232956, 0.8613128571222185, 0.07583763538045418, 0.2181929907195571, 0.9742790894938314, 0.7629582197546839, 0.3974797087286388, 0.3590741334226638, 0.5461329448407912, 0.41657187438336885, 0.8886303288823517, 0.6507651648541297, 0.008681934816935466
0.566816946552146, 0.8851921932280361, 0.2815240311945699, 0.48526551077921876, 0.4981346104366192, 0.8307118718952836, 0.8681267598217391, 0.31796703838464957, 0.9319338374166908, 0.2577489975034356, 0.08504491243534995, 0.686921307733079, 0.25121891668557306, 0.9312767219052684, 0.8467648419640726, 0.07696711795476274, 0.846521432338791, 0.4128733377675987, 0.6639914431594504, 0.31933232417756086, 0.6697747451669039, 0.07633941596618443, 0.2597241871079117, 0.413801025278698
0.909172079241253, 0.13686486934312636, 0.901147770465837, 0.9320895846251614, 0.3179886793890936, 0.8288478245642407, 0.05749804473575659, 0.6722186053931463, 0.7531743763134038, 0.506005934525733, 0.6265198355321723, 0.22117578243016522, 0.7201840561769878, 0.3840687946851271, 0.6863724299508831, 0.5156350969122373, 0.9854361045292331, 0.30667423956759376, 0.017389377398269623, 0.7180774618335815, 0.2988130563608957, 0.49384204701992185, 0.7211590318811874, 0.725300558197782
0.3645882625667254, 0.3128778540009922, 0.5543978116747741, 0.7877168340610295, 0.2967854329136437, 0.08616422317938244, 0.03398967411631548, 0.33731870352379933, 0.8117873545795455, 0.6832713945449258, 0.9724735476259768, 0.07609764393839769, 0.7732496652077422, 0.3069459110727295, 0.02943747238917538, 0.48979981775976766, 0.42643725407489086, 0.10875772014406204, 0.21783323987857395, 0.7606865495082455, 0.5271199483682424, 0.9720516779558196, 0.23374421948525326, 0.038024580662962104
0.2333522016785291, 0.7178303415792767, 0.23399279004504991, 0.21751608458124472, 0.24437726874006427, 0.23274418850495304, 0.9722604369740601, 0.6596378149333827, 0.9665268426507319, 0.9099831632435452, 0.9482528261067807, 0.3403144880369702, 0.33901861938044164, 0.759454002374162, 0.7931447072171098, 0.7054806821184729, 0.2486722486509132, 0.748991732001516, 0.4147796488215526, 0.06177989527587102, 0.12348507673531561, 0.58309692809725, 0.18667590558189462, 0.339919619485865
8.49451453081e-09,0.105271174306,163.591814041
8.79651456121e-08,0.110345117324,178.158725523
1.27114275301e-07,0.19408306941,169.597134138
4.05024107723e-08,0.422740153615,257.958860125
1.49620492729e-07,0.827321693038,319.734790206
6.49019742238e-07,1.70210612749,398.356586376
2.63743396181e-06,2.63353871332,409.326049167
1.09321366248e-05,6.05810714953,502.112817384
5.484436217e-05,10.3057908349,639.309396288
0.000708322468772,21.9648047589,800.115586587
0.00132150958957,49.4557224327,1118.43874626
0.233270183297,86.2139986337,1342.07329057
0.0244475475592,195.479390421,1751.23578321
0.0569047277558,358.613526253,1485.19237748
2.925131672,721.305995093,1613.35142328
