$x1,$x2,$x3,$x4,$x5,$x6,$x7,$x8,$x9,$x10,$x11,$x12,$x13,$x14,>>f1,>>f2,>>f3,>>f4,>>f5,>>f6,>>f7,>>f8,>>f9,>>f10
0.9626315358611653, 0.4620039541430132, 0.14944244457831268, 0.29625633516490857, 0.23193530747363944, 0.08501072396882436, 0.17877176490261848, 0.28983786911666043, 0.32998581780760483, 0.3116039497766908, 0.8996774440144101, 0.5043519634344883, 0.5712084286907048, 0.8171174375012347
0.4516022564915204, 0.7960048939007325, 0.8277634457660286, 0.3054560315680799, 0.5519729548882001, 0.43298966853537313, 0.498509489071686, 0.956649835463037, 0.8836924271306151, 0.8674458632829416, 0.7969389755302897, 0.7546652021631695, 0.8841785457804571, 0.2062013417604348
0.6065425239897418, 0.3518790838902297, 0.5401356625731171, 0.4668706736977052, 0.9920964396125648, 0.7440235350731994, 0.06911746475088443, 0.855733306807475, 0.8226936169894838, 0.4588129999221182, 0.06278549362962715, 0.5536679361535226, 0.7824760234449895, 0.6739410103553328
0.37648608333892863, 0.8135195594140071, 0.31998656933945135, 0.44484939721591454, 0.3187311458460803, 0.4782998486643354, 0.7772187756798398, 0.2884165497188378, 0.7578169022227066, 0.16141378275878526, 0.3810767357958408, 0.5386901124612261, 0.429412614752652, 0.08774063885524586
0.2187229561762737, 0.4112987528695965, 0.01590578714905988, 0.42391217157509054, 0.5779554618228774, 0.8505611846577081, 0.13401050274791626, 0.02305027907957602, 0.3709339637490736, 0.9541474637139802, 0.03186354654495538, 0.34588963634932535, 0.2022084926847434, 0.1726662339968179
0.7073596390852678, 0.2624306564489497, 0.5839409308359601, 0.08120790887622165, 0.1037809222012116, 0.6676926992813085, 0.349037119858595, 0.7580098492024954, 0.9952913546313134, 0.13389822540022944, 0.3941160776715291, 0.5467885324809755, 0.8832675740392242, 0.1541886005309302
0.14718162812446967, 0.15738162169739367, 0.8829925631565565, 0.8065263365455676, 0.7350602718203207, 0.5334034562994101, 0.8736141305104556, 0.3533074391647336, 0.9585385186131257, 0.7355090991200071, 0.5401559482479992, 0.6352522180755666, 0.5095904580199797, 0.31989278650674646
0.025488579739419204, 0.9216806316904037, 0.38332328813886685, 0.13740708686099923, 0.7128720487106938, 0.18008661159940753, 0.4933861463705026, 0.2854056851377509, 0.5479596676308048, 0.3325132811828847, 0.8511419142314075, 0.304923151738442, 0.6721727676445944, 0.8946069958672909
0.6033125081340313, 0.5861482576700685, 0.239564357100167, 0.42552714621233134, 0.09656035572927157, 0.5966247034408898, 0.06649495007379935, 0.7736613953598576, 0.34813216554525195, 0.7385807228048017, 0.02018263109967222, 0.39562535348780437, 0.05173943525856328, 0.41579969079943346
0.8437466203830325, 0.9497621664952066, 0.04360289769054426, 0.7699810200431884, 0.7919803404273665, 0.05422253462487825, 0.24804552922766632, 0.1341729519034891, 0.05353313175335528, 0.5853235173433781, 0.24460833420007078, 0.41847778543736625, 0.5427361546158205, 0.05177776934891065
0.322974981210818, 0.22580504022348002, 0.6706359085601651, 0.8563619872410074, 0.700737985140394, 0.05079474186572219, 0.07731196657952066, 0.38344199035380444, 0.9796678218026749, 0.4697644416912543, 0.8138643254965761, 0.955080269709622, 0.7627704568647483, 0.8932208092126456
0.18424090975486118, 0.4982440875460822, 0.9250176588270449, 0.314383545943393, 0.17287667434153642, 0.04591649384412655, 0.5788582469879894, 0.5435860646922727, 0.848425498710258, 0.9578406087331094, 0.562064418320751, 0.5000764577750173, 0.08594857810921008, 0.4760926821694489
0.9928482598818585, 0.19370776067052775, 0.5436294586951441, 0.270063358482833, 0.7629103845416417, 0.6165002787929524, 0.7201880953501354, 0.31185568364613425, 0.25945862619786475, 0.03076715581571443, 0.9123920141452304, 0.012271618141338148, 0.8387046011741276, 0.9937080527494662
0.31851884873929326, 0.8191600958690256, 0.5834066073458198, 0.7126549872501114, 0.4481087008109126, 0.8169900935727812, 0.5152990559671433, 0.47138519933258494, 0.6250144633528633, 0.7390424469646613, 0.956094474377645, 0.2541902348590004, 0.3164863900442707, 0.8074613455721201
0.6245335108467637, 0.9279576896537706, 0.8397716972599799, 0.5561122980118873, 0.10468262853439392, 0.977669272891903, 0.3393867131535635, 0.856216627207097, 0.6393441485713484, 0.5521466451036018, 0.041797178474929586, 0.06458391280894638, 0.7203789919885515, 0.16839332896163606
0.10265333940483157, 0.5209352162573235, 0.13454417249972628, 0.7952611782292519, 0.31237017774691844, 0.21419351908075412, 0.4906766507809305, 0.2734717975500198, 0.10019131569604156, 0.951747691540457, 0.01215363610365483, 0.9101342250587892, 0.49835500892353346, 0.6498748100499844
0.8228763167131316, 0.22376063074729158, 0.6232693208028889, 0.6211208409599296, 0.8884908790950351, 0.3330569762700546, 0.10504786029883717, 0.8126741873227764, 0.26961899478847584, 0.615649654729814, 0.10298390448423445, 0.7612236204368101, 0.8389835633472603, 0.5673531907780424
0.554947686611804, 0.011955927066432559, 0.5283851126990319, 0.6346566495328653, 0.05761013945985127, 0.16066552186610816, 0.9654386020672379, 0.5945531168414065, 0.8720151963621238, 0.32737018706513954, 0.3009222665294916, 0.39747810503385916, 0.675602250795043, 0.9422405569921545
0.4400860908536248, 0.2731182088667701, 0.11812538528066441, 0.08910181681490137, 0.6130298761098315, 0.7854671538116098, 0.5501013070039974, 0.6174743784816525, 0.02967238708106046, 0.04634553613962633, 0.11698164256790389, 0.7700790841120534, 0.4819356163631343, 0.8731925337969006
0.8028727653414943, 0.2463776404473066, 0.1510403154394755, 0.7083627868104458, 0.6038890448399519, 0.43591287605136186, 0.9886560772687173, 0.06942371909896494, 0.5484802215070077, 0.6940303586085935, 0.967298339541022, 0.21586547446956683, 0.5803978264848743, 0.07226743791747003
0.765219030525691, 0.14956955106367376, 0.5659619636857046, 0.040416355899437706, 0.6402453322664343, 0.7563258693013165, 0.2201468146402319, 0.6148712445665038, 0.3986989440684887, 0.7007452302869157, 0.31101543209922844, 0.054201472332781275, 0.19630843707428025, 0.8355195142656434
0.007326237286726545, 0.08658671456438849, 0.6455868295944045, 0.8971660479452213, 0.3966351831233701, 0.11320161549503693, 0.3164865291991905, 0.2645769905438544, 0.5025086615645632, 0.5918779534389061, 0.7724387733468482, 0.657901468861891, 0.7200828413861408, 0.8375600082568535
0.5835323808065613, 0.5141723090287228, 0.12772437754678678, 0.019180742272375317, 0.5458190492552337, 0.15715969002885344, 0.36267902430391563, 0.44151641156496735, 0.3325101404644337, 0.7988084647297878, 0.6938761770647954, 0.9205304300962519, 0.7961644368596572, 0.9058972684247293
0.5906744757589973, 0.6566549490772342, 0.49658893689334405, 0.46902071768640263, 0.7532361431855963, 0.03273310733432322, 0.4383511806388871, 0.1823252447418351, 0.4389465183493453, 0.6150780423347723, 0.996122312323066, 0.25309254186600905, 0.8792471496880672, 0.7953877386276841
0.8394616811269189, 0.05116293305114483, 0.07802501427365438, 0.37040990852194455, 0.6288133917574866, 0.6562964922152305, 0.539251875184972, 0.24229161157657286, 0.8322768917622126, 0.9713926457053469, 0.2428733583221102, 0.5907041859918327, 0.5634273554450944, 0.08589877623459041
0.804034096592657, 0.8509468756204052, 0.2710345935972831, 0.952094538454897, 0.2261752771004476, 0.21681736269596963, 0.4119952149758792, 0.2982497779938008, 0.9178209357172371, 0.22794863904183238, 0.2116800604832786, 0.07667205764352747, 0.600831661737661, 0.26066323220213217
0.9859167741137017, 0.908413791227636, 0.4152301685860693, 0.7132745820264036, 0.850334865211624, 0.06420838467921275, 0.18312705198749768, 0.2978980658089764, 0.9939262920881881, 0.5771104820433631, 0.2258396577350551, 0.6060341861483186, 0.8582997524657506, 0.4745529646350779
0.025264016136700818, 0.16366102025577933, 0.4055832341287894, 0.35013434436705393, 0.40702500574657585, 0.5075600721752641, 0.9125315269430636, 0.06795683987049028, 0.7366000154824094, 0.23852541489968737, 0.8804492803977293, 0.1960736382938848, 0.6029742117109329, 0.9240387336004937
0.6465279818621128, 0.5951626087637085, 0.12579781988138072, 0.1627996832942359, 0.06265968773117558, 0.6293142510945838, 0.8135964971682539, 0.7536385472155434, 0.011671544792059452, 0.6379105175172086, 0.8062438652965002, 0.6135536445272959, 0.12047861442588492, 0.48079862878215907
0.40684732748980823, 0.9365652459025586, 0.09635925067545581, 0.3406196806072528, 0.1389483744831601, 0.5127279187230367, 0.8707857066479245, 0.8825423197765335, 0.9126885912666507, 0.0029100932584684713, 0.6377959309795317, 0.8374883982883207, 0.40213552338626335, 0.44525629408940404
0.40389786602348965, 0.6345671405929971, 0.5366332424789335, 0.5429562599407711, 0.2180868694136735, 0.4570040234391982, 0.030879733230494533, 0.07943376639648503, 0.25711157264291895, 0.9672922455335592, 0.9229929750913184, 0.2783625700481789, 0.17393609253116782, 0.9362503689825004
0.7412592218733559, 0.06051812028160497, 0.9116571812958221, 0.9733385465323962, 0.40093850682026677, 0.009643800632765265, 0.05742068334081707, 0.43580562505280174, 0.1750099226316213, 0.703319538818942, 0.1807900660649694, 0.24698396133298006, 0.4202312339056815, 0.7802917334599465
0.9943910170329655, 0.28080508311361485, 0.2647454534308088, 0.40024287114750967, 0.08604867167292474, 0.7102836510221373, 0.7293742119583619, 0.7044326363207222, 0.15918610231723862, 0.46938096419169817, 0.8268882413778114, 0.9993708532677154, 0.920366619960963, 0.9983033086438985
0.07663769868731374, 0.5749009391590008, 0.7723109065774664, 0.5984717031578431, 0.5864130387857699, 0.8670901025387074, 0.04549158171938694, 0.26093661547047853, 0.3906485841283104, 0.38678327230078824, 0.08424861308946119, 0.961626466247704, 0.42405413342510767, 0.40390237135741347
0.4161118521395466, 0.6060577597770058, 0.5743934009761686, 0.952295499295045, 0.04059970071461938, 0.8368615845594195, 0.3939653961966406, 0.5992051530450403, 0.6641566370604847, 0.4948730835464382, 0.6062106493721138, 0.6204271695723784, 0.6910598983570249, 0.8126314294469781
0.15287402346999002, 0.4761135805542246, 0.937891733650068, 0.2285473874776235, 0.9523685002444797, 0.6425157340822438, 0.35586667735814426, 0.5782913294731445, 0.7163271960798525, 0.8800097631639985, 0.049621128475771936, 0.06903883222258089, 0.18163251541173886, 0.688974072543482
0.9728170461376352, 0.1361876893709808, 0.40883274195399766, 0.732574700357901, 0.11736116298427335, 0.9175780164913209, 0.2659783332889528, 0.0342375645005184, 0.010443885860933033, 0.5789303069374555, 0.20583949277228197, 0.66908822707012, 0.29959054655872364, 0.09781137322626221
0.6322115270298893, 0.8825755899309792, 0.9614151205545296, 0.823159393497561, 0.8451009936227665, 0.2537986952414196, 0.6965899237654882, 0.21552565348265618, 0.9487903109202698, 0.7359490234763569, 0.917848617211168, 0.8878395183081855, 0.07281066199611852, 0.07460310855779084
0.24898732893757713, 0.8003085711600184, 0.42228191094059864, 0.8818001677046498, 0.005450119345700277, 0.038062738533831686, 0.6007640271571655, 0.6126105407303373, 0.30163070978815265, 0.7002060135998973, 0.166413048076281, 0.2957458982774692, 0.2000959572987412, 0.9496776279358713
0.07605269265427306, 0.8333174288042665, 0.614739461807774, 0.8434553951544924, 0.3862656224435802, 0.19998310750600412, 0.5067892818006142, 0.2697562722779784, 0.5727756520877035, 0.38689586149646427, 0.4561882486723573, 0.790682285998817, 0.17897509550240953, 0.9740925623085342
0.41452653693398267, 0.5046725134123787, 0.6506347981809156, 0.31146664702242133, 0.5698396889005081, 0.02586727263790345, 0.9526110538098317, 0.9526551506005592, 0.8979853358036402, 0.24281994440760435, 0.5384416357024863, 0.08410238237239076, 0.24978449769130218, 0.817942903764992
0.7900273243427767, 0.09520776708520606, 0.674431078343053, 0.9398126508779886, 0.014162539602400992, 0.01647884621995399, 0.9142632543457849, 0.9278639510268514, 0.9985575480997056, 0.4141023601363871, 0.42675626861184934, 0.9840349479993897, 0.9267052249129585, 0.2823141825944402
0.07163796566469516, 0.899266886323387, 0.8904667854760312, 0.04265741841517379, 0.7589524956893107, 0.6515465641769896, 0.5373783753222383, 0.7933116308665192, 0.7109038435246322, 0.3255738208887625, 0.5219533240815284, 0.028270426395549775, 0.27066165571360956, 0.12887609944826028
0.35170317735929535, 0.3594531208800428, 0.16049181153354786, 0.11028009539198302, 0.3693995605138858, 0.24452824076636648, 0.17788457058269513, 0.10532344781606073, 0.7231543324361919, 0.9498598005993327, 0.625924012446294, 0.17988390718937242, 0.2831076268155842, 0.08038025667636772
0.32915317030074265, 0.5961123871427985, 0.3023371272729731, 0.39653024688563665, 0.5827842895073644, 0.5407898211121304, 0.23699157533760273, 0.8280390278961788, 0.15005004480076656, 0.7193017949226406, 0.839868987677227, 0.2485226083497153, 0.003165636328565924, 0.9168704247591729
0.9014569603168263, 0.18336942017558167, 0.39718715162059093, 0.5400238150318222, 0.5832848310738441, 0.5721492918102455, 0.9417848471260326, 0.7114586822982296, 0.5850952557886022, 0.3552117770244647, 0.6669368170078338, 0.22563557144376345, 0.965831895812092, 0.26462850229935253
0.9165683643539569, 0.5714506801952847, 0.5184747520253089, 0.6905815604193214, 0.08520756642533256, 0.4759070951428911, 0.12080698205599716, 0.23638661363210478, 0.6779160535245784, 0.21295002357829673, 0.16646470960877402, 0.08007865005672199, 0.8235011357387132, 0.11683826807742403
0.3031017640781909, 0.7950819920324071, 0.31542988076791667, 0.4525935665477785, 0.8666914136876877, 0.75433049550374, 0.433425920328509, 0.20115991370950737, 0.7446562481795821, 0.18551979643425587, 0.2548311141874614, 0.1316059798192305, 0.8736016622627709, 0.8832565654087982
0.9414104982630332, 0.7904345923192896, 0.3943341092218404, 0.7722698429097308, 0.9255419845868975, 0.3767192168307344, 0.04753894287119542, 0.9051240212161142, 0.17311343595367334, 0.4998494166273678, 0.4842666969718148, 0.3250331488953845, 0.419942849078755, 0.6429917149248875
0.10241480721878116, 0.7722132613699707, 0.5194369956456338, 0.05277375859901445, 0.9822531116750891, 0.9334997160189051, 0.9903263259290583, 0.7183626369483573, 0.2820862849285004, 0.3552064565271552, 0.3887857435613927, 0.9339622965258294, 0.2523956818254388, 0.2763067461414066
0.28702412654082954, 0.9639191010649556, 0.3732448480603111, 0.7204933598449347, 0.8948339851873126, 0.8481804735932998, 0.6792500921025304, 0.7055842374613939, 0.23372908166410278, 0.8252633760616912, 0.24522897711083447, 0.05362620842059107, 0.23560821996947656, 0.9654510299196564
0.6279984105009037, 0.39922436112182513, 0.41069613544173045, 0.3756361362866091, 0.7211571658496985, 0.8425988390082633, 0.713663900376925, 0.44408044016847437, 0.7209920997898812, 0.552447632475651, 0.9175935043919515, 0.24182463422414902, 0.163134272717938, 0.04106947892435553
0.4640085444583397, 0.4660182184735303, 0.4638982343092871, 0.941689117207031, 0.33489549269438, 0.9848222235769609, 0.317006945382591, 0.08380176978831932, 0.4982258376628864, 0.8474124389240903, 0.7154458202617276, 0.8161178484870866, 0.13753399280705936, 0.9951547630140136
0.4067706676563575, 0.9382177072064437, 0.20675818821210734, 0.6264253647638127, 0.819500313600288, 0.8056823634372331, 0.9561752677206461, 0.06948586790931088, 0.1659978178547722, 0.239767901815783, 0.3011817255792618, 0.9199212008468314, 0.4272674692474735, 0.4687027173332595
0.37722017342530756, 0.7444971849271019, 0.7624846903403731, 0.7806766403419191, 0.9803238538034497, 0.6844394477782904, 0.6957011528461622, 0.5975849548938712, 0.09445551114584261, 0.5639742848172598, 0.4434564249972135, 0.13859674903688257, 0.8119789639361148, 0.21734206491915964
0.18364085793881624, 0.1315359281663966, 0.2765374289256848, 0.06668081433680562, 0.680993946269404, 0.42036904982513523, 0.6828460155546457, 0.45114549310550733, 0.3853976274260891, 0.46539282829333395, 0.2973353731856886, 0.7462707448789339, 0.2808278059951448, 0.7564035749583982
0.549474916896194, 0.38054716804096156, 0.8938941188100573, 0.6732687682019642, 0.8211309936410331, 0.5906292213928535, 0.3133669420739169, 0.4201146663974057, 0.108669411160079, 0.0672790063021943, 0.1988672515272909, 0.5404703368795309, 0.1507355065252608, 0.26305710840193963
0.5437774266901786, 0.42038451384836517, 0.7564962933050903, 0.16510708507850425, 0.3434716507648563, 0.21142555587905953, 0.4851382521568359, 0.8791395491875712, 0.016600728551289134, 0.5261863228688579, 0.2968444597922567, 0.5093904572803041, 0.20500580865344076, 0.45663086170411105
0.8283393693057037, 0.6148857484313481, 0.6994347560217806, 0.8190890257694617, 0.5217702290233058, 0.998575825966322, 0.20154098172363177, 0.1333018486239056, 0.37020202524672396, 0.8068989177328161, 0.12616395244061984, 0.30274430203721914, 0.31946774457169047, 0.7050385693513805
0.06673808570494633, 0.3458099465324638, 0.3531189038842035, 0.5286180283434975, 0.2365453164562552, 0.7414502889407273, 0.15556192222791654, 0.303588446021945, 0.30008558236633076, 0.16878577271149808, 0.7715087595397426, 0.6826548315360496, 0.8192794148123523, 0.19634041534286384
0.303424949186188, 0.5655754924160245, 0.047186541542081684, 0.8302720572833424, 0.785776621409597, 0.7307790660693606, 0.37630151208815, 0.7447133714085443, 0.5480490000410604, 0.6336471835279834, 0.8154165893529314, 0.1763105875484544, 0.5972620207296779, 0.2997985253887143
0.043414064802016816, 0.9595397909947919, 0.7546252325611139, 0.032566406084336474, 0.8393679625191974, 0.3576805068798201, 0.3459624937285437, 0.01306958181445994, 0.5042348490111955, 0.31829801256582035, 0.04499257444195337, 0.708541640190024, 0.20419172619547143, 0.012626941762656774
0.5504774526851278, 0.06788064644389391, 0.3210797982889957, 0.45834471176218083, 0.9708603057272335, 0.6974198354257586, 0.2079376262733249, 0.4464668642134798, 0.43968670620776484, 0.9131393644929054, 0.13650303873074487, 0.9807061581034011, 0.528375591869366, 0.27989398296734624
0.4645445577389994, 0.41215424752345675, 0.7582692313736556, 0.5836352326929373, 0.9578716261119714, 0.9476354536627146, 0.27331283207208745, 0.6722524558449066, 0.5330006914257882, 0.22576751756502278, 0.9192703125768236, 0.06541789000067244, 0.3348971218124247, 0.2080369217835596
0.376447110029241, 0.41960885058458885, 0.25640969427142857, 0.10354663398924036, 0.24811795667676806, 0.4303584925620525, 0.7218000365881336, 0.7658590734911043, 0.182613001619227, 0.006205723008823605, 0.5464606421000876, 0.5598046563893402, 0.4084939320939688, 0.1513411552878231
0.7911405930154857, 0.5728437784424572, 0.8034946800661739, 0.9887370022875933, 0.04861759544162658, 0.2637023726115939, 0.6706047630138826, 0.5026732308675959, 0.26125752593159424, 0.9187062656992472, 0.3004085378697503, 0.24430814825093716, 0.25276126375013075, 0.5015494998236742
0.0590708190062863, 0.29171396742406763, 0.16896532851811308, 0.9179067180157829, 0.13214185858299776, 0.06517367674763785, 0.5516331705616799, 0.5857025008634279, 0.2985234086452412, 0.28269592961082535, 0.15747972778520591, 0.17660910154210474, 0.6921746870052866, 0.8378193762916312
0.18713369754084264, 0.8794741030535417, 0.1835787077990776, 0.9652632969037319, 0.5531787438174504, 0.017020663609248587, 0.3217356400262804, 0.04873980315596371, 0.4071812098748988, 0.6623864948502013, 0.2543371470888247, 0.8607323877613436, 0.23633208018861251, 0.24487530693589976
0.06494255506878865, 0.4700258955802332, 0.4500943036603724, 0.9446183742383277, 0.4577562550461425, 0.387691571120113, 0.578863589806173, 0.3411074174820803, 0.3122705563472691, 0.3140349011349667, 0.5622247785460476, 0.759321879778494, 0.4666021555612896, 0.5718135949810582
0.35749136635579293, 0.5606538710322415, 0.9551500837175568, 0.3631955685865269, 0.6767021796243556, 0.5964563548570526, 0.3092392990383015, 0.43958914297930296, 0.1927551740766542, 0.5598836883446403, 0.33395178354511723, 0.6547258334585236, 0.9930056813837964, 0.7428156188983936
0.561857961001298, 0.48372924305977916, 0.32195677438869386, 0.8868647043773165, 0.33173517898913873, 0.9224162704665905, 0.3003714257485688, 0.5653851595835007, 0.31766838884227344, 0.2627327780860771, 0.2796743977569862, 0.283402593846804, 0.7938176759263845, 0.6318039314007604
0.46426091484591436, 0.30085553635482065, 0.4508371200552045, 0.13300927089634207, 0.5806197684980168, 0.37797709019817227, 0.35085871397665724, 0.7899167783017822, 0.20047973039550282, 0.6619136202940645, 0.5920665570136459, 0.6894263499281329, 0.2221596464393979, 0.6342601827007556
0.4372030953087652, 0.7607046487091241, 0.348378488944751, 0.6219249413665414, 0.5602996278682845, 0.09735404587419938, 0.5722083052285081, 0.3413372087637573, 0.42894724657799943, 0.8085098205106215, 0.498023939100912, 0.5550900252876211, 0.23237636119117855, 0.6175407744056659
0.18254057017419567, 0.646244218862566, 0.1373897547715225, 0.786581025242485, 0.7904057397265891, 0.5511455158279146, 0.5640286771827969, 0.26309229706071147, 0.7845112045699617, 0.3491095079797679, 0.862714887498706, 0.2656699904548434, 0.40978351000745095, 0.7087247459612005
0.964777555811691, 0.8409049225607581, 0.09595834217275845, 0.1568722396103539, 0.5790953735288615, 0.9801393106873074, 0.015563386489950037, 0.4818951971756825, 0.989174263935403, 0.45931259149281234, 0.4629877809617736, 0.5903368765101407, 0.5357660664147021, 0.8040591523328253
0.8225655932623824, 0.8961769971615464, 0.9114640440370136, 0.4993205186303328, 0.12403726668746795, 0.6289768925379724, 0.9745988704052346, 0.12330125089561517, 0.9352409285679951, 0.7719844921863187, 0.80100917614906, 0.8107015237396649, 0.9655518636372695, 0.3898869091853159
0.9783303196162527, 0.5118005188463485, 0.008193439849898176, 0.061944554043703026, 0.07895868839494757, 0.0893091467182403, 0.4108940505912624, 0.16450938932436354, 0.14897929213416872, 0.23898440427472922, 0.23435873487966097, 0.3812600328108168, 0.7551065525547439, 0.9124672270087402
0.5650852414287996, 0.8404522818805278, 0.6857286895096418, 0.10438303885069189, 0.04011410282017858, 0.25959343542312485, 0.8014688737478918, 0.3394281890634836, 0.9516942670887002, 0.5303162557232852, 0.42351953321825886, 0.016086520295494178, 0.6282570772476964, 0.7935721021360319
0.9882625973019437, 0.5391490585363231, 0.8970471372150045, 0.6277255655560439, 0.09816596987397175, 0.6408541051478263, 0.9085767428248299, 0.1193919997813011, 0.6859052830131717, 0.027804025917685826, 0.01738787221190219, 0.6250853916699814, 0.2926425322691151, 0.44829532744073475
0.25178211414044516, 0.31974335266054354, 0.38116271746795705, 0.14422715404337216, 0.7546976071036694, 0.8461339999087066, 0.12281198089106571, 0.3854375608098889, 0.4768438654620517, 0.29420010787959505, 0.9077872245449733, 0.9958457784944066, 0.9183116105596274, 0.8017087632941863
0.7786585351419483, 0.07097730409140968, 0.48453876783062577, 0.07847871398881856, 0.2311406474276282, 0.7311210013138724, 0.02886916260893624, 0.07479257694383767, 0.4605590764395806, 0.274472361177735, 0.8058643318646639, 0.9257551497317407, 0.7734498616583872, 0.06735478462889455
0.5451529177834122, 0.7574445455446708, 0.1990276047951568, 0.5363862085025288, 0.892860141606751, 0.5300205955088505, 0.42313238579746626, 0.00243480222788639, 0.187930120719763, 0.5966573295954746, 0.07482004029618083, 0.08709323570694072, 0.07241233544680414, 0.953225588043408
0.12041516525923668, 0.12438220916374787, 0.30483244483656047, 0.6710923685808634, 0.6334560400694059, 0.25875666505042083, 0.6425886638226042, 0.43203691716525605, 0.1619290327216335, 0.3452618140287823, 0.6576179617416555, 0.5242716176443017, 0.8160626694011969, 0.7303515423179127
0.1717074613651708, 0.8620291795317558, 0.840880407440358, 0.34692653565873033, 0.5171424116648448, 0.10948244172034405, 0.17864764411945644, 0.05647905444882595, 0.43524088095847346, 0.19863811740049864, 0.863741056327601, 0.26406616107463543, 0.3215834253039541, 0.3273933316122677
0.5127390095754422, 0.5878519576094191, 0.06665046529050256, 0.277330867064395, 0.020634249895018386, 0.830689241215535, 0.6876497261759346, 0.16706269482288194, 0.7631106801048608, 0.47834143608456325, 0.7702974141941769, 0.4345655158907302, 0.9678145500529989, 0.9547949554572168
0.017346643947098506, 0.7323272723598706, 0.33728795309985304, 0.9957083322225766, 0.09429966393459654, 0.17592068014858853, 0.5293576695407112, 0.7484255995334879, 0.6673202377535121, 0.9084943256223574, 0.44575302020589647, 0.563961366500485, 0.014710976991297864, 0.7405848366602382
0.52307556222265, 0.680867580714124, 0.18240332038170393, 0.5376795016705547, 0.45108797071384577, 0.8217480215193342, 0.46150259302429075, 0.6314028115946815, 0.7406102350172892, 0.17020182804891815, 0.12026651013737977, 0.9617295754880402, 0.9141944536096623, 0.29789837522683893
0.2417340070240711, 0.4672848308786831, 0.15621477782278104, 0.7226638907627413, 0.9472317690171429, 0.41885820273420904, 0.0838647494285013, 0.5639682009925314, 0.4348809602673279, 0.8884544115036221, 0.15863225331296982, 0.7563468619838444, 0.9727477531958153, 0.5854569029905954
0.7527601824124099, 0.2786833101264786, 0.0985426008612208, 0.33028353820190837, 0.939665402848487, 0.4524417429499823, 0.8738835940999727, 0.5213220017379977, 0.6399948817934208, 0.40222483034195355, 0.46758920263874626, 0.012653053461915587, 0.6614178409022329, 0.736352182292174
0.440567298716251, 0.2886948231103872, 0.3402535246590377, 0.9691008266021403, 0.8335698464572006, 0.8261986271442162, 0.905743588197146, 0.4717189211228342, 0.773424064564751, 0.8909214716355218, 0.9161680594359894, 0.31945105459905365, 0.2463524463895348, 0.9318663821997912
0.9272500824376898, 0.7461438663250135, 0.12479549824892866, 0.3380892867377272, 0.07369984129761331, 0.2427345443678829, 0.1922110413393443, 0.01138671323193885, 0.9946573882279726, 0.6142990568825111, 0.630809233892932, 0.3104549670613781, 0.4213308090027612, 0.6539222486156606
0.3886268524327454, 0.9645195571935697, 0.6838035138631315, 0.7734520800431888, 0.5875559426040619, 0.7559014301971269, 0.8646209579555347, 0.34117703976081626, 0.04419709743902933, 0.14523298640980165, 0.8342602295935738, 0.2601748787978472, 0.75162028090181, 0.4197363819790141
0.5422922567474321, 0.08972767273240057, 0.014155823628759667, 0.5570131306130192, 0.9427107628850703, 0.6090105806570755, 0.3662699450170621, 0.014171089546141102, 0.6923813209074323, 0.28570359507955423, 0.24840232826023334, 0.419067864362313, 0.9866275300334284, 0.7153569881250161
0.007911918590378653, 0.9641285179030784, 0.9133018577924102, 0.9932039261363199, 0.7191230425164271, 0.8088673753818076, 0.515548695578224, 0.6331056705043445, 0.06343182576925166, 0.39582924689141763, 0.5317008921926081, 0.15745489186065054, 0.8358530298157599, 0.7435784050232246
0.2972238031977882, 0.8037277955102266, 0.46324707440304114, 0.7812426829827853, 0.39601303853662473, 0.07926699249188707, 0.0305701226936681, 0.1371824592185732, 0.3143870462560965, 0.15701494183387255, 0.2853794362937424, 0.7461440608757514, 0.2271027743734112, 0.48429927050479327
0.8458025494172802, 0.9683572080313242, 0.26579164216857176, 0.9459716356613307, 0.5813311536708192, 0.02462160642805178, 0.3098064197816247, 0.5539877955534758, 0.22808673933503254, 0.6143720479231279, 0.6129923481831526, 0.9184635384513736, 0.05153795374940462, 0.4565500602564061
0.6140479289968307, 0.21926385602760234, 0.9033777840451086, 0.44937554048648376, 0.6855888129728569, 0.4705237854015083, 0.0991837429883029, 0.2691204992979044, 0.4753718764564391, 0.5760285480262671, 0.877228354753679, 0.21256756510602792, 0.6210957541892731, 0.6138242945286155
0.5370958261973238, 0.005364369255891566, 0.631641868222128, 0.8108325973556489, 0.23563513866301888, 0.28737475065014306, 0.5911072242683912, 0.545173301277932, 0.20351798272807975, 0.977562978977966, 0.39131670495211923, 0.2053764163980517, 0.0399279439808935, 0.7771437791622777
0.05989208716407457, 0.8545837628118983, 0.7423404727751854, 0.4140437721949727, 0.5052734973304538, 0.647691454885499, 0.46681470007889536, 0.27631607993468243, 0.014773145817776112, 0.48369625340662037, 0.4415040073172015, 0.12132648001971302, 0.8262774173377517, 0.48878202217547184
0.3831261567764771, 0.3965620857580967, 0.012730340547838725, 0.38328959556628905, 0.6890635514807603, 0.6765787424139155, 0.7508910024109486, 0.4274803169396788, 0.5482655122099953, 0.8990542405167041, 0.7220723200106223, 0.6829370594243995, 0.29724767238496586, 0.9510288202374813
0.7840633701611065, 0.8828565184015981, 0.01537670041196737, 0.8759822673777007, 0.27067465052238326, 0.5387180935228123, 0.32562057914297193, 0.8254160356639337, 0.4423806578085103, 0.9302751038088416, 0.6171183864219165, 0.0367650489914767, 0.6295007269715612, 0.18921160911170276
0.57944848405676, 0.6760255154830551, 0.07436033446547408, 0.8588149162217573, 0.23958017726095138, 0.6467185544307916, 0.12817740309212244, 0.06119494760602984, 0.5684489582688392, 0.7046701418077731, 0.8698311585723706, 0.9561626394888988, 0.08237856199655202, 0.3302616419305475
0.9089893127054425, 0.14818142016680835, 0.7957596982074951, 0.32141300137502216, 0.7847566618304662, 0.07939507251770406, 0.12998222543899796, 0.6317093432958628, 0.1394613459458547, 0.8107284447861655, 0.2840579498585215, 0.9502991558034546, 0.5707402038069613, 0.5014973690132369
0.3136264357017825, 0.9909152928610163, 0.5827876089250863, 0.12569485926753987, 0.5268134943358695, 0.8192933292029778, 0.6677597426246776, 0.8129840072167251, 0.5893578016590694, 0.02584383238242327, 0.02219590710238506, 0.26449648626884525, 0.9101464931341265, 0.5628856270767916
0.09079996936075307, 0.9078748454528884, 0.6716152720394033, 0.8148966922450198, 0.8354604024123514, 0.15060214597907928, 0.48252479124344083, 0.12515059491729152, 0.518874750367569, 0.23857309605592691, 0.7370594378095292, 0.3948804302840525, 0.8596578740195638, 0.8475961799394883
0.12284867589728232, 0.012812153901351486, 0.6784729059791936, 0.42721275167121775, 0.08158226582083228, 0.9584685391600016, 0.060992150275302026, 0.6575181263182774, 0.18423770519810834, 0.7562561287185855, 0.07656613129131773, 0.7384030533806877, 0.6578387887646645, 0.9166354423420068
0.968475475613633, 0.857817392037718, 0.5868336824537416, 0.02586853832189251, 0.5177687890151628, 0.9486924981343736, 0.5220767365215689, 0.9112790334983236, 0.48440062173416687, 0.7713408956587199, 0.39257791594091773, 0.6290366794176118, 0.27804208682445275, 0.25558105033602097
0.9662762913754833, 0.5682479939952148, 0.5672312835934405, 0.979916599189498, 0.3954130612778073, 0.26901863404653725, 0.9005004561547604, 0.9407134358048058, 0.9501375278699767, 0.7449818711524147, 0.813848235412249, 0.684794274863816, 0.18466560436739599, 0.7295441301583018
0.491622310301423, 0.38190286690939823, 0.19869548657247482, 0.37013400843641064, 0.5009126438110676, 0.5688076540219356, 0.793960606597996, 0.6750572702334756, 0.5215950735384205, 0.6922287797974551, 0.61603996666576, 0.5449144044652209, 0.585569307570985, 0.09312815969540167
0.0037936105240242712, 0.7910943885407626, 0.27490603857977003, 0.12750564828611421, 0.09917864324031311, 0.9227252149619102, 0.8046188799553586, 0.2702308930117322, 0.0010320067863837101, 0.231616206881879, 0.48121460430737817, 0.5683248681467192, 0.7427641562838436, 0.9756988272695566
0.04756521821004922, 0.525772106391722, 0.5168952027381509, 0.20809413657443, 0.9065167100042468, 0.49963674888487564, 0.5213080678526268, 0.7440713692112803, 0.059828229387009824, 0.6711444059870776, 0.19164841489002382, 0.9399880758823651, 0.6935931485416442, 0.7315249113193061
0.6701531797160529, 0.535279777794498, 0.1208862084884399, 0.4862410711937162, 0.25585045614470014, 0.055209907854188, 0.7623435893964478, 0.06652163117266863, 0.19725541132066426, 0.016329137045715814, 0.6498526807076892, 0.6836829037342155, 0.9288131965229913, 0.9609042347200176
0.4671786115028247, 0.3541881286856299, 0.6128318438818408, 0.8686241555006441, 0.9588193237665169, 0.6563113101324335, 0.8313813367573174, 0.3047142742785296, 0.8754100826754186, 0.24548091095964442, 0.9781730352264636, 0.26024660528573584, 0.6077596278391313, 0.14989731864305178
0.3365967288441969, 0.6784417522069667, 0.7722735873222333, 0.05396072381276962, 0.6657603069707139, 0.8918383730527512, 0.169312580558436, 0.47832454706763905, 0.3394653381849412, 0.8311035218974382, 0.9983554091510135, 0.3942533905033814, 0.38209771181970686, 0.7764001607623262
0.717422930137572, 0.2349467967790706, 0.86828723406862, 0.7530641154682367, 0.1873853738909489, 0.23484193927380503, 0.020454998232672383, 0.44477931996682696, 0.02241698197300379, 0.3209737407084585, 0.06697981794906527, 0.6533683054705045, 0.1258852408525888, 0.6896491703940176
0.6409320998569547, 0.9075864814070533, 0.24911627247205081, 0.6670699603146445, 0.8113425107385601, 0.736272285865443, 0.476386210241616, 0.7781954350331312, 0.6289123011075873, 0.022076295186459816, 0.6953164574557228, 0.09945742925750767, 0.2974327057606503, 0.9931046883683559
0.9740924441196158, 0.18033779897991042, 0.7033387341401488, 0.7431261865165142, 0.6626690656936772, 0.657230422643471, 0.8697926851805668, 0.8653752279467533, 0.17300257593443014, 0.6847022342023049, 0.2573859444453718, 0.04611190595170378, 0.9617785169926721, 0.7559874896553869
0.026632078636812828, 0.7512417016355569, 0.2644223222379074, 0.8001890435855782, 0.2501702823980595, 0.5022763311976044, 0.7090649471304864, 0.7712436258544787, 0.8958680972154504, 0.5879516300141421, 0.9584895213510463, 0.9697234588924237, 0.523176714004576, 0.020368700178377663
0.38978104572388383, 0.6842057104244302, 0.5783651541298166, 0.1185989563664932, 0.9060011191595551, 0.15085593364754024, 0.7866416954397197, 0.6983443173693156, 0.6399452479181696, 0.9018909520720675, 0.1919126429661363, 0.648306964307611, 0.658037689960334, 0.3356881270705139
0.032421040684591396, 0.4149106605630235, 0.7350239046962163, 0.7689345824815339, 0.6927610692063102, 0.8363675978456401, 0.9465071401241932, 0.16559972151360225, 0.3335603760308423, 0.9986950138169364, 0.5910108663450591, 0.12009678657905354, 0.4173557288353694, 0.42243031004753584
0.49081996657529137, 0.40615590589399975, 0.23595098540866777, 0.5087726414785421, 0.7689893614369806, 0.8122890547094346, 0.5221357556856426, 0.4641898020408566, 0.9256665893251799, 0.7063814659047352, 0.6234514530849662, 0.310783090335496, 0.36512817177133705, 0.8906318901945183
0.8495524688200555, 0.49855561834594997, 0.06156749004594264, 0.024375909319229283, 0.2906897043400093, 0.028533924308247638, 0.7617033917097136, 0.9373998869098026, 0.9914186751495446, 0.863520698164168, 0.16288080448012565, 0.6847441953372048, 0.4631671042082073, 0.06875781883791754
0.11046068328346437, 0.4472769245745357, 0.10498965151536233, 0.21576035231326784, 0.3489689649119758, 0.21348673343975055, 0.23159770828712622, 0.5682948056245091, 0.2887046673313136, 0.05568049727040092, 0.3374908529923697, 0.9689598545629453, 0.7658397044441669, 0.9473970546918178
0.38585942916436267, 0.19856006361956346, 0.25311068950392335, 0.2383757155550681, 0.12554030590644694, 0.08192611952174789, 0.5652240675744341, 0.5087818549105326, 0.33475908645220054, 0.6563343783510764, 0.6855357436857784, 0.6099785377307023, 0.4227120501400893, 0.891390529695746
0.7553747977974933, 0.15898772573611009, 0.5327309613287706, 0.8979057542943316, 0.19858306703552364, 0.7214514963706176, 0.621098869925641, 0.9879661739306982, 0.5439962996868942, 0.8403797755503403, 0.7328492760907179, 0.18563719020149205, 0.6815876421924774, 0.7770723299914486
0.720014990741004, 0.4397271729641221, 0.6536465629860596, 0.74578287755014, 0.24555266584541513, 0.1687102363380103, 0.02164278619617266, 0.27383095156630666, 0.6528439579391175, 0.025641206507322045, 0.5747764293772876, 0.9582673606949712, 0.8216363362903142, 0.06161842544560214
0.26215254281111766, 0.1820133464132242, 0.4433048624367917, 0.5292905977233503, 0.11332108340678759, 0.1342466519088329, 0.5416089036282785, 0.2144948649105518, 0.01992044839302587, 0.9682192515237946, 0.8226856835090531, 0.27382608743524783, 0.6019764697091053, 0.019339386907305856
0.36191224976214786, 0.08136656179898882, 0.49414111374353575, 0.6777247953511608, 0.01440586110308928, 0.6678620012549245, 0.6119067978037652, 0.7134377892523448, 0.3068325325056407, 0.8266604163456953, 0.7119292357600184, 0.550864878795045, 0.0044090185532094095, 0.021624500066632857
0.33288791798093353, 0.5714925669090949, 0.951224758021078, 0.15823528084572303, 0.2944436432331239, 0.5968332277286715, 0.4369088964964354, 0.1715724202443708, 0.9333460099694809, 0.9061837058722602, 0.2281474475336437, 0.17878344120589895, 0.010350046707378602, 0.7658075433468744
0.10337274290727438, 0.8957428292557303, 0.4453471127476766, 0.5594681517305445, 0.4959229564911186, 0.04580156699638105, 0.8831707718185288, 0.6051475816669013, 0.041554590190635454, 0.9213339972068895, 0.4661796452847101, 0.15716487060109652, 0.6448045728913248, 0.26924018113020065
0.054339854276493016, 0.8568545284133164, 0.5745685924811519, 0.7802695441895244, 0.48308299190569004, 0.998661488838643, 0.3712016361498417, 0.8911988225900823, 0.09431845788000126, 0.03354927132341479, 0.7828088072475654, 0.6906410661020217, 0.8921805305177816, 0.24045583374000767
0.6459544571934409, 0.14183636330220983, 0.7818615252643466, 0.3885304206870128, 0.32501346893572436, 0.5021481173047871, 0.9366114570911718, 0.9194479684885928, 0.5388096639380703, 0.6608733038186089, 0.024118261119861595, 0.6788375492084545, 0.2394834246488693, 0.9856773000623323
0.5664323630315643, 0.6525103272738766, 0.6782672897207195, 0.6542892486188966, 0.30868109410166844, 0.8101685378928088, 0.9174023896895838, 0.3949659703423337, 0.25381872941427686, 0.891477831697117, 0.5371463896711984, 0.8690562254850616, 0.4252375704452471, 0.3350365810672914
0.40690577282946794, 0.4716148714830538, 0.6981226321692068, 0.1678489243955983, 0.7659718378189915, 0.18545987787492857, 0.06980492622194989, 0.5731481866644981, 0.7068602226010312, 0.14863259286834518, 0.7082378958964652, 0.21856490484967328, 0.009924319050344188, 0.6141568032846917
0.7906225750013216, 0.784616731186226, 0.04927255060336322, 0.5008618795914437, 0.38327863556806074, 0.18313950619137398, 0.11741178333658542, 0.6759910335721288, 0.22497377150512132, 0.037629475908178556, 0.2210479515066338, 0.1267274641420627, 0.6128751401382793, 0.08052090834792558
0.8938515317673671, 0.07614512101676063, 0.5114627378511977, 0.05398270238094072, 0.12805859340191417, 0.842359164103107, 0.4158148406329093, 0.9871717758550922, 0.17967438581832973, 0.6193196223439382, 0.005360638379957705, 0.8244522689494221, 0.07513425131016904, 0.38678343554118355
0.290946462288191, 0.6320585035346015, 0.04571991566666189, 0.8056848611420465, 0.2607213282975951, 0.47030685100580893, 0.03901931384823887, 0.5180444481416331, 0.35247836499702, 0.3981080704874932, 0.011709702657752397, 0.5165249275747624, 0.611842820530439, 0.34343413545121015
0.04987819599894294, 0.8102687462693227, 0.6950456237463559, 0.5214309899705679, 0.25066936252497674, 0.9286916291996327, 0.20904716508120547, 0.4211355005762576, 0.7349142604152747, 0.03709515765577498, 0.98749335515434, 0.11452789948795838, 0.7112089193292238, 0.7110446450225323
0.2333690881783681, 0.5198729126549275, 0.5162539157618975, 0.9976179345436095, 0.8255003530554526, 0.30245006798524254, 0.6565076425402132, 0.08119821184589926, 0.10536002278965373, 0.45276122900431237, 0.013143052580317116, 0.6633671654669626, 0.659406299699677, 0.08987879996067094
0.24050359434366064, 0.7716776628303962, 0.8472219199127309, 0.8766666670195677, 0.9784689224859338, 0.38851260258132736, 0.24890719819679907, 0.5316883335177276, 0.4664773531072227, 0.6093884136078911, 0.15804497581692467, 0.3767215857623307, 0.5731372996031842, 0.6387907751248096
0.7378010384587939, 0.0873488362379109, 0.09167870379792087, 0.10641139919998521, 0.4186662202090239, 0.2743811307430555, 0.720599391056427, 0.19323759135776075, 0.17743023894618148, 0.7746046756723666, 0.1324726963815488, 0.1270638279454862, 0.21816732551811258, 0.3720270187093788
0.26932744735680714, 0.25667299251806464, 0.3931490081494614, 0.559580123352992, 0.8588560685557902, 0.6459791386763856, 0.681778414941414, 0.9926708616130956, 0.13235428397992777, 0.3754496295618871, 0.6990788302983102, 0.8565279440703736, 0.015413940949319804, 0.5719320358833908
0.3382980328992914, 0.2149928655727973, 0.5580886261430049, 0.257816250105004, 0.1645752851132386, 0.5808850858970475, 0.4209451024317531, 0.16273974038826444, 0.8727889470531807, 0.7253875687139303, 0.5052255414925431, 0.07218414438466869, 0.36076763339439255, 0.33650493936908354
0.49370349424116466, 0.33214325047828364, 0.8113392655686731, 0.8518443030952247, 0.9887937497380309, 0.6833349804636438, 0.18470142414165702, 0.12288551415079174, 0.9540215894865591, 0.6207496101887133, 0.3521343719700595, 0.5408696784436064, 0.46427052670780633, 0.20137964168014222
0.717918385784251, 0.5792245541585944, 0.16560721935055556, 0.4998936566382173, 0.780539755539886, 0.7844607536613882, 0.2544746240168153, 0.508733130567246, 0.8190108423220747, 0.5680445616448138, 0.8655450194950746, 0.3462834239480961, 0.6035535944257057, 0.5808849307408015
0.031827687544552674, 0.5392200666697637, 0.5474299010648792, 0.4644845114435675, 0.9979650345793873, 0.6962091788841626, 0.41278830571625946, 0.8287826023712953, 0.6753850511374104, 0.14499358060436995, 0.5615564997463391, 0.13059271605047884, 0.2939780843084746, 0.22491567547939062
0.7910128599769365, 0.46336296818723743, 0.0018575656803655471, 0.6001143863717394, 0.5214539812276504, 0.6522524655789836, 0.12117902099763112, 0.6374404260727092, 0.8897450469359659, 0.38706513653313135, 0.47894537540442883, 0.36084728523818144, 0.6731662422724854, 0.7448975764156385
0.8570326176664609, 0.9680649535990629, 0.42434258729328533, 0.09438635151283459, 0.7170818670542426, 0.1326474276218751, 0.2847518237479342, 0.12208506627993387, 0.4253999085706519, 0.1647385083153754, 0.8174602056321705, 0.9087889540309486, 0.7513038146751768, 0.5833424908178423
0.8358252858719161, 0.3251879980389235, 0.1479615904809548, 0.1393722292327565, 0.14608464210331962, 0.42858156552696913, 0.2795513212762907, 0.44823513484980737, 0.6097666110322758, 0.27089155175895807, 0.7305504315806288, 0.8106970565840588, 0.9721119569417379, 0.9639930768134383
0.1714655307669849, 0.6925632614618826, 0.461340145777287, 0.09600974249842764, 0.7606093408150065, 0.35273202557988315, 0.4016036464428715, 0.13560186165350652, 0.2515136709134421, 0.012361828673915443, 0.9184323896393698, 0.6380500631809731, 0.8855279492851584, 0.8843135719934279
0.8296240173267825, 0.7128226095147135, 0.1088265157652476, 0.049814299431040654, 0.977600521154563, 0.3909413777525478, 0.0010895510708265332, 0.7308266710702231, 0.8106760531278274, 0.9921947843424869, 0.11187860070977163, 0.1915087273332886, 0.12056954801433617, 0.42282355432452057
0.32443778691051395, 0.2662691315191047, 0.5282065304741146, 0.55027014516911, 0.9604679837661385, 0.7531292172613192, 0.6299939283302624, 0.8540516574241145, 0.22310298070934653, 0.5466449774812091, 0.0008553660871641888, 0.2817513352061777, 0.3449257513365944, 0.5275648463952187
0.9643003353445063, 0.9507189063469293, 0.12594430190484818, 0.9670269679926782, 0.7432775660632941, 0.7615775684776581, 0.3718489240050289, 0.9818224905448252, 0.20810750062529504, 0.41072181610099945, 0.5731932135708349, 0.7942975472418015, 0.7559449987114939, 0.24045421639182352
0.07428565028348544, 0.7876047141007549, 0.5611207545793099, 0.9990937249046898, 0.46813987661447276, 0.60837514801276, 0.8225175691314384, 0.45804801599590306, 0.9120325065191782, 0.7995977978628906, 0.6910285638144524, 0.7503274159283477, 0.5402658520331387, 0.23696921529353776
0.30026750864549534, 0.06288177429660646, 0.4239042028889163, 0.9146082269166537, 0.6946693729801416, 0.9142007469624809, 0.2730714777065625, 0.3477026680648554, 0.8847411458851362, 0.9487634432586259, 0.06107364923849301, 0.07857663811634197, 0.3339529643225282, 0.116848443913251
0.20893886958858598, 0.36684067990167357, 0.15279900936271107, 0.6597132103787702, 0.6424162975371585, 0.3917294384636474, 0.13173833330964424, 0.2543452339009201, 0.8948779777236145, 0.8743531404150494, 0.025804272169626552, 0.5473240050836441, 0.6701618953658226, 0.31750578481961
0.20143389055889738, 0.04672805083197418, 0.7225461320332224, 0.14810611531338902, 0.173180888311267, 0.7820175535279091, 0.6032300014210107, 0.6403244907737694, 0.4786384744795049, 0.22065634505820253, 0.8531903889329202, 0.2735799887465026, 0.6075014137166421, 0.8761907445503287
0.3200147652810077, 0.2798304526581652, 0.3501216083583414, 0.18914943093640812, 0.3642637800303874, 0.7105907359223137, 0.13788471646913425, 0.6731145486880077, 0.4081359215500133, 0.02080297423604316, 0.4960899874402134, 0.5563938472338615, 0.984289832537572, 0.5966503823801166
0.7401237315547831, 0.9687968393870597, 0.5041224803082763, 0.8990367080005822, 0.17797049363502582, 0.18522391157818374, 0.38533704278033043, 0.621385825894773, 0.2321822784591786, 0.7127364086988511, 0.8740272588507892, 0.39412688885095803, 0.16332087842423249, 0.9922835826464348
0.15045440142601896, 0.9074879857633359, 0.6984787359835847, 0.3837299585571837, 0.02584919244012207, 0.1332245332843377, 0.4752338455810885, 0.7589929061131543, 0.4314008652903315, 0.351475627331557, 0.5780424542033019, 0.24623070881018105, 0.37383437158142285, 0.5231757227712517
0.7238885841751015, 0.23756614357709394, 0.04038430652111724, 0.7887224790969642, 0.18750604775670532, 0.5553472866178308, 0.49194103816960544, 0.09460239579869512, 0.6807601882969402, 0.12357642967412052, 0.1935557179713957, 0.7452932040097309, 0.02322320335153838, 0.7918737093398741
0.8945272965547052, 0.7691585493425149, 0.33030336858919707, 0.6133901881828588, 0.4761401831586146, 0.8375374069440478, 0.7632989790602374, 0.6548717081379954, 0.909806818214168, 0.8477335342519056, 0.42428907404406035, 0.3171484130777261, 0.8773446706001333, 0.7279966169718277
0.13732714844581573, 0.9405958213509247, 0.5609530649345736, 0.8753958985054668, 0.10042366876545106, 0.790278645916498, 0.8692771012591322, 0.6668651395534061, 0.7589726227687474, 0.20440626032014642, 0.015237431310770266, 0.7098648731144312, 0.17316415513570516, 0.612114938418432
0.7701720481019269, 0.9417467350150833, 0.4097286503213281, 0.707166886661892, 0.9261785435487995, 0.5908755181335192, 0.8353982594804104, 0.3590233779872064, 0.015175858247670204, 0.31131820201778115, 0.6753530092277503, 0.6038989917804971, 0.2640779496863901, 0.2306079881682216
0.5743263078566938, 0.40643759512832867, 0.36747106290455667, 0.9681957274288505, 0.4229538729424157, 0.07308569770124951, 0.9790192700424588, 0.8042144214980438, 0.9228570185276083, 0.4900575548219449, 0.8576105997303745, 0.9354436676822555, 0.3507216554952115, 0.0661711865667618
0.1518968900438017, 0.4135813828153816, 0.9597407071586069, 0.9412876056804259, 0.6324998718773238, 0.47764808075773124, 0.1774424992613518, 0.29657639719958373, 0.3660840669245101, 0.2501729288268436, 0.14300254061485174, 0.3730164930758365, 0.006012706107628718, 0.3464431718467935
0.49293680224882075, 0.7105832573468257, 0.604258472563018, 0.8639529861726801, 0.722016857741493, 0.882650941342599, 0.30130197302393, 0.29757268148042926, 0.8271889739630448, 0.34754197977060697, 0.5731380696015074, 0.1701290367010737, 0.19291700700037184, 0.45377305143866054
0.3834892356808387, 0.8395521941837827, 0.6005381818625541, 0.41794938688153394, 0.8633266137226636, 0.014571678355677853, 0.2990012374647987, 0.7517752670519339, 0.016469566740131114, 0.6858433343535899, 0.6993733585581338, 0.6404789099468792, 0.6223826949280442, 0.3614180267282745
0.8448616473683138, 0.7187775530809852, 0.23302779762614845, 0.12391685493718185, 0.7140502274782397, 0.7183782127377115, 0.4485648745250782, 0.34397685676405787, 0.45812020979845736, 0.20509620151756613, 0.47656428265051176, 0.35606562489398175, 0.6761384460871128, 0.31296143750854355
0.7658929763267189, 0.05363454938594969, 0.27146062123566317, 0.44188292545136854, 0.3355864387775578, 0.7849228120541413, 0.17143184561701363, 0.7829671647814669, 0.8594065789492562, 0.18681926932711712, 0.954024570630451, 0.30573191551594325, 0.7805419083953223, 0.44581373160711035
0.5678002708197911, 0.7033599431165871, 0.42257467887877653, 0.18306655949197181, 0.2840167526316735, 0.9210836304858951, 0.5400391825092916, 0.9641465239903791, 0.3804989746746096, 0.3901342671148055, 0.1966169463242623, 0.35904129268816254, 0.21989817450316673, 0.3836894166353205
0.540343995476895, 0.30726332423569414, 0.6476539079380824, 0.521282719562651, 0.7737690286115243, 0.7326003952980614, 0.572623807205386, 0.9436216812358386, 0.06150807322716756, 0.075760904209356, 0.3523528171316943, 0.6212230841646278, 0.7822892540478532, 0.3452604760489917
0.9992232427672656, 0.7654051526171272, 0.3503418583122875, 0.34133172836009207, 0.4614808159192182, 0.524127452217596, 0.038071835461980674, 0.011326900317571331, 0.8263779531231873, 0.7095431431593646, 0.5864149297915607, 0.5588269621436348, 0.11947942307020509, 0.046803743617723215
0.10179690918578199, 0.21538811126270185, 0.8003717814277459, 0.27090072844211366, 0.2097222612660825, 0.46866643101863015, 0.4454072725454019, 0.9995675146473086, 0.015612266906065986, 0.12077970763027512, 0.45756589343322085, 0.785386824812505, 0.504795501728543, 0.022416372424233222
0.05476058861806565, 0.2722102217951544, 0.04320259548034411, 0.4407637823871614, 0.4503175748946887, 0.57753025497537, 0.652884126532555, 0.3022863219726074, 0.5921746643100158, 0.6779928499924136, 0.02642704115640604, 0.1071183552023467, 0.5109082422245341, 0.5552344748355643
0.8279566307786873, 0.7432147625277841, 0.19477869171427042, 0.7643526576593747, 0.21862251399574228, 0.661353635231711, 0.7815043815875573, 0.25257146075848824, 0.09759924692538391, 0.4525779590507061, 0.8674259822644921, 0.10917829172927818, 0.7154251126070481, 0.2934003285399427
0.37617147502507664, 0.6285049236705934, 0.6286879819281315, 0.14507066011412784, 0.4982821751247979, 0.22435025099511952, 0.13104339353945005, 0.9777983991026721, 0.49055702169082005, 0.4324634098051563, 0.40790163136130786, 0.618736105309222, 0.43020615904670434, 0.6734207563912605
0.5230411932405932, 0.5353174196280566, 0.6907738697857679, 0.7629888948544628, 0.4950848120616308, 0.716079607068412, 0.4815166892572422, 0.5384613962721663, 0.6522628927128045, 0.08443045212209332, 0.025147298054317035, 0.7828177080031565, 0.7435696224895691, 0.8872639837512802
0.3227351221988215, 0.11761357277835083, 0.9417388392151884, 0.9064282317085748, 0.13761349474846118, 0.15705064099971533, 0.02176297731753718, 0.03204093533869934, 0.8034630185949311, 0.87582597350799, 0.6682308738537579, 0.8550096191243219, 0.43098399356633843, 0.3794169183735273
0.9759533458605673, 0.862914721866642, 0.662534207370157, 0.03017037411356216, 0.4121006575904438, 0.0639249132582489, 0.36797482393130876, 0.3948931516273678, 0.14515289664146225, 0.8017984165001568, 0.20114701757459585, 0.9776756341764054, 0.1067600645265896, 0.6939545598522212
0.21889714232260604, 0.25442272229308194, 0.8101113274210057, 0.6718408965566309, 0.7014840571233212, 0.15048038445455758, 0.824839394717781, 0.8525594379005327, 0.6565653655907169, 0.31820625589444584, 0.6109183395612161, 0.4072395929543665, 0.2842095509781535, 0.5533460284234102
0.4946007082233116, 0.5115090422067, 0.7938460159200954, 0.4581129446709411, 0.04362182034926143, 0.6740177761165936, 0.04797089408581601, 0.6863468954678795, 0.04173009191312804, 0.47877825017967757, 0.25193572687154475, 0.7215384421067588, 0.07126137969317092, 0.49007820841818683
0.9196476414805845, 0.5396147788940565, 0.14754483561778775, 0.47431728580254473, 0.9085494708732645, 0.7556510457426057, 0.317927731101732, 0.5789802840563552, 0.07407552880056123, 0.4225533204884261, 0.19355041464725964, 0.9674396405355767, 0.5346475846235923, 0.11125433091280945
0.12022819480819058, 0.537422412075133, 0.6655548980097974, 0.3991446495477836, 0.38405380195564276, 0.9898518475713876, 0.09292930536784805, 0.5866063503885338, 0.040249134076487114, 0.21929931470844355, 0.1835469912257811, 0.9280593005827732, 0.763654625846737, 0.5406258739812091
0.9273308406373456, 0.365425318199571, 0.07837395274061165, 0.8955214533774687, 0.7924686071047939, 0.25082256548062243, 0.5381747696088706, 0.30686410867909164, 0.22931786673195598, 0.2966073845424607, 0.9141020540156318, 0.43322631191594063, 0.5216025157387331, 0.23761548602387228
0.29588404535875734, 0.4195444617872097, 0.8206764145027133, 0.29036027706036216, 0.7462018719850432, 0.6413375734681389, 0.9981288229788857, 0.5890041739695151, 0.5593672961169792, 0.8141519273032154, 0.11157296200013844, 0.6682043289968919, 0.8193238918394901, 0.312562522618384
0.44300535288387755, 0.13594242155949454, 0.5410985977341226, 0.9664648378466695, 0.9882805860940871, 0.6871472938799822, 0.23419884330871732, 0.21114196606782965, 0.8424432969580031, 0.829447429108197, 0.7213494092281205, 0.025346748715955325, 0.7768303186776192, 0.07926472133030582
0.28076521265492593, 0.8367932871679237, 0.21680473324457383, 0.39278918170860067, 0.9175811078033491, 0.37713624230192444, 0.17689426849269052, 0.8040681891002003, 0.6665367989941945, 0.372103009589432, 0.8322935367842181, 0.9175639958143186, 0.8330031754918641, 0.41315802243034827
0.7801350932695084, 0.6628747620440397, 0.5018472917167428, 0.7462939403954174, 0.7122475947401478, 0.9140687476462966, 0.9398212345971355, 0.9844496196891068, 0.43549392885159555, 0.9056074776971379, 0.5153955574587814, 0.6460237280344509, 0.7485241756343487, 0.10449792216731679
0.6337820221036119, 0.32636285241897267, 0.7740690544664217, 0.032345563470602356, 0.29965146840085044, 0.6336197328488807, 0.05673530738346255, 0.10259610053428125, 0.14191909751909648, 0.3984791629741016, 0.6886928181621713, 0.2859010799553169, 0.9158764110231677, 0.2989965616189135
0.13062613028630576, 0.6693400515460514, 0.9631153256739851, 0.5023714206570029, 0.08280033096147854, 0.3910960958010935, 0.873493567542923, 0.8298166141155348, 0.4059569941020652, 0.3076125372202153, 0.8407828721034439, 0.8411610157646686, 0.31765093154959834, 0.7274194258599269
0.2783325170301807, 0.6527543230246995, 0.5974987826896107, 0.5875501975090336, 0.904622239201959, 0.6228263512064606, 0.7915947430642795, 0.5794275451789657, 0.7459252339540554, 0.5503634971728294, 0.2150530543511907, 0.39243239489804116, 0.16258579729142275, 0.7791397480119494
0.49691633022771065, 0.3796759688646074, 0.9544780510566726, 0.5255199975951381, 0.719764113518935, 0.01589386276809457, 0.6140949313679197, 0.6464611426133063, 0.9746187585047948, 0.17793120419589326, 0.15370416846135804, 0.742235680777519, 0.951464963021206, 0.3343134085925952
0.29571741815301644, 0.18575801748478393, 0.36340244235954056, 0.7771730439427894, 0.39092784994233887, 0.7933886397416131, 0.6276011048993584, 0.49813689151984064, 0.4455215171711512, 0.9484140923762462, 0.6127396859907365, 0.8649697714795185, 0.14929734946879913, 0.43352200032397015
0.30321708181181684, 0.6635293051339574, 0.8562071327666915, 0.29634998505405474, 0.6793345556698664, 0.7449746988973275, 0.30152306396617845, 0.7542623456507433, 0.6936451526262207, 0.42306665103211993, 0.46907754783454503, 0.386268605205515, 0.651409292125557, 0.7319135880261652
0.7018279518824146, 0.3786034102305008, 0.49041317299321696, 0.41643786676467365, 0.9178402622409892, 0.9261004927713551, 0.1901084712451897, 0.6499687804513296, 0.6542903396856251, 0.7656755442974303, 0.9520786985562724, 0.7771153981320119, 0.5997035617075591, 0.03709446096103486
0.38122628075791987, 0.14351142595084898, 0.8664765373871685, 0.4257834022863555, 0.2003816383035093, 0.42208489648853464, 0.34548546562599103, 0.1382150920201578, 0.6423354021594827, 0.3693143209476859, 0.7051055195974159, 0.5475384415456377, 0.5485566166043865, 0.8000016490663052
0.887704168292657, 0.966922176724939, 0.3554454731334722, 0.9391898488789383, 0.4307200126494166, 0.9237028736421803, 0.7326170606713663, 0.4751528376291282, 0.06328241252804612, 0.6768890098173933, 0.8289451634440905, 0.924777390707769, 0.7875076815314571, 0.9131516062319468
0.74465748701086, 0.6620123406938048, 0.520251228032615, 0.8164573328426816, 0.1582956658657788, 0.7690881942445048, 0.5847004079169588, 0.009011192517516142, 0.2985371107339069, 0.020489494036557976, 0.9386047534338644, 0.9358987982672013, 0.6904337215482029, 0.36129545065702684
0.07283677029721425, 0.6399792010678061, 0.49327042928537856, 0.028132781665547668, 0.022187329281516455, 0.251832374721064, 0.5172130306954545, 0.6533393152805502, 0.8371645208954214, 0.6572412286521893, 0.24821512600843965, 0.44000358945005347, 0.951223345889186, 0.12836178038320567
0.47340535587153576, 0.8390345260440689, 0.36739264628716917, 0.39641178949764555, 0.22268409974729997, 0.8947505759884912, 0.7022854783061511, 0.27320587299579857, 0.9013039710222753, 0.3518801665362886, 0.7053049706390279, 0.9151499186946539, 0.8166557625273306, 0.7873363007629728
0.5714462961975642, 0.44664032414261423, 0.5272157730207788, 0.22505887190140494, 0.9539551351141932, 0.3378782817481286, 0.956935620848019, 0.37182569021279965, 0.9309586714852293, 0.9303958504831036, 0.14730239791486066, 0.3820775560714209, 0.2079043939058739, 0.9229959380405223
0.8927108669021803, 0.6489375948236775, 0.28905668304626697, 0.41808572154473744, 0.8660563031596296, 0.8253050458112215, 0.5950010044241417, 0.10267113268421513, 0.9629812629702138, 0.8655183134685308, 0.7797716159378679, 0.07456195574443725, 0.6111870805532394, 0.6696826720729856
0.9782201769699014, 0.9374939351891323, 0.9248072749132668, 0.31951857839384357, 0.9935854581826584, 0.026165131538290476, 0.7458365948371366, 0.33893951147509416, 0.7004416768934716, 0.3422933482503451, 0.2292290070731533, 0.7921969727784581, 0.937498021165947, 0.8446251096404908
0.6405402934559131, 0.7870503999255943, 0.6794299150671904, 0.28974861697635124, 0.6637499217938042, 0.4495484267108222, 0.23487935709271157, 0.7027761062239711, 0.11597890522203114, 0.7271981453730065, 0.6739174213812117, 0.2872391444163883, 0.034297996745624615, 0.31037350570396893
0.362617759239926, 0.04786557473662334, 0.88275020769156, 0.06194812111053738, 0.9897822032767964, 0.5560280414201114, 0.8798440920181061, 0.325974625133306, 0.1217594694816635, 0.156243494847066, 0.20592816441861783, 0.41737885250247897, 0.8306142570433253, 0.0752179859350175
0.2635229527313694, 0.8295730977968668, 0.8393325312113302, 0.6993188652138516, 0.4872211012958767, 0.6502054259971686, 0.9857308621166334, 0.06037527941289367, 0.5196505880727075, 0.5453490745766343, 0.5218036786746486, 0.6864119234092336, 0.16445954053823186, 0.12124818866723952
0.7821424455984195, 0.5130219271987673, 0.6312304573866498, 0.8680700106496537, 0.025981128905867013, 0.44661129975853797, 0.5458413920998906, 0.752326774671748, 0.5018474363100699, 0.6494844232599326, 0.8804117578691675, 0.7801955958853655, 0.8431804032806093, 0.09196222697815903
0.6222833677381998, 0.37431026711557447, 0.8904475615192, 0.765607939076271, 0.5076540810520969, 0.1542086937972359, 0.01701404622254099, 0.6541049855495197, 0.9380857834981019, 0.06689952327237692, 0.7248620512105141, 0.9533267792645466, 0.19463889404544843, 0.22117208357501772
0.006621698607820692, 0.21794189913898787, 0.3743301114600994, 0.2569157699338398, 0.13888689964464862, 0.4311754194137897, 0.035863771597801186, 0.7933202815578212, 0.7152947610951399, 0.8962531242594854, 0.7835965461417725, 0.5056521565478285, 0.7596366053180953, 0.0572171455194288
0.2508715680545127, 0.3387094074702083, 0.0555498773607318, 0.22858906425320913, 0.6760569749418521, 0.8199563692359686, 0.911551489924136, 0.264403021264483, 0.4047584257750143, 0.9275521896833325, 0.7267878086671404, 0.570959602926827, 0.10200552525701867, 0.3558336808102118
0.24829616713539904, 0.5521221161437708, 0.3282604962223048, 0.8461706963206047, 0.756651376252127, 0.8878383093061594, 0.22044317370511146, 0.5267275611928189, 0.7710004269715096, 0.9695648093073046, 0.4584126860324462, 0.10162372405233022, 0.935861646150943, 0.39432544155750304
0.38653467500487504, 0.5022078662681356, 0.20638674283810632, 0.09944670675345291, 0.05987801874789078, 0.3809553414983048, 0.9321323177565064, 0.2770175291349508, 0.19540353110604258, 0.2646112151936957, 0.2986049584294823, 0.43729950771364234, 0.4890306765366512, 0.26263011552954796
0.943130587692415, 0.3286634207623427, 0.18047468819188994, 0.8206113941598429, 0.33022493496550165, 0.29564177917820944, 1.3161905089598136e-05, 0.1316428135964327, 0.23862983848986352, 0.12537321441958083, 0.821895385889749, 0.8890273644484837, 0.8032718747137103, 0.7929225213988419
0.7096722884940919, 0.6619151416654113, 0.569001405698719, 0.7288586300621718, 0.9339818311199263, 0.11176248257637644, 0.7326354652028136, 0.8758574695794001, 0.8736066645981662, 0.4894853816882103, 0.7703503367340211, 0.07351914932896042, 0.765651002144218, 0.5733102645696239
0.8138696773657945, 0.8171428774296984, 0.7925614047553393, 0.43224534802894565, 0.7103026001046142, 0.6580901589719006, 0.0816261121545927, 0.947918732909105, 0.23102802520551058, 0.34312534772887926, 0.4778784736264484, 0.44803128829088323, 0.48281469112787034, 0.1704217148151499
0.9477525495594871, 0.9187276972669586, 0.16899112135502325, 0.004019162300236356, 0.8349972370493102, 0.4912553810449317, 0.8044072594620113, 0.48567623202348986, 0.18689139117181686, 0.27882546419053067, 0.6889048325319869, 0.5294592194653811, 0.4070138828057793, 0.9430053233175127
0.22076745565938416, 0.38613248160377034, 0.028417057726354056, 0.3100269469088258, 0.48341810178639977, 0.6846124861133476, 0.6068398989277319, 0.8003303034529013, 0.8733426966905575, 0.8152730079978229, 0.108613738026208, 0.7349098749946628, 0.4872086838903582, 0.6887078412324331
0.5562026324944161, 0.5149081962203773, 0.2321014512838544, 0.08349338935850659, 0.6820008103843659, 0.1209264821056768, 0.17876651131441978, 0.4119804727413009, 0.044902614631846305, 0.1554874135041422, 0.9711834172830008, 0.4820035764457621, 0.0739423701339188, 0.17626005387310462
0.8566694186710945, 0.8479178926894676, 0.03776334608163201, 0.45686651917079957, 0.06798142832642817, 0.5612648324008173, 0.4257357759314835, 0.6384232568445605, 0.16924450697511495, 0.8035198148601038, 0.15754115367394528, 0.8471196739686784, 0.23440729926580983, 0.1376759017583774
0.5998122949526904, 0.43910593023995637, 0.7126515060609883, 0.17545200911931502, 0.2273039561959711, 0.8751541283073329, 0.49472693727219275, 0.1595697286049057, 0.6408289718620271, 0.11804412193878067, 0.5769866282118723, 0.2823380694117342, 0.18741233480647324, 0.39264547204014266
0.40944638063974725, 0.517280083678818, 0.30714459619882883, 0.0896586781246913, 0.08248468213800209, 0.4605784993990114, 0.6986455023102468, 0.1409512900273744, 0.35930751771430447, 0.13401294366117222, 0.41470009072229064, 0.6742462940780541, 0.716061851243336, 0.11074875626877623
0.214492303478372, 0.7538957482526947, 0.7849863737154971, 0.574528033817137, 0.7261205292886488, 0.8921744269982606, 0.7098485986411318, 0.3103546267128017, 0.3329400750090825, 0.43383410592780924, 0.6059654061599198, 0.15066980973536692, 0.19274284174481093, 0.8992537233963531
0.34795319826655224, 0.890744312233008, 0.9054438992702384, 0.06483190611824308, 0.6081277154122077, 0.8728672565566482, 0.871735553882395, 0.8881342339731888, 0.29362818546452973, 0.8909064029659615, 0.901643779929052, 0.672151441860355, 0.17951417828912264, 0.3007771466261814
0.3824920610015142, 0.5845352324374992, 0.2773888020165802, 0.9911291442097837, 0.4835583531701858, 0.6069932291098201, 0.02749410524270568, 0.577711693133257, 0.5830065982819823, 0.6652632492556642, 0.5487415026060515, 0.2447284532896129, 0.738332284770325, 0.9043681481539483
0.5060106887619618, 0.8962034701745208, 0.7264888864808035, 0.7133560992876494, 0.7636191707270714, 0.4537645080342255, 0.14750864346839931, 0.0042499922574250615, 0.25780979782218205, 0.3056761962692396, 0.3492677903085639, 0.8822122059364561, 0.46387744861234514, 0.1543392629621313
0.3926560054954772, 0.49285297977554066, 0.7077404814818926, 0.07888294145233676, 0.0015805883395859643, 0.7751150241078498, 0.712578247743508, 0.7409409799218991, 0.008350544157103679, 0.9152293838211387, 0.5090520875671409, 0.8420129106928943, 0.8559113291623125, 0.16131639111160212
0.9532948091718292, 0.28368343762618153, 0.19370943334633928, 0.9917417214585127, 0.10463720380773933, 0.9029003161582531, 0.6137489458141079, 0.1129996867211902, 0.8965399064103634, 0.6534068141347799, 0.7607959212068655, 0.15261415239106602, 0.6913384778399219, 0.7267338791316436
0.7776995140779464, 0.474509536841476, 0.8829196795985064, 0.11014596734926485, 0.44678306217031805, 0.7456399930416108, 0.057447265096329025, 0.3697628329723619, 0.837497944857783, 0.93461950495655, 0.6188052447045561, 0.25756686073249735, 0.6297999497854936, 0.09758208178595418
0.05598819135102162, 0.5868353622844379, 0.374731638151208, 0.560801821552206, 0.6710941290034357, 0.26586901670692853, 0.20141193678660163, 0.5609546700369433, 0.31407400140700015, 0.24600898285137074, 0.9981524444640013, 0.6769292591822523, 0.6250634389125137, 0.6971694649332296
0.033261557562801025, 0.6154263004986594, 0.7332379583136248, 0.037570683572275, 0.6884552929953184, 0.4343979528560513, 0.597507272919143, 0.9413273137086707, 0.05520071593027931, 0.2702721072011236, 0.11358394231329716, 0.9643601733876164, 0.3055200394653702, 0.9314035917691796
0.2765985900041159, 0.8006733736982176, 0.1421432071294898, 0.6005036514111889, 0.8720932944861383, 0.7388540989895123, 0.1769495458167777, 0.5523640542950646, 0.6450733369758699, 0.9756457252436883, 0.9462264058466068, 0.506918015947857, 0.37939541390406106, 0.951006829933531
0.19997658152281672, 0.1907528014217751, 0.7447150239153745, 0.05518876625894942, 0.960241933871898, 0.8462375066697625, 0.36205049042115034, 0.28262936096782576, 0.8346039466482794, 0.735877788240907, 0.9756506969633195, 0.47023328404515496, 0.46888509526061783, 0.865124531732117
0.7285814025549662, 0.9529854297896463, 0.2316177571631911, 0.7171628400712172, 0.9929281221584602, 0.6177856769365865, 0.5133411217229552, 0.17138105512428348, 0.9277874605566302, 0.31656959664902573, 0.7714775345713705, 0.5423974893097024, 0.46636167208738344, 0.7413975866291289
0.36491525089960364, 0.2920276301727954, 0.03571984997572253, 0.43106712451768026, 0.5982206270920912, 0.21549920650785503, 0.9776410970948122, 0.6694561552250275, 0.29061844885138977, 0.8145047899984805, 0.9050162078223537, 0.07689602452917721, 0.8915193296743824, 0.26621678757778333
0.6647072913829215, 0.1424072716063668, 0.6557677572291829, 0.8501664964863819, 0.35679671721205397, 0.7634820948705061, 0.22553477427701996, 0.6955557934383658, 0.5913994753830989, 0.35731110780934694, 0.9193206646519374, 0.084317517037369, 0.840894371398345, 0.6943552673780649
0.2844562657332308, 0.8366069346441157, 0.08636929107343638, 0.6305455532639539, 0.8629280319317679, 0.765652665190362, 0.13817685882483033, 0.11002662920313555, 0.7365431821449557, 0.8244585363853565, 0.3242923982658428, 0.399267274792495, 0.7919753928803617, 0.8207994209802436
0.47948202899024317, 0.3701549876052881, 0.004776446570509019, 0.9136409131936966, 0.5867911569790192, 0.5269124371021818, 0.3324842266345087, 0.7897279169982256, 0.14985438567840303, 0.9362462113420079, 0.5271135111602911, 0.41326837856647336, 0.735125742156224, 0.01079356370235307
0.5653687482533795, 0.7518647548283778, 0.1681520564452006, 0.8176028570134375, 0.5318138972519, 0.7592249250465358, 0.04193445810622165, 0.8464110624138127, 0.9186720632677241, 0.19675217465944583, 0.2652681490229516, 0.45760611989001143, 0.06147737327989278, 0.5347022166050571
0.7099297465719919, 0.5773628767996432, 0.46546678575511446, 0.934647935667044, 0.9184611502017441, 0.4922938030151104, 0.5354319219068522, 0.6689259388555783, 0.9560151668107275, 0.034489195912848714, 0.798632335374959, 0.6776495115781649, 0.1530628429220522, 0.11362360345449563
0.01403661962200542, 0.3491936695018589, 0.6900673097241636, 0.11872002696438955, 0.692013811012954, 0.2963484983417577, 0.051515548745169504, 0.4473100988908274, 0.917467682335401, 0.8524204529501466, 0.5974004974819901, 0.38978702503895735, 0.12205115343510609, 0.1436511887794989
0.9245740094572249, 0.4095339511460553, 0.5098135040341001, 0.2270575396765584, 0.2726922008286222, 0.20707877795754304, 0.8497150143831537, 0.5965786261023693, 0.36985344854346736, 0.31352454283420905, 0.32630004680159597, 0.9106385340462536, 0.5729728957612452, 0.32295209201587827
0.7234656219486572, 0.39913832134343363, 0.8300447313907653, 0.5540205158290163, 0.38441625543766855, 0.5656468068450868, 0.6820568887147249, 0.5804979428981755, 0.19966012117354415, 0.6761640325531081, 0.5305456356204743, 0.29211826597727175, 0.21072313802851028, 0.9037751253740112
0.45704597402657654, 0.030401156164619136, 0.5144556307506192, 0.08689519266793178, 0.9036192220293608, 0.34694591669207386, 0.26538240998675955, 0.5243704728293811, 0.09878768050446896, 0.16944037801668987, 0.7107052787323135, 0.6136991545891991, 0.38641864404477155, 0.5496490391779011
0.3423649379079844, 0.9452722625832812, 0.7850575590620201, 0.5913630463576374, 0.9824883419034153, 0.1208096653724623, 0.8777996642696718, 0.44907931467205797, 0.057369548454098585, 0.6525456022473372, 0.779402062856013, 0.9001644133034165, 0.2489823189484851, 0.1495327017285436
0.28167735111582237, 0.46587026447795565, 0.7825683544004962, 0.7902247457984924, 0.8156167039967894, 0.7141919028873248, 0.9479770029064135, 0.034675058957905236, 0.6912466947928558, 0.1601001643016271, 0.9008507036838803, 0.3077762454054207, 0.07967281485652178, 0.5012066635820717
0.18361653191476568, 0.7462754067059851, 0.5674389993188459, 0.4460361404986798, 0.955695685141484, 0.2857786049023995, 0.08395585679138828, 0.04860384926998407, 0.5642812781049581, 0.7288605322841495, 0.7178982168142467, 0.048359762708482856, 0.7532953245180919, 0.37804254184884145
0.5970990723916485, 0.8870824881502404, 0.09133503488961503, 0.3166425825739769, 0.8495313969722434, 0.20628500581075415, 0.38411259861008995, 0.9946270691294525, 0.08065897270925915, 0.687404117557577, 0.6947798681573824, 0.016427904623270595, 0.8452662326271981, 0.8766232603069671
0.3311790573028731, 0.10466101702753405, 0.7925815320814328, 0.6118116411821255, 0.6803224686466303, 0.5162485015696737, 0.5297047221166836, 0.47066175644618435, 0.19800087914262, 0.6230345981727816, 0.9639765552366863, 0.4342044907863677, 0.43205548151453643, 0.9955200517166563
0.09326525423897436, 0.11142601115328954, 0.9573051903523428, 0.5011086314914596, 0.20400311462911191, 0.11184207486465392, 0.8396849238435563, 0.037014298399206, 0.8585407915583555, 0.6332798930421462, 0.20821789789121437, 0.9235982243572417, 0.40242481604611646, 0.3529889176860407
0.5695087008430556, 0.9409782095627701, 0.04432557698053541, 0.29824364567073325, 0.8361472555073906, 0.16772354161621805, 0.06240738315308525, 0.23058119208623162, 0.6520529533394613, 0.09738969274693565, 0.8659783827315498, 0.3935700759806118, 0.07063943513934823, 0.5450342649562504
0.9715753857792694, 0.7513686615203644, 0.015249348122146289, 0.32504279413421167, 0.24498189073557664, 0.9112492404444043, 0.9685485527624985, 0.6374008591893887, 0.8891298967929385, 0.3783742310460475, 0.9595197431370073, 0.5073291106551582, 0.5017214475366634, 0.3907802129681559
0.3745129430326334, 0.9197700896526031, 0.5287005361575882, 0.052735793747120785, 0.7598514706744385, 0.7818698498898183, 0.5989503193181817, 0.23161397380332227, 0.35301340922795243, 0.8650733064269043, 0.5318441830434171, 0.46678731817800045, 0.22999696344739384, 0.2148913479253468
0.18188747780191605, 0.33296732107403215, 0.435174085819819, 0.8594985570116155, 0.23609857861527006, 0.4536968377417214, 0.617113990111711, 0.7877503387190435, 0.3183213683646673, 0.30737296131946557, 0.7853626940523794, 0.8061394411804833, 0.14602825532349573, 0.756663195464578
0.5751500788145634, 0.41124930009296445, 0.3339034008766866, 0.586745011237131, 0.8575154736170154, 0.6157852375924744, 0.6935128520526161, 0.996638364757096, 0.359070643860096, 0.9050172092230426, 0.3766546982111827, 0.05511054903116175, 0.38160541919932056, 0.28377168011922127
0.37005321364886146, 0.8540427379132344, 0.48966348391884296, 0.6136060762567987, 0.4079885442466945, 0.2008265683106325, 0.4388160835570527, 0.831749484449741, 0.7999646947000224, 0.32341096829872085, 0.41257450625545933, 0.10715461205644716, 0.14681011605589778, 0.6617676137157665
0.35198803120560906, 0.6140498615774165, 0.5212840749216839, 0.88382285350757, 0.5241764692105265, 0.3478167724822968, 0.6733307558290915, 0.07408332806653772, 0.06194494915033122, 0.07062026274514577, 0.9684694593312755, 0.5060227772961622, 0.21660316580808014, 0.7450703916246999
0.932126316605078, 0.6288257746005057, 0.023622843214805123, 0.7249092808720334, 0.24239763969628558, 0.1313060854945105, 0.9297826041147192, 0.9559447413343269, 0.4836935686062025, 0.9415857248242673, 0.2573309055062478, 0.8353573562372636, 0.25889535845420864, 0.5807485132747022
0.16797481628980504, 0.867842091977694, 0.6750353547201221, 0.5259958167126569, 0.2433992786034722, 0.8696830685914905, 0.9852431541061453, 0.621325621115662, 0.37982224589254876, 0.16883765828522845, 0.21404566930761193, 0.5054185218027142, 0.2579457949218473, 0.9174494295771842
0.44890755431532947, 0.7227039811394219, 0.8384010322069855, 0.6087637725563884, 0.8514004296130755, 0.8274490619915151, 0.3901257944472416, 0.28064479011208543, 0.26184343901585605, 0.38714752834494015, 0.24018322192438113, 0.49363218800184994, 0.8010927081007948, 0.9540759729530327
0.15526939580705745, 0.268947121037696, 0.13000792055550914, 0.44518175696153683, 0.4531783027541204, 0.5095810191770469, 0.9293554882163053, 0.7249778629734078, 0.8188574647813986, 0.03041093736470002, 0.3401574676819059, 0.8463121885689894, 0.6541109909263724, 0.4518697201668883
0.05251774579235913, 0.6336320129632207, 0.32482676078910555, 0.9830494773626701, 0.28447180896652546, 0.952911056905695, 0.7875953098527219, 0.7557032707555061, 0.7870235979838129, 0.5927855226322162, 0.9681913842452567, 0.5969925923470373, 0.7320221632329635, 0.7114194421758866
0.8299446424163123, 0.9872949866140668, 0.8493952497570246, 0.7771847547522728, 0.2809528300076587, 0.8270241164536667, 0.9112909447593381, 0.7430598467904339, 0.6322092699009565, 0.1475445320368246, 0.4217510441373794, 0.07238235144772409, 0.5990680274174215, 0.1060597159094182
0.5278453442195704, 0.8654306887498493, 0.33146201041658185, 0.963655598419231, 0.04927143263540035, 0.6005084714088238, 0.522346976812285, 0.5308844808979316, 0.09611653393643105, 0.6340392936812228, 0.5706214197215937, 0.9610468680261633, 0.08511785752475332, 0.20919724571653886
0.9343842160753859, 0.3830084997280485, 0.8704596914301858, 0.4693075026417627, 0.6217014288524684, 0.05307310853450997, 0.8122226336512944, 0.8595430196061304, 0.6433695133948744, 0.023575380323423545, 0.8721485182673869, 0.6407160793337165, 0.8944841750004955, 0.32117179643671223
0.4120204386918561, 0.19910628987995482, 0.5177520649047865, 0.47460803141203856, 0.07007457392784644, 0.6595258593358633, 0.7286832044300375, 0.9391959543001582, 0.4036508482446778, 0.6492285854046195, 0.8198901484684022, 0.7838819038618892, 0.4960911931330503, 0.9441214501102149
0.29691430955329234, 0.3074298570578814, 0.7792577728311589, 0.10701396210164471, 0.7491226055639038, 0.7631094754353535, 0.823766412050723, 0.7001625158592679, 0.974287032432054, 0.5576090602949418, 0.9726824697915244, 0.7218651042791516, 0.1495430300388766, 0.9467265153931813
0.5385573553195521, 0.1168371066323427, 0.1818861620622957, 0.2961916144285215, 0.9823711543012634, 0.5677738857373748, 0.03703096454637911, 0.8031774501236911, 0.8000609137718501, 0.3234439732900045, 0.6613772459836498, 0.8654600411239234, 0.6627208084896875, 0.47167097280921766
0.7980676887832643, 0.6709943676402539, 0.7723213913528677, 0.9792546492970075, 0.9326682869828705, 0.9119999895609009, 0.9174848526001165, 0.44384212785545196, 0.06474907824702014, 0.1510975407851919, 0.2914914025718103, 0.4694255932524717, 0.27834925948382805, 0.5900962948909606
0.4607462914214734, 0.9937148533343998, 0.025783284015993835, 0.12705981634148344, 0.3650846231120132, 0.04180909926184617, 0.8770127608349928, 0.7951729903339834, 0.6904140519553763, 0.2718659494340968, 0.9149510623686731, 0.19217634762055824, 0.7229372954583875, 0.9232614808397754
0.44647818048819843, 0.8000507265704806, 0.5789391338312352, 0.551825855943596, 0.07579570458984297, 0.9857473105578717, 0.5875016877357981, 0.4335603572787131, 0.11130220189497264, 0.10750568816463024, 0.22472668325978962, 0.24925854336137176, 0.5526472108990299, 0.6517026583716917
0.4223691561676203, 0.6178896710220257, 0.6363477953194111, 0.29241335269870516, 0.47463466644642804, 0.5836215630209588, 0.11056358546362977, 0.21528165577183977, 0.6958565007699125, 0.6925369075172634, 0.2800565004486699, 0.5996303437746774, 0.08434839179086306, 0.7711822953343874
0.022817276489844995, 0.9391375838405202, 0.18545279290628391, 0.6959069565045849, 0.1578948169347214, 0.8114226184683434, 0.31029644169853043, 0.11967885453353111, 0.9843198352163134, 0.47481576107697365, 0.8712242737878523, 0.061219108463164584, 0.03552522884726461, 0.9958906400372738
0.5259375671474339, 0.06537330739579683, 0.004215343156074081, 0.16248970646436323, 0.43131843766978406, 0.14501720250060945, 0.9847243630980497, 0.6774136770665052, 0.5726065527393618, 0.497093967202727, 0.722227522495037, 0.1438711863978105, 0.9705692781364847, 0.9919229847893601
0.4540550742541217, 0.5623599298651732, 0.6173117351854482, 0.15403393219819483, 0.15954236307537206, 0.8680008509462412, 0.3092071463307551, 0.7655438284612447, 0.16508936099477456, 0.06160514734422562, 0.4976061315541883, 0.9201971111644985, 0.8911092707368532, 0.529495445051202
0.5610639324115845, 0.29772265647414053, 0.2672329792747198, 0.19738605834787626, 0.17753242931700297, 0.5317008638421064, 0.36634853819635105, 0.787489487784932, 0.7306727026076963, 0.5278768068462829, 0.179373633348892, 0.5520848645346891, 0.5231640098921077, 0.09031364891069016
1.44886146766e-06,0.038161756461,32.7723863577
8.58872955891e-07,0.0430191456839,18.3383717236
3.43338971017e-06,0.102484828903,50.0732956691
2.19538411004e-05,0.271054552632,55.7996555885
0.000221992349764,0.671576677419,79.5591511085
0.000460631453982,2.41593278765,218.013844672
0.000794757048868,6.68004166551,166.020491897
0.00198280654545,14.956454403,243.41732259
0.0183951694829,47.1248427823,440.60324116
1.07192586563,119.866497445,432.14789832
