$x1,$x2,$x3,>>f1,>>f2
0.07480497445676264, 0.5849948429553398, -0.09651900170368982
-0.17993636930215196, 0.3105999000386917, 0.14266725683889903
-0.5501951861809606, -0.23524138486896018, 0.20784328768295635
-0.5463965910385166, -0.0364291456260968, 0.3906019865954685
1.108594939797293, -0.06864981999304476, -0.5288883442677192
-0.020483872697676625, -0.17509732559856309, -0.8432001351993296
-1.1057041647767378, 0.6528471421833897, 1.1776700491448364
-0.2125967518441068, -1.4341542619977097, -0.09740814124424255
-0.33737969643980553, -0.05461585441514995, 0.22348662354077833
0.9300436458902877, 0.12550507117086646, -1.2357060793465104
-0.2361652612754821, -0.5048041883958078, 0.5599070253860556
-0.13308155769572433, 0.1398844442925332, -0.047851234223121666
-0.02567407282161308, 0.6096600273646161, -0.49931887254783663
0.1582111583346163, -0.537612028766015, 1.3164215469513687
0.9792613995234958, -0.662885114714308, -0.2030600048384225
-0.17033558280713415, 0.41078841636593943, -0.01158421819575001
0.6019158335238651, 0.7903844619716176, -0.5006399194789756
-0.586797594666369, 0.675379934039406, 0.16594738669707546
0.041088888956200595, -0.3789023929957992, -0.7207746634433083
0.08492498074967672, -0.9015421343535102, 0.8023417742036144
-1.9323475761755544, -0.4116160113651209, -0.027438328177131297
0.27687103541697794, 1.1691174293160413, -0.4747457428975242
-0.1919129704013312, -0.04114181387289399, -0.2881668984477114
1.3009998244627383, -0.28163684153627877, 0.6941077967886101
0.1306026123469518, -0.8701953272600023, -0.4577160597058326
1.328760996457739, -0.06070310008817296, -1.8921797535069769
1.3781915155551865, 0.29902612561698744, -1.5133055421610848
0.47174717975150593, -0.48106310440964367, 0.23552358691728176
-1.5704835074839458, -0.6853355294665366, 0.6794805335114315
0.1433084920577543, -0.11720371132537483, 0.13094779112282579
-1.6623419552658174, 0.5691690179810953, 0.14540415741708068
-0.17588818504359938, -1.1590915769577468, 1.0495538168556338
-0.7187724830361217, -0.13985113679570674, -0.5749865959078772
-0.26884209705214246, 0.4799022528145861, -0.6730508292671591
-0.35072811921514085, 0.1690648318731888, 0.6433450228818208
1.1794628705530863, -0.8642925928115988, -0.6246580718159218
0.19141514433749454, -0.16358431318403316, 0.47878560413611915
0.2387682268150735, 0.1675826401463129, -0.3588172066715051
-0.748159796553354, 0.07526024861522805, 1.609937877108191
0.22340899924839336, 1.079070950387718, -0.8942103675216158
0.2216856631258897, -1.1564838589541275, 0.08446959576185525
1.0880469237790829, -0.6626893856761836, 0.5575614529192525
-0.21062777764879537, -0.11219232649922323, -0.49568135374381406
-0.6394005670975942, -0.17295078947256662, 0.5455280123180325
0.23406878121477914, -0.4383222670049852, -0.4991067955722468
1.3186356608063645, 0.7055074141004465, -0.1017159968334177
-0.14829801942306375, -0.8564814598952426, 0.3202032952271875
-0.5347443535429772, -1.8032213705067144, 0.9229137349746283
-0.6356973231292358, 0.8919979903246176, -0.10243271866240802
0.7338228057286651, 0.4989439141530603, 0.6342592519179695
0.18299595060351997, -0.01669722345847543, -1.3547950850398558
-0.17657525943127994, -0.3669210472239273, 0.005019855407941922
0.4054549899569001, 0.2963563390827624, -0.8389010562425994
0.015758876150852457, -0.6984503101396455, -0.5530725671511968
-0.24692845541737773, 0.12078934292706328, 0.23134000112015463
-0.7478719699859077, -0.2343263049045067, 0.5845679877270809
-0.39574539798397634, 0.33139620148600535, -0.7808663984628412
-0.27076835061531235, 1.0955983061777803, -0.7020090324069792
-0.9598140252777729, -0.19691736738039062, 1.8056896563306613
0.3667029279646973, 0.10196703281436659, -0.22950158196992676
0.6365794321887875, -0.9282990306666516, -0.1288363202691713
1.269828682108536, -0.6313202494065449, 0.284980698195384
0.7167262874157464, 0.6232109917723795, -0.022356238175503564
-0.11951253234093154, 0.10791092852967296, 0.5668620589760136
-0.40718511074192254, 0.25573293937604513, 0.6810926365916803
-1.3216736568209098, 0.06433538055423416, 1.0752522426615843
0.22862393679738438, 0.2664559937787212, -0.4000153272884086
-0.20712617652297288, 0.13730733236184506, 0.8036791721167353
-0.014034302033992464, 0.2584295901853177, 0.9518525266542748
0.26221489839799866, -0.011885506411866864, -0.18980625710554744
0.018342107307016076, -0.6569740029259126, 0.911512419607529
1.1780007338247223, 0.5872048359439468, 0.6912125822043579
0.049276302256103216, 0.5787845859273748, -0.07230950081383258
0.31842370444656853, -0.5698282948366263, -0.2517101799777015
0.5152157943745854, -0.0822368164691982, 0.6477369091868537
0.0460555049582938, 0.4825419721066815, -0.4916906804162913
1.428845722787978, -0.25238072625344454, 0.4013826074129752
-0.9348439954966923, 0.6810650107738632, 0.3559005809274958
-0.005730135589701006, 0.03126411495241896, -0.444816742471387
0.3524431770598771, 0.055738279089788935, -0.20403113510133655
-0.4029478981815643, 0.4321000735924385, -0.5866139078519882
0.005967792470624343, 0.5849580191214274, 0.3939559057096012
1.348093216029166, 0.02265268065348297, -0.9072585200606904
-0.7068727904436432, 0.04280804877181105, -0.5769058154682799
-0.2924607780414158, 0.34819208469965207, -0.18383767131494366
0.5790570964805888, -0.31326687827387467, -1.2067263684020941
-0.7058846499769342, -0.10670117827747785, -0.13845713407010496
-0.909339827957282, 0.8669012663142929, -0.4597277863236816
-0.005541314992524797, -0.38440683580148305, -0.7695718782529953
-0.2406699667398441, -0.3865609708799381, 1.6125128354305522
0.5158621985729521, -0.07379253828918561, -0.5977356208077241
-1.208437780662699, -0.6936882797343795, -0.4129296446307156
0.3870304312635944, -1.1662043438974892, 0.6224730433761777
0.41756717021475814, -0.46311738863473606, -1.0673551238239707
-0.2698962425029503, 0.26453361289673605, -0.3037345207817668
-0.483468120393578, 0.7537190350742679, 0.42800201432772444
0.5422887113336772, 0.2345013872096135, -0.3352564694256577
0.06449997850484246, -0.5869634431485893, 0.38549169243729997
-0.5903945197421857, -0.20476028027355145, -0.5064304885383271
0.02566616302442365, 0.21421156920316667, -0.7256869992409368
0.0510437861754,0.859996462305,0.999336875435
0.0190816106218,0.845968922703,0.999981916583
