$min_samples_split,$max_depth,$min_samples_leaf,$max_leaf_nodes,$criterion,<<acc,<<pd,>>pf,<<prec
63.639940046321684, 67.346125115126, 73.71276490175264, 70.38874016578801, 1.5400729082692073
24.321596180874053, 11.767709314598356, 90.9407168749212, 27.597643171583034, 1.5308003009096651
62.41847887571182, 55.330372731910174, 96.43008079080664, 90.51118354964777, 1.6052592814616453
78.70169282149409, 51.60480186087943, 15.258902004822167, 27.233036383280904, 1.9944993410362453
25.12928611309603, 49.944287574059295, 11.546322211073244, 87.4414432325894, 1.7073427364582858
60.29690149634117, 65.86740078086731, 46.42813244339495, 82.57070167479036, 1.2264757244166913
11.450416171315238, 87.29731380424342, 47.9538600219571, 93.33141658372307, 1.6390542839322633
27.00574532141704, 2.2337394189339914, 36.5291567958714, 52.07018836041048, 1.992462908583072
41.657281654734625, 48.87005884125341, 35.22822769018934, 29.034264253627068, 1.0078836674940894
25.751956722056676, 35.70867101949539, 13.428983576351696, 7.768004079760061, 1.6423718132339742
9.77624007115119, 5.039894842728608, 61.529899255472394, 59.574704389236025, 1.439769313823049
72.6071616650579, 29.045375630812302, 34.73902884889953, 76.32245811264868, 1.6416843816610718
68.45355078199803, 75.22428704815405, 47.09177675920981, 73.36571795092472, 1.3232709628616623
31.31426048769397, 6.895247038621783, 53.19107404948356, 19.76576123129908, 1.2273334917633396
9.068479185972281, 4.599748808680806, 50.03055535252043, 65.41625799860779, 1.374461828255896
92.09763297909028, 57.34653755063757, 27.879049057883172, 30.243341182878325, 1.5693682863686
76.40474395449998, 49.22854342971835, 41.845121649012235, 88.14974556629618, 1.2804973961441277
57.906255165978315, 13.867667653272123, 81.22639768161088, 61.76020011069789, 1.0095538563351791
2.5006692464358338, 8.368121846294816, 66.51487175125722, 62.34511678449213, 1.7028720050017758
97.01289737148714, 18.67804706086404, 55.66617750963948, 48.99727480246102, 1.1013129843385574
82.97057570013261, 93.60901702695422, 13.610273959542063, 85.51425625391913, 1.5894326836832295
14.884394575104137, 82.84018643641086, 89.72909331593324, 40.96295254755334, 1.6252473632665225
26.60015642445127, 19.94001495040397, 88.46786913400733, 33.13040644949061, 1.022551489691626
2.500439255470007, 20.696690843468254, 99.73052803161495, 61.602993423185325, 1.8233163893303472
32.04298431582957, 65.30898725444574, 63.40667883107342, 10.49329691897326, 1.7684705042570918
43.10854746922311, 18.95517801960427, 93.73025837208348, 98.04500326260016, 1.259680321316083
63.21854593013744, 81.64480027113098, 25.110718324207255, 74.71676828029503, 1.135778835530782
69.22161346144654, 40.86116442654402, 26.273793475621275, 95.80354811122886, 1.1869485569579474
87.6345037769414, 10.114064276672941, 47.4561896575378, 18.30236156793445, 1.7918209261977078
32.16148429372773, 25.45197561323107, 12.134143761319667, 46.00716898060455, 1.1759359939101568
52.41518156329759, 45.633676322291535, 50.00237998217914, 15.965969911597295, 1.9286710443812791
15.147609365273048, 55.03582164944044, 61.919799565398, 59.720167978216935, 1.5628204234439638
46.716514961868164, 53.207485972933526, 28.081522139109097, 78.18362071969361, 1.5780974742830214
6.479661664037289, 19.22813292622056, 70.5095851126566, 47.915509490457914, 1.097319595416231
31.299585227643778, 88.56659864665818, 5.784591380439137, 34.59321293289663, 1.282074347974206
40.76760706632721, 80.49940438365837, 59.309902367369986, 43.71804615191105, 1.6208767533041404
63.669055195969385, 49.11791264955138, 47.32208113367221, 32.95287751495091, 1.2148746936617376
50.53623236376999, 93.92028102434179, 11.659535572805904, 63.311940060831, 1.789720426996899
40.9861818007791, 15.912960543400118, 78.61097907219154, 85.36894896746512, 1.8639908195210686
78.20151938377168, 68.5696678440199, 41.038239206966786, 79.8421848833635, 1.5869323627630398
36.76958534887127, 39.58969021152271, 20.608102445668237, 66.15922610491117, 1.4755920485340441
75.41836384829502, 48.685073612868685, 18.115853776614255, 46.59830764744937, 1.893694202507874
70.7690760890933, 41.176199368898324, 60.115879630005274, 66.38301232288187, 1.0811820059959079
67.2250396992607, 26.03085747400073, 88.42210426136675, 48.15620130352742, 1.6574785453566514
52.345700829320485, 6.3354474007417885, 22.613081587248605, 23.577955033060576, 1.7447382420407693
33.27422552663734, 54.769908179815495, 35.13258890377409, 45.3281223593612, 1.2450911365869173
40.20131492088907, 52.46976763929214, 60.135221339324744, 15.494352491873746, 1.6221710297870091
57.973814063751675, 85.7888384967401, 35.23362559023707, 86.34278730410463, 1.1805372305329944
69.11910655666073, 74.37136119350433, 22.99333115772578, 88.07154848834898, 1.0019170785772058
21.500563004631232, 15.226797176211523, 91.68270415114138, 85.65084230247274, 1.1477283282719193
45.62880797894602, 78.61651362472449, 34.53791426792302, 14.803655493159546, 1.6579910574873606
47.30180511288618, 82.22568939314347, 34.055351690361626, 25.401916394059693, 1.632560487644123
70.77052264664385, 42.17024006859982, 75.16059280404214, 69.12227450374536, 1.1482860133566493
89.69387799751017, 82.9216935594974, 85.32318705700882, 77.55836309720202, 1.4649871378803665
28.704127820384414, 79.74511005076442, 12.114198152072394, 77.49133924511602, 1.0715078898850487
8.386935054757046, 14.458230137559775, 33.73882369283342, 54.88063099185271, 1.2281697720791707
93.33254688707929, 83.82915634581121, 63.29209028124545, 22.507155230695233, 1.5658960034945129
47.94618771913641, 51.533306843751454, 49.239622405352655, 88.1209212034129, 1.1914444522370182
28.36548703420024, 85.15511752741925, 55.9452155993843, 82.90141409539552, 1.9538553674158816
23.443538270792956, 97.69552429214582, 76.73652621782503, 41.853887301702514, 1.8610165229262925
10.428923689682815, 72.62308611382453, 8.69290892807607, 2.2768901362186256, 1.2690919569390826
45.977376204174064, 68.65024895031738, 45.384556537450514, 27.73943508037751, 1.4660942646517676
89.72661410205703, 14.817237363412573, 75.70706240107921, 88.05794404720906, 1.4109803640107352
6.697485374844299, 16.598768462551607, 39.93346138050104, 97.27856022837203, 1.3876067928949418
21.31131099936847, 18.750057907523153, 95.98823744711657, 93.12104934539965, 1.6495459937692423
8.502714971658499, 91.2327688080793, 58.245584703581116, 37.501935464496334, 1.6578502276890892
13.544083922211303, 22.84143424650013, 85.3438894702367, 31.789652966443654, 1.695510120445721
59.59044594971987, 15.179477247773804, 98.35144262666681, 83.42299687002163, 1.4855835212594828
76.50586096927985, 56.37637910682422, 11.850333145424036, 11.437749372340724, 1.1286250297940374
78.88367471692902, 92.70272941329408, 41.24432417723362, 57.92375367178895, 1.7926145689460362
96.62237065658366, 90.49328303378825, 10.394619516761537, 58.86752024038396, 1.590750209845445
70.61960072010493, 59.746918334936026, 21.23110284292668, 96.43603105276283, 1.584622943754355
52.29671883844788, 92.73874847444426, 91.70729748620626, 20.35310593248302, 1.8308611053897361
17.05197459280913, 96.50603787325218, 71.68871200858703, 49.609266795521705, 1.3821047943960965
2.0876694988241513, 42.20802247006329, 7.718480827387424, 99.687986623168, 1.369649362949548
73.11168150994618, 47.98234283387746, 38.36174837809237, 18.464375932058246, 1.1512088798053046
27.82530957562777, 98.26518279771742, 6.168690761802746, 40.14808800890721, 1.8921256356439387
53.74430917511729, 1.353840325977262, 49.98784219656923, 21.87234195653955, 1.142485390504236
51.7029363065205, 90.18549474044953, 9.460467888165205, 43.624878457200374, 1.1148626369845918
18.457536930135156, 15.425016910270752, 41.57507677141819, 16.15645294233823, 1.0128056357453288
59.030961866756755, 32.78025893668019, 13.850773895139753, 37.015313536484754, 1.7593103672788408
65.33527010134888, 4.7479498015226165, 61.38512462106892, 38.60218492095367, 1.299695578248885
82.43793997456312, 60.49871986556492, 95.94693749473291, 89.36635499887403, 1.2700440606189378
81.50511821494258, 58.946995728717226, 53.50662223008063, 58.29675315774171, 1.4004703134734582
86.94125178090619, 9.018104982070668, 33.07470018810998, 17.21898614335596, 1.85586602596698
84.99384585647763, 3.967624414584484, 65.27285576795542, 99.51995031038022, 1.486482799749605
52.747160244401215, 56.25938437546513, 51.841780888378636, 25.203288684988248, 1.524071383388314
79.29408580951485, 31.565355023531396, 99.96501385084792, 48.101651063022665, 1.3398393752322595
71.44448665439677, 46.42992915707539, 80.98533375715014, 27.256488318211286, 1.7031935443290502
33.78070643248668, 40.56587174549065, 8.696293661297156, 62.38921589870532, 1.5475747198042304
56.35892087561689, 50.216036740113466, 12.124215441365541, 64.63033138965227, 1.4624270378841446
10.919488939804419, 73.40970927450024, 43.099827634815675, 60.71429684187824, 1.754841530245491
12.090523073789518, 24.967446001398606, 31.795396022145756, 94.46316892844602, 1.4500515411635553
36.129316090250086, 18.895584122467184, 23.194360046512774, 70.40286435810273, 1.0729088988981925
62.06316203694695, 86.92647391761994, 15.140552807308337, 61.648010211733485, 1.7673188195758938
60.71936882458059, 61.13358222793972, 33.14945568563668, 80.78606587825894, 1.3934114473419719
23.892959253215118, 37.00523797801147, 87.1389655485158, 74.3517874483279, 1.8654435451192386
10.557279137000021, 24.033017429180642, 57.92090287018128, 76.15899161957475, 1.1154339022185633
18.322818034611604, 54.705331963298285, 2.6095691032445303, 57.32427260266277, 1.5442488735609028
99.3235737158633, 40.1314784350351, 26.148408558690512, 90.39571552266237, 1.3152311706513822
0.0663900414938,0.547717842324,0.672199170124
0.5625,0.875,1.0
0.328888888889,0.475555555556,1.0
0.0663900414938,0.113043478261,0.129411764706
