$infoPrune,$min,$threshold,$wriggle,$depthMax,$depthMin,$optionminsize,$treeprune,$whereprune,<<pd,>>pf,<<prec
0.9640253409484976, 6.994154266352726, 0.06371538537411925, 0.9714693349005362, 7.239916799009645, 5.125712227448824, 0.016412155955231156, 0.686008378827664, 0.4975049752721675
0.2747182077496748, 0.4301178433552222, 0.48639987173726285, 0.2378124560975482, 15.457581337950604, 2.867187728360097, 0.8518279618931577, 0.23620986237514852, 0.8373349025037014
0.13885936060078685, 6.335012719850331, 0.7840045503556476, 0.9423015535936422, 3.8146695021617316, 4.079982636380583, 0.4828955837096708, 0.9159176309460347, 0.7577107160921518
0.43939419883749475, 0.09976430743410702, 0.11228119193019248, 0.3384113142600709, 6.753926803123134, 2.412767130772645, 0.5658188264451631, 0.46798712050052516, 0.667242864898856
0.9282431289818774, 9.42570464686311, 0.1094009989473328, 0.06750677256117099, 11.176687430181396, 0.05988916185717619, 0.5622466823286414, 0.718099177946702, 0.8505819557253759
0.49015848079643154, 0.8143321854129915, 0.3764421028367586, 0.9318249062382082, 5.22470163879216, 3.7214023076685048, 0.8517246405040414, 0.752866798483016, 0.07400574616265554
0.3097130249184976, 6.525426973232927, 0.042490807941912734, 0.42588089667311513, 13.44597007410121, 5.104582244082118, 0.6971470463285762, 0.9604038947786507, 0.012981470374546444
0.7686574297921182, 6.441063016734536, 0.21884529411412446, 0.7250360093265974, 14.4235941004304, 0.5069842878907405, 0.07373418008898647, 0.6702068295232861, 0.8126371557949168
0.3049252889369021, 6.883578732979098, 0.9770386823594351, 0.04121423053766193, 16.957520388765314, 4.290384584085421, 0.7724883332613977, 0.7316227410410061, 0.633758316084482
0.571766049124534, 7.307228592756932, 0.7903722765808178, 0.2639829080041517, 8.976345904233217, 3.5095837969995536, 0.7555903799090973, 0.7633366318735673, 0.5797551208851844
0.04940672133113455, 0.10986274028770393, 0.8339280163869401, 0.9735325845607237, 10.25059473101075, 4.19044511723806, 0.16396276892327666, 0.7787247085859735, 0.9215153371111076
0.5070651563819439, 9.766999423039158, 0.3661722421972694, 0.3447897732376979, 14.27343249507279, 5.455675711368764, 0.905472647777325, 0.2972312392923049, 0.37337298690552045
0.9077098467375021, 4.905052305135339, 0.24053994107820076, 0.2580990207122319, 0.5244554661523426, 5.020635788876001, 0.6819070802744759, 0.7096934055215345, 0.48863309032443436
0.16201902297542803, 1.34536981820642, 0.679889248670356, 0.6372815616437878, 4.324481370687128, 4.447221409497539, 0.644908468624914, 0.4990390326980577, 0.3952937858717944
0.317953870093839, 8.633425830797613, 0.9891750898545975, 0.5345817735824618, 2.6324848491874486, 3.70269324945062, 0.6789942612330839, 0.886143647813527, 0.4187959531704337
0.14885011919233115, 2.655663796355725, 0.3362500535051993, 0.7574508975062431, 17.385787380702652, 1.581691426980454, 0.11228807861393275, 0.8799745595542429, 0.6034580203492559
0.09039221914069795, 8.678936214508205, 0.8993127837439141, 0.819433496780576, 1.3130472622911515, 2.613078411698113, 0.6082736615547278, 0.6878972516430072, 0.38221387043086574
0.15385911252079454, 1.0234415468274805, 0.12241809852804997, 0.9086668812501615, 11.130547002325631, 5.613480370785822, 0.1544782557443789, 0.5548733104809729, 0.5433871738692797
0.15153375113600442, 4.808875307344065, 0.5904160669845856, 0.5571222910407679, 5.796473161764881, 5.498844172666626, 0.9205784623368036, 0.8805171785225018, 0.020723532780009157
0.6625743166497761, 1.2003551184194283, 0.6272676005996408, 0.9811980490447144, 2.305277625016564, 0.7020884652795298, 0.43040502490259847, 0.8869937655530852, 0.4091403408434645
0.26498691569108046, 6.433901703128319, 0.01508085695333905, 0.2745159702639808, 15.933122963021768, 1.9463795931348917, 0.3036743578925918, 0.228950104623719, 0.2618498498791042
0.45836128243216634, 3.840960219083235, 0.5213834171666452, 0.5511532379912639, 17.80742227937963, 1.0111090006503056, 0.1137504296460895, 0.9102050056615884, 0.8473272869089384
0.6652609345681427, 5.15259614545985, 0.6753605331209873, 0.6195241192199841, 7.698572001178787, 5.811423283076479, 0.7900949420431724, 0.3824930288805287, 0.3431229439390303
0.6806159191037482, 5.475275376369177, 0.7859482512820244, 0.31154662236761554, 10.530323401795506, 3.270176233289593, 0.9950819267862038, 0.37881126432493806, 0.17373210331413846
0.9135527634664851, 2.974418891850773, 0.919634955462675, 0.48976727896343464, 11.915539021582344, 1.8855085218742291, 0.9357331954911843, 0.8109889843611012, 0.7808802548359817
0.9209588572265319, 7.089313387112685, 0.17473606151394472, 0.34354783078776396, 1.06609423972583, 2.7396897291129676, 0.9988264657366638, 0.24115398579802227, 0.9709871541499325
0.13484517529447537, 3.7425820864547887, 0.8235085300889317, 0.6087807836176284, 12.852281590786475, 0.3798837043249095, 0.8613410746496295, 0.5807683817009561, 0.4934832228889866
0.15450023498973786, 5.67024315068403, 0.5551915747857687, 0.9958476542966948, 8.280833776515781, 5.837285647027002, 0.9331365142117803, 0.4118270732761061, 0.80000599774838
0.6382398879517277, 0.017239581917704028, 0.47341274635467545, 0.03264292947422642, 4.984082400584802, 5.585063247194475, 0.03139036384016913, 0.7900878807787473, 0.9983035458877262
0.27043009550782415, 6.312271695007889, 0.9083536780800149, 0.908554820565469, 13.235825282512497, 3.53643815397555, 0.136444097803902, 0.3525652673545909, 0.769409651565903
0.22168057477196645, 3.267506594434111, 0.5524951609850574, 0.3242132153476328, 7.903408508365901, 3.777261245061653, 0.36268521693260136, 0.4783904642477971, 0.37032330591025686
0.07904034284368933, 3.0613860096107857, 0.3305210100019633, 0.8551615845880229, 10.728561840657633, 5.140667790826258, 0.9463612270157818, 0.5296821351417857, 0.7715438356643693
0.7707000050330972, 2.207611564998506, 0.9992762848171672, 0.6930933005850859, 9.044372261730132, 2.8812889430270854, 0.8066981299094994, 0.011273109931326908, 0.3452562898960164
0.7227245857593695, 0.7712013706661236, 0.6738793189888305, 0.8775570315070894, 5.669656741985909, 0.3523962947164272, 0.7401693154966621, 0.005932219975874675, 0.4054438755841634
0.7085164158409861, 8.048669041546248, 0.28007515951648165, 0.5335487159684851, 19.733691421376605, 2.7982623196323386, 0.13121675430057866, 0.449738484809875, 0.7045256347542824
0.7874632380014795, 7.394162182481596, 0.8766612773243627, 0.44252549778805395, 15.94647039840704, 2.088797277002845, 0.9090557116540815, 0.9343772742322932, 0.3735805215342948
0.39361438761746903, 9.3375455104976, 0.4939664948215362, 0.8676016181769974, 7.9812753553687905, 2.3564829872035036, 0.943687904573012, 0.12811572637954594, 0.9109990288911951
0.7377390797672493, 5.444132714771611, 0.4194034208200288, 0.5332974339923522, 5.120384493689592, 3.816343550141137, 0.018268165164678107, 0.3113074236561444, 0.15468821652675713
0.05791986471688648, 8.285240973485426, 0.6738628912357646, 0.3430295869967983, 14.302879117013065, 3.299850548119353, 0.37530783240512566, 0.808452876728349, 0.541761808324797
0.1280741384249494, 8.766441051724609, 0.1696089815108307, 0.2497371872422801, 7.6128764497086765, 2.400799611281977, 0.0017218304078094882, 0.1381304815191018, 0.5288613308058723
0.562979027328992, 2.750159404527326, 0.6024303596243026, 0.06187717800360171, 12.075696839942296, 2.2261226383171078, 0.0585480007717587, 0.7711389634205628, 0.3342545355995715
0.9278108567356228, 6.640729526586505, 0.7061319386971199, 0.8196253641957075, 4.625319655968672, 1.036722193034292, 0.48253054681932084, 0.17367526216231843, 0.07794644569567155
0.4939313474837076, 3.8633808550891233, 0.44719749822809407, 0.2990758754718671, 12.985388729062116, 2.4148756552811403, 0.5973779679804756, 0.3190972243904182, 0.20500692546466448
0.33401486433189764, 7.4161554343808325, 0.3186486264584316, 0.42650050508960247, 2.614377782773265, 0.2976600191531986, 0.08581483411475821, 0.0872280700995991, 0.08577491382575098
0.7563610275701095, 9.486789944027167, 0.9503534098081416, 0.786900893484978, 8.597515671544738, 3.1861692386283402, 0.8322402501724279, 0.25961366298670063, 0.07878110262779814
0.08041792128542913, 6.834233532344713, 0.5525660069544377, 0.9042917743846626, 1.168793743461023, 5.296509297271741, 0.6389538959304256, 0.6165083019490506, 0.22608164709397183
0.8149297071043974, 4.356713162451733, 0.8785827984214093, 0.46986239767089666, 14.629267193601471, 0.8239318692624096, 0.6070926353108423, 0.27011313216761756, 0.013320356332358951
0.35365898224904035, 9.676561956189344, 0.5293672837708242, 0.5232120110338339, 16.15985225448878, 3.8826571623540067, 0.733516312476348, 0.5842017632801544, 0.6482842853462448
0.4097299565162664, 9.216758193278494, 0.5339236186772274, 0.07390331129372996, 1.3606535626197802, 4.623579491253829, 0.8368871696263768, 0.48545372200458714, 0.30272550761762207
0.36088905851365827, 6.179911393063772, 0.7088043482689166, 0.5445617407830953, 1.5860515749088755, 2.3217077051265695, 0.46048981141671286, 0.7179911758014481, 0.9897586850547321
0.7589344114741837, 5.133024929160676, 0.5086028213802997, 0.6814609316746032, 12.83381553113462, 5.95988270826312, 0.4016837312830487, 0.7468733707435954, 0.46506167342463844
0.30934798787038054, 0.16173564664032414, 0.2746787035636121, 0.21254011414067175, 17.635021230677733, 0.5933849103644875, 0.4784784953200485, 0.7097051163204122, 0.9766137696865217
0.31043137248973773, 9.53081957738761, 0.11798997657686283, 0.16237484296691296, 12.708996898367108, 3.7623321281091857, 0.5326302981378959, 0.6739421550749016, 0.3078384964994535
0.9957032722764166, 6.858345149010861, 0.9993373669913289, 0.17763187556118454, 7.324598172525838, 2.704339064090491, 0.7422099696845049, 0.02715643181417482, 0.35504722889794527
0.592012324539944, 9.670910730497265, 0.502777295300466, 0.9605103652905592, 16.376427184059764, 4.639877041364816, 0.14539618656378772, 0.9720117080832319, 0.8529533497091186
0.1712359881144574, 9.502507456026697, 0.40674595461354135, 0.6008040395320376, 2.958118408106467, 3.795226642154769, 0.9813180375392428, 0.9934743512183346, 0.9328245460948978
0.6710548955569177, 0.4899099423340447, 0.17232374058725586, 0.6972077818318867, 14.91603525713863, 2.344306952862689, 0.042080589028929305, 0.8745192107125761, 0.7363453019921857
0.40280495165767294, 0.48650730515951146, 0.547143815057647, 0.6523125780009313, 7.3830929726721966, 5.270624540079582, 0.09153075193061233, 0.732054050865202, 0.5532593314608384
0.8887239228424617, 5.241681056629847, 0.8391523445266003, 0.5911266177461643, 2.9501902402182445, 5.611708210339186, 0.6952333749565025, 0.7370724262432995, 0.41150532129260553
0.5380073713268416, 0.7423036145696116, 0.9103651152094523, 0.2773961805548367, 0.49996152605325417, 0.7382131890928179, 0.5565529142016583, 0.020359528120116543, 0.6099597426811232
0.7489958542851739, 2.2315010003824565, 0.33035313804918665, 0.6684705531945947, 13.488663763484396, 2.4350177626262948, 0.2840568428828114, 0.7186621149996171, 0.8002709389409328
0.3568841896688666, 2.789361372317436, 0.05260672098888708, 0.1942164692119046, 18.47912097814229, 4.976681254011288, 0.48229968181150007, 0.5956445452893417, 0.19814809914029408
0.6237063599686122, 2.6368771020666646, 0.06706125127812723, 0.43693036583471223, 9.670384414388657, 1.3177990354699416, 0.491219957596734, 0.5858882481980345, 0.3716848211853482
0.37198146499553075, 0.8865835217906126, 0.35623933333239444, 0.5669817349154549, 6.337909301679923, 1.2451434559113894, 0.8283560294807905, 0.6568914415631594, 0.6188463624109043
0.352487381195814, 9.37540143121974, 0.37345542711156254, 0.40495196839624936, 19.29471561293765, 3.6343334759009736, 0.6490093028748771, 0.43560505794822246, 0.6040515514314484
0.21652632325205867, 7.386150557966696, 0.4563677333747279, 0.34113539014533356, 9.488281755739077, 4.841760375353594, 0.8563621286176141, 0.9962826912048477, 0.663124460413692
0.20629807106522058, 5.706531381639101, 0.10639308626038657, 0.11880652647653811, 0.542530896895077, 4.388801283038035, 0.7561673320891203, 0.7057132357250776, 0.7139015961796048
0.4866538957766854, 2.6960178588419192, 0.6137470158581602, 0.27896567433890707, 6.049820258251366, 4.440971671242633, 0.7648169878733845, 0.5031675741435395, 0.7459529238331145
0.15065617155461208, 5.747627425038707, 0.5931502753299077, 0.4939330250388141, 17.261565265253452, 5.171848858535253, 0.09590961978957069, 0.37597097899354104, 0.5297374275573266
0.5640124997219006, 9.233152064176991, 0.7876568271664094, 0.8700843755500631, 12.225944149635357, 4.702382634984626, 0.6763965639738021, 0.06574758518064894, 0.21439311335402744
0.5403580119728776, 6.332796614397904, 0.9190028287079489, 0.4125339517996317, 15.330357165069216, 0.21536366837337906, 0.22985747066644646, 0.6073127586070483, 0.9855718012432323
0.20495619986380298, 8.85553542349056, 0.44062822535143686, 0.4484234725271582, 14.3498649791663, 3.1004024952364517, 0.9354180934353559, 0.3430833245709143, 0.5112908295723986
0.45632741996965265, 9.645007498728663, 0.6484466382189971, 0.4073685051360656, 2.392576143088896, 3.0202539217407747, 0.8239292744770255, 0.787126416925394, 0.40162954617259883
0.9713994514171487, 2.4554519766923444, 0.25889233792542, 0.7276058681794465, 14.090073753004317, 4.685552903174895, 0.04964041773359029, 0.11523341088582706, 0.43787808354502555
0.7229009188374669, 4.070336391307913, 0.29374590479723417, 0.5487231359289113, 9.346891095922341, 2.1321566917441883, 0.3715705097116926, 0.12501607326459396, 0.00022688187065167398
0.5895838007757266, 5.620969386727549, 0.11766365597695205, 0.4402801819080383, 19.129072208268127, 5.786043655484667, 0.5156172996419586, 0.7429117168097078, 0.8591515332825177
0.16853583461767152, 5.883836673271372, 0.0167738243290928, 0.29996062820908787, 17.164137367309927, 0.5631116682529325, 0.9930265046472879, 0.7318740859038473, 0.9340702219288586
0.9845856366179828, 4.540801978722468, 0.25640248495483753, 0.829652914576469, 0.1252338354346616, 4.29606770834314, 0.3549714858339569, 0.8638646086843541, 0.9877408230639647
0.8538455850698282, 9.059453557272793, 0.5553494005779368, 0.08239129803397327, 14.960932473873923, 5.405501593326337, 0.6964374119851464, 0.5535424334446232, 0.7010709304116831
0.9210861283785888, 7.431816058296267, 0.055928685133787126, 0.22628968010603545, 3.6446926308354644, 1.9585562018497242, 0.49682122069158297, 0.6672553785032455, 0.09748818041520946
0.4720268614338591, 2.8722128868752614, 0.4208530380088412, 0.15609868416793715, 11.165904746687879, 5.52079977829856, 0.6983383757757052, 0.5063103140360692, 0.3482629830628009
0.3414071041060063, 5.130786718711674, 0.08224907146445226, 0.006984773386873866, 11.017916965169396, 5.777125549426307, 0.5562780411469708, 0.05885584413652889, 0.45462547235036943
0.789481125865195, 6.358789007510364, 0.09742255848518078, 0.151811032884683, 18.95340511992513, 4.949487004601958, 0.1486166229872421, 0.4689031683795878, 0.9365464483532788
0.905897320854952, 2.2396690655164173, 0.7845107576675407, 0.033528201983956674, 8.890989517040392, 3.970784474217624, 0.10222483970909102, 0.4559650897590566, 0.3059513966276942
0.7630366438324478, 3.618233318973666, 0.338164700289199, 0.7628395734215467, 12.93859351144807, 3.753298269209994, 0.7919770160997802, 0.7913773526845689, 0.3346100880227957
0.37940634618993196, 6.254136320233225, 0.08129809352168704, 0.9816734037677125, 14.966248861534003, 5.526183060970389, 0.3866064833413402, 0.33682034606017686, 0.3380969209121105
0.9385261320941719, 9.282745944906502, 0.9957349268239114, 0.30462281835649596, 19.88867964314236, 3.3600793883719557, 0.08288822991307943, 0.18286657428499775, 0.23116423221939209
0.8263684307380478, 1.3865288845565393, 0.2753971912930535, 0.4432804260534966, 12.098220270777722, 5.304006423206031, 0.2838219368878623, 0.040770364112284074, 0.01289548544535346
0.7759621414644383, 3.221392333350115, 0.01148154131563961, 0.0721265225393668, 14.17695929654794, 4.759004160191248, 0.5934490707786351, 0.3093330219436554, 0.963706023818533
0.2775381933248988, 4.335717989665757, 0.06989826506474262, 0.026149848601196957, 4.637154777520617, 3.2806526502406506, 0.09628515678555061, 0.059529182309484785, 0.9745407942191944
0.6665000723021562, 7.586050911470105, 0.7059655723757776, 0.26751376015736905, 18.714811952158577, 5.721160312110449, 0.3067117240306215, 0.07015380217052802, 0.8636882489484841
0.13451551488177782, 1.942542578900136, 0.08440425618617509, 0.37128698217917566, 12.927692206245913, 2.6621979980176516, 0.5718928922215265, 0.5635983896502974, 0.3962581659948051
0.7087649125865809, 3.0257434302584607, 0.5154886152331265, 0.2544313628047665, 19.68357819161423, 5.678772452171345, 0.12240121806488646, 0.2701869150701014, 0.028135007838199777
0.9088892392675905, 0.46564005231894745, 0.34154229787600754, 0.13782551365590623, 18.985716007245003, 5.6805779865942485, 0.2840256046597811, 0.8148881322339964, 0.21337910578637342
0.859869312403698, 1.694609817717524, 0.8274649807923957, 0.1661588620923219, 16.931419117411657, 5.330334575813861, 0.19780832129018955, 0.04476309888067209, 0.6625025041106939
0.420384234996103, 1.276902274564461, 0.28273515218220346, 0.38903791810835453, 10.697584041370956, 3.4024883035992532, 0.11556483892431757, 0.5880766812798331, 0.5473516368050448
0.9489725588442084, 3.224062704168565, 0.8002424970679564, 0.7212191443541917, 17.777077960782762, 3.4241606889795886, 0.5848012069900006, 0.5538447214621474, 0.26494069180444635
0.5951675548991573, 8.20521276453697, 0.5335330002333801, 0.6166212191566005, 8.126790507976674, 2.5823663620623325, 0.306279419076809, 0.9226542926797503, 0.2599713345971848
0.7934763978683859, 0.9652112896601683, 0.2892639420161366, 0.662725902993387, 7.9263194111354585, 5.705327805143284, 0.12384703179365941, 0.10294777867072369, 0.9377632852577862
0.2593776855140012, 3.280222046786685, 0.4055428277820692, 0.9390909053280364, 12.13524345134038, 4.8566871138138525, 0.698157473993038, 0.9961948036219075, 0.6624859348029427
0,100.0,100
0,89.0,100
6,7.0,93
