$min_samples_split,$min_samples_leaf,$max_features,$max_depth,$threshold,<<pd,>>pf,<<prec
14.660456491874166, 13.631713068770233, 0.9734129341353029, 3.242215599041163, 0.33218609499323015
7.796885912693134, 17.99684097505364, 0.49134182763482553, 7.641880777306445, 0.40915737280810816
17.46194814423168, 2.947730615690634, 0.6984513121848728, 16.662636574034288, 0.9152100430862486
15.806435104802127, 4.88498466394316, 0.9940760796024631, 30.297225055030264, 0.7765612775889336
18.674204679794, 14.075222791659423, 0.701809633787148, 1.566255013489796, 0.9997698467798034
18.016217190749582, 16.88541044555675, 0.9206840035285291, 3.7832481990841837, 0.7528659196540649
13.89258798117129, 9.451185185722549, 0.2293113228903394, 38.25924705053227, 0.5486949832989949
4.660359299254985, 15.179418036579893, 0.4263141533653026, 19.74872506879194, 0.30399021149068106
16.234033433543864, 17.602734923922128, 0.5275270508334018, 2.115037830593528, 0.3832929682173115
18.13819913827786, 12.603422490254836, 0.5848371821677182, 22.34007884916645, 0.9760671246106811
17.292002495126013, 11.159963141463919, 0.81142767483518, 22.343195984334614, 0.5533372888538265
8.905928214832572, 15.045415802125667, 0.5068087307219572, 7.1120649671809515, 0.1251392527510541
9.35374846322303, 10.493411510675354, 0.9489163899135216, 39.77740406577121, 0.21522311843982722
19.82304056101004, 11.367462797649543, 0.5444805684609492, 40.66206113512732, 0.6492582596565133
7.109448949707662, 4.796842879073246, 0.7602907012564938, 14.242036798598429, 0.005997880031702096
9.213217801204935, 16.85703883571894, 0.46285863489043505, 36.39656984193833, 0.36473221340285966
8.724774125341312, 12.386730899302117, 0.30309246701764897, 23.095453855130813, 0.8990137626554747
2.1612311720737134, 1.6411691391871488, 0.20242493620930566, 10.499222507890178, 0.3230046036724056
14.585863824313424, 14.866459938293252, 0.06614155155411411, 43.69952137709052, 0.5058307552810957
18.740064395854866, 1.6377479381883004, 0.10651522967150391, 40.94377687125429, 0.9020407290161455
2.627580592942488, 2.9419298532920073, 0.7473583342817137, 5.74208017485391, 0.04395109835379252
19.992047136600714, 16.875862362243318, 0.4360053050035154, 25.316948594311366, 0.7077564647799258
15.658503101950245, 12.035177443246914, 0.672926279821703, 43.78508175464964, 0.2189024156380115
9.357568734316645, 2.8778763838193093, 0.9722431851598851, 11.419156447644664, 0.01200869670148752
14.986724118961064, 19.028983454567836, 0.6352287554084872, 44.935244329093955, 0.6743321671097252
12.704403000300118, 15.484515550729972, 0.46511944224954954, 38.88730275124669, 0.18594161049934899
10.501655797850512, 18.553798926281303, 0.24429494805114282, 43.825000628469816, 0.25313333186047116
8.020807706309816, 8.438900125007308, 0.2002993025213192, 48.47810591324736, 0.8273613431694207
12.353618085039933, 10.073814576984661, 0.2385891028018648, 15.02807216812714, 0.9238985965138294
5.319433442153786, 17.33101079554043, 0.4992003519231999, 19.31690996456386, 0.04489982308354157
3.9572898985189813, 13.634009134334802, 0.6096655997913875, 32.741621732764095, 0.17335253153046593
11.896770266295935, 17.961260199859986, 0.1433026652319466, 39.12042911308156, 0.6235192960183116
12.169285582303123, 16.956361722484377, 0.969331857412513, 3.381632667972903, 0.031635768235506845
15.231543238662205, 12.82590219922557, 0.3574208932319909, 34.1477536933978, 0.17909756964978318
9.65662841677713, 18.511160458460456, 0.8134501479537096, 44.46648728903903, 0.29265735332555
10.253888170152788, 17.201228311718562, 0.14186970249165284, 33.88107064087758, 0.4585511092811121
12.701207855567702, 11.127516458288957, 0.35255172042168864, 48.70154420274029, 0.5130586264721725
13.478970409990632, 4.497513860153882, 0.22076876943853488, 23.898062946989565, 0.9439706633412976
8.552003340316295, 3.936466797460313, 0.5042005300167608, 44.40302075069428, 0.7943874640793226
18.830047055670224, 11.561289577103373, 0.1769266209062399, 38.01817935194675, 0.8928700458777481
19.000610442747124, 7.228282057634968, 0.1447307309910829, 4.256249753669231, 0.49460282203773887
9.37637134413864, 13.962270184117987, 0.7013313494466706, 32.55663800647186, 0.09368263840244528
10.87449362829051, 2.5787797394220178, 0.4017994274583465, 4.65747063496614, 0.711089974698028
16.928919675156447, 18.089407941221705, 0.015052884367293629, 47.73508274949679, 0.7258271244090632
13.641305644385447, 9.70226750606521, 0.9697521686792987, 2.611526322641639, 0.1005816879393675
11.728923552067414, 8.703220136068035, 0.3564527564385887, 39.73903295648756, 0.22812187352835245
17.006201562095693, 3.815204269217295, 0.38438536916293464, 9.003038211685254, 0.655922717298058
7.219390363221903, 2.992390557667976, 0.4223706833814641, 28.569594910313587, 0.2835146710574218
10.1941380752821, 17.601731477579364, 0.9212689620813718, 11.655733173005999, 0.15419904996609646
8.088951679582797, 5.9851679324647975, 0.17852800726118825, 41.707396201742796, 0.1133710502496148
11.371548212910136, 6.8782433855176315, 0.547158284619254, 14.68733733185927, 0.07866610932564777
5.082794744564695, 7.160534343535689, 0.35224205623200056, 44.614987196315106, 0.7989858468489969
19.2151576315427, 1.7980684170206729, 0.5923371998078544, 43.012369285098856, 0.15110303923047963
9.371637699592757, 7.767772679618169, 0.09861316282209634, 23.337593706950866, 0.26269750757687726
8.357386237711992, 19.373847154382094, 0.373823379606344, 34.010307482546274, 0.34478472933006765
9.925597374355402, 17.36766465039486, 0.8259883749319796, 42.29517281083796, 0.6311603890792603
8.993271022217497, 7.608999074895723, 0.08475420326733105, 44.80019438254274, 0.20348404393451425
15.139102110716031, 5.692243519116512, 0.33338777038076234, 14.598547651250197, 0.8490162641283315
5.088309591088866, 13.943196901525027, 0.039499030633607046, 10.305991623243612, 0.9984471992095194
6.166233855417793, 17.3656668636655, 0.8722374838109799, 9.30421613952096, 0.6876331359882507
14.580803786106744, 9.62268857377284, 0.22459171041802178, 14.216380462034913, 0.12938339646396568
10.065445580205015, 13.588947133594917, 0.8053721951696009, 38.89068281639506, 0.28768387195568224
9.345869124669218, 14.324098902708592, 0.7441202271904597, 23.229663373516928, 0.48499563747953867
3.3261253527430474, 18.989174819222296, 0.3809884449790412, 24.77832920351487, 0.2346664573892958
6.309718050372781, 1.0655042216752144, 0.8272874695387537, 11.824159642220794, 0.4329354835191067
18.649864932212427, 18.856749709698313, 0.24340329768959224, 4.100313016288379, 0.05781170474958741
5.370505530357357, 4.571995613198116, 0.8497446560240213, 22.468374283129506, 0.841807784179251
3.2956551712243156, 2.5852163681227043, 0.3640755394509854, 43.13265332524181, 0.7589349701453927
11.029420198936545, 11.671292897348017, 0.6317154925926959, 6.908441954885904, 0.7490538351132819
12.691615919132564, 7.416080095824391, 0.5769293286255514, 9.727159867926876, 0.6159160729418579
18.87934594415462, 11.300207905628975, 0.07694997227200442, 17.83229341548946, 0.08894184639308689
16.537748954140095, 3.6975287960218584, 0.9922646770877326, 19.633006377903282, 0.9709905045450559
11.801799901809883, 8.070544853525668, 0.8393801498545534, 19.231371254524618, 0.49194476337099957
7.21772355192447, 2.8026778236768655, 0.5483797892295651, 48.844719553522026, 0.7674100745535873
14.885598310458793, 11.423678391454288, 0.6148210958194403, 5.09486250389152, 0.9069869229076867
11.894826227830398, 19.813056605826496, 0.7423009629882567, 30.07852562431892, 0.49281396325616467
9.485915697176008, 4.650865686186583, 0.25958086442735506, 2.5225291854539718, 0.19634095662689477
18.8603069128123, 13.999394762621169, 0.07080030480556065, 12.376890246683592, 0.9795967112884724
10.932797704571103, 9.081833136764018, 0.5832494726497259, 32.72446473760746, 0.1963251554403862
15.571775753469204, 14.501025650978953, 0.8372838105858549, 21.961450479479254, 0.2838396718755354
11.540081622912231, 10.478161091959542, 0.9524001053506542, 37.38614543570905, 0.08666410138698089
13.703482663617546, 1.7703407439627945, 0.838259036332237, 48.219197424562, 0.4448888934051075
19.225946087581807, 3.7559182867585648, 0.4336098294309556, 26.044112153924946, 0.9390754284186492
11.462748076355624, 17.721435523372428, 0.4403188876138434, 12.207848477481818, 0.504353329126758
11.777213469334596, 16.0435821323927, 0.5789340910528484, 8.595076378280993, 0.1217418278453235
4.262794588913227, 6.750926644892202, 0.9201732254935827, 35.4985198373613, 0.17883729985182495
6.129722984860709, 4.868205738402976, 0.43973866741984424, 31.03462037147474, 0.04822803860294311
19.182653615263675, 16.444595702328876, 0.3648326147342508, 11.656503857753325, 0.19193001582707392
18.014560176602426, 7.82062927704501, 0.06319249809081626, 22.711871140634486, 0.8130571783679088
19.738652839939018, 11.789809836317325, 0.8812818431294461, 26.292517917216326, 0.9585021532674195
11.493403320349532, 5.1038562344376155, 0.45962776290205876, 24.526100876489586, 0.1144413001173239
12.583969543440162, 3.702707271373618, 0.2563771150448974, 14.327576030369615, 0.761835391438348
5.33585957924889, 4.792745186936257, 0.778504149969628, 23.5229848210193, 0.6460281639044654
19.424747206544353, 15.527563122239641, 0.1111182084758985, 32.725947563663276, 0.2139920101271261
2.942113192234907, 5.4527582103050065, 0.8120091670303893, 21.58916110082915, 0.07734686167227522
8.710524719633403, 1.2043837744041852, 0.24073912676576728, 16.119673423813534, 0.05135520145552841
2.2867972940875463, 17.8053880754242, 0.3775164482318285, 3.2988765480231796, 0.7696090766832595
13.619772323409133, 11.038779112166624, 0.9806175451484512, 37.66625302968966, 0.8205605508725666
14.879943905781783, 19.991946893721035, 0.862200591019678, 45.91085928828532, 0.28969697840777964
7.764896548293015, 18.885522438319818, 0.9501647731903263, 1.2310828135321494, 0.9832015756436737
44,77.0,100
9,35.0,100
25,41.0,62
