$infoPrune,$min,$threshold,$wriggle,$depthMax,$depthMin,$optionminsize,$treeprune,$whereprune,<<pd,>>pf,<<prec
0.6508662384531123, 7.753315844757864, 0.12458944506750147, 0.5237150262203852, 9.954088716919628, 0.43690108858399146, 0.5126284765806461, 0.7923403096751277, 0.6108779169094151
0.7898703572861976, 8.402462665707558, 0.928437054119643, 0.9429926484655267, 13.332737510267496, 0.26558264306969037, 0.3590491618808844, 0.018676877073862785, 0.21265084974528148
0.39316706397809686, 5.273368919570286, 0.8775822175205176, 0.20639912305327135, 13.087160562147798, 1.5315955171999667, 0.3269918868310644, 0.889262572047603, 0.3617538555015207
0.7429710333154309, 7.448764336813559, 0.5271735756350558, 0.752470836242077, 11.190004564766332, 2.8368993172124437, 0.154116981203556, 0.23508413806991513, 0.9074351410961744
0.8759192372235786, 4.261011920587055, 0.11491831722183932, 0.578048075779812, 5.234619847445627, 0.9409706283081802, 0.3867082342329121, 0.2855610186669776, 0.9626706675375064
0.2257519910307173, 0.6668475488384806, 0.3949776058027975, 0.7624215356521127, 1.2623158657407951, 4.411425086358227, 0.1311616802254877, 0.4037916849616642, 0.5546645254522024
0.5756857017605149, 7.329451666720441, 0.3695917731590539, 0.272874132452367, 17.376498244715087, 5.524601505606006, 0.819056425166637, 0.08483088668123184, 0.787404753152972
0.6553886107016041, 3.5746588875150165, 0.5494375849326385, 0.11660224228517257, 16.619394505916606, 2.4981372227845653, 0.505288142426392, 0.9907525160435999, 0.05776677060671109
0.5663058975427749, 2.2569571850681127, 0.823260197822464, 0.4063034760260512, 13.093090371846682, 4.63302676468899, 0.596839030205823, 0.9400271911029713, 0.5429920203501502
0.4661639107580433, 7.009831124519966, 0.9720690564056325, 0.9706914019705097, 19.068868634866536, 3.136914345744134, 0.5736290645736879, 0.8881163444806464, 0.8436884304094199
0.1563855214642338, 5.66169780347824, 0.7053246556359193, 0.516265068166586, 5.9421339566454545, 5.268445692330492, 0.3458087711888753, 0.038706373691199, 0.0969948767248433
0.14603350049053987, 1.7571921239821031, 0.655813447387727, 0.8755736350006761, 10.504818093705078, 4.582566417073828, 0.2714324571840593, 0.24945269622748123, 0.3675286028507053
0.05347416481984513, 1.6385624974161817, 0.09820798565453437, 0.8632934937450735, 1.152816560033516, 5.688832918532336, 0.6378513329955431, 0.30495602448187575, 0.12813416885632822
0.7903365951423278, 7.248138625762319, 0.4807116322433983, 0.6848429384018825, 19.023637334700616, 2.4266150268537325, 0.8053596532227099, 0.06767351693881163, 0.7761233379135355
0.24028538132302335, 7.849485282850438, 0.9591478838189209, 0.7792916725832951, 19.382599655229104, 5.2349414444901115, 0.2272565568126066, 0.8054439814918912, 0.6802823294579716
0.6510102861961683, 5.339843680114504, 0.8057740095387991, 0.5400494446860278, 2.856362787474258, 3.0030273589559275, 0.9199685152359205, 0.5847082429065001, 0.19290452323070328
0.9167742729655094, 3.74985529361348, 0.3356123275530114, 0.29595363221149884, 1.2145642204590623, 4.128769748801994, 0.1882146575310295, 0.33207618368811787, 0.17988106930401804
0.9825327727678126, 0.761843920373324, 0.5641523108338654, 0.9363087367531021, 3.342442529272507, 4.3761702929109525, 0.7505292874218416, 0.28079843825976314, 0.0666795620614663
0.5778758705047896, 6.942934193483735, 0.1708275548520063, 0.209317856728799, 12.032858806938467, 5.322553934226741, 0.2472859751973825, 0.4636388620917925, 0.5461790907182128
0.01858549913013674, 4.401366060556341, 0.8079084444933035, 0.6139764042867849, 0.5632555323581667, 1.7088688912403927, 0.7210480426824889, 0.735548530522869, 0.41678465672561216
0.7892854209156005, 4.166838990222425, 0.7713822127858072, 0.8317111010943475, 5.221201058789622, 0.8065201076968067, 0.23421127767633276, 0.08945828081566853, 0.0602370934928913
0.1832418847536189, 7.098578973485412, 0.9427668131777942, 0.33474987248325405, 14.280805059336046, 5.8739778087067585, 0.029327089171945375, 0.3113648366886459, 0.5561140958297976
0.7013404838496806, 5.312548980195414, 0.0978173024214758, 0.1366215941393908, 6.2175464200858865, 1.9911236836281025, 0.639178187745947, 0.0016429438929876916, 0.4519629788390972
0.9672155219154659, 3.1569053108625433, 0.6259415312644763, 0.6347402822852392, 14.26969774891101, 1.9622889368693914, 0.03786526069210694, 0.3269964903892273, 0.5416287578119384
0.11239435496009964, 8.501557381674786, 0.34813506669855954, 0.2372985069549568, 4.504787173033822, 1.328645619504411, 0.004750271492238944, 0.48852689992847986, 0.8471813210180132
0.6318783064629749, 9.413972584695586, 0.9122616594161116, 0.09224390212552047, 5.154546551520429, 0.6036258676212838, 0.03830299248039126, 0.18327628673946306, 0.8732816556148151
0.445927540958836, 3.7851179021640116, 0.7899766622772622, 0.6197018306907789, 0.19581989232073438, 3.584466647813647, 0.9141167744772833, 0.736603969386047, 0.4158190235791912
0.6878173623050045, 7.197487778542947, 0.09594704392320463, 0.5299092620318662, 12.546144187925147, 2.5400518951856355, 0.34075466940379207, 0.824559381368665, 0.8127737813854246
0.9973360019901295, 3.17233144770893, 0.2910557709077203, 0.6468924855352614, 3.0051264019722845, 2.6852741387415953, 0.5305709042969637, 0.8758586257557738, 0.8102007216644834
0.975999687211943, 0.6982568499093134, 0.4199289948397221, 0.2927422741714044, 5.205214577959438, 4.811668829840462, 0.85312921639271, 0.9425722006222125, 0.4875629443444275
0.8354662384448365, 0.07580626437062365, 0.5682451614874772, 0.06897143356743418, 13.95573481834181, 3.8311406336233405, 0.42101393947369614, 0.006417311763100564, 0.59379440541805
0.11499326729548376, 3.2095086700095923, 0.7243312897883941, 0.478186080521694, 1.4584837355061198, 5.535676182211416, 0.43048936290474193, 0.5175294589697905, 0.7033237850392768
0.9225640839084267, 0.9064967783933509, 0.1479381737071993, 0.9080139723320801, 5.65827650064392, 5.689147554196911, 0.192028112589556, 0.7682372326785455, 0.7511502250031583
0.12181763116231559, 0.9183222055159879, 0.34281053372525216, 0.9060791215032463, 17.641945095745537, 1.4047727526878486, 0.7282576045013409, 0.8593665318326471, 0.16829809581225574
0.45640004116834487, 8.431555624298397, 0.36340114126056866, 0.34142844011586426, 16.72875569369917, 2.612208244146574, 0.12452610674525877, 0.6598871948181887, 0.5889713843740629
0.8626107292910665, 1.3665425816679966, 0.4094085853365538, 0.2277884961414357, 6.268543604641581, 4.807507268267836, 0.7873776017848915, 0.3210248711920949, 0.7134609950580992
0.20259274795708815, 8.519081784443049, 0.1240200645584828, 0.23252451706667, 14.262376207598525, 4.309514619919142, 0.7509726216949906, 0.35302284083613755, 0.21349217547291077
0.9966423299402414, 9.928177564526422, 0.8012772311149183, 0.7285530446641264, 2.7022729276967117, 5.822026037937058, 0.3565677887287292, 0.2942858130935616, 0.7485085325903359
0.9641465141106055, 0.4597111618876737, 0.9091073145457608, 0.9570387070097969, 4.527538355236603, 2.896029521512734, 0.9617943173924974, 0.3396476952715084, 0.190220135317413
0.4811544883934078, 9.308838416086658, 0.3733845370207395, 0.7817201375095557, 13.863926037818208, 5.239135681677982, 0.2831950018440077, 0.0009445102818008699, 0.24806554307530249
0.5096995451911595, 1.28956181482615, 0.5722899056026101, 0.970050605782409, 8.275822908684988, 4.563695889395588, 0.660968313767706, 0.12903329132046082, 0.3096704870889039
0.06467890863069203, 8.556977760505802, 0.14554477336303207, 0.10226633854990719, 5.7593050680922175, 4.868683622621992, 0.4887080952667495, 0.7970639708631223, 0.5778804061100301
0.36441091040214724, 9.261092075921596, 0.08580212686442368, 0.70524157822697, 14.275903737730209, 5.099834255758028, 0.6033808126365856, 0.6747723258797814, 0.06495408885033083
0.5739537513582178, 9.22763896263194, 0.24798090232557068, 0.8914339052008624, 7.634069469642899, 1.0721087874035486, 0.5378798888000946, 0.8477740010728402, 0.895769978029811
0.9295917496729242, 9.398817926131306, 0.25772121671731574, 0.8839947154983127, 18.58710624274662, 4.11271549051045, 0.9788281494727132, 0.6796771613765136, 0.8127433642065662
0.6994762783128189, 2.2891434486514664, 0.6589000744074046, 0.5197594516277121, 16.393572488126114, 4.566343572879636, 0.5973837545993281, 0.3736832029289009, 0.5388116751041245
0.05288125934266741, 9.342547593383854, 0.3171216491198545, 0.8669825689384516, 8.340291638635083, 1.7804625575913955, 0.6691884738119858, 0.30839053340982825, 0.899911458488474
0.5359574358996682, 7.887866683785576, 0.9635682090986714, 0.6904810993644871, 1.991579667131964, 2.5863884249538858, 0.694967183752769, 0.06958160323781681, 0.9763235013697965
0.7830158118608777, 1.4533246550816092, 0.4269366790427732, 0.6723156113229868, 14.347421146067346, 1.3041633076746342, 0.2047635365211179, 0.43774591809215013, 0.4212190891725138
0.04188488042357341, 0.9184524144534845, 0.241673707113354, 0.9681914600919909, 7.887359479236872, 0.2748794323214614, 0.7300824048424415, 0.24635070484016708, 0.8036089072893714
0.28160144385259767, 2.1299527156850417, 0.17479665921980203, 0.2298267394528939, 15.699069302948734, 0.95884815181948, 0.43980806823952445, 0.05408302230663353, 0.907452708814012
0.12376582676897563, 6.312123966171274, 0.49345636717497154, 0.7762564342014556, 14.793596802819113, 3.823803498828169, 0.875187031251024, 0.9801514428746184, 0.2564372054036864
0.19816357188689937, 3.645014232094581, 0.8814633960046487, 0.8364623107756078, 2.917268840918994, 2.787613960408137, 0.6531468081133045, 0.39257122334842975, 0.7123665569168453
0.7827782213061258, 5.784882085913495, 0.35579468555673677, 0.21854396540560683, 0.47151726055668197, 2.5134725992447944, 0.5689885797402585, 0.505432928936739, 0.801423422523346
0.5070270512623519, 7.589595232469435, 0.1734756792533818, 0.47489673364697216, 9.942750398397147, 0.6354425911252672, 0.36258516167278443, 0.3245819700057284, 0.9570971895170266
0.7399255476843786, 7.123358312284119, 0.9369977882075882, 0.8667735862449216, 15.278623491264291, 4.3288869417703495, 0.5564694438330532, 0.9628047390668989, 0.24762155823856213
0.7075934108663379, 6.523571928667864, 0.2816025331590918, 0.6825568984071928, 7.742435018894572, 1.3143956635240068, 0.3209670172958403, 0.5806750544149113, 0.9120140281833032
0.6080255209169615, 1.6248110477319433, 0.24735646778744458, 0.3000936194696836, 4.433321513881299, 1.2725595756818975, 0.22371110483792578, 0.5801322165370443, 0.6800411393465022
0.7816643728300848, 7.26846403414058, 0.12826472262174804, 0.34556741497765175, 19.857355461661705, 2.130121354479938, 0.06785619371911433, 0.6223759758859148, 0.48172319247534745
0.15828168954632205, 2.734026948737008, 0.8282173518326262, 0.8497806008659164, 15.269216417495539, 2.7397015516863568, 0.10104194715247472, 0.59069383496391, 0.9851482665835707
0.7496072527520099, 5.238080583407014, 0.9230861174040506, 0.5401866312135483, 1.0005252979506474, 2.143362549710538, 0.8034215417372153, 0.6940467121412343, 0.04123778007108658
0.6052036180865463, 6.838966543635527, 0.8212568514286913, 0.23376880030648517, 4.123142932072012, 4.870224830730796, 0.6536795281742267, 0.19850924313383245, 0.8133639305936239
0.9096555142324331, 6.286375595561075, 0.8320970009620182, 0.9621959834489469, 19.65814193408224, 2.479486874310811, 0.9162993430279595, 0.9028548124000856, 0.6054379241493046
0.36222331114613127, 1.8760710586322382, 0.8138738061951867, 0.5326373059882783, 13.052286963913616, 3.4848465743706756, 0.8164511296568213, 0.7762180983689516, 0.9300740950178796
0.13307446510449306, 1.3750016147299815, 0.03305906001938641, 0.8204913485183596, 7.400213772793935, 4.242840189006544, 0.5212370256524743, 0.9033569787952213, 0.03529778856439525
0.678846545841058, 1.6600384940301105, 0.7458701180654745, 0.8145468476552397, 11.280919940836265, 2.085725854224424, 0.1671490277606329, 0.674079103910186, 0.5835051074671771
0.5971429400101881, 9.675505046358971, 0.48883095906779583, 0.6225599583566069, 10.171184039637165, 0.2323883749991731, 0.7814383879030666, 0.9109292979104286, 0.9302599523355373
0.9924376496184972, 2.0181906791362323, 0.2562167997935275, 0.035500927512263636, 7.344704955618084, 2.1896732853958447, 0.43510470583838423, 0.012685420203039866, 0.09917328682327842
0.6838536622736445, 9.38751238071775, 0.4913319368914534, 0.7564710194349639, 1.2227966307921623, 4.177132322347957, 0.8698218423140861, 0.07991899776836187, 0.5392131438265351
0.048261663323617365, 4.327779524603171, 0.8702953531207391, 0.14931473724028677, 7.19987118594589, 5.9225448621108665, 0.23176484488789262, 0.7051371107365392, 0.7134410579378497
0.7070415054836475, 5.124006546106575, 0.40117878756223635, 0.10835556638271115, 4.61825990112934, 1.1357062574896593, 0.8927012480051364, 0.7487767109590949, 0.8788301875316952
0.4657436650201817, 7.634209559468452, 0.17272285411522115, 0.4370282296486272, 19.721083226757465, 4.5543741453938935, 0.5932695786383664, 0.002943871963535405, 0.6750354671468659
0.8972955591972834, 0.660261827981734, 0.8698160824681244, 0.24267351060160747, 5.631158118102548, 1.320860994850233, 0.8733510266535761, 0.8173108136962524, 0.4126081938773437
0.2304281616748649, 9.433425237514658, 0.2867135395946222, 0.6179277666161499, 4.51650719500162, 1.6231818336128632, 0.08562006255838961, 0.7492064373979093, 0.8634201832341769
0.9026228985210588, 4.466077304448943, 0.812243191402597, 0.11178176009544516, 9.572167824996798, 5.336628634244134, 0.43622339046993586, 0.9393645884632891, 0.4282059759369887
0.6216673221616096, 5.7185016914962965, 0.5129235687645397, 0.585845045822001, 10.83607446455703, 1.5976814249634963, 0.6295163780135152, 0.3883537213389976, 0.9234635676077744
0.31236171620572606, 9.215831681318567, 0.3498717383110872, 0.8746987122772552, 8.067796891665687, 0.2754821715555362, 0.8611781219267381, 0.520774270080389, 0.0031700479655188962
0.03095175833195518, 7.075809610219109, 0.07745055900049902, 0.9610868554804736, 7.900603383914184, 4.197471482663179, 0.15043647020318895, 0.9825913317135261, 0.5544356913597307
0.6620605267984777, 7.96913673081079, 0.7658017438406994, 0.2468470930724549, 7.248349738282611, 0.2952802725686057, 0.1405862362735456, 0.47783020641315455, 0.5438865109937754
0.6596905303517077, 2.533690643910985, 0.3633808523284171, 0.5006076354108708, 16.929871818116194, 3.480730018758827, 0.44863744553320695, 0.38619128020972726, 0.43954620976779946
0.6966596257593122, 2.308291179316071, 0.8139652890471194, 0.17414360208253166, 12.92849764857242, 3.2014599249602727, 0.7092436227184721, 0.72884816092602, 0.2763947983639372
0.09423781980423895, 2.482710517911222, 0.4621456738134275, 0.9331353490467138, 19.48850977673637, 3.3127563115481555, 0.22582671199115079, 0.4056774284648188, 0.2418549630598117
0.8505167926198903, 5.785121487033034, 0.5705684140198702, 0.8802782160573026, 8.734021594138655, 1.5876175062042153, 0.19420981962372352, 0.9069218580636838, 0.6020588708951204
0.7898105828454467, 9.721064543786309, 0.6030646195984966, 0.1354323364142478, 1.942219275713002, 5.953033538955552, 0.5989025165713486, 0.271282066471188, 0.9086672922476569
0.6194911952249882, 2.265972500031046, 0.7387265094372564, 0.7280281311076094, 7.359682139242667, 4.256820904894596, 0.6747141305698557, 0.2695466421610154, 0.017917609588022354
0.9627515563902469, 2.897317133936943, 0.9177773030086598, 0.22381525958133996, 5.937838899228174, 0.08409008283029662, 0.41360003679612745, 0.522217226061431, 0.036969612944605434
0.40203208427759285, 9.548188617203536, 0.7927513231995343, 0.27509434006985, 14.118173096908732, 2.8224039163649577, 0.604221337557735, 0.5815735627156432, 0.8678656260983512
0.8444277684799187, 2.166423147302999, 0.9101346627847908, 0.3044175893001747, 4.350640945975162, 2.376860898037096, 0.5776597795529345, 0.6141683111537412, 0.16668677018297962
0.5058423126775803, 1.107463009791575, 0.5303430862089179, 0.5165155222659517, 14.56536775956657, 4.588377944817333, 0.520328690830306, 0.35103852881704634, 0.5844547796601433
0.07387076960555239, 9.54911771283427, 0.6670407547933169, 0.5545303719984546, 17.666523011299855, 2.432739719344612, 0.8680206336592534, 0.007656192031482267, 0.9655805207857251
0.2730206474417587, 6.502395821804012, 0.7559901278771328, 0.04054454799406948, 0.6663324301144291, 0.3753708235201818, 0.9995232039916339, 0.40980258987086016, 0.35216376203278066
0.9174779842423056, 7.460650694497911, 0.1317921046681001, 0.2891978135004366, 9.195694767838095, 4.94535647070332, 0.8217284895911384, 0.6099276627156426, 0.5399325516845556
0.1853636822938639, 4.360329409386666, 0.04513701577887963, 0.8995105601879505, 17.079304039444978, 1.2234223893339553, 0.31188693747724794, 0.41518419554884023, 0.07062113686455906
0.48194594477486175, 0.407594778346797, 0.040349344887941285, 0.22414038821028193, 17.690995520567455, 2.42830456044204, 0.6261275460164045, 0.4375856695077128, 0.4694519965662016
0.1973927612831018, 0.6628879189317027, 0.8679081862839249, 0.8622351144892916, 13.475448423485597, 0.34068329597872027, 0.8454190613589249, 0.722521919138034, 0.27506535240043073
0.15172508392677653, 8.689814968068523, 0.214822287456371, 0.8896178658207143, 10.046812134661922, 0.3753698789694868, 0.8066335380836995, 0.29444167576163394, 0.8353804623351463
0.4315981279428627, 5.001184932317767, 0.9673189782116594, 0.9229822785963029, 10.927235114914009, 3.9368265372858966, 0.8190164952510967, 0.34402487978148055, 0.3755011499247075
0.08905321333565563, 4.971366755317091, 0.6848750190342711, 0.5394459359565804, 7.005398650426081, 1.0500167295006937, 0.7438318893638937, 0.3388610560638602, 0.9541765552082501
0.7434167051804027, 0.9878894790692805, 0.988479219237326, 0.7472823577043891, 17.05953062916407, 0.7137837430070781, 0.20880004169546196, 0.505035558563502, 0.15446239839666387
0.5231162046338955, 8.159941273618495, 0.7203919345605079, 0.7713226730916433, 18.438197942945756, 1.6357673737408926, 0.7356478431384537, 0.18584121735110481, 0.5532196374533104
0,85.5,100
0,78.0,100
42,60.0,76
