$min_samples_split,$min_samples_leaf,$max_leaf_nodes,$m_estimators,$max_features,$threshold,<<pd,>>pf,<<prec
14.370421954071013, 4.206412868396082, 31.070194684625022, 131.39165130633097, 0.09737677238249964, 0.8891062796632594
6.608072539860842, 5.064043405955353, 15.529667004042071, 115.9277711193002, 0.8422208097228898, 0.05720612016334876
17.501625730477738, 6.745994386736437, 39.95422606139108, 125.16410821339325, 0.6304220282837804, 0.6674782552807218
18.35042824743655, 4.777937766786645, 12.467836088287235, 64.95953364982753, 0.06999496907963257, 0.3436706125250881
4.47533788942872, 5.051587203216896, 47.52938639489032, 92.34406579606565, 0.5418814402295027, 0.9056476728117188
13.57233587400281, 11.150882738662618, 26.67722657903046, 125.73845164704117, 0.8240608212578482, 0.3056441147288245
9.213852255085763, 10.553828268533312, 10.055312739623744, 141.00757714731276, 0.475035375876961, 0.42760133269528955
15.914622652499148, 18.218367941897483, 38.18844822995372, 58.6548865392696, 0.5485629985353929, 0.4197129400663832
10.752882886268335, 11.962063699851013, 30.287036169874987, 61.336369765881805, 0.7678260843907279, 0.4774371451829519
16.057299392116004, 16.569988706774588, 20.103518768656315, 114.23532184423466, 0.30249115418583333, 0.05911698756365481
15.391693162298901, 10.857206120016775, 26.825712030335914, 87.00718461415462, 0.998276510657869, 0.5792820903469476
4.245396150442585, 13.433584964650334, 18.25743635465068, 116.57572264517788, 0.2961852556416884, 0.8076800981668477
11.672761353481452, 10.125748009891069, 36.97657474540175, 96.4211346319827, 0.7235030248609238, 0.9956333968070195
8.456030280706209, 11.424036970191136, 25.94475443166846, 104.9846975444183, 0.11420414942266918, 0.47861966399313954
12.537848946260365, 19.376148325401832, 20.458972811309486, 70.87887624734066, 0.37129707816310015, 0.3116371934300234
19.569459703510073, 3.874558777722687, 48.6877879927578, 103.34301347856584, 0.5786987486419882, 0.5656436463080304
2.449037171287391, 19.382907292461468, 29.39862518881203, 92.18257162231801, 0.6540506850453265, 0.4445274653367731
1.0890660667628422, 16.34230689425253, 17.746967170123717, 124.61233572925018, 0.7231682866603373, 0.22004194943543376
4.55169293558604, 8.350543531069615, 48.232281953686474, 132.08915830370447, 0.9335214260136877, 0.35648546065131376
5.5251059043992665, 7.962398538502006, 27.239981536680894, 142.6111080184687, 0.04749440038470293, 0.6336077139852411
6.924405392501469, 18.642606514444108, 40.230069673974896, 84.3707884988722, 0.19221696113222198, 0.8554120947073092
18.930998787137693, 19.400678174230148, 48.43904126131388, 84.02657122209021, 0.6234540380770933, 0.334785021794407
1.521659911092398, 16.002487515246308, 20.886476276318014, 54.31856383811665, 0.23583216667108597, 0.7550937659195557
18.226434550780926, 8.395220425376607, 42.92769382123496, 62.882311759236096, 0.18646221626294188, 0.3586549517100897
4.905770843098161, 2.181904644179056, 45.466877085509076, 119.11613309719804, 0.08719769763147897, 0.8121146331421056
15.283488005411417, 11.691227488694823, 41.951230420299886, 63.82532977231443, 0.35960451215843414, 0.9238757382659432
11.93417472931485, 3.925845990067161, 34.606144508072006, 136.08607519490454, 0.4776806307150097, 0.4264173602153032
11.955709293628885, 9.17225210479798, 31.197601637444123, 83.99196661113656, 0.672204628464046, 0.8587261090418946
17.17953381997667, 7.749604419041329, 40.837933173432376, 55.252126315105244, 0.5738265092337494, 0.7847483317618846
12.166801781165537, 11.948375155389197, 11.815899526066165, 107.15743192879867, 0.9234475578732537, 0.5887296712705161
13.01994015611063, 16.997211082378662, 38.06421051610829, 148.9506516974582, 0.9204524622261422, 0.10778178298661732
18.968032825711493, 19.48542215813669, 45.77465201112946, 110.92714219182216, 0.44490565055274695, 0.47148690256499975
1.1922502837110862, 9.818299327693937, 12.314028068341155, 139.95635059376983, 0.2334980433573226, 0.8854172641998819
10.662604325200949, 11.685073689475653, 25.040548548473364, 56.952058681739594, 0.580424865443475, 0.48875353956471745
6.199835680038015, 14.23378972606025, 42.2712033930052, 109.84598499585576, 0.8168919894641834, 0.7578306682372971
17.927208079382943, 2.351063808767503, 11.554891019181955, 109.31568839939433, 0.7923993810077138, 0.8743218607000549
10.697328137875896, 3.961236157476695, 22.479470313895938, 74.74623848346279, 0.6558509195156599, 0.7804121528222435
10.755374451429812, 2.9859680759095175, 13.734257298024328, 78.58910333496848, 0.04951979467936869, 0.697352056254443
5.3565124207339165, 10.716875023759618, 13.237624330805318, 128.42414498438154, 0.907008847940691, 0.5966522840315716
1.4712684704515138, 11.57895285562083, 27.81407546992041, 135.1594604793274, 0.5117154227852917, 0.47155126190192836
8.747836415841673, 10.19933307041562, 39.40231762889346, 120.97574229672425, 0.5930313407899305, 0.6771010314969114
19.1992944770482, 7.913586748343902, 41.23835002823793, 50.47530624910222, 0.6336379736109106, 0.4788371785127059
3.529899591078713, 17.564974923750764, 22.207056085018447, 122.73165238672158, 0.4058384949835286, 0.44193509778282414
10.320329757492864, 9.325477443733192, 21.54884961448609, 50.584500161439564, 0.40986868865082127, 0.3697129884883739
19.62308913873899, 2.2898781340318948, 31.210316289458607, 81.89324633905811, 0.12490381913372524, 0.7523061019947409
7.584945256891096, 3.4003168023507415, 48.51828039959143, 73.92358898283314, 0.9302116818858616, 0.5386685806362483
19.813324975614158, 8.732993520246739, 11.552112825182581, 95.6007885345737, 0.5777672675972595, 0.026170136763310363
5.0439580762065095, 15.863581281797046, 10.463283701738234, 57.00905710834093, 0.819912124186945, 0.7353170153338477
9.600056824672475, 19.45973774401885, 20.286196256639684, 106.12387352353218, 0.12912065195405323, 0.6908634947772765
3.5110862918554706, 10.999519879838967, 34.52952161466233, 117.26624561254073, 0.5325298243467395, 0.45161361527997634
19.51517399888331, 9.702754492871978, 35.458330059263474, 75.47681817808123, 0.04936283032441837, 0.9842862632057418
2.5182015341804522, 16.48377288812295, 41.319742444115306, 140.3327168282198, 0.6521142746472178, 0.26169645638000355
16.09926323756273, 3.1632478555795114, 42.172052585256196, 86.34823852615344, 0.5846823925517491, 0.16908769044757077
17.382396580395294, 2.204830506369907, 29.01906516891036, 102.39063267298991, 0.4301599139053985, 0.6674316361073814
6.430562718492233, 13.73160443917831, 45.891769289954844, 53.43207486396857, 0.23350695125699225, 0.66177109927012
8.283745412995238, 16.547974821575018, 37.747175327284, 110.15904589720596, 0.3092617478344221, 0.3717387579607717
6.338409519719379, 2.0303337220420175, 42.017176340993416, 130.6446512475921, 0.9355641381232658, 0.7891781839858586
10.054160811617354, 19.18440312461371, 37.99105172450854, 90.74670483355892, 0.7977222673339728, 0.6021826220374998
8.6688636447883, 14.231834598207413, 42.71230154167889, 90.97229162957896, 0.5727014514178126, 0.16212593038967435
1.4739675651749131, 5.463123678923734, 36.316448248714636, 67.4532622468821, 0.35393059871869076, 0.15299028880905144
10.289367248775891, 7.323769046168126, 13.481659028501841, 138.9445299522208, 0.6743696512671556, 0.689010569980972
18.133927157635043, 8.748248791300496, 16.74397091316985, 53.63490401100112, 0.1951762770228835, 0.692291659751947
19.767736625178838, 19.417196992975803, 23.23088229960564, 78.5642250603577, 0.37591415520052707, 0.43116256272934983
4.24076173129794, 5.82859033906591, 34.67999557185982, 92.42220068556676, 0.992611881380498, 0.07881534810724301
3.5068303145477695, 8.003778794409758, 41.84445726953713, 110.79082206180968, 0.544121360620171, 0.8344281180863058
7.91765942725907, 9.011431895213427, 43.10284437607726, 95.97794354377652, 0.11397455083429395, 0.3100482983622667
2.173914638824238, 8.822957715412112, 32.66544796272497, 129.76998170675301, 0.1131483725803346, 0.6565183070590926
6.376568229914163, 6.428541060969296, 14.182574759716346, 122.24274212647438, 0.2211450149817977, 0.022621102211594468
10.769036212767825, 17.687933704514805, 31.672750299737164, 73.544837667242, 0.8515853044235079, 0.1970438345373766
5.052423457610775, 5.116777394593279, 27.028381034124767, 67.30839683285076, 0.13019595188801011, 0.5659329701043522
8.8886530617488, 17.029794273506, 37.93266002236109, 54.89143299330929, 0.07895995993212868, 0.024768887357485468
12.141816476941397, 19.295559437254994, 39.18535068637144, 90.57327923432396, 0.3603428472549888, 0.07747335278160525
5.915239937282699, 6.828231797810453, 20.45834478428883, 113.37332204069885, 0.2103579721376938, 0.2615388618195203
7.373398784605441, 8.261063527717791, 20.939443192082777, 93.44318432181413, 0.4212931272583315, 0.8633310243608369
18.836324060342918, 9.49549213101826, 47.97627026802661, 144.8855688063942, 0.6055018751762882, 0.10652205552334712
17.63031969568575, 7.7107795861210695, 27.266990133768488, 61.37931314299433, 0.6208519499571076, 0.9538578063296357
2.118188056189556, 17.860831076141434, 40.89588803924123, 141.30561241989312, 0.5046865019726484, 0.33062912670447414
2.7615549163814577, 10.292209159789437, 31.56995523409762, 76.4900698290007, 0.4319684238620882, 0.7906847133585575
14.776603672458606, 4.067411171446889, 44.96381117455188, 126.59935217230893, 0.3192334694275863, 0.7996498257453772
14.357364627666893, 19.609559282171887, 40.47445450511598, 111.35338240999408, 0.076211948702645, 0.16585402957689696
5.719087803992274, 3.512753579160834, 31.970477372330027, 80.08250008716553, 0.16514307287752672, 0.6249107441653438
14.863301468958031, 8.350020030823785, 43.50415653754671, 122.00305415913654, 0.20644491403497955, 0.5174642372867579
7.588430303604956, 3.669778903483934, 32.04207021229338, 134.1824476930537, 0.4203545389124543, 0.6162103977503737
15.743946594553542, 3.045417164639056, 11.214400054712584, 81.80461989860636, 0.2742572822335659, 0.1835151552551891
16.840760300760156, 8.495464791773285, 45.014771268902976, 143.86588081132942, 0.21161679696030816, 0.5280479938159215
18.420733325968484, 11.459719930178556, 11.820716291188184, 51.76924425216134, 0.5022160860395242, 0.6717173070556028
16.01244753781028, 3.474069321914161, 29.53215397092823, 107.78157711121344, 0.6157801439354377, 0.40063344203858103
3.0404590386411203, 16.928951952947976, 45.33074789024397, 111.73350969140091, 0.9258112334656219, 0.9135340372293513
17.087198451184715, 5.679602675530672, 27.925903554486954, 101.01546267182957, 0.9915903536806644, 0.2661597114200023
11.839781331940163, 13.168173986320927, 49.16457469977945, 140.11906877107774, 0.7450031887914677, 0.8046095117511196
7.473410038414955, 12.243098312362205, 35.10423559576451, 76.15636527138432, 0.11149564585100814, 0.04072325789010697
15.576342741071118, 3.69622761311913, 37.59731180633818, 96.55002239867622, 0.19526331865535246, 0.6765175445404734
6.187826841523107, 15.449716512658757, 42.94877086815012, 59.233675932222525, 0.7302340853623082, 0.5192862740393361
13.309248996368174, 4.955734440104344, 38.983051041113555, 114.11843504275991, 0.7219385677577318, 0.7335121251038106
14.597266207733924, 18.838063160774198, 31.495590443100827, 136.47333173824774, 0.7973521226509549, 0.9883119468243848
1.9014569500619416, 11.35999320437829, 22.276292465868504, 136.09845096387872, 0.172968947262579, 0.43182354832475217
13.237130914849034, 10.868886408036733, 11.356046651288466, 122.14303689028169, 0.08558599279943863, 0.5113217251159443
19.490369842677598, 12.27779053359512, 10.45296200634203, 54.3477845848262, 0.21344880198541946, 0.992059902584904
19.333028174495986, 10.498722169650996, 36.124373007709195, 84.7511619911433, 0.9742731386739514, 0.21767297503664623
15.236937591381905, 5.317690530151935, 48.57318754258559, 63.61005107735114, 0.3795131979113274, 0.566739006222551
78,99.0,100
54,100.0,100
66,66.0,74
