$min_samples_split,$min_samples_leaf,$max_features,$max_depth,$threshold,<<pd,>>pf,<<prec
13.378927677751276, 16.65657996505664, 0.36850467738143655, 10.440610797480293, 0.16514603977546494
15.672324095565344, 8.223532796514395, 0.5123217371679545, 15.551455899677661, 0.6177369699205111
14.971294337755863, 5.9824244955555015, 0.6568898337617333, 48.56441599629851, 0.3574511972384259
3.084386136147166, 9.69253296482366, 0.5930790680834919, 48.03737390591822, 0.8454606055443601
10.619132480830839, 16.23195478905172, 0.1866336951464617, 27.202058197424993, 0.577815552647274
18.167861586184557, 12.07646656827938, 0.9269740425918177, 5.617226453758987, 0.6406712733666341
5.11126798068696, 13.100177711221932, 0.5444694718350208, 16.852239368204216, 0.213132329686048
14.921881862069922, 13.864016450415917, 0.36541367543495396, 29.444398170540456, 0.2832048485250538
6.692167071580763, 1.2057931661975454, 0.09644289204797081, 2.836582383996935, 0.6705769597674142
4.950887882979631, 12.743923280784829, 0.3680883935097059, 14.210931086442471, 0.2909423979799267
3.661750989271104, 17.72784338255913, 0.9571349971426664, 26.435156451924488, 0.7606539200184104
9.978492462062318, 1.171440223834833, 0.9142212387828542, 21.59793731028222, 0.754714523042542
11.723698559902694, 11.650273963154847, 0.4582847578534665, 35.29770581641717, 0.5299173725026255
18.687321144597007, 10.615840293687583, 0.5706419017944572, 12.209512837051557, 0.7128033391688247
19.4204077525965, 10.6961107547738, 0.23656654196930083, 13.134006115876312, 0.6758239308404035
18.344659569172656, 13.31565187578922, 0.5518614037701639, 40.128311276313454, 0.8393469745590861
5.052483685942493, 3.1867394064541243, 0.5176846118166198, 3.7090558454710214, 0.675549638612303
14.234069579937483, 15.253555482268697, 0.6605395305573596, 5.006760409781125, 0.9254136728464756
9.954956780711068, 3.0051087455391925, 0.8005464078978405, 49.81565686474829, 0.5109732717505048
17.879265172569433, 6.956889868912971, 0.21676126096455747, 7.766550503764454, 0.8721070104650023
11.403264718954812, 4.962295494266366, 0.3331110776915121, 29.175979512472082, 0.8428872354206881
4.207356158678026, 2.227427168912201, 0.95030536445429, 1.4261177994255456, 0.13231014739252012
13.555087957731264, 2.9909160089999585, 0.34883899205898816, 33.4698653305728, 0.09464820835365773
17.696526955622765, 5.3550845641294815, 0.5153199284559371, 13.586383879924297, 0.617997035543364
3.0121383845013234, 17.99678178100428, 0.9527694285852658, 37.04115443788514, 0.6750228337352724
14.599918853988257, 9.056279351763385, 0.2135175608629668, 26.918645852756836, 0.728872279742634
14.475516504532154, 17.79575240843262, 0.26439208886488136, 18.300040108237468, 0.02388539182659677
14.966840304999378, 2.492137104981594, 0.4197867095720682, 2.865890733350721, 0.3933964060959435
12.211881237253664, 2.2586532791318543, 0.26661756763700684, 10.473486954910154, 0.4197185262598535
16.157887825651937, 18.103379585904463, 0.9265139545686361, 11.629041770387316, 0.24739979196539452
10.413778428350565, 5.755852260033065, 0.7317551899246852, 30.033616845468096, 0.863396031164524
8.081769274879228, 6.219837296677417, 0.5600598534750862, 33.17153932880061, 0.5197491227745379
4.58878942412275, 16.100762658871272, 0.024242307903868707, 24.178902120109015, 0.9392596123640249
16.284834885486454, 8.046495255783261, 0.6384535727313315, 22.87427960514409, 0.496477752698958
16.852432886747764, 12.98885909368605, 0.403986417550445, 27.546691922231474, 0.8878714688915303
12.625466468533416, 18.212870496480416, 0.057518521382139254, 7.746471896185595, 0.19276591682796163
10.316213471088483, 8.309748812700946, 0.9395952981998557, 28.82223658884024, 0.8344703574851715
16.379658009558433, 10.842938317879236, 0.45040949744024994, 39.4678728005978, 0.6671936480178677
19.46570568192632, 6.419545393042785, 0.5000626658595472, 31.021871831824107, 0.5006119328840428
14.235430773626954, 2.322703624467085, 0.4114377622697225, 24.354998044324795, 0.10394442245253477
10.108577365166717, 14.933515820749797, 0.7546364243549227, 7.8305995756326485, 0.06161932965605876
11.728310206991102, 7.827101806383641, 0.3402879381660181, 13.226761310820784, 0.9343160300054194
4.188521695705864, 16.454118541482217, 0.5453561108135598, 14.612064068868241, 0.7660028959785884
11.82503158532811, 19.173866116627714, 0.5446866171845225, 27.65535835168342, 0.5441620078150673
6.052441316910261, 17.656068774421094, 0.03397659687639583, 9.329101505303653, 0.0488772986123408
9.604734228761316, 19.261988924628056, 0.545859715599772, 1.5310388401162056, 0.3036286508633548
11.177159193892642, 12.448970086166769, 0.7795464956187194, 3.6562946030377708, 0.5717832702436737
5.337024628050684, 5.575745022839005, 0.09067595101279376, 1.8575319660445515, 0.08950862910444879
2.582944871701676, 11.336166593155609, 0.6352561020504557, 26.740515518132472, 0.48542664418513026
8.901225413926763, 17.304169548784238, 0.4025332871189009, 20.5163593090649, 0.30661342538387093
8.200760705710518, 17.160797074691914, 0.21436227355150092, 5.757518792114328, 0.6593673113948213
13.603611027358868, 4.618647430358957, 0.8583159205899452, 3.518225279589146, 0.9459587725727581
13.311121672002605, 7.5916056291175575, 0.3858598726656233, 14.076006085572914, 0.3364090556683824
5.479494450326872, 4.062946602901038, 0.1761067322728719, 45.86737485978724, 0.5352179026663743
12.353863120759437, 13.865854374873495, 0.5681164411455811, 39.445856684107916, 0.5450977167366905
8.58723447612884, 16.189957667510612, 0.8730222965018674, 8.266486879762432, 0.3802086336226046
15.898611916699345, 18.844690971501976, 0.7755673091097727, 9.83269494018843, 0.3086856507838036
3.0722349133702527, 12.408580486469008, 0.4765563994241507, 1.2456136580954613, 0.11807947354484816
8.744825619417924, 11.51503242779607, 0.5071274483550949, 12.21329982738487, 0.5664252804164102
12.591774445706108, 14.3787874099144, 0.49155296935330234, 43.19884863639821, 0.2019123363515236
8.384814826511139, 12.161666216526593, 0.11806983230129578, 29.492447485320618, 0.44512563119291004
15.038917699308316, 15.137677241906133, 0.32808392438448336, 36.96261170796417, 0.6081297781460707
17.582542123651955, 17.034542113431403, 0.6393874251300191, 43.687700901468965, 0.6341877477376228
4.6888601481424, 16.555884569593637, 0.058619703196911926, 48.68757019225764, 0.014097808720534344
13.193797152323787, 10.81103905344274, 0.5523851348263663, 23.352566629425, 0.32245613253999506
12.860379052204724, 2.8185053559784, 0.9049329486716539, 36.68905989190757, 0.10031393784564191
9.053306896340718, 10.564855374936013, 0.016982505192228037, 2.6878614597751467, 0.8590827227984292
9.288180370282943, 11.183199382183492, 0.03146001782978338, 43.26457346040587, 0.881518718679921
16.480710766728997, 15.811914715467598, 0.12131732205502464, 31.788349469132893, 0.4012674856352846
9.660887584632128, 11.32558292301595, 0.22565586752581096, 39.36199071081171, 0.1445630079546415
16.119211946337465, 16.34254508396106, 0.35265066925234656, 33.31685905395428, 0.2866173179798247
15.217830577731057, 5.601743560016836, 0.7116863151442674, 41.08193403426522, 0.8953778728291856
11.822617693724903, 12.730150784773974, 0.11945066879042018, 24.56037981976456, 0.16719070767860922
11.262467044071993, 11.970693752091396, 0.5911871458921125, 37.020132940190614, 0.585064091317142
8.844082810604409, 13.11594620103305, 0.9467027993231405, 23.42447483944099, 0.7077557810507042
14.694790446133178, 15.10734433423064, 0.9899500509151393, 12.638446034786663, 0.28917021726778647
14.617873324246732, 7.942951593655813, 0.9238662640501498, 42.18609981955062, 0.7622220561828086
5.217268782905511, 18.87710717819615, 0.7322082640872154, 33.47637074651429, 0.9187105975326582
12.009672197431271, 4.533726594590014, 0.6899462048881553, 32.04859740734437, 0.17284885238114267
14.432610327114691, 12.491657433575801, 0.19732972333900523, 10.412375065227861, 0.2183986579467081
5.236912307622873, 19.29780082538298, 0.10391759819045292, 41.550043128441104, 0.2837631950113645
8.49787143411406, 3.768166026314545, 0.24640787440485828, 46.10581799864219, 0.1320714274184459
6.095035772869132, 10.517626359610013, 0.6687073298030667, 7.596195938334639, 0.458867809774253
18.402916721061494, 3.507997775022913, 0.01221323763713653, 19.14040135878081, 0.3046192368022981
9.488541007277632, 8.725265605278059, 0.6837948897874789, 17.7400911047309, 0.09376116844559057
12.398060087050872, 9.751214394844183, 0.1054546314130276, 35.34381325524937, 0.6660259210870135
3.776906980757932, 11.755184534109754, 0.2823755212067616, 47.00934888200631, 0.01946835304996919
18.991135790104135, 9.369525445233524, 0.04506805010791365, 10.08125406290377, 0.6893842740346174
17.780069878918, 8.781736333198666, 0.16695615595985971, 29.435750424882222, 0.1643469112397471
2.721605444554129, 13.27966851863168, 0.6597377411991789, 32.059408070358266, 0.607755104494967
9.666564556319697, 9.355694043044611, 0.3343354759672481, 31.981604340494215, 0.7155237770212393
10.663779553597804, 1.8575585703418138, 0.34507243383282665, 20.42782633561964, 0.5130645762411453
14.103116144371452, 16.00909519278679, 0.10278209580377047, 47.672868589266066, 0.21233485321863588
6.544315040117544, 6.252670391889842, 0.09706861220144677, 40.26983824119599, 0.10652691603691622
2.7681315428003077, 13.138749261313198, 0.6769826797015819, 22.42001921887511, 0.38856667576589576
5.663848494428718, 14.03540273389059, 0.8631665397036306, 37.76718599029949, 0.522370264870739
19.015715716369, 19.275198580110587, 0.4354842776465513, 31.36616009053886, 0.1077656910012188
8.318759640157968, 6.413630057785902, 0.8908387022051263, 29.83436893732851, 0.40166634239596777
7.7361555256091705, 1.0914978517233638, 0.5234570312105428, 46.322362045167054, 0.5267703543297333
10.782108554991412, 15.901014407300273, 0.3320972445094337, 21.10467990398278, 0.16946361374036734
1,20.0,100
0,10.0,100
48,65.0,90
