$min_samples_split,$min_samples_leaf,$max_features,$threshold,<<pd,>>pf,<<prec
19.068681345266505, 6.712277549952912, 0.9329464958747592, 0.27907235338096936
12.330497271208355, 12.794802838450176, 0.43811084364963554, 0.6076615551418658
18.298997464968775, 4.1894140652998715, 0.8740613127885231, 0.6058273551594577
2.537592672881779, 9.505513368900344, 0.8530520131699146, 0.638734355635645
18.186541592038722, 8.711213629704293, 0.1403032968422348, 0.12333557074957069
18.494188608044436, 17.641714307800548, 0.9946733266094749, 0.5791180233216559
16.844276320101088, 7.577943749211235, 0.7626377903647704, 0.7502942358352438
14.601237269166628, 3.9360046819093704, 0.7830546392313003, 0.0970386858882627
4.649723281156067, 13.680775442610976, 0.1253625968258601, 0.8391059032627182
8.867703246092912, 2.155321476562655, 0.2562805010063307, 0.6791628344662607
17.97833864342143, 16.59954764370894, 0.2275255047584354, 0.28876928588038286
7.574166496884659, 6.547491186039677, 0.83203895532963, 0.5541435158807304
7.2265865633312085, 17.335394713499756, 0.10541166949860609, 0.8916872800754262
19.82852183401438, 2.1572052245707756, 0.3352653326948428, 0.05611857795099939
4.2133424488461415, 17.79862222187395, 0.030103645367359724, 0.04942084819965131
18.688337162942094, 11.45625882828542, 0.7662791045467203, 0.38541180897462646
8.18021702726941, 13.263774092405367, 0.6396955248880798, 0.5002939770515192
2.5307016252690966, 8.75594753880495, 0.7413587060405269, 0.24580008575013168
8.049055820738312, 7.717542456030739, 0.08453164749070327, 0.06549421900863295
8.321511897146863, 8.874658031699067, 0.0869654543319729, 0.14757912781477245
8.599269881124723, 7.615931296037374, 0.6264872213202433, 0.39168824628069254
12.661702972404923, 12.680024938473876, 0.14097982070634157, 0.9608873356319114
15.563332169317158, 15.715047270169617, 0.19571497053631834, 0.89621515709528
9.847645444297338, 17.997871624568383, 0.5502597465287102, 0.7631690512002612
10.969558171948115, 2.256019700291842, 0.552798153132962, 0.41166429134015126
19.465856739487776, 16.041794940964152, 0.17728648944792558, 0.7103345108324551
14.806251777990749, 4.207043531655643, 0.9293124098008614, 0.6035911291397716
16.789241288297255, 3.1253776526697896, 0.5582721673107391, 0.9595610920011719
8.677567587746038, 4.599585066188367, 0.989438663309974, 0.5875540493689895
2.230983361273096, 16.37964617740498, 0.5885394475760796, 0.44124368968346506
15.383154134210494, 6.143702358519881, 0.8160863887208227, 0.9416315485557972
6.685904702524187, 14.892155833945653, 0.9351186369703073, 0.7631651889962916
5.763466435787186, 1.2647538314278264, 0.25449689393883107, 0.8995842313688442
8.871750387493066, 4.814464132141708, 0.10606142266130295, 0.762783994708949
4.6575083309473735, 9.264916824316654, 0.6246146227979058, 0.6576623416992702
4.609320424459316, 10.814707029244468, 0.07135824248974562, 0.304371705834392
7.663285580692733, 11.606552238445161, 0.4290978152178166, 0.7337924071364641
2.5690595383858543, 12.883325678642223, 0.24085069799448805, 0.8991098351043296
9.905896176841093, 5.948376606737741, 0.8785501430336842, 0.2796981902904725
16.78238877260278, 1.3175249956835104, 0.9303242055117592, 0.3661025768576358
19.461864882596785, 14.207248654594661, 0.08174229317010004, 0.06786197011803141
7.943491610876153, 14.976541271001201, 0.17535078009640076, 0.10004790049582402
11.91537849185339, 1.731228455826772, 0.03969965366770587, 0.5868097449592121
15.17360191497446, 18.418111218534943, 0.22792784156091703, 0.7827302266515576
12.672381169469482, 10.240990474644038, 0.608842244469325, 0.0167918538699785
10.715057854620412, 8.501910668049433, 0.8233364000284177, 0.7693490409903139
16.382306616836985, 3.360483660839349, 0.8839510722784891, 0.9267022415236597
2.725885025960813, 15.22648585673292, 0.7411515765779182, 0.3487259666308691
9.466448947113882, 19.553367527270375, 0.2527801834317529, 0.07063934054543608
18.60937856178978, 5.584290234236736, 0.0470436863552029, 0.32189719077996615
9.084397611895525, 16.344818918512473, 0.6948616777399982, 0.8971606489144878
14.218039137672847, 19.01808929842459, 0.3050133706728017, 0.10598784411325013
12.211566596805913, 17.753980910872144, 0.04545763128872719, 0.298997819428678
9.379041831889838, 14.13879727481796, 0.6015997338117036, 0.9662962158168701
14.888232334893914, 6.84554421939937, 0.18352260806986553, 0.8821573033709963
19.773710623710265, 4.2515336778755515, 0.757799916899216, 0.25917664745659486
9.783008577052115, 18.984358610957553, 0.6464675576768226, 0.4026553193963396
5.3734996857007316, 12.840659395985536, 0.21297132504937802, 0.8251212355258397
8.804265117241796, 10.87734630035839, 0.12987531832465893, 0.7135809985195808
3.496070369137821, 4.7214455372219355, 0.08249392051703887, 0.42074200085472435
18.149427388555235, 6.098844732259786, 0.3477127781125334, 0.5108317440848342
3.5848179630730956, 4.35194382223012, 0.3216956529416842, 0.7311772702517388
9.145963918830553, 6.303553538431608, 0.09049145775472897, 0.5884272185258824
5.237636876049451, 1.978713494915128, 0.3977864448543896, 0.9180167291748837
11.450968292990762, 8.881498059664086, 0.662577029958425, 0.8674374928426252
3.3847971190178487, 11.149651960316646, 0.35391076869774457, 0.6627657047627151
16.7374091997264, 9.157420851139875, 0.8051446104465692, 0.153022876374326
11.158981170232241, 19.60365918170216, 0.6746403563731388, 0.4591774097391199
7.495525782677294, 3.0217950532643076, 0.5231507008144997, 0.5251946296389038
11.182564968083652, 1.2406313626794243, 0.02355809977797648, 0.20790151516610722
10.629739602344042, 9.529447239944023, 0.8768895646957677, 0.6137014987273947
9.468592470578706, 8.893621453654536, 0.28372247498087966, 0.05639144924782713
19.308259954880594, 12.637612072251692, 0.4042896556566083, 0.3798620611813379
4.420001230027307, 9.745901584890804, 0.23139925080754076, 0.937201139906148
13.555011824630025, 18.656811172072505, 0.2570127835475277, 0.5495207777932553
17.60247292222933, 17.05870646589624, 0.24086007199016662, 0.37025294982444046
16.502995799857704, 4.200731747885776, 0.5765706804311022, 0.8882668442232695
6.5871105359665245, 17.935663598097925, 0.3214516581953664, 0.3448367773169527
9.40323860055697, 16.687881662860157, 0.06404555329638553, 0.945562204989769
15.946249740807026, 17.966207703580203, 0.16916224754216103, 0.7601765776589137
5.484943228807296, 8.460392520114834, 0.8341619976175904, 0.9015794680289009
8.73325186227857, 13.240822005455275, 0.5073912848212961, 0.14807652665473647
10.620188373961712, 13.565562940074154, 0.6604941413559178, 0.37953029211371514
11.484886298981692, 5.791066082970467, 0.7777771250338923, 0.8671655235512052
19.597774901550032, 2.165596782049484, 0.09211318454711123, 0.848310119817277
17.68096192205817, 18.618774843650964, 0.34349008170937473, 0.8039790744223712
9.091380267510852, 13.795739477301725, 0.994232070427315, 0.9253612866090621
14.82987586595279, 19.20390576721198, 0.4271568151568682, 0.7699767106772456
19.93634132052637, 3.9635630600260643, 0.8080595513123076, 0.5291367269688226
2.120013384442391, 6.059031637109251, 0.9396948749092975, 0.23690103678878538
13.968896872112913, 6.493538059233235, 0.4637234415644103, 0.5254928387107682
6.348617466755021, 13.025391886002735, 0.6710477188798168, 0.027653761676068256
3.4773640523091007, 8.781532462715221, 0.4704141154462378, 0.15309213111008413
9.326063739056593, 4.466779816633659, 0.8112357362844521, 0.42388560258419905
3.424526502635432, 14.991400096335838, 0.5221949915039243, 0.6512336656452291
4.11842292767903, 19.278784711278586, 0.3519510651580681, 0.9826226664492371
14.364462271989403, 15.95203387041887, 0.7037748624518361, 0.5122323563103575
14.610285568009118, 5.168472447821345, 0.31286946226958184, 0.5254717429262593
18.677191078486246, 4.413278387891576, 0.2785199393353018, 0.7399885371591459
7.753656063083691, 17.154855897065165, 0.19289955036433773, 0.8231509106518481
0,23.0,93
0,18.0,89
5,19.0,85
